2563	1678
2565	1681
2566	1685
2566	1688
2567	1692
2568	1695
2571	1702
2575	1705
2578	1709
2578	1712
2577	1716
2577	1719
2578	1723
2580	1726
2580	1730
2580	1733
2581	1737
2582	1740
2582	1744
2581	1747
2582	1751
2583	1754
2583	1758
2583	1761
2583	1764
2583	1768
2585	1771
2585	1775
2585	1778
2584	1782
2585	1785
2586	1789
2586	1792
2585	1796
2585	1799
2585	1803
2584	1806
2583	1810
2584	1813
2586	1817
2587	1820
2587	1824
2586	1827
2586	1831
2589	1834
2590	1838
2589	1841
2589	1845
2588	1848
2589	1852
2590	1855
2590	1859
2591	1862
2591	1866
2590	1869
2590	1873
2589	1876
2589	1880
2591	1883
2592	1887
2592	1890
2591	1894
2591	1897
2591	1901
2592	1904
2594	1908
2594	1912
2595	1915
2594	1919
2594	1922
2595	1926
2596	1929
2596	1933
2597	1936
2598	1940
2598	1943
2597	1947
2597	1950
2598	1954
2601	1958
2600	1961
2601	1965
2602	1969
2602	1972
2604	1976
2605	1979
2605	1983
2605	1987
2604	1990
2604	1994
2604	1997
2603	2001
2605	2004
2605	2008
2606	2011
2604	2015
2603	2018
2605	2022
2606	2026
2607	2029
2607	2033
2606	2036
2606	2040
2606	2043
2607	2047
2608	2051
2610	2055
2611	2058
2612	2062
2611	2066
2613	2069
2613	2073
2614	2077
2614	2080
2614	2084
2612	2087
2612	2091
2611	2094
2612	2098
2612	2101
2612	2105
2614	2109
2614	2113
2615	2116
2615	2120
2615	2123
2615	2127
2612	2130
2611	2134
2610	2137
2614	2141
2616	2145
2614	2149
2614	2152
2614	2156
2615	2160
2615	2163
2614	2167
2614	2170
2615	2174
2614	2178
2615	2181
2615	2185
2616	2189
2616	2192
2616	2196
2617	2200
2618	2204
2618	2207
2617	2211
2618	2215
2618	2218
2618	2222
2618	2226
2619	2229
2619	2233
2620	2237
2623	2241
2625	2245
2626	2249
2627	2253
2629	2257
2629	2261
2630	2265
2630	2269
2631	2272
2634	2277
2635	2281
2636	2285
2636	2288
2634	2292
2634	2295
2635	2299
2635	2303
2636	2307
2636	2311
2636	2314
2638	2318
2640	2323
2640	2326
2640	2330
2641	2334
2641	2338
2641	2342
2641	2345
2641	2349
2639	2352
2639	2356
2639	2360
2640	2364
2642	2368
2642	2372
2642	2376
2641	2379
2641	2383
2640	2387
2640	2390
2640	2394
2641	2398
2642	2402
2642	2406
2642	2410
2642	2413
2642	2417
2643	2421
2643	2425
2642	2429
2641	2432
2641	2436
2641	2440
2642	2444
2642	2448
2643	2452
2645	2456
2645	2460
2645	2464
2646	2468
2647	2472
2647	2476
2647	2480
2645	2483
2645	2487
2645	2491
2644	2494
2644	2498
2645	2502
2647	2507
2646	2511
2646	2515
2646	2518
2647	2522
2647	2526
2647	2530
2647	2534
2647	2538
2646	2542
2647	2546
2647	2550
2647	2554
2648	2558
2648	2562
2648	2566
2648	2570
2650	2574
2650	2578
2650	2582
2649	2586
2649	2590
2649	2594
2651	2598
2650	2602
2649	2605
2649	2609
2647	2613
2648	2617
2647	2621
2646	2624
2646	2628
2647	2633
2647	2636
2646	2640
2646	2644
2645	2648
2644	2652
2644	2655
2643	2659
2643	2663
2644	2667
2645	2672
2645	2676
2647	2680
2647	2685
2647	2689
2649	2693
2648	2697
2648	2701
2647	2705
2647	2709
2647	2713
2647	2717
2648	2721
2647	2725
2647	2729
2646	2733
2646	2737
2647	2741
2647	2745
2647	2750
2649	2754
2648	2758
2648	2762
2647	2766
2648	2770
2648	2775
2648	2779
2646	2782
2647	2786
2646	2790
2647	2795
2646	2799
2646	2803
2646	2807
2647	2811
2648	2816
2647	2820
2647	2824
2646	2828
2646	2832
2643	2835
2644	2839
2646	2844
2646	2849
2646	2853
2645	2856
2643	2860
2643	2864
2642	2868
2642	2872
2643	2877
2643	2881
2644	2886
2644	2890
2643	2894
2643	2898
2643	2902
2644	2907
2644	2911
2644	2915
2644	2920
2644	2924
2643	2928
2642	2932
2642	2936
2641	2940
2640	2944
2639	2948
2640	2952
2641	2957
2640	2961
2638	2964
2639	2969
2640	2974
2640	2978
2640	2983
2641	2987
2641	2991
2639	2995
2641	3000
2644	3006
2646	3011
2645	3015
2644	3019
2644	3024
2644	3028
2642	3032
2640	3035
2639	3039
2639	3043
2641	3049
2641	3053
2642	3058
2641	3062
2641	3066
2640	3071
2641	3076
2643	3081
2644	3086
2643	3090
2643	3094
2643	3099
2644	3104
2643	3108
2642	3112
2641	3116
2642	3121
2643	3126
2639	3128
2615	3120
2590	3111
2578	3110
2575	3112
2571	3115
2568	3118
2567	3122
2566	3125
2565	3129
2567	3135
2572	3142
2636	3182
2642	3190
2640	3193
2640	3198
2643	3204
2644	3209
2643	3213
2641	3217
2640	3221
2642	3227
2641	3231
2639	3234
2637	3238
2637	3243
2637	3248
2637	3252
2634	3255
2632	3259
2630	3263
2633	3269
2632	3273
2633	3278
2633	3283
2633	3288
2633	3292
2632	3297
2633	3302
2632	3307
2631	3311
2631	3315
2630	3320
2630	3324
2630	3329
2632	3335
2631	3340
2631	3345
2630	3349
2630	3353
2631	3359
2632	3365
2632	3369
2630	3373
2630	3378
2629	3382
2629	3387
2627	3391
2627	3396
2627	3401
2628	3407
2627	3411
2626	3415
2626	3420
2626	3425
2625	3430
2626	3435
2625	3439
2625	3444
2624	3449
2622	3453
2622	3457
2621	3462
2620	3466
2619	3471
2623	3478
2623	3483
2622	3488
2622	3493
2621	3498
2621	3502
2621	3507
2621	3513
2620	3517
2621	3523
2621	3528
2620	3533
2620	3537
2618	3542
2617	3546
2620	3553
2620	3558
2620	3564
2618	3568
2617	3572
2617	3578
2617	3582
2614	3586
2612	3590
2612	3595
2612	3600
2613	3606
2614	3612
2614	3617
2613	3622
2614	3628
2614	3634
2613	3638
2612	3642
2611	3647
2610	3652
2610	3657
2609	3662
2607	3666
2606	3671
2606	3676
2605	3680
2603	3685
2603	3690
2602	3695
2602	3700
2602	3706
2603	3712
2601	3716
2600	3720
2599	3725
2597	3730
2596	3735
2596	3740
2595	3745
2593	3749
2593	3754
2592	3759
2591	3763
2592	3770
2591	3775
2589	3779
2589	3785
2590	3791
2591	3797
2589	3802
2589	3807
2588	3812
2586	3816
2585	3821
2584	3826
2584	3832
2584	3838
2578	3839
2574	3841
2570	3844
2568	3848
2566	3852
2565	3856
2563	3860
2561	3865
2559	3869
2557	3873
2555	3877
2555	3883
2554	3888
2553	3893
2554	3900
2561	3912
2575	3930
2576	3936
2576	3942
2576	3948
2574	3953
2573	3957
2571	3962
2570	3967
2568	3972
2568	3977
2567	3982
2565	3987
2564	3992
2565	3999
2565	4005
2564	4010
2563	4016
2563	4022
2561	4026
2558	4029
2555	4033
2554	4038
2552	4043
2550	4047
2548	4052
2548	4058
2546	4062
2545	4067
2543	4072
2542	4077
2542	4084
2541	4089
2541	4095
2542	4102
2539	4106
2536	4110
2533	4113
2533	4119
2532	4125
2532	4131
2530	4136
2528	4140
2526	4145
2524	4149
2521	4153
2523	4161
2523	4167
2523	4174
2523	4181
2522	4186
2523	4194
2283	3974
2278	3976
2274	3977
2271	3980
2269	3984
2267	3989
2266	3993
2263	3997
2263	4003
2262	4007
2260	4012
2500	4257
2491	4255
2488	4259
2487	4264
2485	4269
2483	4274
2482	4280
2480	4285
2477	4288
2475	4293
2473	4298
2475	4307
2472	4311
2469	4315
2467	4319
2465	4324
2463	4328
2461	4333
2460	4339
2458	4344
2456	4349
2452	4352
2450	4357
2448	4361
2447	4368
2446	4373
2444	4379
2442	4383
2440	4388
2438	4394
2436	4398
2433	4402
2431	4406
2428	4411
2427	4417
2425	4421
2422	4426
2419	4430
2417	4434
2415	4440
2414	4446
2415	4454
2414	4460
2411	4464
2408	4468
2405	4472
2403	4477
2401	4482
2398	4486
2396	4491
2394	4497
2393	4502
2390	4507
2387	4511
2384	4514
2380	4517
2376	4521
2372	4523
2367	4525
2364	4529
2361	4533
2359	4538
2356	4542
2353	4546
2350	4551
2348	4556
2347	4561
2344	4565
2339	4568
2335	4571
2332	4575
2331	4581
2328	4585
2326	4590
2325	4597
2323	4602
2320	4607
2316	4610
2314	4615
2311	4618
2307	4622
2302	4624
2299	4627
2296	4632
2293	4636
2292	4642
2289	4646
2286	4651
2283	4655
2280	4659
2276	4663
2274	4667
2271	4672
2268	4676
2264	4680
2261	4683
2258	4687
2255	4692
2252	4696
2249	4699
2248	4706
2245	4711
2242	4715
2238	4718
2233	4720
2230	4724
2227	4729
2225	4734
2222	4739
2217	4741
2213	4743
2210	4748
2208	4753
2205	4757
2202	4762
2198	4764
2193	4766
2191	4772
2188	4777
2186	4782
2182	4785
2179	4789
2175	4793
2172	4797
2169	4802
2166	4806
2163	4810
2162	4817
2161	4824
2160	4832
2159	4840
2156	4844
2152	4847
2150	4853
2147	4858
2144	4862
2140	4865
2136	4868
2131	4870
2128	4874
2124	4878
2119	4880
2114	4880
2110	4884
2107	4888
2105	4895
2101	4898
2097	4901
2093	4904
2089	4907
2084	4909
2080	4912
2077	4917
2072	4919
2067	4920
2062	4922
2058	4925
2053	4927
2049	4929
2044	4931
2040	4933
2035	4935
2030	4938
2026	4941
2022	4943
2017	4945
2013	4948
2009	4952
2005	4954
2001	4957
1996	4959
1991	4961
1986	4962
1981	4964
1976	4965
1971	4967
1966	4969
1962	4971
1958	4974
1954	4978
1950	4981
1946	4984
1943	4988
1939	4992
1936	4996
1932	5000
1929	5005
1925	5008
1921	5011
1917	5014
1913	5017
1908	5020
1904	5022
1899	5024
1894	5026
1890	5028
1887	5032
1883	5037
1879	5040
1875	5043
1871	5045
1866	5048
1862	5050
1855	5049
1851	5053
1848	5056
1844	5059
1839	5062
1835	5065
1831	5069
1827	5071
1823	5074
1819	5077
1814	5079
1809	5080
1804	5083
1801	5087
1796	5089
1791	5091
1788	5095
1784	5098
1780	5101
1776	5105
1771	5106
1767	5109
1763	5112
1759	5115
1754	5118
1750	5120
1745	5122
1741	5126
1737	5128
1732	5130
1728	5133
1725	5139
1720	5140
1715	5142
1711	5144
1706	5147
1703	5152
1698	5154
1694	5156
1688	5155
1682	5154
1676	5155
1672	5158
1668	5161
1664	5165
1660	5168
1655	5170
1651	5172
1647	5175
1642	5178
1638	5180
1633	5182
1627	5182
1623	5185
1617	5185
1612	5186
1608	5189
1604	5191
1598	5192
1593	5193
1591	5200
1587	5203
1582	5205
1577	5207
1573	5209
1568	5211
1564	5214
1559	5216
1554	5217
1549	5218
1544	5220
1540	5223
1536	5225
1531	5227
1527	5230
1521	5231
1515	5230
1511	5232
1506	5234
1501	5236
1496	5237
1491	5238
1486	5239
1480	5239
1476	5241
1471	5243
1467	5245
1462	5247
1457	5249
1453	5252
1448	5253
1443	5255
1438	5256
1433	5257
1429	5260
1425	5264
1420	5265
1416	5268
1411	5269
1406	5270
1402	5273
1397	5275
1392	5277
1388	5279
1383	5282
1379	5285
1374	5286
1368	5286
1364	5288
1359	5289
1355	5292
1350	5295
1346	5299
1342	5302
1337	5303
1332	5305
1328	5307
1322	5307
1318	5309
1313	5311
1309	5314
1304	5317
1299	5317
1294	5318
1289	5319
1284	5321
1281	5326
1276	5329
1271	5330
1266	5331
1261	5332
1256	5333
1251	5334
1246	5335
1242	5338
1237	5339
1232	5340
1227	5340
1222	5342
1217	5344
1213	5347
1208	5350
1204	5352
1199	5354
1194	5355
1189	5356
1184	5357
1180	5360
1175	5361
1170	5363
1165	5365
1160	5366
1155	5367
1150	5368
1145	5369
1140	5370
1135	5370
1131	5373
1126	5375
1121	5376
1116	5377
1111	5379
1107	5382
1103	5385
1097	5386
1093	5387
1088	5389
1082	5388
1077	5387
1071	5386
1066	5387
1061	5388
1056	5389
1051	5390
1046	5392
1042	5394
1038	5398
1033	5401
1028	5402
1024	5404
1019	5405
1014	5407
1009	5408
1004	5410
999	5411
994	5412
990	5415
985	5416
980	5417
975	5418
970	5418
965	5420
960	5422
955	5422
950	5424
945	5425
940	5426
936	5429
931	5429
926	5429
920	5430
915	5431
911	5433
906	5435
902	5439
897	5442
893	5445
888	5444
882	5444
877	5445
873	5447
867	5447
862	5446
856	5445
851	5445
846	5444
840	5443
835	5443
831	5446
826	5449
822	5451
816	5450
811	5450
805	5448
800	5447
795	5447
790	5449
785	5451
781	5454
776	5458
771	5459
766	5459
761	5459
756	5461
751	5461
746	5461
741	5462
736	5462
731	5461
725	5460
720	5461
716	5463
711	5464
705	5462
700	5461
694	5460
689	5459
684	5459
679	5461
674	5463
670	5465
665	5465
659	5462
654	5463
649	5465
644	5466
639	5466
634	5467
630	5470
625	5472
620	5473
615	5474
610	5476
606	5478
601	5478
596	5479
590	5478
585	5478
580	5480
575	5481
570	5479
564	5475
559	5475
554	5475
549	5474
544	5474
539	5475
535	5479
530	5484
525	5483
520	5482
514	5479
509	5478
504	5481
499	5479
494	5477
488	5472
482	5470
478	5472
473	5474
468	5476
463	5477
458	5478
453	5477
448	5478
443	5479
438	5479
433	5479
428	5480
423	5479
418	5479
413	5480
408	5479
403	5478
398	5475
393	5476
388	5476
382	5475
377	5474
372	5474
367	5476
363	5477
357	5475
352	5474
347	5474
342	5476
337	5476
332	5475
327	5473
322	5473
317	5474
312	5476
307	5476
302	5476
297	5475
292	5475
287	5472
282	5468
276	5465
271	5466
266	5465
261	5464
256	5463
251	5463
247	5465
242	5465
237	5465
232	5464
227	5465
222	5466
217	5466
212	5466
207	5466
202	5468
197	5470
192	5472
188	5474
183	5475
178	5476
173	5477
168	5479
163	5479
158	5480
153	5480
148	5481
143	5480
138	5479
133	5480
128	5480
123	5480
118	5481
113	5483
108	5483
104	5483
99	5483
94	5483
89	5484
84	5485
79	5484
74	5483
69	5483
64	5481
59	5480
54	5480
49	5480
44	5479
39	5479
34	5478
29	5480
24	5480
19	5479
14	5479
9	5476
4	5475
-1	5476
-6	5477
-11	5476
-16	5475
-21	5475
-26	5475
-31	5476
-36	5474
-41	5472
-45	5473
-65	5021
-70	5023
-74	5022
-79	5019
-83	5019
-87	5021
-92	5020
-96	5011
-100	5004
-104	5001
-109	5001
-113	4995
-117	4995
-122	4995
-126	4996
-130	5000
-135	5000
-139	5001
-144	5006
-148	5017
-153	5020
-157	5019
-161	5019
-166	5022
-170	5024
-174	5023
-208	5456
-213	5454
-218	5453
-223	5453
-228	5452
-233	5454
-238	5453
-243	5453
-248	5453
-252	5453
-257	5453
-262	5453
-267	5451
-272	5449
-277	5449
-282	5449
-287	5449
-292	5450
-297	5451
-302	5448
-306	5447
-312	5451
-316	5448
-321	5447
-326	5444
-331	5443
-336	5441
-340	5440
-345	5439
-350	5438
-355	5439
-360	5439
-365	5440
-370	5440
-375	5440
-380	5439
-384	5435
-389	5432
-394	5430
-399	5429
-404	5428
-408	5427
-413	5426
-418	5423
-423	5422
-428	5421
-433	5422
-437	5420
-442	5419
-447	5417
-452	5418
-457	5417
-462	5416
-466	5415
-471	5415
-476	5415
-481	5416
-486	5416
-491	5416
-496	5415
-501	5414
-506	5413
-511	5413
-515	5413
-520	5413
-526	5416
-531	5415
-536	5415
-540	5415
-545	5413
-550	5412
-555	5409
-559	5408
-564	5409
-569	5409
-574	5409
-579	5410
-584	5410
-589	5410
-594	5411
-599	5411
-604	5410
-609	5410
-614	5410
-619	5410
-624	5409
-629	5409
-634	5408
-638	5406
-643	5402
-647	5400
-652	5399
-657	5398
-662	5397
-666	5395
-671	5393
-676	5390
-680	5387
-685	5386
-690	5385
-694	5383
-699	5381
-704	5380
-708	5378
-713	5377
-718	5376
-722	5373
-727	5370
-731	5367
-736	5364
-740	5363
-745	5363
-751	5365
-756	5364
-760	5363
-765	5360
-769	5356
-773	5353
-778	5349
-782	5346
-787	5346
-792	5345
-797	5345
-802	5345
-806	5344
-812	5345
-817	5345
-822	5347
-827	5349
-833	5350
-837	5349
-842	5349
-847	5347
-852	5346
-857	5345
-862	5345
-867	5345
-872	5345
-877	5345
-882	5345
-887	5348
-892	5347
-897	5346
-902	5345
-907	5345
-911	5343
-916	5342
-921	5340
-926	5339
-930	5338
-935	5336
-940	5336
-945	5337
-951	5338
-956	5338
-961	5338
-966	5338
-970	5337
-975	5335
-980	5335
-985	5336
-990	5336
-995	5333
-999	5331
-1004	5329
-1008	5326
-1013	5326
-1018	5323
-1022	5320
-1027	5319
-1032	5319
-1037	5318
-1041	5316
-1046	5314
-1050	5313
-1056	5313
-1061	5314
-1065	5311
-1070	5310
-1075	5310
-1080	5309
-1085	5309
-1089	5305
-1093	5300
-1098	5299
-1102	5298
-1107	5297
-1112	5295
-1116	5292
-1120	5289
-1125	5287
-1130	5287
-1135	5286
-1139	5283
-1143	5281
-1148	5278
-1152	5277
-1157	5275
-1161	5272
-1166	5271
-1171	5269
-1176	5269
-1181	5270
-1186	5270
-1191	5268
-1196	5270
-1202	5271
-1206	5269
-1210	5265
-1215	5263
-1219	5260
-1224	5258
-1228	5256
-1232	5253
-1237	5252
-1243	5253
-1248	5253
-1253	5253
-1258	5253
-1262	5250
-1267	5249
-1272	5247
-1277	5248
-1282	5248
-1287	5247
-1292	5246
-1296	5242
-1300	5240
-1305	5238
-1309	5234
-1314	5233
-1319	5233
-1323	5231
-1328	5230
-1333	5228
-1337	5225
-1341	5223
-1346	5220
-1350	5219
-1354	5215
-1358	5211
-1362	5208
-1366	5205
-1371	5204
-1375	5201
-1380	5199
-1384	5197
-1388	5195
-1393	5193
-1398	5191
-1402	5190
-1406	5187
-1410	5183
-1414	5181
-1419	5178
-1423	5176
-1427	5173
-1432	5171
-1435	5167
-1439	5163
-1444	5162
-1448	5160
-1453	5158
-1457	5155
-1461	5152
-1465	5150
-1470	5148
-1474	5145
-1479	5144
-1484	5143
-1489	5143
-1494	5143
-1499	5141
-1503	5138
-1506	5132
-1509	5127
-1512	5123
-1516	5119
-1520	5115
-1524	5112
-1528	5110
-1532	5108
-1537	5106
-1541	5103
-1545	5101
-1549	5098
-1553	5095
-1558	5093
-1561	5089
-1565	5085
-1569	5083
-1574	5082
-1579	5081
-1582	5077
-1587	5074
-1591	5071
-1595	5069
-1599	5066
-1603	5062
-1607	5060
-1611	5057
-1614	5053
-1618	5049
-1625	5053
-1630	5053
-1634	5050
-1638	5047
-1641	5042
-1644	5038
-1648	5034
-1652	5031
-1657	5030
-1662	5029
-1667	5029
-1672	5028
-1677	5027
-1681	5024
-1684	5019
-1688	5016
-1692	5014
-1696	5011
-1700	5008
-1704	5004
-1708	5002
-1713	5001
-1718	5002
-1724	5002
-1728	4998
-1731	4994
-1735	4991
-1739	4988
-1743	4986
-1746	4981
-1749	4977
-1754	4976
-1758	4973
-1762	4969
-1766	4968
-1771	4966
-1776	4965
-1780	4962
-1784	4959
-1788	4958
-1793	4956
-1797	4953
-1801	4951
-1805	4949
-1808	4943
-1812	4941
-1816	4938
-1821	4937
-1826	4936
-1831	4935
-1836	4934
-1840	4931
-1845	4930
-1848	4927
-1852	4923
-1856	4921
-1861	4919
-1864	4916
-1868	4912
-1871	4908
-1876	4907
-1879	4903
-1883	4899
-1886	4895
-1890	4892
-1894	4889
-1897	4885
-1900	4880
-1903	4876
-1907	4873
-1911	4871
-1916	4870
-1921	4868
-1925	4867
-1931	4866
-1935	4864
-1938	4860
-1942	4858
-1946	4855
-1950	4852
-1955	4851
-1959	4848
-1963	4846
-1967	4843
-1971	4840
-1975	4837
-1979	4834
-1982	4831
-1986	4828
-1990	4825
-1994	4823
-1998	4820
-2002	4816
-2006	4815
-2011	4814
-2015	4810
-2018	4807
-2023	4804
-2027	4803
-2031	4799
-2035	4797
-2038	4793
-2043	4791
-2047	4789
-2051	4786
-2054	4783
-2059	4780
-2063	4778
-2066	4774
-2070	4771
-2074	4768
-2078	4766
-2082	4764
-2087	4762
-2091	4759
-2094	4756
-2098	4752
-2102	4750
-2106	4747
-2109	4743
-2113	4740
-2117	4737
-2121	4735
-2124	4731
-2127	4728
-2131	4724
-2135	4722
-2139	4719
-2144	4717
-2147	4714
-2151	4711
-2155	4708
-2159	4706
-2163	4703
-2166	4699
-2170	4696
-2174	4694
-2178	4691
-2181	4687
-2184	4682
-2188	4680
-2192	4678
-2195	4674
-2199	4671
-2204	4669
-2208	4666
-2210	4662
-2214	4658
-2218	4656
-2221	4652
-2225	4650
-2229	4647
-2232	4644
-2236	4640
-2240	4637
-2243	4634
-2246	4630
-2249	4626
-2253	4623
-2258	4622
-2262	4619
-2265	4615
-2269	4613
-2272	4608
-2275	4604
-2278	4601
-2282	4598
-2286	4595
-2290	4593
-2294	4591
-2298	4588
-2302	4585
-2306	4583
-2310	4580
-2314	4577
-2318	4574
-2321	4570
-2325	4568
-2329	4565
-2332	4561
-2335	4557
-2339	4555
-2343	4552
-2347	4549
-2350	4546
-2356	4545
-2360	4543
-2363	4539
-2366	4535
-2370	4532
-2373	4528
-2376	4524
-2379	4521
-2382	4516
-2385	4512
-2389	4510
-2393	4507
-2396	4503
-2398	4499
-2401	4495
-2404	4491
-2408	4488
-2412	4485
-2415	4481
-2418	4477
-2420	4473
-2423	4469
-2426	4465
-2429	4461
-2432	4457
-2435	4453
-2439	4451
-2443	4448
-2446	4445
-2450	4442
-2454	4439
-2457	4435
-2461	4432
-2464	4429
-2467	4424
-2470	4421
-2473	4417
-2475	4413
-2477	4407
-2480	4403
-2483	4400
-2488	4398
-2492	4395
-2495	4392
-2498	4388
-2501	4384
-2505	4381
-2507	4377
-2512	4375
-2515	4372
-2519	4368
-2522	4365
-2525	4361
-2528	4357
-2531	4353
-2533	4349
-2536	4345
-2538	4341
-2542	4338
-2545	4334
-2548	4330
-2551	4327
-2556	4325
-2560	4322
-2564	4319
-2567	4316
-2571	4313
-2573	4309
-2577	4306
-2580	4302
-2583	4298
-2586	4295
-2590	4292
-2592	4287
-2595	4283
-2598	4280
-2599	4274
-2602	4270
-2605	4266
-2606	4261
-2608	4257
-2611	4253
-2614	4249
-2617	4245
-2618	4240
-2620	4235
-2624	4232
-2626	4228
-2629	4224
-2633	4222
-2636	4218
-2639	4213
-2642	4210
-2644	4205
-2647	4202
-2650	4198
-2652	4194
-2655	4190
-2657	4186
-2661	4182
-2664	4179
-2666	4174
-2669	4171
-2673	4168
-2676	4165
-2679	4160
-2681	4156
-2684	4152
-2687	4149
-2690	4145
-2693	4142
-2695	4137
-2697	4133
-2699	4128
-2702	4125
-2706	4121
-2709	4118
-2711	4114
-2714	4110
-2717	4106
-2719	4102
-2722	4099
-2725	4095
-2727	4090
-2730	4087
-2733	4083
-2735	4078
-2738	4075
-2741	4071
-2744	4068
-2747	4064
-2751	4061
-2752	4056
-2755	4053
-2759	4050
-2762	4046
-2765	4042
-2765	4036
-2768	4032
-2771	4029
-2772	4024
-2775	4020
-2778	4017
-2781	4013
-2783	4008
-2786	4005
-2789	4001
-2790	3996
-2791	3991
-2793	3986
-2796	3982
-2798	3978
-2801	3975
-2803	3970
-2804	3965
-2805	3960
-2809	3957
-2812	3954
-2813	3949
-2815	3944
-2818	3940
-2821	3937
-2823	3933
-2825	3928
-2826	3923
-2828	3918
-2832	3916
-2834	3912
-2836	3907
-2838	3903
-2841	3899
-2843	3895
-2846	3891
-2847	3886
-2848	3881
-2849	3877
-2851	3872
-2854	3869
-2856	3864
-2858	3860
-2860	3856
-2865	3853
-2867	3849
-2867	3844
-2871	3841
-2873	3836
-2873	3831
-2875	3827
-2877	3822
-2880	3819
-2883	3815
-2885	3811
-2886	3806
-2889	3802
-2889	3797
-2891	3792
-2894	3789
-2897	3785
-2899	3781
-2901	3777
-2905	3774
-2907	3769
-2909	3766
-2907	3758
-2911	3755
-2914	3752
-2917	3748
-2920	3745
-2924	3742
-2928	3739
-2927	3733
-2927	3727
-2931	3724
-2934	3721
-2937	3717
-2938	3712
-2936	3706
-2938	3701
-2941	3698
-2943	3694
-2948	3691
-2951	3688
-2952	3683
-2952	3678
-2949	3670
-2948	3664
-2950	3660
-2953	3656
-2957	3653
-2959	3649
-2959	3643
-2959	3638
-2961	3634
-2963	3630
-2965	3626
-2966	3621
-2965	3615
-2963	3608
-2963	3603
-2966	3599
-2967	3594
-2966	3588
-2965	3582
-2965	3577
-2969	3574
-2972	3570
-2969	3563
-2968	3557
-2969	3553
-2971	3548
-2972	3543
-2974	3540
-2976	3535
-2977	3531
-2980	3527
-2983	3524
-2984	3519
-2983	3513
-2984	3509
-2986	3504
-2985	3499
-2986	3494
-2987	3489
-2987	3484
-2989	3480
-2990	3476
-2992	3471
-2993	3467
-2994	3462
-2995	3458
-2997	3453
-2997	3448
-2996	3443
-2998	3438
-2998	3433
-2998	3428
-2998	3423
-2997	3417
-2995	3411
-2999	3408
-3002	3405
-3002	3399
-3001	3394
-3002	3389
-3003	3385
-3005	3380
-3004	3375
-3004	3370
-3004	3364
-3003	3359
-3004	3354
-3004	3350
-3004	3345
-3002	3338
-3002	3333
-3002	3328
-3003	3323
-3004	3319
-3002	3313
-3001	3308
-3002	3303
-3003	3298
-3005	3295
-3005	3290
-3004	3285
-3005	3280
-3006	3275
-3006	3271
-3002	3263
-3004	3260
-3005	3255
-3006	3251
-3006	3246
-3004	3240
-3003	3234
-3004	3230
-3006	3226
-3006	3221
-3006	3216
-3007	3212
-3007	3207
-3005	3201
-3006	3197
-3004	3191
-3004	3186
-3006	3182
-3007	3178
-3006	3173
-3005	3167
-3005	3163
-3006	3158
-3007	3154
-3007	3149
-3006	3144
-3006	3139
-3006	3134
-3007	3130
-3006	3125
-3005	3119
-3004	3114
-3004	3110
-3003	3104
-3002	3099
-3001	3094
-3001	3089
-3002	3085
-3003	3081
-3003	3076
-3003	3071
-3001	3066
-3000	3060
-3000	3056
-3001	3052
-3000	3046
-2998	3041
-2998	3036
-2997	3031
-2997	3027
-2998	3022
-2997	3018
-2995	3012
-2994	3007
-2994	3002
-2993	2997
-2992	2992
-2990	2987
-2991	2983
-2993	2979
-2991	2973
-2990	2968
-2988	2963
-2988	2958
-2987	2953
-2986	2949
-2986	2944
-2984	2939
-2984	2934
-2983	2929
-2982	2924
-2982	2920
-2982	2915
-2983	2911
-2982	2907
-2979	2900
-2977	2895
-2977	2891
-2979	2887
-2979	2883
-2978	2878
-2977	2873
-2976	2868
-2975	2863
-2975	2859
-2973	2854
-2972	2849
-2971	2844
-2970	2839
-2969	2834
-2967	2829
-2968	2825
-2967	2821
-2968	2817
-2964	2811
-2962	2805
-2962	2801
-2964	2798
-2963	2793
-2964	2789
-2963	2784
-2963	2780
-2960	2775
-2961	2771
-2960	2766
-2959	2761
-2958	2757
-2957	2752
-2957	2747
-2956	2743
-2955	2738
-2954	2734
-2952	2729
-2949	2723
-2947	2718
-2945	2714
-2946	2709
-2945	2705
-2947	2701
-2946	2697
-2944	2692
-2940	2686
-2940	2682
-2940	2678
-2938	2673
-2935	2668
-2932	2663
-2932	2658
-2931	2654
-2929	2649
-2928	2645
-2928	2641
-2927	2636
-2925	2631
-2923	2626
-2925	2623
-2921	2617
-2921	2613
-2921	2609
-2920	2605
-2917	2600
-2916	2595
-2915	2591
-2915	2587
-2915	2583
-2915	2579
-2916	2575
-2916	2571
-2915	2566
-2913	2562
-2912	2557
-2909	2552
-2907	2548
-2906	2543
-2906	2539
-2906	2535
-2906	2531
-2905	2527
-2903	2522
-2902	2518
-2902	2514
-2900	2509
-2900	2505
-2901	2501
-2901	2498
-2900	2493
-2894	2488
-2893	2483
-2894	2479
-2897	2476
-2896	2472
-2893	2467
-2890	2463
-2889	2458
-2890	2455
-2892	2451
-2892	2447
-2891	2443
-2889	2439
-2888	2434
-2887	2430
-2886	2426
-2885	2422
-2881	2417
-2877	2412
-2876	2408
-2877	2404
-2876	2400
-2875	2396
-2874	2392
-2871	2387
-2869	2383
-2869	2379
-2867	2374
-2866	2370
-2867	2366
-2863	2362
-2863	2358
-2863	2354
-2859	2349
-2857	2345
-2857	2341
-2858	2337
-2858	2333
-2857	2329
-2856	2325
-2855	2321
-2853	2317
-2852	2313
-2853	2309
-2851	2305
-2846	2300
-2846	2296
-2845	2292
-2844	2288
-2843	2284
-2843	2280
-2841	2276
-2840	2272
-2840	2268
-2840	2265
-2838	2261
-2838	2257
-2837	2253
-2837	2249
-2837	2245
-2833	2241
-2831	2236
-2831	2233
-2832	2229
-2829	2225
-2828	2221
-2829	2217
-2827	2213
-2826	2209
-2826	2205
-2826	2202
-2825	2198
-2825	2194
-2824	2190
-2823	2186
-2820	2182
-2818	2178
-2817	2174
-2817	2170
-2817	2167
-2817	2163
-2816	2159
-2813	2155
-2812	2151
-2810	2147
-2807	2143
-2807	2139
-2807	2135
-2806	2132
-2805	2128
-2803	2124
-2804	2120
-2803	2117
-2802	2113
-2802	2109
-2802	2105
-2801	2101
-2799	2098
-2800	2094
-2800	2090
-2799	2087
-2798	2083
-2798	2079
-2797	2075
-2796	2072
-2794	2068
-2793	2064
-2791	2060
-2791	2056
-2789	2053
-2789	2049
-2788	2045
-2788	2041
-2787	2038
-2785	2034
-2785	2030
-2784	2026
-2784	2023
-2783	2019
-2782	2015
-2779	2012
-2778	2008
-2777	2004
-2776	2000
-2774	1997
-2773	1993
-2772	1989
-2771	1985
-2772	1982
-2771	1978
-2771	1975
-2771	1971
-2770	1967
-2769	1964
-2768	1960
-2763	1956
-2763	1952
-2762	1949
-2761	1945
-2763	1942
-2763	1938
-2761	1935
-2759	1931
-2758	1927
-2758	1924
-2757	1920
-2756	1916
-2753	1913
-2752	1909
-2752	1905
-2751	1902
-2750	1898
-2749	1895
-2748	1891
-2746	1887
-2746	1884
-2744	1880
-2742	1876
-2740	1873
-2740	1869
-2739	1866
-2739	1862
-2738	1859
-2737	1855
-2738	1852
-2737	1848
-2734	1844
-2732	1841
-2732	1837
-2732	1834
-2731	1830
-2730	1827
-2729	1823
-2729	1820
-2729	1816
-2727	1813
-2725	1809
-2724	1805
-2724	1802
-2725	1798
-2725	1795
-2723	1791
-2724	1788
-2722	1784
-2723	1781
-2723	1778
-2722	1774
-2721	1770
-2720	1767
-2719	1763
-2718	1760
-2718	1757
-2717	1753
-2715	1750
-2714	1746
-2714	1743
-2711	1739
-2709	1736
-2709	1732
-2709	1729
-2706	1725
-2703	1722
-2701	1718
-2699	1715
-2696	1711
-2694	1708
-2692	1704
-2688	1701
-2685	1697
-2684	1694
-2684	1691
-2681	1687
-2680	1684
-2679	1680
-2677	1677
-2676	1674
-2673	1670
-2672	1667
-2673	1663
-2673	1660
-2670	1657
-2669	1653
-2668	1650
-2666	1646
-2665	1643
-2664	1640
-2661	1636
-2661	1633
-2660	1630
-2660	1626
-2659	1623
-2658	1619
-2657	1616
-2656	1613
-2655	1609
-2654	1606
-2652	1603
-2651	1599
-2649	1596
-2648	1593
-2648	1589
-2645	1586
-2644	1583
-2643	1579
-2642	1576
-2643	1573
-2646	1569
-2649	1565
-2652	1562
-2652	1559
-2650	1555
-2650	1552
-2649	1549
-2647	1545
-2646	1542
-2644	1539
-2642	1535
-2642	1532
-2640	1529
-2638	1526
-2636	1522
-2634	1519
-2632	1516
-2632	1512
-2633	1509
-2632	1506
-2630	1502
-2628	1499
-2626	1496
-2624	1493
-2622	1490
-2621	1486
-2619	1483
-2618	1480
-2617	1477
-2617	1473
-2616	1470
-2615	1467
-2615	1463
-2615	1460
-2615	1457
-2614	1453
-2612	1450
-2610	1447
-2608	1444
-2607	1441
-2604	1437
-2604	1434
-2603	1431
-2600	1428
-2600	1424
-2599	1421
-2597	1418
-2595	1415
-2593	1412
-2594	1408
-2594	1405
-2591	1402
-2588	1399
-2587	1396
-2586	1392
-2586	1389
-2585	1386
-2584	1383
-2582	1380
-2580	1377
-2578	1373
-2578	1370
-2578	1367
-2578	1363
-2577	1360
-2576	1357
-2574	1354
-2573	1351
-2571	1348
-2570	1344
-2567	1341
-2567	1338
-2566	1335
-2564	1332
-2563	1329
-2562	1326
-2562	1322
-2559	1319
-2558	1316
-2557	1313
-2557	1310
-2555	1307
-2555	1303
-2553	1300
-2551	1297
-2548	1294
-2544	1292
-2542	1289
-2541	1286
-2539	1283
-2539	1279
-2537	1276
-2535	1273
-2533	1270
-2533	1267
-2531	1264
-2528	1261
-2528	1258
-2527	1255
-2526	1252
-2524	1249
-2523	1246
-2521	1242
-2520	1239
-2519	1236
-2517	1233
-2517	1230
-2515	1227
-2514	1224
-2513	1221
-2511	1218
-2510	1215
-2509	1212
-2507	1209
-2506	1206
-2504	1203
-2503	1200
-2501	1197
-2499	1194
-2498	1191
-2497	1187
-2495	1184
-2493	1182
-2491	1179
-2490	1176
-2491	1172
-2489	1169
-2486	1166
-2486	1163
-2484	1160
-2482	1157
-2482	1154
-2480	1151
-2478	1148
-2478	1145
-2477	1142
-2476	1139
-2474	1136
-2474	1133
-2472	1130
-2472	1127
-2471	1124
-2471	1120
-2469	1117
-2468	1114
-2467	1111
-2467	1108
-2466	1105
-2465	1102
-2464	1098
-2462	1096
-2461	1093
-2460	1090
-2459	1086
-2459	1083
-2458	1080
-2457	1077
-2456	1074
-2455	1071
-2455	1068
-2454	1065
-2452	1062
-2450	1059
-2448	1056
-2448	1053
-2450	1049
-2449	1046
-2447	1043
-2445	1040
-2444	1037
-2444	1034
-2443	1030
-2443	1027
-2441	1025
-2439	1022
-2439	1018
-2437	1016
-2436	1012
-2435	1009
-2434	1006
-2433	1003
-2432	1000
-2431	997
-2430	994
-2429	991
-2427	988
-2426	985
-2425	982
-2424	979
-2423	976
-2422	973
-2421	970
-2421	967
-2421	963
-2419	960
-2417	958
-2416	955
-2415	952
-2413	949
-2412	946
-2412	942
-2412	939
-2411	936
-2410	933
-2408	930
-2407	927
-2405	924
-2403	921
-2402	918
-2401	915
-2400	912
-2398	910
-2397	907
-2397	903
-2396	900
-2395	897
-2394	894
-2393	891
-2392	888
-2391	885
-2389	882
-2386	880
-2382	878
-2381	875
-2381	871
-2380	868
-2379	865
-2377	862
-2375	860
-2374	857
-2372	854
-2371	851
-2370	848
-2368	845
-2366	843
-2365	840
-2365	836
-2363	833
-2362	830
-2361	827
-2360	824
-2358	822
-2357	819
-2358	815
-2356	812
-2355	809
-2353	806
-2352	803
-2351	800
-2350	797
-2348	794
-2347	791
-2346	788
-2345	785
-2345	782
-2343	779
-2343	776
-2342	773
-2341	770
-2340	766
-2339	763
-2338	760
-2337	757
-2336	754
-2334	751
-2334	748
-2333	745
-2332	742
-2331	739
-2330	736
-2330	732
-2328	729
-2326	727
-2325	724
-2325	721
-2324	717
-2322	715
-2321	712
-2320	708
-2320	705
-2319	702
-2317	699
-2316	696
-2316	693
-2314	690
-2313	687
-2314	683
-2311	681
-2311	677
-2310	674
-2308	671
-2307	669
-2307	665
-2305	662
-2304	659
-2302	656
-2302	653
-2301	650
-2300	647
-2299	644
-2297	641
-2297	638
-2296	635
-2294	632
-2294	628
-2293	625
-2293	622
-2290	619
-2290	616
-2289	613
-2290	609
-2288	606
-2287	603
-2286	600
-2286	596
-2284	593
-2284	590
-2283	587
-2283	583
-2282	580
-2281	577
-2279	574
-2279	571
-2278	567
-2278	564
-2277	561
-2275	558
-2274	555
-2273	552
-2272	549
-2270	546
-2270	543
-2269	539
-2269	536
-2269	532
-2267	529
-2267	526
-2266	522
-2263	521
-2261	518
-2260	514
-2260	511
-2259	508
-2258	505
-2256	502
-2255	499
-2256	495
-2253	492
-2252	489
-2252	486
-2251	482
-2249	479
-2248	477
-2247	473
-2245	470
-2244	468
-2242	465
-2242	461
-2241	458
-2242	454
-2240	451
-2239	448
-2238	445
-2238	441
-2237	437
-2235	435
-2234	432
-2234	428
-2234	424
-2233	421
-2231	418
-2229	416
-2227	413
-2226	409
-2226	406
-2225	403
-2224	399
-2222	397
-2222	393
-2221	390
-2219	387
-2218	384
-2216	381
-2215	378
-2215	374
-2215	370
-2214	367
-2212	364
-2210	361
-2209	358
-2208	355
-2207	351
-2207	348
-2206	344
-2206	341
-2205	338
-2203	335
-2202	331
-2203	327
-2203	323
-2202	319
-2200	317
-2197	315
-2192	314
-2189	313
-2185	311
-2180	310
-2176	309
-2172	307
-2167	307
-2162	306
-2157	305
-2152	305
-2150	303
-2145	302
-2141	301
-2138	299
-2134	297
-2131	295
-2130	292
-2128	290
-2124	288
-2122	286
-2120	283
-2118	281
-2116	278
-2116	274
-2116	270
-2115	267
-2113	264
-2111	262
-2109	259
-2107	256
-2106	253
-2104	251
-2104	247
-2104	243
-2102	240
-2100	238
-2099	234
-2099	230
-2097	227
-2096	224
-2094	221
-2092	219
-2090	216
-2089	213
-2090	208
-2088	206
-2087	203
-2086	199
-2085	195
-2085	192
-2083	189
-2082	186
-2081	182
-2079	179
-2078	176
-2076	173
-2075	170
-2074	167
-2073	164
-2071	161
-2069	158
-2069	154
-2068	151
-2066	148
-2064	145
-2064	141
-2063	138
-2062	135
-2061	131
-2061	126
-2060	123
-2058	120
-2056	118
-2054	115
-2052	113
-2051	109
-2049	106
-2050	102
-2048	99
-2047	95
-2046	92
-2044	90
-2043	86
-2042	82
-2041	79
-2040	75
-2038	73
-2036	70
-2036	66
-2034	63
-2033	59
-2032	56
-2032	52
-2030	48
-2029	45
-2028	42
-2025	39
-2024	36
-2023	33
-2022	29
-2021	25
-2020	22
-2018	19
-2017	16
-2016	12
-2015	9
-2014	5
-2013	2
-2013	-3
-2011	-6
-2011	-10
-2009	-13
-2007	-16
-2005	-18
-2004	-22
-2003	-26
-2002	-30
-2002	-34
-1999	-36
-1998	-39
-1996	-43
-1996	-47
-1994	-50
-1994	-54
-1993	-58
-1992	-61
-1990	-65
-1988	-68
-1988	-72
-1987	-76
-1986	-79
-1984	-83
-1983	-86
-1982	-90
-1980	-92
-1978	-95
-1976	-98
-1976	-103
-1977	-108
-1975	-111
-1972	-113
-1970	-116
-1970	-121
-1966	-122
-1964	-125
-1962	-128
-1954	-125
-1938	-114
-1926	-107
-1918	-104
-1912	-102
-1906	-101
-1900	-101
-1899	-104
-1897	-107
-1896	-111
-1895	-114
-1892	-116
-1889	-118
-1887	-121
-1884	-122
-1883	-126
-1885	-133
-1876	-129
-1874	-132
-1874	-136
-1867	-134
-1860	-132
-1852	-128
-1844	-125
-1838	-124
-1834	-125
-1829	-123
-1824	-123
-1822	-126
-1817	-125
-1809	-122
-1806	-124
-1805	-127
-1800	-127
-1793	-124
-1789	-125
-1784	-124
-1780	-124
-1776	-125
-1771	-125
-1768	-126
-1765	-127
-1762	-129
-1758	-130
-1757	-134
-1758	-140
-1759	-146
-1758	-150
-1759	-155
-1753	-153
-1743	-147
-1734	-142
-1718	-130
-1711	-126
-1707	-126
-1704	-128
-1700	-128
-1697	-130
-1692	-130
-1689	-131
-1686	-132
-1683	-134
-1680	-135
-1677	-137
-1675	-139
-1674	-142
-1670	-143
-1667	-144
-1659	-140
-1654	-139
-1650	-139
-1647	-141
-1645	-143
-1642	-145
-1640	-147
-1628	-138
-1617	-130
-1612	-128
-1607	-128
-1604	-129
-1601	-130
-1598	-131
-1596	-135
-1600	-144
-1597	-146
-1589	-141
-1581	-136
-1577	-136
-1574	-137
-1571	-138
-1568	-139
-1565	-141
-1563	-143
-1561	-146
-1559	-148
-1558	-151
-1551	-148
-1538	-136
-1535	-138
-1532	-139
-1531	-142
-1529	-145
-1526	-147
-1523	-148
-1521	-150
-1514	-145
-1509	-145
-1507	-147
-1501	-144
-1497	-143
-1481	-129
-1478	-130
-1476	-132
-1475	-135
-1474	-138
-1471	-140
-1467	-140
-1463	-139
-1458	-139
-1455	-140
-1453	-141
-1451	-143
-1448	-144
-1444	-144
-1441	-145
-1439	-147
-1436	-148
-1433	-149
-1429	-149
-1424	-148
-1421	-148
-1418	-150
-1416	-152
-1413	-153
-1410	-154
-1406	-153
-1401	-152
-1397	-152
-1394	-152
-1392	-154
-1389	-156
-1387	-158
-1385	-160
-1382	-160
-1378	-160
-1376	-162
-1369	-158
-1362	-153
-1359	-154
-1356	-155
-1354	-157
-1351	-158
-1349	-160
-1346	-161
-1343	-163
-1341	-164
-1339	-166
-1333	-163
-1325	-156
-1321	-155
-1317	-155
-1314	-156
-1311	-157
-1309	-159
-1308	-162
-1308	-168
-1306	-170
-1304	-173
-1303	-176
-1300	-176
-1296	-175
-1292	-175
-1291	-179
-1289	-182
-1287	-184
-1282	-181
-1275	-177
-1270	-174
-1268	-176
-1265	-177
-1261	-175
-1257	-175
-1253	-173
-1249	-173
-1247	-175
-1245	-178
-1243	-180
-1240	-181
-1235	-178
-1232	-179
-1228	-178
-1225	-179
-1222	-179
-1220	-181
-1216	-181
-1213	-181
-1209	-180
-1205	-178
-1201	-177
-1198	-178
-1195	-179
-1192	-180
-1189	-180
-1184	-178
-1181	-178
-1179	-180
-1176	-180
-1172	-179
-1168	-178
-1165	-179
-1162	-179
-1159	-179
-1155	-178
-1151	-178
-1148	-178
-1146	-180
-1142	-178
-1139	-178
-1135	-178
-1132	-177
-1129	-179
-1127	-180
-1124	-181
-1120	-180
-1116	-179
-1114	-180
-1111	-180
-1108	-181
-1105	-181
-1101	-180
-1097	-179
-1094	-180
-1092	-180
-1089	-181
-1086	-181
-1082	-181
-1079	-180
-1075	-179
-1072	-179
-1068	-178
-1065	-179
-1063	-180
-1060	-181
-1057	-182
-1055	-182
-1051	-182
-1047	-180
-1043	-179
-1041	-180
-1038	-180
-1035	-180
-1031	-179
-1028	-179
-1025	-178
-1021	-178
-1017	-176
-1013	-174
-1011	-175
-1009	-178
-1007	-180
-1001	-174
-997	-172
-994	-173
-991	-173
-989	-175
-987	-177
-985	-179
-983	-181
-980	-182
-977	-182
-974	-182
-968	-174
-968	-181
-966	-183
-938	-130
-934	-129
-931	-130
-929	-130
-926	-131
-923	-131
-921	-133
-920	-137
-919	-141
-918	-146
-917	-149
-915	-151
-911	-148
-905	-141
-901	-138
-898	-139
-896	-141
-893	-141
-891	-143
-890	-147
-889	-152
-889	-158
-886	-158
-882	-155
-877	-150
-872	-146
-868	-143
-865	-142
-863	-143
-860	-143
-857	-144
-855	-145
-851	-144
-779	2
-776	2
-773	2
-770	3
-768	2
-765	3
-762	4
-759	5
-757	5
-754	5
-752	4
-750	4
-747	4
-744	4
-742	4
-739	4
-737	4
-734	4
-733	1
-733	-6
-733	-14
-732	-16
-728	-14
-723	-8
-720	-6
-720	-12
-719	-17
-717	-19
-716	-23
-747	-125
-745	-128
-745	-134
-743	-137
-741	-139
-739	-140
-736	-141
-734	-142
-732	-143
-729	-143
-727	-144
-724	-145
-722	-146
-719	-147
-717	-149
-715	-149
-712	-149
-710	-151
-708	-153
-705	-152
-701	-149
-697	-143
-693	-140
-690	-140
-688	-141
-686	-143
-683	-143
-681	-143
-679	-146
-677	-150
-678	-159
-675	-158
-671	-156
-668	-155
-666	-156
-663	-155
-660	-153
-656	-150
-653	-149
-650	-148
-647	-147
-644	-147
-642	-147
-639	-147
-637	-148
-635	-151
-633	-153
-631	-155
-630	-159
-628	-161
-626	-163
-622	-161
-618	-156
-613	-148
-610	-145
-606	-143
-604	-144
-602	-146
-601	-149
-600	-155
-601	-170
-599	-170
-585	-132
-582	-129
-579	-129
-577	-129
-574	-129
-571	-129
-569	-130
-567	-132
-565	-133
-563	-134
-561	-138
-560	-143
-559	-149
-557	-153
-556	-157
-554	-159
-553	-165
-552	-172
-551	-177
-549	-179
-547	-183
-545	-185
-543	-187
-540	-186
-537	-184
-534	-184
-531	-183
-529	-182
-526	-184
-524	-184
-521	-182
-518	-181
-515	-181
-513	-182
-510	-182
-507	-181
-505	-182
-503	-183
-501	-186
-498	-185
-495	-185
-493	-185
-490	-185
-488	-185
-485	-185
-482	-185
-480	-184
-477	-184
-474	-182
-472	-183
-469	-184
-467	-183
-464	-183
-462	-183
-459	-184
-456	-183
-454	-184
-452	-185
-449	-185
-447	-186
-444	-185
-441	-182
-438	-183
-436	-183
-434	-184
-431	-184
-429	-185
-426	-184
-423	-184
-421	-183
-418	-183
-416	-183
-413	-184
-411	-185
-408	-185
-406	-187
-403	-185
-401	-185
-398	-184
-396	-185
-393	-184
-391	-185
-388	-184
-386	-185
-383	-186
-381	-185
-378	-185
-375	-184
-373	-184
-370	-185
-368	-185
-365	-182
-362	-180
-360	-180
-357	-181
-355	-182
-353	-184
-350	-185
-348	-185
-345	-184
-342	-183
-340	-183
-338	-186
-335	-186
-333	-184
-330	-184
-327	-183
-325	-185
-323	-185
-320	-183
-317	-183
-315	-184
-313	-185
-310	-185
-307	-184
-305	-183
-302	-183
-300	-184
-297	-183
-295	-183
-293	-185
-290	-183
-287	-182
-285	-181
-282	-181
-280	-182
-277	-182
-275	-184
-273	-185
-270	-183
-267	-182
-265	-180
-262	-181
-260	-182
-258	-184
-255	-185
-253	-185
-250	-185
-248	-184
-245	-183
-243	-183
-240	-184
-238	-184
-235	-184
-233	-184
-230	-183
-228	-182
-225	-183
-223	-184
-221	-184
-218	-183
-216	-183
-213	-184
-210	-180
-208	-177
-205	-177
-203	-179
-201	-182
-198	-183
-196	-183
-193	-183
-191	-183
-188	-184
-186	-184
-183	-184
-181	-183
-178	-182
-176	-182
-173	-181
-171	-181
-169	-181
-166	-182
-164	-183
-161	-184
-159	-184
-156	-184
-154	-183
-151	-183
-149	-183
-147	-184
-144	-184
-142	-183
-139	-183
-137	-183
-134	-182
-132	-182
-129	-183
-127	-183
-124	-183
-122	-184
-120	-184
-117	-183
-115	-183
-112	-183
-110	-183
-107	-185
-105	-185
-102	-183
-100	-181
-97	-183
-95	-184
-92	-184
-90	-182
-88	-181
-85	-182
-83	-183
-80	-183
-78	-182
-73	-184
-70	-185
-68	-184
-65	-184
-63	-184
-61	-184
-58	-183
-56	-184
-53	-184
-51	-183
-48	-183
-46	-183
-43	-182
-41	-183
-38	-184
-36	-184
-33	-185
-31	-184
-29	-184
-26	-184
-24	-184
-21	-184
-19	-185
-16	-185
-14	-184
-11	-184
-9	-184
-6	-183
-4	-183
-2	-183
1	-184
3	-184
6	-185
8	-185
11	-185
13	-185
16	-184
18	-184
21	-183
23	-182
25	-183
28	-183
30	-183
33	-183
35	-182
38	-183
40	-184
43	-185
45	-184
48	-184
50	-184
53	-183
55	-182
58	-183
60	-183
62	-183
65	-185
68	-185
70	-184
72	-184
75	-186
77	-185
80	-184
82	-185
85	-185
87	-185
90	-184
92	-183
95	-183
97	-184
100	-185
102	-185
105	-184
107	-185
109	-183
112	-183
115	-184
117	-185
119	-184
122	-182
124	-181
127	-183
129	-184
132	-184
134	-183
137	-183
139	-184
142	-185
144	-185
147	-186
149	-185
152	-183
154	-183
157	-183
159	-182
162	-183
164	-183
167	-184
169	-183
172	-183
174	-184
177	-183
179	-183
182	-184
184	-183
186	-182
189	-183
192	-183
194	-182
197	-183
199	-183
202	-184
204	-183
206	-182
209	-183
212	-183
214	-183
217	-183
219	-182
221	-182
224	-184
227	-183
229	-183
232	-184
234	-182
237	-182
239	-181
241	-181
244	-182
247	-183
249	-184
252	-183
254	-183
257	-182
259	-182
262	-183
264	-182
267	-182
269	-182
272	-182
275	-182
277	-182
279	-180
282	-181
285	-182
287	-182
290	-183
292	-183
295	-182
297	-182
300	-182
302	-182
305	-183
308	-184
310	-184
312	-181
315	-182
318	-183
321	-184
323	-183
325	-182
328	-181
330	-182
333	-182
336	-181
338	-180
340	-179
343	-181
346	-182
349	-183
351	-183
354	-183
356	-181
359	-181
361	-182
364	-182
367	-183
370	-184
372	-183
374	-181
377	-180
379	-181
382	-181
385	-183
387	-182
390	-181
392	-181
395	-181
398	-181
400	-182
403	-182
406	-183
408	-183
411	-182
414	-183
416	-182
418	-181
421	-181
423	-180
426	-181
429	-182
432	-182
434	-182
437	-181
439	-180
442	-182
445	-183
448	-183
450	-182
452	-180
455	-179
458	-180
461	-182
463	-182
466	-182
469	-183
472	-183
474	-182
476	-181
479	-181
482	-181
485	-182
487	-182
490	-181
492	-180
495	-180
498	-181
500	-181
504	-183
506	-183
509	-182
511	-182
514	-182
517	-182
520	-183
522	-182
525	-181
527	-180
530	-179
532	-180
535	-180
538	-181
541	-180
543	-180
545	-179
548	-178
550	-177
553	-176
556	-176
558	-175
561	-176
563	-175
566	-175
569	-176
572	-176
575	-176
577	-175
580	-174
583	-176
586	-177
588	-176
591	-175
593	-174
595	-173
598	-173
601	-173
604	-173
607	-173
609	-173
610	-167
607	-153
608	-146
610	-144
612	-144
615	-145
618	-145
621	-145
624	-146
627	-146
630	-147
633	-147
635	-145
637	-144
640	-144
642	-143
644	-141
647	-140
649	-140
652	-139
655	-140
658	-141
662	-143
665	-145
669	-147
672	-148
676	-152
681	-156
685	-158
687	-157
689	-155
691	-154
694	-154
697	-153
700	-153
702	-153
705	-153
708	-152
710	-152
712	-150
715	-149
717	-148
720	-147
722	-147
725	-146
728	-146
730	-144
732	-143
735	-143
737	-141
740	-141
742	-140
744	-138
746	-135
746	-130
747	-125
748	-121
749	-117
749	-110
748	-102
720	-11
721	-7
722	-3
724	-1
725	2
727	3
729	4
732	3
735	4
737	5
739	6
742	6
746	3
770	5
772	6
775	5
778	5
782	3
929	-264
851	-104
853	-104
856	-104
860	-104
862	-103
865	-103
868	-103
871	-103
874	-104
877	-104
881	-106
887	-111
924	-176
927	-175
930	-175
929	-167
931	-164
933	-162
935	-161
939	-162
944	-166
950	-171
955	-174
959	-175
963	-176
966	-176
969	-176
972	-176
975	-176
979	-177
982	-176
984	-175
987	-174
989	-173
992	-172
996	-174
1001	-176
1005	-178
1008	-177
1010	-175
1013	-174
1017	-175
1020	-176
1024	-176
1027	-176
1030	-176
1033	-175
1039	-179
1042	-179
1045	-179
1048	-177
1051	-177
1054	-176
1057	-175
1060	-176
1063	-176
1066	-175
1070	-175
1073	-175
1076	-174
1079	-174
1083	-175
1087	-176
1090	-175
1093	-174
1096	-174
1100	-175
1104	-176
1107	-176
1110	-175
1114	-175
1117	-175
1120	-175
1124	-175
1127	-174
1130	-174
1134	-175
1135	-171
1137	-169
1140	-167
1143	-166
1144	-164
1148	-164
1155	-169
1163	-177
1167	-177
1169	-175
1172	-174
1176	-174
1180	-176
1184	-176
1188	-177
1192	-178
1195	-177
1198	-176
1202	-176
1206	-177
1210	-177
1213	-176
1216	-176
1220	-176
1223	-175
1225	-173
1229	-174
1233	-174
1236	-173
1240	-173
1244	-174
1242	-167
1248	-170
1258	-179
1261	-178
1264	-177
1268	-177
1272	-177
1275	-176
1277	-175
1281	-175
1286	-177
1290	-177
1292	-175
1293	-171
1296	-170
1301	-172
1305	-172
1307	-169
1310	-168
1313	-167
1316	-166
1318	-164
1322	-164
1328	-167
1334	-170
1336	-167
1337	-164
1339	-161
1341	-160
1345	-159
1347	-157
1351	-157
1355	-158
1359	-157
1363	-157
1367	-158
1371	-157
1375	-159
1385	-166
1388	-165
1391	-164
1394	-163
1398	-162
1401	-161
1405	-162
1410	-162
1412	-160
1413	-157
1414	-153
1417	-151
1420	-150
1424	-150
1427	-149
1430	-148
1433	-147
1436	-146
1440	-145
1444	-145
1448	-145
1451	-144
1453	-141
1453	-137
1453	-132
1454	-128
1457	-126
1461	-127
1469	-131
1483	-143
1495	-153
1498	-151
1500	-149
1505	-150
1511	-151
1515	-152
1520	-153
1522	-150
1524	-148
1528	-147
1534	-149
1539	-150
1542	-148
1544	-146
1549	-146
1556	-149
1563	-153
1564	-150
1567	-148
1571	-147
1576	-148
1581	-149
1588	-152
1590	-149
1594	-149
1598	-149
1603	-149
1607	-148
1605	-142
1603	-134
1602	-128
1603	-125
1606	-124
1611	-124
1615	-124
1620	-125
1629	-129
1635	-130
1640	-132
1645	-132
1651	-133
1654	-132
1656	-129
1659	-127
1662	-126
1667	-126
1673	-128
1678	-129
1683	-129
1686	-127
1688	-125
1692	-124
1696	-123
1698	-121
1699	-117
1701	-114
1704	-113
1709	-113
1717	-116
1734	-128
1746	-136
1748	-134
1744	-125
1744	-120
1743	-114
1744	-110
1747	-108
1750	-107
1754	-106
1759	-106
1762	-105
1766	-104
1771	-104
1775	-103
1780	-103
1783	-102
1789	-103
1803	-111
1811	-114
1811	-110
1813	-107
1816	-105
1820	-104
1824	-103
1827	-102
1830	-100
1833	-98
1837	-97
1840	-95
1843	-93
1846	-91
1850	-90
1855	-90
1863	-93
1877	-101
1887	-106
1893	-107
1898	-106
1898	-102
1894	-93
1892	-87
1892	-82
1894	-79
1896	-76
1899	-74
1903	-73
1908	-74
1914	-74
1920	-74
1927	-76
1939	-82
1945	-82
1948	-80
1953	-80
1965	-86
1978	-93
1981	-91
1983	-88
1986	-86
1988	-83
1991	-81
1994	-79
1998	-77
2002	-76
2009	-77
2019	-81
2026	-82
2030	-81
2034	-80
2039	-79
2043	-78
2049	-78
2054	-78
2060	-78
2063	-75
2064	-72
2070	-72
2077	-73
2081	-72
2088	-73
2093	-73
2093	-68
2095	-64
2100	-63
2107	-65
2117	-68
2123	-68
2128	-67
2132	-66
2134	-63
2138	-61
2144	-61
2152	-63
2157	-62
2159	-59
2159	-54
2163	-53
2168	-52
2173	-51
2179	-51
2183	-50
2187	-48
2192	-47
2196	-45
2201	-45
2214	-49
2220	-49
2228	-51
2232	-50
2236	-48
2243	-48
2248	-47
2250	-44
2255	-43
2256	-39
2259	-36
2262	-34
2262	-29
2266	-28
2271	-26
2276	-26
2284	-27
2295	-29
2291	-22
2295	-20
2299	-18
2300	-14
2300	-10
2302	-7
2310	-7
2323	-12
2327	-10
2327	-5
2331	-3
2332	0
2332	5
2332	9
2332	14
2334	18
2333	23
2328	31
2327	37
2327	41
2329	45
2330	48
2330	53
2329	58
2331	62
2332	65
2333	69
2335	73
2335	77
2336	81
2337	85
2338	89
2337	94
2336	99
2338	103
2338	107
2337	112
2336	117
2338	121
2338	125
2337	130
2338	134
2338	138
2339	142
2341	145
2341	150
2341	154
2341	159
2341	163
2341	168
2339	173
2339	178
2339	182
2339	186
2339	191
2339	195
2338	200
2339	204
2340	208
2340	212
2341	216
2342	219
2341	224
2343	227
2344	231
2345	235
2344	240
2345	243
2346	247
2345	252
2346	255
2347	260
2347	264
2347	268
2347	272
2350	275
2351	279
2347	285
2347	289
2349	292
2349	297
2349	300
2351	304
2353	307
2354	310
2354	315
2353	319
2353	323
2354	327
2356	330
2358	333
2358	337
2354	344
2354	348
2355	351
2356	355
2358	358
2359	362
2360	366
2359	370
2359	374
2360	378
2360	382
2360	386
2360	390
2360	394
2360	398
2361	402
2363	405
2364	409
2364	412
2365	416
2366	419
2366	424
2367	427
2368	430
2369	434
2370	438
2370	441
2371	445
2372	449
2372	453
2373	456
2372	460
2375	463
2375	467
2376	471
2377	474
2376	479
2376	483
2376	486
2378	490
2379	493
2379	497
2381	500
2381	504
2381	508
2382	511
2383	515
2383	519
2383	523
2384	526
2386	529
2389	532
2393	534
2395	537
2398	539
2402	542
2405	544
2408	546
2410	550
2413	552
2416	554
2423	556
2425	558
2425	562
2425	566
2427	569
2429	572
2430	576
2431	579
2431	583
2431	587
2433	590
2432	594
2433	598
2433	602
2431	607
2432	610
2432	614
2432	618
2432	622
2433	625
2434	629
2434	632
2435	636
2436	639
2437	643
2437	646
2436	651
2436	655
2436	659
2436	662
2438	665
2439	669
2437	673
2438	677
2439	680
2440	683
2441	687
2441	691
2443	694
2444	697
2442	702
2442	706
2443	709
2445	712
2446	716
2446	719
2446	723
2446	727
2446	731
2446	734
2449	737
2450	740
2450	744
2449	748
2448	752
2448	756
2450	759
2451	763
2451	766
2451	770
2452	773
2452	777
2452	781
2452	784
2453	788
2454	791
2454	795
2453	799
2453	803
2455	806
2455	810
2454	814
2454	817
2455	820
2457	824
2458	827
2457	831
2457	835
2458	838
2458	842
2459	845
2460	849
2461	852
2462	855
2462	859
2461	863
2460	867
2461	870
2462	874
2462	877
2461	881
2461	885
2461	888
2461	892
2461	896
2461	899
2462	902
2462	906
2463	909
2464	913
2465	916
2465	920
2467	923
2469	926
2470	929
2470	933
2470	937
2471	940
2472	943
2473	946
2474	950
2474	953
2474	957
2475	960
2478	963
2479	966
2479	970
2480	973
2481	976
2481	980
2482	983
2483	987
2483	990
2483	994
2483	998
2484	1001
2484	1004
2484	1008
2484	1012
2484	1015
2484	1019
2485	1022
2487	1025
2487	1029
2487	1032
2487	1036
2487	1039
2487	1043
2487	1046
2487	1050
2488	1053
2489	1057
2490	1060
2492	1063
2491	1067
2491	1070
2492	1074
2493	1077
2494	1080
2494	1084
2493	1087
2493	1091
2492	1095
2492	1098
2493	1102
2493	1105
2495	1108
2496	1112
2497	1115
2497	1118
2498	1122
2499	1125
2499	1129
2499	1132
2500	1135
2499	1139
2500	1142
2500	1146
2501	1149
2501	1153
2501	1156
2501	1160
2502	1163
2502	1167
2500	1170
2501	1174
2501	1177
2500	1181
2500	1184
2501	1188
2501	1191
2501	1195
2502	1198
2502	1201
2503	1205
2503	1208
2503	1212
2505	1215
2506	1218
2505	1222
2505	1225
2504	1229
2505	1232
2507	1235
2509	1238
2511	1242
2511	1245
2512	1248
2514	1252
2514	1255
2515	1258
2514	1262
2515	1265
2517	1268
2518	1272
2519	1275
2520	1278
2521	1282
2521	1285
2522	1289
2521	1292
2522	1295
2522	1299
2523	1302
2523	1306
2524	1309
2525	1312
2526	1316
2526	1319
2527	1322
2526	1326
2526	1330
2527	1333
2528	1336
2528	1340
2529	1343
2528	1346
2528	1350
2530	1353
2529	1357
2529	1360
2529	1364
2531	1367
2532	1370
2531	1374
2532	1377
2532	1380
2534	1384
2531	1388
2531	1391
2533	1394
2533	1398
2533	1401
2533	1405
2532	1408
2533	1411
2534	1415
2535	1418
2534	1422
2533	1425
2533	1429
2534	1432
2534	1435
2534	1439
2534	1442
2533	1446
2534	1449
2535	1453
2537	1456
2539	1459
2540	1462
2541	1466
2541	1469
2543	1472
2543	1476
2543	1479
2543	1483
2543	1486
2544	1490
2544	1493
2545	1496
2545	1500
2546	1503
2546	1507
2547	1510
2548	1513
2549	1517
2549	1520
2549	1524
2549	1527
2549	1530
2549	1534
2549	1537
2551	1541
2552	1544
2553	1547
2553	1551
2554	1554
2554	1558
2555	1561
2555	1565
2556	1568
2556	1571
2557	1575
2557	1578
2558	1582
2558	1585
2557	1588
2557	1592
2557	1595
2557	1599
2558	1602
2559	1606
2559	1609
2560	1612
2560	1616
2560	1619
2561	1623
2561	1626
2562	1630
2562	1633
2561	1637
2561	1640
2562	1643
2564	1647
2564	1650
2564	1654
2564	1657
2564	1661
2564	1664
2564	1667
2563	1671
2563	1674
