2605	1672
2604	1676
2603	1679
2603	1683
2603	1686
2603	1690
2603	1697
2603	1700
2603	1704
2605	1707
2604	1711
2602	1714
2603	1718
2605	1721
2606	1725
2607	1728
2607	1732
2608	1735
2610	1739
2610	1742
2609	1746
2609	1749
2610	1753
2611	1756
2611	1760
2611	1763
2610	1767
2610	1770
2610	1774
2610	1777
2609	1781
2610	1784
2612	1788
2612	1791
2612	1795
2614	1798
2615	1802
2615	1806
2615	1809
2615	1813
2614	1816
2614	1820
2615	1823
2616	1827
2617	1830
2617	1834
2617	1837
2617	1841
2616	1844
2616	1848
2618	1852
2618	1855
2619	1859
2618	1862
2619	1866
2619	1869
2621	1873
2621	1876
2622	1880
2621	1884
2621	1887
2621	1891
2621	1894
2622	1898
2623	1901
2626	1905
2627	1909
2626	1912
2626	1916
2625	1919
2626	1923
2628	1927
2626	1930
2628	1934
2628	1937
2628	1941
2627	1944
2629	1948
2629	1952
2628	1955
2631	1959
2631	1963
2631	1966
2631	1970
2632	1973
2633	1977
2633	1981
2632	1984
2632	1988
2631	1991
2633	1995
2633	1998
2632	2002
2632	2006
2633	2009
2634	2013
2634	2017
2634	2020
2634	2024
2634	2027
2632	2031
2633	2034
2636	2038
2636	2042
2635	2045
2638	2050
2640	2053
2640	2057
2635	2060
2636	2064
2635	2067
2638	2071
2638	2075
2637	2078
2639	2082
2638	2086
2639	2089
2640	2093
2640	2097
2638	2100
2638	2104
2641	2108
2641	2111
2638	2115
2638	2118
2640	2122
2641	2126
2642	2130
2642	2133
2642	2137
2643	2141
2643	2145
2644	2148
2644	2152
2643	2156
2644	2159
2645	2163
2644	2167
2645	2170
2647	2174
2647	2178
2649	2182
2649	2186
2649	2190
2648	2193
2647	2197
2648	2200
2649	2204
2648	2208
2646	2211
2646	2215
2647	2219
2649	2223
2651	2227
2653	2231
2652	2234
2650	2238
2648	2241
2658	2247
2658	2250
2658	2254
2651	2257
2654	2261
2656	2265
2655	2268
2655	2272
2653	2276
2651	2279
2651	2283
2656	2287
2655	2291
2657	2295
2658	2299
2658	2303
2657	2306
2656	2310
2657	2314
2657	2318
2656	2321
2656	2325
2656	2329
2657	2333
2657	2336
2656	2340
2660	2345
2659	2348
2658	2352
2658	2355
2659	2359
2662	2364
2662	2368
2661	2371
2662	2375
2663	2380
2664	2384
2666	2388
2666	2392
2665	2395
2666	2399
2666	2403
2667	2407
2668	2411
2669	2415
2668	2419
2668	2423
2668	2427
2668	2431
2669	2435
2670	2439
2670	2443
2671	2447
2671	2451
2672	2455
2672	2459
2672	2462
2673	2467
2673	2471
2673	2475
2673	2478
2674	2483
2673	2486
2673	2490
2674	2494
2675	2498
2675	2502
2673	2506
2672	2509
2671	2513
2675	2518
2676	2522
2676	2526
2676	2530
2676	2534
2678	2539
2679	2543
2679	2547
2679	2551
2678	2555
2679	2559
2681	2563
2683	2568
2683	2572
2683	2576
2683	2580
2684	2584
2683	2588
2683	2592
2685	2596
2685	2600
2685	2605
2685	2608
2685	2612
2686	2617
2684	2620
2681	2623
2681	2627
2683	2632
2684	2636
2687	2641
2686	2645
2685	2649
2684	2652
2683	2656
2682	2660
2682	2664
2683	2668
2684	2673
2686	2677
2686	2682
2688	2686
2689	2691
2688	2694
2687	2698
2690	2703
2689	2707
2689	2711
2690	2716
2691	2720
2689	2723
2686	2726
2687	2731
2689	2736
2690	2740
2690	2745
2688	2748
2688	2752
2690	2757
2690	2761
2693	2766
2693	2771
2694	2775
2695	2780
2694	2784
2693	2787
2691	2791
2689	2794
2689	2798
2690	2803
2691	2808
2692	2812
2692	2816
2693	2821
2693	2825
2691	2829
2692	2834
2696	2839
2697	2844
2695	2847
2695	2851
2695	2856
2694	2860
2695	2864
2694	2868
2693	2872
2692	2876
2692	2880
2692	2885
2698	2892
2698	2896
2701	2902
2699	2905
2696	2908
2695	2912
2698	2917
2701	2923
2701	2927
2700	2931
2700	2935
2702	2941
2703	2946
2701	2949
2697	2952
2699	2957
2699	2961
2699	2966
2698	2970
2698	2974
2697	2978
2699	2984
2699	2988
2699	2992
2700	2997
2699	3001
2697	3005
2694	3008
2695	3012
2695	3017
2698	3023
2697	3027
2694	3030
2693	3034
2695	3039
2696	3044
2695	3048
2695	3053
2697	3058
2698	3064
2697	3067
2696	3071
2696	3076
2695	3080
2694	3084
2696	3089
2700	3096
2702	3102
2698	3104
2694	3107
2693	3111
2697	3117
2699	3123
2698	3128
2697	3131
2696	3135
2695	3139
2693	3143
2693	3148
2698	3155
2697	3159
2696	3163
2690	3165
2659	3153
2643	3149
2635	3149
2630	3151
2629	3155
2626	3158
2625	3162
2623	3165
2621	3169
2621	3174
2625	3180
2720	3238
2701	3232
2695	3233
2697	3239
2699	3245
2699	3250
2699	3254
2700	3260
2701	3265
2700	3269
2698	3273
2697	3277
2697	3282
2696	3286
2694	3290
2696	3296
2699	3303
2698	3307
2697	3311
2697	3316
2695	3320
2695	3325
2695	3330
2696	3335
2695	3339
2695	3344
2695	3350
2697	3355
2695	3359
2693	3363
2694	3369
2692	3372
2691	3376
2691	3382
2691	3386
2694	3394
2693	3398
2692	3402
2689	3405
2689	3410
2688	3415
2688	3419
2687	3424
2686	3429
2689	3436
2689	3440
2687	3444
2687	3449
2687	3454
2684	3458
2683	3462
2685	3468
2686	3474
2683	3478
2680	3481
2680	3486
2681	3491
2679	3495
2678	3500
2684	3509
2682	3513
2680	3516
2677	3520
2675	3524
2675	3529
2677	3535
2677	3541
2677	3546
2676	3551
2675	3555
2675	3561
2675	3566
2677	3572
2678	3579
2677	3583
2678	3589
2679	3595
2678	3600
2680	3606
2682	3613
2681	3618
2678	3621
2677	3626
2678	3632
2680	3639
2680	3644
2678	3648
2675	3651
2673	3656
2672	3660
2672	3666
2669	3669
2667	3673
2665	3677
2663	3681
2660	3684
2657	3688
2656	3692
2654	3697
2653	3701
2654	3707
2656	3714
2654	3719
2650	3721
2649	3726
2650	3732
2648	3736
2648	3742
2648	3747
2646	3751
2643	3755
2643	3760
2643	3766
2641	3770
2639	3774
2636	3777
2634	3782
2635	3788
2636	3794
2635	3800
2632	3803
2631	3808
2631	3813
2630	3818
2628	3822
2627	3828
2626	3832
2628	3840
2626	3844
2623	3847
2622	3852
2620	3857
2619	3862
2615	3865
2617	3872
2618	3879
2617	3883
2613	3886
2611	3890
2611	3896
2610	3901
2611	3908
2607	3911
2609	3918
2610	3925
2612	3932
2610	3937
2609	3942
2608	3947
2607	3953
2606	3957
2608	3965
2609	3972
2608	3977
2605	3980
2603	3985
2602	3990
2599	3994
2596	3997
2593	4001
2591	4005
2590	4011
2588	4015
2584	4018
2580	4021
2578	4025
2576	4029
2577	4036
2576	4042
2573	4045
2570	4049
2567	4052
2562	4053
2544	4044
2523	4031
2515	4030
2511	4032
2509	4037
2508	4042
2509	4049
2507	4054
2507	4060
2518	4076
2543	4105
2553	4121
2550	4125
2548	4129
2547	4135
2547	4141
2545	4146
2542	4150
2539	4153
2537	4158
2537	4164
2537	4171
2536	4176
2534	4181
2533	4186
2530	4190
2529	4196
2526	4199
2524	4204
2521	4208
2520	4213
2519	4219
2518	4224
2516	4229
2514	4234
2512	4239
2511	4244
2508	4248
2505	4252
2503	4257
2502	4262
2500	4267
2498	4272
2497	4278
2496	4283
2494	4288
2492	4293
2490	4297
2487	4302
2487	4308
2491	4320
2234	4061
2232	4065
2228	4068
2224	4070
2208	4059
2221	4079
2221	4085
2220	4090
2218	4094
2219	4102
2216	4105
2212	4108
2213	4114
2208	4116
2453	4384
2448	4386
2446	4391
2444	4396
2442	4401
2440	4406
2437	4410
2434	4414
2432	4418
2430	4423
2426	4426
2422	4430
2419	4434
2416	4437
2414	4442
2413	4449
2408	4450
2405	4454
2402	4458
2399	4462
2396	4466
2393	4470
2389	4472
2386	4476
2383	4480
2381	4485
2378	4489
2374	4493
2372	4498
2367	4500
2363	4502
2360	4506
2358	4511
2357	4518
2357	4525
2354	4529
2350	4532
2347	4536
2345	4540
2341	4544
2338	4548
2335	4551
2331	4555
2326	4556
2321	4558
2315	4559
2308	4558
2304	4561
2301	4565
2299	4569
2296	4573
2292	4577
2288	4579
2284	4583
2281	4586
2277	4589
2273	4593
2270	4596
2266	4599
2264	4604
2259	4606
2256	4609
2252	4612
2249	4616
2246	4621
2242	4624
2239	4628
2236	4631
2232	4634
2228	4637
2225	4641
2223	4647
2218	4648
2213	4650
2213	4658
2207	4659
2204	4662
2202	4668
2198	4671
2195	4674
2191	4678
2188	4682
2185	4686
2182	4690
2179	4695
2176	4699
2172	4702
2168	4705
2163	4707
2159	4709
2156	4713
2152	4716
2149	4721
2146	4725
2143	4728
2138	4730
2133	4732
2131	4737
2128	4741
2124	4744
2121	4749
2119	4755
2115	4757
2111	4760
2107	4763
2103	4766
2098	4768
2095	4772
2092	4776
2090	4781
2085	4783
2078	4781
2072	4782
2070	4787
2065	4789
2060	4791
2056	4793
2052	4796
2049	4800
2049	4809
2044	4811
2040	4814
2038	4819
2037	4827
2035	4832
2031	4836
2028	4840
2025	4844
2020	4847
2017	4850
2012	4852
2008	4855
2003	4856
1996	4855
1994	4861
1990	4863
1984	4864
1981	4868
1978	4872
1976	4879
1973	4882
1968	4885
1964	4888
1961	4891
1957	4895
1953	4898
1949	4901
1946	4906
1942	4908
1938	4911
1935	4916
1931	4919
1926	4921
1922	4924
1918	4926
1914	4929
1910	4932
1905	4934
1901	4937
1899	4943
1895	4946
1890	4947
1886	4950
1883	4955
1878	4957
1874	4960
1870	4963
1866	4965
1861	4967
1857	4970
1853	4972
1847	4973
1843	4975
1839	4978
1835	4982
1831	4985
1825	4985
1820	4986
1820	4995
1815	4996
1810	4998
1807	5003
1804	5008
1799	5010
1796	5014
1793	5019
1788	5020
1784	5023
1780	5025
1775	5028
1770	5029
1765	5031
1762	5034
1758	5038
1754	5041
1749	5043
1745	5046
1741	5048
1736	5050
1732	5052
1728	5056
1722	5054
1717	5056
1712	5058
1709	5063
1705	5066
1701	5069
1697	5073
1693	5075
1688	5077
1683	5078
1677	5078
1672	5079
1668	5081
1664	5085
1661	5090
1659	5097
1655	5100
1650	5101
1644	5101
1639	5101
1634	5102
1630	5106
1629	5114
1624	5116
1617	5113
1613	5117
1608	5117
1604	5120
1599	5122
1595	5126
1590	5127
1585	5127
1580	5128
1577	5133
1572	5134
1567	5136
1562	5138
1558	5140
1552	5140
1548	5142
1543	5144
1540	5148
1535	5150
1530	5152
1525	5153
1521	5157
1519	5163
1512	5160
1506	5160
1502	5163
1498	5166
1494	5170
1490	5172
1485	5173
1479	5172
1473	5172
1468	5172
1463	5173
1458	5175
1456	5181
1453	5186
1448	5187
1443	5189
1438	5189
1433	5192
1428	5191
1423	5193
1418	5194
1413	5195
1408	5197
1403	5198
1399	5201
1396	5206
1392	5210
1388	5214
1385	5219
1380	5221
1375	5221
1370	5223
1365	5222
1360	5224
1357	5230
1353	5232
1347	5231
1341	5231
1338	5236
1333	5236
1328	5238
1325	5243
1319	5243
1314	5244
1310	5248
1306	5250
1301	5251
1297	5254
1292	5257
1288	5259
1283	5261
1279	5263
1275	5268
1272	5274
1267	5275
1262	5277
1257	5276
1252	5278
1249	5283
1244	5285
1239	5286
1234	5287
1228	5286
1223	5285
1222	5298
1216	5295
1211	5296
1207	5300
1201	5300
1196	5300
1192	5302
1187	5304
1183	5308
1179	5313
1175	5316
1171	5320
1166	5321
1161	5321
1156	5322
1151	5321
1145	5322
1141	5325
1137	5329
1132	5331
1127	5331
1123	5334
1119	5337
1114	5339
1108	5337
1103	5338
1099	5341
1094	5344
1089	5343
1083	5342
1078	5343
1074	5344
1069	5346
1064	5346
1058	5345
1053	5345
1048	5347
1044	5350
1040	5355
1036	5359
1031	5358
1025	5358
1020	5359
1016	5361
1011	5363
1007	5365
1001	5366
997	5368
993	5373
989	5376
984	5376
979	5378
974	5381
970	5383
966	5387
961	5389
956	5391
952	5392
947	5394
942	5397
938	5400
934	5404
929	5405
923	5404
919	5406
913	5406
909	5407
904	5410
900	5413
895	5414
890	5415
885	5417
881	5420
875	5417
870	5418
865	5421
861	5425
857	5429
852	5431
848	5433
842	5433
837	5431
832	5432
827	5435
823	5437
818	5439
813	5441
808	5443
804	5444
798	5445
793	5445
787	5441
782	5441
777	5442
772	5443
767	5444
762	5445
757	5447
753	5451
749	5456
745	5459
739	5459
733	5452
728	5454
724	5458
719	5462
715	5463
709	5463
705	5465
700	5465
694	5465
689	5464
684	5466
680	5472
675	5472
670	5473
665	5473
660	5472
655	5473
650	5473
645	5474
640	5476
635	5477
630	5478
625	5478
620	5479
615	5481
611	5485
607	5490
602	5492
597	5493
592	5497
587	5498
583	5500
578	5502
573	5503
568	5503
563	5506
559	5510
554	5512
549	5517
545	5521
540	5525
536	5530
531	5532
526	5532
521	5532
515	5529
510	5529
505	5528
500	5528
495	5528
490	5529
485	5531
480	5532
475	5533
469	5532
464	5532
459	5533
454	5534
449	5533
444	5534
439	5537
435	5541
430	5543
425	5543
420	5542
415	5543
409	5544
405	5545
400	5547
395	5547
389	5545
384	5543
378	5541
373	5541
368	5543
364	5545
359	5547
354	5547
348	5547
343	5544
338	5545
333	5545
328	5548
323	5549
318	5552
313	5552
308	5553
303	5553
298	5554
293	5554
288	5556
283	5559
278	5563
273	5564
268	5565
263	5566
258	5567
253	5568
248	5568
243	5568
238	5566
233	5565
228	5566
223	5567
218	5570
213	5571
207	5570
202	5571
197	5571
192	5572
187	5575
182	5572
177	5569
172	5569
166	5569
161	5570
156	5571
151	5571
146	5572
141	5573
136	5576
131	5576
126	5575
121	5573
116	5574
111	5573
105	5572
100	5571
95	5571
90	5569
85	5568
80	5569
75	5570
70	5571
65	5570
59	5568
54	5569
49	5570
44	5567
39	5564
34	5560
29	5563
3	5035
-2	5038
-6	5037
-11	5036
-15	5033
-19	5034
-24	5035
-28	5030
-33	5020
-37	5018
-41	5017
-46	5012
-50	5011
-55	5011
-59	5012
-63	5015
-68	5017
-72	5018
-76	5023
-81	5033
-85	5034
-89	5033
-94	5034
-98	5039
-103	5040
-107	5039
-111	5035
-134	5570
-139	5569
-144	5569
-149	5568
-154	5567
-159	5566
-164	5566
-169	5565
-174	5562
-179	5558
-184	5555
-189	5554
-194	5554
-199	5553
-204	5553
-209	5552
-214	5552
-219	5551
-224	5550
-230	5550
-235	5550
-240	5548
-245	5547
-250	5548
-255	5547
-260	5544
-265	5543
-270	5544
-275	5544
-280	5545
-285	5545
-290	5546
-295	5546
-300	5548
-305	5547
-310	5545
-315	5544
-320	5542
-325	5540
-330	5539
-335	5539
-340	5537
-345	5536
-350	5535
-355	5532
-360	5530
-365	5529
-370	5527
-375	5528
-380	5529
-385	5530
-390	5529
-395	5528
-400	5529
-405	5528
-410	5527
-415	5522
-420	5519
-425	5517
-430	5517
-435	5516
-440	5515
-445	5513
-449	5510
-454	5507
-459	5502
-464	5502
-469	5504
-474	5502
-479	5501
-484	5500
-489	5499
-493	5497
-498	5497
-503	5496
-508	5495
-513	5493
-518	5494
-523	5495
-529	5495
-534	5497
-540	5504
-545	5504
-550	5505
-555	5504
-560	5502
-565	5502
-570	5502
-575	5501
-580	5502
-585	5501
-590	5500
-595	5500
-600	5499
-605	5498
-610	5499
-615	5498
-620	5496
-625	5495
-630	5496
-635	5496
-640	5493
-645	5492
-650	5494
-656	5495
-661	5495
-666	5494
-671	5494
-676	5494
-681	5494
-686	5494
-691	5495
-697	5495
-701	5494
-706	5492
-711	5492
-716	5492
-722	5492
-727	5493
-732	5492
-737	5492
-742	5491
-747	5490
-752	5490
-757	5489
-761	5485
-766	5483
-771	5482
-776	5481
-781	5480
-786	5480
-791	5480
-796	5480
-801	5479
-806	5478
-811	5477
-816	5474
-820	5469
-825	5466
-829	5463
-834	5463
-839	5463
-844	5462
-850	5462
-854	5460
-859	5457
-864	5456
-869	5455
-874	5454
-879	5455
-884	5456
-889	5455
-895	5455
-900	5457
-905	5457
-911	5457
-915	5456
-921	5456
-926	5456
-931	5455
-936	5455
-941	5455
-946	5455
-952	5455
-957	5455
-962	5456
-968	5457
-973	5456
-977	5453
-981	5447
-986	5445
-991	5444
-996	5444
-1001	5444
-1007	5445
-1012	5447
-1018	5448
-1023	5449
-1028	5447
-1033	5446
-1038	5446
-1043	5445
-1049	5445
-1054	5445
-1059	5443
-1063	5441
-1068	5438
-1072	5436
-1077	5433
-1082	5432
-1087	5430
-1091	5427
-1095	5423
-1100	5422
-1105	5421
-1110	5419
-1115	5417
-1119	5415
-1124	5412
-1129	5411
-1133	5408
-1137	5404
-1141	5400
-1145	5396
-1150	5393
-1155	5393
-1160	5390
-1164	5388
-1169	5386
-1174	5384
-1178	5383
-1183	5381
-1188	5381
-1194	5380
-1199	5380
-1204	5381
-1209	5380
-1214	5377
-1218	5374
-1222	5371
-1227	5369
-1232	5366
-1236	5364
-1241	5361
-1245	5358
-1250	5356
-1254	5355
-1259	5353
-1264	5352
-1269	5350
-1274	5349
-1279	5348
-1284	5348
-1290	5349
-1295	5348
-1300	5347
-1305	5347
-1310	5347
-1315	5345
-1320	5344
-1325	5343
-1330	5342
-1335	5340
-1340	5339
-1345	5338
-1350	5336
-1354	5334
-1358	5331
-1363	5329
-1368	5328
-1372	5325
-1377	5322
-1382	5321
-1386	5318
-1391	5316
-1395	5315
-1401	5314
-1406	5313
-1410	5311
-1416	5311
-1420	5308
-1424	5305
-1430	5305
-1435	5305
-1440	5303
-1445	5302
-1449	5300
-1454	5299
-1460	5298
-1465	5298
-1470	5296
-1474	5294
-1479	5293
-1484	5291
-1489	5289
-1493	5286
-1498	5286
-1504	5285
-1508	5283
-1513	5282
-1518	5280
-1522	5278
-1527	5275
-1531	5272
-1536	5271
-1541	5271
-1546	5269
-1551	5267
-1556	5265
-1560	5263
-1565	5261
-1570	5259
-1575	5258
-1581	5259
-1585	5256
-1589	5253
-1594	5251
-1599	5250
-1603	5248
-1608	5246
-1613	5244
-1618	5243
-1622	5241
-1626	5236
-1630	5232
-1635	5231
-1639	5228
-1644	5226
-1649	5225
-1654	5224
-1659	5223
-1665	5223
-1670	5222
-1674	5219
-1679	5217
-1683	5215
-1688	5213
-1693	5212
-1697	5209
-1702	5208
-1708	5209
-1714	5209
-1720	5209
-1724	5207
-1729	5204
-1734	5202
-1737	5198
-1741	5195
-1746	5193
-1751	5192
-1755	5189
-1759	5185
-1763	5181
-1768	5179
-1773	5179
-1779	5178
-1783	5176
-1787	5173
-1791	5169
-1795	5166
-1799	5163
-1803	5159
-1807	5156
-1812	5155
-1818	5155
-1823	5154
-1828	5152
-1832	5148
-1835	5143
-1839	5141
-1844	5139
-1849	5136
-1853	5135
-1858	5132
-1862	5129
-1864	5122
-1867	5117
-1871	5113
-1875	5111
-1880	5109
-1884	5106
-1889	5104
-1894	5102
-1898	5100
-1903	5098
-1907	5094
-1911	5091
-1915	5089
-1921	5088
-1925	5086
-1929	5083
-1933	5080
-1937	5077
-1940	5071
-1943	5066
-1946	5060
-1949	5055
-1953	5053
-1958	5050
-1962	5048
-1965	5044
-1969	5040
-1973	5037
-1977	5034
-1982	5033
-1989	5034
-1996	5036
-2002	5036
-2006	5034
-2010	5030
-2013	5025
-2017	5021
-2021	5019
-2025	5016
-2030	5014
-2035	5012
-2038	5008
-2042	5005
-2046	5002
-2050	4998
-2054	4995
-2057	4990
-2060	4985
-2064	4982
-2068	4980
-2072	4976
-2076	4973
-2080	4970
-2083	4966
-2088	4963
-2092	4960
-2095	4956
-2099	4953
-2103	4950
-2107	4947
-2111	4943
-2115	4940
-2119	4937
-2123	4933
-2127	4931
-2132	4929
-2135	4925
-2139	4922
-2142	4917
-2146	4914
-2151	4912
-2154	4908
-2158	4906
-2163	4903
-2166	4899
-2170	4896
-2175	4894
-2179	4891
-2183	4887
-2187	4885
-2190	4881
-2194	4877
-2198	4874
-2201	4870
-2205	4867
-2210	4865
-2214	4863
-2218	4860
-2222	4856
-2226	4853
-2230	4850
-2234	4847
-2238	4844
-2243	4842
-2246	4838
-2251	4836
-2257	4836
-2260	4832
-2263	4828
-2267	4824
-2271	4821
-2275	4818
-2280	4816
-2285	4815
-2290	4813
-2294	4810
-2297	4806
-2301	4802
-2304	4799
-2308	4796
-2312	4792
-2315	4788
-2320	4786
-2322	4781
-2325	4776
-2329	4773
-2334	4771
-2338	4769
-2342	4765
-2345	4761
-2349	4758
-2353	4755
-2357	4752
-2360	4748
-2364	4744
-2366	4739
-2369	4735
-2373	4732
-2376	4727
-2380	4724
-2383	4720
-2386	4716
-2389	4712
-2393	4708
-2396	4704
-2399	4700
-2403	4697
-2408	4695
-2412	4692
-2415	4688
-2418	4684
-2422	4680
-2425	4676
-2428	4673
-2431	4668
-2435	4665
-2439	4662
-2441	4656
-2445	4653
-2449	4650
-2453	4647
-2456	4644
-2460	4641
-2463	4637
-2467	4634
-2471	4630
-2474	4626
-2477	4622
-2480	4617
-2482	4612
-2485	4608
-2487	4602
-2488	4596
-2490	4591
-2495	4589
-2499	4586
-2504	4584
-2507	4580
-2509	4575
-2512	4571
-2516	4567
-2518	4563
-2520	4557
-2524	4555
-2528	4552
-2532	4549
-2538	4548
-2543	4546
-2546	4542
-2549	4538
-2552	4534
-2555	4530
-2557	4525
-2560	4521
-2563	4517
-2567	4514
-2570	4510
-2571	4503
-2573	4498
-2577	4495
-2582	4493
-2583	4487
-2586	4483
-2589	4479
-2593	4476
-2594	4470
-2596	4465
-2600	4461
-2604	4459
-2608	4456
-2612	4453
-2614	4448
-2616	4443
-2619	4439
-2622	4435
-2625	4430
-2627	4426
-2630	4422
-2633	4418
-2637	4415
-2640	4411
-2641	4405
-2643	4400
-2646	4396
-2652	4395
-2657	4393
-2660	4389
-2662	4384
-2665	4381
-2667	4376
-2670	4372
-2674	4368
-2677	4365
-2679	4360
-2684	4358
-2686	4353
-2688	4348
-2688	4341
-2691	4337
-2694	4333
-2697	4330
-2700	4325
-2702	4321
-2705	4316
-2706	4310
-2705	4303
-2708	4299
-2712	4296
-2714	4291
-2714	4284
-2716	4280
-2719	4276
-2722	4272
-2723	4266
-2726	4262
-2729	4258
-2731	4254
-2734	4250
-2734	4243
-2736	4238
-2738	4233
-2740	4229
-2742	4224
-2745	4220
-2749	4217
-2751	4213
-2754	4208
-2756	4204
-2757	4199
-2759	4193
-2760	4188
-2761	4183
-2762	4176
-2764	4172
-2767	4168
-2770	4164
-2773	4161
-2775	4156
-2776	4150
-2779	4146
-2781	4142
-2784	4138
-2786	4134
-2787	4128
-2789	4123
-2790	4118
-2792	4113
-2795	4110
-2797	4105
-2800	4101
-2804	4098
-2808	4095
-2810	4091
-2812	4086
-2813	4081
-2814	4075
-2815	4070
-2816	4065
-2818	4060
-2820	4056
-2822	4051
-2822	4045
-2821	4038
-2823	4033
-2824	4028
-2825	4022
-2826	4017
-2827	4012
-2829	4007
-2829	4001
-2830	3996
-2832	3991
-2833	3986
-2834	3980
-2834	3975
-2836	3970
-2837	3965
-2835	3957
-2837	3953
-2840	3949
-2841	3944
-2841	3937
-2842	3933
-2844	3928
-2845	3923
-2847	3919
-2849	3914
-2851	3910
-2852	3905
-2853	3900
-2854	3895
-2855	3889
-2851	3881
-2853	3876
-2856	3872
-2859	3868
-2861	3864
-2861	3859
-2861	3853
-2863	3848
-2865	3844
-2868	3840
-2870	3837
-2872	3832
-2874	3828
-2876	3823
-2876	3818
-2875	3811
-2878	3807
-2878	3802
-2879	3797
-2881	3793
-2883	3788
-2884	3784
-2888	3780
-2890	3776
-2891	3771
-2891	3766
-2891	3760
-2892	3755
-2890	3748
-2892	3744
-2897	3741
-2899	3737
-2901	3733
-2903	3729
-2903	3723
-2901	3716
-2903	3712
-2904	3707
-2904	3702
-2904	3696
-2903	3690
-2906	3686
-2908	3682
-2907	3676
-2905	3669
-2904	3663
-2906	3659
-2903	3651
-2903	3646
-2907	3643
-2908	3638
-2910	3634
-2913	3630
-2913	3625
-2914	3620
-2914	3615
-2914	3610
-2914	3604
-2916	3600
-2918	3596
-2913	3587
-2917	3584
-2918	3580
-2919	3575
-2921	3571
-2923	3567
-2924	3562
-2923	3556
-2921	3550
-2922	3545
-2925	3541
-2927	3538
-2930	3534
-2930	3529
-2930	3524
-2929	3517
-2932	3514
-2933	3510
-2934	3505
-2935	3500
-2936	3496
-2935	3490
-2938	3486
-2940	3483
-2941	3478
-2943	3474
-2944	3470
-2947	3466
-2947	3461
-2945	3455
-2944	3449
-2947	3445
-2947	3440
-2949	3436
-2951	3432
-2952	3428
-2954	3424
-2956	3420
-2957	3415
-2958	3411
-2959	3406
-2960	3402
-2961	3397
-2962	3392
-2963	3388
-2962	3382
-2963	3378
-2964	3373
-2965	3369
-2966	3364
-2967	3360
-2967	3355
-2965	3349
-2964	3343
-2964	3338
-2966	3334
-2969	3331
-2968	3325
-2966	3319
-2966	3314
-2966	3309
-2965	3303
-2965	3299
-2967	3295
-2967	3290
-2968	3285
-2967	3280
-2968	3275
-2966	3270
-2967	3265
-2968	3261
-2968	3256
-2966	3250
-2965	3244
-2965	3240
-2960	3232
-2960	3227
-2961	3223
-2963	3219
-2965	3215
-2967	3211
-2966	3206
-2964	3200
-2963	3195
-2963	3190
-2962	3184
-2962	3180
-2962	3175
-2963	3171
-2964	3167
-2959	3159
-2959	3154
-2961	3151
-2963	3147
-2962	3142
-2961	3137
-2960	3131
-2960	3126
-2960	3122
-2959	3117
-2958	3111
-2958	3107
-2956	3101
-2955	3096
-2955	3091
-2955	3086
-2955	3082
-2954	3077
-2956	3073
-2955	3068
-2953	3062
-2954	3058
-2955	3054
-2953	3048
-2949	3042
-2948	3037
-2950	3033
-2952	3029
-2952	3025
-2950	3019
-2950	3015
-2948	3009
-2947	3004
-2948	3000
-2950	2996
-2949	2992
-2948	2987
-2947	2981
-2945	2976
-2943	2970
-2940	2965
-2938	2959
-2938	2955
-2941	2952
-2942	2948
-2939	2942
-2937	2936
-2937	2932
-2937	2928
-2937	2923
-2935	2918
-2933	2913
-2934	2908
-2934	2904
-2932	2899
-2930	2894
-2931	2890
-2930	2885
-2927	2879
-2924	2874
-2921	2868
-2920	2863
-2920	2859
-2920	2855
-2919	2850
-2919	2845
-2922	2842
-2924	2838
-2918	2832
-2912	2825
-2912	2821
-2913	2817
-2911	2812
-2909	2807
-2911	2803
-2911	2799
-2909	2794
-2909	2789
-2909	2785
-2910	2781
-2907	2776
-2907	2772
-2906	2767
-2904	2762
-2904	2758
-2904	2754
-2901	2748
-2899	2743
-2898	2739
-2899	2735
-2900	2731
-2900	2727
-2900	2722
-2898	2718
-2899	2714
-2899	2710
-2899	2705
-2898	2701
-2897	2696
-2895	2691
-2894	2687
-2894	2683
-2891	2678
-2890	2673
-2890	2669
-2890	2665
-2888	2660
-2887	2656
-2887	2651
-2885	2647
-2885	2642
-2887	2639
-2889	2635
-2889	2631
-2889	2627
-2888	2623
-2884	2618
-2885	2614
-2884	2609
-2882	2605
-2882	2600
-2879	2595
-2877	2591
-2878	2587
-2878	2583
-2877	2579
-2874	2573
-2870	2568
-2870	2564
-2871	2561
-2870	2556
-2868	2551
-2867	2547
-2866	2543
-2865	2539
-2866	2535
-2866	2531
-2867	2527
-2866	2523
-2864	2518
-2861	2513
-2859	2509
-2860	2505
-2860	2501
-2859	2497
-2860	2493
-2862	2490
-2859	2485
-2857	2480
-2858	2477
-2856	2472
-2854	2468
-2852	2463
-2850	2459
-2852	2456
-2852	2452
-2850	2447
-2846	2442
-2846	2438
-2847	2435
-2846	2431
-2846	2427
-2846	2423
-2845	2419
-2842	2414
-2842	2410
-2837	2405
-2842	2402
-2841	2398
-2839	2394
-2839	2390
-2838	2386
-2838	2382
-2833	2377
-2830	2372
-2830	2368
-2832	2365
-2831	2361
-2830	2357
-2832	2353
-2832	2350
-2831	2346
-2832	2342
-2831	2338
-2826	2333
-2825	2329
-2827	2326
-2825	2321
-2823	2317
-2820	2313
-2820	2309
-2822	2305
-2823	2302
-2823	2298
-2819	2293
-2817	2289
-2819	2286
-2819	2282
-2817	2278
-2816	2274
-2818	2271
-2818	2267
-2815	2262
-2813	2258
-2814	2255
-2815	2251
-2814	2247
-2811	2243
-2809	2239
-2810	2235
-2810	2231
-2806	2227
-2804	2223
-2805	2219
-2806	2216
-2805	2212
-2803	2208
-2800	2203
-2796	2199
-2793	2195
-2794	2191
-2798	2188
-2798	2185
-2800	2181
-2800	2177
-2798	2174
-2795	2169
-2797	2166
-2797	2162
-2797	2159
-2795	2154
-2793	2151
-2795	2147
-2789	2143
-2792	2139
-2792	2136
-2790	2132
-2787	2128
-2786	2124
-2786	2120
-2784	2116
-2783	2112
-2783	2109
-2781	2105
-2778	2101
-2776	2097
-2775	2093
-2773	2089
-2772	2085
-2771	2081
-2768	2077
-2767	2074
-2766	2070
-2768	2067
-2769	2063
-2769	2060
-2764	2055
-2766	2052
-2767	2049
-2765	2045
-2763	2041
-2763	2037
-2763	2034
-2762	2030
-2760	2026
-2760	2022
-2758	2019
-2754	2015
-2751	2011
-2748	2007
-2749	2003
-2745	1999
-2746	1996
-2747	1992
-2746	1989
-2746	1985
-2745	1982
-2743	1978
-2739	1974
-2737	1970
-2737	1966
-2737	1963
-2739	1960
-2740	1956
-2738	1952
-2737	1949
-2737	1945
-2735	1942
-2733	1938
-2733	1934
-2732	1931
-2734	1927
-2734	1924
-2733	1920
-2731	1917
-2728	1913
-2726	1909
-2725	1906
-2725	1902
-2726	1899
-2728	1895
-2726	1892
-2725	1888
-2724	1884
-2723	1881
-2722	1877
-2720	1874
-2720	1870
-2719	1867
-2715	1863
-2714	1859
-2714	1856
-2712	1852
-2711	1849
-2712	1845
-2712	1842
-2711	1838
-2707	1835
-2706	1831
-2707	1828
-2705	1824
-2703	1821
-2701	1817
-2702	1814
-2703	1810
-2701	1807
-2701	1803
-2699	1800
-2699	1796
-2699	1793
-2697	1789
-2695	1786
-2692	1782
-2692	1779
-2695	1775
-2694	1772
-2691	1768
-2691	1765
-2691	1761
-2690	1758
-2687	1754
-2685	1751
-2685	1748
-2685	1744
-2684	1741
-2685	1737
-2685	1734
-2682	1730
-2681	1727
-2678	1724
-2678	1720
-2676	1717
-2676	1713
-2676	1710
-2676	1706
-2675	1703
-2673	1700
-2673	1696
-2673	1693
-2671	1689
-2669	1686
-2668	1683
-2669	1679
-2673	1676
-2671	1672
-2669	1669
-2668	1665
-2667	1662
-2664	1659
-2662	1655
-2661	1652
-2661	1649
-2661	1645
-2661	1642
-2660	1638
-2660	1635
-2660	1632
-2658	1628
-2658	1625
-2657	1621
-2654	1618
-2652	1615
-2653	1611
-2654	1608
-2653	1605
-2651	1601
-2649	1598
-2648	1595
-2649	1591
-2649	1588
-2648	1585
-2646	1581
-2643	1578
-2643	1575
-2643	1571
-2641	1568
-2643	1564
-2640	1561
-2640	1558
-2639	1555
-2637	1551
-2635	1548
-2635	1545
-2634	1541
-2634	1538
-2633	1535
-2633	1531
-2628	1528
-2627	1525
-2626	1522
-2625	1518
-2623	1515
-2622	1512
-2621	1508
-2621	1505
-2622	1502
-2622	1498
-2621	1495
-2620	1492
-2620	1488
-2619	1485
-2616	1482
-2614	1479
-2614	1475
-2613	1472
-2613	1469
-2612	1466
-2612	1462
-2612	1459
-2612	1455
-2611	1452
-2610	1449
-2609	1446
-2609	1442
-2608	1439
-2607	1436
-2607	1432
-2605	1429
-2604	1426
-2604	1423
-2602	1419
-2601	1416
-2600	1413
-2599	1410
-2598	1407
-2597	1403
-2595	1400
-2593	1397
-2593	1394
-2591	1391
-2591	1387
-2588	1384
-2584	1381
-2583	1378
-2582	1375
-2583	1371
-2582	1368
-2580	1365
-2579	1362
-2578	1359
-2576	1356
-2575	1352
-2575	1349
-2574	1346
-2575	1342
-2574	1339
-2571	1336
-2569	1333
-2570	1330
-2569	1327
-2568	1323
-2569	1320
-2569	1316
-2569	1313
-2569	1310
-2567	1307
-2563	1304
-2561	1301
-2559	1298
-2560	1294
-2559	1291
-2558	1288
-2557	1285
-2558	1281
-2558	1278
-2556	1275
-2554	1272
-2553	1269
-2549	1266
-2548	1263
-2547	1260
-2549	1256
-2551	1252
-2548	1250
-2547	1247
-2545	1243
-2545	1240
-2544	1237
-2541	1234
-2541	1231
-2540	1228
-2540	1224
-2540	1221
-2540	1218
-2538	1215
-2537	1211
-2535	1209
-2533	1206
-2532	1202
-2532	1199
-2531	1196
-2531	1193
-2530	1189
-2527	1187
-2526	1184
-2525	1180
-2523	1177
-2522	1174
-2520	1171
-2519	1168
-2519	1165
-2519	1161
-2517	1158
-2518	1155
-2517	1152
-2515	1149
-2513	1146
-2510	1143
-2509	1140
-2509	1137
-2510	1133
-2510	1130
-2509	1127
-2508	1123
-2507	1121
-2506	1117
-2505	1114
-2504	1111
-2503	1108
-2500	1105
-2499	1102
-2498	1099
-2497	1096
-2496	1093
-2494	1090
-2493	1087
-2491	1084
-2491	1081
-2490	1077
-2488	1074
-2488	1071
-2487	1068
-2486	1065
-2487	1061
-2486	1058
-2485	1055
-2486	1052
-2484	1049
-2476	1047
-2477	1044
-2480	1039
-2478	1037
-2476	1034
-2475	1031
-2471	1028
-2470	1025
-2469	1022
-2469	1019
-2467	1016
-2467	1013
-2466	1009
-2464	1007
-2463	1003
-2462	1000
-2463	997
-2463	993
-2462	990
-2461	987
-2461	984
-2459	981
-2457	978
-2456	975
-2456	972
-2456	968
-2455	965
-2455	962
-2454	959
-2452	956
-2451	953
-2451	949
-2448	947
-2446	944
-2444	941
-2444	938
-2444	934
-2442	931
-2441	929
-2440	925
-2439	922
-2439	919
-2439	915
-2439	912
-2435	910
-2433	907
-2432	904
-2435	899
-2433	897
-2431	894
-2430	891
-2431	887
-2431	884
-2430	881
-2429	877
-2427	875
-2426	872
-2426	868
-2424	865
-2422	863
-2421	859
-2419	856
-2419	853
-2420	849
-2419	846
-2418	843
-2417	840
-2415	837
-2413	835
-2413	831
-2411	828
-2410	825
-2409	822
-2408	819
-2408	816
-2407	812
-2406	809
-2404	806
-2404	803
-2402	800
-2399	798
-2397	795
-2397	792
-2396	789
-2394	786
-2396	782
-2394	779
-2392	776
-2392	772
-2391	769
-2390	766
-2387	764
-2386	761
-2385	758
-2386	754
-2388	750
-2385	747
-2384	744
-2382	741
-2381	738
-2380	735
-2378	732
-2376	730
-2374	727
-2375	723
-2375	719
-2375	716
-2374	713
-2372	710
-2372	707
-2373	703
-2369	700
-2367	698
-2367	694
-2366	691
-2366	688
-2366	684
-2364	681
-2363	678
-2361	676
-2360	672
-2360	669
-2359	666
-2357	663
-2357	659
-2355	657
-2353	654
-2352	651
-2351	647
-2351	644
-2350	641
-2347	638
-2346	636
-2345	633
-2344	629
-2345	625
-2344	622
-2344	618
-2343	615
-2341	613
-2338	610
-2336	607
-2335	604
-2334	601
-2335	597
-2333	594
-2331	592
-2331	588
-2330	585
-2328	582
-2328	579
-2326	576
-2325	573
-2325	569
-2323	566
-2321	563
-2320	560
-2319	557
-2319	554
-2317	551
-2316	548
-2317	543
-2316	540
-2315	537
-2313	534
-2312	531
-2311	528
-2310	525
-2309	521
-2308	519
-2307	515
-2305	512
-2303	510
-2302	506
-2301	503
-2297	501
-2297	498
-2295	495
-2293	493
-2292	489
-2291	486
-2291	483
-2289	480
-2287	477
-2286	474
-2284	471
-2285	467
-2286	463
-2284	460
-2284	456
-2283	453
-2281	450
-2280	447
-2281	442
-2278	440
-2275	438
-2275	434
-2276	430
-2275	426
-2275	423
-2274	420
-2274	416
-2273	412
-2272	409
-2271	406
-2269	403
-2268	400
-2267	397
-2265	394
-2262	392
-2260	389
-2260	386
-2260	382
-2261	377
-2261	373
-2259	370
-2256	368
-2255	365
-2253	362
-2251	360
-2249	357
-2247	354
-2245	351
-2245	348
-2246	343
-2244	340
-2242	337
-2240	335
-2237	333
-2235	330
-2235	326
-2234	323
-2232	320
-2232	317
-2230	314
-2228	311
-2228	307
-2228	303
-2227	300
-2225	297
-2221	295
-2220	292
-2218	289
-2217	286
-2216	283
-2215	279
-2213	277
-2212	273
-2210	270
-2209	267
-2209	263
-2208	260
-2206	257
-2205	254
-2205	250
-2204	246
-2202	244
-2200	241
-2197	239
-2196	235
-2193	233
-2191	230
-2191	226
-2191	222
-2189	220
-2188	216
-2188	212
-2187	209
-2185	206
-2182	204
-2179	202
-2175	200
-2172	199
-2169	196
-2167	194
-2164	192
-2160	191
-2156	189
-2153	187
-2149	186
-2146	184
-2145	181
-2141	179
-2138	177
-2135	175
-2133	172
-2131	170
-2129	167
-2128	164
-2125	162
-2121	161
-2121	157
-2119	154
-2117	151
-2116	148
-2113	146
-2110	144
-2110	140
-2112	134
-2112	129
-2109	128
-2106	126
-2104	123
-2103	120
-2103	115
-2103	111
-2102	108
-2100	105
-2099	102
-2097	98
-2095	96
-2093	93
-2093	89
-2093	85
-2091	82
-2086	81
-2084	79
-2081	77
-2082	72
-2085	65
-2084	61
-2083	58
-2082	55
-2081	51
-2079	48
-2078	45
-2076	42
-2077	37
-2076	33
-2075	29
-2072	27
-2069	25
-2068	22
-2069	17
-2067	14
-2066	10
-2063	8
-2062	5
-2062	1
-2061	-3
-2060	-7
-2058	-10
-2056	-12
-2054	-16
-2054	-20
-2051	-22
-2051	-27
-2052	-31
-2049	-34
-2047	-36
-2046	-40
-2045	-44
-2043	-47
-2042	-51
-2041	-54
-2039	-57
-2038	-60
-2036	-64
-2035	-67
-2033	-70
-2032	-74
-2032	-79
-2031	-82
-2028	-84
-2026	-87
-2026	-92
-2026	-96
-2024	-99
-2023	-103
-2023	-108
-2022	-112
-2019	-114
-2018	-118
-2018	-122
-2017	-125
-2016	-129
-2014	-133
-2012	-136
-2010	-138
-2007	-140
-2005	-143
-2004	-147
-2003	-151
-2002	-155
-2001	-158
-1999	-162
-1997	-164
-1995	-167
-1995	-172
-1994	-177
-1992	-179
-1990	-182
-1988	-185
-1987	-189
-1985	-192
-1983	-195
-1981	-198
-1973	-195
-1967	-194
-1960	-192
-1955	-192
-1948	-190
-1943	-190
-1939	-190
-1936	-192
-1932	-193
-1929	-195
-1927	-198
-1925	-201
-1920	-201
-1916	-202
-1914	-205
-1913	-209
-1910	-210
-1907	-212
-1903	-213
-1900	-215
-1897	-217
-1895	-220
-1893	-223
-1884	-218
-1878	-217
-1870	-214
-1864	-212
-1856	-209
-1852	-209
-1849	-211
-1845	-212
-1842	-214
-1840	-217
-1839	-220
-1837	-224
-1835	-226
-1828	-224
-1822	-222
-1817	-222
-1811	-221
-1804	-218
-1798	-216
-1792	-214
-1774	-199
-1768	-198
-1764	-198
-1759	-197
-1754	-197
-1749	-196
-1744	-196
-1740	-196
-1724	-184
-1720	-184
-1717	-185
-1713	-185
-1710	-187
-1706	-188
-1703	-189
-1691	-180
-1685	-178
-1682	-179
-1679	-181
-1676	-183
-1672	-183
-1667	-182
-1664	-183
-1661	-185
-1658	-187
-1653	-186
-1649	-185
-1644	-184
-1639	-184
-1636	-185
-1632	-185
-1628	-186
-1626	-188
-1623	-189
-1621	-192
-1618	-193
-1613	-193
-1606	-189
-1602	-189
-1596	-187
-1591	-186
-1588	-187
-1586	-189
-1585	-193
-1583	-196
-1572	-187
-1565	-183
-1557	-178
-1554	-179
-1550	-180
-1547	-181
-1544	-182
-1535	-175
-1530	-174
-1527	-175
-1522	-175
-1518	-174
-1514	-175
-1508	-171
-1503	-170
-1502	-173
-1498	-173
-1493	-172
-1491	-174
-1490	-178
-1489	-182
-1486	-184
-1483	-184
-1480	-185
-1474	-182
-1468	-180
-1465	-181
-1462	-182
-1455	-177
-1449	-175
-1442	-170
-1437	-169
-1435	-171
-1433	-173
-1429	-173
-1427	-174
-1423	-175
-1421	-177
-1419	-179
-1415	-179
-1410	-177
-1405	-176
-1402	-177
-1397	-174
-1390	-170
-1382	-164
-1376	-160
-1373	-161
-1370	-163
-1370	-168
-1373	-176
-1372	-181
-1365	-176
-1357	-170
-1353	-168
-1348	-167
-1345	-167
-1343	-170
-1341	-172
-1339	-174
-1336	-175
-1325	-165
-1322	-165
-1318	-165
-1325	-180
-1320	-177
-1319	-182
-1317	-185
-1314	-186
-1308	-181
-1304	-181
-1301	-181
-1297	-181
-1293	-180
-1290	-180
-1286	-180
-1280	-176
-1275	-174
-1272	-175
-1269	-176
-1266	-176
-1263	-176
-1260	-177
-1258	-179
-1254	-178
-1249	-177
-1245	-175
-1242	-176
-1240	-178
-1238	-179
-1235	-181
-1230	-178
-1228	-181
-1225	-181
-1222	-181
-1218	-181
-1215	-182
-1212	-182
-1209	-182
-1205	-182
-1202	-182
-1198	-181
-1194	-180
-1191	-181
-1189	-182
-1185	-181
-1180	-178
-1175	-176
-1173	-179
-1170	-179
-1168	-181
-1165	-180
-1161	-180
-1159	-182
-1155	-180
-1151	-180
-1147	-178
-1143	-177
-1138	-175
-1137	-177
-1134	-178
-1131	-179
-1128	-180
-1124	-177
-1120	-177
-1117	-178
-1115	-179
-1111	-178
-1108	-178
-1106	-180
-1097	-170
-1094	-170
-1090	-169
-1086	-167
-1083	-168
-1081	-169
-1078	-170
-1081	-181
-1076	-177
-1074	-179
-1071	-179
-1068	-181
-1064	-179
-1061	-178
-1057	-177
-1055	-179
-1051	-177
-1048	-179
-1045	-177
-1042	-178
-1034	-169
-1032	-171
-1028	-169
-1025	-169
-1024	-172
-1021	-174
-1018	-174
-1011	-166
-1009	-168
-1007	-171
-1005	-172
-1002	-173
-1000	-173
-1000	-180
-998	-182
-995	-182
-992	-184
-986	-178
-984	-180
-982	-181
-978	-180
-978	-186
-975	-186
-972	-186
-951	-148
-947	-147
-945	-147
-942	-148
-939	-148
-937	-149
-935	-151
-932	-152
-935	-164
-931	-162
-928	-162
-926	-163
-925	-167
-922	-168
-919	-168
-916	-167
-912	-165
-910	-167
-908	-169
-906	-172
-905	-175
-903	-177
-868	-106
-867	-110
-865	-111
-861	-109
-858	-108
-855	-108
-852	-109
-850	-110
-847	-109
-845	-110
-842	-111
-840	-112
-838	-113
-781	-7
-778	-5
-775	-3
-772	-2
-768	-0
-765	1
-763	1
-759	3
-757	3
-754	3
-752	3
-749	3
-747	3
-744	3
-742	2
-739	3
-736	3
-734	2
-732	1
-732	-6
-733	-14
-731	-16
-727	-12
-722	-7
-719	-5
-718	-9
-717	-13
-716	-17
-715	-21
-744	-125
-743	-130
-742	-134
-740	-138
-738	-140
-736	-141
-733	-141
-731	-143
-729	-144
-726	-144
-724	-146
-722	-147
-719	-148
-717	-148
-715	-149
-712	-150
-710	-151
-707	-152
-705	-153
-703	-153
-700	-153
-698	-155
-695	-154
-692	-153
-690	-155
-687	-156
-684	-155
-682	-156
-680	-157
-678	-161
-676	-161
-672	-157
-668	-154
-664	-151
-661	-148
-658	-147
-655	-146
-652	-145
-649	-144
-645	-142
-643	-142
-640	-142
-638	-143
-635	-143
-633	-145
-631	-147
-629	-149
-627	-150
-624	-148
-621	-146
-618	-146
-615	-146
-613	-146
-610	-144
-607	-145
-605	-148
-603	-149
-601	-151
-606	-177
-603	-177
-601	-178
-599	-179
-596	-179
-593	-178
-590	-178
-587	-177
-585	-176
-582	-177
-580	-179
-578	-179
-575	-180
-572	-179
-569	-178
-567	-177
-564	-179
-562	-178
-559	-176
-556	-178
-554	-181
-552	-179
-549	-179
-547	-180
-545	-186
-543	-186
-540	-186
-538	-187
-535	-186
-533	-187
-530	-188
-528	-187
-525	-186
-522	-186
-519	-186
-517	-187
-514	-186
-512	-187
-509	-188
-507	-187
-505	-189
-502	-189
-499	-189
-496	-188
-494	-187
-491	-187
-489	-187
-486	-188
-484	-187
-481	-187
-478	-186
-476	-186
-473	-186
-470	-186
-468	-187
-466	-187
-463	-187
-460	-186
-458	-187
-455	-186
-453	-187
-450	-188
-448	-187
-445	-186
-442	-187
-440	-186
-437	-186
-435	-186
-432	-186
-430	-186
-427	-187
-425	-186
-422	-187
-420	-187
-417	-187
-415	-187
-412	-187
-409	-186
-407	-186
-404	-187
-402	-186
-399	-187
-397	-186
-394	-187
-392	-186
-389	-187
-387	-186
-384	-185
-381	-185
-379	-185
-376	-186
-374	-186
-372	-186
-369	-186
-366	-185
-364	-186
-361	-186
-359	-186
-356	-187
-354	-187
-351	-187
-349	-186
-346	-186
-344	-187
-341	-187
-339	-186
-336	-186
-334	-186
-331	-186
-329	-186
-326	-186
-324	-187
-321	-187
-319	-187
-316	-187
-314	-186
-312	-187
-309	-186
-306	-187
-304	-187
-301	-186
-299	-187
-296	-186
-294	-186
-292	-187
-289	-186
-286	-185
-284	-187
-281	-186
-279	-183
-276	-181
-273	-180
-271	-180
-268	-180
-266	-181
-264	-183
-261	-182
-259	-181
-256	-181
-254	-186
-252	-186
-249	-186
-247	-186
-244	-186
-242	-185
-239	-185
-237	-186
-235	-187
-232	-186
-229	-185
-227	-184
-225	-185
-222	-187
-220	-186
-217	-186
-215	-186
-212	-185
-210	-186
-207	-186
-205	-186
-202	-186
-200	-186
-198	-186
-195	-187
-193	-186
-190	-185
-188	-185
-185	-186
-183	-185
-180	-186
-178	-185
-175	-185
-173	-185
-170	-185
-168	-186
-166	-186
-163	-186
-161	-186
-158	-186
-156	-185
-153	-186
-151	-186
-148	-185
-146	-185
-143	-186
-141	-187
-139	-188
-136	-187
-134	-186
-131	-185
-129	-185
-126	-187
-124	-186
-121	-186
-119	-186
-116	-185
-114	-184
-111	-184
-109	-186
-107	-187
-104	-187
-102	-187
-99	-186
-97	-186
-94	-186
-92	-187
-89	-187
-87	-186
-85	-185
-82	-186
-80	-186
-77	-184
-72	-181
-70	-180
-67	-179
-65	-179
-63	-178
-60	-178
-58	-177
-55	-176
-53	-176
-50	-175
-48	-175
-45	-174
-43	-173
-41	-172
-38	-172
-36	-173
-33	-174
-31	-178
-28	-178
-26	-177
-23	-177
-21	-179
-18	-182
-16	-186
-13	-186
-11	-186
-9	-187
-6	-187
-4	-187
-1	-186
1	-185
4	-186
6	-187
9	-186
11	-186
14	-186
16	-187
19	-188
21	-186
23	-184
26	-182
28	-180
30	-178
33	-178
35	-177
38	-177
40	-177
42	-177
45	-178
47	-178
50	-179
52	-180
55	-180
57	-181
60	-184
63	-186
65	-185
68	-185
70	-185
73	-187
75	-188
78	-187
80	-187
82	-187
85	-187
87	-187
90	-187
92	-187
95	-187
97	-186
100	-186
102	-186
105	-186
107	-185
110	-186
112	-185
114	-185
117	-185
119	-185
122	-185
124	-186
127	-186
129	-187
132	-185
134	-186
137	-186
139	-186
142	-186
144	-187
147	-187
149	-186
152	-186
154	-187
157	-188
159	-186
162	-187
164	-187
167	-186
169	-186
172	-186
174	-186
176	-185
179	-186
181	-186
184	-185
187	-186
189	-187
191	-185
194	-184
196	-184
198	-182
201	-182
204	-185
207	-186
209	-186
212	-186
214	-187
216	-186
219	-184
221	-184
224	-182
226	-182
229	-183
231	-183
234	-185
237	-185
239	-186
242	-186
244	-186
247	-186
249	-186
251	-183
254	-183
256	-182
259	-183
261	-183
264	-183
266	-182
269	-183
272	-184
274	-184
277	-184
279	-183
282	-185
285	-186
287	-187
289	-184
292	-183
294	-183
297	-185
300	-186
303	-188
305	-188
307	-186
310	-183
312	-182
314	-181
317	-182
320	-183
323	-186
325	-186
328	-187
331	-187
333	-188
336	-187
338	-187
341	-188
344	-187
346	-188
349	-189
352	-190
354	-188
356	-186
359	-187
362	-187
364	-188
366	-182
368	-181
370	-179
373	-181
376	-181
379	-183
381	-183
384	-182
386	-183
389	-182
391	-181
393	-179
396	-179
398	-179
401	-180
404	-181
406	-180
409	-178
411	-178
414	-179
417	-180
420	-181
423	-185
426	-183
429	-185
432	-188
434	-187
437	-186
439	-185
442	-186
445	-186
447	-186
450	-185
452	-185
455	-184
457	-184
460	-184
463	-185
466	-186
468	-186
471	-186
473	-184
476	-183
479	-184
481	-184
484	-183
486	-184
488	-181
491	-180
494	-181
497	-182
499	-181
501	-180
504	-179
507	-180
509	-178
511	-177
514	-176
515	-174
517	-171
520	-171
523	-171
525	-172
528	-171
530	-169
533	-169
535	-169
537	-167
542	-174
547	-180
551	-183
552	-180
555	-179
557	-178
560	-177
562	-177
565	-177
565	-168
566	-163
568	-161
569	-158
571	-156
574	-155
576	-155
579	-156
582	-156
586	-158
591	-166
597	-174
601	-177
603	-175
605	-175
609	-176
612	-177
614	-177
617	-177
619	-174
620	-170
626	-177
612	-133
613	-130
615	-128
617	-125
619	-123
621	-122
624	-121
626	-120
628	-118
630	-116
632	-115
634	-114
637	-113
639	-112
642	-113
645	-113
647	-112
650	-111
652	-111
656	-113
659	-114
662	-114
665	-115
668	-117
672	-118
675	-120
679	-123
684	-128
689	-134
699	-150
703	-154
706	-154
709	-154
711	-153
714	-152
716	-151
719	-150
721	-150
724	-149
727	-149
729	-147
731	-146
733	-145
736	-143
738	-142
741	-142
743	-141
745	-139
746	-135
747	-130
747	-125
752	-129
721	-13
722	-9
724	-7
725	-3
726	0
728	1
730	2
733	3
736	3
739	2
741	3
744	2
747	1
751	-2
775	-5
775	1
777	1
780	1
783	1
863	-134
866	-134
869	-134
873	-136
881	-145
883	-143
885	-141
887	-140
890	-140
893	-139
895	-138
898	-137
900	-136
903	-135
929	-178
932	-178
935	-177
935	-172
935	-165
936	-162
938	-159
939	-157
943	-158
947	-159
951	-160
953	-159
957	-160
972	-181
976	-183
979	-182
982	-182
986	-184
985	-176
987	-173
990	-173
993	-173
996	-172
998	-171
1000	-169
1002	-166
1005	-166
1009	-168
1012	-167
1017	-170
1021	-171
1024	-171
1027	-170
1031	-171
1035	-172
1039	-174
1042	-174
1046	-175
1050	-175
1053	-175
1056	-174
1060	-175
1064	-177
1067	-177
1070	-176
1074	-176
1079	-179
1082	-178
1086	-179
1089	-179
1092	-179
1095	-178
1099	-178
1102	-178
1106	-179
1108	-177
1112	-177
1116	-178
1119	-178
1122	-177
1124	-174
1125	-171
1128	-170
1136	-178
1140	-178
1144	-180
1148	-180
1151	-180
1156	-181
1159	-181
1162	-180
1162	-175
1169	-180
1172	-180
1175	-179
1178	-178
1181	-177
1178	-167
1184	-171
1188	-172
1190	-170
1192	-167
1195	-166
1198	-165
1200	-163
1203	-162
1206	-162
1223	-181
1226	-180
1228	-178
1231	-176
1235	-177
1238	-177
1242	-177
1247	-179
1248	-176
1253	-177
1256	-176
1259	-176
1266	-180
1271	-181
1274	-181
1277	-180
1281	-181
1286	-181
1290	-182
1290	-178
1291	-174
1293	-171
1295	-169
1297	-166
1298	-163
1302	-162
1305	-161
1305	-157
1308	-156
1315	-160
1320	-161
1323	-160
1326	-159
1328	-157
1331	-156
1333	-154
1336	-153
1338	-151
1340	-148
1342	-146
1345	-145
1350	-146
1353	-146
1357	-145
1362	-147
1366	-147
1369	-146
1373	-146
1378	-147
1386	-152
1391	-154
1399	-159
1407	-164
1411	-165
1414	-164
1417	-162
1418	-158
1420	-155
1422	-153
1428	-156
1431	-154
1436	-155
1439	-154
1442	-153
1445	-152
1447	-149
1450	-149
1457	-152
1453	-142
1458	-143
1464	-146
1469	-147
1472	-146
1477	-146
1480	-146
1482	-143
1485	-141
1488	-139
1496	-145
1501	-145
1495	-134
1512	-149
1513	-144
1512	-139
1515	-137
1519	-137
1533	-148
1531	-142
1532	-138
1535	-136
1538	-134
1542	-135
1546	-134
1548	-132
1551	-131
1555	-131
1559	-130
1562	-128
1565	-126
1568	-126
1572	-125
1576	-124
1579	-124
1583	-123
1587	-122
1590	-121
1593	-120
1597	-119
1600	-118
1604	-117
1607	-116
1613	-117
1617	-117
1621	-117
1625	-117
1629	-116
1633	-115
1637	-115
1641	-114
1647	-116
1653	-118
1663	-123
1666	-121
1658	-109
1643	-88
1669	-111
1673	-110
1676	-108
1679	-107
1684	-107
1690	-109
1695	-109
1699	-108
1705	-110
1716	-116
1728	-123
1732	-122
1735	-122
1742	-123
1744	-120
1742	-114
1747	-114
1752	-115
1755	-113
1758	-111
1762	-110
1770	-113
1776	-115
1781	-114
1783	-112
1785	-109
1788	-107
1790	-105
1792	-101
1793	-98
1793	-94
1794	-90
1798	-89
1806	-92
1819	-99
1830	-105
1836	-106
1838	-103
1841	-102
1844	-100
1847	-97
1850	-95
1853	-94
1862	-98
1868	-99
1875	-100
1881	-101
1886	-101
1890	-100
1893	-98
1896	-96
1900	-94
1903	-93
1899	-84
1898	-79
1899	-75
1930	-98
1934	-97
1935	-93
1914	-70
1918	-69
1930	-75
1947	-86
1967	-98
1970	-96
1975	-95
1974	-90
1978	-89
1976	-83
1977	-79
1980	-77
1983	-75
1985	-71
1983	-65
1982	-60
1982	-55
1983	-52
1988	-51
2032	-83
2038	-84
2042	-83
2045	-80
2048	-78
2052	-76
2055	-75
2060	-74
2059	-69
2061	-66
2065	-64
2068	-61
2073	-61
2091	-71
2107	-79
2112	-79
2113	-75
2116	-73
2118	-69
2119	-65
2121	-62
2125	-61
2129	-59
2136	-60
2148	-65
2164	-73
2167	-70
2175	-72
2180	-71
2185	-70
2189	-69
2188	-63
2193	-63
2186	-52
2190	-51
2194	-49
2199	-48
2204	-47
2208	-46
2213	-45
2218	-44
2222	-43
2228	-42
2236	-43
2240	-42
2244	-40
2267	-52
2274	-53
2266	-42
2280	-48
2282	-44
2283	-41
2285	-37
2286	-33
2287	-29
2285	-23
2283	-17
2285	-14
2289	-12
2290	-8
2291	-4
2293	-1
2293	4
2295	7
2294	13
2292	19
2291	24
2292	28
2293	32
2295	35
2297	38
2291	47
2291	51
2295	53
2296	57
2295	63
2294	68
2294	72
2293	77
2292	82
2292	87
2292	91
2294	95
2295	99
2295	103
2296	107
2298	110
2297	115
2296	120
2297	124
2299	127
2298	132
2297	137
2299	141
2302	143
2304	146
2306	149
2305	154
2305	158
2306	162
2307	166
2307	170
2309	174
2310	177
2311	181
2312	185
2314	188
2316	191
2315	196
2314	201
2317	203
2320	206
2321	210
2322	213
2322	217
2325	220
2326	224
2324	229
2326	232
2327	236
2330	239
2331	242
2332	246
2333	249
2332	254
2330	260
2332	263
2335	265
2338	267
2340	271
2341	274
2340	279
2340	284
2341	287
2341	291
2343	295
2345	297
2347	300
2347	305
2348	308
2348	312
2348	317
2349	320
2352	323
2355	326
2356	329
2356	333
2355	338
2357	341
2359	344
2361	347
2360	352
2359	356
2361	359
2364	362
2366	365
2366	369
2366	373
2369	376
2369	380
2368	385
2370	387
2374	390
2375	393
2377	396
2379	399
2381	402
2384	405
2386	407
2388	411
2391	413
2392	417
2391	421
2393	424
2395	428
2396	431
2397	434
2397	439
2399	441
2399	446
2400	449
2399	454
2400	457
2401	461
2400	465
2400	469
2401	473
2403	476
2405	479
2406	482
2408	486
2409	489
2410	492
2412	495
2413	499
2414	503
2414	506
2413	511
2416	514
2418	516
2418	521
2418	524
2419	528
2417	533
2418	537
2421	539
2423	542
2421	547
2424	550
2426	552
2427	556
2429	559
2430	562
2432	565
2432	569
2433	573
2434	576
2435	580
2432	585
2431	590
2434	592
2438	594
2442	596
2440	601
2454	599
2440	609
2436	614
2440	617
2442	619
2444	623
2443	627
2445	630
2444	634
2444	638
2444	642
2446	645
2449	648
2450	651
2449	655
2448	659
2449	663
2451	666
2451	670
2451	674
2451	677
2454	680
2457	683
2456	687
2455	691
2454	695
2455	699
2458	701
2459	705
2459	709
2460	712
2461	716
2462	719
2463	722
2464	726
2465	729
2466	733
2466	736
2466	740
2467	744
2468	747
2469	751
2468	755
2468	758
2468	762
2471	765
2472	768
2473	771
2472	776
2473	779
2475	782
2477	785
2477	789
2476	793
2477	796
2478	800
2478	803
2479	807
2481	810
2478	814
2479	818
2482	821
2484	824
2484	827
2484	831
2483	835
2485	838
2486	842
2487	845
2488	848
2489	852
2490	855
2491	858
2492	862
2492	866
2494	869
2494	872
2495	876
2496	879
2496	883
2496	887
2498	890
2498	893
2497	897
2498	901
2501	903
2501	907
2500	911
2498	915
2497	919
2497	923
2501	925
2503	928
2502	932
2501	936
2502	940
2502	943
2501	947
2501	951
2503	954
2505	957
2507	960
2506	964
2505	968
2509	970
2508	974
2506	978
2506	982
2509	985
2511	988
2511	992
2510	996
2510	999
2510	1003
2512	1006
2515	1009
2516	1012
2515	1016
2514	1020
2514	1023
2514	1027
2515	1030
2515	1034
2517	1037
2520	1040
2520	1043
2519	1047
2519	1051
2520	1054
2520	1058
2520	1061
2520	1065
2521	1068
2522	1072
2525	1074
2526	1078
2527	1081
2528	1085
2529	1088
2529	1091
2531	1095
2533	1098
2535	1101
2534	1105
2534	1108
2535	1112
2536	1115
2536	1118
2536	1122
2535	1126
2534	1130
2532	1133
2532	1137
2535	1140
2537	1143
2536	1147
2536	1150
2537	1154
2536	1158
2537	1161
2538	1164
2539	1168
2540	1171
2540	1175
2541	1178
2542	1181
2544	1184
2544	1188
2544	1191
2544	1195
2545	1198
2546	1202
2547	1205
2548	1208
2548	1212
2548	1216
2548	1219
2549	1222
2550	1226
2550	1229
2551	1233
2551	1236
2552	1240
2551	1243
2553	1246
2555	1250
2556	1253
2555	1257
2555	1260
2556	1264
2557	1267
2557	1270
2555	1274
2556	1278
2558	1281
2560	1284
2560	1288
2560	1291
2561	1295
2561	1298
2562	1301
2561	1305
2560	1309
2560	1312
2564	1315
2567	1318
2565	1322
2563	1326
2562	1329
2563	1333
2565	1336
2567	1339
2566	1343
2567	1346
2568	1350
2569	1353
2569	1357
2570	1360
2572	1363
2572	1367
2572	1370
2573	1374
2575	1377
2574	1380
2573	1384
2573	1388
2574	1391
2575	1394
2576	1398
2576	1401
2577	1405
2577	1408
2577	1412
2578	1415
2578	1419
2579	1422
2581	1425
2581	1429
2581	1432
2580	1436
2579	1439
2581	1443
2584	1446
2583	1450
2584	1453
2585	1456
2588	1460
2588	1463
2587	1467
2587	1470
2587	1474
2588	1477
2585	1481
2586	1484
2586	1488
2586	1491
2587	1495
2587	1498
2588	1502
2589	1505
2591	1508
2591	1512
2591	1515
2591	1519
2591	1522
2591	1526
2591	1529
2591	1533
2590	1536
2592	1540
2591	1543
2591	1547
2593	1550
2593	1554
2594	1557
2596	1561
2595	1564
2593	1568
2593	1571
2593	1575
2593	1578
2593	1582
2595	1585
2595	1588
2595	1592
2595	1595
2597	1599
2598	1602
2598	1606
2598	1609
2598	1613
2596	1616
2597	1620
2598	1623
2599	1627
2599	1630
2598	1634
2599	1637
2601	1641
2600	1644
2600	1648
2599	1651
2599	1655
2599	1658
2600	1662
2602	1665
2604	1669
