3379	1686
3378	1691
3378	1695
3379	1700
3380	1704
3381	1709
3386	1718
3388	1722
3390	1727
3391	1731
3391	1736
3391	1740
3392	1745
3393	1749
3393	1754
3394	1758
3394	1763
3394	1767
3391	1772
3389	1776
3388	1781
3387	1785
3387	1790
3386	1794
3386	1799
3388	1803
3390	1808
3391	1812
3392	1817
3393	1821
3395	1826
3394	1831
3395	1835
3396	1840
3395	1844
3396	1849
3395	1853
3394	1858
3393	1862
3393	1867
3392	1871
3393	1876
3393	1880
3393	1885
3393	1889
3396	1894
3398	1899
3399	1903
3399	1908
3399	1912
3403	1917
3405	1922
3406	1926
3406	1931
3404	1935
3403	1940
3404	1944
3403	1949
3403	1953
3402	1958
3402	1963
3405	1967
3407	1972
3409	1977
3411	1981
3413	1986
3412	1991
3414	1995
3413	2000
3414	2005
3414	2009
3415	2014
3415	2018
3414	2023
3414	2027
3411	2032
3411	2036
3412	2041
3413	2046
3415	2051
3415	2055
3416	2060
3417	2065
3417	2069
3419	2074
3422	2079
3425	2084
3425	2088
3424	2093
3423	2097
3423	2102
3423	2107
3423	2111
3424	2116
3427	2121
3427	2126
3427	2130
3428	2135
3427	2140
3427	2144
3427	2149
3427	2153
3427	2158
3426	2163
3427	2167
3428	2172
3428	2177
3429	2181
3430	2186
3434	2192
3438	2197
3440	2202
3440	2206
3440	2211
3441	2216
3441	2221
3440	2225
3441	2230
3440	2234
3439	2239
3439	2244
3440	2249
3440	2253
3441	2258
3444	2263
3446	2268
3445	2273
3444	2277
3443	2282
3444	2287
3445	2292
3447	2297
3448	2302
3448	2306
3448	2311
3448	2316
3447	2320
3447	2325
3448	2330
3451	2335
3452	2340
3452	2345
3452	2350
3452	2354
3452	2359
3454	2364
3456	2370
3457	2374
3457	2379
3458	2384
3459	2389
3458	2394
3457	2398
3458	2403
3461	2409
3464	2414
3466	2419
3468	2425
3468	2429
3466	2434
3465	2438
3464	2443
3464	2448
3466	2453
3466	2458
3466	2463
3465	2467
3464	2472
3463	2477
3466	2482
3466	2487
3465	2492
3465	2496
3465	2501
3464	2506
3464	2511
3464	2516
3464	2521
3465	2526
3468	2531
3470	2536
3472	2542
3472	2547
3472	2552
3477	2558
3481	2564
3482	2569
3482	2574
3481	2578
3480	2583
3480	2588
3478	2592
3477	2597
3478	2602
3479	2607
3480	2612
3480	2618
3482	2623
3482	2628
3480	2633
3480	2637
3481	2643
3481	2647
3480	2652
3482	2658
3484	2663
3485	2669
3486	2674
3485	2679
3485	2684
3484	2688
3483	2693
3483	2698
3484	2703
3486	2709
3488	2714
3489	2720
3489	2725
3488	2730
3488	2735
3489	2740
3490	2745
3491	2751
3491	2756
3493	2761
3495	2767
3497	2773
3498	2778
3500	2784
3501	2789
3501	2794
3501	2799
3500	2804
3501	2810
3501	2815
3501	2820
3500	2825
3501	2830
3501	2835
3501	2840
3503	2846
3505	2852
3506	2858
3510	2864
3508	2868
3507	2873
3507	2878
3507	2884
3507	2889
3508	2894
3508	2900
3509	2905
3510	2911
3509	2916
3509	2921
3510	2926
3510	2931
3509	2936
3513	2943
3514	2949
3516	2954
3517	2960
3517	2965
3517	2971
3518	2977
3519	2982
3520	2988
3523	2994
3523	2999
3523	3005
3522	3010
3523	3015
3524	3021
3529	3028
3529	3034
3529	3039
3527	3044
3526	3048
3525	3053
3526	3059
3528	3065
3530	3071
3532	3078
3532	3083
3532	3088
3533	3094
3534	3100
3534	3105
3537	3112
3536	3117
3536	3123
3536	3128
3537	3134
3539	3140
3542	3147
3544	3153
3544	3159
3544	3164
3546	3171
3545	3176
3545	3181
3546	3187
3548	3193
3546	3198
3545	3204
3545	3209
3545	3215
3546	3220
3549	3227
3552	3234
3552	3240
3553	3246
3551	3251
3551	3256
3553	3263
3553	3268
3551	3273
3551	3279
3551	3284
3553	3291
3555	3297
3557	3304
3561	3311
3563	3318
3562	3323
3561	3328
3560	3334
3561	3340
3561	3345
3559	3351
3558	3356
3558	3361
3562	3369
3562	3375
3563	3381
3563	3387
3564	3393
3564	3399
3564	3405
3564	3411
3564	3416
3564	3422
3564	3428
3564	3434
3565	3440
3568	3447
3570	3454
3572	3461
3572	3467
3573	3473
3572	3478
3570	3484
3570	3489
3570	3495
3570	3501
3571	3508
3572	3514
3572	3520
3571	3526
3572	3532
3573	3538
3574	3545
3579	3553
3580	3560
3582	3567
3584	3574
3585	3581
3586	3587
3587	3594
3587	3600
3585	3605
3584	3611
3582	3616
3581	3621
3582	3628
3586	3636
3588	3643
3589	3650
3590	3657
3592	3664
3593	3670
3591	3676
3591	3682
3591	3688
3592	3695
3594	3702
3595	3709
3595	3715
3596	3722
3597	3729
3598	3736
3597	3741
3597	3748
3597	3754
3600	3762
3602	3770
3603	3777
3603	3783
3603	3789
3604	3796
3603	3802
3602	3807
3601	3813
3601	3820
3603	3827
3603	3834
3607	3843
3606	3849
3607	3856
3608	3862
3609	3870
3611	3878
3615	3887
3618	3894
3618	3901
3616	3907
3615	3913
3615	3919
3615	3926
3616	3933
3616	3940
3622	3950
3625	3958
3626	3966
3625	3972
3626	3979
3625	3985
3624	3991
3624	3998
3625	4005
3627	4013
3630	4022
3634	4031
3636	4039
3637	4047
3636	4053
3640	4062
3641	4070
3642	4077
3642	4084
3640	4090
3637	4095
3636	4101
3636	4108
3638	4116
3640	4124
3639	4130
3639	4137
3638	4144
3639	4151
3639	4159
3644	4168
3644	4175
3643	4182
3646	4191
3650	4201
3653	4210
3655	4218
3653	4224
3651	4230
3650	4236
3650	4243
3650	4251
3651	4259
3651	4266
3652	4273
3657	4285
3658	4292
3660	4301
3659	4307
3658	4314
3657	4321
3660	4330
3662	4339
3663	4347
3664	4355
3663	4362
3662	4368
3662	4375
3662	4383
3663	4392
3670	4404
3671	4412
3671	4419
3670	4426
3671	4435
3674	4444
3675	4452
3673	4458
3671	4464
3671	4472
3671	4480
3673	4489
3677	4500
3679	4509
3684	4520
3684	4528
3683	4535
3681	4541
3678	4547
3681	4557
3685	4568
3688	4578
3686	4584
3688	4593
3686	4600
3686	4608
3688	4617
3689	4625
3688	4633
3693	4644
3695	4654
3697	4664
3698	4673
3699	4681
3700	4690
3701	4699
3700	4706
3699	4714
3700	4723
3703	4733
3702	4741
3702	4749
3704	4758
3703	4766
3710	4780
3715	4792
3714	4800
3713	4807
3712	4815
3716	4827
3716	4835
3715	4842
3714	4850
3716	4860
3717	4869
3715	4876
3713	4883
3712	4890
3713	4900
3724	4918
3725	4927
3723	4934
3722	4942
3722	4951
3723	4960
3723	4968
3724	4978
3726	4988
3729	5000
3730	5009
3729	5017
3728	5025
3727	5033
3729	5044
3739	5062
3739	5070
3740	5080
3742	5091
3742	5100
3740	5107
3739	5115
3740	5125
3742	5136
3744	5147
3747	5158
3749	5170
3750	5180
3759	5198
3769	5216
3482	4959
3476	4962
3468	4964
3755	5240
3757	5251
3761	5265
3753	5266
3753	5275
3753	5285
3752	5293
3753	5304
3755	5315
3758	5328
3761	5340
3769	5358
3768	5366
3768	5376
3769	5386
3767	5394
3768	5405
3770	5416
3771	5428
3770	5436
3772	5447
3773	5459
3775	5470
3775	5481
3775	5490
3774	5499
3782	5517
3782	5528
3783	5538
3785	5550
3791	5567
3795	5581
3797	5593
3798	5604
3796	5612
3797	5624
3799	5636
3802	5650
3806	5664
3809	5678
3803	5681
3801	5690
3802	5702
3805	5715
3809	5730
3810	5742
3808	5751
3805	5758
3803	5767
3803	5778
3803	5788
3803	5799
3805	5812
3805	5822
3806	5835
3808	5847
3816	5867
3817	5879
3817	5890
3819	5903
3820	5916
3819	5926
3812	5929
4108	6278
4102	6283
2245	4236
2245	4243
2252	4258
2251	4263
2236	4254
4099	6354
4108	6376
4107	6387
4095	6386
4093	6396
4092	6407
4091	6418
4089	6429
4088	6441
4087	6451
4085	6462
3102	5347
3097	5351
3093	5356
3089	5361
3089	5371
4082	6548
2283	4441
2281	4446
4076	6579
4075	6591
4075	6604
4074	6616
4073	6628
4074	6642
4074	6655
4074	6668
4072	6679
4075	6697
4074	6709
4074	6722
4073	6735
4072	6746
4071	6759
4069	6770
4068	6783
4066	6794
4064	6804
4061	6815
4061	6828
4060	6841
4057	6852
4056	6864
4061	6884
4059	6896
4059	6910
4057	6922
4057	6935
4055	6947
4055	6961
4056	6976
4056	6991
4055	7004
4047	7008
4054	7031
4052	7044
4045	7049
4052	7073
4074	7116
4070	7126
4063	7132
4055	7136
4476	7726
4403	7645
4397	7654
4389	7659
4386	7671
4034	7212
4030	7223
4030	7238
4032	7255
4033	7272
4036	7291
4035	7305
4036	7322
4039	7342
4041	7360
4040	7374
4036	7384
4033	7396
4032	7411
4033	7428
4033	7443
4028	7453
4024	7463
4021	7475
4018	7487
4025	7512
4023	7527
4023	7542
4022	7557
4020	7571
4018	7585
3654	7073
3656	7090
3656	7105
3652	7115
3648	7124
3648	7140
3653	7163
3658	7185
3673	7224
3675	7242
3675	7258
3997	7756
3995	7770
3992	7783
3994	7803
3994	7820
3992	7835
3628	7298
3624	7308
4000	7900
3999	7917
3998	7933
3999	7952
4003	7976
3997	7986
3990	7992
3977	7991
3959	7980
7951	14350
7898	14303
7714	14046
7687	14039
7667	14044
7646	14047
7630	14057
7631	14095
7724	14318
7572	14108
7557	14120
7538	14125
7518	14129
7498	14133
7476	14133
6897	13453
6878	13456
6855	13453
6827	13439
6727	13303
6715	13317
6695	13318
6558	13152
6539	13153
6613	13316
6582	13299
6577	13325
6531	13279
6505	13268
6477	13254
6453	13247
7199	14612
7180	14618
7167	14635
7142	14630
7118	14626
7094	14623
7062	14605
7013	14556
6960	14499
6934	14492
6916	14497
6900	14508
6877	14506
6848	14493
6803	14450
6745	14380
6753	14435
6718	14410
6701	14418
6690	14438
6673	14446
6647	14437
6620	14426
6587	14404
6553	14379
6531	14378
6507	14371
6489	14377
6462	14366
6592	14660
6632	14781
6608	14777
2250	6228
2243	6230
2237	6233
2232	6236
2227	6242
2221	6244
2215	6247
2210	6252
2204	6255
2197	6256
94	5009
89	5000
85	5004
80	5007
76	5010
72	5008
67	5005
63	5004
59	5004
54	5005
50	5001
45	4988
41	4988
36	4982
32	4979
28	4978
23	4979
19	4979
15	4983
10	4987
6	4989
2	4992
-2	5001
-7	5007
-11	5006
-15	5004
-20	5004
-24	5010
-28	5008
-33	5005
-37	5003
-41	5004
-63	4995
-67	4994
-72	4994
-98	6352
-104	6354
-110	6355
-116	6357
-122	6360
-128	6365
-135	6370
-141	6387
-263	6368
-269	6361
-275	6356
-281	6346
-287	6345
-293	6342
-299	6340
-305	6340
-311	6341
-317	6339
-323	6336
-329	6336
-335	6337
-341	6341
-348	6345
-354	6348
-2602	5784
-2600	5769
-2606	5767
-2611	5763
-2616	5759
-2621	5756
-2626	5752
-2631	5747
-2615	5710
-2638	5735
-2645	5734
-2650	5730
-2655	5727
-2663	5728
-2665	5719
-2576	5419
-2585	5422
-4531	7949
-4540	7945
-4550	7942
-4560	7938
-4565	7928
-4572	7920
-4726	7941
-4726	7924
-4730	7913
-4739	7907
-4746	7899
-4751	7890
-4748	7870
-4730	7828
-4715	7792
-4709	7768
-4702	7743
-4696	7718
-4691	7696
-4689	7677
-4687	7657
-4681	7634
-4673	7608
-4666	7583
-4660	7559
-4656	7538
-4650	7516
-4647	7496
-4645	7478
-4631	7444
-4625	7422
-4619	7399
-4612	7375
-4608	7355
-4603	7333
-4600	7314
-4597	7296
-4594	7276
-4591	7258
-4588	7240
-4584	7220
-4580	7200
-4577	7183
-4573	7163
-4555	7127
-4550	7106
-4546	7087
-4542	7067
-4541	7052
-4539	7035
-4534	7015
-4529	6995
-4524	6975
-4520	6956
-4516	6938
-4511	6918
-4505	6897
-4502	6880
-4500	6864
-4484	6832
-4480	6813
-4476	6795
-4472	6778
-4468	6759
-4464	6741
-4462	6726
-4459	6709
-4458	6695
-4457	6680
-4453	6663
-4447	6643
-4444	6626
-4442	6611
-4441	6596
-4424	6565
-4425	6553
-4422	6538
-4419	6521
-4412	6501
-4407	6483
-4403	6466
-4401	6451
-4396	6433
-4391	6415
-4388	6400
-4388	6387
-4384	6370
-4380	6353
-4375	6336
-4363	6311
-4360	6295
-4357	6280
-4354	6266
-4354	6253
-4352	6239
-4346	6221
-4343	6205
-4341	6192
-4336	6175
-4331	6157
-4328	6143
-4321	6125
-4318	6110
-4317	6097
-4305	6073
-4301	6058
-4294	6039
-4287	6020
-4285	6007
-4281	5992
-4280	5979
-4279	5967
-4277	5954
-4275	5941
-4272	5927
-4270	5913
-4269	5901
-4269	5890
-4267	5877
-4251	5851
-4250	5839
-4250	5827
-4249	5816
-4247	5803
-4245	5791
-4243	5778
-4237	5762
-4232	5746
-4231	5735
-4231	5724
-4230	5712
-4225	5697
-4221	5683
-4216	5668
-4210	5651
-4209	5640
-4207	5627
-4202	5613
-4196	5596
-4190	5581
-4189	5569
-4187	5558
-4186	5546
-4183	5534
-4181	5522
-4179	5509
-4178	5499
-4176	5487
-4174	5476
-4162	5455
-4159	5442
-4157	5430
-4156	5419
-4153	5407
-4150	5394
-4144	5379
-4142	5368
-4141	5357
-4140	5347
-4138	5335
-4135	5323
-4131	5309
-4130	5299
-4128	5288
-4118	5269
-4115	5258
-4114	5247
-4114	5238
-4112	5227
-4110	5216
-4106	5203
-4101	5190
-4100	5179
-4100	5170
-4098	5159
-4095	5148
-4091	5135
-4087	5123
-4087	5113
-4082	5100
-4079	5088
-4073	5074
-4069	5062
-4068	5052
-4067	5042
-4065	5032
-4064	5022
-4063	5012
-4059	5000
-4054	4988
-4052	4977
-4052	4968
-4050	4958
-4050	4949
-4043	4934
-4038	4921
-4035	4911
-4034	4901
-4030	4889
-4027	4879
-4025	4868
-4024	4859
-4021	4848
-4017	4837
-4014	4826
-4014	4817
-4013	4808
-4014	4800
-4013	4792
-4005	4776
-4002	4766
-3996	4753
-3994	4743
-3994	4735
-3994	4727
-3992	4717
-3988	4705
-3984	4694
-3981	4684
-3981	4676
-3981	4668
-3979	4659
-3974	4646
-3970	4636
-3961	4621
-3957	4610
-3955	4600
-3953	4591
-3951	4581
-3950	4573
-3950	4565
-3950	4557
-3950	4549
-3949	4540
-3947	4531
-3945	4522
-3942	4512
-3939	4502
-3938	4494
-3935	4484
-3935	4476
-3934	4467
-3931	4458
-3926	4447
-3923	4437
-3920	4427
-3918	4418
-3917	4410
-3917	4402
-3914	4393
-3911	4383
-3911	4375
-3911	4368
-3909	4359
-3902	4347
-3902	4340
-3904	4334
-3904	4326
-3900	4316
-3896	4306
-3895	4298
-3893	4289
-3891	4280
-3890	4272
-3889	4264
-3885	4255
-3881	4245
-3877	4235
-3875	4226
-3869	4215
-3869	4208
-3870	4201
-3871	4195
-3870	4187
-3866	4177
-3863	4168
-3862	4160
-3862	4153
-3860	4145
-3857	4136
-3852	4126
-3849	4117
-3847	4108
-3848	4102
-3844	4093
-3841	4084
-3839	4076
-3838	4068
-3833	4058
-3829	4049
-3827	4041
-3829	4035
-3828	4028
-3825	4019
-3824	4011
-3824	4004
-3822	3996
-3821	3989
-3821	3982
-3814	3972
-3813	3964
-3811	3956
-3809	3948
-3807	3940
-3804	3932
-3801	3923
-3799	3916
-3798	3908
-3795	3900
-3792	3892
-3790	3884
-3789	3876
-3787	3869
-3784	3860
-3778	3851
-3777	3844
-3779	3838
-3780	3832
-3778	3825
-3775	3816
-3774	3809
-3773	3803
-3772	3795
-3770	3788
-3768	3780
-3764	3772
-3764	3765
-3764	3759
-3762	3751
-3755	3741
-3754	3734
-3752	3727
-3749	3719
-3749	3713
-3747	3705
-3744	3697
-3742	3690
-3741	3683
-3741	3677
-3740	3670
-3737	3662
-3736	3655
-3734	3648
-3732	3641
-3729	3633
-3727	3626
-3725	3619
-3723	3612
-3721	3604
-3721	3599
-3720	3592
-3718	3585
-3716	3577
-3715	3571
-3713	3564
-3711	3557
-3706	3548
-3703	3541
-3704	3535
-3699	3527
-3699	3521
-3698	3514
-3695	3507
-3693	3500
-3692	3493
-3692	3487
-3692	3482
-3694	3477
-3693	3470
-3692	3464
-3691	3457
-3689	3451
-3687	3444
-3684	3437
-3679	3428
-3678	3422
-3677	3415
-3676	3409
-3676	3403
-3674	3397
-3674	3391
-3674	3385
-3674	3379
-3672	3373
-3672	3367
-3670	3360
-3669	3354
-3666	3347
-3664	3340
-3659	3332
-3657	3326
-3654	3319
-3654	3313
-3651	3306
-3649	3299
-3646	3293
-3645	3286
-3644	3280
-3643	3274
-3642	3268
-3640	3262
-3639	3256
-3636	3249
-3635	3243
-3630	3235
-3626	3228
-3625	3222
-3625	3216
-3624	3210
-3623	3204
-3622	3198
-3619	3192
-3617	3186
-3617	3180
-3617	3174
-3617	3169
-3616	3163
-3617	3158
-3617	3153
-3613	3146
-3611	3139
-3608	3133
-3604	3126
-3601	3119
-3600	3113
-3600	3108
-3600	3102
-3599	3096
-3598	3091
-3597	3085
-3596	3079
-3595	3073
-3593	3067
-3593	3062
-3588	3055
-3586	3049
-3585	3043
-3585	3038
-3585	3032
-3585	3027
-3584	3021
-3584	3016
-3579	3009
-3576	3003
-3576	2997
-3576	2992
-3578	2988
-3578	2982
-3576	2976
-3569	2969
-3568	2963
-3569	2958
-3569	2953
-3569	2948
-3569	2943
-3568	2937
-3567	2932
-3565	2926
-3562	2920
-3560	2914
-3558	2908
-3556	2902
-3554	2896
-3553	2891
-3550	2885
-3549	2879
-3548	2874
-3548	2869
-3547	2863
-3544	2857
-3542	2851
-3540	2846
-3539	2840
-3538	2835
-3538	2830
-3536	2824
-3534	2818
-3531	2812
-3529	2807
-3526	2801
-3525	2795
-3523	2790
-3521	2784
-3519	2778
-3517	2773
-3519	2768
-3517	2763
-3515	2757
-3513	2752
-3513	2747
-3512	2742
-3512	2737
-3510	2731
-3507	2725
-3505	2720
-3504	2714
-3504	2710
-3504	2705
-3503	2699
-3501	2694
-3499	2688
-3496	2683
-3495	2678
-3493	2672
-3491	2667
-3491	2662
-3490	2657
-3489	2652
-3489	2647
-3488	2642
-3483	2635
-3482	2630
-3482	2626
-3481	2620
-3480	2615
-3479	2610
-3478	2605
-3478	2600
-3477	2595
-3477	2590
-3476	2586
-3475	2580
-3471	2575
-3470	2570
-3469	2565
-3466	2559
-3464	2554
-3464	2549
-3464	2544
-3463	2539
-3463	2534
-3462	2529
-3462	2525
-3461	2520
-3461	2515
-3460	2510
-3457	2505
-3455	2499
-3453	2494
-3451	2489
-3448	2484
-3445	2478
-3444	2473
-3443	2469
-3443	2464
-3442	2459
-3441	2454
-3441	2450
-3441	2445
-3441	2440
-3440	2435
-3438	2430
-3435	2425
-3433	2420
-3432	2415
-3427	2409
-3427	2405
-3427	2400
-3426	2395
-3424	2390
-3423	2385
-3423	2381
-3422	2376
-3421	2371
-3421	2367
-3421	2362
-3419	2357
-3417	2352
-3415	2347
-3415	2342
-3413	2338
-3414	2333
-3413	2329
-3413	2324
-3413	2319
-3413	2315
-3414	2310
-3414	2306
-3413	2301
-3412	2296
-3409	2291
-3408	2287
-3407	2282
-3405	2277
-3402	2272
-3400	2267
-3400	2263
-3399	2258
-3398	2253
-3396	2248
-3395	2244
-3395	2239
-3395	2235
-3392	2230
-3391	2225
-3390	2220
-3389	2216
-3389	2211
-3389	2207
-3386	2202
-3381	2197
-3381	2192
-3381	2188
-3380	2183
-3378	2178
-3376	2174
-3374	2169
-3372	2164
-3370	2160
-3368	2155
-3367	2150
-3365	2146
-3365	2141
-3364	2137
-3363	2132
-3362	2128
-3361	2123
-3360	2118
-3359	2114
-3358	2109
-3358	2105
-3357	2101
-3357	2096
-3356	2092
-3355	2087
-3353	2083
-3352	2078
-3350	2073
-3349	2069
-3348	2064
-3349	2060
-3348	2056
-3347	2051
-3344	2047
-3344	2042
-3342	2038
-3341	2033
-3340	2029
-3341	2024
-3340	2020
-3340	2016
-3339	2011
-3337	2007
-3335	2002
-3332	1998
-3330	1993
-3329	1989
-3328	1984
-3328	1980
-3327	1975
-3327	1971
-3326	1967
-3326	1962
-3326	1958
-3324	1954
-3323	1949
-3323	1945
-3322	1941
-3320	1936
-3320	1932
-3319	1927
-3318	1923
-3316	1919
-3314	1914
-3311	1910
-3310	1905
-3308	1901
-3307	1897
-3306	1892
-3306	1888
-3305	1884
-3304	1879
-3302	1875
-3302	1871
-3302	1866
-3300	1862
-3299	1858
-3298	1853
-3295	1849
-3294	1845
-3294	1840
-3293	1836
-3293	1832
-3293	1828
-3293	1823
-3292	1819
-3291	1815
-3290	1811
-3290	1806
-3288	1802
-3285	1798
-3284	1793
-3283	1789
-3281	1785
-3280	1781
-3281	1776
-3280	1772
-3280	1768
-3280	1764
-3278	1759
-3276	1755
-3275	1751
-3276	1747
-3275	1742
-3273	1738
-3269	1734
-3268	1730
-3269	1725
-3269	1721
-3268	1717
-3267	1713
-3266	1709
-3266	1704
-3265	1700
-3264	1696
-3262	1692
-3262	1688
-3262	1683
-3262	1679
-3259	1675
-3259	1671
-3257	1667
-3257	1662
-3256	1658
-3254	1654
-3252	1650
-3250	1646
-3249	1642
-3248	1637
-3247	1633
-3246	1629
-3247	1625
-3248	1621
-3246	1616
-3245	1612
-3244	1608
-3241	1604
-3240	1600
-3237	1596
-3237	1592
-3236	1588
-3237	1583
-3236	1579
-3235	1575
-3233	1571
-3231	1567
-3231	1563
-3231	1559
-3231	1554
-3231	1550
-3230	1546
-3226	1542
-3226	1538
-3226	1534
-3225	1530
-3223	1526
-3220	1522
-3218	1518
-3217	1513
-3216	1509
-3215	1505
-3214	1501
-3214	1497
-3213	1493
-3211	1489
-3211	1485
-3211	1481
-3211	1476
-3212	1472
-3214	1468
-3214	1464
-3212	1460
-3211	1456
-3209	1452
-3206	1448
-3203	1444
-3201	1440
-3200	1436
-3199	1432
-3199	1428
-3200	1423
-3199	1419
-3200	1415
-3199	1411
-3198	1407
-3196	1403
-3193	1399
-3192	1395
-3190	1391
-3189	1387
-3189	1383
-3187	1379
-3188	1375
-3188	1371
-3188	1366
-3187	1362
-3183	1359
-3182	1355
-3181	1351
-3179	1347
-3180	1342
-3178	1338
-3177	1334
-3176	1330
-3175	1326
-3173	1322
-3172	1318
-3170	1314
-3171	1310
-3169	1306
-3169	1302
-3167	1298
-3166	1294
-3165	1290
-3166	1286
-3165	1282
-3166	1278
-3164	1274
-3163	1270
-3161	1266
-3160	1262
-3159	1258
-3158	1254
-3158	1250
-3156	1246
-3156	1242
-3152	1238
-3154	1234
-3155	1229
-3153	1226
-3151	1222
-3147	1218
-3147	1214
-3146	1210
-3145	1206
-3146	1202
-3146	1198
-3146	1193
-3145	1190
-3143	1186
-3142	1182
-3143	1177
-3143	1173
-3142	1169
-3141	1165
-3138	1162
-3137	1158
-3136	1154
-3136	1149
-3134	1146
-3133	1142
-3132	1138
-3131	1134
-3130	1130
-3130	1126
-3128	1122
-3126	1118
-3123	1114
-3123	1110
-3121	1106
-3119	1103
-3118	1099
-3119	1094
-3118	1090
-3117	1086
-3114	1083
-3112	1079
-3110	1075
-3110	1071
-3110	1067
-3110	1063
-3110	1059
-3110	1055
-3110	1050
-3109	1046
-3107	1043
-3106	1039
-3105	1035
-3105	1031
-3103	1027
-3102	1023
-3101	1019
-3098	1015
-3097	1011
-3096	1007
-3095	1003
-3096	999
-3095	995
-3094	991
-3094	987
-3093	983
-3092	979
-3091	975
-3090	971
-3090	967
-3089	963
-3088	959
-3088	955
-3088	950
-3086	947
-3084	943
-3082	939
-3079	936
-3077	932
-3076	928
-3076	924
-3075	920
-3076	915
-3075	911
-3074	908
-3074	903
-3074	899
-3074	895
-3072	891
-3071	887
-3071	883
-3070	879
-3068	875
-3071	870
-3073	866
-3073	861
-3071	858
-3069	854
-3067	850
-3064	847
-3061	843
-3059	840
-3058	836
-3059	831
-3059	827
-3058	823
-3057	819
-3056	815
-3056	811
-3055	807
-3054	803
-3053	799
-3051	795
-3050	791
-3049	787
-3048	783
-3047	779
-3045	775
-3044	772
-3043	768
-3043	763
-3043	759
-3043	755
-3043	750
-3042	747
-3040	743
-3038	739
-3038	735
-3038	731
-3037	726
-3038	722
-3038	718
-3036	714
-3034	710
-3032	707
-3030	703
-3028	699
-3027	695
-3025	692
-3024	688
-3022	684
-3023	679
-3023	675
-3023	671
-3023	666
-3022	662
-3022	658
-3020	654
-3018	650
-3017	647
-3016	642
-3014	639
-3012	635
-3009	632
-3007	628
-3005	625
-3003	621
-3002	617
-3002	612
-3001	609
-3001	604
-2999	601
-2999	596
-2998	592
-2997	588
-2995	584
-2995	580
-2994	576
-2994	572
-2994	567
-2994	563
-2992	559
-2990	556
-2987	552
-2988	548
-2989	543
-2989	538
-2987	535
-2985	531
-2983	527
-2981	524
-2980	520
-2979	515
-2979	511
-2982	506
-2983	501
-2983	496
-2981	493
-2978	489
-2977	485
-2975	481
-2973	478
-2970	475
-2969	470
-2968	467
-2966	463
-2966	459
-2964	455
-2963	451
-2962	447
-2960	443
-2958	439
-2958	435
-2956	431
-2955	427
-2955	422
-2955	418
-2954	414
-2954	409
-2954	405
-2954	400
-2953	396
-2949	393
-2947	390
-2947	385
-2947	381
-2947	376
-2946	372
-2946	367
-2946	363
-2945	358
-2944	355
-2941	351
-2940	347
-2938	343
-2938	339
-2936	335
-2935	331
-2933	327
-2932	323
-2932	319
-2932	314
-2933	309
-2933	304
-2932	300
-2930	297
-2928	293
-2927	289
-2926	285
-2925	280
-2924	276
-2922	272
-2922	268
-2921	264
-2920	259
-2920	255
-2919	250
-2919	246
-2914	243
-2912	240
-2911	236
-2909	232
-2909	228
-2907	224
-2906	219
-2907	214
-2908	209
-2909	204
-2908	200
-2907	195
-2907	190
-2906	186
-2905	182
-2649	313
-2653	306
-2659	299
-2892	170
-2900	160
-2899	156
-2898	152
-2897	148
-2894	145
-2892	141
-2890	137
-2888	133
-2889	128
-2888	124
-2889	118
-2889	114
-2887	110
-2882	108
-2855	118
-2854	114
-2877	96
-2879	90
-2877	86
-2875	82
-2875	77
-2876	72
-2875	68
-2874	63
-2872	60
-2871	56
-2869	51
-2868	47
-2867	43
-2865	39
-2863	35
-2860	32
-2859	28
-2858	24
-2856	19
-2855	15
-2854	11
-2853	6
-2852	2
-2850	-2
-2849	-6
-2848	-10
-2846	-15
-2846	-19
-2845	-24
-2821	-14
-2833	-27
-2842	-37
-2840	-41
-2839	-45
-2709	31
-2706	28
-2704	24
-2833	-62
-2832	-66
-2830	-70
-2827	-74
-2823	-76
-2820	-79
-2819	-83
-2816	-87
-2815	-91
-2813	-95
-2812	-99
-2813	-105
-2808	-107
-2797	-105
-2806	-116
-2806	-121
-2659	-30
-2662	-36
-2661	-41
-2653	-40
-2644	-39
-2642	-43
-2642	-48
-2646	-55
-2655	-66
-2663	-76
-2660	-79
-2661	-86
-2671	-97
-2681	-109
-2659	-99
-2656	-102
-2660	-109
-2654	-111
-2646	-110
-2643	-113
-2647	-121
-2766	-209
-2682	-156
-2691	-167
-2691	-172
-2689	-176
-2685	-178
-2682	-181
-2677	-183
-2675	-187
-2671	-189
-2663	-188
-2656	-189
-2654	-192
-2651	-196
-2650	-200
-2651	-206
-2650	-210
-2649	-215
-2647	-218
-2642	-220
-2635	-220
-2631	-223
-2603	-207
-2609	-216
-2613	-224
-2613	-230
-2613	-235
-2604	-233
-2586	-225
-2572	-220
-2564	-219
-2558	-220
-2555	-223
-2542	-218
-2536	-218
-2533	-221
-2530	-224
-2520	-222
-2507	-216
-2505	-220
-2492	-215
-2472	-204
-2465	-204
-2461	-206
-2452	-204
-2436	-197
-2422	-190
-2410	-186
-2404	-187
-2334	-135
-2328	-136
-2325	-138
-2321	-140
-2316	-140
-2292	-126
-2289	-128
-2285	-130
-2281	-132
-2277	-133
-2269	-131
-2225	-100
-2218	-99
-2211	-98
-2206	-98
-2199	-97
-2186	-92
-2175	-87
-2165	-83
-2157	-81
-2149	-79
-2137	-74
-2126	-70
-2120	-68
-2113	-68
-2108	-68
-2104	-69
-2102	-72
-2100	-75
-2099	-79
-2099	-83
-2097	-87
-2093	-88
-2087	-87
-2081	-87
-2074	-86
-2066	-83
-2063	-85
-2061	-88
-2061	-92
-2057	-93
-2048	-90
-2041	-89
-2037	-90
-2024	-83
-2018	-82
-2015	-84
-2006	-81
-1994	-74
-1980	-66
-1969	-61
-1964	-61
-1961	-62
-1960	-66
-1959	-70
-1958	-73
-1957	-78
-1957	-82
-1951	-81
-1946	-81
-1943	-83
-1941	-86
-1939	-89
-1936	-90
-1931	-90
-1926	-91
-1913	-83
-1904	-78
-1893	-72
-1877	-62
-1865	-55
-1860	-55
-1856	-55
-1852	-56
-1849	-58
-1846	-59
-1842	-60
-1840	-62
-1837	-65
-1835	-67
-1833	-69
-1831	-72
-1830	-76
-1829	-80
-1826	-81
-1821	-81
-1817	-82
-1818	-87
-1821	-94
-1816	-94
-1812	-95
-1806	-94
-1798	-90
-1791	-87
-1784	-85
-1781	-87
-1780	-90
-1780	-95
-1779	-99
-1777	-101
-1774	-102
-1768	-102
-1763	-100
-1758	-100
-1754	-100
-1751	-103
-1746	-102
-1744	-104
-1746	-111
-1735	-104
-1729	-103
-1729	-107
-1725	-108
-1719	-106
-1712	-103
-1706	-101
-1699	-98
-1694	-97
-1689	-97
-1685	-97
-1682	-98
-1679	-100
-1679	-104
-1680	-110
-1679	-114
-1675	-115
-1672	-116
-1669	-117
-1667	-119
-1658	-115
-1653	-114
-1651	-116
-1649	-119
-1648	-122
-1645	-124
-1638	-120
-1633	-119
-1630	-120
-1615	-109
-1618	-116
-1618	-121
-1610	-117
-1606	-117
-1603	-118
-1599	-118
-1597	-121
-1594	-122
-1588	-119
-1583	-118
-1579	-119
-1575	-119
-1573	-121
-1571	-123
-1569	-126
-1568	-130
-1567	-134
-1566	-137
-1565	-141
-1562	-142
-1557	-140
-1548	-134
-1542	-132
-1537	-131
-1534	-132
-1531	-133
-1529	-136
-1528	-139
-1525	-141
-1522	-142
-1520	-144
-1509	-136
-1496	-124
-1492	-124
-1489	-124
-1486	-125
-1483	-126
-1479	-127
-1476	-128
-1473	-129
-1470	-130
-1467	-131
-1464	-132
-1464	-136
-1463	-141
-1461	-142
-1455	-140
-1452	-141
-1443	-134
-1437	-131
-1434	-132
-1432	-134
-1429	-135
-1426	-137
-1424	-139
-1421	-141
-1420	-143
-1417	-145
-1410	-140
-1404	-137
-1400	-137
-1396	-137
-1393	-137
-1392	-140
-1392	-145
-1392	-150
-1390	-154
-1388	-155
-1385	-157
-1382	-158
-1379	-159
-1378	-162
-1371	-158
-1365	-154
-1358	-149
-1349	-142
-1343	-138
-1339	-138
-1335	-138
-1332	-139
-1331	-141
-1329	-144
-1327	-147
-1326	-149
-1324	-153
-1322	-154
-1320	-157
-1318	-159
-1315	-160
-1314	-163
-1315	-171
-1320	-183
-1320	-188
-1313	-183
-1304	-175
-1299	-172
-1296	-174
-1294	-176
-1291	-176
-1288	-177
-1286	-179
-1283	-180
-1281	-183
-1278	-184
-1275	-184
-1273	-186
-1269	-186
-1265	-185
-1260	-183
-1256	-182
-1253	-182
-1249	-182
-1246	-182
-1242	-182
-1239	-183
-1237	-184
-1234	-186
-1231	-186
-1228	-187
-1225	-187
-1221	-186
-1218	-187
-1215	-187
-1210	-184
-1206	-184
-1203	-185
-1200	-186
-1197	-186
-1194	-186
-1190	-186
-1186	-185
-1182	-184
-1179	-183
-1175	-183
-1172	-184
-1169	-184
-1167	-185
-1164	-186
-1158	-181
-1155	-182
-1152	-183
-1150	-184
-1147	-185
-1143	-184
-1138	-181
-1134	-181
-1131	-180
-1126	-177
-1123	-177
-1121	-179
-1118	-181
-1115	-181
-1111	-179
-1106	-176
-1103	-178
-1101	-180
-1099	-181
-1097	-183
-1094	-184
-1091	-184
-1087	-182
-1083	-181
-1079	-179
-1075	-178
-1072	-179
-1070	-181
-1068	-182
-1064	-182
-1061	-182
-1057	-180
-1055	-182
-1052	-183
-1050	-184
-1047	-185
-1044	-185
-1041	-185
-1038	-185
-1035	-185
-1032	-186
-1029	-187
-1026	-187
-1023	-186
-1019	-186
-1017	-187
-1013	-186
-1010	-186
-1007	-185
-1004	-186
-1001	-186
-998	-187
-995	-187
-992	-187
-989	-186
-986	-187
-983	-187
-980	-187
-977	-188
-974	-188
-972	-189
-967	-186
-965	-187
-962	-187
-958	-187
-955	-186
-952	-186
-949	-187
-947	-187
-944	-187
-941	-187
-937	-187
-935	-187
-932	-187
-928	-186
-925	-186
-922	-185
-917	-182
-914	-181
-911	-182
-909	-184
-907	-186
-905	-187
-902	-188
-900	-189
-897	-189
-894	-189
-891	-189
-888	-190
-884	-188
-880	-184
-873	-175
-869	-174
-865	-170
-861	-168
-775	-0
-772	1
-769	1
-767	-0
-764	1
-762	1
-759	1
-755	4
-753	3
-750	3
-748	2
-746	2
-743	1
-741	1
-738	2
-736	1
-733	1
-730	1
-728	0
-728	-5
-728	-12
-727	-16
-723	-13
-718	-6
-718	-12
-717	-16
-715	-19
-743	-126
-742	-130
-740	-134
-739	-137
-737	-140
-736	-143
-733	-144
-731	-146
-729	-145
-726	-145
-723	-146
-721	-147
-718	-147
-716	-148
-714	-150
-711	-151
-709	-152
-707	-154
-705	-155
-702	-155
-700	-156
-698	-158
-695	-157
-692	-157
-690	-158
-687	-157
-684	-157
-681	-158
-680	-163
-682	-176
-683	-186
-681	-189
-679	-190
-676	-191
-674	-191
-671	-191
-668	-191
-665	-191
-659	-181
-657	-181
-653	-179
-650	-178
-648	-178
-646	-180
-644	-183
-642	-187
-630	-155
-627	-155
-624	-154
-621	-153
-619	-154
-617	-157
-616	-163
-617	-172
-613	-171
-611	-171
-608	-170
-605	-169
-602	-168
-599	-168
-597	-169
-595	-171
-593	-172
-590	-174
-588	-176
-586	-177
-585	-182
-583	-185
-582	-190
-579	-190
-576	-189
-573	-188
-571	-189
-508	-5
-506	-4
-503	-5
-501	-6
0	0
0	0
0	0
-503	-48
-503	-58
-503	-66
-502	-75
-502	-83
-502	-92
-502	-103
-502	-114
-502	-125
-502	-133
-502	-142
-501	-151
-501	-158
-499	-162
-497	-165
-495	-168
-493	-169
-490	-170
-488	-172
-486	-172
-483	-173
-481	-172
-478	-173
-476	-173
-473	-172
-471	-173
-468	-173
-465	-173
-463	-173
-460	-173
-458	-172
-455	-172
-452	-172
-450	-171
-447	-171
-445	-171
-442	-173
-440	-173
-437	-173
-435	-172
-432	-172
-430	-172
-427	-172
-425	-172
-422	-172
-419	-171
-417	-172
-414	-172
-412	-172
-409	-172
-407	-173
-404	-172
-402	-173
-399	-173
-397	-172
-394	-172
-392	-172
-389	-172
-387	-172
-384	-172
-382	-171
-379	-173
-377	-172
-374	-172
-372	-173
-369	-172
-367	-172
-364	-173
-362	-173
-359	-171
-357	-172
-354	-172
-352	-171
-349	-173
-347	-172
-344	-170
-341	-171
-339	-172
-337	-174
-335	-181
-334	-186
-331	-187
-329	-187
-326	-186
-324	-186
-322	-189
-319	-189
-316	-188
-314	-187
-311	-187
-309	-188
-306	-188
-304	-187
-301	-186
-299	-186
-296	-187
-294	-189
-292	-189
-289	-188
-286	-187
-284	-186
-281	-186
-279	-187
-277	-188
-274	-187
-271	-186
-269	-186
-266	-186
-264	-186
-262	-188
-259	-189
-257	-188
-254	-187
-252	-187
-249	-187
-246	-186
-244	-184
-241	-185
-239	-185
-237	-186
-234	-186
-232	-187
-229	-188
-227	-187
-224	-186
-222	-187
-219	-188
-217	-189
-214	-188
-212	-187
-209	-187
-207	-189
-205	-189
-202	-189
-200	-189
-197	-187
-195	-187
-192	-186
-190	-186
-187	-185
-185	-185
-182	-186
-180	-186
-177	-186
-175	-187
-172	-187
-170	-187
-167	-187
-165	-188
-163	-188
-160	-188
-158	-187
-155	-187
-153	-186
-150	-186
-148	-187
-145	-186
-143	-185
-140	-185
-138	-186
-135	-186
-133	-187
-131	-186
-128	-185
-126	-185
-123	-184
-121	-185
-118	-186
-116	-187
-113	-187
-111	-188
-108	-189
-106	-189
-104	-189
-101	-188
-99	-186
-96	-185
-94	-186
-91	-186
-89	-186
-86	-186
-84	-186
-81	-187
-79	-187
-76	-187
-74	-188
-72	-187
-69	-187
-67	-188
-64	-187
-62	-186
-59	-186
-57	-185
-54	-186
-49	-188
-47	-188
-45	-188
-42	-188
-40	-188
-37	-187
-35	-187
-32	-187
-30	-188
-27	-188
-25	-188
-22	-188
-20	-187
-18	-187
-15	-188
-13	-188
-10	-187
-8	-187
-5	-187
-3	-187
-0	-186
2	-187
5	-187
7	-187
10	-187
12	-187
14	-187
17	-187
19	-187
22	-186
24	-186
27	-187
29	-187
32	-187
34	-187
37	-188
39	-188
42	-188
44	-187
46	-187
49	-187
51	-187
54	-186
56	-186
59	-186
61	-187
64	-186
66	-187
69	-187
71	-187
74	-187
76	-188
78	-187
81	-187
83	-187
86	-187
88	-187
91	-186
93	-187
96	-187
98	-187
101	-187
103	-187
106	-187
108	-187
111	-187
113	-187
116	-187
118	-187
121	-188
123	-188
125	-188
128	-187
130	-187
133	-187
135	-187
138	-186
140	-187
143	-187
145	-187
148	-186
150	-186
153	-187
155	-186
158	-186
160	-187
163	-187
165	-187
168	-187
170	-187
173	-186
175	-186
178	-187
180	-187
183	-186
185	-187
188	-187
190	-186
193	-187
195	-187
198	-186
200	-186
202	-186
205	-186
207	-186
210	-186
213	-186
215	-187
218	-187
220	-186
222	-186
225	-187
228	-187
230	-187
233	-187
235	-187
238	-187
240	-186
243	-186
245	-186
248	-187
250	-187
253	-186
255	-188
258	-188
261	-188
263	-189
266	-188
268	-188
271	-187
273	-187
276	-187
278	-187
281	-187
283	-186
286	-187
288	-187
291	-187
293	-187
296	-187
298	-186
301	-186
303	-185
306	-185
308	-186
311	-186
314	-187
316	-186
318	-186
321	-185
324	-186
326	-186
329	-187
331	-186
334	-186
336	-186
339	-185
342	-186
343	-181
345	-176
347	-174
349	-171
351	-172
354	-172
356	-172
359	-171
361	-171
364	-172
367	-171
369	-172
372	-172
374	-173
377	-172
380	-172
382	-173
385	-172
387	-172
390	-172
392	-172
395	-172
397	-171
400	-173
403	-172
405	-171
408	-172
410	-172
413	-173
416	-173
418	-171
421	-172
424	-173
426	-172
429	-172
431	-171
433	-170
436	-172
439	-172
441	-171
444	-173
447	-173
450	-172
452	-173
455	-173
457	-172
460	-172
463	-172
465	-172
468	-172
470	-172
473	-173
476	-172
478	-172
481	-171
483	-170
486	-172
489	-173
491	-172
494	-172
497	-172
499	-171
501	-169
503	-167
505	-165
507	-163
509	-160
510	-153
511	-148
508	-131
508	-122
508	-115
509	-108
509	-102
510	-94
510	-87
510	-80
510	-71
509	-62
510	-55
510	-48
510	-41
511	-34
510	-25
509	-16
509	-6
511	-6
513	-5
516	-5
593	-204
572	-134
575	-133
577	-132
580	-133
583	-133
586	-136
613	-203
615	-202
609	-178
612	-179
615	-179
618	-178
620	-178
624	-179
626	-179
629	-178
632	-179
634	-178
637	-178
640	-178
642	-178
645	-178
648	-177
651	-179
654	-178
655	-175
658	-174
660	-173
663	-174
667	-175
670	-176
672	-174
673	-169
673	-164
675	-160
677	-158
680	-158
683	-160
686	-160
688	-158
690	-157
693	-157
696	-157
698	-156
701	-155
704	-155
706	-155
709	-154
711	-153
714	-152
716	-152
719	-151
721	-150
724	-150
726	-149
729	-148
732	-147
734	-146
736	-145
739	-144
741	-143
744	-142
746	-140
747	-137
748	-134
750	-130
750	-125
749	-115
749	-108
722	-19
723	-15
724	-11
725	-7
725	-3
727	0
729	1
732	1
734	1
738	-0
740	-0
743	1
745	2
747	3
753	-4
756	-4
757	-2
759	0
762	0
764	1
767	1
771	-1
773	-1
776	-1
778	1
781	-0
867	-144
871	-146
875	-148
881	-154
887	-160
891	-161
893	-159
894	-154
894	-149
895	-145
897	-143
900	-142
902	-142
906	-142
911	-146
918	-155
923	-158
926	-158
929	-157
931	-156
935	-156
938	-157
941	-156
944	-156
949	-159
965	-184
973	-192
976	-192
979	-192
982	-191
985	-191
988	-190
990	-189
993	-187
995	-185
997	-184
1000	-182
1002	-181
1005	-181
1008	-181
1012	-181
1015	-182
1019	-182
1022	-182
1026	-183
1029	-183
1032	-182
1035	-182
1038	-181
1041	-181
1045	-182
1048	-181
1051	-181
1055	-182
1057	-180
1060	-180
1064	-180
1068	-181
1071	-181
1075	-182
1078	-181
1081	-180
1083	-180
1087	-181
1091	-181
1094	-180
1097	-180
1100	-180
1103	-178
1105	-177
1108	-176
1112	-176
1115	-176
1119	-177
1122	-176
1125	-176
1128	-175
1131	-175
1133	-172
1134	-168
1136	-166
1139	-165
1142	-164
1144	-163
1148	-164
1152	-165
1159	-170
1165	-173
1170	-176
1174	-177
1177	-176
1181	-176
1184	-175
1187	-174
1190	-175
1194	-175
1197	-175
1200	-174
1203	-173
1206	-172
1210	-173
1217	-177
1220	-176
1223	-176
1226	-175
1230	-176
1236	-179
1240	-180
1245	-181
1248	-181
1251	-180
1255	-180
1258	-180
1261	-178
1264	-177
1266	-176
1272	-178
1276	-179
1280	-179
1284	-179
1287	-178
1290	-177
1293	-177
1298	-179
1303	-181
1308	-182
1311	-181
1313	-178
1314	-175
1317	-174
1320	-173
1323	-172
1327	-171
1329	-170
1332	-169
1335	-168
1340	-170
1349	-176
1352	-175
1353	-172
1356	-170
1359	-169
1363	-170
1370	-174
1376	-177
1379	-175
1381	-172
1382	-169
1385	-167
1387	-166
1390	-164
1392	-162
1396	-162
1401	-163
1404	-162
1407	-161
1410	-160
1412	-157
1415	-156
1418	-155
1422	-156
1436	-167
1442	-170
1447	-172
1450	-170
1452	-167
1454	-165
1456	-162
1458	-160
1460	-157
1461	-154
1463	-151
1465	-149
1468	-148
1471	-147
1474	-146
1482	-150
1495	-160
1504	-166
1508	-166
1510	-163
1508	-156
1508	-151
1506	-144
1506	-139
1508	-137
1512	-136
1517	-138
1524	-140
1530	-143
1535	-144
1539	-144
1545	-146
1551	-147
1557	-150
1565	-154
1572	-157
1575	-156
1577	-153
1580	-152
1583	-150
1585	-147
1585	-143
1586	-139
1590	-138
1595	-140
1608	-149
1609	-145
1611	-142
1612	-139
1613	-136
1617	-134
1620	-134
1627	-136
1635	-140
1642	-143
1650	-147
1657	-150
1660	-147
1664	-147
1669	-147
1679	-153
1681	-151
1680	-145
1680	-140
1681	-136
1683	-134
1689	-135
1698	-140
1712	-150
1718	-151
1722	-150
1717	-141
1716	-134
1717	-131
1719	-128
1723	-127
1727	-127
1732	-128
1740	-131
1753	-139
1764	-145
1768	-144
1770	-142
1772	-139
1775	-137
1782	-139
1798	-151
1808	-155
1810	-153
1809	-146
1811	-144
1815	-143
1819	-143
1825	-143
1831	-145
1837	-146
1844	-147
1846	-145
1849	-142
1852	-141
1856	-139
1860	-138
1863	-137
1867	-136
1872	-136
1886	-144
1890	-144
1891	-139
1893	-136
1896	-135
1899	-133
1903	-132
1908	-131
1917	-135
1938	-150
1943	-150
1947	-148
1953	-149
1957	-147
1961	-147
1965	-145
1968	-143
1971	-141
1974	-139
1977	-137
1979	-134
1983	-133
1987	-131
1991	-130
1995	-129
2003	-131
2013	-135
2021	-137
2023	-135
2026	-132
2048	-147
2052	-145
2058	-146
2067	-148
2077	-152
2081	-151
2085	-150
2093	-152
2101	-154
2106	-153
2108	-150
2110	-147
2114	-145
2122	-147
2132	-151
2151	-162
2164	-167
2171	-169
2176	-168
2179	-166
2184	-165
2190	-165
2196	-164
2206	-168
2216	-171
2217	-167
2218	-163
2221	-160
2225	-159
2230	-158
2266	-182
2266	-177
2269	-174
2275	-174
2279	-172
2281	-169
2283	-166
2287	-163
2293	-163
2302	-166
2309	-166
2313	-164
2316	-162
2321	-160
2326	-160
2333	-160
2342	-162
2356	-167
2361	-166
2365	-164
2369	-162
2373	-160
2384	-164
2394	-167
2399	-165
2403	-163
2406	-161
2409	-157
2411	-154
2414	-151
2456	-178
2458	-174
2465	-174
2483	-182
2510	-197
2516	-196
2521	-194
2534	-199
2543	-201
2548	-199
2547	-193
2545	-186
2548	-183
2552	-181
2557	-180
2570	-184
2587	-191
2601	-195
2607	-194
2613	-193
2619	-192
2625	-191
2631	-190
2636	-188
2641	-186
2646	-185
2651	-183
2657	-182
2662	-180
2666	-178
2675	-179
2680	-177
2686	-175
2692	-175
2698	-173
2703	-171
2709	-170
2715	-169
2719	-167
2726	-166
2734	-166
2741	-165
2747	-164
2752	-162
2756	-160
2765	-160
2771	-158
2778	-158
2784	-156
2789	-154
2794	-152
2798	-150
2803	-148
2809	-146
2818	-147
2826	-147
2832	-145
2840	-145
2845	-143
2850	-140
2857	-140
2863	-138
2870	-137
2876	-136
2882	-134
2888	-132
2893	-130
2898	-128
2903	-126
2908	-123
2912	-120
2917	-119
2927	-119
2932	-117
2937	-114
2947	-115
2952	-113
2958	-111
2963	-109
2968	-106
2971	-103
2977	-101
2984	-99
2989	-97
2994	-95
2998	-92
3003	-90
3009	-88
3015	-86
3021	-84
3027	-82
3032	-79
3038	-77
3044	-75
3050	-73
3055	-71
3061	-69
3065	-66
3069	-63
3072	-59
3076	-56
3085	-55
3092	-54
3098	-52
3105	-50
3112	-49
3117	-46
3122	-44
3127	-41
3134	-39
3140	-37
3144	-34
3150	-32
3155	-29
3160	-26
3165	-24
3169	-20
3174	-17
3179	-15
3183	-11
3184	-7
3185	-2
3188	2
3189	7
3191	11
3192	16
3195	20
3195	25
3194	31
3195	36
3195	41
3196	46
3198	51
3198	56
3198	61
3200	66
3201	70
3204	74
3207	78
3209	82
3208	88
3210	93
3210	98
3209	103
3209	109
3210	114
3211	118
3214	122
3218	126
3219	130
3220	135
3220	140
3221	145
3223	150
3223	155
3223	160
3224	165
3224	170
3225	174
3225	180
3225	185
3225	190
3225	195
3225	200
3221	208
3222	212
3223	217
3224	222
3224	227
3225	232
3225	237
3226	241
3225	247
3225	252
3225	257
3225	262
3227	266
3228	271
3227	277
3226	282
3228	286
3230	291
3231	295
3233	300
3234	304
3236	308
3236	313
3235	319
3234	324
3235	329
3236	334
3235	339
3234	345
3234	350
3232	355
3232	360
3233	365
3235	369
3237	373
3238	378
3238	383
3236	388
3236	394
3237	398
3237	403
3237	408
3237	413
3239	417
3240	422
3241	426
3245	430
3244	435
3242	441
3240	447
3240	451
3243	455
3247	459
3250	463
3252	466
3252	472
3252	477
3251	482
3248	488
3248	493
3248	498
3248	502
3248	507
3248	512
3248	517
3249	522
3250	526
3252	530
3253	535
3253	540
3255	544
3255	548
3257	553
3257	557
3259	562
3258	567
3259	571
3258	576
3257	582
3256	587
3257	591
3257	596
3258	601
3258	605
3259	610
3259	615
3260	619
3261	624
3263	628
3262	633
3262	638
3263	642
3265	646
3267	650
3267	655
3267	660
3269	664
3269	669
3269	673
3271	678
3273	682
3273	686
3272	692
3270	697
3272	701
3274	705
3275	710
3275	714
3274	719
3273	724
3274	729
3275	733
3276	738
3275	743
3275	748
3274	752
3275	757
3277	761
3279	765
3281	769
3280	774
3279	779
3280	783
3281	788
3282	792
3282	797
3283	801
3284	806
3286	810
3287	815
3287	819
3287	824
3287	828
3287	833
3288	837
3285	843
3283	848
3284	853
3284	857
3285	861
3286	866
3287	870
3289	874
3291	879
3291	883
3290	888
3288	893
3289	898
3290	902
3291	906
3292	911
3293	915
3294	920
3296	924
3297	928
3298	932
3298	937
3299	941
3299	946
3299	951
3299	955
3298	960
3300	964
3302	968
3303	973
3299	978
3298	983
3299	987
3300	992
3300	996
3302	1000
3304	1005
3306	1009
3308	1013
3308	1018
3307	1022
3307	1027
3307	1032
3306	1036
3306	1041
3305	1046
3306	1050
3306	1054
3307	1059
3307	1063
3308	1068
3309	1072
3309	1077
3309	1081
3310	1086
3311	1090
3313	1094
3314	1099
3314	1103
3312	1108
3313	1112
3316	1116
3316	1121
3316	1125
3317	1130
3317	1134
3316	1139
3314	1144
3315	1148
3317	1152
3318	1157
3319	1161
3321	1165
3322	1170
3321	1174
3323	1179
3326	1183
3330	1187
3330	1191
3331	1195
3331	1200
3332	1204
3332	1209
3333	1213
3335	1218
3335	1222
3335	1227
3334	1231
3333	1236
3333	1240
3334	1245
3336	1249
3336	1253
3336	1258
3336	1262
3337	1267
3338	1271
3339	1276
3341	1280
3339	1285
3338	1289
3337	1294
3337	1298
3337	1303
3337	1307
3339	1312
3340	1316
3339	1321
3339	1325
3339	1330
3340	1334
3339	1339
3340	1343
3340	1347
3342	1352
3342	1356
3342	1361
3344	1365
3345	1369
3345	1374
3345	1378
3346	1383
3348	1387
3347	1392
3348	1396
3348	1401
3347	1405
3348	1410
3350	1414
3352	1418
3355	1422
3356	1427
3356	1431
3355	1436
3354	1440
3354	1445
3354	1449
3354	1454
3354	1458
3355	1463
3354	1467
3353	1472
3354	1476
3355	1481
3356	1485
3358	1489
3359	1494
3361	1498
3361	1503
3359	1507
3359	1512
3359	1516
3360	1521
3363	1525
3365	1529
3364	1534
3365	1538
3365	1543
3367	1547
3368	1552
3369	1556
3369	1561
3370	1565
3371	1570
3370	1574
3368	1579
3366	1583
3364	1588
3364	1592
3365	1597
3365	1601
3366	1606
3369	1610
3372	1614
3375	1619
3376	1623
3376	1628
3376	1632
3375	1637
3375	1641
3376	1646
3376	1650
3377	1655
3377	1659
3377	1664
3377	1668
3377	1673
3379	1677
3378	1682
