2742	1664
2742	1667
2742	1671
2742	1675
2742	1678
2741	1682
2742	1689
2743	1693
2742	1697
2742	1700
2743	1704
2743	1708
2744	1711
2743	1715
2744	1719
2744	1722
2744	1726
2745	1730
2745	1733
2745	1737
2745	1741
2745	1744
2745	1748
2745	1752
2745	1755
2745	1759
2744	1763
2744	1766
2744	1770
2744	1774
2744	1777
2743	1781
2744	1785
2745	1789
2746	1792
2747	1796
2747	1800
2747	1803
2746	1807
2746	1811
2747	1814
2746	1818
2747	1822
2747	1825
2748	1829
2748	1833
2749	1837
2748	1840
2748	1844
2747	1848
2748	1851
2748	1855
2748	1859
2749	1862
2750	1866
2751	1870
2751	1874
2751	1877
2752	1881
2752	1885
2751	1889
2752	1892
2753	1896
2753	1900
2752	1903
2753	1907
2754	1911
2753	1915
2753	1918
2754	1922
2755	1926
2755	1930
2755	1933
2754	1937
2753	1941
2754	1944
2755	1948
2756	1952
2757	1956
2757	1960
2758	1963
2758	1967
2758	1971
2758	1975
2758	1978
2758	1982
2758	1986
2759	1990
2760	1993
2760	1997
2760	2001
2761	2005
2760	2008
2760	2012
2759	2016
2760	2020
2762	2024
2762	2027
2762	2031
2761	2035
2762	2039
2761	2042
2761	2046
2761	2050
2763	2054
2762	2057
2762	2061
2760	2065
2761	2069
2763	2073
2763	2076
2762	2080
2764	2084
2764	2088
2765	2092
2765	2096
2765	2099
2764	2103
2764	2107
2764	2110
2766	2115
2767	2118
2766	2122
2766	2126
2766	2130
2765	2133
2766	2137
2766	2141
2767	2145
2767	2149
2766	2153
2766	2156
2766	2160
2767	2164
2767	2168
2766	2172
2767	2175
2768	2180
2768	2183
2769	2187
2769	2191
2769	2195
2771	2199
2770	2203
2769	2207
2770	2210
2770	2214
2770	2218
2770	2222
2771	2226
2770	2230
2769	2233
2770	2237
2771	2241
2771	2245
2770	2249
2770	2253
2770	2257
2770	2261
2770	2264
2769	2268
2771	2272
2771	2276
2772	2280
2771	2284
2771	2288
2772	2292
2772	2296
2772	2300
2773	2304
2773	2308
2773	2311
2772	2315
2771	2319
2770	2323
2770	2326
2772	2331
2773	2335
2774	2339
2774	2343
2773	2347
2773	2351
2773	2354
2773	2358
2774	2363
2775	2367
2775	2371
2775	2375
2775	2379
2775	2382
2775	2386
2775	2390
2775	2394
2775	2398
2775	2402
2774	2406
2774	2410
2775	2414
2775	2418
2776	2422
2777	2426
2777	2430
2777	2434
2777	2438
2777	2442
2777	2446
2777	2450
2777	2454
2778	2458
2777	2462
2777	2466
2777	2470
2778	2475
2779	2479
2778	2483
2778	2487
2779	2491
2779	2495
2779	2499
2779	2503
2779	2507
2779	2511
2779	2515
2779	2519
2778	2523
2778	2527
2779	2531
2779	2535
2780	2540
2780	2544
2780	2548
2780	2552
2780	2556
2779	2559
2778	2563
2778	2567
2778	2571
2780	2576
2780	2580
2781	2585
2781	2589
2782	2593
2780	2597
2779	2601
2778	2604
2778	2608
2779	2613
2781	2618
2783	2622
2782	2626
2782	2630
2782	2634
2782	2638
2782	2643
2783	2647
2783	2651
2782	2655
2783	2660
2784	2664
2784	2668
2785	2673
2785	2677
2784	2681
2784	2685
2783	2689
2783	2693
2783	2697
2784	2702
2783	2706
2783	2710
2783	2714
2782	2718
2782	2722
2784	2727
2784	2731
2784	2735
2784	2740
2784	2744
2783	2748
2783	2752
2782	2756
2783	2760
2782	2765
2783	2769
2782	2773
2783	2778
2783	2782
2783	2786
2783	2790
2783	2795
2782	2799
2781	2803
2781	2807
2780	2811
2781	2815
2780	2819
2781	2824
2780	2828
2780	2832
2780	2837
2780	2841
2780	2845
2779	2849
2781	2854
2781	2859
2781	2863
2780	2867
2781	2872
2781	2876
2782	2881
2781	2885
2781	2889
2780	2893
2779	2897
2780	2902
2779	2906
2779	2911
2780	2916
2781	2920
2781	2925
2781	2929
2780	2933
2780	2937
2780	2942
2780	2946
2780	2951
2781	2956
2782	2961
2782	2965
2781	2969
2780	2973
2779	2977
2781	2983
2780	2987
2780	2991
2779	2995
2779	3000
2780	3005
2782	3010
2781	3014
2781	3019
2780	3023
2779	3027
2779	3031
2778	3035
2777	3040
2776	3044
2776	3048
2775	3052
2775	3057
2775	3062
2774	3066
2773	3070
2773	3074
2772	3079
2772	3083
2773	3088
2772	3092
2771	3097
2769	3100
2769	3105
2768	3109
2768	3114
2767	3118
2767	3122
2766	3127
2765	3131
2765	3135
2764	3139
2760	3142
2739	3136
2714	3128
2701	3125
2694	3126
2692	3130
2690	3133
2690	3138
2718	3157
2746	3177
2760	3189
2761	3195
2762	3200
2761	3204
2760	3208
2759	3212
2759	3217
2759	3222
2759	3227
2758	3231
2757	3235
2756	3240
2756	3244
2758	3250
2757	3254
2756	3259
2755	3263
2754	3268
2753	3272
2752	3276
2751	3280
2750	3285
2750	3289
2750	3294
2749	3299
2749	3303
2748	3308
2746	3311
2746	3316
2746	3321
2745	3326
2745	3330
2743	3335
2742	3339
2742	3344
2741	3348
2740	3352
2739	3357
2738	3361
2737	3365
2736	3370
2735	3374
2735	3380
2734	3384
2734	3388
2734	3394
2733	3398
2732	3403
2731	3407
2729	3411
2729	3416
2729	3421
2728	3426
2728	3430
2727	3435
2726	3440
2724	3443
2724	3449
2725	3454
2724	3459
2723	3463
2722	3467
2721	3472
2721	3477
2719	3481
2718	3486
2718	3491
2716	3495
2716	3499
2714	3504
2713	3508
2713	3514
2714	3519
2712	3523
2711	3528
2710	3532
2709	3537
2708	3542
2707	3546
2706	3550
2707	3556
2707	3562
2706	3566
2706	3572
2705	3576
2704	3581
2703	3585
2703	3591
2702	3595
2701	3600
2702	3606
2702	3611
2700	3616
2698	3620
2697	3625
2696	3629
2695	3634
2695	3639
2693	3643
2693	3648
2691	3653
2690	3657
2691	3663
2689	3667
2688	3672
2688	3678
2686	3682
2684	3686
2681	3690
2680	3694
2678	3698
2676	3702
2674	3706
2674	3712
2674	3717
2672	3721
2671	3726
2671	3732
2669	3736
2668	3740
2666	3744
2665	3749
2663	3754
2662	3759
2660	3762
2658	3766
2657	3772
2656	3777
2654	3781
2653	3786
2652	3790
2651	3795
2650	3800
2648	3804
2646	3809
2645	3814
2644	3818
2642	3823
2642	3828
2639	3832
2637	3836
2635	3840
2635	3846
2634	3851
2631	3854
2629	3858
2629	3864
2629	3870
2627	3875
2627	3880
2625	3885
2623	3889
2622	3894
2621	3898
2620	3904
2619	3909
2618	3914
2617	3919
2615	3924
2615	3929
2612	3933
2611	3938
2608	3942
2605	3945
2603	3949
2602	3955
2605	3963
2607	3971
2609	3978
2606	3982
2604	3986
2602	3990
2599	3994
2596	3998
2594	4002
2592	4006
2590	4011
2588	4015
2587	4020
2584	4024
2582	4028
2580	4032
2577	4037
2576	4041
2573	4045
2572	4050
2569	4054
2568	4059
2565	4063
2550	4055
2524	4038
2551	4069
2555	4079
2512	4046
2511	4051
2505	4052
2510	4062
2534	4091
2544	4106
2543	4112
2541	4117
2538	4121
2537	4125
2534	4129
2533	4134
2531	4139
2529	4144
2527	4149
2525	4153
2523	4157
2520	4161
2519	4166
2517	4171
2514	4175
2512	4179
2510	4184
2507	4188
2505	4192
2503	4197
2501	4202
2501	4208
2498	4212
2496	4217
2494	4221
2492	4226
2490	4230
2487	4234
2485	4238
2482	4242
2480	4247
2479	4253
2480	4260
2478	4265
2478	4272
2475	4276
2472	4279
2470	4284
2468	4288
2465	4293
2463	4297
2461	4302
2459	4307
2457	4311
2454	4316
2452	4320
2450	4325
2448	4330
2445	4334
2443	4338
2424	4382
2422	4386
2419	4390
2417	4395
2414	4398
2407	4398
2404	4402
2401	4406
2399	4411
2397	4416
2395	4421
2393	4425
2390	4429
2387	4433
2385	4438
2382	4443
2379	4447
2376	4451
2374	4455
2371	4459
2369	4464
2367	4469
2366	4475
2363	4480
2361	4484
2359	4489
2356	4494
2354	4498
2351	4503
2348	4507
2346	4512
2344	4516
2342	4522
2339	4526
2337	4531
2334	4536
2332	4540
2329	4544
2329	4552
2327	4557
2323	4560
2319	4563
2317	4568
2314	4572
2312	4577
2309	4582
2306	4585
2304	4591
2302	4596
2300	4601
2296	4605
2294	4609
2292	4615
2289	4619
2286	4623
2283	4628
2281	4633
2278	4636
2275	4641
2272	4646
2270	4650
2266	4654
2264	4659
2261	4663
2258	4668
2255	4672
2252	4676
2249	4680
2246	4684
2243	4688
2239	4692
2236	4695
2233	4700
2230	4705
2227	4708
2224	4712
2220	4716
2217	4720
2214	4724
2210	4727
2207	4731
2203	4735
2201	4740
2197	4743
2194	4747
2191	4752
2188	4755
2184	4759
2181	4764
2178	4768
2176	4773
2172	4777
2169	4781
2166	4786
2163	4789
2159	4793
2155	4796
2153	4801
2150	4805
2146	4809
2143	4813
2140	4818
2137	4821
2133	4825
2130	4829
2127	4834
2124	4838
2120	4842
2117	4845
2112	4848
2108	4851
2105	4855
2102	4860
2099	4864
2096	4869
2093	4873
2089	4877
2086	4881
2082	4884
2078	4887
2074	4890
2070	4893
2067	4897
2062	4900
2058	4903
2054	4905
2050	4909
2047	4913
2043	4916
2039	4920
2036	4923
2032	4928
2030	4933
2027	4938
2023	4942
2019	4944
2014	4947
2010	4949
2005	4951
2000	4953
1995	4953
1991	4957
1987	4959
1982	4961
1977	4964
1973	4966
1968	4968
1964	4970
1959	4972
1955	4975
1952	4980
1948	4984
1944	4987
1941	4992
1938	4995
1932	4995
1926	4996
1921	4998
1918	5002
1914	5005
1910	5008
1905	5010
1901	5014
1897	5017
1894	5021
1890	5024
1885	5026
1881	5029
1877	5032
1872	5034
1866	5034
1862	5037
1857	5037
1851	5038
1847	5041
1843	5045
1839	5047
1835	5050
1831	5053
1826	5056
1822	5058
1817	5060
1812	5062
1808	5064
1802	5064
1797	5066
1793	5068
1788	5070
1783	5071
1779	5074
1774	5075
1770	5079
1765	5080
1760	5083
1755	5084
1751	5087
1748	5091
1744	5094
1739	5096
1735	5099
1730	5101
1726	5104
1723	5108
1719	5112
1715	5116
1711	5118
1706	5120
1701	5122
1697	5124
1692	5126
1688	5129
1684	5133
1680	5137
1676	5140
1672	5142
1667	5144
1661	5144
1656	5144
1651	5147
1647	5150
1643	5153
1639	5155
1635	5159
1630	5161
1626	5164
1621	5164
1616	5165
1611	5168
1608	5172
1603	5175
1599	5177
1594	5180
1590	5182
1585	5184
1580	5185
1576	5188
1572	5192
1567	5193
1563	5196
1559	5200
1555	5203
1551	5206
1546	5208
1541	5209
1535	5208
1530	5210
1526	5213
1521	5215
1517	5217
1512	5219
1508	5222
1504	5225
1499	5227
1494	5229
1491	5233
1486	5234
1480	5235
1475	5236
1470	5237
1465	5238
1461	5242
1457	5244
1452	5246
1448	5248
1443	5251
1439	5254
1434	5256
1430	5259
1425	5261
1420	5262
1415	5263
1411	5265
1405	5266
1401	5268
1396	5269
1391	5270
1387	5273
1382	5276
1378	5279
1373	5280
1368	5280
1362	5281
1358	5285
1354	5287
1350	5290
1345	5293
1341	5297
1336	5297
1331	5298
1327	5300
1322	5302
1317	5305
1313	5307
1308	5309
1304	5312
1299	5314
1294	5316
1289	5315
1284	5315
1279	5317
1274	5320
1270	5323
1266	5326
1260	5326
1255	5325
1250	5327
1245	5329
1241	5331
1236	5333
1231	5334
1226	5336
1222	5338
1217	5339
1212	5340
1207	5342
1202	5343
1197	5343
1192	5346
1187	5346
1182	5346
1177	5347
1172	5349
1167	5351
1163	5353
1157	5353
1152	5354
1147	5355
1142	5355
1137	5356
1132	5357
1128	5360
1123	5362
1119	5365
1114	5367
1110	5371
1105	5372
1100	5374
1096	5376
1091	5380
1087	5382
1082	5383
1077	5384
1072	5385
1066	5384
1062	5386
1057	5387
1052	5389
1047	5391
1042	5392
1037	5393
1032	5393
1027	5392
1022	5394
1017	5397
1013	5398
1007	5399
1002	5399
998	5402
993	5405
988	5406
984	5409
979	5411
974	5412
969	5412
964	5412
959	5413
954	5415
949	5415
944	5416
939	5417
934	5417
929	5419
925	5422
920	5424
915	5425
910	5425
904	5425
899	5424
893	5420
887	5419
882	5419
877	5421
873	5423
868	5424
863	5426
858	5426
853	5428
848	5429
843	5430
838	5431
833	5430
828	5430
823	5431
818	5433
813	5433
808	5434
803	5435
798	5435
793	5435
787	5435
782	5435
777	5434
772	5434
767	5435
762	5435
757	5437
752	5439
747	5440
742	5440
738	5442
733	5443
728	5444
723	5446
719	5450
714	5452
709	5454
704	5456
699	5455
694	5454
689	5455
684	5456
679	5457
674	5458
669	5459
664	5459
659	5461
654	5462
649	5461
644	5461
639	5462
634	5464
630	5467
625	5470
620	5472
616	5474
611	5475
606	5475
600	5474
595	5475
591	5476
586	5478
581	5479
576	5479
570	5478
565	5478
560	5478
555	5479
550	5481
546	5483
541	5483
535	5482
530	5482
525	5480
520	5480
515	5478
510	5479
504	5479
499	5479
494	5478
489	5479
484	5481
479	5481
474	5482
469	5482
464	5480
459	5478
454	5479
449	5479
444	5478
439	5480
434	5483
429	5483
424	5485
420	5488
414	5484
409	5484
404	5485
399	5487
394	5488
389	5489
385	5492
380	5492
374	5490
369	5491
365	5493
360	5495
355	5495
350	5497
345	5496
340	5497
335	5497
330	5497
325	5496
320	5496
315	5496
310	5496
305	5496
300	5497
295	5498
289	5497
284	5495
279	5495
274	5495
269	5495
264	5495
259	5494
254	5493
249	5491
244	5491
239	5493
189	5028
185	5030
180	5028
176	5026
171	5024
167	5024
162	5024
158	5023
153	5013
148	5007
144	5007
139	5004
135	5000
130	4998
126	4999
122	5006
117	5006
113	5009
109	5018
105	5025
101	5025
97	5024
92	5023
88	5026
84	5029
79	5030
75	5029
70	5025
79	5489
74	5487
69	5486
64	5486
59	5486
54	5486
49	5487
44	5486
39	5484
34	5482
29	5481
24	5480
19	5478
14	5477
9	5477
4	5478
-1	5477
-6	5477
-11	5477
-16	5478
-21	5478
-26	5478
-31	5478
-36	5477
-41	5474
-46	5473
-51	5474
-56	5475
-61	5474
-66	5474
-71	5473
-75	5472
-80	5470
-85	5470
-90	5469
-95	5467
-100	5464
-105	5461
-110	5456
-115	5451
-120	5448
-125	5446
-130	5445
-134	5445
-139	5445
-144	5444
-149	5442
-154	5443
-159	5444
-164	5445
-169	5442
-174	5440
-178	5437
-183	5435
-188	5436
-193	5436
-198	5436
-203	5433
-208	5431
-213	5430
-217	5429
-222	5427
-227	5425
-232	5425
-237	5425
-242	5424
-247	5423
-251	5422
-256	5422
-261	5422
-266	5420
-271	5420
-276	5421
-281	5423
-286	5422
-291	5421
-295	5420
-300	5417
-305	5415
-310	5414
-315	5412
-319	5411
-324	5411
-329	5410
-334	5411
-339	5411
-344	5409
-349	5408
-353	5406
-357	5395
-362	5391
-367	5390
-372	5389
-376	5388
-381	5385
-386	5385
-391	5383
-395	5383
-400	5382
-405	5379
-410	5379
-414	5377
-419	5376
-424	5374
-428	5372
-433	5373
-439	5375
-444	5376
-449	5378
-454	5378
-459	5380
-464	5383
-469	5387
-474	5388
-479	5390
-484	5390
-489	5389
-494	5388
-498	5386
-503	5380
-507	5377
-512	5376
-517	5375
-522	5376
-526	5374
-531	5371
-536	5371
-540	5369
-545	5368
-550	5368
-555	5368
-560	5369
-565	5371
-570	5370
-574	5366
-579	5364
-584	5362
-589	5362
-594	5363
-599	5366
-604	5367
-609	5366
-614	5366
-618	5364
-623	5362
-628	5362
-632	5359
-637	5356
-642	5356
-646	5353
-651	5351
-655	5349
-660	5348
-665	5345
-669	5342
-674	5341
-679	5341
-684	5341
-688	5338
-693	5337
-697	5333
-701	5330
-706	5330
-711	5330
-716	5329
-720	5327
-726	5328
-730	5326
-735	5323
-739	5323
-744	5322
-749	5321
-754	5320
-759	5320
-763	5318
-768	5318
-773	5318
-778	5317
-783	5316
-787	5312
-792	5312
-797	5314
-802	5313
-806	5311
-811	5309
-815	5307
-820	5305
-824	5304
-829	5303
-834	5301
-838	5300
-843	5299
-848	5300
-854	5302
-859	5305
-865	5309
-870	5310
-875	5306
-879	5303
-883	5298
-887	5295
-891	5293
-896	5291
-901	5291
-906	5291
-911	5292
-917	5295
-922	5297
-927	5295
-931	5293
-935	5288
-939	5285
-944	5282
-948	5280
-953	5279
-957	5277
-962	5275
-967	5274
-971	5273
-976	5270
-980	5267
-984	5265
-989	5263
-993	5262
-998	5260
-1003	5259
-1008	5260
-1013	5260
-1018	5258
-1023	5258
-1027	5256
-1032	5255
-1036	5253
-1041	5252
-1046	5251
-1050	5250
-1055	5250
-1060	5247
-1064	5245
-1068	5242
-1073	5241
-1078	5241
-1083	5240
-1088	5239
-1092	5237
-1096	5233
-1101	5232
-1105	5231
-1110	5228
-1114	5226
-1119	5225
-1123	5223
-1128	5223
-1133	5221
-1137	5219
-1142	5218
-1146	5216
-1151	5214
-1156	5214
-1161	5214
-1165	5212
-1171	5213
-1175	5211
-1179	5208
-1184	5207
-1189	5206
-1194	5208
-1199	5205
-1203	5203
-1207	5200
-1212	5199
-1216	5197
-1221	5197
-1226	5194
-1230	5193
-1235	5191
-1239	5190
-1244	5188
-1248	5186
-1252	5183
-1257	5181
-1262	5181
-1267	5180
-1272	5180
-1277	5180
-1282	5179
-1286	5178
-1291	5176
-1295	5173
-1299	5171
-1303	5166
-1307	5163
-1311	5160
-1316	5159
-1320	5158
-1325	5157
-1330	5157
-1335	5155
-1339	5153
-1344	5152
-1348	5150
-1352	5146
-1356	5144
-1360	5140
-1365	5138
-1369	5137
-1373	5134
-1379	5134
-1384	5133
-1388	5131
-1392	5128
-1397	5128
-1402	5128
-1408	5129
-1413	5130
-1418	5128
-1422	5126
-1427	5126
-1432	5124
-1436	5122
-1440	5120
-1445	5118
-1449	5115
-1453	5112
-1458	5111
-1463	5110
-1467	5108
-1472	5107
-1477	5106
-1482	5105
-1486	5104
-1492	5104
-1496	5102
-1499	5098
-1503	5094
-1508	5093
-1513	5092
-1518	5091
-1523	5090
-1527	5087
-1531	5084
-1535	5082
-1539	5080
-1543	5076
-1547	5073
-1550	5068
-1553	5064
-1557	5060
-1560	5055
-1564	5052
-1568	5049
-1572	5047
-1577	5045
-1581	5043
-1586	5042
-1591	5041
-1595	5038
-1598	5034
-1602	5032
-1606	5029
-1611	5027
-1615	5024
-1619	5022
-1624	5020
-1629	5019
-1634	5020
-1639	5020
-1644	5019
-1650	5020
-1656	5020
-1659	5017
-1664	5015
-1669	5014
-1673	5012
-1678	5010
-1682	5008
-1687	5008
-1693	5007
-1697	5005
-1701	5002
-1705	5000
-1709	4996
-1713	4994
-1717	4991
-1721	4989
-1725	4985
-1728	4982
-1733	4980
-1738	4979
-1743	4979
-1748	4977
-1751	4973
-1755	4969
-1759	4966
-1763	4964
-1767	4962
-1771	4960
-1776	4958
-1781	4957
-1785	4955
-1789	4952
-1793	4948
-1796	4944
-1801	4943
-1805	4941
-1809	4938
-1814	4936
-1817	4933
-1821	4930
-1825	4927
-1828	4923
-1832	4919
-1836	4916
-1840	4914
-1845	4912
-1850	4913
-1856	4914
-1864	4917
-1868	4915
-1873	4914
-1878	4912
-1881	4909
-1885	4906
-1889	4902
-1893	4899
-1896	4896
-1900	4893
-1904	4890
-1908	4888
-1912	4885
-1916	4882
-1920	4880
-1923	4875
-1927	4871
-1930	4868
-1935	4866
-1939	4863
-1942	4860
-1947	4857
-1950	4854
-1954	4851
-1958	4848
-1962	4846
-1966	4842
-1970	4840
-1974	4837
-1977	4833
-1981	4830
-1986	4830
-1990	4827
-1993	4822
-1997	4820
-2002	4818
-2005	4814
-2008	4810
-2011	4805
-2014	4802
-2020	4801
-2024	4799
-2029	4798
-2033	4796
-2037	4793
-2041	4791
-2047	4790
-2050	4786
-2053	4782
-2057	4780
-2062	4778
-2066	4776
-2071	4774
-2074	4771
-2078	4767
-2082	4765
-2086	4762
-2091	4761
-2095	4758
-2099	4756
-2102	4751
-2105	4748
-2109	4745
-2113	4742
-2117	4740
-2121	4736
-2124	4733
-2128	4730
-2132	4726
-2136	4724
-2140	4721
-2144	4718
-2147	4715
-2151	4712
-2154	4708
-2157	4703
-2161	4701
-2164	4697
-2167	4693
-2171	4691
-2175	4687
-2179	4685
-2182	4682
-2186	4678
-2189	4674
-2193	4672
-2196	4668
-2199	4664
-2202	4659
-2206	4656
-2209	4653
-2212	4648
-2215	4645
-2219	4642
-2223	4639
-2226	4635
-2230	4632
-2234	4630
-2238	4627
-2241	4623
-2244	4620
-2247	4615
-2251	4613
-2254	4609
-2255	4602
-2259	4600
-2263	4597
-2267	4594
-2269	4589
-2272	4586
-2276	4582
-2279	4578
-2283	4575
-2287	4573
-2290	4570
-2293	4565
-2296	4562
-2300	4558
-2303	4555
-2306	4552
-2310	4548
-2313	4544
-2315	4540
-2318	4536
-2321	4532
-2325	4529
-2329	4526
-2333	4523
-2335	4519
-2338	4514
-2340	4510
-2343	4506
-2346	4502
-2349	4499
-2352	4495
-2355	4491
-2358	4487
-2361	4483
-2365	4480
-2370	4479
-2373	4475
-2375	4471
-2378	4466
-2379	4460
-2378	4452
-2380	4446
-2382	4442
-2386	4439
-2389	4436
-2391	4431
-2395	4428
-2399	4425
-2401	4420
-2403	4416
-2406	4412
-2408	4407
-2410	4403
-2414	4400
-2417	4396
-2417	4389
-2417	4382
-2422	4380
-2426	4378
-2429	4374
-2430	4367
-2432	4364
-2435	4360
-2439	4357
-2443	4354
-2446	4351
-2449	4347
-2451	4343
-2454	4339
-2457	4335
-2458	4330
-2460	4325
-2463	4321
-2466	4317
-2467	4312
-2471	4309
-2474	4306
-2476	4301
-2479	4297
-2483	4294
-2484	4288
-2487	4285
-2491	4282
-2493	4278
-2495	4274
-2499	4270
-2502	4267
-2506	4264
-2508	4260
-2511	4256
-2514	4253
-2518	4250
-2521	4247
-2524	4243
-2526	4238
-2528	4234
-2530	4229
-2533	4225
-2535	4221
-2539	4218
-2541	4214
-2544	4210
-2547	4207
-2551	4204
-2555	4201
-2555	4195
-2553	4187
-2552	4179
-2555	4175
-2558	4172
-2561	4169
-2564	4165
-2567	4161
-2570	4158
-2572	4153
-2573	4148
-2573	4141
-2575	4137
-2579	4134
-2583	4132
-2585	4128
-2587	4123
-2589	4119
-2592	4115
-2596	4112
-2599	4109
-2601	4105
-2602	4099
-2604	4095
-2608	4092
-2610	4088
-2613	4084
-2614	4079
-2617	4075
-2620	4072
-2619	4065
-2624	4063
-2626	4059
-2629	4056
-2632	4052
-2635	4049
-2637	4044
-2639	4040
-2640	4034
-2641	4029
-2643	4025
-2646	4022
-2649	4018
-2649	4012
-2651	4008
-2655	4005
-2659	4003
-2661	3999
-2660	3992
-2662	3987
-2665	3984
-2668	3980
-2671	3977
-2672	3972
-2675	3968
-2678	3965
-2680	3961
-2683	3957
-2686	3954
-2688	3950
-2689	3944
-2687	3937
-2689	3932
-2690	3927
-2694	3925
-2698	3922
-2700	3918
-2701	3913
-2706	3911
-2708	3907
-2708	3901
-2709	3896
-2710	3891
-2712	3887
-2713	3882
-2710	3874
-2710	3868
-2714	3865
-2716	3861
-2717	3856
-2717	3850
-2718	3845
-2718	3840
-2720	3835
-2723	3832
-2725	3828
-2727	3824
-2729	3819
-2732	3817
-2737	3814
-2735	3808
-2737	3803
-2739	3799
-2741	3795
-2743	3791
-2747	3788
-2749	3784
-2748	3778
-2749	3773
-2752	3769
-2753	3765
-2753	3759
-2755	3755
-2757	3751
-2761	3749
-2761	3743
-2763	3739
-2764	3734
-2765	3730
-2769	3727
-2773	3724
-2777	3721
-2779	3718
-2780	3713
-2781	3708
-2782	3704
-2785	3700
-2788	3696
-2789	3692
-2791	3688
-2793	3684
-2795	3680
-2797	3676
-2795	3669
-2796	3664
-2800	3661
-2802	3658
-2802	3652
-2803	3648
-2806	3644
-2809	3641
-2811	3637
-2812	3632
-2812	3627
-2815	3623
-2815	3618
-2816	3614
-2818	3610
-2821	3606
-2823	3602
-2826	3599
-2830	3596
-2829	3590
-2825	3582
-2824	3576
-2828	3574
-2829	3569
-2828	3563
-2828	3558
-2827	3552
-2824	3545
-2823	3539
-2824	3534
-2824	3529
-2825	3524
-2827	3520
-2827	3515
-2827	3510
-2827	3505
-2828	3500
-2830	3496
-2830	3491
-2829	3486
-2831	3481
-2833	3478
-2835	3474
-2835	3469
-2834	3463
-2834	3458
-2835	3454
-2838	3450
-2839	3446
-2841	3442
-2841	3437
-2842	3432
-2841	3427
-2841	3421
-2843	3418
-2846	3415
-2845	3409
-2844	3404
-2848	3401
-2847	3395
-2847	3390
-2849	3387
-2850	3382
-2848	3376
-2849	3371
-2850	3367
-2853	3364
-2856	3360
-2855	3355
-2853	3349
-2854	3345
-2858	3342
-2857	3337
-2858	3332
-2860	3328
-2861	3324
-2860	3319
-2860	3314
-2860	3309
-2862	3305
-2863	3301
-2864	3297
-2864	3292
-2866	3288
-2868	3284
-2870	3280
-2869	3275
-2869	3270
-2867	3264
-2866	3259
-2867	3255
-2867	3250
-2869	3246
-2870	3242
-2868	3236
-2867	3230
-2868	3226
-2869	3222
-2870	3218
-2871	3214
-2874	3211
-2874	3206
-2872	3200
-2872	3195
-2872	3191
-2872	3186
-2872	3181
-2871	3176
-2872	3172
-2872	3167
-2873	3163
-2874	3158
-2875	3154
-2876	3150
-2877	3146
-2877	3141
-2877	3137
-2874	3131
-2875	3126
-2873	3121
-2873	3116
-2876	3113
-2878	3109
-2878	3105
-2879	3100
-2879	3096
-2879	3091
-2878	3086
-2877	3081
-2876	3076
-2878	3073
-2881	3069
-2881	3065
-2879	3059
-2881	3056
-2883	3052
-2883	3047
-2882	3042
-2882	3038
-2883	3034
-2882	3029
-2881	3024
-2882	3020
-2881	3015
-2882	3011
-2884	3007
-2882	3002
-2878	2996
-2880	2992
-2882	2988
-2881	2983
-2880	2979
-2879	2974
-2880	2970
-2881	2966
-2884	2962
-2883	2958
-2883	2953
-2884	2949
-2883	2944
-2884	2940
-2887	2937
-2887	2933
-2889	2930
-2891	2926
-2892	2922
-2891	2917
-2890	2912
-2892	2909
-2894	2905
-2894	2901
-2893	2896
-2891	2891
-2889	2885
-2890	2881
-2891	2878
-2890	2873
-2888	2868
-2887	2863
-2887	2859
-2888	2855
-2887	2850
-2885	2845
-2886	2841
-2886	2837
-2886	2832
-2884	2827
-2881	2822
-2879	2817
-2879	2812
-2879	2808
-2877	2803
-2875	2798
-2876	2794
-2876	2790
-2876	2785
-2872	2780
-2870	2775
-2870	2770
-2869	2766
-2868	2761
-2868	2757
-2870	2754
-2870	2750
-2871	2745
-2871	2741
-2871	2737
-2867	2732
-2867	2727
-2867	2723
-2868	2719
-2867	2715
-2867	2711
-2867	2707
-2866	2702
-2863	2697
-2861	2692
-2859	2687
-2857	2682
-2856	2678
-2855	2673
-2855	2669
-2855	2665
-2853	2660
-2852	2656
-2853	2652
-2855	2649
-2855	2645
-2855	2641
-2855	2636
-2855	2632
-2855	2628
-2856	2625
-2857	2621
-2854	2616
-2852	2611
-2852	2607
-2852	2603
-2849	2598
-2849	2594
-2849	2590
-2849	2586
-2847	2581
-2846	2577
-2845	2572
-2844	2568
-2844	2564
-2847	2561
-2847	2557
-2844	2552
-2840	2547
-2839	2543
-2837	2538
-2836	2534
-2836	2530
-2834	2525
-2831	2520
-2831	2516
-2833	2513
-2833	2509
-2832	2505
-2832	2501
-2831	2497
-2832	2493
-2831	2489
-2832	2485
-2833	2482
-2832	2477
-2829	2473
-2829	2469
-2829	2465
-2827	2460
-2827	2457
-2828	2453
-2827	2449
-2827	2445
-2828	2441
-2829	2437
-2827	2433
-2825	2429
-2824	2424
-2823	2420
-2823	2416
-2821	2412
-2821	2408
-2821	2404
-2820	2400
-2820	2396
-2821	2393
-2820	2389
-2817	2384
-2817	2380
-2817	2377
-2815	2372
-2812	2368
-2811	2364
-2810	2360
-2810	2356
-2807	2351
-2805	2347
-2805	2343
-2807	2340
-2806	2336
-2805	2332
-2804	2328
-2804	2324
-2806	2321
-2803	2316
-2801	2312
-2801	2308
-2801	2304
-2800	2300
-2797	2296
-2790	2290
-2790	2287
-2792	2284
-2793	2280
-2793	2276
-2792	2272
-2791	2268
-2789	2264
-2788	2260
-2788	2256
-2788	2253
-2790	2250
-2791	2246
-2791	2242
-2788	2238
-2785	2234
-2785	2230
-2785	2226
-2784	2222
-2783	2218
-2784	2215
-2783	2211
-2784	2208
-2783	2204
-2782	2200
-2781	2196
-2782	2192
-2781	2188
-2779	2185
-2779	2181
-2780	2177
-2779	2174
-2778	2170
-2778	2166
-2776	2162
-2774	2158
-2773	2154
-2772	2150
-2772	2147
-2771	2143
-2772	2139
-2771	2135
-2767	2131
-2767	2128
-2766	2124
-2765	2120
-2764	2116
-2762	2112
-2762	2109
-2761	2105
-2761	2101
-2760	2098
-2759	2094
-2760	2090
-2756	2086
-2755	2082
-2754	2079
-2754	2075
-2753	2071
-2754	2068
-2751	2064
-2752	2060
-2749	2056
-2747	2052
-2745	2049
-2745	2045
-2744	2041
-2744	2038
-2742	2034
-2738	2030
-2737	2026
-2739	2023
-2739	2019
-2737	2016
-2735	2012
-2736	2008
-2737	2005
-2735	2001
-2737	1998
-2737	1994
-2735	1990
-2734	1987
-2732	1983
-2731	1979
-2730	1976
-2730	1972
-2730	1969
-2728	1965
-2726	1961
-2729	1958
-2728	1954
-2727	1951
-2726	1947
-2725	1944
-2725	1940
-2724	1936
-2724	1933
-2723	1929
-2723	1926
-2720	1922
-2718	1918
-2718	1915
-2717	1911
-2715	1908
-2716	1904
-2716	1901
-2716	1897
-2715	1894
-2714	1890
-2712	1886
-2712	1883
-2713	1879
-2711	1876
-2709	1872
-2709	1869
-2710	1865
-2711	1862
-2712	1858
-2710	1855
-2705	1851
-2701	1847
-2699	1844
-2700	1840
-2703	1837
-2699	1833
-2698	1830
-2698	1826
-2697	1823
-2695	1819
-2696	1816
-2699	1813
-2699	1809
-2699	1806
-2695	1802
-2693	1799
-2693	1795
-2690	1792
-2689	1788
-2688	1785
-2689	1781
-2689	1778
-2689	1774
-2689	1771
-2688	1767
-2685	1764
-2682	1760
-2683	1757
-2684	1753
-2682	1750
-2680	1747
-2680	1743
-2678	1740
-2678	1736
-2680	1733
-2678	1729
-2675	1726
-2674	1722
-2674	1719
-2674	1716
-2672	1712
-2671	1709
-2672	1705
-2671	1702
-2669	1699
-2668	1695
-2668	1692
-2666	1688
-2665	1685
-2663	1681
-2660	1678
-2661	1675
-2660	1671
-2657	1668
-2657	1664
-2658	1661
-2660	1658
-2658	1654
-2656	1651
-2656	1648
-2655	1644
-2654	1641
-2654	1637
-2654	1634
-2654	1631
-2653	1627
-2651	1624
-2651	1620
-2651	1617
-2650	1614
-2648	1610
-2645	1607
-2644	1604
-2644	1600
-2643	1597
-2641	1594
-2641	1590
-2640	1587
-2639	1584
-2638	1580
-2636	1577
-2635	1574
-2635	1570
-2635	1567
-2635	1564
-2635	1560
-2632	1557
-2628	1554
-2627	1550
-2629	1547
-2630	1544
-2630	1540
-2628	1537
-2628	1534
-2626	1530
-2624	1527
-2624	1524
-2625	1520
-2623	1517
-2621	1514
-2619	1511
-2619	1507
-2618	1504
-2618	1501
-2619	1497
-2618	1494
-2617	1491
-2615	1487
-2613	1484
-2612	1481
-2611	1478
-2611	1474
-2610	1471
-2609	1468
-2608	1464
-2609	1461
-2608	1458
-2606	1455
-2604	1451
-2602	1448
-2601	1445
-2601	1442
-2600	1438
-2598	1435
-2598	1432
-2598	1428
-2597	1425
-2596	1422
-2595	1419
-2595	1415
-2594	1412
-2591	1409
-2590	1406
-2590	1403
-2588	1399
-2588	1396
-2588	1393
-2588	1389
-2585	1386
-2582	1383
-2581	1380
-2579	1377
-2578	1374
-2577	1371
-2576	1367
-2576	1364
-2574	1361
-2572	1358
-2571	1355
-2570	1351
-2572	1348
-2570	1345
-2565	1342
-2566	1339
-2569	1335
-2569	1331
-2566	1329
-2565	1325
-2563	1322
-2560	1320
-2558	1316
-2557	1313
-2553	1310
-2551	1307
-2550	1304
-2552	1301
-2552	1297
-2553	1294
-2552	1291
-2550	1288
-2547	1285
-2547	1281
-2548	1278
-2547	1275
-2544	1272
-2542	1269
-2540	1266
-2538	1263
-2538	1260
-2538	1256
-2538	1253
-2538	1249
-2536	1247
-2535	1243
-2533	1240
-2532	1237
-2531	1234
-2531	1231
-2529	1228
-2527	1225
-2526	1222
-2525	1218
-2524	1215
-2524	1212
-2524	1209
-2526	1205
-2524	1202
-2524	1199
-2524	1195
-2525	1192
-2523	1189
-2521	1186
-2519	1183
-2519	1180
-2518	1176
-2516	1173
-2516	1170
-2516	1167
-2516	1163
-2516	1160
-2515	1157
-2514	1154
-2513	1150
-2512	1147
-2510	1145
-2509	1141
-2511	1138
-2512	1134
-2511	1131
-2508	1128
-2508	1125
-2507	1122
-2507	1118
-2507	1115
-2505	1112
-2503	1109
-2501	1106
-2501	1103
-2498	1100
-2496	1097
-2497	1094
-2499	1090
-2499	1087
-2498	1083
-2496	1080
-2495	1077
-2495	1074
-2495	1071
-2493	1068
-2492	1064
-2489	1062
-2488	1059
-2489	1055
-2489	1052
-2487	1049
-2485	1046
-2484	1043
-2482	1040
-2483	1036
-2481	1034
-2479	1031
-2478	1027
-2476	1025
-2474	1022
-2472	1019
-2471	1016
-2472	1012
-2471	1009
-2468	1006
-2469	1003
-2468	1000
-2466	997
-2465	994
-2464	991
-2463	988
-2463	984
-2462	981
-2460	978
-2458	975
-2457	972
-2457	969
-2456	966
-2454	963
-2454	959
-2452	956
-2451	953
-2451	950
-2449	947
-2448	944
-2447	941
-2446	938
-2447	934
-2447	931
-2445	928
-2442	926
-2441	922
-2439	920
-2436	917
-2435	914
-2434	911
-2430	909
-2430	905
-2432	901
-2429	899
-2429	895
-2429	892
-2426	890
-2424	887
-2423	883
-2422	880
-2422	877
-2422	873
-2419	871
-2418	868
-2419	864
-2419	861
-2416	858
-2415	855
-2414	852
-2414	849
-2412	846
-2411	843
-2410	840
-2409	837
-2407	834
-2407	830
-2407	827
-2407	824
-2407	820
-2402	818
-2399	816
-2398	813
-2398	809
-2397	806
-2395	804
-2394	800
-2392	797
-2391	794
-2391	791
-2392	787
-2391	784
-2390	781
-2388	778
-2385	776
-2385	772
-2386	768
-2385	765
-2383	762
-2382	759
-2381	756
-2379	754
-2377	751
-2377	747
-2378	744
-2377	740
-2376	737
-2374	734
-2373	731
-2372	728
-2371	725
-2371	722
-2369	719
-2368	716
-2367	713
-2365	710
-2363	707
-2363	703
-2363	700
-2362	697
-2362	693
-2361	690
-2358	688
-2356	685
-2355	682
-2355	678
-2356	674
-2356	671
-2354	668
-2353	665
-2352	662
-2351	659
-2351	655
-2350	652
-2348	649
-2346	647
-2345	643
-2344	640
-2342	637
-2341	634
-2340	631
-2340	627
-2340	624
-2339	621
-2337	618
-2335	616
-2332	613
-2330	610
-2329	607
-2331	603
-2331	599
-2331	596
-2328	593
-2327	590
-2325	587
-2325	584
-2324	580
-2326	576
-2324	573
-2324	570
-2324	566
-2322	563
-2319	561
-2316	559
-2314	556
-2314	552
-2315	548
-2315	544
-2313	542
-2311	539
-2311	535
-2308	533
-2307	530
-2308	526
-2306	523
-2304	520
-2303	517
-2302	514
-2301	511
-2300	508
-2297	505
-2296	502
-2296	498
-2295	495
-2294	492
-2292	489
-2291	486
-2290	483
-2289	479
-2289	476
-2288	473
-2286	470
-2285	466
-2284	463
-2282	461
-2281	457
-2280	454
-2278	451
-2277	448
-2275	446
-2273	443
-2273	439
-2273	435
-2271	432
-2270	429
-2270	425
-2269	422
-2267	419
-2265	417
-2263	414
-2260	412
-2258	409
-2257	406
-2257	402
-2257	398
-2255	395
-2255	392
-2253	389
-2251	386
-2251	382
-2249	380
-2249	376
-2246	374
-2243	371
-2243	368
-2243	364
-2243	360
-2241	357
-2238	355
-2235	353
-2232	351
-2232	347
-2235	342
-2233	339
-2230	337
-2227	335
-2224	332
-2223	329
-2223	325
-2224	321
-2223	317
-2220	315
-2219	312
-2218	308
-2218	304
-2218	301
-2217	297
-2215	294
-2214	292
-2213	288
-2212	284
-2211	281
-2210	278
-2209	275
-2207	272
-2204	270
-2203	266
-2202	263
-2202	259
-2201	256
-2199	253
-2198	250
-2198	246
-2197	242
-2195	239
-2194	236
-2191	234
-2188	232
-2185	230
-2185	226
-2185	222
-2183	219
-2182	216
-2182	212
-2181	208
-2180	204
-2179	201
-2179	197
-2179	193
-2176	190
-2174	188
-2173	184
-2171	182
-2169	179
-2166	177
-2165	173
-2166	169
-2165	165
-2164	162
-2164	158
-2163	154
-2161	152
-2159	148
-2160	144
-2159	140
-2156	138
-2155	135
-2154	131
-2153	128
-2151	125
-2149	122
-2145	121
-2144	117
-2143	113
-2143	109
-2143	105
-2142	102
-2137	101
-2136	97
-2137	92
-2138	87
-2137	84
-2137	80
-2135	76
-2134	73
-2133	70
-2132	66
-2132	62
-2129	60
-2127	57
-2126	53
-2127	48
-2125	45
-2121	44
-2117	42
-2114	41
-2110	39
-2108	37
-2105	35
-2103	31
-2101	29
-2098	27
-2094	26
-2090	25
-2087	23
-2084	21
-2082	18
-2081	14
-2078	12
-2076	9
-2075	6
-2074	2
-2073	-1
-2071	-4
-2071	-8
-2069	-12
-2068	-15
-2066	-18
-2065	-21
-2063	-25
-2063	-29
-2060	-31
-2059	-34
-2057	-38
-2057	-42
-2055	-45
-2054	-48
-2051	-51
-2049	-53
-2047	-57
-2047	-61
-2046	-64
-2045	-68
-2043	-71
-2041	-74
-2040	-78
-2039	-81
-2037	-84
-2035	-87
-2035	-92
-2033	-95
-2032	-98
-2030	-102
-2028	-105
-2027	-108
-2025	-111
-2024	-115
-2022	-118
-2022	-122
-2021	-126
-2017	-128
-2015	-131
-2015	-135
-2014	-139
-2010	-140
-2009	-144
-2008	-148
-2002	-147
-1994	-144
-1988	-143
-1982	-142
-1977	-142
-1973	-143
-1964	-140
-1955	-135
-1949	-134
-1942	-133
-1938	-134
-1932	-132
-1923	-129
-1918	-128
-1914	-129
-1909	-129
-1904	-129
-1899	-128
-1893	-128
-1888	-127
-1882	-126
-1879	-127
-1875	-129
-1872	-130
-1868	-131
-1865	-132
-1858	-131
-1855	-132
-1850	-132
-1841	-128
-1833	-124
-1828	-124
-1824	-124
-1821	-126
-1820	-130
-1821	-135
-1822	-142
-1821	-145
-1806	-134
-1800	-133
-1795	-132
-1786	-128
-1783	-129
-1778	-129
-1774	-129
-1770	-129
-1766	-130
-1762	-131
-1759	-133
-1758	-136
-1755	-138
-1753	-140
-1751	-143
-1750	-146
-1746	-147
-1737	-142
-1727	-135
-1720	-133
-1719	-136
-1718	-140
-1715	-142
-1711	-143
-1706	-142
-1697	-136
-1692	-135
-1687	-135
-1683	-135
-1680	-136
-1678	-139
-1678	-144
-1677	-148
-1666	-139
-1653	-130
-1650	-131
-1651	-137
-1649	-140
-1646	-141
-1643	-142
-1638	-142
-1635	-143
-1634	-147
-1634	-151
-1630	-151
-1618	-142
-1608	-135
-1604	-135
-1600	-136
-1593	-132
-1590	-133
-1586	-134
-1583	-134
-1579	-134
-1576	-136
-1572	-135
-1566	-133
-1562	-134
-1559	-135
-1558	-139
-1556	-141
-1555	-145
-1554	-148
-1551	-149
-1544	-145
-1541	-146
-1538	-147
-1534	-148
-1528	-146
-1523	-144
-1518	-143
-1514	-142
-1511	-143
-1507	-144
-1499	-138
-1491	-132
-1485	-130
-1483	-132
-1480	-134
-1477	-135
-1475	-137
-1472	-138
-1469	-139
-1467	-142
-1464	-142
-1458	-139
-1455	-140
-1453	-144
-1452	-146
-1449	-148
-1447	-150
-1444	-151
-1441	-152
-1423	-134
-1424	-139
-1425	-145
-1420	-145
-1417	-146
-1414	-146
-1411	-147
-1408	-148
-1404	-148
-1395	-141
-1389	-138
-1386	-138
-1383	-139
-1379	-139
-1374	-136
-1370	-136
-1365	-134
-1353	-122
-1350	-123
-1349	-127
-1350	-133
-1352	-140
-1350	-143
-1347	-144
-1346	-148
-1344	-150
-1342	-153
-1341	-155
-1334	-150
-1329	-149
-1328	-153
-1327	-157
-1323	-155
-1322	-159
-1316	-155
-1312	-154
-1309	-156
-1307	-158
-1306	-162
-1305	-166
-1304	-169
-1302	-172
-1298	-171
-1294	-170
-1290	-169
-1286	-169
-1284	-170
-1281	-172
-1278	-173
-1273	-169
-1268	-168
-1265	-168
-1261	-167
-1258	-167
-1255	-169
-1252	-170
-1250	-171
-1247	-172
-1244	-173
-1242	-175
-1240	-176
-1238	-179
-1234	-178
-1230	-178
-1227	-177
-1222	-176
-1218	-175
-1215	-175
-1211	-174
-1206	-172
-1202	-171
-1197	-168
-1200	-178
-1190	-167
-1185	-164
-1182	-165
-1179	-166
-1176	-165
-1176	-172
-1175	-176
-1172	-176
-1170	-178
-1167	-179
-1163	-177
-1160	-177
-1156	-177
-1153	-177
-1150	-178
-1147	-178
-1143	-176
-1140	-177
-1137	-178
-1135	-179
-1131	-179
-1128	-178
-1123	-176
-1119	-175
-1116	-175
-1112	-174
-1110	-176
-1107	-176
-1103	-175
-1100	-175
-1099	-179
-1096	-179
-1092	-179
-1089	-177
-1084	-174
-1079	-172
-1078	-175
-1075	-176
-1072	-175
-1068	-175
-1065	-175
-1062	-176
-1059	-176
-1057	-177
-1054	-177
-1051	-177
-1048	-178
-1045	-178
-1042	-178
-1039	-178
-1035	-178
-1033	-179
-1030	-180
-1028	-180
-1024	-179
-1021	-179
-1018	-180
-1014	-178
-1011	-179
-1008	-179
-1005	-179
-1002	-178
-998	-177
-995	-178
-993	-179
-990	-178
-986	-178
-984	-179
-981	-178
-975	-173
-970	-170
-967	-168
-962	-166
-959	-165
-956	-166
-953	-166
-931	-126
-930	-129
-927	-129
-924	-129
-922	-130
-923	-140
-923	-146
-922	-149
-919	-150
-916	-150
-913	-149
-908	-145
-902	-138
-896	-131
-893	-130
-890	-130
-886	-129
-884	-130
-883	-134
-883	-141
-888	-158
-885	-159
-883	-159
-878	-155
-872	-148
-866	-142
-863	-140
-861	-141
-859	-143
-856	-144
-853	-145
-780	0
-777	2
-774	2
-772	2
-769	3
-766	3
-764	3
-761	4
-758	4
-755	4
-753	3
-751	3
-748	3
-745	3
-743	2
-741	2
-737	4
-735	3
-733	2
-732	-2
-733	-10
-733	-16
-729	-14
-724	-8
-720	-5
-719	-6
-719	-14
-718	-17
-717	-21
-746	-126
-745	-130
-744	-135
-742	-139
-740	-140
-738	-142
-736	-143
-734	-144
-731	-145
-729	-146
-726	-146
-723	-146
-721	-147
-719	-149
-717	-150
-714	-150
-712	-151
-710	-153
-707	-153
-704	-153
-702	-154
-700	-155
-697	-155
-694	-156
-691	-155
-689	-155
-686	-155
-683	-155
-681	-156
-679	-158
-676	-156
-673	-155
-670	-156
-669	-160
-668	-166
-667	-170
-665	-174
-663	-176
-661	-177
-659	-178
-656	-178
-653	-177
-650	-177
-648	-177
-645	-178
-642	-177
-640	-177
-637	-177
-634	-175
-631	-174
-628	-174
-626	-176
-623	-175
-621	-176
-619	-178
-616	-178
-613	-177
-611	-178
-608	-179
-605	-177
-603	-177
-600	-178
-597	-178
-595	-178
-591	-175
-588	-171
-583	-163
-579	-160
-577	-162
-575	-163
-572	-163
-569	-162
-567	-162
-565	-164
-564	-170
-562	-175
-559	-174
-557	-174
-555	-175
-552	-176
-550	-177
-548	-178
-546	-182
-545	-187
-542	-189
-540	-189
-538	-192
-536	-195
-532	-187
-528	-183
-525	-183
-523	-184
-520	-184
-518	-184
-515	-184
-512	-182
-509	-180
-507	-182
-505	-183
-502	-184
-500	-184
-497	-183
-494	-183
-492	-183
-489	-183
-486	-182
-485	-186
-482	-184
-479	-181
-476	-181
-474	-182
-471	-184
-469	-184
-466	-184
-463	-183
-461	-182
-458	-182
-456	-182
-453	-183
-451	-183
-448	-182
-445	-182
-443	-183
-441	-183
-438	-183
-435	-182
-433	-182
-430	-181
-428	-182
-425	-183
-423	-183
-420	-182
-417	-182
-415	-182
-412	-183
-410	-182
-407	-181
-405	-182
-403	-183
-400	-183
-397	-181
-395	-183
-392	-183
-390	-183
-387	-182
-385	-181
-382	-182
-379	-181
-377	-183
-375	-183
-372	-183
-370	-183
-367	-183
-364	-182
-362	-182
-359	-182
-357	-182
-355	-182
-352	-183
-350	-183
-347	-183
-345	-184
-342	-183
-340	-183
-337	-182
-334	-182
-332	-183
-330	-183
-327	-182
-325	-183
-322	-181
-320	-182
-317	-183
-314	-182
-312	-183
-310	-183
-307	-182
-305	-182
-302	-183
-300	-182
-297	-181
-295	-183
-292	-182
-290	-182
-287	-183
-285	-183
-282	-182
-280	-182
-277	-182
-275	-182
-272	-182
-270	-183
-267	-182
-265	-182
-262	-183
-260	-182
-257	-177
-254	-177
-252	-178
-250	-181
-247	-181
-245	-182
-243	-182
-240	-183
-238	-183
-235	-182
-233	-182
-230	-183
-228	-183
-225	-183
-223	-183
-220	-182
-218	-184
-216	-184
-213	-183
-211	-183
-208	-183
-206	-184
-203	-185
-201	-184
-198	-183
-196	-183
-193	-183
-191	-185
-189	-185
-186	-184
-184	-183
-181	-184
-179	-183
-176	-183
-174	-182
-171	-182
-169	-182
-166	-183
-164	-183
-161	-182
-159	-184
-157	-184
-154	-184
-152	-184
-149	-184
-147	-184
-144	-183
-142	-183
-139	-183
-137	-183
-134	-183
-132	-184
-130	-184
-127	-184
-125	-183
-122	-183
-120	-183
-117	-183
-115	-183
-112	-183
-110	-183
-107	-182
-105	-183
-103	-183
-100	-182
-98	-182
-95	-183
-93	-182
-90	-182
-88	-183
-85	-182
-83	-182
-81	-183
-78	-181
-73	-178
-71	-179
-68	-182
-66	-183
-63	-183
-61	-183
-59	-182
-56	-183
-54	-184
-51	-184
-49	-184
-46	-183
-44	-182
-41	-184
-39	-185
-36	-184
-34	-183
-32	-184
-29	-184
-27	-184
-24	-185
-22	-185
-19	-185
-17	-183
-14	-184
-12	-184
-10	-184
-7	-184
-5	-184
-2	-183
0	-182
3	-182
5	-185
8	-184
10	-184
12	-183
15	-182
17	-183
20	-183
22	-183
25	-184
27	-183
30	-183
32	-183
35	-183
37	-182
39	-182
42	-183
44	-183
47	-182
49	-183
52	-184
54	-183
57	-182
59	-183
62	-184
64	-185
67	-185
69	-186
72	-186
74	-185
76	-184
79	-184
81	-184
84	-183
86	-182
89	-183
91	-183
94	-184
96	-183
99	-183
101	-184
104	-184
106	-182
108	-182
111	-183
113	-184
116	-185
118	-184
121	-184
123	-183
126	-183
128	-182
131	-182
133	-181
135	-179
137	-177
140	-176
142	-176
145	-176
147	-175
149	-174
152	-174
154	-174
157	-175
160	-177
162	-178
165	-179
167	-180
170	-182
173	-183
175	-184
178	-184
180	-183
183	-182
185	-182
188	-182
190	-182
193	-182
195	-182
198	-183
200	-184
203	-184
205	-185
208	-184
210	-182
213	-182
215	-182
218	-182
220	-183
223	-182
225	-182
228	-183
230	-183
233	-184
235	-182
238	-182
240	-183
243	-183
245	-184
248	-183
250	-183
253	-183
255	-182
258	-183
260	-182
263	-182
265	-179
267	-176
269	-175
272	-175
275	-178
278	-182
281	-183
283	-182
285	-182
288	-183
291	-183
293	-181
294	-176
297	-175
300	-177
303	-181
306	-181
307	-178
310	-176
313	-179
316	-182
318	-182
321	-184
324	-183
326	-182
329	-182
331	-180
333	-181
336	-182
339	-183
341	-182
344	-181
346	-181
349	-181
352	-182
355	-183
357	-184
360	-183
362	-183
365	-183
367	-181
369	-181
372	-181
375	-183
378	-183
380	-182
383	-183
385	-183
388	-183
391	-183
393	-182
396	-183
398	-183
401	-183
404	-183
406	-183
409	-183
411	-183
414	-183
417	-184
419	-183
422	-182
424	-183
427	-183
430	-182
432	-182
435	-182
437	-182
440	-183
442	-181
445	-180
447	-181
450	-181
453	-181
456	-182
458	-181
461	-181
463	-181
466	-182
469	-182
472	-183
474	-182
477	-182
479	-182
482	-182
485	-183
487	-182
490	-182
493	-181
495	-182
498	-182
500	-181
503	-182
506	-182
509	-182
511	-181
514	-181
517	-182
520	-182
522	-181
524	-180
527	-181
530	-180
533	-181
536	-182
538	-182
541	-181
543	-181
547	-182
549	-182
551	-178
552	-175
555	-174
557	-174
559	-171
560	-165
561	-160
562	-156
564	-153
566	-151
568	-150
570	-149
572	-145
573	-141
574	-137
576	-135
579	-134
583	-139
590	-150
596	-161
602	-170
604	-168
605	-163
607	-159
608	-157
611	-155
612	-151
614	-150
611	-134
612	-130
614	-127
616	-125
618	-123
620	-122
622	-120
624	-118
627	-118
629	-117
631	-116
634	-116
637	-116
639	-115
642	-116
645	-116
648	-117
651	-118
656	-123
660	-126
665	-131
669	-135
673	-137
675	-137
677	-134
679	-132
681	-132
684	-132
687	-132
692	-137
697	-142
702	-147
706	-151
709	-152
712	-151
714	-150
717	-149
719	-148
722	-147
724	-146
727	-145
729	-145
732	-144
734	-142
737	-143
739	-142
741	-140
743	-138
745	-136
747	-133
748	-128
749	-125
749	-119
749	-113
750	-109
721	-21
721	-15
721	-10
723	-7
723	-2
725	1
726	3
728	5
731	5
734	4
737	2
740	2
742	3
746	2
754	0
758	-1
762	-4
777	0
778	3
780	5
782	5
788	-1
886	-177
866	-133
870	-134
875	-137
886	-152
897	-168
903	-174
907	-175
909	-175
913	-175
916	-175
919	-174
922	-174
924	-173
927	-173
932	-175
936	-177
938	-176
941	-175
944	-174
947	-174
950	-174
954	-176
957	-176
961	-177
966	-180
971	-184
975	-185
978	-185
981	-185
984	-184
987	-184
991	-184
993	-184
996	-183
999	-183
1002	-182
1005	-181
1007	-179
1009	-177
1013	-177
1016	-178
1018	-176
1021	-176
1024	-175
1027	-174
1032	-177
1036	-179
1039	-177
1042	-176
1045	-176
1047	-175
1052	-177
1056	-178
1059	-178
1062	-177
1065	-177
1068	-177
1071	-176
1074	-175
1077	-175
1082	-178
1085	-177
1089	-178
1092	-177
1096	-178
1099	-177
1101	-175
1104	-175
1108	-175
1111	-174
1113	-174
1116	-173
1119	-171
1122	-171
1126	-172
1132	-175
1135	-174
1138	-174
1139	-171
1141	-168
1143	-166
1147	-166
1150	-166
1152	-164
1156	-164
1158	-163
1160	-160
1163	-159
1166	-159
1172	-162
1180	-169
1185	-171
1189	-173
1194	-174
1198	-175
1197	-168
1191	-155
1190	-147
1192	-145
1198	-149
1209	-160
1222	-174
1226	-174
1229	-173
1232	-172
1236	-173
1241	-175
1246	-177
1250	-177
1254	-177
1257	-177
1260	-176
1263	-175
1266	-174
1270	-174
1273	-173
1276	-172
1279	-171
1282	-171
1285	-170
1290	-171
1295	-173
1301	-176
1304	-175
1305	-172
1308	-170
1310	-168
1313	-167
1314	-163
1316	-161
1319	-160
1324	-161
1329	-163
1334	-165
1339	-167
1345	-169
1348	-168
1351	-167
1357	-170
1360	-169
1363	-168
1366	-166
1368	-165
1371	-163
1373	-161
1376	-160
1379	-158
1381	-156
1384	-155
1389	-156
1402	-168
1404	-166
1408	-165
1410	-163
1413	-162
1418	-163
1422	-163
1425	-162
1428	-161
1434	-163
1441	-166
1446	-167
1450	-168
1453	-166
1457	-166
1459	-164
1462	-163
1465	-161
1468	-160
1472	-160
1476	-160
1479	-158
1480	-155
1483	-154
1490	-157
1497	-160
1503	-162
1507	-162
1508	-158
1504	-149
1506	-147
1509	-145
1511	-142
1513	-140
1516	-138
1520	-139
1524	-138
1530	-140
1540	-147
1549	-152
1555	-154
1564	-160
1570	-161
1573	-160
1576	-159
1586	-165
1591	-166
1595	-165
1598	-164
1601	-163
1604	-161
1610	-162
1617	-166
1619	-163
1621	-160
1619	-153
1617	-146
1619	-144
1624	-144
1628	-144
1635	-146
1639	-146
1648	-150
1659	-158
1667	-162
1672	-162
1676	-161
1681	-162
1684	-160
1687	-159
1692	-158
1695	-157
1699	-157
1706	-159
1708	-156
1707	-150
1709	-148
1714	-148
1719	-149
1719	-144
1720	-140
1724	-139
1727	-138
1733	-139
1741	-142
1749	-145
1754	-146
1762	-149
1763	-146
1767	-144
1775	-148
1779	-147
1782	-145
1783	-141
1784	-137
1786	-134
1789	-133
1791	-130
1795	-129
1798	-128
1800	-124
1802	-121
1804	-119
1808	-118
1815	-120
1834	-134
1838	-133
1842	-131
1845	-130
1847	-127
1851	-126
1857	-127
1862	-126
1867	-127
1870	-125
1869	-120
1873	-118
1879	-119
1884	-119
1886	-116
1890	-115
1898	-117
1904	-118
1907	-116
1911	-115
1917	-116
1924	-118
1929	-118
1935	-118
1942	-120
1950	-122
1958	-124
1964	-125
1969	-125
1973	-123
1979	-124
1985	-125
1987	-121
1990	-119
1995	-119
1996	-115
1998	-112
2002	-111
2007	-111
2009	-108
2009	-103
2012	-100
2015	-98
2019	-98
2025	-97
2041	-107
2049	-109
2042	-98
2040	-92
2041	-88
2044	-86
2049	-85
2055	-85
2062	-86
2072	-90
2082	-94
2089	-95
2100	-99
2110	-103
2116	-102
2118	-100
2115	-92
2115	-88
2117	-84
2121	-83
2128	-84
2137	-86
2151	-93
2159	-95
2163	-93
2169	-93
2174	-92
2181	-93
2192	-97
2192	-92
2192	-87
2193	-83
2194	-79
2194	-75
2195	-71
2196	-67
2198	-63
2203	-63
2214	-67
2229	-73
2250	-84
2261	-88
2264	-86
2267	-83
2273	-83
2281	-84
2288	-84
2298	-87
2302	-85
2306	-83
2311	-83
2315	-80
2318	-78
2322	-76
2328	-76
2330	-72
2333	-70
2336	-67
2340	-65
2340	-61
2340	-56
2340	-51
2341	-47
2342	-43
2344	-40
2347	-37
2351	-35
2358	-35
2368	-37
2384	-44
2391	-44
2400	-46
2411	-48
2417	-48
2420	-45
2423	-42
2425	-39
2426	-35
2427	-30
2427	-26
2429	-22
2430	-18
2430	-13
2430	-9
2431	-5
2432	-1
2433	4
2433	9
2432	14
2434	17
2437	20
2437	24
2437	29
2436	35
2435	40
2436	44
2435	49
2434	55
2435	59
2435	63
2434	69
2433	74
2435	77
2434	82
2435	87
2437	90
2438	94
2439	98
2441	101
2441	106
2441	110
2443	113
2445	117
2444	122
2445	126
2446	130
2448	133
2449	137
2450	141
2449	146
2451	150
2451	154
2453	157
2456	160
2457	164
2457	168
2458	172
2459	176
2459	181
2462	184
2463	187
2465	191
2467	194
2467	198
2466	203
2467	207
2468	211
2470	215
2471	218
2472	222
2472	227
2474	230
2475	234
2477	237
2478	241
2480	244
2478	249
2476	255
2477	259
2478	263
2478	267
2481	270
2484	272
2486	276
2486	280
2486	284
2487	288
2489	291
2489	296
2490	300
2492	303
2493	306
2495	310
2497	313
2496	318
2497	322
2499	325
2502	327
2507	329
2513	330
2517	333
2524	333
2530	334
2535	336
2539	338
2540	342
2540	346
2540	350
2541	354
2545	357
2547	360
2548	364
2549	368
2549	372
2549	376
2550	380
2551	384
2552	387
2554	391
2556	394
2555	399
2555	403
2556	407
2557	411
2557	415
2558	419
2558	423
2560	426
2562	429
2563	433
2564	437
2564	441
2565	445
2566	448
2567	452
2568	456
2568	460
2569	464
2571	467
2572	471
2572	475
2571	480
2573	483
2574	487
2577	490
2577	494
2577	498
2578	502
2577	506
2579	509
2580	513
2580	517
2580	521
2580	525
2581	529
2583	533
2584	536
2586	539
2585	544
2584	548
2585	552
2587	555
2588	559
2587	563
2588	567
2589	571
2592	573
2595	577
2596	580
2597	584
2595	589
2595	593
2596	597
2597	600
2599	603
2599	607
2599	611
2601	615
2602	618
2602	623
2601	627
2600	631
2601	635
2603	638
2602	643
2604	646
2605	650
2605	653
2608	657
2607	661
2608	664
2610	668
2610	672
2610	676
2610	680
2611	683
2612	687
2611	691
2610	695
2611	699
2612	703
2613	706
2614	710
2614	714
2614	718
2616	721
2617	725
2619	728
2619	732
2618	736
2617	740
2618	744
2621	747
2623	750
2622	755
2621	759
2622	763
2624	766
2626	769
2627	772
2628	776
2630	779
2630	783
2629	787
2629	791
2632	795
2633	798
2634	802
2633	806
2632	810
2633	814
2634	817
2635	821
2635	825
2636	828
2636	832
2637	836
2639	839
2640	843
2640	846
2640	850
2641	854
2641	858
2641	861
2642	865
2644	868
2645	872
2645	876
2646	879
2646	883
2647	887
2647	891
2647	894
2647	898
2647	902
2647	906
2648	910
2649	913
2650	917
2650	920
2650	924
2649	928
2648	932
2649	936
2650	940
2652	943
2653	946
2654	950
2655	953
2654	958
2654	961
2654	965
2655	969
2655	973
2654	977
2656	980
2656	984
2657	987
2658	991
2659	994
2659	998
2659	1002
2659	1006
2658	1010
2659	1013
2659	1017
2660	1021
2662	1024
2664	1027
2663	1031
2661	1036
2661	1039
2661	1043
2661	1047
2661	1050
2661	1054
2663	1058
2664	1061
2664	1065
2664	1069
2665	1072
2665	1076
2666	1079
2667	1083
2668	1086
2669	1090
2669	1094
2671	1097
2671	1101
2672	1104
2673	1108
2674	1111
2675	1115
2676	1118
2677	1122
2678	1126
2678	1129
2679	1133
2680	1136
2680	1140
2680	1144
2681	1147
2682	1151
2682	1155
2684	1158
2685	1162
2684	1165
2685	1169
2687	1172
2687	1176
2688	1179
2689	1183
2690	1187
2690	1190
2690	1194
2688	1198
2689	1202
2689	1205
2689	1209
2691	1212
2692	1216
2693	1219
2695	1223
2694	1227
2695	1230
2695	1234
2695	1238
2695	1241
2696	1245
2698	1248
2698	1252
2699	1256
2699	1259
2699	1263
2700	1267
2701	1270
2702	1274
2702	1277
2703	1281
2703	1285
2704	1288
2704	1292
2705	1295
2706	1299
2708	1302
2707	1306
2707	1310
2706	1314
2708	1317
2709	1321
2710	1324
2710	1328
2711	1332
2711	1335
2711	1339
2710	1343
2711	1346
2711	1350
2712	1354
2711	1357
2711	1361
2713	1364
2714	1368
2717	1371
2716	1375
2716	1379
2717	1382
2716	1386
2717	1390
2717	1393
2718	1397
2719	1401
2718	1404
2719	1408
2719	1412
2719	1415
2720	1419
2720	1423
2720	1426
2721	1430
2722	1433
2722	1437
2723	1441
2723	1444
2723	1448
2722	1452
2722	1455
2723	1459
2724	1463
2727	1466
2726	1470
2725	1474
2726	1477
2727	1481
2727	1484
2728	1488
2728	1492
2728	1495
2728	1499
2728	1503
2730	1506
2731	1510
2732	1513
2732	1517
2734	1521
2734	1524
2733	1528
2733	1532
2734	1535
2735	1539
2735	1543
2735	1546
2736	1550
2737	1554
2736	1557
2737	1561
2737	1565
2737	1568
2737	1572
2738	1576
2738	1579
2739	1583
2739	1587
2740	1590
2742	1594
2742	1597
2742	1601
2742	1605
2743	1608
2744	1612
2744	1616
2745	1619
2745	1623
2743	1627
2743	1630
2742	1634
2742	1638
2743	1642
2743	1645
2743	1649
2743	1653
2743	1656
2742	1660
