2751	1675
2752	1678
2754	1682
2755	1686
2756	1690
2756	1693
2756	1701
2757	1704
2758	1708
2759	1712
2759	1716
2759	1719
2760	1723
2761	1727
2762	1730
2763	1734
2763	1738
2762	1742
2762	1745
2763	1749
2765	1753
2765	1756
2765	1760
2766	1764
2768	1768
2768	1771
2770	1775
2770	1779
2769	1783
2770	1786
2771	1790
2771	1794
2771	1798
2772	1801
2774	1805
2774	1809
2775	1813
2776	1816
2776	1820
2776	1824
2777	1828
2778	1832
2779	1835
2779	1839
2780	1843
2781	1847
2781	1850
2782	1854
2783	1858
2783	1862
2784	1866
2785	1869
2785	1873
2786	1877
2786	1881
2787	1885
2787	1888
2787	1892
2786	1896
2787	1900
2787	1903
2788	1907
2789	1911
2792	1915
2793	1919
2792	1923
2793	1926
2792	1930
2793	1934
2794	1938
2795	1942
2795	1946
2795	1949
2796	1953
2795	1957
2796	1961
2797	1965
2797	1968
2798	1972
2799	1976
2799	1980
2800	1984
2801	1988
2802	1992
2803	1996
2802	1999
2803	2003
2803	2007
2804	2011
2804	2015
2804	2019
2805	2022
2805	2026
2807	2030
2808	2034
2808	2038
2809	2042
2810	2046
2809	2050
2810	2054
2809	2057
2810	2061
2811	2065
2813	2069
2814	2073
2814	2077
2813	2081
2814	2085
2815	2089
2815	2093
2814	2097
2815	2100
2816	2105
2816	2108
2817	2112
2818	2116
2819	2120
2820	2124
2820	2128
2819	2132
2818	2136
2820	2140
2821	2144
2822	2148
2824	2152
2824	2156
2824	2160
2825	2164
2829	2169
2831	2173
2834	2177
2836	2182
2839	2186
2838	2190
2838	2194
2839	2198
2840	2202
2841	2206
2841	2210
2841	2214
2840	2218
2841	2222
2841	2226
2841	2230
2841	2234
2842	2238
2841	2241
2842	2246
2842	2250
2844	2254
2844	2258
2844	2262
2844	2266
2844	2270
2844	2274
2844	2278
2844	2282
2845	2286
2844	2290
2845	2294
2845	2298
2845	2302
2845	2306
2846	2310
2846	2314
2846	2318
2845	2322
2844	2326
2844	2330
2846	2334
2846	2338
2847	2342
2846	2346
2846	2350
2846	2354
2846	2358
2846	2362
2846	2366
2846	2370
2847	2374
2847	2379
2847	2383
2847	2386
2846	2390
2849	2395
2848	2399
2848	2403
2848	2407
2848	2411
2848	2415
2849	2419
2850	2424
2851	2428
2852	2432
2852	2436
2852	2440
2852	2445
2852	2449
2853	2453
2852	2457
2852	2461
2852	2465
2853	2470
2853	2474
2853	2478
2854	2482
2854	2486
2853	2490
2853	2494
2852	2498
2853	2502
2854	2507
2853	2511
2854	2515
2855	2519
2856	2524
2856	2528
2855	2532
2855	2536
2855	2540
2856	2545
2857	2549
2856	2553
2856	2557
2855	2561
2855	2565
2855	2569
2856	2574
2858	2579
2858	2583
2858	2587
2858	2591
2859	2596
2859	2600
2858	2604
2858	2608
2859	2612
2859	2617
2860	2621
2860	2625
2859	2630
2860	2634
2860	2638
2862	2643
2862	2647
2862	2652
2861	2656
2862	2660
2862	2664
2862	2669
2862	2673
2862	2677
2861	2681
2862	2686
2862	2690
2862	2694
2862	2699
2861	2703
2863	2708
2862	2712
2862	2716
2863	2720
2862	2725
2863	2729
2863	2734
2864	2738
2863	2742
2863	2747
2862	2751
2862	2755
2862	2759
2863	2764
2862	2768
2865	2773
2864	2778
2865	2782
2864	2786
2863	2790
2863	2795
2865	2800
2865	2804
2864	2808
2865	2813
2865	2817
2865	2822
2864	2826
2864	2830
2864	2835
2865	2840
2866	2845
2866	2849
2866	2853
2867	2858
2867	2862
2866	2867
2867	2872
2869	2877
2868	2881
2867	2885
2866	2889
2865	2893
2865	2897
2864	2902
2865	2907
2865	2911
2866	2916
2865	2920
2865	2925
2864	2929
2864	2933
2865	2938
2865	2943
2865	2947
2866	2952
2869	2958
2871	2964
2871	2968
2872	2973
2871	2977
2870	2982
2870	2986
2870	2991
2870	2995
2870	3000
2870	3004
2868	3008
2867	3013
2866	3017
2867	3022
2866	3026
2866	3030
2865	3035
2866	3040
2865	3044
2865	3049
2865	3053
2864	3058
2863	3062
2863	3067
2863	3071
2862	3076
2861	3080
2861	3085
2860	3089
2859	3093
2859	3098
2859	3102
2861	3108
2860	3112
2859	3117
2858	3121
2858	3126
2858	3130
2858	3135
2857	3139
2857	3144
2859	3150
2858	3154
2856	3158
2855	3163
2855	3167
2855	3172
2858	3178
2857	3182
2848	3183
2820	3173
2802	3169
2796	3171
2793	3174
2787	3175
2784	3179
2781	3182
2779	3186
2777	3189
2777	3194
2843	3234
2850	3242
2852	3248
2852	3253
2852	3258
2852	3263
2851	3268
2851	3272
2851	3277
2850	3282
2849	3286
2849	3291
2848	3296
2848	3301
2848	3305
2847	3310
2846	3314
2848	3320
2846	3325
2846	3329
2845	3334
2844	3338
2843	3343
2842	3348
2841	3352
2840	3356
2839	3361
2838	3365
2838	3371
2839	3376
2838	3381
2837	3385
2838	3391
2837	3395
2835	3400
2835	3404
2835	3410
2836	3416
2838	3421
2838	3427
2838	3432
2838	3437
2837	3442
2836	3447
2836	3451
2835	3456
2836	3462
2836	3467
2836	3472
2835	3477
2835	3482
2834	3487
2833	3492
2833	3497
2833	3502
2832	3507
2831	3511
2829	3516
2828	3520
2828	3525
2827	3530
2829	3537
2829	3542
2827	3546
2826	3551
2827	3557
2829	3564
2832	3571
2832	3576
2831	3581
2830	3586
2830	3591
2829	3596
2829	3601
2828	3606
2828	3612
2829	3618
2829	3624
2828	3629
2828	3633
2827	3638
2826	3643
2825	3648
2825	3654
2823	3658
2821	3662
2822	3668
2822	3674
2821	3679
2821	3684
2820	3689
2821	3695
2820	3700
2819	3706
2818	3711
2817	3716
2817	3721
2816	3726
2815	3731
2814	3736
2813	3741
2812	3746
2811	3751
2810	3756
2809	3761
2808	3766
2810	3773
2809	3778
2807	3783
2806	3787
2805	3793
2804	3798
2804	3803
2803	3809
2802	3814
2801	3819
2801	3824
2800	3830
2799	3835
2797	3839
2797	3845
2796	3850
2796	3856
2794	3861
2793	3866
2791	3870
2789	3874
2789	3880
2788	3885
2786	3890
2785	3895
2783	3900
2782	3905
2781	3910
2779	3915
2780	3921
2779	3926
2779	3932
2776	3936
2776	3942
2774	3947
2773	3952
2772	3957
2770	3962
2769	3967
2767	3972
2767	3977
2764	3981
2761	3985
2760	3990
2760	3997
2758	4001
2756	4006
2754	4010
2752	4015
2751	4020
2750	4025
2747	4029
2746	4034
2744	4039
2742	4044
2740	4049
2739	4054
2736	4058
2735	4063
2734	4069
2732	4073
2731	4078
2729	4083
2727	4088
2724	4092
2723	4097
2721	4102
2719	4106
2717	4111
2715	4116
2711	4119
2708	4123
2705	4126
2701	4129
2690	4126
2657	4104
2634	4089
2694	4149
2687	4150
2665	4136
2633	4113
2623	4112
2645	4137
2668	4165
2677	4179
2675	4184
2674	4190
2671	4194
2668	4198
2667	4203
2666	4209
2663	4213
2661	4217
2658	4222
2656	4226
2654	4231
2651	4235
2649	4240
2647	4244
2644	4248
2641	4253
2640	4258
2637	4262
2634	4265
2632	4270
2629	4275
2626	4279
2623	4282
2621	4287
2619	4292
2616	4296
2613	4300
2610	4304
2608	4309
2605	4313
2602	4317
2599	4321
2598	4327
2571	4376
2565	4377
2562	4381
2558	4384
2555	4388
2553	4393
2550	4397
2546	4400
2543	4404
2540	4408
2538	4413
2535	4417
2532	4421
2528	4424
2525	4428
2522	4433
2520	4437
2517	4441
2514	4445
2511	4449
2508	4453
2506	4458
2503	4462
2500	4467
2498	4472
2494	4475
2491	4478
2488	4483
2484	4486
2481	4490
2478	4494
2475	4498
2472	4502
2469	4506
2466	4510
2463	4514
2459	4518
2456	4522
2454	4527
2450	4530
2446	4533
2443	4536
2440	4541
2437	4545
2434	4549
2430	4553
2427	4557
2424	4561
2421	4565
2417	4568
2416	4574
2412	4578
2409	4581
2404	4583
2400	4586
2397	4590
2393	4593
2390	4597
2386	4601
2383	4605
2380	4609
2377	4613
2373	4616
2369	4618
2366	4623
2363	4627
2359	4630
2356	4634
2353	4638
2349	4641
2345	4645
2342	4649
2340	4654
2336	4657
2332	4660
2329	4665
2326	4669
2322	4672
2319	4676
2315	4680
2312	4684
2308	4687
2304	4690
2300	4693
2296	4695
2292	4699
2289	4702
2285	4706
2282	4710
2279	4714
2275	4717
2271	4720
2267	4723
2263	4727
2259	4730
2256	4734
2253	4738
2249	4741
2245	4745
2241	4748
2237	4751
2234	4755
2230	4758
2226	4761
2222	4764
2219	4769
2216	4773
2212	4776
2208	4779
2205	4783
2202	4787
2198	4791
2195	4795
2191	4799
2188	4802
2184	4806
2180	4809
2176	4812
2172	4816
2168	4819
2164	4822
2160	4824
2157	4829
2153	4832
2150	4836
2146	4839
2142	4842
2138	4845
2134	4849
2130	4852
2126	4856
2122	4858
2119	4862
2115	4866
2111	4869
2107	4872
2103	4875
2099	4878
2095	4882
2093	4887
2088	4889
2084	4892
2080	4895
2077	4899
2072	4901
2068	4904
2064	4907
2059	4909
2055	4912
2051	4915
2047	4919
2044	4923
2040	4926
2035	4928
2031	4931
2027	4933
2023	4937
2019	4940
2015	4943
2011	4946
2007	4949
2004	4954
2000	4957
1996	4960
1992	4964
1988	4966
1983	4969
1980	4973
1976	4976
1971	4979
1967	4982
1962	4983
1959	4987
1955	4990
1950	4993
1946	4995
1941	4997
1937	5000
1933	5003
1928	5005
1924	5008
1920	5011
1916	5014
1912	5017
1908	5021
1904	5024
1900	5027
1895	5030
1892	5033
1888	5036
1884	5040
1879	5042
1875	5045
1871	5048
1867	5051
1862	5053
1858	5057
1854	5059
1851	5064
1846	5066
1842	5069
1837	5070
1832	5072
1827	5074
1823	5078
1819	5080
1815	5083
1811	5086
1807	5089
1802	5092
1798	5095
1794	5098
1789	5099
1784	5101
1780	5104
1776	5107
1772	5111
1767	5113
1763	5116
1759	5120
1755	5122
1751	5125
1746	5128
1742	5130
1737	5132
1732	5134
1728	5136
1724	5139
1721	5144
1717	5148
1713	5151
1708	5153
1703	5156
1698	5156
1693	5158
1688	5160
1684	5162
1679	5164
1675	5167
1670	5168
1666	5171
1662	5175
1657	5178
1653	5180
1648	5181
1643	5183
1639	5186
1635	5189
1630	5192
1625	5193
1620	5195
1616	5198
1612	5201
1608	5204
1603	5206
1599	5208
1594	5211
1591	5215
1587	5219
1582	5222
1577	5223
1571	5222
1566	5223
1561	5225
1556	5226
1551	5227
1547	5229
1542	5232
1538	5235
1533	5237
1528	5238
1523	5240
1520	5244
1514	5245
1510	5248
1506	5251
1501	5253
1496	5254
1492	5257
1488	5260
1484	5264
1479	5266
1474	5268
1470	5270
1465	5272
1461	5275
1456	5277
1452	5282
1448	5284
1442	5284
1436	5283
1431	5283
1426	5284
1421	5285
1416	5288
1412	5291
1407	5293
1402	5294
1398	5296
1393	5298
1388	5301
1384	5303
1379	5304
1374	5306
1370	5309
1366	5312
1360	5313
1355	5313
1350	5315
1346	5318
1341	5319
1337	5322
1332	5325
1328	5327
1323	5329
1318	5331
1314	5334
1309	5336
1304	5337
1299	5338
1294	5339
1289	5340
1284	5342
1279	5344
1275	5346
1270	5346
1265	5349
1260	5351
1255	5353
1251	5354
1246	5356
1241	5358
1236	5359
1231	5360
1226	5362
1222	5365
1217	5366
1213	5369
1208	5372
1203	5372
1198	5374
1193	5376
1188	5376
1183	5378
1179	5381
1174	5383
1169	5383
1163	5383
1157	5381
1152	5382
1148	5385
1143	5387
1138	5388
1133	5388
1128	5389
1123	5391
1118	5392
1114	5395
1109	5397
1104	5400
1100	5401
1095	5403
1090	5403
1085	5405
1080	5406
1075	5409
1070	5410
1065	5411
1060	5412
1056	5415
1051	5417
1046	5419
1041	5419
1036	5420
1031	5421
1026	5423
1022	5426
1018	5430
1013	5434
1009	5437
1004	5439
1000	5441
994	5441
989	5442
985	5444
980	5445
975	5448
970	5449
965	5451
960	5452
955	5450
950	5451
945	5453
940	5454
935	5456
930	5458
925	5458
920	5458
915	5460
910	5463
905	5464
900	5465
895	5465
890	5466
885	5466
880	5468
875	5471
871	5473
866	5475
861	5477
857	5480
852	5483
848	5488
844	5492
839	5494
834	5495
829	5496
824	5496
819	5497
814	5498
809	5500
804	5501
799	5502
794	5503
788	5502
783	5502
778	5503
773	5504
768	5504
763	5504
758	5506
753	5508
748	5509
743	5511
738	5513
733	5515
728	5516
723	5517
718	5518
713	5519
708	5519
703	5520
698	5522
694	5524
689	5525
683	5525
678	5526
673	5528
668	5529
663	5529
658	5531
654	5533
649	5535
644	5536
638	5535
633	5535
628	5535
623	5535
618	5537
613	5539
608	5540
603	5541
598	5542
593	5544
588	5544
583	5546
578	5546
573	5547
568	5549
563	5550
558	5550
553	5550
548	5552
543	5553
538	5554
533	5555
527	5555
522	5556
517	5557
512	5556
507	5557
502	5558
497	5558
492	5558
486	5558
482	5560
477	5562
472	5563
467	5563
461	5564
456	5565
451	5565
446	5567
441	5569
436	5568
431	5567
426	5569
421	5570
416	5570
411	5571
405	5570
400	5571
395	5573
390	5573
385	5575
380	5574
375	5574
370	5574
365	5575
360	5576
355	5577
350	5578
345	5579
340	5580
335	5581
329	5582
324	5583
319	5582
314	5583
309	5582
304	5583
299	5583
294	5585
289	5586
284	5587
279	5590
274	5590
268	5590
263	5589
258	5591
253	5591
248	5591
243	5590
238	5590
232	5591
227	5592
222	5595
217	5596
212	5596
207	5598
202	5599
197	5598
192	5598
187	5600
182	5601
177	5602
172	5602
166	5601
161	5602
156	5603
151	5603
146	5603
141	5602
136	5603
131	5607
126	5609
92	5033
88	5031
83	5027
79	5025
74	5022
70	5021
65	5018
61	5016
56	5013
52	5011
47	5005
43	5004
39	5006
35	5024
31	5026
26	5021
22	5014
17	5013
13	5013
8	5010
4	5009
-0	5009
-5	5009
-9	5011
-13	5011
-18	5012
-22	5017
-26	5024
-31	5018
-35	5011
-40	5009
-44	5004
-48	5009
-53	5013
-57	5015
-61	5017
-66	5019
-70	5022
-74	5024
-79	5027
-83	5029
-87	5031
-92	5034
-100	5601
-105	5601
-106	5167
-111	5166
-115	5168
-126	5606
-131	5607
-136	5607
-141	5606
-146	5604
-152	5602
-157	5603
-162	5602
-167	5600
-172	5599
-177	5601
-182	5601
-187	5601
-193	5600
-198	5599
-203	5597
-208	5597
-213	5596
-218	5596
-223	5596
-228	5594
-233	5592
-238	5591
-243	5591
-248	5590
-254	5588
-259	5588
-264	5588
-269	5586
-274	5583
-279	5582
-284	5582
-289	5582
-294	5580
-299	5580
-304	5582
-309	5580
-314	5580
-319	5578
-324	5576
-330	5576
-335	5575
-340	5573
-345	5573
-350	5571
-354	5567
-360	5567
-365	5569
-370	5568
-375	5568
-380	5566
-385	5565
-390	5564
-395	5563
-400	5565
-405	5563
-410	5563
-415	5561
-420	5561
-425	5560
-430	5558
-435	5556
-440	5554
-445	5553
-450	5552
-455	5552
-460	5551
-465	5550
-470	5548
-475	5547
-480	5545
-485	5545
-490	5543
-495	5542
-500	5541
-505	5540
-510	5538
-515	5536
-520	5535
-525	5534
-530	5532
-535	5531
-540	5529
-544	5527
-549	5525
-554	5524
-559	5524
-564	5524
-569	5524
-575	5524
-580	5522
-584	5519
-589	5516
-594	5514
-599	5514
-604	5512
-609	5511
-614	5510
-618	5508
-623	5506
-628	5505
-634	5507
-639	5506
-643	5504
-648	5501
-653	5501
-658	5500
-663	5497
-668	5495
-672	5494
-677	5493
-682	5491
-687	5490
-692	5488
-697	5487
-701	5484
-706	5482
-711	5481
-716	5481
-721	5479
-726	5478
-731	5477
-736	5477
-741	5476
-746	5474
-750	5471
-755	5469
-760	5469
-765	5468
-770	5465
-774	5463
-779	5461
-784	5459
-789	5458
-794	5457
-799	5457
-804	5456
-808	5453
-813	5451
-818	5450
-823	5448
-827	5445
-832	5444
-837	5443
-842	5442
-847	5441
-852	5439
-856	5437
-861	5435
-866	5433
-871	5432
-875	5430
-880	5429
-885	5428
-890	5426
-895	5424
-899	5422
-904	5420
-909	5419
-913	5417
-918	5415
-923	5414
-928	5412
-932	5410
-937	5408
-942	5407
-947	5405
-951	5402
-956	5400
-960	5398
-964	5394
-970	5394
-975	5394
-979	5391
-984	5390
-989	5388
-993	5386
-998	5383
-1002	5381
-1007	5379
-1012	5378
-1017	5377
-1022	5375
-1026	5374
-1031	5372
-1036	5370
-1040	5367
-1044	5362
-1048	5360
-1053	5358
-1058	5356
-1063	5355
-1067	5353
-1072	5351
-1076	5348
-1081	5346
-1085	5344
-1090	5342
-1094	5339
-1099	5339
-1104	5338
-1109	5335
-1112	5330
-1117	5329
-1121	5325
-1126	5323
-1130	5321
-1135	5319
-1140	5318
-1144	5316
-1149	5313
-1153	5311
-1158	5308
-1162	5307
-1167	5306
-1172	5304
-1176	5302
-1180	5298
-1185	5297
-1190	5295
-1194	5293
-1199	5292
-1203	5288
-1207	5286
-1212	5284
-1217	5283
-1222	5281
-1227	5281
-1231	5278
-1235	5276
-1240	5274
-1244	5272
-1248	5267
-1253	5267
-1259	5267
-1263	5266
-1268	5265
-1273	5263
-1277	5260
-1281	5257
-1286	5256
-1290	5252
-1294	5249
-1299	5248
-1304	5247
-1308	5244
-1312	5240
-1316	5238
-1321	5236
-1325	5233
-1329	5230
-1334	5229
-1338	5227
-1343	5225
-1347	5223
-1352	5220
-1356	5218
-1361	5216
-1365	5212
-1369	5209
-1373	5207
-1378	5205
-1382	5203
-1387	5202
-1392	5201
-1396	5199
-1402	5199
-1406	5197
-1410	5193
-1414	5190
-1419	5189
-1423	5186
-1427	5183
-1431	5180
-1435	5177
-1439	5174
-1444	5172
-1448	5170
-1452	5167
-1457	5165
-1461	5162
-1465	5160
-1469	5157
-1473	5153
-1477	5150
-1482	5148
-1486	5146
-1490	5142
-1494	5139
-1498	5136
-1502	5134
-1506	5131
-1510	5126
-1514	5124
-1518	5121
-1522	5118
-1526	5114
-1530	5111
-1534	5108
-1538	5106
-1542	5103
-1546	5101
-1551	5099
-1555	5096
-1559	5092
-1563	5090
-1567	5087
-1571	5084
-1575	5081
-1579	5079
-1583	5076
-1588	5074
-1592	5072
-1596	5069
-1600	5066
-1604	5063
-1609	5062
-1613	5060
-1617	5057
-1621	5053
-1625	5049
-1628	5046
-1632	5043
-1636	5040
-1641	5038
-1644	5035
-1648	5032
-1652	5028
-1656	5026
-1661	5025
-1666	5023
-1670	5020
-1673	5017
-1677	5014
-1682	5011
-1686	5009
-1689	5004
-1693	5001
-1697	4998
-1701	4995
-1705	4992
-1708	4989
-1712	4986
-1717	4984
-1721	4981
-1725	4979
-1729	4976
-1733	4974
-1738	4972
-1742	4969
-1745	4965
-1747	4960
-1751	4957
-1755	4953
-1758	4949
-1763	4947
-1766	4944
-1770	4941
-1774	4938
-1778	4936
-1783	4934
-1787	4932
-1791	4929
-1795	4926
-1799	4923
-1802	4920
-1807	4918
-1810	4914
-1814	4911
-1818	4909
-1823	4906
-1827	4904
-1830	4901
-1834	4898
-1838	4895
-1842	4892
-1846	4889
-1849	4884
-1851	4879
-1854	4875
-1858	4872
-1862	4869
-1866	4866
-1870	4864
-1874	4862
-1878	4859
-1882	4856
-1886	4854
-1890	4850
-1894	4847
-1898	4845
-1901	4842
-1905	4839
-1910	4837
-1914	4834
-1917	4831
-1920	4826
-1924	4824
-1929	4823
-1934	4821
-1938	4820
-1942	4817
-1946	4814
-1950	4812
-1954	4808
-1957	4805
-1961	4802
-1965	4800
-1969	4797
-1973	4794
-1977	4792
-1981	4789
-1985	4787
-1989	4784
-1993	4782
-1997	4779
-2001	4777
-2005	4774
-2009	4772
-2014	4769
-2018	4766
-2022	4764
-2026	4761
-2029	4758
-2033	4755
-2036	4750
-2040	4748
-2043	4744
-2047	4742
-2050	4738
-2053	4734
-2057	4731
-2061	4729
-2066	4727
-2070	4724
-2073	4721
-2077	4718
-2080	4714
-2084	4711
-2087	4708
-2092	4706
-2095	4702
-2099	4699
-2103	4697
-2106	4693
-2110	4690
-2114	4688
-2118	4685
-2121	4682
-2125	4678
-2128	4675
-2132	4673
-2136	4669
-2140	4666
-2143	4664
-2147	4661
-2151	4657
-2154	4654
-2157	4650
-2161	4648
-2164	4644
-2168	4641
-2173	4639
-2177	4637
-2179	4632
-2183	4629
-2186	4626
-2190	4623
-2194	4620
-2199	4618
-2202	4616
-2206	4612
-2208	4608
-2212	4604
-2216	4602
-2220	4599
-2224	4596
-2227	4594
-2231	4591
-2235	4588
-2239	4585
-2242	4581
-2246	4579
-2250	4576
-2253	4573
-2258	4571
-2260	4566
-2264	4564
-2268	4561
-2272	4558
-2275	4555
-2279	4552
-2283	4549
-2286	4545
-2289	4542
-2292	4538
-2295	4534
-2299	4531
-2302	4528
-2306	4526
-2311	4523
-2313	4519
-2317	4516
-2321	4513
-2325	4511
-2329	4508
-2331	4503
-2334	4500
-2337	4496
-2341	4494
-2345	4491
-2349	4488
-2352	4484
-2356	4482
-2360	4480
-2363	4476
-2367	4473
-2370	4469
-2374	4466
-2376	4462
-2380	4458
-2383	4455
-2386	4451
-2389	4448
-2394	4446
-2398	4443
-2401	4440
-2404	4436
-2407	4432
-2411	4430
-2414	4426
-2417	4422
-2420	4418
-2423	4415
-2427	4412
-2431	4410
-2435	4407
-2437	4402
-2440	4399
-2444	4396
-2448	4393
-2451	4390
-2454	4386
-2457	4382
-2459	4377
-2462	4373
-2465	4370
-2469	4367
-2472	4363
-2475	4360
-2478	4356
-2481	4352
-2483	4348
-2486	4344
-2491	4342
-2494	4339
-2497	4335
-2500	4331
-2502	4327
-2505	4323
-2508	4319
-2509	4314
-2512	4310
-2515	4306
-2518	4302
-2520	4298
-2523	4294
-2526	4290
-2528	4286
-2531	4282
-2533	4278
-2536	4274
-2539	4270
-2541	4266
-2544	4262
-2547	4258
-2549	4254
-2553	4251
-2555	4247
-2558	4243
-2559	4237
-2561	4233
-2564	4229
-2566	4224
-2568	4220
-2571	4216
-2574	4212
-2576	4208
-2579	4204
-2581	4200
-2583	4195
-2586	4191
-2588	4187
-2591	4183
-2593	4179
-2595	4175
-2598	4171
-2600	4167
-2603	4163
-2606	4159
-2609	4155
-2611	4151
-2614	4147
-2615	4143
-2618	4139
-2620	4134
-2622	4129
-2624	4125
-2627	4122
-2629	4117
-2631	4112
-2633	4108
-2636	4104
-2638	4100
-2640	4095
-2642	4091
-2644	4087
-2646	4083
-2649	4079
-2651	4075
-2652	4069
-2654	4065
-2657	4061
-2658	4056
-2660	4052
-2663	4048
-2665	4043
-2666	4039
-2667	4033
-2670	4030
-2672	4025
-2673	4020
-2675	4016
-2676	4011
-2678	4006
-2680	4002
-2682	3997
-2682	3992
-2685	3988
-2687	3984
-2689	3980
-2691	3976
-2692	3970
-2694	3966
-2696	3961
-2698	3957
-2700	3953
-2701	3948
-2702	3943
-2705	3939
-2707	3935
-2708	3930
-2710	3925
-2710	3920
-2712	3915
-2713	3910
-2714	3906
-2717	3902
-2718	3897
-2719	3892
-2721	3888
-2724	3884
-2726	3880
-2728	3876
-2730	3872
-2730	3866
-2732	3861
-2734	3857
-2736	3853
-2738	3849
-2739	3844
-2740	3840
-2742	3836
-2744	3831
-2747	3828
-2748	3823
-2749	3818
-2749	3812
-2749	3806
-2750	3802
-2750	3796
-2750	3790
-2752	3786
-2754	3782
-2755	3777
-2757	3773
-2759	3769
-2760	3764
-2761	3759
-2762	3754
-2763	3749
-2765	3745
-2766	3741
-2767	3736
-2769	3732
-2769	3726
-2769	3721
-2770	3716
-2772	3712
-2773	3707
-2775	3703
-2776	3699
-2777	3694
-2778	3689
-2779	3684
-2780	3680
-2782	3676
-2783	3671
-2785	3667
-2786	3662
-2785	3656
-2786	3651
-2787	3647
-2789	3642
-2790	3638
-2791	3633
-2792	3628
-2792	3623
-2793	3618
-2794	3614
-2794	3609
-2796	3605
-2797	3600
-2798	3595
-2799	3591
-2800	3586
-2800	3581
-2801	3576
-2800	3571
-2797	3563
-2795	3556
-2795	3551
-2794	3546
-2795	3541
-2796	3536
-2797	3531
-2798	3527
-2797	3522
-2798	3517
-2799	3512
-2797	3506
-2798	3501
-2798	3496
-2798	3491
-2798	3486
-2800	3482
-2800	3477
-2801	3473
-2801	3467
-2802	3463
-2802	3458
-2803	3453
-2804	3449
-2804	3444
-2805	3439
-2802	3433
-2803	3428
-2803	3423
-2804	3419
-2803	3413
-2804	3409
-2805	3404
-2805	3400
-2806	3395
-2806	3390
-2807	3386
-2806	3380
-2806	3375
-2807	3371
-2807	3366
-2806	3360
-2806	3355
-2806	3351
-2806	3345
-2806	3341
-2806	3336
-2806	3331
-2807	3327
-2807	3322
-2807	3317
-2808	3313
-2808	3308
-2809	3303
-2807	3298
-2808	3293
-2807	3288
-2807	3284
-2807	3279
-2807	3274
-2809	3270
-2806	3264
-2805	3258
-2803	3253
-2802	3247
-2802	3242
-2803	3238
-2803	3233
-2803	3229
-2803	3224
-2802	3219
-2800	3213
-2800	3208
-2799	3203
-2799	3199
-2800	3194
-2800	3190
-2800	3185
-2799	3180
-2800	3175
-2799	3170
-2799	3166
-2798	3161
-2799	3156
-2800	3152
-2800	3148
-2797	3142
-2797	3137
-2798	3133
-2798	3128
-2798	3124
-2797	3119
-2796	3114
-2796	3109
-2796	3105
-2796	3100
-2796	3096
-2796	3091
-2796	3087
-2795	3082
-2794	3077
-2791	3071
-2791	3066
-2791	3062
-2792	3058
-2792	3053
-2792	3049
-2791	3044
-2791	3039
-2791	3035
-2790	3030
-2790	3025
-2790	3021
-2789	3017
-2789	3012
-2788	3007
-2786	3002
-2786	2998
-2786	2993
-2785	2988
-2784	2983
-2784	2979
-2783	2974
-2784	2970
-2785	2966
-2785	2962
-2785	2957
-2783	2953
-2782	2948
-2781	2943
-2782	2939
-2780	2934
-2780	2929
-2780	2925
-2779	2921
-2780	2917
-2781	2913
-2781	2908
-2780	2904
-2780	2900
-2780	2895
-2780	2891
-2779	2886
-2778	2882
-2778	2877
-2779	2874
-2776	2868
-2776	2864
-2776	2860
-2776	2855
-2775	2851
-2775	2847
-2774	2842
-2773	2838
-2774	2834
-2774	2829
-2773	2825
-2773	2821
-2773	2817
-2772	2812
-2773	2808
-2770	2803
-2769	2799
-2770	2795
-2770	2791
-2771	2787
-2770	2783
-2770	2778
-2770	2774
-2770	2770
-2770	2766
-2769	2762
-2769	2757
-2768	2753
-2768	2749
-2767	2744
-2766	2740
-2766	2736
-2767	2732
-2766	2728
-2766	2724
-2766	2720
-2766	2715
-2766	2712
-2765	2707
-2766	2703
-2766	2700
-2766	2695
-2765	2691
-2766	2688
-2766	2683
-2765	2679
-2762	2674
-2761	2670
-2761	2665
-2761	2662
-2760	2657
-2761	2654
-2760	2649
-2760	2646
-2760	2641
-2759	2637
-2759	2633
-2758	2629
-2758	2625
-2758	2621
-2757	2617
-2755	2612
-2755	2608
-2755	2604
-2754	2600
-2754	2596
-2754	2592
-2752	2587
-2751	2583
-2751	2580
-2752	2576
-2751	2572
-2751	2568
-2750	2564
-2750	2559
-2749	2555
-2747	2551
-2746	2547
-2747	2543
-2746	2539
-2745	2535
-2745	2531
-2745	2527
-2744	2523
-2744	2519
-2743	2515
-2742	2511
-2742	2507
-2742	2503
-2742	2499
-2741	2495
-2739	2491
-2738	2487
-2738	2483
-2737	2479
-2737	2475
-2737	2471
-2736	2467
-2735	2463
-2734	2459
-2734	2455
-2733	2451
-2733	2447
-2734	2444
-2733	2440
-2734	2436
-2731	2432
-2731	2428
-2730	2424
-2729	2420
-2728	2416
-2728	2412
-2729	2409
-2728	2405
-2728	2401
-2727	2397
-2726	2393
-2725	2389
-2725	2385
-2724	2381
-2723	2377
-2722	2373
-2722	2370
-2721	2366
-2721	2362
-2720	2358
-2719	2354
-2719	2351
-2719	2347
-2719	2343
-2718	2339
-2717	2335
-2717	2332
-2716	2328
-2715	2324
-2714	2320
-2713	2316
-2713	2312
-2712	2309
-2711	2305
-2710	2301
-2710	2297
-2710	2294
-2709	2290
-2708	2286
-2708	2282
-2708	2278
-2706	2275
-2706	2271
-2705	2267
-2705	2263
-2703	2259
-2702	2256
-2702	2252
-2702	2248
-2702	2245
-2700	2241
-2699	2237
-2700	2234
-2699	2230
-2698	2226
-2697	2222
-2696	2218
-2696	2215
-2695	2211
-2695	2208
-2693	2203
-2692	2200
-2691	2196
-2691	2192
-2690	2189
-2690	2185
-2689	2181
-2688	2178
-2688	2174
-2688	2171
-2686	2167
-2686	2163
-2686	2160
-2685	2156
-2684	2152
-2683	2148
-2682	2145
-2682	2141
-2681	2138
-2679	2134
-2679	2130
-2679	2127
-2679	2123
-2677	2119
-2677	2116
-2677	2112
-2675	2109
-2675	2105
-2674	2101
-2674	2098
-2671	2094
-2671	2090
-2670	2087
-2669	2083
-2669	2080
-2669	2076
-2669	2073
-2667	2069
-2667	2065
-2667	2062
-2666	2058
-2663	2055
-2662	2051
-2661	2047
-2662	2044
-2659	2040
-2659	2037
-2657	2033
-2656	2029
-2655	2026
-2654	2022
-2654	2019
-2653	2015
-2654	2012
-2653	2008
-2652	2005
-2651	2001
-2650	1998
-2649	1994
-2648	1991
-2648	1987
-2647	1984
-2645	1980
-2644	1977
-2642	1973
-2642	1970
-2641	1966
-2640	1963
-2640	1959
-2640	1956
-2640	1952
-2639	1949
-2638	1945
-2637	1942
-2636	1938
-2634	1935
-2633	1931
-2634	1928
-2633	1925
-2631	1921
-2631	1918
-2630	1914
-2630	1911
-2630	1907
-2629	1904
-2628	1901
-2627	1897
-2627	1894
-2625	1890
-2623	1887
-2623	1883
-2622	1880
-2621	1876
-2620	1873
-2620	1870
-2619	1866
-2619	1863
-2618	1859
-2616	1856
-2616	1853
-2615	1849
-2614	1846
-2613	1842
-2613	1839
-2612	1836
-2611	1832
-2610	1829
-2608	1825
-2607	1822
-2607	1819
-2606	1815
-2606	1812
-2606	1809
-2605	1805
-2604	1802
-2603	1799
-2602	1795
-2601	1792
-2601	1789
-2600	1785
-2599	1782
-2596	1778
-2595	1775
-2595	1772
-2595	1768
-2594	1765
-2592	1762
-2591	1758
-2590	1755
-2589	1752
-2588	1749
-2588	1745
-2587	1742
-2586	1739
-2585	1735
-2584	1732
-2583	1729
-2582	1725
-2581	1722
-2579	1719
-2578	1715
-2578	1712
-2576	1709
-2574	1706
-2572	1702
-2571	1699
-2571	1696
-2571	1692
-2571	1689
-2570	1686
-2569	1683
-2567	1679
-2565	1676
-2565	1673
-2564	1670
-2564	1666
-2563	1663
-2562	1660
-2561	1657
-2560	1653
-2559	1650
-2559	1647
-2558	1644
-2556	1640
-2555	1637
-2554	1634
-2553	1631
-2551	1628
-2550	1624
-2550	1621
-2549	1618
-2548	1615
-2548	1611
-2547	1608
-2545	1605
-2544	1602
-2542	1599
-2542	1595
-2541	1592
-2540	1589
-2539	1586
-2538	1583
-2536	1579
-2534	1576
-2533	1573
-2532	1570
-2532	1567
-2532	1563
-2532	1560
-2532	1557
-2530	1554
-2529	1551
-2527	1548
-2527	1544
-2527	1541
-2526	1538
-2524	1535
-2523	1532
-2522	1529
-2521	1525
-2520	1522
-2520	1519
-2519	1516
-2518	1513
-2517	1510
-2516	1506
-2515	1503
-2514	1500
-2513	1497
-2512	1494
-2511	1491
-2510	1488
-2510	1484
-2509	1481
-2509	1478
-2508	1475
-2506	1472
-2505	1469
-2504	1466
-2504	1463
-2503	1459
-2502	1456
-2502	1453
-2500	1450
-2500	1447
-2499	1444
-2496	1441
-2496	1438
-2496	1434
-2494	1431
-2492	1428
-2489	1426
-2487	1423
-2485	1420
-2485	1416
-2485	1413
-2484	1410
-2482	1407
-2479	1404
-2478	1401
-2477	1398
-2475	1395
-2474	1392
-2474	1389
-2472	1386
-2472	1383
-2470	1380
-2470	1377
-2470	1374
-2468	1371
-2467	1368
-2465	1365
-2464	1362
-2462	1359
-2462	1355
-2461	1352
-2459	1349
-2458	1346
-2456	1343
-2456	1340
-2455	1337
-2454	1334
-2453	1331
-2452	1328
-2451	1325
-2449	1322
-2448	1319
-2447	1316
-2447	1313
-2446	1310
-2445	1307
-2443	1304
-2441	1301
-2441	1298
-2441	1295
-2440	1292
-2439	1289
-2437	1286
-2436	1283
-2434	1280
-2434	1277
-2433	1274
-2432	1271
-2430	1268
-2428	1265
-2428	1262
-2427	1259
-2427	1256
-2425	1253
-2425	1250
-2423	1247
-2423	1244
-2421	1241
-2419	1238
-2419	1235
-2418	1232
-2417	1229
-2416	1226
-2414	1223
-2415	1220
-2413	1217
-2413	1214
-2410	1211
-2409	1208
-2408	1205
-2407	1202
-2406	1200
-2405	1196
-2403	1194
-2403	1191
-2401	1188
-2400	1185
-2400	1182
-2399	1179
-2398	1176
-2397	1173
-2396	1170
-2394	1167
-2393	1164
-2392	1161
-2391	1158
-2390	1155
-2388	1152
-2387	1149
-2387	1146
-2386	1143
-2387	1140
-2386	1137
-2386	1134
-2384	1131
-2383	1128
-2382	1125
-2381	1122
-2380	1119
-2379	1116
-2379	1113
-2377	1110
-2376	1107
-2374	1104
-2374	1101
-2374	1098
-2373	1095
-2371	1092
-2369	1090
-2368	1087
-2366	1084
-2366	1081
-2364	1078
-2363	1075
-2362	1072
-2361	1069
-2360	1066
-2359	1063
-2360	1060
-2358	1057
-2356	1055
-2354	1052
-2353	1049
-2353	1046
-2353	1043
-2351	1040
-2350	1037
-2349	1034
-2347	1031
-2345	1029
-2345	1026
-2344	1023
-2343	1020
-2342	1017
-2340	1014
-2338	1011
-2337	1008
-2337	1005
-2335	1003
-2334	1000
-2334	997
-2333	994
-2332	991
-2329	988
-2328	985
-2326	983
-2325	980
-2325	977
-2325	974
-2324	971
-2322	968
-2321	965
-2321	962
-2319	959
-2318	956
-2316	954
-2316	950
-2315	947
-2314	944
-2315	941
-2313	938
-2312	935
-2310	933
-2309	930
-2307	927
-2306	924
-2304	922
-2302	919
-2300	916
-2297	914
-2296	911
-2295	908
-2295	905
-2293	903
-2291	900
-2291	897
-2290	894
-2288	891
-2286	889
-2284	886
-2284	883
-2283	880
-2282	877
-2281	874
-2281	871
-2280	868
-2279	865
-2278	862
-2277	859
-2276	857
-2274	854
-2272	851
-2271	848
-2272	845
-2271	842
-2270	839
-2269	836
-2268	833
-2266	830
-2265	827
-2264	825
-2262	822
-2262	819
-2261	816
-2259	813
-2258	811
-2256	808
-2254	805
-2254	802
-2254	799
-2253	796
-2252	793
-2250	790
-2249	787
-2247	785
-2246	782
-2246	779
-2244	776
-2243	773
-2243	770
-2242	767
-2241	764
-2239	761
-2238	759
-2237	756
-2235	753
-2235	750
-2234	747
-2233	744
-2232	741
-2230	738
-2229	736
-2227	733
-2226	730
-2227	726
-2226	723
-2224	721
-2224	718
-2223	715
-2222	712
-2221	709
-2219	706
-2218	703
-2217	701
-2215	698
-2214	695
-2214	692
-2213	688
-2210	687
-2210	683
-2209	680
-2207	678
-2205	675
-2203	673
-2201	670
-2201	667
-2200	664
-2198	661
-2198	658
-2197	655
-2196	652
-2195	649
-2194	646
-2194	643
-2192	641
-2190	638
-2190	635
-2188	632
-2186	630
-2185	627
-2183	624
-2183	621
-2181	618
-2181	615
-2180	612
-2179	609
-2177	607
-2176	603
-2176	600
-2175	597
-2173	595
-2170	592
-2170	589
-2168	586
-2167	584
-2166	580
-2166	577
-2164	574
-2163	572
-2161	569
-2160	566
-2160	563
-2160	559
-2157	557
-2155	555
-2154	552
-2154	548
-2154	545
-2154	541
-2153	538
-2150	536
-2149	533
-2147	531
-2146	528
-2144	525
-2144	522
-2142	519
-2141	517
-2140	513
-2139	510
-2138	508
-2135	505
-2135	502
-2134	499
-2133	496
-2133	493
-2132	489
-2130	487
-2129	484
-2126	482
-2126	479
-2125	475
-2124	472
-2123	469
-2123	466
-2122	463
-2120	460
-2119	457
-2119	454
-2117	451
-2115	448
-2114	445
-2112	443
-2111	440
-2111	436
-2109	434
-2107	432
-2104	429
-2103	426
-2103	423
-2102	419
-2101	417
-2100	414
-2099	410
-2098	407
-2098	404
-2096	401
-2096	398
-2094	395
-2093	392
-2092	389
-2092	385
-2091	382
-2090	379
-2089	376
-2089	372
-2088	369
-2088	365
-2086	363
-2085	360
-2083	357
-2079	356
-2075	355
-2070	354
-2066	353
-2062	353
-2056	352
-2052	351
-2049	350
-2045	349
-2040	349
-2034	348
-2031	347
-2028	345
-2025	343
-2021	342
-2017	342
-2013	340
-2008	340
-2004	339
-2000	338
-1996	337
-1993	336
-1990	334
-1988	332
-1987	329
-1986	326
-1985	323
-1985	319
-1984	316
-1982	313
-1980	311
-1980	307
-1979	304
-1977	302
-1976	298
-1975	295
-1974	292
-1972	290
-1971	287
-1970	284
-1970	280
-1968	277
-1968	274
-1968	270
-1967	266
-1965	264
-1964	261
-1963	258
-1961	256
-1960	252
-1959	249
-1958	246
-1957	243
-1956	240
-1956	236
-1956	232
-1955	229
-1954	226
-1953	223
-1952	220
-1951	217
-1950	213
-1949	210
-1948	207
-1945	205
-1943	202
-1942	199
-1942	196
-1941	192
-1940	189
-1940	185
-1939	182
-1938	178
-1936	176
-1935	173
-1934	170
-1933	166
-1933	162
-1932	159
-1930	157
-1929	153
-1928	150
-1927	146
-1925	144
-1924	141
-1924	137
-1923	134
-1923	130
-1921	127
-1920	124
-1919	121
-1918	117
-1918	113
-1916	110
-1915	107
-1914	104
-1913	101
-1911	98
-1910	95
-1909	92
-1908	88
-1909	83
-1908	80
-1905	78
-1903	75
-1901	73
-1901	69
-1899	66
-1899	62
-1897	59
-1897	56
-1896	52
-1896	47
-1895	44
-1893	41
-1891	39
-1890	35
-1890	31
-1889	28
-1888	24
-1887	21
-1886	17
-1885	14
-1882	12
-1881	9
-1880	5
-1879	1
-1879	-2
-1877	-5
-1876	-9
-1875	-12
-1874	-16
-1873	-20
-1873	-23
-1872	-27
-1871	-31
-1870	-35
-1869	-38
-1867	-41
-1866	-44
-1866	-48
-1865	-52
-1864	-56
-1862	-59
-1861	-63
-1860	-66
-1859	-69
-1858	-73
-1858	-77
-1857	-81
-1857	-86
-1856	-89
-1854	-92
-1853	-95
-1851	-99
-1849	-102
-1848	-105
-1847	-108
-1846	-112
-1846	-117
-1845	-120
-1844	-124
-1839	-124
-1828	-117
-1821	-115
-1818	-116
-1814	-118
-1810	-118
-1805	-117
-1802	-119
-1801	-122
-1798	-124
-1793	-124
-1791	-126
-1790	-130
-1788	-133
-1776	-124
-1766	-119
-1763	-120
-1759	-121
-1755	-121
-1752	-123
-1749	-124
-1746	-126
-1744	-129
-1742	-131
-1740	-134
-1738	-136
-1735	-138
-1726	-133
-1719	-129
-1708	-122
-1704	-122
-1703	-126
-1701	-129
-1699	-132
-1698	-135
-1695	-136
-1690	-135
-1684	-134
-1677	-130
-1670	-127
-1666	-128
-1664	-130
-1659	-130
-1655	-130
-1653	-132
-1650	-133
-1643	-130
-1634	-125
-1626	-119
-1619	-117
-1616	-118
-1616	-122
-1616	-127
-1619	-136
-1624	-146
-1620	-147
-1614	-145
-1609	-144
-1601	-139
-1594	-135
-1587	-131
-1584	-133
-1577	-129
-1567	-122
-1562	-121
-1558	-121
-1555	-122
-1552	-123
-1549	-125
-1547	-126
-1544	-128
-1541	-130
-1538	-131
-1536	-133
-1534	-135
-1529	-134
-1520	-127
-1513	-124
-1510	-125
-1507	-126
-1504	-127
-1502	-129
-1502	-133
-1501	-137
-1497	-137
-1495	-140
-1493	-141
-1490	-143
-1486	-143
-1479	-138
-1476	-139
-1474	-142
-1466	-137
-1461	-135
-1457	-135
-1454	-136
-1451	-137
-1449	-139
-1447	-141
-1444	-142
-1441	-143
-1438	-144
-1435	-145
-1433	-147
-1431	-150
-1423	-144
-1415	-139
-1410	-137
-1408	-138
-1406	-141
-1407	-148
-1402	-145
-1397	-144
-1395	-146
-1392	-147
-1388	-147
-1385	-148
-1383	-150
-1379	-150
-1376	-151
-1373	-151
-1370	-152
-1368	-154
-1366	-156
-1363	-157
-1359	-157
-1356	-158
-1354	-159
-1352	-162
-1349	-163
-1348	-166
-1345	-167
-1342	-168
-1337	-166
-1324	-152
-1317	-147
-1314	-148
-1312	-149
-1309	-150
-1306	-152
-1304	-153
-1301	-154
-1297	-153
-1292	-151
-1288	-151
-1284	-150
-1281	-150
-1279	-152
-1276	-154
-1274	-156
-1274	-161
-1273	-164
-1267	-160
-1261	-157
-1257	-156
-1255	-158
-1250	-156
-1248	-157
-1246	-159
-1244	-162
-1242	-165
-1240	-167
-1239	-169
-1237	-173
-1235	-175
-1234	-178
-1229	-175
-1226	-176
-1224	-179
-1220	-178
-1215	-176
-1211	-174
-1208	-174
-1205	-175
-1199	-171
-1191	-162
-1185	-159
-1181	-157
-1178	-157
-1174	-157
-1170	-156
-1168	-157
-1165	-158
-1162	-159
-1160	-161
-1158	-163
-1156	-165
-1154	-167
-1152	-169
-1150	-171
-1146	-169
-1139	-163
-1130	-153
-1123	-147
-1119	-145
-1116	-146
-1116	-151
-1115	-155
-1114	-159
-1113	-164
-1112	-168
-1110	-168
-1105	-166
-1101	-164
-1096	-162
-1093	-160
-1089	-160
-1087	-161
-1085	-163
-1085	-170
-1083	-171
-1078	-169
-1072	-163
-1067	-160
-1066	-162
-1064	-166
-1061	-165
-1055	-160
-1049	-154
-1043	-149
-1037	-144
-1031	-139
-1027	-136
-1024	-137
-1021	-137
-1019	-138
-1017	-141
-1016	-144
-1013	-144
-1006	-137
-1005	-140
-1007	-151
-1003	-149
-1000	-148
-996	-146
-991	-143
-987	-140
-983	-138
-979	-136
-975	-135
-972	-135
-970	-136
-969	-140
-967	-142
-963	-141
-960	-141
-958	-143
-955	-142
-952	-142
-949	-143
-947	-144
-945	-145
-937	-136
-932	-131
-929	-131
-927	-132
-925	-134
-923	-136
-920	-137
-920	-142
-919	-147
-918	-151
-917	-155
-915	-157
-910	-153
-904	-145
-899	-140
-895	-139
-893	-140
-891	-142
-889	-144
-887	-147
-883	-145
-879	-141
-875	-139
-871	-137
-869	-138
-867	-140
-865	-143
-863	-145
-861	-145
-857	-144
-854	-142
-852	-143
-780	-1
-777	0
-775	0
-772	0
-770	0
-767	0
-764	0
-762	-1
-759	0
-756	1
-754	1
-751	1
-749	1
-746	1
-743	1
-741	1
-738	1
-736	2
-733	1
-733	-5
-733	-12
-733	-19
-730	-18
-726	-12
-721	-7
-720	-11
-720	-17
-719	-21
-717	-23
-746	-128
-745	-133
-744	-138
-743	-141
-741	-143
-738	-144
-736	-146
-734	-147
-731	-148
-729	-148
-726	-148
-724	-149
-721	-150
-719	-150
-717	-152
-714	-153
-712	-154
-710	-155
-707	-156
-704	-154
-699	-148
-695	-144
-692	-143
-690	-144
-688	-146
-685	-147
-683	-147
-681	-149
-679	-151
-679	-161
-676	-158
-673	-158
-670	-158
-668	-158
-665	-157
-662	-157
-659	-157
-656	-155
-653	-153
-649	-151
-646	-150
-644	-149
-641	-150
-639	-151
-637	-153
-635	-155
-633	-157
-631	-159
-629	-161
-627	-164
-625	-165
-622	-163
-618	-159
-613	-153
-610	-149
-606	-147
-603	-146
-601	-147
-599	-149
-600	-161
-600	-171
-599	-176
-597	-177
-594	-178
-580	-135
-577	-137
-576	-142
-575	-148
-574	-151
-572	-154
-569	-154
-567	-154
-564	-154
-562	-154
-559	-156
-558	-161
-557	-165
-556	-171
-555	-177
-552	-179
-550	-180
-549	-184
-546	-184
-543	-183
-540	-183
-538	-183
-536	-184
-533	-183
-530	-182
-527	-182
-525	-182
-523	-184
-520	-184
-517	-183
-515	-184
-512	-184
-509	-183
-506	-179
-503	-177
-500	-176
-498	-176
-495	-175
-492	-174
-489	-172
-487	-173
-484	-174
-483	-178
-480	-180
-478	-183
-476	-184
-473	-183
-471	-183
-468	-184
-466	-183
-463	-184
-461	-184
-458	-185
-456	-184
-453	-185
-451	-184
-448	-185
-446	-184
-443	-185
-441	-184
-438	-184
-435	-183
-433	-183
-430	-182
-427	-182
-424	-180
-422	-180
-419	-180
-417	-180
-414	-178
-411	-178
-409	-179
-407	-182
-405	-182
-402	-184
-400	-184
-397	-182
-394	-181
-391	-179
-389	-180
-387	-180
-384	-182
-382	-182
-379	-179
-376	-178
-374	-177
-371	-176
-368	-174
-365	-173
-363	-174
-361	-174
-358	-174
-355	-173
-353	-175
-351	-178
-349	-178
-346	-178
-344	-181
-342	-183
-340	-184
-337	-186
-335	-184
-332	-185
-330	-185
-327	-184
-325	-183
-322	-183
-319	-182
-317	-183
-315	-184
-312	-184
-310	-184
-307	-185
-305	-185
-302	-184
-300	-185
-297	-182
-294	-180
-292	-180
-289	-180
-287	-179
-284	-179
-282	-180
-279	-179
-277	-177
-274	-177
-272	-180
-270	-183
-267	-183
-265	-183
-262	-184
-260	-184
-258	-184
-255	-185
-253	-186
-250	-185
-248	-184
-245	-185
-243	-185
-240	-184
-238	-184
-235	-184
-233	-184
-230	-185
-228	-184
-225	-184
-223	-184
-221	-184
-218	-184
-216	-184
-213	-184
-211	-185
-208	-182
-205	-180
-203	-180
-201	-181
-198	-182
-196	-183
-193	-183
-191	-185
-189	-185
-186	-185
-184	-186
-181	-186
-179	-185
-176	-185
-174	-186
-171	-186
-169	-186
-166	-186
-164	-186
-162	-185
-159	-185
-157	-185
-154	-187
-152	-187
-149	-186
-147	-186
-144	-185
-142	-185
-139	-185
-137	-186
-134	-185
-132	-185
-130	-185
-127	-185
-125	-185
-122	-185
-120	-185
-117	-185
-115	-183
-112	-179
-110	-178
-107	-178
-105	-178
-102	-177
-100	-177
-98	-179
-95	-181
-93	-184
-90	-184
-88	-184
-85	-184
-83	-185
-81	-185
-76	-185
-73	-184
-71	-182
-68	-179
-66	-178
-63	-177
-61	-175
-59	-172
-56	-172
-54	-174
-51	-176
-49	-176
-46	-176
-44	-177
-41	-178
-39	-178
-37	-175
-34	-174
-32	-174
-29	-177
-27	-182
-24	-182
-22	-184
-19	-185
-17	-186
-14	-186
-12	-185
-9	-184
-7	-184
-5	-185
-2	-186
0	-186
3	-185
5	-186
8	-186
10	-186
13	-185
15	-185
18	-185
20	-185
23	-186
25	-187
27	-186
30	-186
32	-185
35	-184
37	-184
40	-186
42	-186
45	-186
47	-185
50	-184
52	-184
54	-184
57	-184
59	-185
62	-185
64	-184
67	-185
69	-185
72	-185
74	-184
77	-183
79	-183
81	-183
84	-185
87	-186
89	-184
91	-185
94	-185
96	-185
99	-186
101	-186
104	-186
106	-185
109	-185
111	-184
114	-185
116	-187
119	-187
121	-185
124	-185
126	-185
129	-186
131	-186
134	-186
136	-186
139	-186
141	-184
143	-184
146	-185
148	-184
151	-186
154	-186
156	-186
159	-186
161	-186
163	-186
166	-186
168	-185
171	-184
173	-183
176	-185
178	-186
181	-185
183	-186
186	-186
188	-185
191	-185
193	-185
196	-184
198	-184
201	-185
203	-184
205	-182
208	-184
211	-184
213	-184
216	-184
218	-184
221	-185
223	-184
226	-185
229	-186
231	-186
233	-185
236	-184
238	-185
241	-184
243	-184
246	-184
248	-182
251	-183
253	-184
256	-185
259	-184
261	-185
264	-185
266	-184
269	-184
271	-184
273	-183
276	-183
279	-183
281	-183
284	-185
286	-184
289	-183
291	-182
294	-183
296	-183
299	-184
302	-183
304	-184
307	-184
309	-185
312	-184
314	-184
317	-183
319	-184
322	-184
324	-183
327	-183
330	-185
332	-184
335	-185
337	-184
340	-185
342	-183
345	-183
347	-183
350	-183
353	-184
355	-184
358	-185
361	-184
363	-183
366	-184
368	-184
371	-184
373	-183
376	-183
378	-183
381	-183
384	-184
386	-184
389	-184
392	-185
394	-184
397	-184
398	-179
400	-176
402	-172
404	-170
406	-169
408	-168
411	-167
413	-166
415	-165
418	-165
421	-165
423	-165
426	-165
428	-164
431	-165
434	-166
436	-165
438	-163
441	-163
444	-164
447	-165
449	-165
452	-166
455	-166
457	-165
460	-166
462	-165
465	-165
468	-165
470	-166
473	-167
476	-166
478	-165
481	-166
484	-166
487	-167
490	-168
492	-168
495	-170
498	-171
502	-175
505	-176
510	-183
513	-184
516	-183
518	-183
521	-183
523	-182
526	-181
528	-180
530	-178
532	-175
534	-172
536	-170
539	-173
542	-172
545	-173
548	-174
551	-175
552	-170
553	-166
555	-162
556	-158
558	-156
560	-153
561	-149
562	-145
563	-139
563	-132
565	-131
568	-130
571	-131
573	-131
576	-130
578	-130
581	-131
586	-136
594	-150
600	-160
602	-159
602	-152
604	-147
605	-144
607	-142
611	-144
614	-146
619	-152
625	-159
628	-162
630	-160
632	-157
633	-153
635	-151
637	-149
639	-147
641	-145
644	-145
647	-146
650	-147
655	-151
658	-152
661	-154
664	-155
668	-156
670	-155
673	-155
676	-154
679	-155
680	-151
681	-146
682	-143
684	-141
687	-140
689	-139
693	-142
697	-146
702	-151
705	-151
708	-150
710	-150
713	-150
716	-149
718	-148
721	-148
723	-146
726	-145
728	-144
730	-143
733	-142
736	-142
738	-142
740	-140
742	-137
744	-135
745	-131
746	-127
746	-122
747	-116
747	-111
747	-105
718	-17
718	-12
719	-8
720	-5
721	-1
724	-0
726	1
728	2
731	2
733	2
736	3
738	4
741	4
744	2
759	-5
773	0
775	1
777	2
780	3
864	-141
868	-142
872	-144
879	-151
882	-153
883	-149
886	-147
889	-147
892	-147
894	-146
895	-141
896	-138
899	-137
901	-136
905	-136
909	-139
921	-155
924	-155
926	-154
928	-152
930	-150
932	-147
933	-144
936	-142
942	-148
954	-164
963	-175
966	-174
968	-171
970	-170
972	-169
975	-167
978	-167
980	-165
983	-165
987	-166
993	-172
999	-176
1003	-178
1006	-177
1009	-176
1013	-177
1016	-176
1018	-174
1020	-173
1022	-171
1025	-170
1029	-172
1033	-173
1037	-173
1040	-173
1042	-171
1044	-169
1046	-167
1049	-166
1051	-164
1055	-165
1060	-168
1066	-173
1070	-173
1073	-172
1077	-173
1082	-176
1084	-175
1086	-172
1089	-171
1092	-170
1095	-169
1097	-167
1099	-165
1101	-164
1104	-163
1108	-163
1111	-163
1117	-167
1120	-166
1122	-164
1123	-161
1124	-157
1125	-152
1126	-149
1128	-147
1130	-144
1133	-144
1139	-148
1147	-155
1150	-155
1154	-155
1158	-156
1162	-157
1166	-157
1167	-154
1168	-149
1169	-146
1175	-150
1187	-162
1196	-170
1198	-168
1201	-167
1205	-167
1210	-169
1214	-170
1217	-169
1220	-168
1223	-168
1225	-166
1227	-164
1232	-165
1235	-164
1238	-163
1240	-161
1243	-160
1246	-159
1250	-159
1252	-157
1256	-158
1257	-154
1259	-151
1261	-149
1262	-146
1265	-145
1269	-145
1275	-148
1279	-149
1283	-150
1289	-152
1298	-160
1304	-163
1306	-160
1308	-158
1310	-156
1313	-155
1315	-152
1316	-148
1317	-144
1319	-143
1323	-142
1336	-155
1339	-154
1342	-153
1345	-151
1348	-151
1352	-151
1353	-147
1355	-145
1362	-148
1365	-148
1368	-147
1371	-145
1374	-144
1377	-143
1380	-141
1384	-142
1388	-141
1391	-141
1395	-141
1398	-140
1403	-141
1406	-140
1409	-138
1412	-138
1419	-142
1423	-141
1425	-138
1427	-136
1432	-138
1437	-139
1441	-139
1444	-138
1445	-134
1445	-129
1446	-126
1448	-123
1450	-120
1451	-117
1453	-114
1454	-111
1457	-110
1460	-109
1464	-108
1468	-108
1471	-107
1477	-109
1480	-108
1485	-109
1489	-109
1495	-111
1503	-115
1507	-116
1511	-115
1516	-116
1518	-114
1522	-113
1528	-116
1534	-117
1539	-118
1543	-117
1548	-119
1554	-121
1556	-118
1558	-116
1561	-114
1565	-114
1568	-112
1572	-112
1575	-111
1579	-110
1583	-110
1588	-110
1594	-112
1599	-113
1606	-115
1612	-117
1613	-113
1614	-110
1616	-107
1620	-107
1628	-110
1631	-109
1632	-106
1634	-103
1636	-101
1638	-98
1641	-96
1645	-96
1655	-101
1667	-109
1672	-110
1677	-110
1681	-110
1685	-109
1687	-106
1688	-102
1690	-100
1694	-99
1699	-100
1704	-100
1708	-99
1712	-99
1719	-101
1723	-100
1729	-102
1736	-104
1738	-101
1741	-99
1742	-96
1747	-96
1760	-104
1765	-104
1771	-105
1777	-106
1781	-105
1782	-102
1785	-100
1788	-98
1789	-95
1791	-92
1793	-89
1796	-87
1799	-86
1803	-85
1808	-85
1820	-91
1835	-100
1841	-102
1846	-102
1850	-100
1853	-99
1853	-94
1852	-89
1851	-83
1852	-79
1856	-79
1861	-78
1866	-78
1874	-81
1883	-85
1892	-87
1894	-85
1896	-82
1898	-79
1900	-76
1903	-74
1905	-71
1906	-68
1909	-65
1912	-63
1920	-66
1926	-67
1934	-69
1943	-72
1949	-73
1953	-71
1956	-70
1960	-69
1964	-67
1969	-67
1975	-67
1979	-66
1984	-66
1990	-66
1999	-69
2011	-75
2013	-72
2014	-68
2016	-65
2017	-61
2018	-58
2020	-55
2023	-52
2025	-49
2029	-48
2039	-52
2052	-58
2053	-54
2055	-51
2057	-48
2059	-45
2060	-41
2063	-39
2072	-42
2076	-40
2078	-37
2083	-37
2095	-41
2112	-50
2119	-51
2121	-48
2123	-45
2129	-45
2134	-45
2137	-42
2141	-41
2142	-36
2146	-35
2153	-36
2163	-39
2174	-43
2186	-48
2188	-44
2190	-41
2184	-32
2181	-25
2183	-22
2187	-20
2191	-18
2194	-16
2199	-15
2205	-15
2210	-14
2213	-11
2217	-10
2221	-8
2226	-8
2234	-9
2245	-12
2256	-15
2259	-13
2263	-11
2262	-5
2256	4
2254	10
2258	11
2265	11
2272	11
2280	10
2283	12
2286	15
2290	16
2296	17
2302	17
2311	15
2316	16
2320	18
2324	20
2328	22
2332	24
2338	25
2342	26
2347	27
2353	28
2356	31
2358	34
2361	37
2364	39
2367	42
2371	44
2373	47
2379	48
2383	50
2386	52
2379	62
2380	66
2385	67
2388	69
2392	71
2397	73
2401	75
2405	77
2414	76
2425	73
2428	76
2430	79
2432	83
2432	87
2433	91
2435	94
2438	97
2440	101
2442	104
2443	108
2443	112
2444	117
2443	121
2444	126
2445	130
2445	134
2446	138
2448	141
2449	145
2449	150
2447	156
2449	159
2450	163
2450	167
2450	171
2450	176
2451	180
2451	184
2451	189
2451	194
2452	197
2451	202
2451	207
2452	211
2454	214
2455	218
2456	222
2455	227
2456	230
2456	235
2457	238
2459	242
2459	246
2460	250
2460	254
2461	259
2462	262
2462	267
2463	270
2464	274
2463	279
2462	284
2462	288
2464	291
2465	295
2465	299
2465	304
2465	308
2466	312
2467	316
2468	319
2469	323
2470	327
2470	331
2470	336
2469	340
2470	344
2470	348
2470	353
2470	357
2471	361
2471	364
2472	368
2472	372
2472	377
2473	381
2474	384
2473	389
2473	393
2473	397
2472	402
2472	406
2472	410
2473	414
2473	418
2474	422
2475	425
2476	429
2478	432
2479	436
2479	440
2480	444
2482	447
2482	451
2484	454
2484	458
2484	462
2485	466
2485	470
2487	474
2487	477
2488	481
2487	486
2487	489
2489	493
2490	497
2489	501
2489	505
2490	509
2490	513
2492	516
2493	520
2493	523
2494	527
2493	531
2494	535
2496	539
2496	542
2497	546
2496	550
2496	554
2498	558
2499	561
2500	565
2500	569
2501	572
2502	576
2505	579
2506	582
2506	586
2508	589
2508	593
2510	596
2511	600
2511	604
2511	608
2513	611
2514	615
2515	618
2514	622
2514	627
2515	630
2516	634
2516	637
2516	642
2517	645
2518	648
2520	652
2521	655
2522	659
2522	663
2521	667
2522	671
2523	674
2524	677
2523	682
2521	686
2521	690
2521	694
2522	698
2523	701
2524	705
2525	708
2525	712
2524	716
2526	720
2528	723
2528	727
2528	730
2530	734
2530	737
2531	741
2532	744
2534	748
2534	751
2535	755
2536	758
2537	762
2537	766
2538	769
2538	773
2538	777
2540	780
2542	783
2543	787
2542	791
2543	794
2545	798
2547	801
2547	804
2547	808
2547	812
2548	816
2548	819
2550	823
2552	826
2553	829
2553	833
2553	837
2555	840
2555	844
2555	847
2556	851
2557	854
2559	858
2559	861
2560	865
2560	868
2561	872
2563	875
2564	879
2565	882
2566	886
2567	889
2568	893
2568	896
2569	900
2569	904
2569	907
2569	911
2570	914
2571	918
2573	921
2574	925
2575	928
2576	932
2577	935
2578	938
2579	942
2580	945
2581	949
2582	952
2582	956
2582	960
2582	964
2584	967
2585	970
2586	974
2587	977
2588	981
2590	984
2590	987
2592	991
2593	994
2594	998
2596	1001
2597	1004
2598	1008
2599	1011
2601	1015
2599	1019
2599	1022
2598	1026
2597	1030
2598	1034
2598	1037
2598	1041
2598	1045
2599	1048
2599	1052
2599	1056
2601	1059
2602	1062
2604	1066
2603	1069
2605	1073
2606	1076
2606	1080
2606	1084
2607	1087
2606	1091
2606	1095
2607	1098
2608	1102
2607	1105
2608	1109
2610	1112
2610	1116
2610	1119
2611	1123
2612	1126
2613	1130
2613	1133
2615	1137
2616	1140
2618	1144
2618	1147
2619	1151
2619	1154
2619	1158
2620	1161
2622	1165
2622	1168
2623	1172
2625	1175
2626	1178
2627	1182
2628	1186
2628	1189
2630	1192
2631	1196
2630	1200
2632	1203
2634	1206
2634	1210
2635	1213
2635	1217
2637	1220
2638	1224
2638	1228
2639	1231
2639	1235
2640	1238
2641	1242
2642	1245
2643	1249
2643	1252
2644	1256
2645	1259
2646	1263
2647	1266
2648	1270
2650	1273
2652	1276
2654	1280
2655	1283
2658	1286
2659	1290
2661	1293
2660	1297
2661	1301
2662	1304
2664	1308
2664	1311
2665	1315
2668	1318
2670	1321
2670	1325
2671	1328
2672	1332
2672	1336
2674	1339
2674	1343
2676	1346
2676	1350
2677	1353
2677	1357
2679	1360
2679	1364
2678	1368
2679	1371
2679	1375
2680	1378
2681	1382
2682	1385
2683	1389
2683	1393
2685	1396
2685	1400
2686	1403
2687	1407
2688	1410
2689	1414
2690	1418
2691	1421
2692	1425
2693	1428
2693	1432
2694	1435
2695	1439
2696	1443
2696	1446
2697	1450
2697	1453
2698	1457
2700	1460
2701	1464
2701	1468
2704	1471
2705	1475
2707	1478
2707	1482
2709	1485
2709	1489
2710	1493
2711	1496
2712	1500
2711	1504
2711	1507
2711	1511
2713	1514
2713	1518
2712	1522
2713	1525
2714	1529
2717	1532
2717	1536
2718	1540
2719	1543
2719	1547
2721	1551
2722	1554
2723	1558
2724	1561
2724	1565
2724	1569
2726	1572
2728	1576
2728	1580
2728	1583
2730	1587
2731	1590
2732	1594
2734	1598
2735	1601
2735	1605
2735	1609
2735	1612
2736	1616
2738	1620
2738	1623
2737	1627
2737	1631
2738	1634
2741	1638
2743	1642
2744	1645
2746	1649
2747	1653
2747	1656
2748	1660
2749	1664
2750	1667
2751	1671
