2684	1658
2684	1662
2685	1665
2685	1669
2686	1672
2686	1676
2686	1683
2687	1687
2687	1690
2687	1694
2688	1697
2689	1701
2689	1705
2690	1708
2690	1712
2691	1715
2692	1719
2692	1723
2692	1726
2693	1730
2693	1734
2694	1737
2695	1741
2696	1744
2697	1748
2697	1752
2698	1755
2698	1759
2699	1763
2698	1766
2698	1770
2699	1773
2699	1777
2700	1781
2700	1784
2700	1788
2700	1791
2700	1795
2700	1799
2700	1802
2701	1806
2701	1810
2702	1813
2702	1817
2703	1821
2703	1824
2703	1828
2704	1832
2704	1835
2704	1839
2705	1842
2706	1846
2706	1850
2705	1853
2705	1857
2706	1861
2707	1864
2707	1868
2706	1872
2707	1875
2707	1879
2707	1883
2708	1886
2709	1890
2710	1894
2710	1897
2711	1901
2711	1905
2712	1908
2712	1912
2712	1916
2713	1920
2712	1923
2712	1927
2713	1930
2713	1934
2712	1938
2711	1941
2711	1945
2716	1949
2717	1953
2717	1957
2717	1960
2717	1964
2717	1968
2717	1971
2716	1975
2718	1979
2717	1982
2716	1986
2717	1990
2717	1993
2718	1997
2719	2001
2721	2005
2720	2008
2719	2012
2722	2016
2722	2020
2723	2023
2722	2027
2721	2031
2722	2034
2723	2038
2724	2042
2725	2046
2725	2050
2725	2053
2726	2057
2727	2061
2728	2065
2727	2069
2725	2072
2725	2076
2726	2079
2727	2083
2727	2087
2728	2091
2728	2095
2729	2099
2729	2102
2730	2106
2729	2110
2730	2114
2732	2118
2729	2121
2730	2125
2730	2129
2730	2132
2730	2136
2731	2140
2732	2144
2730	2147
2729	2151
2728	2155
2728	2158
2728	2162
2725	2165
2725	2169
2733	2174
2734	2178
2736	2182
2736	2186
2736	2190
2735	2194
2736	2197
2736	2201
2737	2205
2737	2209
2737	2213
2737	2217
2737	2220
2737	2224
2736	2228
2738	2232
2739	2236
2739	2240
2740	2244
2740	2248
2740	2251
2742	2256
2743	2260
2742	2263
2742	2267
2741	2271
2742	2275
2740	2278
2741	2282
2743	2287
2745	2291
2746	2295
2746	2299
2746	2302
2747	2307
2751	2311
2750	2315
2749	2319
2750	2323
2750	2327
2750	2330
2751	2335
2751	2338
2752	2343
2752	2346
2753	2351
2753	2355
2754	2358
2752	2362
2752	2366
2753	2370
2754	2374
2755	2378
2754	2382
2754	2386
2754	2390
2755	2394
2754	2398
2754	2402
2756	2406
2756	2410
2755	2414
2756	2418
2754	2421
2754	2425
2753	2429
2754	2433
2756	2438
2756	2442
2755	2445
2755	2449
2756	2453
2755	2457
2755	2461
2756	2465
2753	2468
2754	2473
2755	2477
2755	2481
2754	2485
2756	2489
2758	2494
2759	2498
2758	2502
2758	2506
2758	2510
2758	2514
2758	2518
2757	2522
2756	2525
2755	2529
2756	2533
2759	2538
2759	2542
2759	2546
2759	2550
2759	2554
2758	2558
2758	2562
2760	2567
2761	2571
2761	2575
2761	2579
2759	2583
2762	2588
2762	2592
2761	2596
2760	2599
2759	2603
2760	2607
2761	2612
2762	2616
2762	2620
2761	2624
2760	2628
2761	2632
2761	2636
2760	2640
2759	2644
2764	2650
2763	2654
2760	2657
2761	2661
2760	2665
2761	2669
2762	2674
2763	2679
2763	2683
2762	2687
2763	2691
2762	2695
2763	2699
2762	2703
2762	2707
2765	2712
2765	2717
2765	2721
2764	2725
2764	2729
2762	2733
2763	2737
2762	2741
2763	2745
2763	2750
2763	2754
2762	2758
2765	2763
2765	2768
2766	2772
2765	2776
2766	2780
2766	2785
2767	2790
2767	2794
2766	2798
2767	2802
2766	2806
2766	2810
2766	2815
2766	2819
2767	2824
2766	2828
2766	2832
2766	2836
2770	2842
2770	2847
2772	2852
2771	2856
2770	2860
2771	2864
2770	2868
2770	2873
2770	2877
2770	2881
2769	2885
2769	2890
2768	2894
2767	2898
2768	2902
2768	2907
2767	2911
2766	2915
2768	2920
2769	2925
2770	2930
2771	2935
2770	2939
2768	2942
2767	2946
2767	2951
2767	2955
2768	2960
2768	2965
2769	2970
2769	2974
2770	2979
2771	2984
2772	2988
2771	2993
2771	2997
2771	3002
2771	3006
2772	3011
2773	3016
2772	3020
2772	3025
2772	3029
2772	3034
2773	3039
2772	3043
2772	3047
2772	3052
2771	3056
2771	3061
2771	3065
2771	3070
2771	3074
2770	3079
2770	3083
2770	3088
2770	3092
2770	3097
2769	3102
2771	3107
2771	3112
2771	3116
2772	3121
2773	3126
2772	3131
2767	3133
2749	3128
2720	3118
2696	3110
2693	3113
2690	3116
2687	3119
2685	3123
2684	3127
2698	3138
2769	3186
2771	3192
2771	3196
2770	3200
2770	3205
2769	3210
2769	3214
2769	3219
2769	3224
2768	3228
2768	3233
2769	3238
2768	3243
2769	3248
2768	3252
2768	3257
2767	3262
2767	3266
2767	3271
2765	3275
2765	3280
2765	3284
2763	3289
2763	3293
2764	3299
2762	3303
2762	3307
2761	3312
2762	3317
2762	3323
2761	3327
2757	3329
2755	3333
2756	3339
2756	3343
2754	3347
2752	3351
2752	3356
2751	3361
2750	3365
2749	3369
2748	3374
2749	3380
2748	3384
2748	3388
2747	3393
2746	3398
2747	3403
2746	3408
2746	3413
2744	3417
2744	3422
2743	3426
2743	3431
2742	3436
2741	3440
2741	3445
2741	3450
2740	3455
2740	3460
2739	3465
2738	3469
2738	3474
2737	3479
2736	3483
2734	3487
2734	3493
2733	3497
2732	3501
2730	3506
2731	3511
2730	3516
2730	3521
2729	3526
2728	3530
2728	3535
2726	3539
2725	3544
2724	3549
2724	3554
2723	3559
2722	3563
2721	3568
2721	3573
2720	3578
2720	3583
2719	3588
2720	3594
2719	3598
2718	3603
2717	3608
2717	3613
2716	3618
2715	3623
2714	3628
2714	3633
2713	3638
2712	3642
2711	3647
2710	3652
2709	3657
2709	3662
2710	3668
2710	3674
2709	3678
2708	3683
2706	3687
2704	3692
2703	3696
2702	3701
2701	3706
2700	3711
2700	3716
2699	3721
2698	3726
2696	3730
2695	3735
2694	3740
2694	3746
2693	3750
2692	3755
2691	3760
2690	3765
2689	3770
2687	3774
2685	3779
2684	3783
2683	3788
2682	3793
2680	3797
2679	3802
2680	3809
2678	3813
2676	3817
2675	3822
2674	3827
2675	3833
2674	3839
2673	3844
2671	3848
2669	3852
2667	3856
2665	3861
2664	3866
2663	3871
2662	3875
2663	3883
2662	3888
2661	3892
2659	3897
2658	3902
2657	3907
2656	3912
2654	3917
2653	3922
2653	3927
2651	3932
2651	3938
2649	3943
2648	3948
2648	3953
2649	3960
2648	3966
2647	3971
2647	3977
2646	3982
2644	3987
2644	3992
2642	3997
2640	4002
2638	4006
2637	4011
2635	4016
2634	4022
2634	4028
2633	4033
2635	4041
2621	4034
2591	4015
2582	4013
2579	4016
2578	4021
2587	4035
2572	4029
2568	4031
2624	4088
2621	4091
2616	4093
2615	4099
2614	4104
2613	4109
2611	4114
2609	4118
2607	4123
2605	4128
2603	4133
2602	4137
2600	4142
2598	4147
2596	4151
2595	4157
2594	4162
2592	4167
2590	4172
2588	4176
2586	4181
2586	4188
2585	4193
2583	4198
2581	4202
2578	4207
2576	4211
2574	4216
2573	4222
2570	4226
2569	4231
2567	4236
2565	4241
2564	4246
2562	4251
2562	4258
2561	4263
2559	4268
2556	4272
2554	4277
2552	4282
2550	4287
2548	4292
2546	4296
2545	4302
2543	4307
2541	4312
2539	4317
2537	4322
2536	4327
2537	4335
2536	4341
2535	4348
2535	4355
2534	4361
2531	4364
2528	4368
2527	4375
2527	4382
2505	4429
2503	4434
2500	4438
2497	4443
2495	4448
2493	4453
2491	4457
2488	4462
2486	4467
2484	4472
2481	4476
2478	4481
2477	4486
2474	4491
2472	4496
2470	4501
2467	4505
2464	4509
2462	4514
2460	4519
2457	4524
2455	4529
2452	4533
2450	4538
2447	4543
2445	4548
2443	4553
2441	4559
2439	4564
2437	4568
2434	4573
2431	4577
2429	4583
2427	4587
2424	4592
2422	4597
2420	4603
2417	4607
2415	4612
2412	4617
2409	4621
2406	4625
2403	4630
2401	4634
2398	4639
2394	4642
2391	4646
2388	4651
2385	4655
2382	4659
2378	4663
2375	4666
2371	4670
2368	4674
2365	4678
2362	4683
2359	4687
2356	4691
2353	4695
2349	4699
2346	4703
2343	4708
2340	4712
2337	4717
2335	4721
2331	4725
2328	4729
2324	4733
2320	4736
2317	4740
2314	4745
2311	4749
2307	4753
2304	4756
2301	4760
2297	4764
2294	4768
2290	4772
2287	4776
2283	4780
2280	4784
2277	4788
2273	4791
2269	4794
2265	4797
2261	4801
2259	4806
2256	4810
2253	4815
2249	4819
2246	4823
2242	4827
2239	4830
2235	4834
2232	4839
2229	4843
2226	4847
2223	4853
2220	4857
2217	4862
2214	4866
2211	4871
2209	4877
2205	4880
2202	4885
2198	4888
2195	4892
2191	4896
2188	4900
2183	4902
2179	4905
2174	4907
2170	4910
2166	4914
2162	4918
2158	4920
2156	4927
2153	4931
2150	4936
2146	4939
2142	4942
2138	4945
2134	4949
2130	4953
2126	4956
2122	4959
2117	4961
2113	4964
2109	4967
2105	4971
2100	4973
2096	4975
2091	4978
2087	4981
2084	4985
2081	4990
2076	4992
2070	4993
2066	4996
2063	5000
2060	5006
2057	5010
2054	5015
2051	5020
2047	5024
2045	5030
2040	5032
2035	5034
2032	5039
2029	5043
2025	5047
2020	5049
2017	5054
2014	5058
2009	5061
2005	5064
2000	5066
1996	5070
1993	5073
1988	5076
1984	5080
1980	5083
1975	5085
1970	5086
1963	5085
1957	5084
1951	5085
1946	5087
1941	5089
1938	5093
1934	5097
1930	5101
1927	5104
1922	5107
1918	5110
1913	5112
1908	5114
1903	5115
1897	5115
1891	5115
1887	5118
1883	5121
1878	5124
1874	5127
1870	5130
1865	5132
1861	5135
1856	5137
1851	5140
1847	5143
1843	5146
1838	5148
1834	5151
1830	5155
1827	5160
1823	5163
1819	5168
1816	5173
1813	5177
1809	5181
1805	5185
1801	5189
1798	5193
1793	5196
1789	5200
1786	5204
1782	5207
1777	5209
1772	5212
1768	5214
1764	5218
1758	5219
1754	5222
1751	5226
1746	5229
1741	5231
1737	5234
1733	5238
1729	5241
1723	5241
1718	5244
1714	5247
1710	5250
1707	5256
1702	5258
1697	5259
1692	5260
1687	5263
1683	5267
1678	5269
1672	5269
1668	5271
1663	5273
1658	5275
1652	5275
1646	5273
1640	5274
1635	5275
1631	5277
1626	5281
1622	5283
1617	5285
1612	5286
1607	5288
1602	5291
1598	5294
1594	5297
1589	5300
1584	5301
1579	5303
1575	5305
1570	5308
1566	5311
1560	5312
1555	5313
1551	5316
1547	5319
1542	5322
1537	5323
1532	5323
1526	5325
1522	5327
1517	5329
1511	5329
1506	5330
1501	5332
1497	5334
1492	5336
1487	5339
1483	5341
1478	5344
1474	5348
1470	5352
1465	5354
1459	5353
1455	5355
1450	5359
1445	5359
1438	5356
1433	5356
1428	5358
1423	5360
1419	5364
1414	5366
1410	5369
1406	5373
1401	5376
1398	5381
1394	5385
1389	5388
1385	5391
1379	5390
1373	5390
1368	5391
1363	5392
1357	5392
1353	5395
1348	5398
1344	5402
1340	5404
1336	5408
1331	5412
1328	5417
1323	5420
1318	5421
1314	5424
1309	5426
1303	5426
1298	5426
1293	5428
1288	5430
1283	5431
1278	5432
1273	5435
1268	5435
1263	5437
1258	5438
1252	5438
1248	5441
1243	5443
1238	5444
1232	5444
1227	5445
1221	5444
1215	5441
1208	5439
1203	5438
1198	5439
1193	5441
1188	5443
1184	5447
1179	5448
1174	5449
1168	5450
1164	5451
1159	5454
1154	5456
1150	5460
1145	5462
1140	5463
1135	5465
1130	5465
1125	5467
1120	5467
1115	5469
1110	5470
1105	5473
1101	5477
1096	5479
1091	5481
1086	5483
1081	5483
1076	5485
1071	5486
1066	5488
1061	5489
1056	5491
1051	5493
1047	5497
1042	5499
1037	5500
1032	5502
1028	5504
1023	5507
1018	5508
1013	5508
1007	5509
1002	5509
997	5512
992	5513
987	5513
982	5515
977	5517
972	5518
967	5518
962	5520
957	5522
952	5525
947	5525
941	5525
936	5523
930	5522
925	5524
920	5526
915	5527
910	5528
905	5531
901	5534
896	5536
891	5535
886	5537
881	5538
875	5538
870	5538
865	5540
860	5541
855	5542
849	5541
844	5540
839	5541
834	5543
829	5545
824	5545
819	5546
813	5547
809	5550
804	5551
798	5551
793	5552
788	5554
783	5555
778	5555
772	5551
767	5552
762	5553
757	5556
752	5559
748	5562
742	5563
737	5561
732	5561
727	5563
722	5565
717	5566
712	5568
707	5571
702	5574
698	5579
693	5581
688	5584
683	5585
678	5585
672	5584
667	5585
662	5586
657	5586
652	5587
647	5586
641	5585
636	5586
631	5589
624	5580
619	5582
614	5582
609	5582
604	5583
599	5585
594	5587
589	5589
584	5590
579	5591
573	5589
568	5588
563	5589
558	5592
553	5593
547	5591
542	5590
537	5591
532	5594
527	5596
522	5598
517	5598
512	5597
506	5597
501	5598
496	5599
491	5601
486	5601
481	5601
476	5600
471	5602
466	5604
460	5603
455	5603
450	5603
445	5603
439	5604
434	5603
429	5601
424	5602
419	5604
414	5605
408	5606
403	5605
398	5603
392	5603
387	5600
382	5599
376	5599
371	5597
366	5597
361	5599
356	5604
351	5607
346	5610
341	5607
336	5606
331	5606
325	5608
321	5611
315	5612
310	5611
305	5611
300	5610
295	5611
289	5611
284	5611
279	5611
274	5612
269	5612
264	5612
259	5613
253	5612
248	5612
243	5612
238	5611
233	5615
176	5025
172	5031
167	5031
163	5028
158	5026
154	5026
150	5027
145	5027
141	5023
136	5015
131	5004
126	5001
122	5000
117	5001
113	5004
109	5008
105	5010
101	5012
96	5015
92	5024
88	5027
84	5028
79	5027
75	5028
71	5032
66	5033
62	5027
57	5026
67	5602
62	5601
57	5601
52	5601
47	5600
41	5597
36	5597
31	5597
26	5597
21	5596
16	5595
11	5594
5	5593
0	5594
-5	5595
-10	5595
-15	5593
-20	5590
-25	5590
-30	5591
-36	5592
-41	5592
-46	5592
-51	5591
-56	5588
-61	5585
-66	5581
-71	5579
-76	5577
-82	5574
-87	5572
-92	5571
-97	5570
-102	5569
-107	5567
-112	5566
-117	5566
-122	5566
-127	5564
-132	5563
-137	5562
-142	5555
-147	5553
-152	5554
-158	5554
-163	5553
-168	5551
-173	5548
-177	5544
-182	5540
-187	5536
-192	5534
-197	5533
-202	5531
-207	5530
-212	5528
-217	5525
-222	5525
-227	5526
-232	5527
-238	5529
-243	5530
-248	5531
-253	5531
-258	5530
-263	5527
-268	5524
-273	5524
-278	5523
-283	5524
-288	5524
-293	5522
-298	5520
-303	5519
-308	5518
-312	5515
-317	5514
-322	5513
-327	5511
-332	5509
-337	5509
-342	5508
-347	5506
-352	5504
-357	5504
-362	5502
-367	5500
-372	5499
-377	5498
-381	5496
-386	5496
-392	5496
-397	5498
-402	5496
-407	5495
-411	5493
-416	5494
-422	5494
-427	5495
-432	5495
-436	5490
-441	5487
-446	5484
-451	5483
-456	5482
-460	5481
-465	5479
-470	5478
-475	5478
-480	5477
-485	5476
-490	5475
-495	5474
-500	5472
-505	5473
-510	5471
-515	5470
-520	5470
-525	5469
-529	5467
-534	5463
-539	5460
-543	5458
-548	5457
-553	5456
-558	5455
-563	5455
-568	5458
-573	5458
-578	5456
-583	5454
-588	5456
-593	5455
-598	5452
-603	5451
-608	5450
-613	5452
-618	5452
-623	5451
-628	5450
-633	5450
-637	5448
-642	5446
-647	5444
-652	5443
-657	5442
-662	5441
-667	5441
-672	5442
-677	5442
-682	5441
-687	5441
-692	5440
-697	5438
-701	5437
-706	5435
-711	5434
-715	5431
-721	5431
-726	5433
-731	5434
-736	5433
-741	5433
-746	5432
-751	5431
-756	5431
-761	5429
-765	5426
-770	5424
-775	5425
-781	5426
-786	5427
-791	5428
-796	5428
-801	5427
-805	5423
-810	5420
-815	5418
-819	5416
-824	5414
-829	5412
-833	5410
-838	5409
-843	5408
-848	5408
-853	5406
-857	5403
-862	5401
-867	5400
-872	5399
-876	5397
-881	5397
-886	5397
-891	5394
-896	5392
-900	5390
-905	5390
-910	5389
-915	5387
-920	5385
-924	5382
-929	5381
-934	5380
-938	5377
-942	5374
-947	5373
-953	5373
-957	5372
-962	5371
-967	5369
-972	5367
-976	5366
-981	5365
-986	5364
-991	5362
-995	5359
-1000	5359
-1005	5357
-1009	5354
-1014	5352
-1020	5354
-1025	5354
-1029	5353
-1034	5352
-1040	5352
-1045	5352
-1050	5351
-1055	5352
-1060	5351
-1065	5349
-1069	5348
-1074	5346
-1079	5344
-1083	5342
-1088	5341
-1093	5341
-1099	5342
-1104	5342
-1108	5337
-1112	5334
-1117	5334
-1122	5334
-1127	5334
-1132	5332
-1137	5332
-1142	5330
-1146	5326
-1151	5325
-1155	5323
-1160	5320
-1165	5319
-1170	5320
-1175	5318
-1178	5313
-1182	5309
-1188	5309
-1193	5310
-1198	5310
-1203	5309
-1208	5308
-1213	5307
-1218	5305
-1222	5303
-1227	5301
-1231	5299
-1237	5300
-1241	5296
-1244	5291
-1249	5289
-1253	5286
-1257	5283
-1262	5281
-1267	5280
-1272	5280
-1277	5280
-1283	5279
-1288	5279
-1292	5277
-1296	5274
-1301	5271
-1305	5269
-1310	5267
-1315	5266
-1320	5266
-1325	5265
-1329	5263
-1334	5261
-1339	5259
-1343	5255
-1347	5253
-1352	5252
-1357	5251
-1362	5249
-1366	5248
-1371	5246
-1377	5249
-1382	5247
-1386	5245
-1391	5244
-1396	5242
-1401	5240
-1405	5238
-1410	5236
-1414	5233
-1419	5231
-1424	5230
-1430	5232
-1436	5234
-1441	5233
-1445	5231
-1450	5230
-1455	5228
-1459	5226
-1464	5224
-1469	5223
-1473	5221
-1477	5218
-1483	5218
-1487	5216
-1493	5216
-1498	5216
-1503	5214
-1507	5212
-1512	5211
-1517	5210
-1522	5208
-1527	5208
-1532	5206
-1537	5204
-1542	5203
-1546	5201
-1551	5199
-1555	5197
-1560	5195
-1564	5192
-1569	5190
-1573	5188
-1577	5185
-1582	5183
-1584	5176
-1589	5173
-1593	5171
-1597	5168
-1601	5165
-1604	5160
-1608	5156
-1612	5152
-1616	5150
-1621	5148
-1625	5145
-1629	5142
-1633	5138
-1637	5134
-1641	5131
-1645	5129
-1649	5126
-1654	5124
-1658	5121
-1662	5118
-1667	5116
-1671	5113
-1675	5110
-1679	5108
-1684	5107
-1689	5105
-1693	5103
-1697	5100
-1702	5097
-1706	5094
-1710	5093
-1715	5091
-1720	5090
-1724	5087
-1728	5084
-1733	5083
-1738	5082
-1743	5080
-1747	5078
-1752	5076
-1757	5075
-1762	5073
-1767	5072
-1771	5070
-1775	5067
-1780	5065
-1785	5064
-1789	5061
-1793	5058
-1796	5054
-1800	5050
-1805	5048
-1809	5047
-1814	5044
-1818	5042
-1823	5040
-1827	5038
-1832	5036
-1836	5034
-1840	5030
-1844	5026
-1848	5024
-1851	5020
-1855	5017
-1860	5015
-1864	5012
-1868	5010
-1873	5007
-1876	5003
-1880	5000
-1883	4996
-1886	4991
-1890	4988
-1894	4985
-1899	4984
-1904	4982
-1908	4979
-1912	4976
-1917	4974
-1920	4970
-1924	4967
-1929	4966
-1934	4964
-1937	4960
-1941	4957
-1945	4953
-1949	4951
-1953	4948
-1958	4947
-1962	4944
-1966	4941
-1970	4938
-1974	4935
-1977	4931
-1981	4927
-1985	4924
-1989	4922
-1994	4921
-1998	4918
-2003	4916
-2006	4912
-2010	4908
-2014	4906
-2018	4903
-2022	4899
-2026	4897
-2030	4894
-2034	4891
-2038	4888
-2041	4884
-2044	4880
-2048	4876
-2052	4874
-2056	4871
-2060	4868
-2065	4867
-2070	4866
-2076	4865
-2081	4864
-2084	4859
-2089	4858
-2093	4855
-2096	4851
-2101	4849
-2105	4846
-2108	4843
-2113	4841
-2118	4839
-2122	4837
-2127	4835
-2130	4831
-2134	4828
-2139	4826
-2143	4823
-2148	4822
-2151	4818
-2154	4814
-2158	4811
-2162	4807
-2166	4805
-2171	4803
-2175	4801
-2179	4797
-2182	4793
-2186	4791
-2190	4787
-2193	4783
-2197	4781
-2201	4777
-2205	4774
-2208	4771
-2212	4768
-2216	4765
-2220	4761
-2223	4758
-2227	4754
-2231	4751
-2235	4748
-2239	4745
-2243	4743
-2247	4740
-2251	4737
-2254	4732
-2257	4728
-2261	4725
-2264	4722
-2268	4719
-2272	4716
-2276	4713
-2281	4711
-2285	4708
-2288	4705
-2292	4701
-2296	4699
-2300	4695
-2304	4692
-2307	4689
-2311	4686
-2316	4684
-2320	4681
-2324	4678
-2328	4675
-2331	4671
-2334	4668
-2339	4666
-2343	4663
-2347	4660
-2351	4657
-2353	4652
-2355	4647
-2359	4643
-2363	4641
-2367	4638
-2370	4634
-2373	4630
-2377	4627
-2381	4624
-2385	4621
-2389	4618
-2393	4615
-2396	4612
-2400	4609
-2404	4606
-2409	4603
-2412	4600
-2416	4597
-2420	4594
-2424	4591
-2428	4588
-2430	4583
-2433	4579
-2436	4575
-2440	4572
-2443	4568
-2445	4563
-2448	4559
-2452	4556
-2455	4552
-2459	4549
-2463	4547
-2468	4544
-2472	4541
-2475	4537
-2478	4534
-2481	4530
-2484	4525
-2487	4521
-2489	4517
-2493	4513
-2497	4510
-2501	4507
-2504	4504
-2508	4501
-2511	4497
-2513	4492
-2516	4488
-2521	4486
-2526	4485
-2529	4480
-2532	4476
-2535	4472
-2538	4468
-2541	4465
-2545	4461
-2549	4458
-2553	4456
-2556	4452
-2559	4448
-2562	4444
-2565	4440
-2569	4437
-2572	4433
-2575	4430
-2580	4427
-2583	4423
-2586	4420
-2590	4417
-2594	4414
-2597	4410
-2601	4407
-2604	4403
-2608	4401
-2612	4397
-2615	4393
-2617	4388
-2620	4384
-2623	4380
-2625	4375
-2627	4371
-2630	4367
-2633	4362
-2635	4358
-2638	4354
-2639	4348
-2642	4344
-2644	4340
-2648	4336
-2651	4332
-2653	4327
-2654	4322
-2657	4318
-2658	4312
-2660	4307
-2662	4303
-2666	4300
-2668	4294
-2670	4290
-2673	4286
-2674	4281
-2676	4276
-2679	4272
-2681	4267
-2684	4263
-2686	4259
-2688	4254
-2692	4250
-2695	4247
-2696	4241
-2696	4234
-2700	4232
-2702	4227
-2704	4222
-2706	4217
-2709	4214
-2712	4210
-2716	4207
-2718	4202
-2719	4196
-2720	4191
-2720	4184
-2720	4178
-2722	4173
-2726	4170
-2726	4164
-2728	4159
-2729	4154
-2731	4149
-2734	4145
-2735	4140
-2737	4135
-2735	4127
-2734	4119
-2735	4114
-2740	4112
-2744	4110
-2746	4105
-2743	4096
-2741	4088
-2744	4084
-2750	4083
-2752	4078
-2754	4074
-2754	4067
-2753	4061
-2754	4055
-2758	4052
-2761	4049
-2763	4044
-2765	4040
-2765	4033
-2764	4026
-2765	4021
-2769	4018
-2771	4014
-2780	4016
-2772	4002
-2776	3999
-2780	3997
-2782	3992
-2783	3988
-2784	3982
-2786	3977
-2788	3973
-2789	3968
-2789	3962
-2789	3956
-2790	3950
-2791	3945
-2796	3944
-2800	3941
-2802	3937
-2803	3931
-2803	3925
-2803	3920
-2806	3915
-2808	3911
-2809	3906
-2811	3902
-2816	3900
-2817	3895
-2816	3888
-2820	3886
-2821	3880
-2820	3873
-2820	3867
-2820	3862
-2823	3858
-2827	3856
-2829	3851
-2832	3847
-2831	3841
-2833	3836
-2835	3833
-2838	3829
-2839	3824
-2841	3819
-2843	3816
-2845	3812
-2843	3804
-2842	3798
-2843	3793
-2842	3786
-2841	3779
-2845	3777
-2845	3771
-2842	3763
-2841	3757
-2843	3752
-2844	3747
-2845	3743
-2846	3738
-2846	3732
-2847	3727
-2845	3720
-2844	3714
-2846	3710
-2849	3706
-2852	3703
-2853	3698
-2854	3694
-2855	3689
-2855	3683
-2856	3678
-2858	3674
-2861	3671
-2864	3667
-2865	3662
-2865	3657
-2863	3650
-2865	3646
-2865	3641
-2866	3636
-2867	3631
-2869	3627
-2872	3624
-2873	3619
-2873	3613
-2873	3608
-2874	3603
-2875	3598
-2876	3594
-2877	3589
-2879	3585
-2881	3581
-2882	3577
-2883	3572
-2883	3566
-2882	3560
-2882	3555
-2885	3552
-2887	3548
-2887	3542
-2889	3538
-2890	3534
-2891	3529
-2892	3525
-2893	3520
-2895	3516
-2893	3509
-2894	3505
-2895	3500
-2896	3496
-2896	3490
-2898	3486
-2901	3483
-2904	3480
-2904	3475
-2906	3471
-2905	3465
-2908	3461
-2908	3456
-2908	3451
-2912	3449
-2908	3441
-2908	3436
-2909	3431
-2910	3427
-2910	3422
-2911	3417
-2913	3413
-2915	3409
-2912	3403
-2913	3398
-2915	3394
-2917	3390
-2919	3386
-2918	3381
-2916	3374
-2915	3369
-2916	3364
-2915	3359
-2917	3354
-2915	3349
-2915	3343
-2914	3338
-2914	3333
-2914	3328
-2913	3322
-2915	3319
-2917	3315
-2917	3310
-2917	3305
-2917	3300
-2912	3292
-2912	3287
-2914	3283
-2915	3279
-2917	3275
-2917	3271
-2918	3266
-2919	3262
-2918	3256
-2919	3252
-2918	3247
-2918	3242
-2919	3238
-2921	3234
-2922	3229
-2918	3223
-2920	3218
-2919	3213
-2917	3207
-2918	3203
-2921	3200
-2922	3195
-2923	3191
-2923	3186
-2923	3182
-2924	3178
-2923	3172
-2921	3166
-2922	3162
-2924	3158
-2921	3152
-2922	3148
-2922	3143
-2921	3138
-2920	3133
-2919	3128
-2922	3124
-2923	3120
-2921	3114
-2921	3110
-2923	3106
-2924	3102
-2924	3098
-2926	3094
-2926	3089
-2924	3083
-2924	3079
-2923	3074
-2925	3070
-2925	3065
-2924	3060
-2924	3055
-2924	3051
-2923	3046
-2921	3040
-2921	3036
-2923	3032
-2925	3028
-2925	3024
-2925	3019
-2924	3014
-2929	3012
-2922	3004
-2921	2999
-2922	2995
-2920	2990
-2919	2985
-2919	2980
-2919	2976
-2921	2972
-2921	2967
-2919	2962
-2918	2957
-2917	2953
-2918	2948
-2915	2943
-2914	2938
-2914	2933
-2916	2929
-2915	2925
-2915	2920
-2917	2917
-2917	2912
-2915	2907
-2917	2903
-2918	2899
-2917	2894
-2916	2890
-2917	2886
-2916	2881
-2912	2875
-2911	2870
-2911	2866
-2911	2861
-2912	2857
-2911	2853
-2909	2847
-2910	2843
-2911	2839
-2911	2835
-2909	2830
-2907	2825
-2908	2821
-2910	2817
-2908	2812
-2907	2807
-2910	2804
-2906	2799
-2903	2793
-2901	2788
-2900	2783
-2901	2779
-2901	2775
-2902	2771
-2901	2767
-2900	2762
-2898	2757
-2896	2752
-2896	2748
-2896	2743
-2895	2739
-2894	2734
-2894	2730
-2892	2725
-2892	2721
-2892	2717
-2892	2712
-2891	2708
-2890	2704
-2889	2699
-2889	2695
-2890	2691
-2889	2686
-2887	2681
-2885	2677
-2886	2673
-2886	2669
-2884	2664
-2884	2660
-2883	2655
-2883	2651
-2880	2646
-2877	2641
-2878	2637
-2877	2633
-2878	2629
-2881	2625
-2881	2621
-2880	2617
-2879	2613
-2879	2608
-2875	2603
-2876	2600
-2877	2596
-2877	2592
-2874	2587
-2872	2582
-2870	2577
-2870	2573
-2870	2569
-2871	2565
-2870	2561
-2868	2556
-2867	2552
-2868	2548
-2866	2544
-2868	2540
-2867	2536
-2867	2532
-2867	2528
-2865	2523
-2863	2519
-2862	2514
-2863	2511
-2861	2506
-2860	2502
-2857	2497
-2857	2493
-2860	2490
-2859	2486
-2858	2481
-2854	2476
-2854	2472
-2854	2468
-2850	2463
-2860	2462
-2850	2455
-2852	2452
-2851	2448
-2850	2444
-2851	2440
-2852	2436
-2854	2433
-2854	2429
-2851	2424
-2851	2420
-2851	2417
-2848	2412
-2847	2408
-2847	2404
-2849	2400
-2849	2396
-2848	2392
-2847	2388
-2844	2384
-2844	2380
-2842	2375
-2843	2372
-2845	2368
-2845	2364
-2843	2360
-2836	2354
-2839	2351
-2840	2348
-2837	2343
-2835	2339
-2834	2335
-2834	2331
-2833	2327
-2834	2323
-2833	2319
-2831	2315
-2830	2311
-2830	2307
-2826	2303
-2825	2298
-2826	2295
-2824	2291
-2823	2287
-2822	2283
-2822	2279
-2823	2275
-2824	2272
-2820	2267
-2816	2262
-2815	2259
-2818	2255
-2818	2252
-2816	2247
-2815	2243
-2815	2240
-2817	2236
-2816	2232
-2815	2228
-2815	2225
-2815	2221
-2814	2217
-2812	2213
-2810	2209
-2807	2204
-2806	2200
-2807	2197
-2808	2193
-2805	2189
-2802	2185
-2802	2181
-2799	2177
-2798	2173
-2800	2170
-2801	2166
-2798	2162
-2796	2158
-2800	2155
-2800	2151
-2798	2147
-2794	2143
-2791	2139
-2792	2135
-2792	2132
-2790	2127
-2787	2123
-2783	2119
-2787	2116
-2784	2112
-2783	2108
-2784	2104
-2783	2101
-2783	2097
-2783	2093
-2783	2090
-2782	2086
-2782	2082
-2781	2079
-2781	2075
-2780	2071
-2781	2068
-2780	2064
-2780	2060
-2780	2057
-2779	2053
-2778	2049
-2778	2045
-2775	2042
-2775	2038
-2771	2034
-2771	2030
-2772	2027
-2774	2023
-2771	2019
-2770	2015
-2768	2012
-2768	2008
-2768	2004
-2768	2001
-2769	1997
-2768	1994
-2767	1990
-2765	1986
-2765	1983
-2763	1979
-2761	1975
-2762	1971
-2762	1968
-2761	1964
-2760	1961
-2760	1957
-2757	1953
-2755	1949
-2756	1946
-2757	1942
-2756	1939
-2753	1935
-2753	1931
-2751	1928
-2750	1924
-2752	1921
-2752	1917
-2750	1913
-2750	1910
-2749	1906
-2749	1903
-2746	1899
-2746	1895
-2745	1892
-2743	1888
-2744	1885
-2745	1881
-2744	1877
-2744	1874
-2742	1870
-2741	1867
-2741	1863
-2741	1860
-2740	1856
-2739	1852
-2738	1849
-2734	1845
-2735	1842
-2736	1838
-2733	1834
-2733	1831
-2731	1827
-2731	1824
-2732	1820
-2730	1817
-2729	1813
-2728	1810
-2726	1806
-2725	1803
-2726	1799
-2725	1796
-2722	1792
-2719	1788
-2721	1785
-2720	1781
-2718	1778
-2718	1774
-2714	1771
-2713	1767
-2712	1764
-2710	1760
-2710	1757
-2710	1753
-2710	1750
-2710	1746
-2710	1743
-2711	1739
-2708	1736
-2706	1732
-2705	1729
-2705	1725
-2704	1722
-2704	1718
-2702	1715
-2701	1711
-2701	1708
-2700	1705
-2700	1701
-2698	1698
-2696	1694
-2696	1691
-2696	1687
-2692	1684
-2693	1680
-2690	1677
-2689	1673
-2690	1670
-2690	1667
-2689	1663
-2688	1660
-2689	1656
-2689	1653
-2688	1649
-2686	1646
-2684	1643
-2682	1639
-2683	1636
-2683	1632
-2680	1629
-2679	1625
-2679	1622
-2677	1619
-2676	1615
-2677	1612
-2675	1608
-2673	1605
-2673	1602
-2674	1598
-2674	1595
-2674	1591
-2672	1588
-2671	1585
-2665	1581
-2665	1578
-2665	1575
-2665	1571
-2663	1568
-2661	1565
-2660	1561
-2660	1558
-2661	1554
-2661	1551
-2660	1547
-2659	1544
-2658	1541
-2655	1537
-2653	1534
-2654	1531
-2654	1527
-2652	1524
-2652	1521
-2652	1517
-2650	1514
-2647	1511
-2645	1507
-2645	1504
-2645	1501
-2645	1497
-2642	1494
-2642	1491
-2641	1487
-2641	1484
-2640	1481
-2640	1477
-2639	1474
-2637	1471
-2635	1467
-2634	1464
-2634	1461
-2633	1457
-2635	1454
-2638	1450
-2637	1447
-2633	1444
-2629	1441
-2627	1438
-2627	1434
-2626	1431
-2625	1428
-2624	1424
-2622	1421
-2622	1418
-2621	1414
-2621	1411
-2620	1408
-2618	1405
-2618	1401
-2617	1398
-2617	1395
-2617	1391
-2614	1388
-2613	1385
-2614	1381
-2613	1378
-2612	1375
-2611	1372
-2612	1368
-2612	1365
-2610	1361
-2607	1359
-2606	1355
-2606	1352
-2607	1348
-2607	1345
-2606	1342
-2603	1339
-2603	1335
-2601	1332
-2601	1329
-2601	1325
-2600	1322
-2598	1319
-2598	1316
-2595	1313
-2595	1309
-2594	1306
-2592	1303
-2593	1299
-2591	1296
-2590	1293
-2588	1290
-2588	1287
-2587	1283
-2586	1280
-2584	1277
-2583	1274
-2583	1270
-2581	1267
-2581	1264
-2581	1261
-2580	1257
-2580	1254
-2579	1251
-2577	1248
-2577	1244
-2577	1241
-2576	1238
-2575	1235
-2572	1232
-2571	1228
-2570	1225
-2569	1222
-2568	1219
-2566	1216
-2566	1212
-2566	1209
-2565	1206
-2565	1202
-2564	1199
-2564	1196
-2561	1193
-2559	1190
-2558	1187
-2556	1184
-2555	1180
-2556	1177
-2555	1174
-2553	1171
-2552	1168
-2549	1165
-2548	1161
-2547	1158
-2545	1155
-2544	1152
-2544	1149
-2543	1146
-2543	1142
-2543	1139
-2541	1136
-2538	1133
-2538	1130
-2538	1126
-2536	1123
-2533	1121
-2532	1118
-2531	1114
-2530	1111
-2529	1108
-2529	1105
-2528	1101
-2526	1098
-2525	1095
-2525	1092
-2524	1089
-2522	1086
-2520	1083
-2521	1079
-2519	1076
-2517	1073
-2515	1070
-2515	1067
-2515	1064
-2513	1061
-2511	1058
-2512	1054
-2513	1050
-2512	1047
-2511	1044
-2509	1041
-2508	1038
-2507	1035
-2505	1032
-2504	1029
-2503	1026
-2502	1022
-2501	1019
-2500	1016
-2499	1013
-2498	1010
-2496	1007
-2496	1004
-2495	1000
-2495	997
-2494	994
-2494	990
-2492	987
-2490	984
-2489	981
-2487	978
-2486	975
-2484	973
-2483	969
-2482	966
-2482	963
-2483	959
-2481	956
-2478	954
-2477	950
-2476	947
-2474	944
-2472	941
-2472	938
-2472	935
-2471	931
-2470	928
-2469	925
-2468	922
-2467	919
-2466	916
-2465	912
-2463	910
-2463	906
-2463	903
-2461	900
-2459	897
-2459	894
-2457	891
-2455	888
-2453	885
-2453	882
-2452	879
-2451	875
-2450	872
-2450	869
-2449	866
-2449	862
-2448	859
-2446	856
-2443	854
-2442	850
-2442	847
-2440	844
-2439	841
-2438	838
-2437	835
-2435	832
-2434	829
-2433	826
-2432	823
-2430	820
-2428	817
-2427	814
-2427	810
-2425	808
-2424	804
-2423	801
-2421	799
-2419	796
-2418	792
-2417	789
-2417	786
-2416	783
-2414	780
-2413	777
-2412	774
-2411	771
-2408	768
-2407	765
-2406	762
-2406	758
-2405	755
-2404	752
-2402	749
-2401	746
-2400	743
-2399	740
-2398	737
-2396	734
-2395	731
-2395	727
-2394	724
-2392	721
-2391	718
-2389	715
-2387	713
-2385	710
-2384	707
-2383	704
-2382	700
-2382	697
-2380	694
-2378	691
-2377	688
-2377	685
-2376	681
-2375	678
-2374	675
-2372	672
-2371	669
-2369	666
-2367	664
-2365	661
-2365	657
-2364	654
-2363	651
-2362	648
-2360	645
-2361	641
-2360	638
-2360	634
-2359	631
-2357	628
-2356	625
-2354	623
-2352	620
-2351	617
-2349	614
-2349	610
-2347	607
-2347	604
-2347	600
-2348	596
-2345	593
-2343	591
-2342	588
-2340	585
-2342	581
-2340	578
-2338	575
-2336	572
-2336	569
-2334	566
-2333	563
-2331	560
-2331	556
-2330	553
-2329	550
-2327	547
-2328	543
-2326	540
-2325	537
-2323	534
-2322	531
-2320	528
-2318	525
-2317	522
-2316	519
-2314	516
-2312	514
-2313	510
-2311	507
-2310	504
-2309	500
-2307	497
-2306	494
-2306	491
-2305	487
-2304	484
-2300	483
-2297	480
-2296	477
-2297	473
-2297	469
-2295	466
-2294	463
-2292	460
-2291	457
-2290	454
-2289	451
-2287	448
-2286	445
-2284	442
-2282	439
-2281	436
-2284	431
-2277	431
-2278	426
-2279	422
-2279	418
-2276	416
-2275	412
-2274	409
-2272	406
-2270	404
-2269	401
-2267	398
-2266	394
-2265	391
-2264	388
-2262	385
-2259	383
-2258	380
-2258	376
-2259	372
-2258	368
-2256	365
-2254	363
-2253	359
-2253	356
-2249	354
-2247	352
-2247	347
-2246	344
-2246	340
-2245	337
-2241	335
-2242	331
-2241	327
-2241	323
-2237	322
-2235	319
-2233	316
-2234	312
-2232	309
-2230	306
-2229	303
-2229	299
-2227	296
-2227	292
-2227	288
-2225	286
-2223	283
-2221	280
-2220	277
-2219	274
-2217	271
-2216	267
-2216	264
-2214	261
-2211	258
-2211	255
-2210	251
-2208	248
-2207	245
-2208	241
-2206	238
-2204	235
-2203	232
-2203	228
-2201	224
-2201	220
-2199	218
-2196	216
-2194	213
-2191	211
-2190	207
-2190	204
-2192	198
-2189	196
-2188	192
-2187	189
-2186	186
-2185	182
-2182	180
-2179	178
-2177	175
-2177	171
-2175	168
-2173	165
-2171	162
-2171	158
-2170	155
-2168	152
-2167	149
-2162	148
-2160	145
-2157	143
-2156	140
-2157	134
-2159	129
-2157	127
-2155	123
-2157	118
-2157	114
-2153	112
-2150	111
-2147	108
-2145	105
-2146	101
-2141	100
-2138	98
-2136	95
-2134	92
-2131	90
-2129	88
-2124	87
-2120	86
-2116	85
-2114	82
-2112	79
-2107	78
-2105	76
-2099	76
-2097	73
-2094	71
-2091	70
-2087	69
-2082	68
-2078	67
-2075	65
-2074	62
-2074	57
-2071	55
-2069	53
-2069	48
-2068	44
-2066	42
-2065	38
-2064	35
-2063	31
-2062	28
-2060	25
-2063	18
-2060	16
-2059	12
-2058	9
-2056	6
-2053	4
-2050	2
-2049	-1
-2047	-5
-2049	-10
-2048	-14
-2046	-17
-2045	-20
-2045	-25
-2043	-28
-2042	-31
-2040	-35
-2040	-39
-2038	-42
-2036	-45
-2033	-47
-2032	-50
-2031	-54
-2031	-59
-2030	-62
-2028	-65
-2027	-68
-2025	-72
-2023	-75
-2021	-77
-2019	-80
-2019	-84
-2019	-89
-2017	-92
-2015	-95
-2013	-98
-2011	-101
-2008	-103
-2007	-106
-2005	-110
-2002	-112
-1993	-108
-1986	-106
-1981	-106
-1975	-105
-1969	-104
-1968	-108
-1967	-111
-1966	-115
-1963	-117
-1961	-120
-1960	-123
-1958	-127
-1955	-129
-1951	-130
-1947	-131
-1945	-134
-1946	-139
-1949	-146
-1938	-141
-1914	-122
-1909	-122
-1905	-123
-1903	-126
-1901	-129
-1897	-129
-1892	-129
-1887	-129
-1886	-132
-1885	-136
-1884	-140
-1878	-139
-1863	-129
-1860	-130
-1859	-134
-1856	-136
-1854	-139
-1853	-142
-1852	-146
-1849	-148
-1846	-149
-1842	-150
-1837	-150
-1836	-154
-1833	-155
-1829	-157
-1821	-153
-1816	-152
-1797	-137
-1787	-132
-1777	-126
-1772	-125
-1768	-125
-1765	-127
-1762	-128
-1760	-131
-1758	-134
-1757	-137
-1754	-140
-1751	-140
-1747	-142
-1745	-144
-1745	-149
-1746	-155
-1743	-156
-1740	-157
-1735	-157
-1728	-154
-1724	-154
-1721	-156
-1719	-159
-1716	-161
-1714	-163
-1711	-164
-1703	-160
-1696	-157
-1692	-158
-1688	-158
-1688	-162
-1688	-167
-1684	-168
-1674	-161
-1669	-161
-1667	-163
-1656	-155
-1646	-149
-1637	-144
-1634	-144
-1632	-147
-1630	-149
-1627	-151
-1626	-155
-1624	-158
-1623	-161
-1619	-162
-1608	-153
-1600	-149
-1597	-150
-1594	-151
-1590	-151
-1586	-152
-1585	-154
-1583	-157
-1579	-158
-1575	-158
-1569	-155
-1564	-153
-1559	-153
-1557	-155
-1556	-159
-1552	-159
-1547	-158
-1536	-149
-1526	-141
-1536	-158
-1536	-163
-1536	-168
-1532	-168
-1524	-164
-1519	-162
-1515	-162
-1506	-155
-1500	-153
-1496	-153
-1491	-151
-1487	-152
-1486	-155
-1485	-159
-1481	-159
-1478	-160
-1474	-159
-1471	-160
-1471	-165
-1466	-164
-1462	-164
-1454	-158
-1449	-157
-1447	-159
-1445	-160
-1441	-161
-1437	-161
-1430	-156
-1427	-157
-1424	-158
-1421	-158
-1416	-158
-1414	-160
-1411	-161
-1409	-162
-1407	-165
-1406	-168
-1404	-172
-1403	-175
-1402	-179
-1398	-179
-1397	-183
-1386	-171
-1382	-172
-1375	-166
-1373	-169
-1372	-173
-1370	-175
-1368	-177
-1365	-179
-1363	-180
-1350	-167
-1347	-167
-1346	-172
-1348	-180
-1348	-186
-1343	-183
-1336	-177
-1326	-168
-1323	-170
-1321	-172
-1318	-173
-1315	-173
-1311	-172
-1307	-172
-1305	-174
-1299	-171
-1297	-173
-1294	-174
-1291	-174
-1287	-174
-1284	-174
-1281	-175
-1277	-174
-1274	-175
-1270	-173
-1265	-172
-1261	-172
-1258	-172
-1256	-174
-1252	-173
-1248	-172
-1245	-173
-1243	-175
-1240	-175
-1236	-175
-1233	-175
-1230	-176
-1225	-173
-1221	-172
-1219	-174
-1216	-175
-1212	-174
-1209	-174
-1206	-175
-1203	-176
-1200	-177
-1197	-177
-1194	-177
-1190	-176
-1186	-175
-1182	-175
-1178	-174
-1175	-175
-1173	-175
-1169	-175
-1165	-174
-1162	-174
-1159	-175
-1156	-175
-1153	-175
-1149	-174
-1145	-174
-1143	-175
-1140	-176
-1136	-175
-1132	-173
-1130	-175
-1126	-174
-1123	-174
-1120	-175
-1118	-176
-1114	-175
-1111	-175
-1108	-176
-1105	-176
-1102	-177
-1099	-177
-1095	-176
-1092	-176
-1088	-175
-1085	-175
-1082	-175
-1079	-176
-1076	-176
-1073	-177
-1069	-174
-1066	-175
-1063	-174
-1060	-175
-1058	-177
-1055	-177
-1052	-177
-1048	-176
-1044	-175
-1042	-177
-1038	-176
-1034	-174
-1031	-174
-1029	-175
-1026	-175
-1022	-174
-1019	-175
-1016	-174
-1013	-174
-1010	-175
-1008	-177
-1006	-178
-1003	-179
-1000	-178
-996	-177
-993	-177
-990	-178
-987	-178
-984	-177
-982	-180
-980	-182
-977	-182
-974	-183
-973	-187
-971	-189
-968	-188
-937	-130
-933	-128
-929	-125
-926	-125
-924	-128
-922	-129
-920	-130
-918	-133
-917	-138
-917	-144
-917	-150
-915	-151
-912	-153
-910	-154
-905	-149
-899	-141
-893	-135
-889	-134
-887	-135
-885	-137
-883	-140
-883	-144
-883	-151
-884	-161
-881	-161
-877	-159
-884	-181
-867	-149
-863	-145
-860	-145
-858	-147
-855	-147
-852	-146
-849	-146
-776	-0
-774	-2
-770	1
-767	1
-764	2
-762	1
-759	2
-757	2
-754	1
-751	2
-749	2
-747	-0
-745	-0
-742	-0
-739	0
-737	0
-734	1
-732	0
-729	1
-726	1
-724	0
-722	-1
-720	-2
-718	-4
-717	-8
-717	-14
-717	-22
-744	-126
-742	-136
-741	-139
-739	-141
-737	-143
-734	-143
-731	-143
-729	-144
-727	-145
-724	-146
-722	-148
-720	-149
-717	-149
-715	-150
-712	-150
-710	-151
-708	-152
-705	-152
-703	-154
-700	-155
-696	-150
-691	-144
-688	-143
-686	-144
-683	-144
-681	-144
-678	-145
-676	-147
-675	-152
-676	-161
-672	-158
-669	-157
-666	-158
-665	-162
-664	-168
-663	-172
-658	-166
-652	-153
-649	-152
-646	-151
-643	-151
-640	-149
-637	-149
-635	-150
-633	-152
-631	-154
-630	-159
-628	-164
-627	-166
-624	-165
-621	-164
-618	-164
-614	-160
-609	-153
-606	-149
-603	-149
-600	-149
-598	-150
-596	-151
-594	-155
-595	-165
-593	-168
-591	-170
-588	-168
-585	-166
-581	-164
-578	-161
-575	-159
-572	-160
-570	-159
-567	-159
-564	-159
-562	-160
-560	-161
-558	-164
-557	-169
-555	-173
-553	-176
-551	-177
-549	-178
-547	-180
-545	-182
-542	-184
-540	-183
-537	-184
-535	-185
-533	-186
-530	-188
-528	-188
-525	-188
-522	-187
-520	-187
-517	-187
-515	-189
-512	-188
-510	-188
-507	-187
-504	-185
-501	-186
-499	-186
-496	-187
-494	-187
-491	-186
-489	-187
-486	-188
-483	-186
-481	-186
-478	-186
-476	-186
-474	-188
-471	-188
-468	-186
-465	-185
-463	-186
-461	-189
-458	-186
-455	-183
-452	-183
-450	-185
-448	-187
-445	-188
-443	-187
-440	-188
-438	-188
-435	-188
-433	-189
-430	-189
-428	-188
-425	-188
-422	-187
-420	-188
-417	-187
-415	-188
-413	-190
-411	-192
-407	-185
-404	-185
-402	-186
-399	-187
-397	-189
-395	-188
-392	-189
-390	-188
-387	-188
-385	-188
-382	-189
-380	-189
-377	-188
-374	-187
-372	-186
-369	-188
-367	-190
-365	-190
-362	-190
-360	-190
-357	-189
-354	-187
-352	-188
-349	-188
-347	-187
-344	-187
-342	-186
-339	-186
-337	-188
-335	-189
-332	-189
-329	-185
-326	-184
-324	-186
-322	-187
-319	-188
-317	-189
-314	-188
-312	-188
-309	-188
-307	-188
-304	-188
-302	-189
-299	-188
-297	-186
-294	-187
-292	-187
-289	-188
-287	-188
-285	-189
-282	-188
-279	-187
-277	-187
-275	-188
-272	-187
-270	-188
-267	-187
-265	-187
-262	-186
-259	-185
-257	-184
-254	-184
-252	-187
-249	-185
-247	-184
-244	-184
-242	-186
-240	-189
-237	-188
-235	-187
-232	-187
-230	-187
-227	-186
-225	-185
-222	-186
-220	-186
-218	-188
-215	-187
-213	-187
-210	-187
-208	-187
-205	-188
-203	-186
-200	-184
-198	-183
-195	-183
-193	-185
-190	-185
-188	-185
-186	-186
-183	-186
-181	-185
-178	-185
-176	-184
-173	-184
-171	-185
-168	-185
-166	-185
-163	-185
-161	-187
-159	-186
-156	-186
-154	-186
-151	-186
-149	-186
-146	-185
-144	-185
-141	-187
-139	-186
-137	-186
-134	-186
-132	-186
-129	-185
-127	-186
-124	-186
-122	-185
-119	-185
-117	-185
-114	-186
-112	-186
-110	-187
-107	-186
-105	-186
-102	-185
-100	-184
-97	-183
-95	-183
-92	-184
-90	-184
-88	-183
-85	-183
-83	-183
-80	-183
-78	-184
-75	-184
-70	-178
-68	-173
-66	-172
-63	-172
-61	-175
-58	-179
-56	-184
-53	-184
-51	-184
-48	-184
-46	-186
-44	-186
-41	-185
-39	-184
-36	-184
-34	-185
-31	-184
-29	-184
-26	-185
-24	-185
-22	-184
-19	-184
-17	-184
-14	-184
-12	-184
-9	-184
-7	-184
-5	-184
-2	-184
0	-184
3	-184
5	-183
8	-184
10	-184
13	-184
15	-184
18	-185
20	-185
22	-185
25	-184
27	-184
30	-184
32	-184
35	-185
37	-184
39	-184
42	-184
44	-185
47	-185
49	-185
52	-185
54	-184
57	-185
59	-185
62	-185
64	-185
67	-185
69	-185
72	-186
74	-188
76	-185
79	-183
81	-184
84	-186
86	-185
89	-184
91	-184
93	-184
96	-185
99	-186
101	-185
103	-185
106	-185
108	-185
111	-186
113	-183
116	-183
118	-184
121	-186
123	-185
126	-185
128	-185
130	-185
133	-185
135	-185
138	-185
140	-186
143	-186
145	-186
148	-187
150	-187
153	-186
155	-187
158	-187
160	-186
163	-186
165	-186
168	-187
170	-187
173	-187
175	-187
178	-186
180	-186
183	-187
185	-188
188	-189
190	-187
193	-185
195	-186
198	-187
200	-186
203	-187
205	-187
208	-186
210	-185
212	-185
215	-184
217	-185
220	-188
223	-187
225	-187
228	-186
230	-187
233	-188
235	-186
238	-186
240	-187
243	-188
245	-187
247	-184
250	-184
253	-185
255	-185
258	-186
260	-187
263	-187
265	-187
268	-188
271	-187
273	-188
276	-188
278	-188
281	-189
283	-188
286	-187
288	-187
291	-188
293	-188
296	-187
298	-186
301	-188
304	-188
306	-189
308	-187
311	-187
313	-187
316	-187
319	-188
321	-187
324	-187
326	-187
329	-187
332	-188
334	-188
337	-189
339	-187
341	-187
344	-187
347	-188
349	-187
352	-187
354	-186
357	-187
359	-187
362	-187
365	-187
367	-188
370	-188
372	-185
375	-186
377	-185
380	-185
383	-187
386	-188
388	-188
391	-188
393	-188
396	-188
398	-186
401	-187
403	-186
406	-186
408	-186
411	-185
413	-185
416	-187
419	-187
422	-188
424	-187
427	-187
430	-187
432	-187
434	-185
437	-185
439	-185
442	-185
445	-186
447	-186
450	-186
453	-185
455	-186
458	-185
460	-185
463	-187
466	-188
468	-185
471	-186
474	-187
477	-188
479	-186
482	-186
484	-186
487	-185
489	-184
492	-185
495	-185
497	-184
500	-184
503	-187
506	-187
508	-185
511	-185
514	-185
516	-186
519	-186
521	-185
524	-185
527	-185
528	-182
531	-182
535	-184
537	-184
540	-185
543	-185
546	-185
548	-184
550	-183
553	-182
555	-181
557	-179
560	-178
561	-175
563	-171
563	-165
565	-162
566	-158
568	-155
571	-155
573	-154
575	-153
578	-152
581	-153
584	-154
586	-152
589	-153
594	-161
600	-170
605	-176
607	-174
608	-169
607	-157
607	-152
609	-150
612	-148
615	-149
619	-153
625	-162
629	-165
631	-164
633	-163
636	-162
638	-160
639	-156
641	-153
643	-152
646	-152
648	-151
651	-151
653	-149
656	-150
659	-152
663	-153
667	-157
671	-159
673	-159
675	-156
677	-153
680	-155
685	-159
686	-155
686	-149
688	-147
690	-145
692	-144
695	-143
698	-144
701	-145
705	-148
710	-153
714	-154
716	-152
718	-151
720	-150
722	-148
726	-149
728	-148
730	-147
733	-147
736	-146
738	-146
741	-146
743	-144
745	-142
747	-140
748	-135
749	-131
750	-127
751	-122
751	-117
752	-113
723	-25
723	-19
723	-13
724	-9
726	-7
727	-3
728	-1
731	-0
732	2
735	1
738	1
741	1
743	1
746	1
750	-2
752	-1
755	0
758	-1
762	-3
765	-4
778	-2
780	-1
781	2
785	1
883	-171
872	-144
876	-146
881	-149
886	-154
890	-155
892	-153
892	-147
891	-140
893	-137
894	-134
897	-133
899	-132
903	-133
908	-137
918	-150
921	-150
923	-147
924	-144
925	-140
925	-135
926	-131
928	-130
931	-128
933	-127
936	-127
941	-130
976	-188
979	-187
982	-186
984	-185
987	-184
990	-184
993	-184
998	-186
1001	-186
1003	-183
1005	-182
1008	-181
1010	-180
1013	-179
1016	-178
1018	-176
1019	-172
1021	-170
1026	-174
1033	-180
1037	-181
1039	-179
1042	-179
1045	-178
1048	-178
1051	-177
1055	-178
1059	-178
1062	-178
1065	-178
1068	-178
1072	-179
1075	-179
1077	-175
1080	-176
1084	-177
1089	-179
1092	-179
1095	-178
1098	-177
1101	-176
1103	-174
1106	-174
1109	-173
1111	-172
1114	-171
1118	-172
1122	-173
1125	-172
1129	-172
1132	-172
1136	-173
1140	-173
1142	-172
1146	-172
1150	-173
1154	-173
1157	-173
1160	-172
1163	-172
1167	-172
1171	-173
1174	-173
1178	-173
1182	-174
1185	-174
1188	-172
1191	-171
1195	-172
1198	-172
1202	-173
1205	-172
1210	-173
1213	-173
1216	-172
1220	-172
1223	-171
1226	-171
1231	-173
1237	-176
1242	-177
1246	-179
1249	-178
1253	-178
1256	-178
1260	-178
1264	-178
1268	-178
1271	-178
1275	-178
1279	-178
1282	-178
1286	-178
1289	-177
1293	-178
1296	-177
1299	-175
1301	-173
1303	-171
1306	-169
1308	-167
1309	-164
1312	-163
1315	-162
1320	-163
1323	-163
1329	-165
1336	-169
1344	-176
1358	-189
1361	-188
1365	-188
1369	-188
1370	-185
1372	-182
1375	-180
1378	-180
1382	-180
1383	-176
1384	-173
1384	-167
1383	-161
1384	-157
1387	-156
1393	-158
1398	-160
1407	-166
1416	-172
1419	-172
1423	-171
1428	-173
1439	-181
1448	-187
1455	-192
1457	-189
1460	-187
1462	-185
1466	-184
1470	-185
1473	-183
1474	-180
1477	-179
1481	-178
1485	-178
1490	-179
1495	-180
1498	-179
1500	-177
1501	-173
1505	-172
1508	-171
1511	-170
1514	-169
1517	-167
1522	-168
1529	-171
1534	-172
1538	-171
1542	-171
1546	-171
1551	-172
1558	-176
1566	-180
1574	-183
1575	-180
1589	-191
1582	-178
1586	-178
1591	-178
1596	-179
1595	-174
1597	-171
1600	-169
1605	-169
1608	-168
1612	-167
1617	-169
1625	-172
1632	-175
1637	-175
1641	-175
1645	-175
1649	-174
1653	-173
1658	-174
1661	-172
1666	-173
1672	-174
1678	-176
1680	-173
1683	-172
1687	-171
1693	-172
1704	-180
1710	-181
1713	-179
1716	-178
1717	-173
1718	-170
1722	-169
1719	-161
1719	-156
1721	-154
1728	-156
1737	-160
1743	-162
1746	-160
1751	-160
1758	-162
1764	-164
1769	-164
1771	-161
1772	-157
1771	-152
1774	-150
1778	-149
1782	-148
1786	-147
1788	-145
1789	-141
1790	-137
1791	-133
1792	-130
1792	-125
1793	-120
1794	-117
1797	-115
1800	-114
1804	-113
1811	-115
1819	-118
1838	-131
1853	-141
1859	-141
1861	-139
1865	-138
1871	-139
1880	-142
1890	-146
1896	-148
1900	-147
1903	-144
1903	-140
1904	-136
1908	-135
1914	-136
1920	-137
1928	-139
1935	-140
1939	-140
1941	-136
1943	-133
1948	-133
1955	-135
1956	-131
1957	-127
1959	-124
1961	-121
1964	-119
1970	-119
1974	-118
1977	-116
1983	-117
1996	-123
2006	-128
2011	-127
2014	-125
2017	-123
2020	-121
2025	-120
2030	-120
2035	-119
2040	-118
2046	-120
2057	-124
2062	-123
2063	-119
2100	-146
2106	-146
2109	-144
2127	-154
2102	-128
2107	-128
2111	-126
2114	-124
2119	-123
2125	-123
2132	-124
2136	-123
2146	-126
2153	-127
2156	-125
2161	-124
2181	-135
2185	-133
2188	-131
2188	-126
2191	-124
2196	-123
2200	-122
2204	-120
2207	-118
2210	-115
2213	-112
2214	-109
2218	-107
2223	-106
2229	-105
2236	-106
2249	-112
2263	-118
2266	-115
2267	-111
2270	-109
2276	-108
2283	-109
2284	-105
2287	-102
2288	-98
2291	-96
2305	-101
2317	-105
2318	-102
2321	-98
2321	-94
2324	-91
2326	-88
2330	-86
2334	-84
2336	-81
2339	-78
2344	-77
2349	-76
2356	-76
2358	-73
2357	-67
2357	-62
2358	-58
2360	-55
2363	-52
2363	-47
2365	-44
2367	-41
2368	-37
2368	-32
2369	-27
2370	-24
2373	-21
2374	-17
2371	-10
2372	-6
2373	-2
2372	3
2372	8
2374	11
2375	15
2376	19
2378	23
2378	27
2377	32
2377	37
2377	42
2377	46
2376	52
2378	55
2380	58
2382	61
2383	66
2383	70
2383	74
2382	80
2384	83
2386	86
2385	92
2385	96
2386	100
2389	103
2389	107
2386	114
2386	118
2387	122
2389	125
2390	129
2391	133
2391	138
2392	141
2393	145
2394	149
2396	152
2395	157
2395	162
2396	165
2397	169
2397	174
2395	179
2396	183
2399	186
2401	189
2402	193
2404	196
2405	200
2406	204
2406	208
2407	212
2406	217
2406	221
2408	225
2410	227
2411	231
2412	235
2413	239
2412	244
2411	248
2412	252
2413	256
2413	260
2415	263
2417	267
2419	270
2420	274
2422	277
2423	281
2424	284
2425	288
2425	292
2426	296
2426	300
2427	304
2428	307
2430	311
2431	314
2432	318
2432	322
2432	326
2432	331
2433	334
2435	338
2436	341
2438	344
2443	346
2444	349
2448	352
2450	355
2453	357
2457	360
2460	362
2464	364
2464	368
2463	373
2463	378
2462	382
2464	385
2467	388
2469	391
2469	395
2469	399
2469	403
2469	408
2470	411
2471	415
2471	419
2472	423
2473	426
2474	430
2475	434
2475	438
2476	441
2477	445
2479	448
2479	452
2480	456
2485	458
2486	461
2488	464
2488	468
2489	472
2488	476
2487	481
2488	485
2490	488
2493	491
2494	494
2497	497
2497	501
2498	504
2498	508
2499	512
2501	515
2501	519
2502	523
2503	526
2505	530
2507	533
2508	536
2508	540
2509	544
2510	548
2512	551
2512	555
2514	558
2515	561
2515	565
2514	570
2515	573
2514	578
2516	581
2517	584
2516	589
2517	592
2518	596
2520	599
2522	602
2525	605
2525	609
2526	612
2527	616
2527	620
2528	624
2527	628
2530	631
2530	634
2531	638
2531	642
2530	646
2531	650
2531	654
2533	657
2533	661
2534	664
2537	667
2536	671
2536	675
2535	680
2534	684
2534	688
2535	691
2536	695
2540	697
2541	701
2540	705
2539	709
2539	713
2540	716
2543	719
2543	723
2542	727
2543	731
2544	734
2545	738
2545	742
2546	745
2546	749
2546	753
2547	756
2548	760
2548	764
2550	767
2551	770
2552	774
2552	778
2552	782
2553	785
2553	789
2554	792
2555	796
2555	800
2555	803
2555	807
2557	810
2559	814
2559	817
2559	821
2560	824
2562	828
2564	831
2565	834
2565	838
2566	842
2567	845
2569	848
2570	852
2569	856
2570	859
2571	863
2571	866
2572	870
2573	873
2575	877
2576	880
2577	884
2577	887
2576	891
2577	895
2579	898
2580	901
2580	905
2581	909
2583	912
2584	915
2585	919
2585	922
2586	926
2586	930
2586	933
2586	937
2587	941
2589	944
2589	947
2588	951
2588	955
2591	958
2593	961
2594	965
2594	969
2595	972
2595	976
2593	980
2594	983
2594	987
2596	990
2598	993
2600	997
2601	1000
2603	1003
2603	1007
2603	1011
2603	1014
2605	1018
2606	1021
2606	1025
2604	1029
2604	1033
2606	1036
2607	1039
2608	1043
2609	1046
2609	1050
2610	1053
2612	1057
2611	1060
2610	1064
2612	1068
2614	1071
2615	1074
2615	1078
2615	1082
2615	1085
2616	1089
2618	1092
2618	1096
2619	1099
2619	1103
2618	1107
2619	1110
2621	1113
2622	1117
2623	1120
2622	1124
2622	1128
2622	1132
2623	1135
2624	1138
2626	1142
2626	1145
2625	1149
2628	1152
2629	1156
2629	1159
2629	1163
2629	1167
2630	1170
2629	1174
2630	1177
2632	1181
2632	1184
2632	1188
2634	1191
2636	1194
2636	1198
2636	1202
2636	1205
2636	1209
2635	1213
2636	1216
2636	1220
2636	1224
2637	1227
2638	1230
2639	1234
2639	1238
2640	1241
2641	1245
2642	1248
2644	1251
2643	1255
2643	1259
2642	1262
2643	1266
2643	1270
2644	1273
2644	1277
2643	1280
2644	1284
2646	1287
2647	1291
2647	1294
2649	1298
2648	1301
2649	1305
2649	1308
2650	1312
2651	1315
2653	1319
2653	1322
2654	1326
2653	1330
2653	1333
2653	1337
2653	1340
2655	1344
2656	1347
2657	1351
2657	1354
2659	1358
2659	1361
2659	1365
2660	1368
2660	1372
2661	1376
2662	1379
2662	1383
2661	1386
2658	1390
2659	1394
2659	1397
2659	1401
2660	1405
2661	1408
2661	1412
2661	1415
2661	1419
2662	1422
2664	1426
2665	1429
2666	1433
2666	1436
2666	1440
2667	1443
2668	1447
2666	1451
2665	1454
2667	1458
2668	1461
2669	1465
2669	1468
2670	1472
2671	1475
2670	1479
2670	1483
2670	1486
2670	1490
2671	1493
2672	1497
2672	1500
2671	1504
2671	1508
2673	1511
2673	1515
2673	1518
2673	1522
2673	1526
2674	1529
2675	1533
2676	1536
2677	1540
2677	1543
2677	1547
2678	1550
2678	1554
2676	1558
2675	1561
2676	1565
2676	1568
2679	1572
2680	1575
2680	1579
2679	1583
2679	1586
2680	1590
2680	1593
2680	1597
2679	1601
2679	1604
2681	1608
2681	1611
2680	1615
2680	1619
2681	1622
2682	1626
2681	1629
2682	1633
2683	1636
2684	1640
2684	1644
2684	1647
2684	1651
2684	1654
