2649	1665
2652	1669
2653	1672
2654	1676
2654	1679
2654	1683
2656	1690
2658	1694
2660	1697
2661	1701
2661	1704
2661	1708
2661	1712
2662	1715
2664	1719
2663	1722
2663	1726
2665	1729
2667	1733
2666	1737
2664	1740
2661	1744
2661	1747
2662	1751
2665	1755
2667	1758
2665	1762
2665	1765
2668	1769
2670	1773
2671	1776
2671	1780
2671	1783
2672	1787
2673	1791
2673	1794
2675	1798
2676	1802
2675	1805
2674	1809
2674	1812
2675	1816
2676	1820
2677	1823
2677	1827
2678	1830
2677	1834
2677	1838
2678	1841
2676	1845
2675	1848
2675	1852
2677	1856
2678	1859
2679	1863
2678	1867
2676	1870
2678	1874
2679	1877
2680	1881
2680	1885
2678	1888
2679	1892
2680	1896
2681	1899
2682	1903
2683	1907
2684	1910
2684	1914
2682	1918
2681	1921
2683	1925
2683	1929
2679	1932
2677	1935
2679	1939
2681	1943
2683	1947
2683	1950
2685	1954
2683	1958
2685	1961
2686	1965
2687	1969
2688	1973
2688	1976
2689	1980
2692	1984
2695	1988
2697	1992
2697	1996
2697	1999
2699	2003
2699	2007
2702	2011
2704	2015
2704	2018
2704	2022
2706	2026
2706	2030
2705	2033
2705	2037
2706	2041
2707	2045
2706	2048
2705	2052
2704	2055
2708	2060
2710	2064
2710	2067
2710	2071
2709	2075
2709	2078
2710	2082
2712	2086
2715	2090
2716	2094
2715	2098
2715	2101
2715	2105
2715	2109
2716	2113
2718	2117
2716	2120
2715	2124
2717	2128
2722	2132
2719	2136
2718	2139
2717	2143
2719	2147
2719	2151
2723	2155
2722	2159
2722	2163
2723	2166
2723	2170
2724	2174
2727	2178
2728	2182
2727	2186
2729	2190
2729	2194
2728	2198
2727	2201
2727	2205
2730	2209
2731	2213
2731	2217
2731	2221
2731	2225
2732	2229
2733	2233
2732	2236
2735	2241
2735	2244
2735	2248
2733	2252
2730	2255
2729	2258
2729	2262
2732	2267
2731	2270
2732	2274
2732	2278
2731	2282
2734	2286
2740	2291
2744	2296
2747	2301
2746	2304
2746	2308
2747	2312
2749	2317
2751	2321
2751	2325
2753	2329
2752	2333
2752	2337
2754	2341
2756	2345
2759	2350
2759	2354
2757	2357
2754	2361
2752	2364
2753	2368
2756	2373
2757	2377
2757	2381
2756	2385
2758	2389
2763	2394
2766	2399
2765	2403
2764	2406
2765	2411
2765	2415
2769	2419
2769	2423
2770	2428
2770	2432
2770	2436
2772	2440
2771	2444
2772	2448
2772	2452
2768	2455
2769	2459
2771	2464
2773	2468
2774	2472
2774	2477
2777	2482
2778	2486
2777	2490
2775	2493
2774	2497
2774	2501
2776	2505
2778	2510
2778	2514
2778	2518
2779	2522
2779	2526
2776	2530
2777	2534
2779	2539
2776	2542
2778	2546
2780	2551
2781	2555
2780	2559
2781	2564
2783	2568
2784	2573
2784	2577
2783	2581
2782	2584
2782	2589
2784	2593
2787	2598
2788	2603
2786	2606
2783	2610
2782	2613
2780	2617
2777	2620
2776	2624
2776	2628
2778	2633
2781	2638
2787	2644
2793	2650
2796	2655
2796	2660
2794	2663
2792	2666
2794	2672
2799	2677
2801	2682
2802	2687
2800	2690
2802	2695
2802	2699
2801	2703
2803	2708
2803	2713
2802	2716
2801	2720
2804	2726
2809	2732
2807	2735
2804	2738
2802	2742
2805	2747
2807	2752
2808	2757
2808	2761
2808	2766
2812	2772
2818	2778
2815	2781
2814	2785
2815	2790
2816	2795
2817	2799
2815	2803
2816	2808
2814	2811
2814	2815
2814	2820
2815	2824
2815	2829
2815	2833
2815	2838
2815	2842
2814	2846
2814	2850
2814	2855
2817	2861
2818	2866
2817	2869
2817	2874
2818	2878
2819	2883
2820	2888
2821	2893
2820	2897
2821	2902
2822	2907
2823	2912
2823	2916
2823	2921
2826	2926
2827	2931
2827	2936
2830	2942
2828	2945
2826	2949
2828	2955
2831	2960
2832	2965
2833	2970
2835	2976
2835	2980
2837	2986
2839	2991
2838	2995
2837	2999
2836	3004
2837	3009
2840	3015
2839	3019
2838	3023
2837	3027
2839	3033
2840	3038
2839	3042
2839	3046
2839	3051
2838	3055
2836	3059
2846	3068
2848	3074
2848	3079
2848	3084
2849	3089
2847	3093
2847	3097
2846	3102
2849	3108
2849	3112
2849	3117
2847	3121
2825	3114
2797	3105
2781	3102
2774	3103
2771	3106
2767	3109
2763	3112
2762	3116
2760	3120
2763	3126
2771	3134
2852	3185
2852	3190
2851	3195
2850	3199
2851	3204
2853	3210
2855	3216
2856	3222
2857	3227
2857	3232
2857	3237
2857	3242
2858	3247
2857	3252
2857	3257
2856	3261
2854	3265
2854	3270
2857	3276
2858	3282
2859	3288
2858	3292
2859	3297
2860	3303
2861	3308
2860	3313
2860	3318
2861	3324
2863	3330
2865	3336
2863	3340
2861	3344
2860	3348
2860	3353
2859	3358
2860	3364
2862	3370
2863	3375
2862	3380
2861	3385
2867	3393
2868	3399
2868	3404
2867	3408
2866	3413
2867	3419
2866	3424
2865	3428
2865	3433
2866	3439
2866	3445
2867	3450
2868	3456
2867	3461
2866	3465
2866	3471
2867	3476
2869	3483
2870	3489
2869	3494
2871	3500
2871	3506
2870	3511
2871	3516
2873	3523
2873	3528
2872	3533
2872	3538
2872	3544
2880	3554
2879	3559
2882	3566
2880	3570
2879	3575
2878	3580
2878	3586
2882	3593
2883	3599
2884	3606
2881	3609
2878	3613
2876	3617
2878	3624
2878	3629
2875	3633
2875	3639
2875	3644
2875	3650
2876	3656
2875	3661
2873	3665
2873	3671
2874	3677
2873	3682
2871	3686
2876	3696
2875	3701
2874	3706
2874	3711
2876	3718
2874	3722
2873	3727
2874	3734
2875	3740
2873	3744
2872	3749
2871	3754
2870	3759
2869	3765
2869	3771
2870	3777
2870	3783
2869	3788
2869	3794
2872	3801
2873	3808
2873	3814
2871	3819
2869	3823
2869	3829
2867	3833
2866	3838
2868	3846
2873	3856
2874	3862
2874	3868
2871	3872
2869	3876
2868	3881
2874	3892
2875	3899
2872	3903
2871	3908
2862	3907
2861	3912
2862	3919
2863	3926
2861	3931
2861	3937
2860	3942
2859	3947
2859	3954
2861	3961
2861	3968
2860	3973
2860	3979
2858	3984
2858	3990
2855	3994
2853	3999
2852	4004
2851	4009
2849	4014
2846	4018
2843	4022
2841	4026
2839	4031
2838	4037
2843	4047
2843	4054
2843	4060
2841	4064
2839	4069
2836	4073
2834	4078
2832	4083
2830	4087
2828	4092
2827	4097
2826	4103
2826	4109
2825	4115
2821	4118
2818	4122
2815	4126
2815	4132
2816	4140
2818	4148
2816	4153
2815	4158
2814	4165
2814	4171
2811	4175
2808	4179
2804	4182
2806	4191
2807	4198
2807	4204
2810	4214
2809	4220
2809	4227
2809	4233
2814	4244
2813	4250
2811	4255
2810	4261
2809	4267
2807	4272
2796	4269
2790	4277
2788	4282
2788	4289
2790	4298
2788	4303
2785	4306
2782	4311
2780	4316
2777	4320
2772	4322
2769	4326
2768	4332
2767	4339
2765	4344
2762	4347
2758	4351
2772	4371
2771	4378
2452	4081
2449	4084
2445	4113
2443	4117
2438	4118
2435	4122
2443	4136
2439	4138
2733	4433
2732	4439
2729	4444
2726	4448
2723	4452
2719	4456
2718	4462
2715	4467
2712	4471
2710	4475
2707	4481
2706	4487
2703	4491
2700	4495
2699	4501
2697	4507
2697	4514
2697	4522
2697	4529
2694	4533
2691	4538
2690	4545
2687	4548
2684	4553
2681	4558
2677	4561
2671	4562
2668	4567
2665	4571
2660	4573
2655	4576
2653	4581
2650	4586
2647	4590
2644	4594
2641	4598
2638	4603
2633	4606
2629	4609
2626	4613
2622	4617
2621	4623
2619	4628
2614	4631
2609	4633
2606	4637
2602	4641
2597	4643
2593	4646
2590	4651
2590	4659
2588	4664
2585	4668
2581	4672
2577	4676
2576	4682
2574	4688
2567	4688
2563	4691
2561	4697
2561	4705
2558	4709
2554	4714
2552	4719
2550	4724
2546	4728
2542	4732
2538	4735
2535	4739
2530	4742
2527	4746
2525	4752
2522	4757
2524	4767
2523	4774
2520	4778
2516	4783
2512	4786
2508	4789
2504	4793
2503	4799
2501	4806
2500	4812
2497	4818
2495	4823
2492	4828
2490	4833
2486	4837
2482	4841
2480	4846
2478	4853
2478	4861
2475	4866
2471	4869
2465	4871
2460	4873
2457	4878
2454	4883
2450	4886
2445	4889
2441	4891
2438	4896
2435	4902
2432	4906
2429	4911
2425	4915
2423	4921
2419	4925
2415	4928
2411	4931
2409	4938
2404	4940
2399	4942
2395	4946
2390	4949
2386	4952
2384	4958
2379	4961
2375	4964
2373	4970
2370	4975
2369	4983
2367	4989
2362	4992
2358	4995
2354	4998
2350	5002
2346	5006
2342	5010
2339	5014
2336	5020
2334	5026
2331	5031
2328	5036
2323	5039
2319	5043
2317	5048
2313	5052
2310	5057
2308	5064
2303	5067
2298	5069
2294	5073
2290	5077
2287	5081
2284	5087
2280	5091
2274	5092
2268	5091
2263	5094
2260	5100
2259	5107
2255	5111
2250	5114
2246	5117
2240	5118
2233	5117
2228	5120
2223	5122
2219	5125
2215	5129
2210	5132
2206	5135
2202	5139
2198	5144
2194	5147
2190	5150
2185	5153
2180	5156
2177	5160
2173	5165
2169	5168
2163	5169
2159	5172
2154	5175
2149	5178
2145	5181
2140	5183
2135	5186
2131	5188
2127	5192
2122	5195
2117	5197
2113	5202
2109	5204
2104	5207
2100	5211
2095	5214
2089	5214
2083	5215
2078	5217
2074	5220
2070	5224
2064	5226
2060	5228
2057	5234
2054	5239
2050	5244
2047	5250
2045	5256
2041	5260
2036	5263
2031	5265
2025	5266
2021	5270
2019	5276
2015	5280
2011	5284
2006	5288
2003	5292
2001	5300
1997	5304
1993	5308
1990	5313
1986	5318
1982	5322
1978	5327
1974	5329
1968	5330
1962	5331
1958	5335
1954	5339
1950	5343
1946	5347
1940	5347
1934	5348
1929	5349
1924	5352
1919	5356
1915	5359
1911	5363
1907	5367
1902	5369
1897	5371
1892	5374
1887	5375
1882	5378
1877	5381
1872	5383
1866	5384
1861	5385
1856	5387
1851	5390
1846	5392
1841	5395
1836	5396
1830	5397
1825	5399
1820	5402
1816	5405
1812	5409
1807	5411
1802	5414
1797	5416
1792	5419
1788	5423
1783	5425
1778	5427
1772	5427
1766	5428
1761	5429
1756	5431
1751	5433
1746	5436
1741	5438
1735	5439
1730	5441
1725	5442
1718	5441
1712	5442
1707	5442
1701	5443
1695	5444
1690	5445
1684	5445
1678	5445
1672	5446
1667	5448
1662	5450
1656	5448
1649	5448
1644	5449
1638	5449
1632	5450
1628	5452
1623	5454
1618	5457
1612	5457
1606	5457
1600	5458
1594	5457
1588	5457
1582	5456
1577	5458
1572	5460
1567	5461
1561	5463
1557	5466
1553	5470
1547	5471
1542	5471
1535	5471
1530	5471
1524	5471
1519	5474
1516	5479
1511	5482
1505	5482
1500	5482
1494	5483
1490	5486
1485	5490
1481	5493
1476	5495
1470	5496
1465	5498
1461	5502
1457	5505
1453	5510
1448	5514
1443	5516
1438	5517
1432	5517
1426	5517
1421	5517
1415	5518
1410	5519
1405	5520
1399	5521
1394	5522
1388	5523
1383	5525
1378	5527
1373	5528
1368	5529
1362	5529
1356	5529
1350	5529
1345	5531
1340	5532
1335	5533
1330	5535
1325	5537
1319	5537
1314	5538
1309	5540
1304	5541
1298	5542
1293	5544
1288	5546
1283	5549
1278	5550
1274	5553
1269	5555
1264	5558
1259	5560
1254	5563
1248	5561
1243	5562
1238	5563
1233	5566
1228	5568
1222	5567
1216	5567
1211	5568
1205	5569
1200	5569
1195	5571
1190	5574
1185	5576
1179	5574
1173	5574
1168	5574
1162	5574
1157	5576
1152	5578
1147	5579
1141	5579
1137	5582
1132	5585
1127	5585
1121	5587
1116	5588
1111	5590
1106	5592
1101	5593
1096	5595
1089	5588
1083	5589
1078	5590
1073	5592
1068	5593
1063	5596
1058	5597
1052	5598
1047	5597
1041	5598
1035	5597
1029	5593
1023	5592
1018	5592
1012	5594
1006	5591
1001	5592
996	5592
990	5592
985	5593
979	5592
974	5593
969	5595
964	5596
958	5597
953	5596
948	5597
943	5599
937	5598
931	5596
925	5594
919	5592
913	5591
908	5591
903	5593
898	5596
893	5599
888	5600
883	5601
879	5604
873	5606
868	5605
862	5605
857	5606
852	5605
846	5604
841	5607
837	5610
832	5612
827	5615
821	5615
816	5616
811	5619
806	5619
801	5620
796	5623
791	5626
786	5628
781	5629
776	5629
771	5630
766	5635
762	5638
757	5641
752	5644
747	5648
743	5651
738	5655
733	5658
728	5660
723	5663
719	5667
714	5672
710	5676
705	5678
700	5680
695	5682
690	5684
685	5687
679	5688
673	5685
667	5677
660	5673
655	5673
650	5677
646	5683
642	5689
637	5692
631	5693
627	5696
622	5702
617	5702
611	5702
606	5702
601	5703
595	5703
590	5702
584	5700
578	5698
573	5697
567	5696
562	5694
556	5692
550	5691
545	5692
540	5693
535	5694
529	5694
524	5694
519	5694
513	5693
508	5695
503	5696
497	5696
492	5692
486	5691
481	5692
476	5694
470	5694
465	5695
460	5696
455	5697
450	5698
444	5698
439	5698
434	5698
428	5696
423	5695
417	5696
412	5697
407	5696
401	5696
396	5696
391	5697
386	5699
381	5700
375	5700
370	5699
365	5701
360	5703
354	5704
349	5705
344	5706
339	5706
333	5705
328	5706
323	5707
318	5710
312	5710
307	5709
301	5705
296	5705
291	5705
285	5705
280	5706
275	5708
270	5710
264	5709
259	5709
254	5710
249	5711
243	5711
238	5711
233	5711
227	5709
222	5708
217	5707
211	5708
206	5708
201	5709
196	5710
190	5710
185	5708
180	5707
174	5705
169	5702
163	5701
158	5700
153	5700
148	5701
142	5701
137	5701
132	5702
127	5703
121	5705
116	5707
111	5707
106	5706
100	5703
95	5700
89	5696
84	5694
79	5694
73	5687
68	5685
63	5684
57	5684
52	5685
47	5683
42	5683
36	5683
31	5684
26	5685
21	5685
16	5685
10	5687
5	5686
-0	5684
-5	5684
-11	5686
-16	5686
-21	5687
-26	5686
-32	5685
-37	5682
-55	5022
-60	5023
-64	5022
-68	5019
-73	5016
-77	5018
-81	5018
-86	5012
-90	5004
-94	5001
-99	4999
-103	4996
-107	4994
-112	4994
-116	4995
-120	4999
-125	5001
-129	5003
-134	5009
-138	5017
-143	5018
-147	5017
-151	5020
-156	5023
-160	5024
-165	5024
-169	5023
-204	5660
-209	5660
-214	5660
-219	5659
-224	5657
-230	5656
-235	5656
-240	5654
-245	5652
-250	5650
-255	5649
-260	5649
-266	5647
-271	5646
-276	5646
-281	5646
-286	5645
-292	5647
-297	5649
-302	5649
-307	5648
-312	5646
-317	5642
-322	5639
-327	5638
-333	5636
-338	5634
-343	5635
-348	5635
-353	5636
-359	5636
-364	5633
-369	5632
-374	5631
-379	5628
-384	5626
-389	5624
-394	5625
-399	5623
-404	5620
-409	5618
-414	5616
-419	5617
-425	5617
-430	5618
-435	5618
-440	5620
-446	5620
-451	5619
-456	5619
-461	5619
-466	5618
-471	5618
-477	5618
-482	5619
-487	5618
-492	5617
-497	5614
-502	5614
-507	5614
-513	5613
-518	5613
-523	5612
-528	5612
-533	5611
-538	5611
-543	5610
-549	5609
-554	5609
-559	5608
-564	5607
-569	5606
-574	5605
-579	5603
-584	5602
-589	5599
-594	5596
-599	5596
-604	5595
-609	5594
-614	5593
-620	5595
-625	5593
-630	5592
-635	5592
-640	5588
-644	5585
-649	5583
-655	5584
-660	5584
-665	5582
-670	5580
-675	5578
-680	5579
-685	5578
-690	5577
-695	5577
-701	5578
-706	5577
-711	5575
-716	5574
-721	5574
-726	5572
-731	5568
-736	5567
-741	5567
-746	5567
-751	5568
-757	5568
-762	5567
-767	5566
-772	5563
-777	5562
-782	5560
-787	5560
-792	5561
-797	5560
-802	5558
-807	5554
-811	5552
-816	5549
-821	5547
-826	5546
-831	5545
-836	5544
-841	5542
-846	5542
-852	5543
-857	5542
-862	5541
-867	5540
-872	5540
-877	5539
-882	5538
-887	5535
-892	5534
-897	5533
-902	5531
-907	5530
-912	5528
-916	5524
-921	5521
-926	5521
-931	5520
-936	5517
-941	5515
-946	5515
-951	5515
-956	5513
-961	5511
-966	5510
-971	5509
-976	5508
-981	5507
-986	5508
-992	5508
-997	5508
-1002	5507
-1007	5505
-1011	5502
-1016	5500
-1021	5498
-1026	5498
-1032	5499
-1037	5498
-1042	5498
-1048	5498
-1053	5496
-1058	5495
-1063	5494
-1068	5495
-1074	5496
-1079	5496
-1083	5492
-1088	5490
-1094	5491
-1099	5491
-1104	5490
-1109	5488
-1114	5486
-1119	5486
-1124	5486
-1129	5484
-1134	5482
-1140	5482
-1145	5481
-1150	5481
-1156	5482
-1161	5483
-1166	5482
-1171	5479
-1175	5474
-1179	5471
-1184	5469
-1190	5471
-1196	5471
-1201	5472
-1207	5473
-1212	5473
-1218	5472
-1223	5471
-1229	5474
-1234	5474
-1240	5474
-1245	5472
-1250	5471
-1254	5468
-1259	5466
-1264	5463
-1269	5461
-1274	5461
-1279	5461
-1284	5460
-1290	5459
-1294	5456
-1299	5454
-1304	5453
-1309	5451
-1313	5448
-1319	5447
-1324	5448
-1330	5448
-1335	5446
-1340	5445
-1345	5445
-1351	5445
-1356	5443
-1361	5443
-1365	5439
-1369	5435
-1374	5434
-1379	5432
-1384	5429
-1388	5427
-1393	5424
-1398	5422
-1403	5420
-1407	5417
-1411	5413
-1416	5410
-1420	5409
-1426	5409
-1431	5407
-1435	5404
-1440	5402
-1444	5399
-1450	5399
-1456	5399
-1461	5398
-1466	5396
-1470	5394
-1475	5391
-1480	5389
-1484	5386
-1489	5383
-1493	5381
-1498	5380
-1503	5379
-1508	5377
-1513	5375
-1518	5372
-1522	5369
-1526	5365
-1531	5363
-1535	5360
-1540	5358
-1544	5354
-1548	5350
-1552	5347
-1556	5344
-1561	5341
-1566	5339
-1570	5337
-1575	5335
-1580	5333
-1585	5331
-1589	5328
-1593	5325
-1599	5324
-1602	5319
-1606	5314
-1610	5312
-1615	5310
-1620	5307
-1625	5306
-1630	5304
-1635	5303
-1640	5302
-1645	5300
-1649	5297
-1653	5294
-1658	5292
-1662	5289
-1667	5288
-1673	5288
-1678	5287
-1684	5286
-1688	5283
-1693	5281
-1697	5279
-1702	5278
-1708	5277
-1713	5275
-1717	5271
-1720	5267
-1725	5264
-1729	5262
-1734	5261
-1740	5259
-1744	5257
-1750	5257
-1755	5255
-1759	5251
-1762	5246
-1765	5241
-1768	5236
-1772	5232
-1775	5227
-1779	5223
-1783	5220
-1789	5220
-1795	5220
-1801	5220
-1806	5220
-1812	5219
-1816	5217
-1822	5217
-1829	5218
-1834	5217
-1840	5217
-1845	5217
-1850	5215
-1856	5216
-1862	5215
-1867	5214
-1873	5214
-1879	5214
-1885	5215
-1891	5215
-1895	5212
-1899	5208
-1903	5205
-1907	5201
-1912	5199
-1916	5196
-1921	5195
-1926	5192
-1931	5190
-1935	5186
-1939	5184
-1944	5182
-1948	5179
-1954	5177
-1958	5175
-1963	5173
-1969	5173
-1974	5172
-1979	5170
-1984	5169
-1989	5166
-1993	5163
-1997	5159
-2002	5157
-2008	5157
-2014	5157
-2020	5157
-2025	5155
-2030	5154
-2033	5149
-2038	5147
-2043	5145
-2048	5143
-2052	5141
-2056	5137
-2060	5133
-2063	5129
-2067	5125
-2071	5122
-2075	5118
-2079	5115
-2083	5111
-2087	5107
-2090	5103
-2094	5099
-2098	5095
-2101	5090
-2105	5086
-2109	5083
-2113	5081
-2118	5078
-2122	5075
-2127	5073
-2133	5072
-2138	5070
-2141	5066
-2146	5063
-2151	5062
-2156	5060
-2160	5057
-2163	5052
-2167	5048
-2171	5046
-2178	5047
-2184	5047
-2189	5045
-2195	5044
-2200	5042
-2205	5040
-2209	5037
-2210	5030
-2213	5024
-2216	5020
-2219	5014
-2221	5008
-2225	5004
-2229	5002
-2233	4998
-2237	4994
-2241	4991
-2246	4989
-2249	4984
-2252	4980
-2257	4978
-2263	4978
-2267	4974
-2271	4971
-2275	4967
-2280	4965
-2284	4962
-2289	4960
-2293	4957
-2297	4954
-2302	4951
-2306	4949
-2310	4946
-2314	4943
-2318	4939
-2321	4934
-2325	4931
-2329	4927
-2332	4923
-2337	4920
-2340	4916
-2344	4912
-2347	4908
-2351	4904
-2354	4899
-2356	4894
-2358	4888
-2360	4881
-2362	4875
-2364	4869
-2365	4862
-2367	4856
-2367	4847
-2371	4844
-2375	4841
-2380	4840
-2386	4838
-2390	4836
-2394	4833
-2398	4829
-2401	4824
-2404	4820
-2407	4816
-2411	4813
-2415	4810
-2420	4807
-2424	4804
-2427	4800
-2431	4796
-2435	4793
-2439	4790
-2443	4786
-2446	4783
-2448	4777
-2451	4772
-2453	4766
-2454	4760
-2457	4754
-2461	4751
-2466	4750
-2471	4748
-2477	4747
-2480	4743
-2482	4737
-2485	4732
-2489	4729
-2493	4726
-2497	4723
-2501	4720
-2505	4717
-2508	4712
-2511	4708
-2516	4706
-2521	4704
-2526	4703
-2531	4700
-2534	4696
-2536	4690
-2540	4687
-2546	4687
-2551	4684
-2554	4681
-2557	4676
-2560	4672
-2563	4667
-2566	4662
-2570	4659
-2573	4655
-2575	4650
-2576	4643
-2579	4638
-2582	4634
-2588	4634
-2594	4633
-2599	4631
-2605	4630
-2610	4628
-2613	4624
-2617	4620
-2620	4616
-2623	4612
-2627	4609
-2631	4605
-2633	4601
-2634	4594
-2636	4589
-2637	4581
-2638	4576
-2641	4571
-2643	4566
-2646	4562
-2648	4556
-2649	4550
-2651	4544
-2654	4540
-2657	4536
-2660	4532
-2664	4529
-2668	4526
-2672	4523
-2675	4518
-2678	4514
-2680	4509
-2681	4502
-2683	4497
-2687	4494
-2691	4491
-2693	4486
-2695	4481
-2697	4475
-2698	4470
-2701	4465
-2703	4460
-2706	4456
-2710	4453
-2714	4449
-2717	4446
-2724	4445
-2728	4443
-2731	4438
-2734	4435
-2737	4430
-2738	4424
-2739	4418
-2740	4412
-2743	4407
-2746	4404
-2750	4401
-2754	4398
-2758	4394
-2760	4390
-2764	4386
-2770	4385
-2775	4383
-2778	4379
-2781	4375
-2784	4371
-2787	4367
-2790	4363
-2792	4358
-2796	4354
-2798	4350
-2802	4347
-2805	4343
-2808	4339
-2809	4333
-2811	4327
-2813	4322
-2815	4317
-2817	4313
-2819	4308
-2821	4302
-2821	4296
-2823	4290
-2825	4286
-2829	4282
-2830	4277
-2831	4271
-2831	4265
-2833	4259
-2835	4254
-2834	4247
-2837	4243
-2839	4239
-2842	4234
-2844	4229
-2847	4225
-2849	4221
-2853	4218
-2857	4214
-2859	4210
-2859	4203
-2860	4198
-2863	4193
-2864	4188
-2867	4183
-2867	4177
-2871	4174
-2875	4171
-2877	4167
-2879	4162
-2881	4157
-2883	4152
-2885	4147
-2888	4144
-2892	4140
-2895	4136
-2896	4131
-2898	4126
-2900	4121
-2903	4118
-2905	4113
-2908	4109
-2910	4104
-2913	4101
-2917	4097
-2917	4091
-2915	4082
-2916	4077
-2919	4074
-2922	4070
-2924	4065
-2924	4059
-2926	4054
-2929	4050
-2931	4046
-2933	4040
-2932	4034
-2932	4027
-2930	4020
-2929	4012
-2930	4007
-2935	4005
-2938	4002
-2940	3997
-2938	3989
-2938	3983
-2939	3977
-2938	3970
-2936	3963
-2937	3957
-2937	3951
-2939	3947
-2940	3942
-2941	3936
-2941	3930
-2941	3924
-2945	3921
-2949	3918
-2955	3917
-2958	3913
-2960	3908
-2962	3904
-2963	3899
-2965	3895
-2966	3889
-2966	3883
-2968	3879
-2969	3873
-2967	3866
-2967	3860
-2969	3855
-2968	3849
-2968	3843
-2969	3838
-2971	3834
-2974	3830
-2975	3825
-2974	3818
-2975	3813
-2980	3810
-2982	3807
-2983	3801
-2983	3795
-2983	3790
-2984	3784
-2987	3781
-2987	3775
-2985	3768
-2986	3763
-2991	3761
-2998	3760
-2998	3754
-2997	3748
-2998	3743
-2998	3737
-2991	3726
-2992	3722
-2994	3717
-2993	3711
-2991	3703
-2989	3697
-2998	3697
-2997	3691
-2995	3684
-2995	3679
-2991	3670
-2988	3662
-2994	3661
-2984	3649
-2985	3644
-2979	3634
-2980	3629
-2982	3625
-2980	3618
-2976	3610
-2975	3604
-2977	3600
-2981	3597
-2997	3602
-2997	3597
-2998	3592
-2999	3587
-2998	3581
-2983	3566
-2984	3561
-2984	3556
-2988	3552
-2989	3548
-2988	3542
-2983	3533
-2982	3528
-2985	3524
-2987	3520
-2984	3513
-2983	3506
-2982	3501
-2991	3501
-2982	3490
-2983	3485
-2983	3480
-2978	3472
-2980	3468
-2982	3464
-2982	3459
-2983	3454
-2985	3450
-2985	3445
-2986	3440
-2984	3434
-2979	3426
-2978	3420
-2979	3416
-2979	3410
-2972	3401
-2971	3395
-2969	3389
-2972	3385
-2971	3380
-2970	3374
-2968	3368
-2967	3362
-2965	3356
-2963	3350
-2964	3345
-2966	3341
-2966	3336
-2965	3331
-2965	3326
-2966	3321
-2967	3317
-2965	3311
-2963	3305
-2964	3300
-2967	3297
-2967	3292
-2965	3286
-2964	3281
-2963	3275
-2962	3269
-2962	3265
-2962	3260
-2962	3255
-2958	3248
-2955	3241
-2955	3236
-2951	3229
-2952	3225
-2953	3221
-2952	3215
-2949	3209
-2944	3201
-2944	3197
-2945	3192
-2946	3188
-2948	3184
-2949	3180
-2948	3174
-2946	3169
-2945	3164
-2945	3159
-2943	3153
-2942	3148
-2941	3142
-2941	3138
-2940	3133
-2936	3126
-2933	3120
-2932	3115
-2932	3110
-2933	3106
-2934	3102
-2932	3096
-2932	3091
-2933	3087
-2933	3082
-2924	3074
-2924	3069
-2924	3064
-2924	3060
-2924	3055
-2921	3049
-2920	3044
-2921	3040
-2921	3035
-2919	3030
-2919	3025
-2920	3021
-2921	3017
-2918	3011
-2915	3005
-2917	3001
-2920	2998
-2917	2992
-2912	2985
-2913	2981
-2912	2976
-2905	2969
-2903	2964
-2905	2960
-2906	2956
-2907	2952
-2906	2947
-2904	2942
-2904	2937
-2903	2932
-2900	2927
-2897	2921
-2894	2915
-2893	2910
-2893	2906
-2892	2901
-2891	2896
-2892	2892
-2894	2889
-2894	2885
-2891	2879
-2889	2874
-2888	2869
-2888	2865
-2889	2861
-2886	2855
-2884	2850
-2884	2846
-2883	2841
-2883	2836
-2881	2832
-2879	2826
-2877	2821
-2876	2816
-2874	2812
-2875	2808
-2876	2804
-2874	2799
-2872	2794
-2872	2789
-2872	2785
-2872	2781
-2866	2774
-2865	2770
-2866	2766
-2868	2763
-2869	2759
-2868	2754
-2869	2750
-2870	2746
-2861	2739
-2859	2734
-2856	2729
-2855	2724
-2865	2724
-2866	2720
-2850	2710
-2848	2705
-2848	2701
-2849	2697
-2850	2693
-2848	2688
-2847	2684
-2848	2680
-2846	2675
-2848	2672
-2842	2666
-2839	2661
-2839	2657
-2841	2653
-2841	2649
-2838	2644
-2838	2640
-2838	2636
-2837	2632
-2837	2628
-2837	2623
-2835	2619
-2832	2614
-2829	2609
-2827	2604
-2828	2600
-2829	2597
-2829	2593
-2830	2589
-2831	2585
-2828	2580
-2822	2574
-2818	2569
-2820	2566
-2819	2562
-2826	2560
-2825	2556
-2823	2551
-2819	2546
-2819	2542
-2812	2535
-2812	2532
-2811	2527
-2808	2523
-2806	2518
-2801	2513
-2800	2508
-2800	2505
-2803	2501
-2803	2498
-2800	2493
-2796	2488
-2799	2485
-2802	2482
-2804	2478
-2799	2473
-2800	2470
-2795	2464
-2792	2460
-2791	2455
-2793	2452
-2793	2448
-2791	2444
-2791	2440
-2789	2436
-2788	2431
-2788	2428
-2785	2423
-2783	2419
-2784	2415
-2783	2411
-2781	2407
-2782	2403
-2783	2400
-2781	2395
-2767	2388
-2779	2387
-2769	2381
-2772	2378
-2772	2374
-2771	2370
-2771	2366
-2773	2363
-2773	2359
-2773	2355
-2772	2351
-2771	2348
-2769	2343
-2768	2339
-2767	2335
-2762	2330
-2760	2326
-2762	2323
-2761	2319
-2759	2315
-2754	2310
-2753	2306
-2755	2303
-2755	2299
-2755	2295
-2754	2291
-2752	2287
-2750	2283
-2750	2279
-2749	2276
-2750	2272
-2749	2268
-2747	2264
-2746	2260
-2746	2257
-2744	2252
-2744	2249
-2742	2245
-2738	2240
-2739	2237
-2740	2233
-2740	2230
-2737	2225
-2734	2221
-2733	2217
-2734	2214
-2731	2210
-2730	2206
-2732	2203
-2732	2199
-2732	2195
-2732	2192
-2731	2188
-2731	2184
-2729	2180
-2730	2177
-2733	2174
-2733	2170
-2731	2166
-2729	2162
-2725	2158
-2723	2154
-2723	2151
-2724	2147
-2720	2143
-2718	2139
-2717	2135
-2716	2132
-2732	2131
-2734	2127
-2740	2125
-2743	2122
-2742	2118
-2736	2113
-2731	2109
-2697	2100
-2696	2096
-2697	2093
-2696	2089
-2691	2085
-2689	2081
-2687	2077
-2687	2074
-2686	2070
-2687	2067
-2685	2063
-2683	2059
-2681	2055
-2680	2052
-2680	2048
-2678	2045
-2678	2041
-2679	2038
-2676	2034
-2675	2030
-2674	2027
-2673	2023
-2669	2019
-2668	2016
-2667	2012
-2669	2009
-2671	2006
-2674	2003
-2673	1999
-2669	1995
-2664	1991
-2661	1987
-2662	1984
-2662	1980
-2663	1977
-2664	1974
-2664	1970
-2664	1967
-2661	1963
-2659	1959
-2657	1956
-2654	1952
-2652	1948
-2652	1945
-2650	1941
-2652	1938
-2655	1935
-2651	1931
-2646	1927
-2645	1924
-2645	1920
-2645	1917
-2645	1914
-2643	1910
-2641	1907
-2643	1903
-2641	1900
-2640	1896
-2639	1893
-2639	1889
-2635	1886
-2633	1882
-2631	1879
-2629	1875
-2628	1872
-2628	1868
-2628	1865
-2627	1861
-2624	1858
-2621	1854
-2621	1851
-2621	1848
-2621	1844
-2621	1841
-2620	1838
-2618	1834
-2619	1831
-2615	1827
-2613	1824
-2611	1820
-2610	1817
-2612	1814
-2609	1810
-2606	1807
-2602	1803
-2599	1800
-2598	1796
-2598	1793
-2596	1790
-2594	1786
-2592	1783
-2589	1779
-2588	1776
-2586	1773
-2586	1769
-2587	1766
-2587	1763
-2586	1760
-2586	1756
-2586	1753
-2586	1750
-2585	1746
-2584	1743
-2583	1740
-2582	1736
-2582	1733
-2581	1730
-2581	1726
-2580	1723
-2578	1720
-2577	1717
-2576	1713
-2575	1710
-2574	1707
-2572	1703
-2571	1700
-2571	1697
-2572	1694
-2572	1690
-2571	1687
-2570	1684
-2569	1680
-2569	1677
-2568	1674
-2568	1671
-2566	1667
-2567	1664
-2567	1661
-2565	1658
-2562	1654
-2559	1651
-2559	1648
-2559	1645
-2559	1641
-2558	1638
-2557	1635
-2555	1632
-2554	1628
-2554	1625
-2554	1622
-2554	1619
-2553	1615
-2551	1612
-2549	1609
-2546	1606
-2545	1603
-2545	1599
-2545	1596
-2544	1593
-2543	1590
-2543	1587
-2542	1583
-2541	1580
-2542	1577
-2540	1574
-2538	1571
-2536	1567
-2536	1564
-2535	1561
-2534	1558
-2532	1555
-2530	1551
-2527	1548
-2526	1545
-2525	1542
-2524	1539
-2523	1536
-2523	1533
-2523	1529
-2523	1526
-2519	1523
-2515	1520
-2513	1517
-2512	1514
-2513	1511
-2514	1507
-2512	1504
-2512	1501
-2510	1498
-2510	1495
-2504	1492
-2500	1489
-2499	1486
-2497	1483
-2494	1480
-2493	1477
-2492	1474
-2492	1471
-2490	1468
-2488	1465
-2488	1461
-2487	1458
-2487	1455
-2487	1452
-2486	1449
-2483	1446
-2482	1443
-2485	1439
-2485	1436
-2486	1433
-2486	1430
-2484	1427
-2484	1423
-2481	1421
-2477	1418
-2475	1415
-2475	1412
-2474	1409
-2472	1406
-2471	1403
-2470	1400
-2470	1396
-2470	1393
-2470	1390
-2470	1387
-2469	1384
-2469	1381
-2468	1377
-2465	1375
-2464	1372
-2463	1368
-2464	1365
-2463	1362
-2462	1359
-2462	1356
-2460	1353
-2456	1350
-2455	1347
-2455	1344
-2452	1341
-2451	1338
-2449	1335
-2447	1333
-2446	1330
-2445	1326
-2447	1323
-2446	1320
-2444	1317
-2441	1314
-2440	1311
-2439	1308
-2441	1305
-2440	1302
-2439	1299
-2438	1296
-2436	1293
-2432	1290
-2429	1288
-2427	1285
-2427	1282
-2428	1278
-2428	1275
-2426	1272
-2426	1269
-2426	1266
-2427	1263
-2426	1260
-2425	1257
-2423	1254
-2420	1251
-2420	1248
-2418	1245
-2418	1242
-2415	1239
-2414	1236
-2413	1233
-2412	1230
-2412	1227
-2409	1225
-2409	1221
-2409	1218
-2408	1215
-2409	1212
-2407	1209
-2405	1206
-2404	1203
-2403	1200
-2402	1197
-2401	1194
-2400	1191
-2398	1189
-2395	1186
-2394	1183
-2392	1180
-2391	1177
-2389	1175
-2384	1173
-2383	1170
-2384	1166
-2383	1163
-2382	1160
-2382	1157
-2380	1154
-2377	1152
-2375	1149
-2374	1146
-2374	1143
-2375	1140
-2373	1137
-2371	1134
-2373	1131
-2372	1128
-2370	1125
-2368	1122
-2368	1119
-2367	1116
-2365	1113
-2363	1111
-2363	1108
-2362	1105
-2359	1102
-2358	1099
-2358	1096
-2358	1093
-2357	1090
-2354	1087
-2353	1085
-2352	1082
-2352	1078
-2350	1076
-2349	1073
-2348	1070
-2347	1067
-2346	1064
-2344	1061
-2344	1058
-2343	1055
-2342	1052
-2340	1050
-2338	1047
-2337	1044
-2336	1041
-2335	1038
-2334	1035
-2333	1032
-2331	1030
-2330	1027
-2330	1024
-2328	1021
-2327	1018
-2326	1015
-2326	1012
-2323	1009
-2322	1007
-2323	1003
-2324	1000
-2323	997
-2322	994
-2320	991
-2317	989
-2315	986
-2315	983
-2314	980
-2311	978
-2310	975
-2310	972
-2311	968
-2310	965
-2308	963
-2306	960
-2305	957
-2304	954
-2302	952
-2301	949
-2300	946
-2299	943
-2298	940
-2298	937
-2297	934
-2296	931
-2295	928
-2294	925
-2294	922
-2293	919
-2292	916
-2291	913
-2290	910
-2290	907
-2288	904
-2287	901
-2285	899
-2285	896
-2285	892
-2285	889
-2281	887
-2279	885
-2277	882
-2275	880
-2275	876
-2274	874
-2273	871
-2272	868
-2271	865
-2270	862
-2269	859
-2267	856
-2265	854
-2264	851
-2263	848
-2261	845
-2260	843
-2259	840
-2259	836
-2257	834
-2256	831
-2254	829
-2252	826
-2251	823
-2250	820
-2249	817
-2248	814
-2247	811
-2244	809
-2243	807
-2242	803
-2242	800
-2241	797
-2240	794
-2239	792
-2238	789
-2236	786
-2234	783
-2233	781
-2233	777
-2232	775
-2231	771
-2231	768
-2231	765
-2229	762
-2228	760
-2227	756
-2227	753
-2226	750
-2225	748
-2223	745
-2223	742
-2223	738
-2221	736
-2219	733
-2218	730
-2218	727
-2216	724
-2216	721
-2216	718
-2214	715
-2212	713
-2212	709
-2212	706
-2210	703
-2210	700
-2210	697
-2209	694
-2208	691
-2207	688
-2206	685
-2206	682
-2205	678
-2204	676
-2203	673
-2202	670
-2203	666
-2202	663
-2200	660
-2198	658
-2196	655
-2196	652
-2196	649
-2195	646
-2193	643
-2191	641
-2190	638
-2191	634
-2188	632
-2188	628
-2186	626
-2186	622
-2185	619
-2184	616
-2184	613
-2182	610
-2181	608
-2179	605
-2179	602
-2178	599
-2177	596
-2180	591
-2180	587
-2180	584
-2176	582
-2173	580
-2172	577
-2171	574
-2172	570
-2173	566
-2170	564
-2168	562
-2167	559
-2165	556
-2164	553
-2164	550
-2165	546
-2164	542
-2163	540
-2161	537
-2160	534
-2160	530
-2160	527
-2160	524
-2158	521
-2155	519
-2154	516
-2154	513
-2152	510
-2151	507
-2152	503
-2151	500
-2150	497
-2152	492
-2152	489
-2148	487
-2147	484
-2147	480
-2149	476
-2146	473
-2144	471
-2143	468
-2142	465
-2142	462
-2141	458
-2141	455
-2139	452
-2138	449
-2136	447
-2135	444
-2133	441
-2132	438
-2131	435
-2130	432
-2128	429
-2129	425
-2129	421
-2129	418
-2129	414
-2129	410
-2127	408
-2124	406
-2124	402
-2123	399
-2123	396
-2123	392
-2122	389
-2121	385
-2121	382
-2120	378
-2122	373
-2121	370
-2117	369
-2116	366
-2116	362
-2114	360
-2115	355
-2115	352
-2112	349
-2110	347
-2110	343
-2110	339
-2109	336
-2108	333
-2107	330
-2105	327
-2104	324
-2103	321
-2101	318
-2100	315
-2100	311
-2100	308
-2098	305
-2095	303
-2092	301
-2087	301
-2082	300
-2077	300
-2075	297
-2070	297
-2066	296
-2064	293
-2063	290
-2063	286
-2063	282
-2061	280
-2059	277
-2058	274
-2058	270
-2057	267
-2056	264
-2053	262
-2051	259
-2049	257
-2047	255
-2046	251
-2045	248
-2044	245
-2042	243
-2040	240
-2040	236
-2036	235
-2034	232
-2033	229
-2033	225
-2032	222
-2029	220
-2027	218
-2026	214
-2025	211
-2023	209
-2023	204
-2023	201
-2021	198
-2019	195
-2017	193
-2016	190
-2018	184
-2016	182
-2013	180
-2013	176
-2012	172
-2011	169
-2009	167
-2007	164
-2005	161
-2004	158
-2004	154
-2002	152
-2000	149
-1998	146
-1998	142
-2001	136
-1998	134
-1996	132
-1995	129
-1993	126
-1992	122
-1991	119
-1990	115
-1989	112
-1989	108
-1986	106
-1984	103
-1983	100
-1982	97
-1980	94
-1980	90
-1979	87
-1977	84
-1976	81
-1974	78
-1973	75
-1970	73
-1970	69
-1969	65
-1969	61
-1967	58
-1967	54
-1965	52
-1963	49
-1962	46
-1960	43
-1961	37
-1960	34
-1957	32
-1955	30
-1953	28
-1953	23
-1953	19
-1951	15
-1951	12
-1948	9
-1948	5
-1947	2
-1946	-1
-1944	-5
-1942	-7
-1940	-9
-1939	-13
-1937	-16
-1935	-19
-1934	-23
-1934	-26
-1932	-30
-1931	-33
-1930	-36
-1928	-39
-1926	-42
-1925	-45
-1923	-48
-1922	-52
-1920	-54
-1922	-61
-1921	-64
-1919	-67
-1917	-70
-1914	-72
-1913	-75
-1912	-79
-1910	-82
-1909	-85
-1909	-90
-1907	-93
-1907	-97
-1904	-99
-1902	-102
-1901	-106
-1901	-110
-1900	-114
-1899	-118
-1897	-120
-1896	-124
-1896	-129
-1893	-130
-1890	-133
-1889	-136
-1888	-140
-1886	-143
-1884	-146
-1883	-150
-1882	-153
-1878	-154
-1876	-157
-1874	-159
-1869	-159
-1865	-159
-1861	-160
-1858	-162
-1854	-163
-1844	-157
-1846	-165
-1843	-166
-1840	-168
-1838	-170
-1834	-172
-1816	-157
-1814	-160
-1815	-166
-1814	-169
-1809	-169
-1805	-170
-1801	-170
-1796	-170
-1792	-170
-1789	-172
-1787	-175
-1782	-174
-1778	-175
-1775	-177
-1774	-180
-1766	-176
-1756	-171
-1743	-160
-1737	-160
-1735	-162
-1733	-164
-1731	-167
-1727	-167
-1723	-168
-1717	-166
-1711	-164
-1705	-163
-1701	-163
-1697	-162
-1694	-164
-1690	-164
-1685	-164
-1680	-163
-1679	-167
-1678	-170
-1675	-172
-1666	-167
-1654	-157
-1646	-153
-1641	-152
-1636	-151
-1631	-150
-1626	-149
-1623	-150
-1621	-153
-1620	-157
-1620	-161
-1619	-165
-1618	-168
-1618	-174
-1617	-177
-1608	-171
-1601	-168
-1597	-168
-1593	-168
-1590	-170
-1587	-171
-1587	-176
-1581	-174
-1575	-171
-1571	-171
-1566	-170
-1557	-164
-1553	-164
-1549	-164
-1545	-163
-1542	-164
-1539	-166
-1536	-167
-1533	-168
-1529	-168
-1524	-167
-1519	-165
-1514	-164
-1514	-169
-1510	-169
-1506	-169
-1495	-160
-1492	-160
-1488	-161
-1485	-161
-1480	-160
-1475	-159
-1473	-161
-1471	-163
-1465	-161
-1459	-158
-1454	-156
-1450	-156
-1447	-156
-1444	-157
-1433	-148
-1426	-143
-1423	-145
-1421	-146
-1418	-148
-1416	-150
-1414	-152
-1411	-153
-1408	-154
-1407	-158
-1405	-160
-1404	-165
-1405	-170
-1397	-164
-1389	-158
-1383	-154
-1377	-151
-1373	-151
-1370	-152
-1367	-153
-1366	-156
-1364	-159
-1362	-161
-1359	-162
-1356	-163
-1354	-166
-1354	-171
-1356	-179
-1352	-178
-1341	-167
-1335	-163
-1332	-164
-1330	-167
-1327	-167
-1325	-170
-1323	-172
-1317	-168
-1313	-167
-1311	-169
-1308	-171
-1305	-171
-1302	-172
-1300	-174
-1297	-175
-1295	-177
-1292	-179
-1289	-179
-1284	-177
-1280	-176
-1277	-177
-1275	-179
-1272	-180
-1269	-181
-1265	-179
-1261	-178
-1258	-179
-1255	-180
-1252	-181
-1247	-178
-1243	-177
-1240	-177
-1236	-176
-1227	-168
-1225	-170
-1224	-173
-1220	-173
-1216	-171
-1211	-169
-1207	-168
-1204	-168
-1201	-169
-1197	-167
-1194	-169
-1191	-169
-1188	-169
-1185	-170
-1182	-170
-1179	-172
-1179	-176
-1174	-174
-1171	-173
-1168	-174
-1164	-174
-1160	-173
-1156	-171
-1152	-170
-1149	-171
-1146	-170
-1143	-171
-1141	-173
-1139	-176
-1137	-177
-1133	-176
-1130	-177
-1127	-176
-1123	-175
-1120	-175
-1117	-176
-1113	-174
-1108	-172
-1105	-172
-1103	-173
-1101	-175
-1099	-179
-1097	-181
-1094	-180
-1090	-180
-1088	-180
-1084	-179
-1080	-179
-1076	-177
-1073	-177
-1069	-175
-1065	-173
-1061	-173
-1058	-172
-1054	-171
-1051	-171
-1049	-173
-1047	-175
-1045	-176
-1041	-176
-1038	-176
-1036	-177
-1033	-178
-1028	-175
-1025	-174
-1022	-175
-1019	-175
-1016	-175
-1014	-176
-1012	-179
-1010	-181
-1007	-181
-1004	-180
-1000	-179
-997	-179
-993	-177
-989	-175
-986	-175
-983	-175
-980	-175
-977	-176
-974	-175
-970	-174
-967	-173
-964	-173
-962	-175
-961	-179
-961	-186
-958	-187
-955	-187
-953	-187
-949	-187
-944	-183
-941	-181
-937	-180
-934	-179
-929	-175
-922	-166
-914	-156
-905	-142
-901	-140
-899	-141
-896	-141
-893	-142
-891	-144
-891	-150
-891	-155
-889	-157
-883	-152
-896	-187
-894	-189
-869	-140
-866	-138
-863	-139
-860	-138
-857	-138
-855	-138
-853	-140
-865	-174
-783	-2
-779	1
-776	1
-773	2
-770	4
-767	4
-766	1
-763	2
-760	3
-757	3
-755	3
-752	4
-750	2
-748	2
-745	2
-743	1
-739	4
-737	4
-734	3
-733	-0
-734	-9
-734	-16
-732	-16
-727	-11
-723	-6
-720	-5
-720	-13
-719	-17
-718	-20
-718	-26
-747	-125
-746	-129
-745	-134
-743	-137
-742	-140
-740	-142
-738	-143
-735	-144
-732	-144
-730	-145
-728	-146
-726	-147
-723	-148
-721	-149
-718	-149
-716	-150
-714	-152
-711	-153
-709	-153
-706	-154
-704	-155
-702	-157
-699	-155
-696	-156
-694	-156
-691	-156
-688	-156
-686	-158
-684	-159
-682	-162
-679	-160
-675	-156
-673	-157
-671	-161
-670	-165
-669	-170
-667	-174
-665	-175
-663	-177
-661	-179
-658	-180
-656	-179
-653	-178
-650	-178
-646	-174
-642	-171
-640	-171
-637	-171
-634	-170
-632	-171
-629	-172
-627	-173
-623	-168
-620	-167
-618	-171
-616	-173
-614	-173
-612	-176
-610	-178
-607	-177
-605	-179
-602	-179
-599	-178
-596	-176
-593	-175
-590	-173
-587	-170
-583	-165
-579	-162
-576	-161
-574	-162
-572	-162
-568	-159
-565	-159
-564	-163
-562	-167
-561	-171
-560	-176
-557	-178
-555	-178
-553	-179
-550	-180
-549	-186
-547	-187
-544	-186
-542	-187
-539	-187
-537	-189
-534	-190
-532	-188
-529	-188
-526	-189
-524	-190
-521	-189
-519	-188
-516	-188
-513	-187
-510	-186
-508	-187
-505	-187
-503	-188
-501	-190
-498	-189
-495	-189
-492	-187
-490	-187
-487	-187
-485	-189
-482	-189
-480	-187
-477	-187
-474	-183
-470	-180
-468	-179
-465	-179
-463	-180
-460	-180
-458	-181
-456	-183
-454	-185
-452	-188
-449	-187
-446	-188
-444	-188
-441	-188
-439	-188
-436	-188
-434	-187
-431	-187
-428	-186
-426	-187
-423	-186
-421	-187
-419	-188
-416	-189
-414	-188
-411	-188
-407	-181
-404	-179
-402	-180
-400	-182
-397	-183
-395	-184
-393	-188
-391	-190
-388	-190
-386	-189
-383	-188
-381	-188
-378	-186
-375	-182
-372	-181
-370	-184
-368	-187
-365	-186
-363	-187
-360	-187
-358	-187
-356	-190
-353	-189
-351	-190
-348	-190
-346	-189
-343	-189
-341	-188
-338	-188
-336	-189
-333	-188
-330	-187
-328	-187
-325	-186
-323	-187
-321	-189
-318	-188
-315	-185
-313	-184
-310	-184
-308	-184
-305	-186
-303	-187
-301	-187
-298	-188
-296	-188
-293	-188
-291	-189
-288	-188
-286	-187
-283	-186
-280	-186
-278	-186
-276	-186
-273	-187
-271	-188
-268	-188
-266	-188
-263	-188
-261	-188
-258	-187
-256	-186
-253	-186
-251	-186
-248	-186
-246	-187
-244	-189
-241	-188
-239	-188
-236	-188
-234	-187
-231	-189
-229	-190
-226	-190
-224	-189
-221	-187
-219	-188
-216	-187
-214	-186
-211	-185
-209	-183
-206	-181
-203	-178
-201	-177
-198	-177
-196	-178
-194	-182
-192	-187
-189	-190
-187	-189
-184	-188
-182	-188
-180	-188
-177	-189
-175	-188
-172	-188
-170	-187
-167	-186
-165	-187
-162	-188
-160	-189
-157	-188
-155	-186
-152	-187
-150	-188
-148	-188
-145	-188
-143	-189
-140	-188
-138	-187
-135	-187
-133	-188
-130	-187
-128	-187
-125	-187
-123	-188
-121	-188
-118	-188
-116	-188
-113	-188
-111	-188
-108	-187
-106	-187
-103	-187
-101	-181
-98	-180
-96	-181
-94	-183
-91	-184
-89	-184
-86	-184
-84	-185
-81	-186
-77	-185
-74	-185
-72	-185
-69	-185
-67	-184
-64	-184
-62	-185
-59	-185
-57	-185
-54	-187
-52	-187
-50	-186
-47	-185
-45	-185
-42	-183
-40	-183
-37	-183
-35	-185
-32	-186
-30	-186
-28	-186
-25	-185
-23	-184
-20	-184
-18	-185
-15	-185
-13	-183
-10	-184
-8	-186
-6	-186
-3	-187
-1	-184
2	-184
4	-184
7	-184
9	-185
12	-186
14	-186
17	-186
19	-187
22	-187
24	-186
26	-184
29	-184
31	-184
34	-184
36	-185
39	-187
41	-185
43	-184
46	-183
48	-182
51	-184
53	-185
56	-186
58	-185
61	-184
63	-185
66	-185
68	-184
70	-183
73	-184
75	-185
78	-186
80	-187
83	-187
85	-186
88	-186
90	-185
93	-186
95	-185
98	-185
100	-185
103	-186
105	-186
108	-186
110	-186
113	-187
115	-188
117	-186
120	-185
122	-185
125	-184
127	-183
130	-184
132	-185
135	-186
137	-186
140	-186
142	-185
145	-186
147	-185
150	-186
152	-186
154	-184
157	-185
159	-186
162	-186
165	-186
167	-187
169	-186
172	-185
174	-185
177	-186
179	-186
182	-186
184	-185
187	-184
189	-184
191	-183
194	-183
197	-185
199	-187
202	-186
204	-186
207	-184
209	-184
212	-185
214	-184
217	-185
219	-186
222	-186
224	-186
226	-183
229	-182
231	-183
234	-184
237	-184
239	-184
242	-186
245	-187
247	-186
249	-184
251	-182
254	-185
257	-186
260	-186
262	-186
264	-185
267	-184
269	-183
272	-183
274	-183
277	-184
280	-184
282	-185
284	-184
287	-185
290	-187
292	-185
295	-184
297	-183
300	-185
302	-185
305	-186
308	-185
310	-185
312	-184
315	-185
318	-186
321	-187
323	-185
325	-185
328	-185
331	-185
333	-186
336	-185
338	-186
341	-185
343	-184
345	-183
348	-185
351	-184
353	-184
356	-183
358	-183
361	-183
363	-183
366	-184
369	-183
371	-183
373	-182
376	-182
379	-185
382	-185
384	-183
387	-184
390	-186
392	-186
395	-185
397	-184
400	-185
403	-186
406	-186
408	-185
410	-184
413	-185
416	-185
418	-185
421	-186
424	-186
426	-185
429	-185
431	-183
434	-183
437	-184
439	-185
442	-184
444	-183
447	-183
449	-183
452	-183
454	-182
457	-181
459	-179
460	-176
462	-172
464	-171
467	-172
470	-173
473	-175
477	-178
481	-182
484	-184
486	-183
489	-182
492	-184
495	-185
498	-187
500	-186
503	-184
505	-183
508	-185
511	-185
513	-184
516	-184
519	-184
522	-185
524	-185
527	-185
530	-185
532	-184
534	-183
537	-183
540	-185
543	-185
546	-184
548	-183
551	-184
554	-186
557	-186
560	-185
562	-184
564	-183
567	-183
570	-183
573	-183
575	-182
577	-180
581	-184
583	-183
586	-182
588	-181
591	-181
595	-183
597	-183
600	-182
603	-183
605	-183
608	-182
609	-177
608	-167
607	-157
606	-147
608	-145
611	-146
614	-146
616	-145
618	-143
622	-146
626	-149
629	-150
632	-149
634	-148
637	-148
640	-149
643	-149
646	-150
650	-155
657	-165
659	-163
661	-161
664	-161
668	-165
675	-176
681	-182
680	-172
678	-162
678	-156
679	-151
681	-147
683	-145
685	-144
689	-146
693	-150
695	-149
698	-148
700	-146
702	-146
705	-146
708	-145
710	-144
712	-143
714	-141
716	-138
718	-135
720	-135
723	-135
725	-132
727	-130
729	-128
731	-127
733	-126
735	-124
737	-120
738	-116
739	-113
741	-110
741	-106
742	-100
742	-94
741	-86
720	-23
720	-17
721	-13
722	-9
723	-5
724	-2
725	0
727	2
729	3
732	4
735	3
738	3
740	4
742	6
747	1
755	1
775	-1
776	3
778	4
781	3
785	2
891	-189
887	-176
890	-176
893	-175
897	-176
899	-176
902	-175
905	-175
908	-174
912	-175
914	-174
918	-175
922	-176
925	-177
928	-176
931	-176
934	-176
938	-177
941	-177
944	-178
949	-180
953	-182
957	-183
960	-184
963	-183
966	-183
970	-184
974	-184
976	-182
980	-184
983	-184
985	-182
988	-181
990	-180
993	-178
994	-175
996	-174
1000	-174
1003	-174
1006	-174
1010	-175
1015	-177
1019	-178
1022	-179
1025	-178
1028	-177
1031	-178
1035	-178
1037	-177
1041	-177
1045	-178
1048	-177
1051	-178
1055	-178
1057	-176
1059	-175
1063	-175
1066	-175
1069	-174
1072	-174
1077	-177
1080	-176
1084	-176
1087	-176
1090	-176
1094	-176
1097	-176
1101	-176
1105	-177
1108	-177
1110	-175
1113	-175
1117	-175
1121	-176
1125	-177
1128	-176
1131	-176
1134	-175
1138	-175
1141	-175
1144	-175
1147	-174
1151	-174
1154	-173
1156	-172
1160	-172
1164	-173
1169	-175
1172	-174
1176	-175
1181	-177
1182	-174
1184	-172
1189	-174
1194	-175
1198	-176
1201	-175
1204	-174
1208	-174
1212	-176
1216	-176
1219	-175
1222	-174
1225	-173
1227	-172
1233	-175
1238	-177
1240	-175
1243	-173
1247	-174
1252	-176
1256	-177
1259	-175
1261	-173
1265	-174
1269	-174
1272	-173
1276	-174
1281	-175
1284	-174
1288	-175
1291	-174
1293	-171
1296	-170
1300	-171
1303	-170
1306	-168
1308	-166
1311	-165
1314	-164
1318	-164
1320	-162
1323	-161
1326	-159
1330	-160
1340	-169
1351	-178
1355	-178
1356	-174
1357	-170
1357	-166
1360	-165
1364	-164
1368	-165
1372	-164
1375	-163
1379	-164
1383	-163
1386	-162
1388	-160
1404	-175
1416	-186
1418	-183
1419	-179
1420	-175
1420	-171
1421	-167
1422	-164
1425	-163
1428	-161
1431	-159
1431	-155
1434	-153
1436	-151
1436	-146
1439	-145
1443	-145
1449	-147
1464	-160
1473	-166
1477	-166
1482	-167
1492	-174
1497	-175
1500	-174
1480	-145
1478	-138
1480	-136
1485	-137
1493	-141
1524	-173
1530	-174
1535	-175
1522	-156
1532	-162
1541	-168
1542	-164
1537	-153
1534	-145
1535	-141
1537	-139
1540	-138
1547	-140
1550	-139
1553	-138
1576	-158
1585	-164
1589	-163
1592	-162
1596	-161
1597	-158
1596	-152
1605	-157
1606	-153
1607	-149
1609	-147
1612	-145
1617	-146
1621	-145
1624	-144
1629	-145
1645	-156
1648	-156
1651	-154
1655	-152
1654	-147
1654	-142
1655	-138
1658	-137
1663	-138
1668	-137
1672	-137
1675	-136
1683	-139
1689	-141
1693	-140
1695	-137
1698	-136
1700	-133
1700	-128
1708	-132
1711	-130
1714	-128
1719	-128
1724	-129
1745	-126
1746	-123
1747	-119
1750	-118
1758	-120
1768	-125
1775	-128
1768	-116
1765	-108
1765	-104
1768	-102
1771	-101
1774	-98
1776	-96
1781	-95
1784	-94
1788	-93
1795	-95
1799	-95
1803	-94
1808	-93
1811	-92
1816	-92
1823	-93
1877	-130
1849	-100
1885	-128
1884	-123
1885	-119
1887	-116
1888	-112
1888	-108
1889	-104
1891	-100
1892	-97
1895	-95
1894	-89
1900	-90
1905	-90
1913	-92
1920	-94
1925	-94
1930	-94
1930	-89
1954	-105
1957	-103
1958	-99
1960	-97
1963	-95
1966	-93
1969	-91
1972	-89
1978	-89
1987	-92
2001	-99
2013	-105
2015	-102
2014	-96
2015	-92
2019	-91
2019	-86
2031	-91
2035	-91
2037	-88
2042	-87
2045	-85
2047	-81
2047	-77
2092	-95
2095	-93
2086	-81
2094	-83
2097	-80
2097	-76
2098	-72
2103	-71
2112	-74
2117	-73
2121	-71
2124	-69
2121	-63
2123	-59
2134	-63
2136	-60
2138	-57
2136	-51
2146	-54
2148	-50
2165	-59
2171	-59
2176	-59
2189	-64
2194	-63
2198	-61
2197	-56
2208	-59
2203	-51
2204	-47
2217	-52
2226	-54
2242	-62
2260	-71
2266	-70
2268	-67
2269	-63
2293	-76
2298	-75
2300	-72
2300	-67
2302	-64
2304	-61
2303	-55
2302	-49
2300	-43
2300	-38
2302	-35
2304	-32
2310	-32
2357	-60
2370	-65
2378	-66
2380	-62
2379	-57
2391	-60
2386	-52
2390	-50
2393	-47
2392	-42
2408	-48
2407	-43
2403	-35
2411	-36
2415	-34
2439	-46
2442	-43
2444	-40
2445	-35
2448	-32
2452	-30
2456	-28
2458	-25
2459	-21
2462	-18
2465	-15
2462	-8
2465	-5
2467	-2
2465	4
2461	11
2461	16
2465	18
2466	22
2468	26
2467	31
2467	36
2459	46
2459	51
2457	57
2455	62
2456	67
2456	71
2458	74
2460	78
2455	86
2455	91
2453	96
2454	100
2455	104
2457	108
2458	111
2460	115
2461	119
2463	122
2463	127
2463	131
2461	137
2463	140
2465	144
2465	148
2466	152
2467	156
2466	161
2466	165
2469	168
2471	172
2472	175
2474	179
2472	185
2472	189
2472	194
2471	199
2473	202
2474	206
2472	211
2473	215
2473	220
2472	225
2474	228
2476	231
2477	235
2476	240
2477	244
2477	249
2477	253
2478	257
2480	260
2481	264
2483	267
2483	271
2482	276
2481	281
2480	286
2483	289
2486	292
2487	295
2488	299
2487	303
2488	308
2489	311
2490	315
2489	320
2489	324
2489	329
2489	333
2490	336
2493	339
2494	343
2495	347
2495	351
2495	355
2496	359
2498	362
2499	366
2499	370
2500	374
2499	379
2500	382
2501	386
2501	390
2502	394
2503	398
2504	402
2505	405
2507	408
2508	412
2508	416
2511	419
2512	423
2512	427
2512	431
2513	435
2516	438
2517	441
2518	445
2520	448
2518	453
2517	458
2516	462
2517	466
2519	469
2520	473
2520	477
2521	480
2521	485
2520	489
2517	495
2520	498
2522	501
2521	505
2522	509
2524	512
2525	516
2526	519
2525	524
2524	528
2526	532
2528	535
2528	539
2529	543
2530	546
2529	551
2529	554
2531	558
2532	561
2534	565
2534	568
2535	572
2535	576
2533	581
2532	586
2532	589
2533	593
2533	597
2535	600
2534	605
2534	609
2537	611
2540	614
2540	618
2541	622
2543	625
2543	629
2543	633
2543	637
2544	641
2544	644
2545	648
2547	651
2548	655
2550	658
2547	663
2547	667
2547	671
2548	674
2549	678
2549	682
2551	685
2553	688
2553	692
2552	696
2554	700
2554	703
2554	707
2555	711
2555	715
2555	719
2557	722
2559	725
2559	729
2559	733
2558	737
2557	741
2558	745
2560	748
2560	752
2559	756
2560	760
2561	763
2562	767
2562	770
2563	774
2563	778
2565	781
2564	785
2564	789
2562	794
2563	797
2565	800
2566	804
2568	807
2569	810
2571	814
2571	818
2569	822
2566	827
2565	831
2565	835
2564	839
2565	842
2567	845
2568	849
2568	853
2569	856
2570	860
2569	864
2570	867
2572	870
2574	874
2575	877
2575	881
2577	884
2578	888
2578	891
2576	896
2576	899
2577	903
2578	906
2578	910
2579	913
2580	917
2581	921
2580	925
2581	928
2579	932
2577	937
2577	940
2578	944
2579	947
2580	951
2580	955
2580	958
2580	962
2580	966
2581	969
2582	973
2582	976
2582	980
2583	983
2584	987
2585	990
2586	994
2586	998
2586	1001
2586	1005
2586	1009
2587	1012
2587	1016
2589	1019
2591	1022
2593	1025
2593	1029
2593	1033
2593	1037
2594	1040
2594	1044
2595	1047
2595	1051
2595	1054
2594	1058
2594	1062
2593	1066
2594	1069
2594	1073
2595	1076
2596	1080
2596	1083
2595	1087
2596	1091
2596	1095
2597	1098
2595	1102
2595	1106
2597	1109
2598	1112
2596	1116
2594	1120
2596	1124
2599	1127
2600	1130
2600	1134
2598	1138
2598	1142
2598	1145
2600	1148
2600	1152
2598	1156
2600	1159
2600	1163
2600	1167
2600	1170
2602	1173
2604	1177
2604	1180
2604	1184
2603	1188
2603	1191
2605	1195
2604	1198
2604	1202
2605	1205
2602	1209
2604	1213
2607	1216
2607	1219
2607	1223
2606	1227
2609	1230
2611	1233
2611	1237
2612	1240
2610	1244
2611	1248
2612	1251
2612	1255
2614	1258
2612	1262
2612	1266
2612	1269
2613	1273
2613	1276
2614	1280
2613	1283
2613	1287
2613	1291
2613	1294
2615	1297
2615	1301
2616	1304
2617	1308
2617	1311
2618	1315
2617	1319
2618	1322
2617	1326
2617	1329
2615	1333
2616	1337
2618	1340
2619	1343
2619	1347
2618	1351
2618	1354
2618	1358
2619	1361
2618	1365
2620	1368
2619	1372
2620	1375
2620	1379
2621	1382
2622	1386
2621	1390
2621	1393
2620	1397
2621	1400
2623	1404
2623	1407
2623	1411
2624	1414
2623	1418
2624	1421
2625	1425
2625	1428
2624	1432
2625	1435
2627	1439
2627	1442
2628	1446
2628	1449
2628	1453
2630	1456
2631	1460
2632	1463
2632	1467
2633	1470
2633	1474
2633	1477
2633	1481
2633	1485
2631	1488
2631	1492
2631	1495
2633	1499
2636	1502
2637	1506
2638	1509
2638	1513
2637	1516
2637	1520
2636	1523
2638	1527
2638	1530
2637	1534
2638	1537
2638	1541
2640	1545
2640	1548
2640	1552
2640	1555
2640	1559
2640	1562
2642	1566
2642	1569
2642	1573
2644	1576
2645	1580
2644	1583
2643	1587
2644	1591
2645	1594
2647	1598
2647	1601
2647	1605
2647	1608
2647	1612
2647	1615
2647	1619
2647	1622
2650	1626
2649	1630
2651	1633
2652	1637
2653	1640
2653	1644
2653	1647
2653	1651
2653	1654
2651	1658
2651	1662
