2632	1672
2632	1676
2633	1679
2636	1683
2638	1686
2639	1690
2639	1697
2641	1700
2641	1704
2640	1708
2640	1711
2641	1715
2642	1718
2641	1722
2641	1725
2639	1729
2640	1732
2642	1736
2644	1739
2641	1743
2642	1747
2643	1750
2643	1754
2643	1757
2643	1761
2643	1764
2644	1768
2645	1771
2645	1775
2644	1779
2644	1782
2644	1786
2642	1789
2641	1793
2642	1796
2645	1800
2646	1803
2647	1807
2646	1811
2646	1814
2647	1818
2648	1821
2648	1825
2647	1828
2647	1832
2649	1836
2650	1839
2649	1843
2648	1846
2647	1850
2647	1853
2647	1857
2647	1861
2649	1864
2650	1868
2649	1871
2648	1875
2647	1878
2647	1882
2648	1886
2647	1889
2643	1892
2646	1896
2647	1900
2643	1903
2643	1907
2641	1910
2641	1913
2643	1917
2648	1921
2652	1925
2653	1929
2654	1933
2652	1936
2650	1939
2652	1943
2653	1947
2653	1950
2654	1954
2657	1958
2655	1961
2656	1965
2655	1969
2657	1972
2658	1976
2658	1980
2658	1983
2658	1987
2658	1991
2659	1994
2660	1998
2661	2002
2663	2005
2660	2009
2661	2013
2662	2016
2663	2020
2663	2024
2663	2027
2661	2031
2662	2034
2665	2038
2667	2042
2667	2046
2668	2050
2668	2053
2667	2057
2669	2061
2669	2064
2673	2069
2674	2072
2675	2076
2674	2080
2674	2083
2674	2087
2672	2091
2672	2094
2673	2098
2674	2102
2673	2105
2674	2109
2677	2113
2675	2116
2673	2120
2677	2124
2679	2128
2679	2132
2680	2136
2680	2139
2679	2143
2680	2147
2679	2150
2681	2154
2681	2158
2678	2161
2678	2165
2679	2169
2681	2173
2683	2177
2682	2181
2682	2184
2683	2188
2681	2191
2682	2195
2686	2200
2688	2204
2688	2208
2689	2212
2689	2215
2690	2219
2690	2223
2689	2227
2689	2230
2687	2234
2686	2237
2686	2241
2684	2244
2684	2248
2686	2252
2687	2256
2688	2260
2691	2265
2691	2268
2693	2272
2692	2276
2691	2280
2690	2283
2691	2287
2692	2291
2693	2295
2695	2299
2695	2303
2694	2307
2693	2310
2691	2314
2690	2317
2689	2321
2689	2325
2690	2329
2692	2333
2693	2337
2694	2341
2694	2345
2694	2349
2696	2353
2696	2357
2696	2361
2696	2364
2695	2368
2693	2371
2694	2376
2695	2380
2695	2383
2695	2387
2695	2391
2696	2395
2696	2399
2695	2403
2696	2407
2695	2410
2696	2414
2696	2418
2697	2422
2697	2426
2696	2430
2696	2434
2696	2438
2697	2442
2697	2446
2696	2449
2696	2453
2697	2457
2698	2461
2698	2465
2696	2469
2695	2473
2698	2477
2700	2482
2699	2485
2698	2489
2699	2493
2698	2497
2699	2501
2701	2505
2701	2510
2699	2513
2700	2517
2702	2522
2705	2526
2703	2530
2701	2533
2699	2537
2703	2542
2704	2546
2708	2551
2707	2555
2707	2559
2706	2563
2706	2566
2705	2570
2704	2574
2704	2578
2705	2582
2709	2587
2707	2591
2707	2595
2707	2599
2709	2603
2708	2607
2707	2611
2706	2615
2707	2619
2707	2623
2709	2628
2709	2632
2709	2636
2711	2641
2711	2645
2712	2649
2711	2653
2710	2656
2708	2660
2709	2664
2709	2668
2708	2672
2708	2676
2710	2681
2712	2686
2712	2690
2711	2694
2711	2698
2710	2702
2709	2705
2711	2710
2713	2715
2714	2720
2715	2724
2714	2728
2713	2732
2712	2735
2712	2740
2714	2744
2712	2748
2711	2752
2711	2756
2713	2761
2712	2765
2712	2769
2718	2775
2717	2779
2717	2783
2716	2787
2715	2791
2715	2795
2715	2799
2716	2804
2718	2809
2719	2814
2716	2817
2716	2821
2717	2826
2717	2830
2717	2834
2716	2838
2718	2843
2719	2848
2718	2852
2718	2856
2718	2860
2718	2865
2718	2869
2717	2873
2716	2877
2713	2880
2714	2884
2719	2891
2718	2895
2720	2900
2721	2905
2720	2909
2720	2913
2719	2917
2719	2921
2719	2926
2719	2930
2718	2934
2720	2939
2719	2943
2717	2947
2716	2951
2717	2955
2719	2961
2721	2966
2722	2971
2721	2975
2721	2979
2722	2984
2720	2988
2719	2992
2720	2996
2718	3000
2716	3004
2716	3008
2716	3013
2718	3018
2716	3022
2717	3027
2721	3033
2720	3037
2718	3041
2720	3046
2724	3052
2721	3055
2720	3060
2720	3064
2719	3068
2720	3073
2720	3078
2719	3082
2718	3086
2717	3090
2717	3095
2719	3100
2718	3104
2718	3109
2720	3114
2719	3118
2719	3123
2710	3123
2688	3116
2665	3109
2651	3106
2647	3108
2643	3111
2640	3114
2638	3117
2638	3122
2644	3129
2714	3181
2716	3187
2716	3191
2716	3196
2716	3201
2715	3205
2715	3210
2716	3215
2715	3219
2715	3224
2715	3229
2715	3233
2716	3239
2716	3244
2715	3248
2715	3252
2717	3258
2718	3263
2716	3268
2715	3272
2714	3276
2713	3280
2711	3284
2713	3290
2712	3294
2713	3300
2713	3305
2714	3310
2713	3314
2715	3320
2714	3325
2716	3330
2714	3335
2715	3340
2714	3344
2711	3348
2710	3352
2710	3357
2712	3363
2710	3367
2710	3371
2711	3377
2709	3381
2707	3385
2706	3389
2705	3393
2705	3398
2704	3403
2706	3409
2707	3415
2706	3419
2705	3423
2703	3428
2703	3432
2703	3437
2702	3442
2705	3449
2705	3454
2706	3460
2704	3464
2703	3468
2702	3473
2702	3478
2702	3483
2702	3488
2701	3492
2700	3497
2700	3502
2700	3507
2698	3511
2697	3516
2700	3523
2701	3529
2699	3533
2699	3538
2698	3542
2698	3548
2696	3552
2696	3557
2694	3561
2693	3566
2695	3572
2695	3577
2694	3582
2691	3585
2689	3589
2693	3597
2692	3602
2690	3606
2688	3610
2687	3615
2685	3618
2684	3623
2685	3630
2685	3635
2684	3640
2684	3645
2684	3650
2682	3654
2680	3659
2678	3662
2675	3666
2674	3671
2676	3677
2676	3683
2676	3688
2674	3693
2673	3697
2672	3702
2671	3707
2672	3713
2670	3717
2668	3721
2666	3725
2664	3729
2662	3733
2665	3741
2665	3747
2665	3752
2663	3756
2660	3760
2658	3764
2659	3770
2658	3776
2657	3780
2655	3784
2651	3787
2651	3793
2653	3800
2653	3805
2653	3812
2651	3815
2651	3821
2652	3828
2651	3833
2647	3835
2645	3840
2647	3847
2648	3854
2650	3861
2648	3865
2647	3871
2645	3875
2645	3880
2640	3882
2643	3890
2644	3897
2643	3902
2642	3907
2641	3912
2639	3917
2640	3924
2639	3928
2637	3933
2638	3940
2638	3946
2638	3952
2636	3956
2633	3959
2628	3962
2628	3968
2627	3973
2626	3978
2625	3983
2622	3987
2621	3992
2620	3997
2613	3997
2592	3985
2576	3978
2572	3980
2572	3986
2568	3989
2565	3992
2563	3996
2566	4005
2560	4006
2564	4016
2585	4040
2601	4061
2600	4067
2599	4071
2597	4076
2596	4082
2595	4087
2594	4093
2595	4100
2593	4104
2592	4109
2591	4115
2590	4121
2589	4126
2587	4131
2586	4136
2584	4141
2582	4145
2581	4151
2579	4155
2576	4160
2573	4163
2569	4166
2562	4165
2554	4164
2549	4166
2545	4169
2562	4191
2563	4200
2564	4206
2563	4213
2564	4220
2561	4224
2559	4228
2557	4233
2555	4238
2554	4244
2554	4251
2553	4256
2555	4264
2279	3999
2275	4001
2272	4017
2270	4021
2266	4023
2271	4040
2268	4043
2264	4046
2259	4058
2257	4063
2253	4065
2504	4329
2500	4333
2498	4337
2494	4340
2491	4344
2491	4350
2488	4354
2484	4358
2481	4361
2478	4365
2476	4371
2474	4375
2471	4379
2467	4382
2464	4386
2462	4391
2460	4396
2457	4400
2454	4403
2451	4407
2449	4412
2446	4417
2443	4421
2441	4425
2439	4430
2435	4433
2433	4437
2431	4443
2428	4447
2426	4452
2425	4459
2422	4462
2417	4464
2413	4467
2410	4470
2407	4475
2406	4480
2405	4487
2402	4491
2399	4494
2395	4498
2392	4502
2389	4506
2386	4510
2383	4514
2384	4522
2384	4531
2382	4535
2380	4540
2375	4542
2371	4546
2368	4550
2366	4554
2363	4558
2360	4563
2357	4566
2352	4569
2348	4572
2346	4576
2342	4580
2339	4583
2335	4586
2331	4589
2327	4592
2324	4596
2321	4600
2316	4602
2313	4606
2310	4610
2308	4615
2307	4622
2304	4626
2300	4629
2296	4632
2294	4637
2291	4642
2287	4645
2284	4649
2280	4652
2277	4656
2273	4660
2270	4663
2266	4666
2262	4669
2258	4673
2255	4676
2252	4680
2249	4684
2246	4689
2243	4692
2240	4697
2236	4701
2233	4704
2227	4705
2223	4707
2219	4711
2217	4716
2213	4720
2211	4724
2207	4728
2205	4733
2202	4737
2198	4740
2195	4745
2194	4752
2193	4759
2188	4760
2184	4764
2182	4769
2179	4774
2177	4779
2172	4781
2167	4782
2162	4784
2155	4783
2152	4787
2148	4790
2144	4793
2141	4798
2137	4800
2133	4803
2130	4809
2128	4814
2125	4818
2122	4823
2118	4827
2114	4829
2110	4831
2104	4833
2101	4836
2100	4844
2098	4849
2092	4851
2090	4857
2087	4860
2084	4865
2081	4869
2078	4875
2075	4879
2072	4883
2069	4888
2066	4892
2062	4895
2058	4899
2055	4902
2052	4909
2049	4912
2046	4917
2042	4920
2039	4925
2035	4927
2031	4932
2027	4934
2022	4936
2019	4940
2014	4943
2010	4945
2007	4950
2004	4954
2000	4958
1996	4961
1993	4965
1988	4968
1984	4971
1982	4976
1979	4981
1974	4983
1969	4984
1963	4985
1960	4990
1957	4995
1954	4998
1949	5000
1945	5004
1944	5011
1940	5016
1938	5021
1933	5024
1929	5026
1923	5027
1919	5029
1914	5031
1910	5034
1906	5037
1902	5040
1898	5044
1894	5048
1890	5051
1886	5054
1882	5056
1878	5060
1874	5063
1870	5066
1865	5069
1861	5072
1857	5075
1854	5080
1851	5084
1847	5088
1843	5091
1839	5094
1834	5097
1830	5099
1825	5101
1820	5103
1816	5106
1813	5111
1810	5116
1805	5119
1800	5119
1796	5123
1793	5128
1790	5133
1786	5137
1783	5142
1779	5145
1774	5147
1770	5151
1766	5154
1762	5157
1757	5159
1753	5162
1750	5166
1745	5169
1740	5170
1735	5173
1732	5177
1728	5180
1723	5183
1720	5187
1716	5191
1709	5188
1703	5189
1701	5196
1701	5207
1697	5210
1691	5211
1685	5210
1680	5211
1676	5214
1671	5215
1666	5217
1662	5221
1663	5236
1658	5237
1653	5238
1648	5240
1644	5243
1640	5248
1631	5239
1626	5241
1625	5252
1617	5247
1613	5250
1609	5254
1604	5256
1600	5258
1594	5259
1589	5261
1585	5263
1580	5265
1575	5267
1571	5270
1566	5272
1562	5275
1557	5278
1553	5280
1549	5285
1546	5289
1542	5292
1538	5296
1533	5298
1527	5299
1523	5302
1519	5305
1513	5305
1508	5307
1504	5309
1499	5311
1494	5313
1491	5318
1487	5324
1483	5326
1478	5329
1474	5331
1468	5332
1464	5336
1460	5338
1456	5341
1451	5343
1446	5345
1442	5349
1438	5352
1433	5355
1429	5360
1426	5364
1422	5368
1417	5371
1412	5373
1408	5376
1404	5379
1398	5379
1393	5380
1388	5383
1384	5386
1380	5389
1375	5391
1370	5393
1366	5396
1362	5400
1357	5402
1350	5398
1345	5400
1341	5404
1337	5408
1332	5411
1328	5413
1323	5415
1318	5417
1313	5420
1309	5423
1304	5425
1299	5426
1294	5428
1289	5430
1284	5431
1280	5434
1275	5436
1270	5437
1265	5439
1261	5443
1256	5446
1252	5448
1247	5450
1241	5449
1236	5451
1231	5453
1226	5455
1221	5457
1217	5460
1212	5462
1207	5464
1203	5466
1198	5469
1193	5470
1188	5472
1183	5475
1179	5477
1174	5480
1170	5483
1165	5486
1160	5488
1156	5491
1151	5494
1146	5495
1141	5498
1137	5501
1133	5505
1128	5507
1123	5509
1118	5511
1114	5514
1109	5516
1104	5519
1100	5522
1095	5525
1090	5526
1085	5527
1079	5527
1075	5530
1070	5532
1065	5535
1060	5537
1056	5539
1050	5541
1046	5543
1041	5545
1036	5547
1031	5550
1026	5552
1021	5553
1016	5555
1011	5556
1006	5559
1002	5561
996	5562
991	5564
986	5564
981	5565
976	5568
972	5571
967	5574
962	5577
957	5579
953	5582
948	5586
943	5588
938	5589
933	5589
927	5590
923	5593
918	5597
914	5601
909	5602
903	5602
898	5604
894	5608
889	5612
885	5615
880	5616
874	5617
869	5619
864	5621
859	5623
855	5626
850	5628
844	5629
840	5631
835	5635
830	5635
824	5635
819	5635
814	5637
809	5639
804	5641
798	5641
793	5642
788	5642
782	5642
777	5643
771	5642
766	5642
761	5643
756	5645
751	5646
745	5646
740	5647
735	5648
730	5649
725	5650
720	5652
714	5652
709	5651
703	5651
698	5651
693	5651
687	5651
682	5650
676	5651
671	5652
666	5653
661	5653
655	5653
650	5654
645	5654
639	5654
634	5654
629	5655
624	5656
618	5655
613	5655
607	5655
602	5652
596	5650
591	5651
586	5653
581	5655
575	5655
570	5654
564	5653
559	5655
554	5657
550	5661
545	5664
540	5664
534	5662
528	5661
523	5661
518	5662
513	5662
507	5661
502	5661
496	5661
491	5661
486	5661
480	5659
475	5658
470	5659
465	5662
460	5663
455	5666
450	5669
445	5671
439	5669
434	5667
428	5665
423	5664
418	5664
412	5664
407	5665
402	5667
397	5668
392	5669
387	5671
381	5670
376	5671
371	5672
366	5672
360	5672
355	5673
350	5673
345	5673
339	5674
334	5674
329	5675
324	5674
318	5675
313	5676
308	5676
303	5677
298	5680
293	5680
287	5679
282	5676
277	5677
271	5678
266	5679
261	5681
256	5682
251	5682
245	5682
240	5682
235	5681
230	5681
224	5682
219	5686
214	5687
209	5689
204	5689
199	5688
193	5690
188	5690
183	5690
178	5690
172	5690
167	5690
162	5692
157	5693
152	5694
146	5698
141	5697
136	5696
131	5695
125	5695
120	5695
115	5695
110	5695
104	5696
99	5696
94	5697
89	5697
83	5695
78	5693
73	5691
67	5694
62	5694
57	5693
52	5694
46	5697
41	5699
36	5698
31	5698
26	5697
20	5697
15	5697
10	5696
4	5696
-1	5696
-6	5694
-11	5694
-17	5690
-22	5688
-27	5687
-32	5686
-38	5686
-43	5686
-48	5687
-53	5687
-59	5687
-64	5687
-69	5687
-74	5686
-79	5685
-85	5683
-90	5682
-95	5681
-100	5681
-106	5682
-111	5682
-116	5681
-116	5022
-121	5020
-125	5021
-129	5022
-134	5018
-138	5015
-142	5015
-147	5016
-151	5014
-155	5004
-159	5001
-164	5000
-168	5000
-172	4998
-177	4999
-181	4999
-185	5000
-190	5000
-194	5001
-199	5004
-203	5012
-208	5017
-212	5017
-217	5018
-221	5019
-226	5022
-230	5023
-234	5021
-283	5666
-288	5667
-293	5669
-299	5668
-304	5668
-309	5667
-314	5667
-320	5669
-325	5670
-330	5669
-335	5669
-340	5669
-346	5669
-351	5671
-356	5671
-362	5671
-367	5670
-372	5668
-377	5667
-382	5666
-387	5664
-392	5661
-397	5660
-402	5659
-408	5657
-413	5655
-418	5654
-423	5656
-429	5658
-434	5656
-439	5654
-444	5652
-449	5650
-454	5648
-459	5646
-464	5645
-469	5646
-475	5645
-480	5644
-485	5645
-490	5644
-495	5640
-500	5638
-505	5637
-510	5634
-515	5632
-520	5630
-525	5629
-530	5630
-536	5629
-541	5628
-546	5627
-551	5625
-556	5624
-561	5623
-566	5621
-571	5622
-577	5623
-582	5623
-587	5623
-592	5623
-598	5623
-603	5625
-609	5626
-614	5628
-619	5628
-625	5629
-630	5630
-635	5629
-640	5628
-645	5627
-650	5625
-655	5623
-660	5621
-666	5621
-671	5620
-676	5618
-681	5617
-686	5617
-692	5618
-697	5618
-702	5617
-707	5615
-712	5614
-717	5613
-723	5613
-728	5613
-733	5612
-738	5612
-744	5613
-749	5612
-754	5611
-759	5609
-764	5608
-769	5608
-774	5607
-779	5602
-783	5599
-788	5597
-793	5595
-798	5591
-802	5585
-806	5579
-811	5575
-815	5570
-820	5566
-824	5562
-829	5561
-834	5561
-840	5561
-844	5558
-849	5554
-853	5552
-859	5550
-864	5549
-869	5550
-874	5550
-880	5550
-884	5548
-889	5547
-895	5548
-900	5548
-905	5547
-910	5546
-915	5543
-920	5539
-924	5537
-929	5532
-933	5527
-937	5524
-942	5522
-947	5520
-952	5519
-957	5518
-962	5516
-967	5515
-972	5513
-977	5512
-982	5513
-988	5515
-993	5514
-999	5515
-1005	5518
-1011	5522
-1017	5525
-1023	5526
-1028	5527
-1033	5526
-1038	5524
-1043	5522
-1048	5521
-1053	5521
-1058	5519
-1063	5518
-1069	5518
-1074	5517
-1079	5516
-1084	5515
-1089	5513
-1095	5514
-1100	5515
-1105	5514
-1110	5513
-1115	5512
-1121	5511
-1126	5511
-1131	5510
-1136	5509
-1141	5506
-1146	5505
-1151	5504
-1156	5502
-1160	5499
-1164	5495
-1169	5492
-1174	5490
-1179	5489
-1184	5489
-1189	5487
-1194	5486
-1199	5483
-1204	5483
-1210	5483
-1215	5482
-1219	5479
-1224	5476
-1229	5475
-1234	5474
-1240	5474
-1245	5474
-1250	5472
-1255	5470
-1260	5470
-1265	5468
-1270	5468
-1276	5468
-1281	5467
-1286	5467
-1291	5465
-1296	5464
-1302	5464
-1307	5463
-1312	5461
-1317	5460
-1322	5458
-1326	5456
-1331	5453
-1336	5452
-1341	5450
-1346	5447
-1350	5444
-1355	5443
-1360	5441
-1365	5439
-1370	5438
-1374	5434
-1379	5431
-1383	5430
-1388	5427
-1392	5423
-1397	5421
-1401	5417
-1406	5415
-1411	5414
-1416	5412
-1421	5410
-1426	5409
-1430	5406
-1435	5406
-1441	5406
-1446	5404
-1451	5403
-1456	5401
-1461	5400
-1466	5398
-1471	5397
-1476	5396
-1481	5395
-1487	5394
-1492	5394
-1497	5393
-1502	5390
-1507	5388
-1511	5385
-1515	5382
-1520	5379
-1524	5376
-1529	5373
-1533	5369
-1538	5367
-1542	5366
-1547	5363
-1551	5359
-1556	5357
-1561	5357
-1566	5355
-1570	5351
-1574	5348
-1580	5347
-1584	5345
-1588	5341
-1593	5339
-1598	5337
-1602	5334
-1607	5332
-1613	5332
-1618	5332
-1623	5330
-1627	5326
-1631	5323
-1636	5320
-1641	5318
-1645	5315
-1650	5314
-1655	5312
-1660	5310
-1664	5308
-1669	5305
-1673	5303
-1678	5301
-1684	5302
-1690	5303
-1696	5301
-1700	5299
-1705	5298
-1710	5295
-1714	5292
-1719	5290
-1724	5288
-1729	5286
-1735	5287
-1739	5284
-1744	5282
-1749	5280
-1754	5279
-1759	5278
-1764	5275
-1768	5273
-1773	5271
-1778	5269
-1782	5266
-1787	5264
-1792	5262
-1796	5258
-1800	5255
-1805	5254
-1810	5252
-1814	5249
-1818	5246
-1824	5245
-1829	5243
-1832	5239
-1836	5234
-1840	5231
-1845	5230
-1850	5227
-1854	5223
-1858	5219
-1862	5216
-1865	5212
-1869	5208
-1873	5205
-1876	5200
-1880	5195
-1883	5190
-1887	5186
-1891	5182
-1895	5180
-1900	5177
-1904	5175
-1909	5172
-1914	5171
-1918	5168
-1922	5164
-1925	5159
-1930	5157
-1935	5156
-1940	5154
-1944	5151
-1949	5150
-1955	5150
-1960	5147
-1964	5145
-1969	5142
-1973	5138
-1977	5135
-1981	5131
-1985	5128
-1989	5124
-1992	5120
-1997	5119
-2002	5117
-2007	5115
-2012	5114
-2017	5112
-2022	5110
-2026	5108
-2031	5105
-2036	5103
-2040	5100
-2044	5096
-2048	5094
-2053	5091
-2057	5088
-2060	5083
-2063	5077
-2066	5073
-2068	5067
-2072	5064
-2076	5059
-2080	5057
-2084	5053
-2088	5050
-2092	5046
-2096	5043
-2098	5036
-2101	5032
-2105	5029
-2109	5025
-2113	5022
-2117	5019
-2121	5014
-2125	5012
-2130	5010
-2135	5008
-2138	5004
-2142	5000
-2145	4996
-2150	4994
-2153	4988
-2156	4984
-2160	4980
-2163	4976
-2167	4972
-2169	4967
-2174	4964
-2177	4961
-2182	4959
-2186	4956
-2191	4953
-2195	4951
-2199	4947
-2202	4943
-2207	4940
-2212	4939
-2218	4939
-2221	4935
-2225	4932
-2230	4929
-2230	4921
-2234	4917
-2237	4912
-2241	4909
-2245	4906
-2248	4902
-2252	4899
-2257	4897
-2263	4896
-2266	4891
-2269	4887
-2272	4883
-2276	4879
-2279	4875
-2282	4870
-2284	4865
-2287	4860
-2291	4857
-2296	4854
-2300	4851
-2303	4848
-2307	4844
-2310	4839
-2314	4836
-2318	4833
-2321	4828
-2324	4824
-2327	4820
-2332	4818
-2336	4815
-2340	4813
-2343	4808
-2347	4804
-2350	4800
-2354	4797
-2359	4794
-2363	4792
-2367	4788
-2370	4784
-2373	4780
-2378	4778
-2382	4775
-2386	4772
-2389	4767
-2392	4763
-2394	4758
-2398	4754
-2401	4750
-2405	4747
-2410	4745
-2415	4743
-2418	4739
-2421	4735
-2425	4732
-2428	4727
-2431	4723
-2434	4719
-2438	4716
-2442	4713
-2447	4711
-2450	4706
-2452	4701
-2456	4698
-2460	4695
-2464	4692
-2469	4689
-2473	4687
-2477	4684
-2481	4681
-2484	4677
-2488	4673
-2490	4668
-2493	4663
-2496	4659
-2500	4656
-2500	4648
-2503	4644
-2505	4639
-2509	4635
-2512	4631
-2514	4626
-2517	4622
-2520	4618
-2523	4613
-2525	4608
-2528	4604
-2532	4600
-2535	4596
-2538	4592
-2540	4587
-2543	4583
-2546	4579
-2549	4574
-2552	4570
-2554	4565
-2557	4561
-2560	4556
-2562	4551
-2565	4547
-2568	4543
-2571	4539
-2574	4535
-2578	4531
-2582	4529
-2585	4525
-2587	4520
-2590	4515
-2591	4510
-2594	4505
-2597	4501
-2601	4498
-2603	4493
-2606	4489
-2608	4484
-2610	4479
-2614	4476
-2618	4472
-2622	4470
-2624	4465
-2626	4459
-2630	4456
-2631	4450
-2633	4445
-2636	4441
-2640	4438
-2644	4435
-2646	4431
-2651	4428
-2653	4423
-2656	4419
-2659	4416
-2662	4411
-2664	4406
-2666	4401
-2667	4395
-2670	4391
-2673	4387
-2677	4384
-2679	4380
-2683	4376
-2683	4369
-2683	4362
-2686	4358
-2689	4354
-2691	4349
-2693	4344
-2695	4339
-2696	4334
-2700	4330
-2703	4327
-2705	4322
-2708	4318
-2710	4313
-2713	4309
-2715	4304
-2717	4299
-2719	4294
-2721	4289
-2722	4284
-2724	4279
-2727	4275
-2728	4269
-2728	4263
-2730	4258
-2734	4254
-2738	4252
-2740	4247
-2741	4241
-2743	4237
-2744	4231
-2746	4227
-2748	4222
-2749	4216
-2750	4211
-2752	4206
-2754	4201
-2757	4197
-2760	4193
-2764	4190
-2767	4186
-2767	4180
-2767	4173
-2770	4169
-2772	4165
-2774	4160
-2775	4155
-2777	4150
-2781	4147
-2785	4144
-2786	4139
-2787	4133
-2788	4128
-2792	4125
-2793	4119
-2793	4113
-2797	4110
-2800	4106
-2804	4103
-2805	4098
-2805	4092
-2806	4086
-2808	4081
-2808	4075
-2809	4070
-2811	4065
-2813	4061
-2814	4055
-2815	4050
-2818	4046
-2821	4043
-2822	4037
-2824	4032
-2825	4028
-2825	4021
-2825	4015
-2826	4010
-2827	4004
-2828	3998
-2828	3993
-2831	3989
-2835	3986
-2837	3982
-2838	3977
-2838	3970
-2837	3964
-2840	3960
-2841	3955
-2842	3949
-2844	3945
-2846	3940
-2846	3935
-2848	3930
-2849	3925
-2850	3920
-2854	3917
-2856	3913
-2856	3907
-2856	3901
-2858	3896
-2858	3890
-2860	3886
-2861	3881
-2862	3875
-2861	3869
-2865	3866
-2867	3862
-2868	3857
-2870	3852
-2872	3848
-2873	3843
-2875	3839
-2877	3834
-2878	3830
-2878	3823
-2877	3817
-2877	3811
-2872	3802
-2883	3804
-2884	3799
-2885	3794
-2883	3787
-2886	3784
-2889	3780
-2889	3775
-2890	3770
-2893	3766
-2893	3760
-2893	3754
-2895	3750
-2889	3741
-2891	3736
-2894	3733
-2893	3726
-2893	3720
-2896	3717
-2896	3711
-2894	3705
-2897	3701
-2900	3698
-2897	3690
-2900	3686
-2901	3682
-2899	3675
-2900	3670
-2899	3664
-2901	3660
-2902	3654
-2900	3648
-2900	3642
-2902	3638
-2902	3633
-2904	3628
-2905	3624
-2906	3619
-2907	3614
-2907	3609
-2906	3603
-2905	3597
-2907	3593
-2906	3587
-2906	3582
-2909	3578
-2910	3573
-2910	3568
-2909	3562
-2909	3556
-2911	3553
-2913	3548
-2912	3542
-2911	3537
-2912	3532
-2912	3527
-2911	3521
-2911	3516
-2908	3508
-2909	3504
-2911	3500
-2912	3495
-2915	3492
-2916	3487
-2915	3481
-2914	3476
-2916	3471
-2913	3464
-2913	3459
-2913	3454
-2909	3446
-2909	3441
-2911	3437
-2910	3432
-2909	3426
-2909	3421
-2909	3416
-2910	3411
-2912	3407
-2913	3403
-2914	3399
-2913	3393
-2914	3388
-2913	3383
-2913	3378
-2914	3373
-2914	3368
-2913	3362
-2912	3357
-2912	3352
-2912	3347
-2912	3342
-2914	3338
-2917	3335
-2919	3331
-2917	3325
-2916	3319
-2915	3314
-2914	3308
-2913	3303
-2913	3298
-2914	3294
-2914	3289
-2915	3284
-2916	3280
-2916	3275
-2917	3271
-2914	3264
-2912	3258
-2912	3254
-2912	3249
-2910	3242
-2909	3237
-2909	3233
-2910	3228
-2908	3222
-2909	3218
-2912	3215
-2907	3207
-2906	3202
-2907	3198
-2908	3194
-2910	3190
-2910	3185
-2908	3179
-2909	3175
-2910	3171
-2909	3165
-2907	3160
-2908	3156
-2910	3152
-2911	3148
-2912	3144
-2909	3137
-2909	3133
-2911	3129
-2911	3124
-2907	3118
-2902	3110
-2913	3111
-2903	3102
-2900	3096
-2898	3090
-2899	3086
-2900	3081
-2899	3076
-2896	3071
-2894	3065
-2893	3060
-2895	3056
-2894	3051
-2892	3046
-2891	3041
-2891	3036
-2893	3033
-2895	3029
-2894	3024
-2890	3018
-2888	3012
-2887	3007
-2887	3003
-2886	2998
-2884	2992
-2884	2988
-2885	2984
-2885	2979
-2885	2975
-2885	2970
-2883	2965
-2880	2959
-2882	2955
-2885	2953
-2883	2947
-2880	2942
-2879	2937
-2881	2933
-2880	2928
-2882	2925
-2882	2920
-2879	2915
-2875	2909
-2874	2904
-2873	2899
-2872	2894
-2872	2890
-2874	2886
-2874	2882
-2873	2877
-2870	2872
-2869	2867
-2867	2862
-2866	2857
-2867	2853
-2863	2847
-2862	2842
-2860	2837
-2860	2833
-2859	2828
-2858	2824
-2858	2819
-2859	2815
-2868	2815
-2866	2810
-2866	2806
-2866	2801
-2863	2796
-2851	2787
-2849	2782
-2849	2778
-2847	2773
-2843	2767
-2841	2762
-2840	2757
-2838	2753
-2839	2749
-2839	2745
-2841	2741
-2840	2737
-2838	2732
-2835	2727
-2833	2722
-2831	2717
-2832	2713
-2830	2708
-2828	2703
-2828	2699
-2827	2695
-2825	2690
-2824	2685
-2823	2681
-2823	2677
-2822	2673
-2823	2669
-2824	2665
-2825	2661
-2825	2657
-2823	2653
-2821	2648
-2819	2643
-2812	2637
-2813	2633
-2813	2629
-2813	2625
-2813	2621
-2813	2617
-2813	2613
-2813	2609
-2814	2605
-2812	2601
-2809	2596
-2807	2591
-2805	2586
-2804	2582
-2806	2579
-2807	2575
-2805	2570
-2803	2566
-2804	2562
-2803	2558
-2802	2554
-2801	2550
-2797	2544
-2792	2539
-2793	2535
-2796	2532
-2796	2528
-2796	2524
-2795	2520
-2794	2516
-2790	2511
-2788	2506
-2789	2503
-2788	2498
-2787	2494
-2787	2490
-2788	2487
-2787	2483
-2784	2478
-2783	2474
-2783	2470
-2780	2465
-2780	2461
-2781	2458
-2781	2454
-2773	2448
-2772	2444
-2773	2440
-2775	2437
-2773	2433
-2772	2429
-2771	2425
-2772	2421
-2771	2417
-2770	2413
-2771	2409
-2771	2406
-2771	2402
-2772	2398
-2771	2394
-2764	2389
-2764	2385
-2766	2382
-2765	2378
-2763	2373
-2762	2369
-2763	2366
-2762	2362
-2761	2358
-2762	2354
-2762	2350
-2762	2347
-2758	2342
-2755	2338
-2753	2333
-2749	2329
-2746	2324
-2746	2321
-2749	2318
-2750	2314
-2748	2310
-2748	2306
-2749	2303
-2749	2299
-2749	2295
-2744	2290
-2746	2287
-2748	2284
-2748	2280
-2747	2276
-2741	2271
-2740	2268
-2740	2264
-2741	2261
-2742	2257
-2741	2253
-2739	2249
-2734	2244
-2734	2241
-2735	2237
-2736	2234
-2733	2230
-2731	2226
-2730	2222
-2731	2218
-2731	2215
-2731	2211
-2730	2207
-2727	2203
-2727	2199
-2728	2196
-2727	2192
-2721	2187
-2717	2183
-2717	2179
-2717	2176
-2718	2172
-2718	2169
-2716	2165
-2717	2162
-2718	2158
-2716	2154
-2714	2150
-2713	2147
-2714	2143
-2715	2140
-2717	2137
-2717	2133
-2716	2129
-2715	2125
-2711	2121
-2707	2117
-2708	2114
-2706	2110
-2706	2106
-2707	2103
-2709	2100
-2711	2096
-2708	2092
-2705	2088
-2702	2084
-2702	2081
-2701	2077
-2700	2074
-2699	2070
-2699	2066
-2699	2063
-2699	2059
-2698	2056
-2698	2052
-2694	2048
-2692	2044
-2690	2041
-2691	2037
-2690	2034
-2690	2030
-2688	2026
-2689	2023
-2687	2019
-2687	2016
-2686	2012
-2682	2008
-2682	2005
-2681	2001
-2682	1998
-2680	1994
-2678	1990
-2677	1987
-2676	1983
-2678	1980
-2678	1976
-2677	1973
-2676	1969
-2675	1966
-2673	1962
-2670	1958
-2669	1955
-2670	1951
-2672	1948
-2673	1945
-2669	1941
-2666	1937
-2665	1934
-2666	1930
-2666	1927
-2664	1923
-2663	1920
-2663	1916
-2662	1913
-2659	1909
-2657	1906
-2657	1902
-2657	1899
-2657	1895
-2656	1892
-2654	1888
-2654	1885
-2655	1882
-2653	1878
-2653	1875
-2654	1871
-2654	1868
-2650	1864
-2647	1861
-2646	1857
-2647	1854
-2648	1850
-2649	1847
-2648	1844
-2646	1840
-2644	1837
-2643	1833
-2642	1830
-2641	1826
-2641	1823
-2639	1819
-2638	1816
-2638	1813
-2637	1809
-2636	1806
-2634	1802
-2632	1799
-2630	1795
-2631	1792
-2631	1789
-2631	1785
-2629	1782
-2629	1779
-2627	1775
-2627	1772
-2625	1768
-2625	1765
-2625	1762
-2624	1758
-2624	1755
-2624	1752
-2623	1748
-2622	1745
-2620	1741
-2618	1738
-2618	1735
-2616	1731
-2616	1728
-2615	1725
-2615	1721
-2615	1718
-2612	1715
-2611	1711
-2609	1708
-2609	1705
-2610	1701
-2610	1698
-2611	1695
-2610	1691
-2607	1688
-2607	1685
-2607	1681
-2604	1678
-2604	1675
-2603	1671
-2600	1668
-2599	1665
-2599	1661
-2599	1658
-2596	1655
-2595	1651
-2595	1648
-2595	1645
-2594	1642
-2595	1638
-2593	1635
-2588	1632
-2587	1628
-2586	1625
-2585	1622
-2585	1619
-2585	1615
-2584	1612
-2582	1609
-2582	1606
-2581	1602
-2580	1599
-2579	1596
-2578	1592
-2577	1589
-2576	1586
-2575	1583
-2574	1579
-2574	1576
-2572	1573
-2571	1570
-2571	1566
-2571	1563
-2571	1560
-2570	1557
-2568	1553
-2567	1550
-2566	1547
-2565	1544
-2565	1540
-2563	1537
-2559	1534
-2556	1531
-2556	1528
-2555	1525
-2552	1522
-2552	1518
-2552	1515
-2552	1512
-2551	1509
-2549	1505
-2548	1502
-2547	1499
-2547	1496
-2544	1493
-2543	1490
-2541	1487
-2540	1483
-2539	1480
-2538	1477
-2536	1474
-2536	1471
-2535	1467
-2534	1464
-2534	1461
-2532	1458
-2531	1455
-2531	1452
-2530	1448
-2531	1445
-2531	1442
-2530	1439
-2532	1435
-2532	1432
-2530	1429
-2530	1426
-2529	1422
-2526	1419
-2525	1416
-2524	1413
-2522	1410
-2523	1407
-2524	1403
-2522	1400
-2521	1397
-2519	1394
-2515	1391
-2515	1388
-2514	1385
-2513	1382
-2513	1379
-2512	1375
-2511	1372
-2508	1369
-2507	1366
-2508	1363
-2508	1360
-2508	1357
-2506	1353
-2505	1350
-2503	1347
-2503	1344
-2502	1341
-2501	1338
-2501	1335
-2502	1331
-2502	1328
-2499	1325
-2499	1322
-2498	1319
-2499	1315
-2498	1312
-2499	1309
-2498	1306
-2495	1303
-2494	1300
-2494	1297
-2491	1294
-2494	1290
-2491	1287
-2488	1285
-2487	1281
-2487	1278
-2485	1275
-2485	1272
-2483	1269
-2482	1266
-2482	1263
-2482	1259
-2482	1256
-2479	1253
-2478	1251
-2477	1247
-2477	1244
-2477	1241
-2476	1238
-2475	1235
-2473	1232
-2475	1228
-2473	1225
-2471	1222
-2469	1220
-2467	1217
-2466	1214
-2465	1210
-2464	1208
-2463	1204
-2462	1201
-2463	1198
-2462	1195
-2460	1192
-2460	1189
-2459	1186
-2457	1183
-2456	1180
-2454	1177
-2453	1174
-2449	1171
-2445	1169
-2446	1166
-2446	1162
-2446	1159
-2446	1156
-2447	1152
-2447	1149
-2446	1146
-2445	1143
-2441	1140
-2439	1138
-2438	1134
-2438	1131
-2438	1128
-2436	1125
-2436	1122
-2433	1119
-2432	1116
-2430	1113
-2429	1111
-2427	1108
-2426	1105
-2426	1101
-2427	1098
-2428	1094
-2427	1091
-2424	1089
-2422	1086
-2421	1083
-2421	1080
-2421	1076
-2418	1074
-2415	1071
-2412	1069
-2412	1066
-2413	1062
-2413	1059
-2414	1055
-2412	1053
-2409	1050
-2408	1047
-2407	1044
-2404	1041
-2405	1038
-2407	1034
-2408	1031
-2405	1028
-2402	1025
-2402	1022
-2402	1019
-2400	1016
-2400	1013
-2399	1010
-2398	1007
-2399	1003
-2399	1000
-2395	998
-2389	996
-2388	993
-2386	991
-2385	988
-2385	984
-2384	981
-2382	978
-2381	975
-2382	972
-2381	969
-2380	966
-2379	963
-2377	960
-2376	957
-2374	954
-2374	951
-2373	948
-2371	945
-2370	942
-2370	939
-2369	936
-2368	933
-2368	930
-2368	926
-2365	924
-2363	921
-2362	918
-2362	915
-2362	912
-2361	909
-2360	906
-2359	903
-2358	900
-2356	897
-2354	894
-2353	891
-2352	888
-2351	885
-2347	883
-2346	880
-2343	878
-2342	875
-2341	872
-2341	868
-2341	865
-2340	862
-2339	859
-2338	856
-2338	853
-2338	850
-2336	847
-2335	844
-2335	840
-2335	837
-2333	834
-2331	832
-2329	829
-2329	826
-2328	822
-2327	820
-2327	816
-2326	813
-2323	811
-2322	808
-2322	805
-2322	801
-2321	798
-2319	795
-2318	793
-2318	789
-2316	786
-2313	784
-2313	781
-2313	777
-2312	775
-2310	772
-2308	769
-2308	766
-2307	763
-2307	759
-2307	756
-2306	753
-2305	750
-2304	747
-2303	744
-2303	740
-2303	737
-2301	734
-2300	731
-2299	728
-2297	726
-2296	722
-2296	719
-2294	717
-2292	714
-2289	711
-2291	707
-2291	704
-2289	701
-2289	698
-2288	695
-2286	692
-2285	689
-2284	686
-2282	683
-2282	680
-2282	677
-2281	673
-2281	670
-2279	667
-2279	664
-2278	660
-2276	658
-2274	656
-2274	652
-2272	649
-2274	645
-2273	642
-2272	639
-2270	636
-2269	633
-2268	630
-2267	627
-2266	624
-2264	621
-2264	618
-2261	615
-2261	612
-2260	609
-2260	606
-2259	602
-2259	599
-2258	596
-2258	592
-2256	590
-2255	587
-2254	584
-2252	581
-2251	578
-2249	575
-2248	572
-2247	569
-2247	566
-2246	562
-2245	559
-2246	555
-2245	552
-2244	549
-2243	546
-2242	542
-2239	540
-2238	538
-2236	535
-2234	532
-2233	529
-2232	526
-2231	523
-2229	520
-2230	516
-2230	513
-2230	509
-2228	506
-2225	504
-2224	501
-2223	498
-2222	495
-2223	491
-2223	487
-2222	484
-2220	481
-2219	478
-2217	475
-2216	472
-2214	470
-2214	466
-2212	464
-2211	460
-2212	456
-2210	453
-2209	450
-2208	447
-2206	444
-2205	441
-2203	439
-2203	435
-2203	431
-2203	427
-2201	425
-2198	423
-2198	419
-2198	415
-2197	412
-2194	410
-2192	408
-2191	404
-2191	400
-2191	397
-2190	393
-2189	390
-2188	387
-2188	383
-2186	381
-2183	378
-2182	376
-2182	371
-2184	366
-2182	364
-2182	360
-2181	357
-2181	353
-2180	350
-2179	347
-2177	344
-2174	342
-2172	339
-2171	336
-2168	334
-2167	331
-2166	327
-2167	323
-2166	320
-2164	317
-2161	315
-2159	312
-2156	310
-2150	310
-2145	310
-2139	310
-2140	305
-2134	306
-2123	309
-2121	307
-2117	305
-2112	305
-2106	305
-2098	306
-2094	305
-2089	305
-2085	304
-2080	303
-2078	301
-2074	299
-2069	299
-2064	299
-2061	297
-2059	295
-2058	291
-2056	289
-2053	287
-2051	284
-2052	280
-2054	275
-2053	271
-2051	269
-2051	265
-2051	261
-2049	258
-2048	255
-2046	253
-2045	249
-2044	246
-2044	242
-2044	238
-2042	236
-2041	232
-2041	229
-2041	225
-2041	220
-2040	217
-2039	214
-2037	211
-2036	208
-2036	204
-2034	201
-2033	198
-2034	194
-2033	190
-2033	186
-2032	183
-2031	180
-2029	177
-2030	172
-2029	168
-2027	166
-2025	163
-2026	159
-2026	155
-2025	151
-2024	148
-2022	145
-2022	141
-2020	139
-2020	135
-2020	130
-2019	127
-2018	123
-2018	120
-2016	117
-2014	114
-2013	111
-2012	107
-2011	104
-2009	101
-2006	99
-2005	96
-2005	92
-2007	86
-2006	82
-2004	80
-2002	77
-2002	73
-2003	67
-2002	64
-2001	61
-2000	57
-1999	54
-1997	51
-1997	46
-1997	43
-1996	39
-1994	36
-1992	34
-1991	30
-1991	26
-1991	21
-1991	17
-1991	13
-1990	9
-1989	6
-1986	3
-1987	-2
-1987	-6
-1984	-8
-1983	-12
-1982	-15
-1981	-19
-1979	-22
-1978	-26
-1978	-30
-1978	-34
-1976	-37
-1975	-41
-1975	-45
-1974	-49
-1972	-52
-1972	-56
-1972	-61
-1971	-64
-1968	-67
-1969	-72
-1967	-75
-1969	-81
-1966	-83
-1964	-86
-1963	-90
-1963	-94
-1962	-98
-1965	-105
-1966	-111
-1965	-115
-1962	-117
-1962	-121
-1961	-125
-1959	-128
-1955	-129
-1950	-129
-1946	-130
-1944	-133
-1942	-136
-1937	-136
-1931	-135
-1927	-136
-1928	-141
-1929	-147
-1930	-153
-1929	-157
-1901	-134
-1896	-133
-1893	-135
-1890	-137
-1888	-140
-1881	-137
-1877	-138
-1875	-140
-1874	-145
-1878	-153
-1885	-165
-1884	-169
-1870	-160
-1855	-150
-1843	-142
-1835	-138
-1827	-135
-1822	-135
-1818	-135
-1813	-134
-1808	-134
-1806	-136
-1805	-140
-1804	-144
-1803	-148
-1803	-153
-1803	-158
-1804	-164
-1803	-167
-1797	-166
-1790	-163
-1783	-161
-1779	-161
-1771	-158
-1764	-154
-1760	-155
-1757	-156
-1754	-158
-1752	-161
-1748	-161
-1744	-162
-1741	-164
-1741	-168
-1734	-166
-1729	-164
-1724	-163
-1718	-162
-1679	-124
-1674	-122
-1669	-122
-1668	-126
-1669	-131
-1671	-138
-1674	-147
-1679	-157
-1682	-165
-1674	-161
-1671	-162
-1668	-163
-1664	-164
-1661	-166
-1658	-167
-1655	-169
-1652	-170
-1648	-171
-1643	-170
-1636	-166
-1630	-164
-1624	-161
-1618	-159
-1610	-155
-1604	-153
-1601	-153
-1598	-155
-1594	-155
-1591	-156
-1588	-158
-1586	-160
-1584	-162
-1581	-163
-1579	-166
-1580	-172
-1580	-177
-1570	-170
-1563	-166
-1560	-167
-1538	-145
-1528	-138
-1524	-137
-1520	-138
-1517	-139
-1514	-140
-1510	-140
-1507	-141
-1504	-143
-1500	-142
-1496	-142
-1493	-143
-1489	-143
-1486	-143
-1483	-144
-1478	-143
-1474	-142
-1470	-143
-1466	-143
-1463	-144
-1460	-145
-1457	-146
-1454	-146
-1450	-146
-1447	-148
-1444	-149
-1442	-151
-1443	-158
-1441	-160
-1440	-163
-1429	-153
-1420	-146
-1414	-143
-1411	-144
-1410	-148
-1408	-150
-1406	-153
-1403	-154
-1402	-156
-1401	-161
-1400	-164
-1396	-164
-1385	-154
-1370	-137
-1363	-133
-1360	-133
-1358	-136
-1357	-140
-1355	-143
-1352	-143
-1351	-146
-1348	-148
-1346	-149
-1344	-152
-1343	-155
-1341	-158
-1340	-161
-1338	-163
-1335	-165
-1333	-168
-1332	-170
-1329	-171
-1324	-169
-1319	-168
-1316	-168
-1313	-169
-1310	-170
-1307	-171
-1305	-173
-1303	-175
-1300	-176
-1296	-176
-1294	-177
-1292	-179
-1285	-174
-1281	-173
-1277	-172
-1272	-171
-1269	-171
-1266	-172
-1262	-172
-1259	-172
-1257	-173
-1254	-174
-1251	-174
-1248	-175
-1244	-175
-1241	-175
-1237	-175
-1233	-174
-1230	-173
-1227	-174
-1223	-174
-1220	-174
-1216	-174
-1213	-174
-1210	-174
-1206	-173
-1203	-174
-1200	-174
-1197	-175
-1193	-175
-1191	-176
-1188	-177
-1184	-176
-1181	-176
-1176	-173
-1173	-174
-1170	-175
-1167	-175
-1164	-176
-1161	-175
-1157	-175
-1154	-176
-1151	-176
-1148	-177
-1146	-177
-1143	-178
-1139	-178
-1136	-177
-1133	-179
-1129	-177
-1126	-177
-1122	-177
-1120	-177
-1116	-177
-1113	-177
-1110	-177
-1107	-178
-1104	-178
-1100	-178
-1097	-177
-1094	-178
-1092	-179
-1089	-180
-1086	-180
-1082	-180
-1078	-177
-1075	-178
-1073	-179
-1070	-180
-1066	-179
-1063	-179
-1060	-179
-1057	-179
-1053	-178
-1050	-179
-1047	-178
-1044	-179
-1041	-179
-1038	-179
-1035	-179
-1032	-178
-1029	-179
-1026	-179
-1022	-179
-1020	-179
-1017	-180
-1014	-180
-1010	-179
-1007	-178
-1004	-179
-1002	-181
-999	-181
-997	-183
-994	-182
-991	-182
-988	-183
-985	-184
-980	-180
-973	-172
-967	-166
-965	-166
-962	-167
-960	-169
-958	-171
-955	-172
-934	-134
-932	-134
-929	-135
-927	-137
-924	-138
-922	-139
-922	-145
-921	-150
-920	-154
-919	-157
-917	-159
-913	-157
-906	-147
-899	-139
-895	-136
-892	-136
-889	-137
-887	-139
-885	-141
-884	-144
-884	-152
-882	-154
-878	-151
-875	-149
-871	-149
-869	-149
-865	-146
-861	-145
-859	-145
-856	-145
-853	-146
-850	-146
-778	-2
-775	-1
-773	-2
-770	-2
-767	-1
-764	0
-762	-1
-759	-1
-757	0
-754	0
-751	0
-749	-0
-746	1
-744	1
-741	1
-739	-0
-735	2
-733	1
-732	-2
-732	-8
-732	-16
-731	-20
-727	-15
-722	-9
-719	-7
-718	-14
-717	-17
-716	-21
-715	-25
-745	-133
-744	-136
-742	-139
-740	-141
-738	-143
-736	-144
-733	-145
-731	-146
-729	-147
-726	-148
-724	-150
-722	-151
-720	-152
-717	-152
-714	-153
-712	-153
-710	-154
-707	-155
-705	-156
-702	-157
-700	-157
-697	-158
-695	-158
-692	-159
-690	-159
-687	-160
-685	-161
-682	-161
-679	-159
-677	-160
-674	-159
-671	-159
-668	-160
-668	-165
-667	-172
-666	-177
-664	-179
-651	-148
-648	-146
-645	-146
-643	-147
-641	-148
-638	-148
-635	-147
-633	-148
-631	-151
-629	-154
-629	-160
-627	-162
-624	-162
-622	-164
-619	-165
-616	-161
-611	-153
-607	-149
-604	-148
-602	-150
-600	-152
-597	-152
-596	-156
-599	-176
-598	-180
-595	-182
-593	-182
-590	-182
-588	-182
-584	-180
-581	-179
-578	-177
-575	-173
-571	-171
-569	-173
-568	-178
-566	-182
-564	-182
-561	-181
-559	-182
-556	-182
-554	-183
-551	-183
-548	-182
-547	-186
-545	-189
-542	-190
-540	-190
-537	-188
-534	-188
-532	-189
-529	-188
-526	-188
-524	-190
-521	-190
-519	-190
-516	-189
-514	-190
-511	-190
-509	-190
-506	-190
-503	-189
-501	-190
-498	-191
-496	-190
-493	-190
-490	-190
-488	-191
-485	-190
-483	-190
-480	-190
-477	-190
-475	-192
-473	-191
-470	-191
-467	-191
-465	-191
-462	-191
-460	-192
-457	-192
-455	-192
-452	-191
-449	-191
-447	-190
-444	-190
-442	-190
-439	-192
-437	-192
-434	-191
-431	-190
-429	-191
-426	-191
-424	-191
-421	-191
-419	-191
-416	-190
-413	-190
-411	-191
-409	-191
-406	-191
-403	-191
-401	-190
-398	-190
-396	-190
-393	-191
-391	-192
-388	-191
-386	-191
-383	-191
-381	-191
-378	-190
-376	-190
-373	-190
-370	-190
-368	-192
-366	-192
-363	-191
-361	-192
-358	-191
-356	-193
-353	-192
-351	-192
-348	-191
-345	-190
-343	-191
-341	-193
-338	-192
-335	-191
-333	-192
-330	-191
-328	-192
-325	-192
-323	-192
-320	-192
-318	-192
-315	-190
-313	-190
-310	-190
-308	-189
-305	-191
-303	-192
-300	-190
-298	-190
-295	-191
-293	-190
-290	-190
-288	-191
-285	-191
-283	-190
-280	-191
-278	-190
-275	-190
-273	-191
-271	-192
-268	-191
-265	-191
-263	-191
-261	-192
-258	-191
-255	-190
-253	-190
-251	-191
-248	-191
-246	-191
-243	-191
-241	-192
-238	-192
-236	-192
-233	-191
-230	-178
-227	-178
-225	-178
-222	-179
-220	-180
-217	-179
-215	-178
-212	-177
-210	-176
-207	-175
-205	-175
-202	-175
-200	-175
-197	-176
-195	-177
-193	-179
-190	-181
-188	-181
-186	-181
-183	-183
-181	-185
-178	-180
-175	-174
-172	-167
-170	-162
-167	-159
-165	-157
-162	-155
-160	-153
-157	-153
-155	-152
-152	-152
-150	-153
-148	-155
-145	-161
-144	-174
-142	-185
-139	-185
-137	-186
-134	-189
-132	-193
-130	-192
-127	-192
-125	-193
-122	-193
-120	-193
-117	-192
-115	-192
-112	-191
-110	-191
-107	-191
-105	-192
-102	-192
-100	-193
-98	-193
-95	-193
-93	-193
-90	-193
-88	-192
-85	-193
-83	-192
-80	-192
-78	-192
-75	-193
-70	-194
-68	-194
-66	-194
-63	-193
-61	-191
-58	-191
-56	-193
-53	-192
-51	-192
-48	-193
-46	-192
-43	-192
-41	-193
-38	-193
-36	-193
-34	-193
-31	-193
-29	-194
-26	-193
-24	-193
-21	-193
-19	-192
-16	-192
-14	-193
-11	-193
-9	-193
-6	-193
-4	-192
-2	-192
1	-193
3	-193
6	-192
8	-191
11	-192
13	-192
16	-191
18	-191
21	-192
23	-193
26	-194
28	-194
30	-192
33	-192
35	-192
38	-193
40	-192
43	-192
45	-194
48	-193
50	-192
53	-192
55	-192
57	-190
60	-190
63	-192
65	-192
67	-192
70	-191
72	-191
75	-192
77	-192
80	-192
82	-192
85	-192
87	-193
90	-193
92	-193
95	-192
97	-192
100	-193
102	-193
105	-194
107	-194
110	-193
112	-194
115	-192
117	-192
120	-194
122	-195
125	-194
127	-193
130	-193
132	-194
135	-193
137	-193
139	-192
142	-191
144	-191
147	-192
149	-193
152	-191
154	-191
157	-192
159	-193
162	-192
164	-191
167	-192
169	-192
172	-193
174	-193
177	-192
179	-192
182	-192
184	-192
187	-193
189	-193
192	-192
195	-194
197	-193
199	-191
202	-192
204	-193
207	-192
209	-192
212	-193
214	-192
217	-193
219	-191
222	-190
224	-190
227	-191
230	-192
232	-193
235	-193
237	-192
240	-191
242	-192
245	-193
247	-193
250	-192
252	-192
255	-195
258	-193
260	-192
262	-193
265	-192
267	-192
270	-190
272	-192
275	-192
278	-193
280	-192
283	-192
285	-192
288	-191
290	-192
293	-190
295	-190
298	-190
300	-192
303	-192
305	-191
308	-190
311	-193
314	-193
316	-193
318	-191
321	-191
324	-192
326	-193
329	-193
331	-193
334	-192
336	-191
339	-191
341	-191
344	-192
347	-191
349	-193
352	-193
355	-193
357	-192
360	-192
362	-192
365	-191
367	-192
370	-193
373	-193
375	-191
377	-189
380	-191
383	-191
385	-191
388	-191
390	-189
393	-190
396	-190
398	-191
401	-190
403	-190
406	-192
409	-191
411	-191
414	-192
417	-191
419	-190
422	-190
424	-190
427	-191
430	-192
433	-192
435	-190
437	-189
440	-189
442	-188
445	-189
448	-190
451	-190
453	-191
456	-190
458	-189
461	-189
462	-182
463	-180
466	-178
468	-176
470	-175
472	-173
475	-172
477	-172
479	-170
481	-167
483	-165
485	-164
487	-162
489	-159
491	-157
493	-153
496	-154
498	-155
502	-158
506	-162
511	-171
516	-177
518	-177
519	-171
521	-167
522	-164
524	-161
526	-159
529	-160
532	-161
535	-162
538	-162
542	-167
546	-172
550	-174
552	-173
553	-169
555	-165
556	-161
558	-158
561	-158
563	-158
565	-156
567	-153
569	-150
569	-142
569	-137
572	-135
574	-134
577	-136
580	-137
585	-142
601	-181
604	-182
605	-177
610	-181
608	-168
606	-155
606	-147
607	-142
608	-140
610	-137
612	-135
614	-133
616	-132
619	-132
621	-131
624	-132
629	-136
634	-143
639	-148
642	-149
645	-149
648	-149
652	-152
655	-154
657	-153
662	-157
664	-157
667	-156
670	-156
673	-158
676	-158
678	-155
679	-150
680	-146
681	-144
684	-143
687	-143
690	-144
693	-145
697	-148
704	-157
707	-157
709	-156
712	-155
714	-154
716	-152
718	-151
721	-151
724	-150
726	-149
728	-147
730	-146
733	-146
735	-144
738	-143
741	-143
743	-141
744	-138
745	-134
746	-129
747	-124
747	-119
748	-114
748	-109
721	-26
721	-19
720	-10
721	-7
722	-3
723	0
725	1
728	1
731	0
734	-1
736	-0
739	1
741	1
774	-3
775	-0
778	-1
780	-0
870	-150
875	-154
888	-173
889	-168
890	-164
892	-162
893	-159
892	-152
892	-144
894	-142
896	-141
899	-140
902	-140
905	-140
913	-150
924	-164
930	-170
934	-171
936	-169
937	-166
939	-164
941	-161
943	-159
945	-156
947	-155
950	-155
954	-157
961	-163
968	-171
971	-170
974	-170
977	-169
980	-168
982	-168
986	-169
990	-170
994	-171
998	-172
1001	-172
1005	-173
1010	-176
1015	-179
1018	-178
1021	-179
1025	-179
1028	-178
1031	-179
1034	-178
1039	-180
1042	-180
1044	-179
1048	-179
1051	-180
1055	-180
1058	-179
1061	-179
1062	-175
1064	-172
1065	-169
1067	-167
1069	-164
1072	-164
1077	-166
1087	-178
1091	-178
1094	-178
1098	-178
1101	-178
1105	-179
1108	-178
1111	-177
1114	-177
1117	-177
1121	-177
1123	-176
1127	-176
1131	-177
1135	-178
1139	-178
1142	-178
1145	-178
1149	-179
1153	-179
1156	-178
1159	-177
1162	-176
1165	-176
1168	-176
1173	-177
1176	-177
1179	-177
1182	-176
1187	-177
1191	-177
1194	-177
1197	-177
1201	-177
1204	-177
1208	-177
1212	-177
1215	-177
1219	-177
1222	-177
1226	-177
1228	-175
1232	-176
1236	-176
1239	-175
1243	-175
1246	-174
1250	-175
1254	-175
1257	-174
1261	-175
1265	-175
1268	-175
1270	-172
1272	-170
1273	-166
1275	-164
1278	-162
1279	-159
1281	-156
1282	-153
1284	-151
1286	-148
1288	-146
1292	-146
1297	-148
1303	-151
1311	-157
1319	-162
1327	-168
1333	-171
1335	-168
1338	-167
1340	-165
1343	-164
1347	-164
1351	-164
1354	-163
1355	-160
1357	-157
1361	-157
1364	-157
1367	-155
1365	-148
1364	-141
1364	-137
1367	-136
1370	-134
1373	-133
1375	-131
1379	-131
1383	-132
1388	-133
1394	-135
1400	-138
1409	-144
1417	-149
1422	-150
1424	-148
1428	-147
1434	-151
1439	-152
1444	-152
1461	-169
1440	-138
1443	-136
1446	-135
1449	-135
1454	-136
1461	-139
1470	-145
1481	-153
1487	-155
1491	-155
1495	-155
1499	-155
1502	-153
1505	-153
1509	-152
1513	-152
1516	-150
1518	-148
1519	-145
1521	-142
1524	-141
1527	-138
1529	-136
1533	-136
1535	-134
1537	-132
1541	-130
1543	-128
1547	-128
1552	-128
1557	-130
1572	-142
1579	-144
1582	-143
1585	-142
1587	-139
1588	-135
1589	-131
1590	-128
1591	-125
1593	-122
1595	-119
1597	-116
1598	-113
1601	-111
1604	-110
1613	-115
1621	-118
1627	-121
1636	-125
1646	-131
1651	-132
1652	-128
1654	-125
1658	-125
1663	-125
1667	-124
1670	-123
1673	-122
1680	-124
1684	-124
1692	-127
1694	-124
1696	-121
1698	-119
1702	-118
1707	-119
1713	-120
1715	-118
1718	-116
1722	-115
1728	-116
1735	-118
1737	-116
1740	-114
1747	-117
1755	-119
1758	-118
1761	-117
1765	-115
1766	-112
1767	-108
1769	-106
1772	-103
1774	-101
1777	-99
1781	-98
1786	-98
1797	-104
1806	-108
1811	-108
1816	-108
1819	-106
1825	-107
1834	-111
1839	-111
1844	-112
1849	-111
1853	-110
1857	-109
1863	-110
1866	-109
1867	-105
1869	-102
1872	-100
1874	-97
1882	-99
1890	-102
1897	-104
1901	-103
1903	-100
1906	-98
1910	-97
1914	-96
1916	-93
1918	-90
1922	-89
1927	-89
1931	-88
1934	-86
1939	-85
1948	-88
1954	-89
1958	-88
1965	-89
1977	-96
1983	-96
1986	-94
1993	-95
1997	-94
2002	-93
2003	-89
2003	-85
2004	-81
2008	-80
2016	-82
2023	-83
2027	-81
2030	-80
2034	-79
2040	-79
2045	-78
2048	-76
2050	-73
2050	-68
2052	-65
2057	-65
2063	-65
2067	-64
2073	-64
2089	-72
2097	-74
2102	-73
2108	-74
2114	-73
2121	-74
2123	-71
2127	-70
2129	-67
2134	-66
2139	-66
2143	-64
2148	-64
2154	-63
2159	-63
2167	-64
2180	-69
2184	-68
2185	-64
2186	-60
2188	-57
2188	-52
2191	-50
2196	-49
2202	-49
2208	-49
2213	-48
2217	-46
2220	-43
2224	-42
2235	-45
2245	-48
2247	-45
2251	-43
2258	-44
2267	-46
2275	-47
2278	-44
2280	-41
2283	-39
2286	-36
2288	-33
2292	-31
2309	-39
2310	-34
2315	-34
2322	-34
2327	-33
2330	-30
2340	-32
2343	-30
2344	-26
2345	-22
2348	-20
2350	-16
2346	-9
2345	-3
2345	2
2347	5
2349	8
2349	13
2351	16
2354	19
2355	23
2356	27
2358	30
2357	36
2358	39
2360	43
2362	46
2363	50
2365	53
2366	57
2367	61
2370	64
2373	66
2373	71
2375	74
2362	87
2361	93
2360	98
2361	102
2362	105
2365	108
2366	112
2365	117
2373	116
2372	122
2368	129
2366	135
2368	138
2369	142
2369	146
2370	150
2371	154
2371	158
2373	161
2370	168
2371	171
2374	174
2376	177
2377	181
2378	185
2379	188
2379	193
2376	199
2376	203
2380	205
2381	209
2380	214
2380	219
2382	222
2382	226
2382	230
2385	233
2387	236
2389	239
2391	243
2390	247
2390	252
2389	256
2391	259
2391	264
2391	268
2391	273
2392	276
2394	280
2395	283
2396	286
2397	290
2397	294
2396	300
2397	303
2399	306
2399	311
2397	316
2399	319
2400	323
2400	327
2403	329
2403	333
2404	337
2401	343
2401	347
2402	351
2404	354
2404	358
2404	362
2405	366
2407	369
2407	373
2409	376
2409	380
2409	385
2410	388
2411	392
2413	395
2414	398
2416	402
2415	406
2416	410
2416	414
2418	417
2418	421
2419	425
2418	429
2416	434
2417	438
2422	440
2422	443
2422	447
2424	451
2425	454
2425	458
2425	462
2425	466
2425	471
2424	475
2426	478
2429	481
2428	485
2426	490
2427	494
2428	497
2429	501
2432	503
2433	507
2434	510
2433	515
2433	519
2435	522
2434	526
2433	531
2435	534
2438	536
2436	541
2437	545
2435	549
2437	553
2436	557
2436	561
2438	564
2439	567
2440	571
2441	574
2443	577
2444	581
2444	585
2443	589
2446	592
2447	595
2447	599
2447	603
2448	607
2449	610
2449	614
2452	617
2455	619
2457	622
2460	625
2464	627
2470	628
2474	631
2475	634
2480	636
2480	640
2480	644
2484	646
2485	649
2486	653
2487	657
2486	661
2485	665
2481	670
2482	674
2485	677
2488	679
2489	683
2492	686
2492	689
2492	693
2495	696
2495	700
2495	704
2495	707
2494	711
2494	716
2495	719
2497	722
2498	726
2501	728
2502	732
2502	735
2503	739
2502	743
2500	747
2502	750
2505	754
2507	757
2508	760
2509	763
2509	767
2508	771
2510	774
2511	778
2511	782
2511	785
2513	789
2515	792
2515	795
2515	799
2517	802
2517	806
2518	809
2519	813
2518	817
2520	820
2520	824
2519	828
2518	832
2519	835
2521	838
2522	842
2523	846
2524	849
2524	853
2525	856
2526	859
2526	863
2526	867
2525	871
2526	874
2527	878
2529	881
2530	884
2531	888
2529	892
2530	895
2531	899
2530	903
2528	907
2528	911
2530	914
2532	917
2533	920
2535	923
2537	927
2538	930
2538	934
2539	937
2540	940
2542	944
2542	947
2543	951
2543	954
2544	958
2544	962
2545	965
2545	969
2546	972
2547	975
2548	979
2548	983
2549	986
2549	990
2549	993
2550	996
2551	1000
2553	1003
2555	1006
2554	1010
2555	1014
2556	1017
2557	1020
2556	1024
2557	1028
2557	1031
2557	1035
2557	1039
2558	1042
2557	1046
2558	1049
2558	1053
2559	1056
2559	1060
2560	1063
2561	1067
2560	1071
2560	1074
2563	1077
2564	1081
2565	1084
2566	1087
2564	1091
2563	1095
2564	1099
2565	1102
2565	1106
2566	1109
2569	1112
2572	1115
2570	1119
2569	1123
2570	1126
2572	1129
2573	1133
2573	1136
2574	1140
2575	1143
2572	1147
2573	1151
2576	1154
2576	1157
2576	1161
2577	1164
2576	1168
2574	1172
2575	1176
2576	1179
2577	1182
2579	1186
2580	1189
2581	1192
2582	1196
2582	1199
2582	1203
2583	1206
2583	1210
2583	1213
2584	1217
2583	1221
2584	1224
2585	1227
2586	1231
2587	1234
2587	1238
2587	1241
2587	1245
2588	1248
2589	1252
2590	1255
2592	1258
2593	1262
2594	1265
2593	1269
2595	1272
2595	1276
2596	1279
2596	1283
2596	1286
2596	1290
2595	1293
2596	1297
2597	1300
2599	1304
2599	1307
2600	1311
2599	1314
2599	1318
2598	1322
2600	1325
2601	1328
2601	1332
2601	1335
2599	1339
2599	1343
2601	1346
2601	1350
2599	1353
2601	1357
2601	1360
2601	1364
2602	1367
2603	1370
2604	1374
2602	1378
2603	1381
2604	1385
2604	1388
2604	1392
2605	1395
2607	1398
2610	1402
2611	1405
2612	1409
2612	1412
2610	1416
2609	1419
2609	1423
2610	1426
2611	1430
2612	1433
2611	1437
2611	1440
2611	1444
2612	1447
2613	1451
2612	1454
2612	1458
2613	1461
2613	1465
2612	1469
2612	1472
2614	1475
2614	1479
2616	1482
2616	1486
2617	1489
2617	1493
2617	1496
2616	1500
2617	1503
2617	1507
2618	1510
2619	1514
2619	1517
2619	1521
2619	1524
2619	1528
2622	1531
2623	1535
2623	1538
2622	1542
2621	1546
2622	1549
2624	1552
2625	1556
2625	1559
2625	1563
2624	1567
2624	1570
2626	1574
2627	1577
2627	1581
2628	1584
2629	1588
2629	1591
2629	1595
2630	1598
2630	1602
2630	1605
2631	1609
2631	1612
2630	1616
2630	1619
2631	1623
2633	1626
2634	1630
2633	1633
2634	1637
2635	1640
2636	1644
2637	1647
2638	1651
2636	1654
2635	1658
2636	1662
2635	1665
2633	1669
