2553	1658
2553	1662
2553	1665
2554	1668
2554	1672
2555	1675
2556	1682
2556	1686
2555	1689
2556	1692
2557	1696
2558	1699
2558	1703
2558	1706
2558	1709
2559	1713
2560	1716
2560	1720
2561	1723
2561	1727
2561	1730
2562	1733
2562	1737
2563	1740
2563	1744
2562	1747
2562	1751
2565	1754
2563	1757
2560	1761
2561	1764
2563	1768
2563	1771
2562	1774
2557	1778
2556	1781
2556	1785
2557	1788
2561	1792
2563	1795
2563	1799
2564	1802
2563	1805
2563	1809
2562	1812
2562	1816
2562	1819
2562	1822
2562	1826
2562	1829
2563	1833
2563	1836
2564	1840
2564	1843
2564	1847
2563	1850
2563	1853
2564	1857
2565	1860
2566	1864
2566	1867
2567	1871
2568	1874
2569	1878
2568	1881
2568	1885
2570	1888
2571	1892
2570	1895
2569	1899
2568	1902
2567	1905
2569	1909
2570	1913
2572	1916
2573	1920
2573	1923
2573	1927
2573	1930
2573	1934
2573	1937
2573	1941
2574	1944
2574	1948
2573	1951
2573	1954
2574	1958
2574	1961
2574	1965
2574	1968
2574	1972
2574	1975
2572	1979
2576	1983
2577	1986
2576	1990
2575	1993
2575	1996
2577	2000
2578	2004
2578	2007
2579	2011
2579	2014
2580	2018
2579	2021
2579	2025
2578	2028
2578	2032
2580	2035
2582	2039
2583	2043
2581	2046
2581	2050
2581	2053
2583	2057
2584	2061
2584	2064
2582	2067
2582	2071
2584	2075
2587	2079
2586	2082
2586	2085
2585	2089
2587	2093
2586	2096
2586	2100
2585	2103
2585	2107
2586	2110
2587	2114
2589	2118
2588	2121
2588	2125
2587	2128
2587	2132
2587	2135
2586	2139
2587	2142
2587	2146
2587	2150
2588	2153
2588	2157
2588	2160
2587	2164
2587	2167
2588	2171
2587	2174
2587	2178
2588	2182
2588	2185
2589	2189
2590	2193
2589	2196
2591	2200
2591	2204
2590	2207
2590	2211
2591	2215
2591	2218
2591	2222
2591	2225
2592	2229
2591	2233
2591	2236
2592	2240
2592	2244
2592	2247
2592	2251
2594	2255
2595	2259
2596	2263
2596	2266
2597	2270
2597	2274
2597	2277
2596	2281
2596	2284
2597	2288
2597	2292
2596	2295
2596	2299
2595	2302
2594	2306
2595	2310
2596	2314
2597	2317
2597	2321
2598	2325
2597	2329
2596	2332
2596	2335
2596	2339
2597	2343
2598	2347
2599	2351
2599	2355
2600	2359
2599	2362
2600	2366
2600	2370
2600	2374
2600	2377
2601	2381
2603	2386
2601	2388
2602	2392
2602	2396
2601	2400
2602	2404
2604	2408
2604	2412
2604	2415
2606	2420
2606	2423
2605	2427
2605	2431
2606	2435
2607	2439
2606	2442
2606	2446
2606	2450
2606	2453
2606	2457
2606	2461
2605	2465
2605	2468
2604	2472
2608	2477
2608	2481
2607	2484
2606	2488
2608	2492
2609	2496
2609	2500
2607	2503
2607	2507
2607	2511
2605	2514
2605	2518
2607	2522
2606	2526
2606	2529
2609	2534
2610	2538
2610	2542
2609	2546
2609	2549
2608	2553
2608	2557
2607	2561
2608	2565
2608	2568
2607	2572
2609	2577
2609	2580
2609	2584
2609	2588
2611	2593
2613	2597
2612	2601
2612	2605
2611	2608
2612	2613
2613	2617
2614	2621
2614	2625
2613	2629
2613	2633
2614	2637
2613	2640
2614	2645
2614	2649
2615	2653
2615	2657
2615	2661
2614	2665
2615	2669
2614	2672
2613	2676
2613	2680
2614	2684
2614	2688
2613	2692
2612	2696
2612	2699
2612	2703
2611	2707
2615	2712
2614	2716
2614	2720
2614	2724
2613	2728
2614	2732
2616	2737
2615	2741
2617	2745
2616	2749
2616	2753
2616	2757
2616	2761
2614	2765
2615	2769
2618	2774
2617	2778
2616	2782
2616	2786
2616	2790
2616	2794
2615	2798
2614	2801
2615	2806
2614	2810
2615	2814
2616	2819
2615	2822
2615	2826
2616	2831
2616	2835
2614	2838
2613	2842
2612	2846
2611	2850
2612	2854
2612	2858
2612	2862
2612	2866
2612	2871
2609	2874
2610	2878
2612	2883
2612	2887
2612	2892
2612	2896
2611	2900
2611	2904
2611	2908
2612	2913
2611	2916
2610	2920
2610	2925
2611	2929
2609	2932
2609	2937
2609	2941
2610	2946
2610	2950
2611	2955
2611	2959
2610	2963
2610	2967
2610	2972
2609	2975
2608	2979
2608	2983
2610	2989
2611	2993
2610	2997
2609	3001
2608	3005
2609	3010
2608	3013
2610	3019
2609	3023
2609	3027
2609	3031
2608	3035
2608	3040
2608	3044
2610	3049
2611	3054
2610	3058
2608	3062
2607	3066
2607	3070
2608	3075
2608	3079
2608	3084
2608	3088
2608	3093
2608	3097
2607	3101
2608	3106
2608	3111
2606	3114
2607	3119
2607	3123
2606	3127
2607	3132
2608	3138
2609	3143
2608	3147
2607	3151
2608	3156
2608	3160
2607	3164
2607	3169
2607	3173
2598	3173
2573	3163
2545	3152
2530	3148
2526	3150
2520	3152
2516	3154
2513	3156
2511	3160
2509	3163
2507	3166
2518	3177
2603	3231
2602	3235
2602	3240
2602	3244
2600	3248
2597	3251
2596	3255
2596	3259
2597	3265
2597	3269
2596	3274
2597	3279
2596	3283
2595	3287
2595	3292
2595	3297
2596	3302
2595	3306
2595	3311
2594	3315
2592	3319
2592	3323
2591	3328
2589	3331
2588	3335
2587	3339
2586	3344
2587	3349
2589	3355
2589	3360
2588	3364
2587	3368
2587	3374
2586	3378
2584	3381
2583	3386
2583	3390
2583	3395
2582	3399
2580	3403
2579	3407
2582	3414
2583	3419
2580	3422
2577	3426
2577	3430
2576	3435
2575	3439
2572	3442
2570	3446
2569	3450
2570	3456
2570	3461
2569	3465
2568	3470
2568	3474
2568	3479
2566	3483
2565	3487
2562	3491
2562	3495
2561	3500
2560	3504
2560	3509
2559	3513
2557	3517
2556	3521
2554	3525
2553	3530
2553	3535
2551	3539
2551	3544
2549	3548
2549	3552
2547	3556
2546	3561
2546	3566
2545	3571
2544	3575
2542	3579
2539	3582
2540	3588
2538	3592
2537	3596
2536	3600
2534	3604
2534	3609
2532	3613
2531	3617
2531	3623
2530	3628
2530	3633
2529	3637
2527	3641
2525	3645
2522	3648
2521	3652
2520	3657
2518	3661
2516	3665
2517	3670
2516	3675
2515	3680
2513	3684
2511	3688
2509	3692
2507	3696
2505	3699
2503	3703
2502	3707
2501	3712
2498	3715
2495	3719
2494	3723
2492	3727
2491	3731
2489	3735
2487	3739
2484	3742
2482	3746
2481	3751
2480	3756
2479	3760
2478	3765
2476	3769
2475	3774
2472	3777
2470	3780
2468	3785
2468	3790
2467	3795
2465	3799
2463	3803
2462	3807
2460	3812
2458	3815
2457	3820
2456	3825
2454	3829
2451	3832
2450	3837
2448	3841
2446	3845
2445	3850
2444	3854
2445	3861
2443	3865
2440	3869
2438	3872
2435	3876
2435	3881
2433	3885
2431	3889
2428	3893
2427	3897
2424	3901
2396	3881
2369	3862
2360	3861
2358	3865
2356	3868
2355	3873
2372	3894
2351	3881
2347	3883
2413	3949
2413	3955
2405	3954
2401	3956
2400	3961
2398	3965
2396	3970
2396	3975
2394	3980
2392	3984
2392	3990
2390	3994
2388	3998
2386	4002
2385	4007
2382	4011
2380	4015
2378	4019
2376	4023
2374	4028
2373	4032
2371	4037
2370	4041
2367	4045
2364	4049
2362	4052
2359	4056
2358	4062
2357	4066
2354	4070
2353	4074
2350	4078
2347	4081
2345	4086
2344	4091
2341	4094
2339	4098
2336	4102
2333	4105
2332	4110
2331	4116
2329	4120
2071	3862
2069	3866
2066	3869
2062	3871
2061	3875
2059	3879
2056	3892
2053	3896
2050	3898
2052	3906
2050	3909
2317	4198
2312	4199
2310	4204
2302	4202
2296	4203
2288	4200
2284	4203
2282	4207
2279	4211
2277	4215
2274	4218
2271	4222
2270	4227
2269	4232
2267	4238
2265	4241
2261	4244
2259	4249
2257	4254
2255	4258
2253	4262
2251	4267
2249	4271
2246	4275
2244	4280
2242	4284
2239	4287
2236	4291
2234	4296
2233	4302
2232	4307
2230	4312
2229	4317
2226	4321
2223	4324
2219	4327
2216	4330
2212	4333
2210	4337
2207	4341
2205	4345
2202	4349
2200	4353
2197	4357
2196	4363
2194	4368
2193	4373
2189	4376
2187	4381
2182	4382
2180	4386
2176	4389
2173	4392
2170	4397
2168	4400
2164	4403
2161	4407
2159	4412
2158	4417
2155	4421
2152	4425
2149	4428
2147	4433
2144	4437
2141	4441
2139	4445
2136	4449
2132	4452
2129	4456
2127	4460
2124	4464
2122	4469
2120	4473
2117	4478
2114	4481
2109	4483
2107	4488
2106	4494
2105	4500
2102	4503
2098	4505
2095	4509
2091	4512
2087	4515
2085	4519
2082	4523
2078	4526
2077	4532
2075	4537
2071	4540
2070	4545
2068	4551
2065	4555
2062	4558
2059	4563
2057	4567
2054	4571
2050	4574
2047	4578
2044	4581
2041	4586
2039	4590
2036	4595
2035	4601
2034	4607
2031	4612
2027	4614
2024	4618
2021	4622
2018	4626
2015	4629
2011	4633
2008	4636
2005	4640
2002	4643
1998	4647
1995	4650
1992	4655
1990	4660
1986	4663
1982	4665
1979	4669
1976	4673
1973	4677
1971	4682
1967	4685
1964	4689
1961	4693
1957	4695
1953	4697
1949	4700
1945	4703
1942	4708
1942	4715
1939	4720
1935	4722
1932	4726
1929	4731
1926	4734
1922	4738
1919	4741
1915	4744
1911	4747
1907	4750
1903	4752
1900	4756
1898	4761
1897	4768
1893	4771
1889	4773
1885	4777
1881	4779
1878	4783
1875	4787
1871	4790
1868	4794
1865	4799
1861	4802
1858	4806
1856	4812
1854	4817
1851	4821
1849	4828
1846	4832
1843	4836
1842	4843
1838	4847
1833	4848
1829	4851
1826	4855
1823	4859
1821	4865
1818	4869
1814	4872
1810	4876
1809	4883
1807	4888
1803	4892
1800	4896
1796	4899
1792	4901
1788	4904
1784	4907
1780	4910
1776	4913
1773	4917
1769	4920
1764	4922
1760	4925
1757	4929
1753	4932
1750	4936
1746	4939
1743	4943
1740	4948
1737	4953
1735	4959
1731	4962
1728	4967
1725	4972
1722	4976
1718	4980
1715	4985
1713	4990
1709	4994
1706	4999
1701	5000
1697	5002
1693	5005
1689	5008
1685	5011
1682	5015
1678	5019
1675	5023
1671	5027
1667	5030
1663	5032
1659	5035
1654	5037
1650	5040
1646	5044
1642	5045
1637	5047
1633	5050
1629	5053
1626	5057
1622	5061
1618	5064
1614	5067
1610	5070
1605	5072
1601	5075
1597	5078
1593	5080
1588	5081
1584	5083
1580	5087
1576	5091
1572	5094
1569	5098
1565	5101
1561	5104
1557	5107
1553	5110
1549	5113
1545	5116
1541	5120
1538	5125
1534	5130
1530	5132
1525	5134
1522	5138
1517	5140
1512	5141
1508	5143
1503	5144
1498	5145
1494	5148
1489	5150
1485	5153
1481	5156
1477	5159
1472	5161
1468	5163
1464	5166
1459	5169
1456	5173
1452	5176
1447	5178
1444	5182
1441	5188
1438	5193
1434	5198
1431	5205
1429	5211
1425	5216
1421	5218
1417	5221
1412	5224
1408	5226
1403	5227
1400	5232
1396	5237
1391	5239
1387	5242
1382	5243
1378	5245
1374	5248
1368	5249
1363	5249
1358	5251
1354	5255
1351	5258
1346	5261
1341	5262
1336	5263
1333	5267
1329	5271
1325	5277
1321	5280
1317	5283
1313	5287
1308	5288
1304	5291
1299	5293
1294	5294
1289	5296
1284	5296
1279	5297
1275	5299
1270	5301
1266	5305
1261	5307
1256	5308
1252	5309
1248	5313
1243	5315
1238	5315
1233	5317
1228	5318
1223	5319
1218	5319
1213	5322
1209	5324
1204	5327
1200	5330
1197	5336
1193	5341
1189	5345
1184	5347
1180	5348
1175	5352
1171	5355
1167	5360
1163	5363
1159	5366
1154	5367
1149	5369
1145	5371
1140	5372
1134	5373
1130	5374
1125	5376
1120	5377
1115	5379
1110	5380
1106	5383
1101	5386
1097	5389
1093	5392
1088	5395
1084	5399
1080	5402
1075	5405
1070	5405
1066	5409
1061	5410
1056	5412
1052	5416
1047	5418
1043	5420
1038	5422
1033	5423
1028	5425
1024	5427
1019	5431
1015	5434
1010	5436
1005	5438
1000	5438
995	5439
991	5442
986	5443
981	5445
976	5448
972	5450
967	5452
962	5455
958	5459
954	5462
949	5464
944	5465
939	5464
934	5466
929	5469
924	5469
919	5469
914	5470
909	5471
903	5471
898	5472
893	5473
888	5474
884	5476
878	5476
873	5476
868	5477
863	5477
858	5477
852	5477
848	5481
843	5483
838	5484
833	5483
827	5482
822	5481
816	5478
810	5475
805	5474
800	5476
795	5478
790	5479
785	5481
781	5484
776	5485
771	5485
765	5485
760	5486
755	5486
750	5486
744	5484
739	5484
734	5485
729	5485
724	5485
719	5486
714	5487
709	5489
704	5490
700	5494
695	5494
690	5494
684	5494
679	5495
675	5497
669	5496
664	5496
659	5497
654	5497
648	5495
643	5496
639	5498
634	5500
628	5499
624	5500
619	5503
614	5506
609	5507
604	5507
599	5507
594	5507
589	5506
584	5510
579	5510
574	5509
569	5509
563	5508
558	5509
554	5512
549	5514
544	5513
538	5513
533	5511
528	5510
523	5511
518	5514
513	5515
508	5516
503	5519
499	5523
494	5526
489	5527
484	5530
479	5530
474	5530
469	5529
464	5528
459	5528
454	5528
448	5528
444	5531
439	5534
434	5536
429	5537
424	5539
419	5541
414	5543
409	5541
404	5541
399	5542
394	5542
389	5543
384	5542
378	5540
373	5536
368	5536
363	5537
358	5536
353	5538
347	5537
342	5538
337	5534
332	5532
326	5529
321	5530
316	5530
311	5531
306	5532
301	5535
296	5532
291	5531
286	5531
281	5529
275	5527
270	5525
265	5527
260	5527
255	5527
212	5043
208	5043
203	5042
199	5043
195	5045
194	5098
191	5112
186	5115
182	5115
177	5113
172	5109
168	5109
163	5109
159	5109
154	5110
150	5111
145	5110
141	5107
132	5024
127	5025
123	5024
118	5020
114	5018
110	5018
105	5019
101	5016
96	5007
91	5003
87	5002
82	4995
78	4994
74	4994
69	4998
65	5001
61	5002
57	5002
52	5005
48	5016
44	5019
40	5019
35	5018
31	5020
27	5024
22	5024
18	5019
15	5106
11	5109
6	5112
8	5528
3	5527
-2	5527
-7	5527
-12	5526
-17	5525
-22	5524
-27	5524
-32	5522
-38	5109
-43	5111
-47	5044
-52	5044
-56	5043
-61	5043
-65	5043
-72	5543
-77	5511
-82	5502
-87	5501
-92	5502
-97	5499
-102	5496
-107	5495
-112	5495
-117	5492
-122	5487
-127	5489
-132	5491
-137	5493
-142	5495
-147	5494
-151	5491
-156	5490
-161	5490
-166	5491
-171	5493
-176	5494
-181	5495
-186	5493
-191	5493
-196	5491
-201	5489
-206	5489
-211	5488
-216	5487
-221	5486
-226	5487
-231	5486
-236	5485
-241	5485
-246	5484
-251	5484
-256	5484
-261	5485
-266	5484
-270	5479
-275	5477
-280	5475
-285	5475
-290	5475
-295	5476
-300	5474
-305	5472
-310	5472
-315	5471
-320	5469
-324	5468
-329	5468
-334	5467
-339	5467
-344	5468
-349	5468
-354	5468
-359	5468
-364	5471
-370	5472
-375	5473
-380	5472
-384	5470
-389	5471
-394	5470
-399	5469
-404	5469
-409	5468
-414	5467
-419	5466
-424	5464
-429	5463
-434	5462
-438	5462
-443	5459
-448	5458
-453	5456
-458	5457
-463	5457
-468	5457
-473	5456
-478	5456
-483	5456
-488	5457
-493	5458
-498	5456
-503	5455
-508	5456
-513	5456
-518	5456
-523	5455
-528	5454
-532	5451
-537	5450
-542	5447
-547	5446
-551	5446
-557	5446
-562	5446
-566	5444
-571	5443
-576	5443
-581	5444
-586	5444
-591	5443
-596	5443
-601	5442
-606	5440
-611	5438
-615	5438
-620	5435
-625	5432
-629	5428
-634	5425
-638	5424
-644	5425
-649	5426
-654	5427
-659	5428
-664	5428
-669	5427
-674	5426
-679	5425
-684	5425
-688	5423
-693	5421
-698	5420
-703	5419
-708	5420
-714	5425
-719	5427
-725	5428
-730	5429
-735	5428
-739	5426
-744	5424
-749	5422
-754	5422
-759	5422
-764	5422
-769	5421
-774	5421
-779	5422
-784	5421
-789	5421
-794	5420
-799	5420
-805	5422
-810	5422
-815	5422
-820	5422
-825	5421
-830	5420
-835	5420
-840	5421
-846	5423
-851	5423
-856	5423
-861	5423
-865	5420
-870	5418
-875	5415
-879	5411
-883	5408
-888	5407
-893	5406
-897	5403
-902	5400
-906	5397
-911	5393
-915	5390
-920	5388
-924	5386
-929	5383
-933	5380
-938	5378
-941	5373
-946	5371
-951	5370
-955	5367
-960	5366
-965	5365
-970	5363
-974	5362
-979	5360
-984	5358
-988	5356
-993	5353
-997	5352
-1003	5351
-1008	5351
-1012	5350
-1017	5350
-1022	5349
-1027	5349
-1033	5349
-1038	5348
-1043	5348
-1047	5347
-1052	5344
-1057	5344
-1062	5343
-1066	5340
-1071	5338
-1075	5336
-1080	5333
-1085	5332
-1090	5332
-1094	5330
-1099	5328
-1103	5326
-1108	5323
-1112	5321
-1117	5320
-1122	5317
-1126	5315
-1131	5314
-1136	5312
-1140	5310
-1145	5309
-1150	5310
-1156	5312
-1161	5312
-1166	5311
-1171	5311
-1177	5311
-1182	5311
-1186	5309
-1191	5308
-1196	5305
-1200	5303
-1205	5301
-1210	5301
-1215	5300
-1220	5299
-1225	5300
-1230	5299
-1235	5298
-1239	5295
-1244	5294
-1249	5293
-1254	5292
-1259	5291
-1264	5289
-1268	5288
-1273	5286
-1278	5284
-1280	5274
-1284	5271
-1289	5270
-1293	5269
-1298	5268
-1303	5267
-1309	5267
-1313	5266
-1318	5264
-1323	5262
-1328	5262
-1332	5260
-1337	5258
-1342	5257
-1347	5257
-1352	5256
-1357	5256
-1362	5256
-1367	5255
-1372	5253
-1377	5252
-1382	5251
-1388	5252
-1394	5254
-1399	5254
-1404	5253
-1409	5252
-1414	5250
-1418	5248
-1423	5246
-1427	5244
-1433	5245
-1438	5245
-1444	5245
-1449	5244
-1454	5243
-1459	5242
-1463	5240
-1468	5239
-1473	5238
-1478	5237
-1483	5236
-1489	5236
-1494	5237
-1499	5234
-1503	5231
-1507	5228
-1512	5227
-1517	5225
-1521	5222
-1525	5220
-1530	5218
-1535	5216
-1540	5216
-1545	5215
-1550	5213
-1554	5211
-1558	5208
-1563	5205
-1567	5202
-1570	5196
-1574	5192
-1578	5190
-1583	5189
-1588	5188
-1593	5186
-1596	5182
-1601	5181
-1605	5177
-1609	5175
-1614	5173
-1618	5170
-1622	5167
-1626	5162
-1628	5155
-1633	5154
-1638	5153
-1643	5152
-1647	5149
-1651	5146
-1656	5144
-1660	5141
-1664	5138
-1668	5135
-1672	5132
-1676	5128
-1681	5126
-1686	5126
-1690	5124
-1694	5120
-1698	5116
-1701	5112
-1706	5110
-1711	5110
-1716	5108
-1720	5106
-1725	5104
-1729	5101
-1733	5099
-1739	5098
-1744	5098
-1749	5096
-1753	5093
-1758	5092
-1763	5091
-1768	5090
-1773	5089
-1779	5090
-1785	5090
-1789	5087
-1794	5085
-1797	5081
-1801	5077
-1805	5074
-1809	5071
-1814	5069
-1817	5066
-1822	5064
-1826	5061
-1832	5062
-1837	5061
-1841	5058
-1846	5056
-1852	5056
-1856	5053
-1860	5049
-1863	5045
-1867	5042
-1871	5040
-1876	5038
-1881	5037
-1886	5036
-1890	5033
-1894	5028
-1897	5023
-1901	5021
-1905	5018
-1909	5014
-1912	5009
-1914	5004
-1917	4998
-1919	4992
-1922	4987
-1925	4983
-1930	4982
-1936	4982
-1941	4981
-1946	4979
-1950	4976
-1954	4973
-1958	4971
-1963	4969
-1968	4967
-1973	4967
-1978	4965
-1983	4965
-1988	4963
-1993	4961
-1998	4960
-2003	4958
-2007	4956
-2013	4955
-2018	4954
-2023	4954
-2028	4951
-2032	4948
-2036	4946
-2041	4945
-2046	4943
-2050	4941
-2055	4938
-2060	4937
-2065	4936
-2070	4933
-2074	4931
-2079	4929
-2081	4924
-2084	4919
-2088	4916
-2092	4913
-2097	4911
-2099	4905
-2103	4903
-2109	4902
-2114	4901
-2119	4899
-2123	4897
-2127	4893
-2129	4886
-2131	4880
-2133	4875
-2137	4872
-2140	4868
-2143	4864
-2145	4858
-2149	4854
-2153	4850
-2156	4847
-2160	4843
-2164	4841
-2168	4839
-2173	4837
-2177	4834
-2181	4831
-2186	4828
-2190	4825
-2194	4823
-2198	4821
-2202	4818
-2207	4815
-2214	4816
-2217	4813
-2221	4809
-2223	4804
-2227	4801
-2232	4799
-2237	4798
-2243	4798
-2248	4796
-2251	4792
-2255	4789
-2259	4786
-2264	4784
-2268	4781
-2273	4780
-2280	4781
-2284	4778
-2289	4776
-2294	4774
-2298	4772
-2302	4769
-2306	4766
-2310	4762
-2314	4760
-2319	4758
-2324	4756
-2328	4754
-2332	4750
-2336	4747
-2340	4744
-2342	4739
-2344	4733
-2345	4726
-2347	4721
-2351	4718
-2356	4716
-2361	4715
-2365	4711
-2367	4706
-2370	4701
-2374	4698
-2378	4695
-2381	4691
-2385	4688
-2389	4685
-2392	4681
-2395	4677
-2398	4673
-2401	4668
-2403	4663
-2406	4659
-2409	4654
-2411	4650
-2414	4645
-2417	4641
-2422	4639
-2428	4639
-2433	4637
-2437	4634
-2440	4629
-2444	4627
-2447	4622
-2449	4618
-2453	4614
-2457	4611
-2461	4608
-2464	4605
-2468	4602
-2472	4599
-2475	4595
-2478	4591
-2482	4587
-2485	4583
-2489	4580
-2492	4577
-2496	4573
-2500	4570
-2504	4567
-2507	4563
-2509	4558
-2512	4554
-2515	4550
-2518	4546
-2522	4543
-2526	4540
-2529	4536
-2532	4532
-2536	4529
-2540	4525
-2545	4524
-2550	4523
-2554	4519
-2558	4517
-2563	4514
-2567	4512
-2569	4507
-2572	4502
-2575	4498
-2578	4494
-2581	4491
-2584	4486
-2587	4482
-2590	4478
-2593	4474
-2594	4468
-2595	4462
-2596	4456
-2597	4449
-2600	4445
-2604	4443
-2609	4440
-2612	4437
-2614	4431
-2616	4426
-2619	4422
-2621	4417
-2623	4413
-2626	4408
-2630	4405
-2634	4402
-2637	4398
-2639	4394
-2642	4389
-2645	4385
-2647	4380
-2650	4376
-2652	4372
-2655	4367
-2658	4364
-2662	4361
-2664	4356
-2668	4353
-2670	4348
-2672	4343
-2674	4338
-2677	4334
-2680	4330
-2683	4327
-2687	4324
-2691	4321
-2695	4318
-2698	4314
-2701	4310
-2704	4306
-2707	4302
-2711	4299
-2715	4296
-2718	4293
-2716	4284
-2720	4281
-2725	4279
-2728	4275
-2732	4272
-2737	4270
-2742	4268
-2743	4263
-2746	4258
-2749	4255
-2753	4252
-2756	4248
-2761	4246
-2765	4243
-2768	4239
-2771	4235
-2774	4231
-2777	4228
-2781	4224
-2785	4221
-2787	4217
-2790	4214
-2792	4209
-2793	4203
-2796	4199
-2799	4195
-2802	4191
-2803	4185
-2803	4179
-2803	4172
-2803	4166
-2805	4161
-2807	4156
-2810	4153
-2814	4149
-2817	4146
-2819	4141
-2821	4136
-2823	4131
-2826	4128
-2827	4122
-2826	4115
-2829	4111
-2832	4107
-2834	4103
-2836	4098
-2838	4093
-2840	4089
-2843	4085
-2845	4081
-2847	4076
-2849	4071
-2849	4065
-2850	4059
-2852	4055
-2855	4051
-2860	4049
-2864	4046
-2867	4042
-2870	4038
-2873	4035
-2875	4030
-2876	4025
-2876	4019
-2879	4015
-2882	4011
-2884	4007
-2885	4001
-2886	3996
-2888	3992
-2891	3987
-2892	3983
-2894	3978
-2896	3973
-2897	3968
-2898	3963
-2900	3958
-2901	3953
-2901	3946
-2901	3941
-2902	3936
-2905	3932
-2906	3927
-2909	3923
-2913	3920
-2914	3915
-2915	3910
-2915	3904
-2915	3897
-2917	3893
-2915	3886
-2916	3881
-2917	3875
-2918	3870
-2922	3867
-2924	3863
-2926	3858
-2929	3854
-2929	3849
-2929	3843
-2932	3840
-2936	3836
-2937	3831
-2937	3826
-2936	3819
-2936	3813
-2935	3807
-2933	3799
-2932	3793
-2933	3788
-2937	3785
-2937	3779
-2935	3772
-2934	3766
-2937	3762
-2940	3758
-2942	3754
-2943	3749
-2943	3743
-2947	3740
-2950	3737
-2950	3731
-2950	3726
-2952	3721
-2954	3717
-2958	3714
-2960	3710
-2960	3705
-2960	3698
-2961	3693
-2963	3690
-2965	3685
-2966	3680
-2966	3675
-2967	3670
-2967	3664
-2967	3659
-2968	3654
-2968	3648
-2970	3644
-2973	3640
-2974	3635
-2974	3630
-2973	3624
-2974	3619
-2973	3613
-2974	3608
-2975	3604
-2977	3599
-2979	3595
-2980	3590
-2981	3586
-2980	3580
-2978	3572
-2981	3569
-2982	3564
-2983	3559
-2983	3554
-2983	3549
-2986	3545
-2986	3540
-2988	3536
-2990	3531
-2989	3526
-2989	3521
-2990	3516
-2991	3511
-2991	3505
-2992	3501
-2993	3496
-2993	3491
-2993	3486
-2993	3480
-2994	3475
-2996	3472
-2997	3467
-2999	3463
-2999	3458
-2997	3452
-2996	3446
-2996	3440
-2998	3436
-3001	3433
-3000	3427
-3000	3422
-3001	3417
-3005	3414
-3004	3409
-3003	3403
-3004	3398
-3004	3393
-3005	3389
-3007	3384
-3008	3380
-3009	3375
-3008	3370
-3009	3365
-3010	3361
-3010	3356
-3011	3351
-3011	3346
-3012	3341
-3012	3336
-3012	3331
-3013	3327
-3012	3321
-3012	3316
-3011	3311
-3011	3305
-3010	3300
-3009	3294
-3008	3288
-3008	3284
-3009	3279
-3011	3275
-3012	3271
-3011	3265
-3009	3260
-3010	3255
-3012	3251
-3015	3247
-3017	3244
-3016	3238
-3016	3233
-3016	3228
-3015	3223
-3015	3218
-3015	3213
-3015	3208
-3015	3203
-3015	3199
-3015	3193
-3015	3189
-3015	3184
-3016	3179
-3016	3175
-3015	3169
-3015	3164
-3016	3160
-3015	3155
-3014	3149
-3014	3145
-3014	3140
-3014	3135
-3015	3130
-3016	3126
-3015	3121
-3015	3116
-3015	3111
-3016	3107
-3016	3102
-3016	3098
-3015	3092
-3015	3088
-3015	3083
-3013	3077
-3013	3073
-3013	3068
-3012	3063
-3012	3058
-3012	3053
-3012	3049
-3012	3044
-3012	3039
-3012	3035
-3014	3031
-3014	3026
-3014	3021
-3014	3017
-3014	3012
-3013	3007
-3012	3002
-3011	2997
-3010	2992
-3012	2988
-3015	2985
-3014	2980
-3013	2974
-3011	2969
-3011	2965
-3011	2960
-3011	2955
-3011	2951
-3011	2946
-3011	2942
-3011	2937
-3010	2932
-3007	2926
-3006	2921
-3006	2917
-3005	2912
-3006	2908
-3008	2904
-3007	2899
-3006	2894
-3006	2890
-3007	2885
-3006	2881
-3007	2877
-3006	2872
-3003	2866
-3002	2861
-3001	2856
-3001	2852
-3000	2847
-2999	2842
-2999	2838
-2998	2833
-2998	2828
-2998	2824
-2997	2819
-2997	2815
-2996	2810
-2996	2806
-2996	2801
-2995	2796
-2995	2792
-2994	2787
-2994	2783
-2992	2778
-2992	2773
-2992	2769
-2993	2765
-2992	2760
-2993	2756
-2992	2751
-2991	2747
-2991	2742
-2991	2738
-2989	2733
-2991	2729
-2988	2724
-2987	2719
-2986	2715
-2986	2710
-2985	2706
-2986	2702
-2985	2697
-2984	2692
-2983	2688
-2982	2683
-2982	2679
-2982	2675
-2983	2671
-2984	2667
-2983	2662
-2982	2658
-2982	2653
-2982	2649
-2983	2645
-2982	2641
-2981	2636
-2981	2632
-2981	2628
-2980	2623
-2979	2618
-2978	2614
-2979	2610
-2979	2606
-2978	2601
-2977	2597
-2975	2592
-2975	2588
-2974	2583
-2974	2579
-2973	2575
-2972	2570
-2971	2566
-2971	2562
-2971	2558
-2971	2553
-2971	2549
-2969	2544
-2967	2540
-2967	2536
-2966	2531
-2962	2526
-2961	2521
-2962	2518
-2963	2514
-2964	2510
-2963	2506
-2962	2501
-2962	2497
-2961	2493
-2961	2488
-2961	2484
-2961	2480
-2959	2476
-2958	2471
-2958	2467
-2957	2463
-2956	2459
-2955	2454
-2954	2450
-2954	2446
-2955	2442
-2954	2438
-2952	2433
-2951	2429
-2952	2425
-2952	2421
-2952	2417
-2951	2413
-2949	2408
-2948	2404
-2947	2400
-2947	2396
-2948	2392
-2946	2388
-2945	2383
-2944	2379
-2945	2375
-2945	2371
-2946	2367
-2946	2363
-2946	2359
-2944	2355
-2941	2350
-2942	2347
-2943	2343
-2941	2338
-2934	2333
-2930	2328
-2930	2324
-2930	2320
-2931	2316
-2934	2313
-2936	2309
-2936	2306
-2937	2302
-2935	2298
-2935	2294
-2934	2289
-2934	2285
-2931	2281
-2929	2277
-2928	2272
-2927	2268
-2927	2264
-2925	2260
-2925	2256
-2924	2252
-2924	2248
-2923	2244
-2922	2240
-2923	2236
-2923	2232
-2922	2228
-2921	2224
-2920	2220
-2917	2216
-2915	2212
-2915	2208
-2914	2204
-2912	2199
-2912	2196
-2912	2192
-2910	2188
-2911	2184
-2911	2180
-2909	2176
-2909	2172
-2909	2168
-2908	2164
-2908	2160
-2906	2156
-2904	2152
-2904	2148
-2904	2144
-2902	2140
-2900	2136
-2899	2132
-2899	2128
-2899	2124
-2897	2120
-2897	2116
-2896	2112
-2894	2108
-2895	2105
-2896	2101
-2893	2097
-2891	2093
-2891	2089
-2890	2085
-2890	2081
-2888	2077
-2889	2073
-2886	2069
-2886	2065
-2885	2062
-2885	2058
-2883	2054
-2883	2050
-2882	2046
-2881	2042
-2878	2038
-2876	2034
-2874	2030
-2874	2026
-2874	2023
-2874	2019
-2874	2015
-2873	2011
-2873	2008
-2871	2004
-2872	2000
-2871	1996
-2868	1992
-2868	1988
-2866	1984
-2865	1981
-2864	1977
-2864	1973
-2863	1969
-2862	1965
-2860	1962
-2861	1958
-2860	1954
-2858	1950
-2858	1946
-2858	1943
-2858	1939
-2858	1935
-2857	1932
-2855	1928
-2855	1924
-2853	1920
-2852	1916
-2852	1913
-2850	1909
-2849	1905
-2849	1901
-2847	1898
-2847	1894
-2846	1890
-2846	1886
-2846	1883
-2845	1879
-2844	1875
-2843	1872
-2841	1868
-2840	1864
-2838	1860
-2838	1857
-2836	1853
-2835	1849
-2834	1845
-2835	1842
-2835	1838
-2833	1834
-2832	1831
-2831	1827
-2829	1823
-2829	1820
-2828	1816
-2828	1812
-2826	1809
-2825	1805
-2823	1801
-2824	1797
-2825	1794
-2824	1790
-2822	1787
-2821	1783
-2818	1779
-2816	1775
-2816	1772
-2817	1768
-2819	1765
-2818	1761
-2816	1757
-2815	1754
-2814	1750
-2814	1746
-2812	1743
-2810	1739
-2808	1735
-2807	1732
-2806	1728
-2806	1725
-2806	1721
-2804	1717
-2804	1714
-2803	1710
-2803	1707
-2802	1703
-2800	1699
-2799	1696
-2798	1692
-2798	1689
-2798	1685
-2798	1681
-2797	1678
-2796	1674
-2796	1671
-2795	1667
-2794	1663
-2792	1660
-2792	1656
-2791	1653
-2791	1649
-2789	1646
-2788	1642
-2787	1638
-2787	1635
-2786	1631
-2784	1628
-2783	1624
-2783	1621
-2781	1617
-2781	1614
-2780	1610
-2778	1606
-2777	1603
-2777	1599
-2777	1596
-2776	1592
-2775	1589
-2774	1585
-2774	1582
-2772	1578
-2771	1575
-2769	1571
-2768	1568
-2769	1564
-2768	1561
-2767	1557
-2766	1553
-2764	1550
-2764	1546
-2763	1543
-2763	1539
-2762	1536
-2762	1532
-2761	1529
-2759	1525
-2757	1522
-2757	1518
-2756	1515
-2755	1511
-2755	1508
-2754	1504
-2751	1501
-2751	1497
-2751	1494
-2750	1490
-2748	1487
-2747	1484
-2746	1480
-2744	1477
-2744	1473
-2743	1470
-2741	1466
-2742	1463
-2740	1459
-2741	1456
-2739	1452
-2736	1449
-2735	1446
-2734	1442
-2734	1439
-2734	1435
-2732	1432
-2730	1428
-2730	1425
-2729	1421
-2729	1418
-2728	1414
-2727	1411
-2727	1407
-2726	1404
-2725	1401
-2724	1397
-2722	1394
-2721	1390
-2720	1387
-2719	1383
-2720	1380
-2720	1376
-2721	1373
-2722	1369
-2719	1366
-2718	1362
-2717	1359
-2717	1355
-2715	1352
-2714	1349
-2714	1345
-2713	1342
-2712	1338
-2711	1335
-2711	1331
-2710	1328
-2708	1325
-2706	1321
-2705	1318
-2703	1315
-2702	1311
-2700	1308
-2699	1305
-2698	1301
-2698	1298
-2697	1294
-2697	1291
-2695	1288
-2693	1284
-2692	1281
-2691	1278
-2688	1275
-2687	1271
-2687	1268
-2687	1264
-2685	1261
-2684	1258
-2683	1254
-2681	1251
-2680	1248
-2679	1244
-2677	1241
-2675	1238
-2675	1234
-2674	1231
-2672	1228
-2671	1224
-2669	1221
-2668	1218
-2667	1214
-2665	1211
-2665	1208
-2663	1205
-2662	1201
-2660	1198
-2659	1195
-2659	1191
-2657	1188
-2657	1184
-2657	1181
-2655	1178
-2653	1175
-2653	1171
-2652	1168
-2649	1165
-2648	1162
-2646	1158
-2644	1155
-2645	1152
-2644	1148
-2642	1145
-2642	1141
-2640	1138
-2639	1135
-2638	1132
-2635	1129
-2633	1126
-2632	1122
-2630	1119
-2630	1116
-2630	1112
-2629	1109
-2627	1106
-2625	1103
-2624	1099
-2624	1096
-2622	1093
-2621	1090
-2621	1086
-2620	1083
-2618	1079
-2618	1076
-2619	1072
-2618	1069
-2617	1066
-2616	1062
-2616	1059
-2617	1055
-2616	1052
-2615	1048
-2613	1045
-2611	1042
-2610	1039
-2610	1035
-2609	1032
-2608	1029
-2607	1025
-2606	1022
-2605	1019
-2603	1016
-2601	1013
-2600	1009
-2598	1006
-2597	1003
-2596	1000
-2595	996
-2593	993
-2591	990
-2589	987
-2589	984
-2589	980
-2587	977
-2586	974
-2584	971
-2582	968
-2580	965
-2580	961
-2579	958
-2577	955
-2574	952
-2573	949
-2572	946
-2571	942
-2570	939
-2569	936
-2569	932
-2569	928
-2566	926
-2564	923
-2563	920
-2561	917
-2560	913
-2560	910
-2560	906
-2559	903
-2557	900
-2554	897
-2553	894
-2553	890
-2552	887
-2550	884
-2548	881
-2549	877
-2549	874
-2547	871
-2545	868
-2543	865
-2542	861
-2542	858
-2542	854
-2540	851
-2540	847
-2538	845
-2537	841
-2536	838
-2534	835
-2532	832
-2531	829
-2530	826
-2528	822
-2525	820
-2524	817
-2522	814
-2521	810
-2520	807
-2518	804
-2516	801
-2516	798
-2515	794
-2516	790
-2517	786
-2515	784
-2513	780
-2513	777
-2511	774
-2511	770
-2510	767
-2509	764
-2508	760
-2507	757
-2507	754
-2505	750
-2505	747
-2504	744
-2503	740
-2502	737
-2501	734
-2500	730
-2498	727
-2496	724
-2495	721
-2494	718
-2492	715
-2491	712
-2491	708
-2490	705
-2488	702
-2487	698
-2486	695
-2484	692
-2481	690
-2480	686
-2478	684
-2476	681
-2475	677
-2475	674
-2473	671
-2472	667
-2471	664
-2469	661
-2469	658
-2468	654
-2466	651
-2464	648
-2462	646
-2461	642
-2461	639
-2460	635
-2458	632
-2457	629
-2455	626
-2455	622
-2453	619
-2452	616
-2451	613
-2450	609
-2449	606
-2448	603
-2448	599
-2446	596
-2445	593
-2443	590
-2443	586
-2442	583
-2441	580
-2438	577
-2437	574
-2435	571
-2434	568
-2433	564
-2433	560
-2430	558
-2430	554
-2429	551
-2428	548
-2426	544
-2425	541
-2423	538
-2424	534
-2422	531
-2421	528
-2419	525
-2418	521
-2417	518
-2416	515
-2414	512
-2412	509
-2412	505
-2410	502
-2409	499
-2407	496
-2406	493
-2406	489
-2405	486
-2403	483
-2403	479
-2402	475
-2401	472
-2401	468
-2399	465
-2398	462
-2396	459
-2394	456
-2393	453
-2393	449
-2392	446
-2391	442
-2390	438
-2389	435
-2388	432
-2386	429
-2386	425
-2385	422
-2383	419
-2381	416
-2381	412
-2379	409
-2378	406
-2377	402
-2376	399
-2374	396
-2373	392
-2372	389
-2371	386
-2369	383
-2368	379
-2367	376
-2365	373
-2363	370
-2361	367
-2360	364
-2360	360
-2358	357
-2357	354
-2355	351
-2354	347
-2352	344
-2351	341
-2349	338
-2347	335
-2346	332
-2345	328
-2344	325
-2342	322
-2341	318
-2338	316
-2337	312
-2335	310
-2332	308
-2330	305
-2328	302
-2328	298
-2327	294
-2326	291
-2325	287
-2325	283
-2323	280
-2321	277
-2319	275
-2318	271
-2317	268
-2316	264
-2315	261
-2314	257
-2312	254
-2310	251
-2308	248
-2307	245
-2306	241
-2305	238
-2303	235
-2302	231
-2299	229
-2297	226
-2297	222
-2296	219
-2294	216
-2292	213
-2290	210
-2289	206
-2289	202
-2288	198
-2287	195
-2285	192
-2283	189
-2280	187
-2275	186
-2272	184
-2269	182
-2265	180
-2262	178
-2258	176
-2254	175
-2250	173
-2247	171
-2244	169
-2243	165
-2242	162
-2241	159
-2240	154
-2239	151
-2238	148
-2237	144
-2236	140
-2235	137
-2234	133
-2232	130
-2230	128
-2228	125
-2227	121
-2226	117
-2225	114
-2225	110
-2222	107
-2222	103
-2222	99
-2220	96
-2218	93
-2217	89
-2216	86
-2214	82
-2213	79
-2212	76
-2210	72
-2209	69
-2207	66
-2206	62
-2204	59
-2204	55
-2202	52
-2201	48
-2200	45
-2198	41
-2196	39
-2195	35
-2194	31
-2194	27
-2191	24
-2190	21
-2189	17
-2187	14
-2187	10
-2184	7
-2183	4
-2183	-1
-2182	-4
-2180	-8
-2180	-12
-2178	-15
-2176	-18
-2175	-22
-2174	-25
-2173	-29
-2171	-32
-2169	-36
-2168	-39
-2166	-42
-2165	-46
-2164	-50
-2164	-55
-2162	-57
-2161	-61
-2160	-65
-2159	-69
-2157	-72
-2155	-75
-2154	-78
-2152	-82
-2151	-86
-2150	-90
-2149	-93
-2147	-97
-2146	-101
-2145	-104
-2143	-107
-2142	-111
-2142	-116
-2141	-120
-2133	-118
-2128	-118
-2124	-119
-2121	-122
-2119	-125
-2117	-127
-2114	-129
-2110	-131
-2105	-131
-2101	-133
-2100	-136
-2098	-139
-2093	-139
-2088	-140
-2086	-143
-2083	-145
-2081	-149
-2080	-152
-2073	-151
-2066	-149
-2059	-148
-2049	-143
-2043	-143
-2041	-146
-2039	-148
-2034	-149
-2027	-147
-2015	-140
-2008	-139
-2003	-139
-1999	-140
-1994	-140
-1989	-141
-1987	-143
-1985	-146
-1982	-148
-1977	-148
-1972	-149
-1968	-149
-1963	-149
-1958	-149
-1952	-148
-1949	-150
-1949	-155
-1951	-162
-1952	-167
-1944	-165
-1939	-164
-1936	-167
-1928	-164
-1919	-159
-1911	-156
-1905	-155
-1893	-148
-1888	-148
-1885	-149
-1880	-150
-1874	-149
-1871	-150
-1869	-153
-1866	-154
-1863	-156
-1860	-158
-1857	-160
-1853	-161
-1845	-157
-1837	-154
-1833	-154
-1823	-149
-1817	-147
-1812	-148
-1810	-150
-1808	-152
-1805	-154
-1803	-157
-1801	-160
-1799	-163
-1788	-156
-1779	-151
-1777	-154
-1773	-154
-1769	-155
-1768	-159
-1762	-157
-1759	-159
-1756	-160
-1753	-162
-1751	-164
-1736	-152
-1731	-152
-1728	-154
-1723	-153
-1717	-151
-1711	-149
-1706	-148
-1703	-150
-1701	-153
-1698	-154
-1696	-157
-1694	-159
-1686	-155
-1671	-143
-1660	-136
-1655	-135
-1650	-135
-1646	-134
-1644	-136
-1642	-139
-1640	-142
-1639	-146
-1637	-148
-1636	-151
-1635	-156
-1635	-161
-1636	-167
-1634	-170
-1631	-171
-1623	-166
-1619	-167
-1612	-163
-1602	-155
-1593	-150
-1587	-148
-1584	-149
-1582	-152
-1581	-155
-1577	-155
-1573	-156
-1570	-157
-1561	-151
-1551	-143
-1541	-136
-1535	-133
-1533	-136
-1532	-140
-1530	-142
-1529	-145
-1529	-150
-1531	-158
-1529	-161
-1524	-159
-1520	-159
-1519	-162
-1514	-162
-1509	-161
-1506	-161
-1502	-161
-1494	-156
-1490	-156
-1488	-158
-1486	-161
-1483	-162
-1480	-163
-1475	-161
-1472	-162
-1469	-163
-1463	-161
-1457	-157
-1452	-156
-1449	-157
-1446	-158
-1441	-157
-1431	-149
-1426	-148
-1423	-148
-1419	-148
-1417	-150
-1415	-152
-1414	-156
-1411	-158
-1408	-158
-1405	-159
-1404	-162
-1404	-168
-1403	-172
-1399	-171
-1394	-169
-1390	-168
-1384	-165
-1381	-167
-1371	-157
-1364	-153
-1361	-154
-1357	-154
-1353	-153
-1350	-154
-1350	-159
-1348	-161
-1344	-160
-1339	-159
-1335	-158
-1333	-160
-1332	-165
-1332	-170
-1329	-170
-1326	-171
-1323	-172
-1321	-174
-1318	-176
-1315	-176
-1310	-173
-1306	-172
-1303	-174
-1301	-176
-1298	-176
-1295	-177
-1292	-179
-1289	-179
-1284	-177
-1280	-177
-1277	-177
-1272	-174
-1268	-174
-1266	-176
-1261	-174
-1258	-174
-1255	-175
-1252	-176
-1249	-177
-1246	-178
-1243	-178
-1240	-179
-1236	-178
-1231	-175
-1228	-176
-1225	-176
-1222	-178
-1219	-177
-1215	-177
-1211	-176
-1206	-173
-1203	-173
-1201	-176
-1198	-176
-1195	-178
-1192	-178
-1189	-179
-1186	-180
-1181	-177
-1177	-176
-1174	-176
-1171	-176
-1168	-177
-1165	-177
-1162	-177
-1158	-176
-1152	-171
-1153	-179
-1149	-179
-1146	-179
-1143	-179
-1139	-178
-1135	-177
-1132	-178
-1130	-178
-1127	-179
-1124	-180
-1120	-179
-1117	-180
-1114	-180
-1111	-180
-1108	-180
-1104	-179
-1101	-179
-1098	-179
-1095	-180
-1092	-180
-1087	-178
-1084	-178
-1081	-178
-1078	-179
-1075	-178
-1071	-177
-1068	-177
-1064	-176
-1061	-176
-1056	-173
-1052	-171
-1050	-173
-1048	-176
-1045	-176
-1042	-176
-1039	-177
-1036	-177
-1033	-176
-1029	-175
-1027	-177
-1024	-177
-1021	-178
-1018	-177
-1015	-178
-1012	-179
-1009	-179
-1006	-179
-1003	-179
-999	-177
-995	-176
-992	-175
-988	-174
-985	-173
-983	-176
-979	-174
-975	-172
-972	-171
-969	-171
-966	-171
-963	-172
-961	-174
-959	-175
-935	-133
-932	-132
-929	-133
-927	-134
-924	-135
-923	-139
-923	-144
-921	-147
-920	-151
-918	-154
-916	-156
-915	-159
-906	-146
-900	-140
-884	-112
-881	-110
-878	-110
-875	-110
-872	-109
-869	-108
-865	-106
-863	-108
-861	-110
-858	-110
-856	-111
-854	-113
-851	-114
-848	-114
-845	-113
-843	-113
-839	-113
-780	-1
-776	2
-773	3
-771	3
-768	3
-765	3
-763	3
-760	3
-758	3
-755	3
-753	3
-750	3
-747	3
-745	3
-743	2
-740	2
-737	2
-735	2
-734	-2
-734	-9
-734	-16
-731	-16
-727	-10
-722	-5
-720	-7
-720	-13
-719	-16
-720	-25
-746	-127
-746	-135
-745	-138
-743	-141
-741	-142
-738	-143
-736	-144
-733	-145
-731	-145
-729	-146
-726	-147
-724	-148
-721	-149
-719	-150
-716	-150
-714	-152
-711	-152
-709	-153
-707	-154
-704	-154
-701	-153
-698	-152
-695	-150
-691	-148
-688	-147
-686	-148
-684	-150
-682	-153
-681	-158
-680	-162
-675	-156
-671	-152
-668	-150
-665	-149
-661	-148
-658	-147
-655	-145
-652	-143
-649	-142
-647	-144
-645	-146
-642	-146
-639	-144
-637	-146
-635	-148
-633	-150
-631	-153
-630	-156
-628	-158
-626	-162
-624	-165
-621	-164
-617	-158
-612	-151
-609	-148
-606	-146
-603	-147
-601	-149
-599	-151
-598	-156
-598	-166
-599	-177
-596	-176
-593	-175
-590	-173
-587	-172
-584	-173
-582	-173
-580	-175
-577	-176
-575	-176
-572	-177
-570	-178
-567	-176
-512	-4
-510	-3
-507	-4
-505	-5
-504	-7
-502	-12
-502	-21
-503	-31
-503	-40
-503	-50
-503	-59
-502	-66
-502	-74
-501	-83
-502	-95
-502	-106
-503	-121
-503	-130
-504	-141
-504	-153
-503	-160
-501	-162
-499	-165
-497	-166
-495	-167
-492	-169
-490	-168
-487	-169
-485	-170
-483	-171
-480	-170
-477	-170
-475	-170
-472	-169
-468	-163
-463	-153
-458	-143
-454	-135
-451	-133
-448	-131
-445	-129
-443	-129
-441	-130
-438	-132
-436	-132
-434	-133
-433	-143
-432	-149
-430	-152
-428	-153
-426	-156
-424	-160
-423	-166
-421	-171
-419	-170
-416	-170
-414	-169
-411	-170
-409	-171
-406	-171
-404	-170
-401	-171
-399	-171
-396	-171
-394	-171
-391	-171
-388	-170
-386	-169
-383	-170
-381	-169
-378	-170
-376	-170
-374	-171
-371	-171
-369	-171
-366	-171
-364	-171
-361	-171
-358	-170
-356	-170
-353	-170
-351	-169
-348	-170
-346	-169
-343	-169
-341	-170
-338	-170
-337	-175
-335	-180
-333	-182
-330	-183
-328	-183
-326	-184
-323	-184
-320	-183
-318	-183
-316	-184
-313	-184
-311	-184
-308	-185
-306	-184
-303	-183
-301	-184
-298	-185
-295	-183
-293	-183
-290	-183
-288	-184
-286	-185
-283	-184
-281	-183
-278	-184
-276	-183
-273	-184
-271	-184
-268	-185
-266	-185
-263	-184
-261	-185
-258	-184
-256	-184
-253	-184
-251	-184
-248	-184
-246	-184
-243	-183
-241	-184
-238	-184
-236	-185
-234	-184
-231	-184
-229	-184
-226	-184
-224	-184
-221	-186
-219	-185
-216	-184
-214	-184
-211	-183
-209	-184
-206	-184
-204	-184
-201	-184
-199	-183
-196	-184
-194	-184
-191	-183
-189	-180
-186	-179
-184	-179
-181	-178
-179	-176
-176	-175
-174	-173
-171	-173
-169	-173
-166	-175
-164	-181
-162	-184
-160	-184
-157	-185
-155	-184
-152	-185
-150	-185
-147	-186
-145	-185
-142	-184
-140	-183
-137	-184
-135	-184
-132	-184
-130	-185
-128	-185
-125	-185
-123	-185
-120	-184
-118	-184
-115	-184
-113	-184
-110	-184
-108	-184
-105	-183
-103	-184
-101	-184
-98	-184
-96	-184
-93	-184
-91	-184
-88	-184
-86	-184
-83	-184
-81	-184
-78	-183
-76	-183
-74	-183
-69	-184
-66	-184
-64	-183
-61	-183
-59	-183
-56	-183
-54	-183
-52	-183
-49	-183
-47	-184
-44	-183
-42	-183
-39	-184
-37	-183
-34	-183
-32	-183
-29	-183
-27	-183
-25	-184
-22	-184
-20	-183
-17	-183
-15	-184
-12	-184
-10	-184
-7	-184
-5	-184
-2	-184
-0	-184
2	-183
5	-183
7	-183
10	-183
12	-183
15	-184
17	-183
20	-183
22	-183
25	-184
27	-184
29	-183
32	-183
34	-184
37	-184
39	-184
42	-184
44	-184
47	-184
49	-184
52	-183
54	-184
56	-184
59	-183
61	-183
64	-183
66	-184
69	-183
71	-183
74	-184
76	-184
79	-184
81	-184
84	-184
86	-184
88	-184
91	-185
93	-185
96	-184
98	-184
101	-184
103	-185
106	-185
108	-184
111	-183
113	-184
116	-184
118	-184
121	-184
123	-184
126	-184
128	-184
131	-184
133	-184
136	-185
138	-185
140	-184
143	-184
145	-184
148	-185
150	-184
153	-184
155	-185
158	-185
160	-184
163	-184
165	-184
168	-183
170	-184
173	-185
175	-184
178	-184
180	-184
183	-184
185	-184
188	-184
190	-185
193	-184
195	-183
198	-186
200	-185
203	-184
205	-183
207	-183
210	-184
212	-184
215	-183
218	-184
220	-185
223	-184
225	-184
227	-184
230	-184
233	-184
235	-183
238	-184
240	-185
243	-186
245	-186
248	-185
250	-184
253	-185
256	-186
258	-186
260	-185
263	-185
265	-185
268	-183
270	-185
273	-186
276	-186
278	-185
281	-185
283	-186
286	-185
288	-185
291	-184
293	-185
296	-184
298	-185
301	-184
303	-184
306	-185
309	-186
311	-185
314	-185
316	-185
319	-186
321	-185
324	-185
326	-185
329	-185
331	-184
334	-186
337	-186
339	-186
342	-184
344	-183
344	-172
346	-170
349	-171
351	-171
354	-171
357	-171
359	-169
361	-169
364	-169
367	-171
369	-170
372	-170
374	-170
376	-169
379	-168
382	-169
385	-172
387	-171
390	-171
392	-170
395	-169
397	-170
400	-170
403	-172
406	-172
408	-171
411	-173
413	-172
416	-171
418	-171
421	-171
424	-172
426	-170
428	-170
431	-171
434	-172
437	-172
439	-173
442	-172
444	-171
447	-172
450	-172
452	-171
454	-170
457	-170
460	-171
462	-170
465	-171
468	-172
471	-172
473	-172
476	-172
478	-170
480	-170
483	-170
486	-171
489	-171
491	-170
493	-168
496	-167
498	-167
501	-167
503	-165
505	-162
507	-161
509	-158
511	-156
512	-151
512	-142
510	-126
510	-120
512	-118
512	-110
512	-102
512	-93
511	-82
509	-66
508	-58
509	-53
510	-46
509	-35
508	-26
508	-19
508	-11
510	-8
511	-4
513	-4
516	-4
518	-4
595	-208
581	-160
585	-163
590	-169
594	-173
598	-175
599	-172
598	-160
597	-149
598	-147
601	-146
604	-146
606	-145
608	-144
611	-144
615	-147
622	-158
624	-157
625	-154
628	-153
622	-129
624	-127
625	-123
626	-119
628	-117
631	-117
633	-116
635	-114
637	-113
640	-112
642	-112
646	-113
648	-113
650	-111
653	-111
656	-113
660	-114
662	-112
664	-112
668	-115
673	-120
678	-127
686	-139
693	-148
698	-154
700	-154
704	-155
706	-154
708	-153
712	-153
714	-152
716	-151
719	-150
721	-149
724	-148
726	-147
728	-145
731	-145
733	-143
735	-142
738	-141
740	-140
742	-138
743	-135
744	-131
745	-125
746	-120
747	-117
719	-23
719	-18
720	-14
720	-7
721	-3
722	-1
725	-0
727	1
729	2
732	2
734	2
736	3
739	3
742	3
744	3
747	2
751	1
754	1
756	1
759	1
761	1
765	-0
768	-0
770	1
772	2
775	1
778	2
781	1
853	-115
855	-113
858	-115
863	-117
867	-119
873	-126
892	-158
893	-153
893	-147
894	-143
896	-141
899	-141
902	-141
905	-141
912	-148
923	-163
927	-165
935	-175
937	-173
940	-172
942	-170
945	-170
948	-170
952	-171
956	-172
960	-173
964	-176
968	-178
972	-178
975	-179
978	-178
981	-179
990	-189
993	-188
997	-188
1000	-188
1001	-186
1003	-183
1005	-181
1008	-180
1012	-181
1015	-181
1019	-182
1022	-182
1026	-182
1027	-180
1028	-175
1029	-171
1033	-172
1040	-179
1043	-179
1047	-179
1051	-180
1055	-182
1058	-182
1061	-180
1064	-181
1067	-180
1071	-181
1075	-182
1077	-181
1080	-180
1082	-178
1087	-180
1090	-180
1093	-179
1095	-177
1097	-174
1100	-173
1104	-174
1108	-176
1113	-178
1117	-179
1121	-181
1125	-181
1129	-182
1132	-182
1135	-181
1139	-181
1142	-181
1145	-181
1148	-180
1151	-179
1154	-179
1159	-181
1163	-181
1166	-181
1169	-180
1174	-182
1177	-182
1180	-181
1184	-181
1187	-181
1191	-182
1194	-181
1199	-182
1203	-184
1207	-184
1209	-181
1211	-180
1215	-180
1219	-181
1223	-181
1226	-180
1229	-179
1231	-178
1235	-178
1241	-182
1247	-185
1251	-185
1254	-184
1257	-184
1260	-182
1262	-181
1267	-181
1271	-182
1275	-183
1279	-183
1282	-183
1285	-182
1289	-182
1293	-182
1298	-184
1303	-186
1307	-187
1313	-190
1319	-192
1321	-190
1324	-188
1326	-187
1329	-186
1332	-184
1334	-182
1339	-183
1341	-181
1344	-180
1348	-180
1350	-178
1353	-177
1355	-175
1358	-173
1362	-173
1366	-174
1371	-174
1374	-174
1378	-174
1382	-174
1387	-176
1392	-177
1396	-177
1401	-179
1405	-178
1408	-178
1412	-178
1415	-176
1418	-175
1422	-175
1426	-175
1431	-176
1434	-176
1437	-174
1439	-172
1442	-171
1446	-171
1453	-174
1459	-176
1462	-175
1467	-176
1478	-184
1479	-182
1482	-180
1486	-179
1491	-180
1495	-180
1499	-181
1502	-179
1506	-179
1508	-177
1510	-174
1512	-171
1513	-168
1516	-166
1523	-170
1539	-183
1540	-180
1542	-177
1543	-174
1547	-173
1557	-180
1564	-183
1567	-181
1571	-180
1574	-180
1580	-181
1588	-185
1592	-185
1597	-186
1598	-182
1600	-180
1604	-179
1606	-177
1610	-176
1613	-174
1616	-173
1618	-170
1621	-168
1624	-167
1626	-165
1629	-163
1633	-162
1637	-162
1643	-163
1648	-164
1656	-168
1661	-169
1665	-168
1668	-166
1671	-165
1675	-164
1680	-164
1683	-163
1687	-163
1695	-166
1703	-170
1703	-165
1706	-163
1711	-164
1720	-169
1730	-173
1732	-171
1735	-169
1736	-165
1737	-162
1740	-160
1744	-159
1747	-157
1749	-155
1752	-153
1756	-152
1763	-155
1774	-161
1784	-166
1789	-166
1795	-167
1798	-165
1800	-163
1803	-161
1805	-157
1807	-155
1811	-154
1816	-154
1824	-158
1827	-155
1833	-156
1841	-159
1850	-164
1854	-163
1858	-162
1863	-161
1862	-156
1863	-152
1865	-149
1868	-147
1872	-146
1875	-144
1877	-141
1879	-138
1881	-136
1884	-133
1888	-132
1892	-132
1897	-132
1903	-132
1916	-140
1926	-144
1929	-142
1932	-140
1935	-138
1939	-137
1944	-136
1943	-131
1945	-128
1947	-125
1950	-123
1955	-122
1974	-135
1981	-137
1988	-138
1992	-137
1992	-132
1993	-128
1995	-125
1998	-123
2003	-122
2008	-122
2012	-120
2013	-117
2014	-113
2018	-112
2024	-112
2028	-111
2030	-108
2041	-112
2046	-112
2046	-108
2048	-104
2050	-101
2052	-98
2053	-95
2056	-92
2059	-90
2064	-90
2072	-91
2081	-94
2095	-101
2106	-105
2111	-104
2114	-102
2121	-103
2121	-99
2124	-96
2128	-95
2130	-92
2132	-89
2140	-91
2143	-88
2147	-87
2152	-86
2157	-85
2165	-87
2175	-90
2178	-88
2182	-86
2184	-83
2179	-74
2177	-68
2179	-65
2179	-60
2183	-59
2193	-61
2196	-59
2197	-55
2199	-52
2202	-50
2211	-52
2225	-58
2236	-61
2238	-58
2239	-54
2238	-49
2242	-47
2244	-44
2246	-41
2247	-37
2246	-31
2245	-26
2245	-21
2252	-22
2252	-17
2251	-11
2253	-8
2257	-7
2259	-4
2259	1
2259	5
2258	11
2258	16
2260	19
2259	24
2260	28
2264	29
2266	33
2263	40
2259	47
2262	50
2266	51
2270	53
2269	58
2269	62
2267	68
2265	74
2265	79
2266	83
2267	86
2266	91
2269	94
2263	103
2264	106
2266	110
2265	115
2266	119
2270	120
2268	126
2269	129
2271	133
2270	138
2271	141
2272	145
2273	149
2276	152
2277	155
2279	158
2279	162
2278	168
2279	171
2279	175
2281	178
2282	182
2281	187
2281	191
2283	194
2285	197
2287	201
2287	205
2287	209
2289	212
2291	215
2292	219
2288	225
2291	228
2292	231
2297	233
2299	236
2302	238
2305	241
2306	244
2308	247
2308	251
2308	256
2309	259
2309	264
2309	268
2308	273
2306	278
2308	281
2312	283
2315	285
2314	290
2315	294
2315	298
2314	302
2315	306
2317	309
2318	313
2319	316
2320	319
2322	323
2323	326
2323	330
2324	334
2324	338
2325	342
2326	345
2328	348
2329	352
2328	356
2328	361
2328	365
2329	368
2332	370
2332	374
2332	379
2334	382
2335	385
2335	389
2336	392
2338	396
2339	399
2338	404
2337	408
2339	411
2343	413
2344	416
2346	419
2346	424
2347	427
2349	430
2348	434
2347	439
2348	442
2350	446
2351	449
2351	453
2353	456
2356	458
2357	462
2358	465
2359	469
2360	472
2360	476
2359	480
2359	484
2362	487
2362	491
2363	494
2364	498
2364	501
2361	507
2360	511
2364	514
2368	515
2367	520
2366	524
2370	526
2371	529
2370	534
2370	538
2370	541
2373	544
2373	548
2374	551
2375	555
2374	559
2375	563
2374	567
2374	571
2376	573
2380	576
2382	579
2383	582
2383	586
2385	589
2386	592
2387	595
2388	599
2389	602
2390	606
2390	609
2391	613
2391	617
2392	620
2393	623
2395	627
2395	630
2397	633
2397	637
2398	640
2400	643
2397	649
2398	652
2400	655
2402	657
2401	662
2401	665
2402	669
2401	673
2401	677
2401	680
2403	684
2404	687
2405	690
2407	693
2408	697
2409	700
2410	703
2411	707
2411	710
2410	714
2412	717
2414	720
2413	724
2413	728
2415	731
2416	734
2417	738
2418	741
2419	744
2420	748
2421	751
2423	754
2423	758
2424	761
2420	766
2422	769
2423	772
2423	776
2425	779
2425	783
2426	786
2427	789
2427	793
2428	796
2429	800
2431	803
2432	806
2430	810
2430	814
2430	818
2429	821
2428	825
2430	828
2432	831
2433	835
2433	838
2434	842
2434	845
2433	849
2433	853
2434	856
2435	859
2436	863
2437	866
2437	870
2436	873
2437	877
2438	880
2439	883
2440	886
2441	890
2442	893
2442	897
2442	900
2444	903
2444	907
2444	911
2445	914
2446	917
2445	921
2446	924
2446	928
2448	931
2447	935
2447	938
2448	941
2449	945
2450	948
2450	951
2450	955
2450	959
2452	962
2453	965
2454	968
2454	972
2455	975
2455	979
2455	982
2457	985
2456	989
2455	992
2456	996
2457	999
2459	1002
2458	1006
2459	1009
2461	1012
2461	1016
2462	1019
2462	1023
2461	1026
2461	1030
2462	1033
2463	1036
2464	1040
2464	1043
2464	1047
2464	1050
2464	1053
2465	1057
2466	1060
2468	1063
2469	1066
2468	1070
2468	1073
2470	1077
2471	1080
2472	1083
2472	1086
2469	1091
2469	1094
2471	1097
2475	1100
2474	1103
2474	1107
2474	1110
2478	1113
2477	1117
2477	1120
2477	1124
2479	1127
2478	1130
2479	1134
2479	1137
2479	1141
2478	1144
2480	1147
2482	1150
2483	1154
2484	1157
2483	1161
2484	1164
2483	1167
2485	1171
2488	1173
2488	1177
2489	1180
2490	1183
2490	1187
2490	1190
2490	1194
2489	1197
2489	1201
2491	1204
2491	1207
2493	1210
2492	1214
2493	1217
2494	1221
2494	1224
2499	1227
2498	1230
2499	1233
2499	1237
2499	1240
2501	1243
2501	1247
2501	1250
2502	1254
2501	1257
2502	1261
2501	1264
2503	1267
2503	1271
2502	1274
2501	1278
2503	1281
2504	1284
2504	1288
2504	1291
2505	1294
2507	1297
2507	1301
2508	1304
2506	1308
2506	1311
2507	1315
2509	1318
2509	1321
2509	1325
2510	1328
2510	1331
2511	1334
2512	1338
2513	1341
2513	1344
2513	1348
2513	1351
2515	1354
2516	1358
2517	1361
2516	1365
2515	1368
2516	1371
2516	1375
2517	1378
2517	1382
2517	1385
2519	1388
2519	1391
2520	1395
2521	1398
2521	1401
2522	1405
2523	1408
2523	1411
2524	1415
2525	1418
2524	1422
2524	1425
2524	1428
2526	1432
2527	1435
2527	1438
2528	1442
2528	1445
2528	1448
2529	1452
2527	1455
2527	1459
2528	1462
2530	1465
2531	1469
2529	1472
2531	1476
2531	1479
2531	1482
2529	1486
2531	1489
2532	1492
2532	1496
2533	1499
2534	1502
2534	1506
2534	1509
2535	1513
2537	1516
2536	1519
2536	1523
2536	1526
2536	1530
2538	1533
2538	1536
2538	1540
2539	1543
2539	1546
2540	1550
2540	1553
2542	1556
2541	1560
2540	1563
2540	1567
2542	1570
2542	1573
2543	1577
2543	1580
2543	1584
2542	1587
2543	1590
2546	1594
2547	1597
2546	1600
2546	1604
2546	1607
2546	1611
2548	1614
2548	1617
2548	1621
2549	1624
2550	1628
2550	1631
2550	1634
2551	1638
2552	1641
2552	1645
2553	1648
2553	1651
2553	1655
