2447	1637
2447	1640
2448	1644
2448	1647
2449	1650
2449	1653
2451	1660
2450	1663
2451	1666
2452	1670
2453	1673
2453	1676
2453	1679
2453	1683
2454	1686
2454	1689
2454	1692
2454	1696
2455	1699
2456	1702
2458	1706
2458	1709
2458	1712
2458	1715
2458	1719
2458	1722
2459	1725
2459	1729
2460	1732
2459	1735
2460	1738
2460	1742
2460	1745
2460	1748
2460	1751
2461	1755
2461	1758
2460	1761
2461	1765
2462	1768
2461	1771
2462	1774
2461	1778
2460	1781
2459	1784
2458	1787
2458	1791
2461	1794
2460	1797
2460	1801
2460	1804
2462	1807
2462	1811
2462	1814
2464	1817
2465	1821
2466	1824
2466	1827
2466	1831
2465	1834
2465	1837
2466	1840
2467	1844
2467	1847
2467	1850
2469	1854
2470	1857
2470	1860
2470	1864
2471	1867
2472	1870
2471	1874
2470	1877
2471	1880
2472	1884
2473	1887
2473	1890
2473	1894
2474	1897
2474	1900
2475	1904
2475	1907
2477	1911
2477	1914
2478	1917
2478	1921
2478	1924
2477	1927
2477	1931
2479	1934
2481	1938
2481	1941
2483	1945
2482	1948
2482	1951
2482	1954
2481	1958
2482	1961
2481	1964
2480	1968
2480	1971
2482	1975
2483	1978
2484	1981
2484	1985
2483	1988
2483	1991
2487	1995
2487	1999
2488	2002
2488	2005
2487	2009
2488	2012
2488	2016
2489	2019
2490	2022
2491	2026
2492	2029
2492	2033
2493	2036
2493	2040
2492	2043
2491	2046
2493	2050
2494	2054
2494	2057
2494	2060
2496	2064
2496	2067
2497	2071
2496	2074
2496	2078
2497	2081
2498	2085
2497	2088
2497	2091
2497	2095
2496	2098
2493	2101
2496	2105
2497	2108
2498	2112
2499	2115
2499	2119
2499	2122
2499	2126
2501	2129
2501	2133
2500	2136
2501	2140
2503	2144
2503	2147
2502	2150
2502	2154
2504	2158
2505	2161
2504	2165
2505	2168
2506	2172
2506	2175
2509	2179
2508	2183
2508	2186
2509	2190
2510	2193
2509	2197
2510	2200
2510	2204
2510	2207
2514	2211
2514	2215
2514	2218
2514	2222
2515	2226
2516	2229
2516	2233
2518	2237
2518	2240
2517	2244
2518	2247
2520	2251
2520	2255
2520	2258
2520	2262
2523	2266
2525	2270
2525	2273
2525	2277
2525	2281
2526	2284
2527	2288
2528	2292
2526	2295
2525	2298
2526	2302
2528	2306
2529	2310
2529	2313
2531	2317
2532	2321
2533	2325
2533	2329
2532	2332
2533	2336
2535	2340
2535	2343
2534	2347
2534	2350
2535	2354
2537	2358
2538	2362
2537	2366
2538	2370
2540	2374
2539	2377
2538	2381
2541	2385
2541	2389
2541	2392
2540	2395
2541	2399
2544	2404
2545	2408
2545	2412
2546	2415
2546	2419
2546	2423
2546	2426
2548	2431
2549	2435
2549	2438
2552	2443
2553	2447
2552	2450
2551	2454
2550	2457
2551	2461
2553	2465
2554	2469
2554	2473
2552	2476
2552	2480
2552	2483
2552	2487
2551	2491
2551	2494
2550	2498
2549	2501
2550	2505
2551	2509
2552	2513
2553	2517
2553	2521
2553	2525
2552	2528
2551	2532
2552	2536
2552	2539
2555	2544
2555	2548
2555	2552
2555	2555
2556	2559
2556	2563
2556	2567
2555	2571
2556	2575
2556	2579
2556	2582
2554	2585
2553	2589
2554	2593
2554	2597
2555	2601
2556	2605
2556	2609
2557	2613
2556	2617
2555	2620
2553	2623
2554	2628
2554	2631
2554	2635
2555	2639
2555	2643
2553	2647
2553	2650
2553	2654
2554	2659
2556	2663
2556	2667
2555	2670
2556	2675
2557	2679
2558	2683
2558	2687
2558	2691
2557	2694
2556	2698
2557	2702
2556	2706
2556	2710
2557	2714
2559	2719
2560	2723
2560	2727
2560	2731
2558	2734
2557	2738
2558	2742
2559	2746
2559	2751
2559	2754
2556	2757
2556	2761
2559	2766
2561	2771
2564	2776
2561	2779
2560	2783
2559	2786
2560	2791
2561	2795
2562	2800
2562	2804
2563	2808
2563	2812
2562	2816
2562	2820
2565	2825
2567	2830
2567	2834
2567	2839
2566	2842
2567	2847
2569	2852
2570	2856
2569	2860
2570	2864
2571	2869
2572	2873
2572	2878
2573	2882
2574	2887
2572	2890
2569	2893
2569	2897
2573	2903
2574	2907
2573	2911
2574	2916
2576	2921
2577	2926
2577	2930
2577	2934
2576	2938
2576	2942
2574	2945
2575	2950
2576	2954
2576	2959
2572	2961
2573	2966
2575	2971
2575	2976
2575	2979
2575	2984
2575	2988
2573	2991
2572	2995
2575	3001
2576	3006
2576	3010
2575	3014
2574	3018
2574	3022
2580	3029
2581	3034
2579	3037
2577	3041
2577	3045
2577	3050
2579	3055
2580	3060
2582	3065
2579	3068
2574	3070
2573	3073
2576	3080
2580	3086
2579	3090
2578	3094
2578	3098
2577	3102
2576	3106
2573	3109
2567	3110
2547	3104
2523	3095
2506	3090
2505	3093
2505	3098
2503	3101
2500	3104
2498	3107
2500	3113
2574	3167
2575	3173
2576	3178
2575	3182
2574	3185
2573	3189
2574	3195
2576	3200
2576	3205
2577	3210
2577	3215
2577	3219
2576	3223
2577	3229
2579	3234
2579	3239
2579	3244
2578	3248
2577	3252
2576	3256
2577	3261
2577	3266
2576	3270
2573	3273
2572	3277
2573	3282
2573	3287
2573	3291
2575	3297
2574	3302
2575	3307
2576	3312
2576	3317
2574	3320
2573	3325
2572	3329
2572	3334
2572	3338
2572	3343
2572	3348
2572	3353
2571	3357
2571	3362
2571	3367
2573	3372
2574	3378
2573	3382
2571	3386
2569	3389
2568	3394
2569	3399
2570	3405
2571	3410
2571	3415
2570	3420
2570	3424
2568	3428
2568	3433
2569	3438
2568	3443
2568	3448
2568	3452
2565	3456
2564	3460
2562	3464
2562	3469
2563	3474
2564	3480
2564	3485
2565	3490
2565	3496
2565	3501
2564	3505
2565	3511
2564	3515
2563	3520
2563	3525
2562	3529
2562	3534
2561	3539
2561	3544
2560	3548
2560	3553
2559	3558
2556	3561
2556	3566
2555	3571
2555	3575
2557	3582
2555	3586
2554	3591
2554	3596
2554	3601
2553	3605
2552	3610
2551	3614
2549	3618
2547	3622
2546	3627
2547	3633
2544	3636
2542	3640
2539	3643
2537	3646
2537	3652
2537	3657
2535	3661
2533	3665
2532	3669
2530	3673
2528	3677
2526	3681
2525	3686
2524	3690
2522	3694
2519	3697
2520	3703
2523	3711
2522	3716
2519	3719
2506	3714
2487	3704
2476	3701
2471	3703
2468	3705
2464	3707
2460	3709
2462	3717
2479	3736
2500	3758
2503	3767
2502	3771
2501	3776
2500	3781
2498	3785
2496	3788
2495	3793
2493	3797
2492	3802
2491	3807
2490	3811
2488	3816
2486	3820
2484	3824
2484	3829
2483	3834
2481	3838
2481	3843
2479	3847
2477	3851
2475	3856
2474	3861
2473	3866
2473	3871
2471	3876
2469	3880
2468	3884
2465	3887
2464	3892
2462	3897
2462	3903
2460	3907
2460	3912
2460	3918
2459	3923
2457	3927
2454	3930
2451	3933
2450	3938
2450	3944
2449	3949
2447	3954
2446	3959
2444	3963
2442	3967
2438	3970
2438	3975
2439	3982
2438	3987
2435	3991
2434	3995
2433	4001
2431	4005
2430	4010
2427	4013
2424	4017
2423	4022
2126	3762
2123	3765
2124	3793
2120	3794
2119	3799
2115	3801
2398	4085
2396	4088
2393	4092
2390	4096
2387	4099
2385	4103
2383	4107
2379	4110
2376	4113
2374	4117
2371	4121
2369	4125
2367	4130
2365	4134
2363	4138
2362	4143
2361	4149
2358	4153
2357	4158
2355	4162
2353	4166
2351	4172
2349	4175
2347	4180
2346	4185
2343	4189
2340	4192
2337	4196
2336	4201
2334	4205
2331	4209
2328	4212
2326	4217
2324	4221
2320	4224
2318	4228
2318	4235
2315	4239
2313	4243
2311	4247
2308	4251
2305	4255
2302	4258
2300	4262
2299	4268
2296	4272
2294	4277
2291	4280
2289	4284
2287	4289
2284	4292
2279	4294
2277	4298
2275	4303
2273	4308
2269	4310
2266	4313
2262	4316
2258	4318
2254	4321
2251	4324
2247	4327
2244	4330
2241	4333
2238	4337
2235	4341
2234	4346
2230	4349
2227	4352
2224	4356
2220	4359
2218	4363
2213	4365
2210	4368
2206	4370
2202	4373
2198	4375
2194	4377
2190	4380
2188	4384
2184	4387
2182	4391
2179	4395
2175	4398
2171	4400
2167	4402
2163	4405
2161	4409
2158	4413
2155	4417
2153	4421
2151	4425
2148	4429
2145	4433
2142	4436
2140	4442
2137	4445
2134	4449
2130	4452
2127	4455
2123	4457
2119	4460
2117	4465
2114	4468
2111	4472
2108	4475
2106	4481
2104	4485
2101	4489
2098	4493
2096	4497
2093	4501
2089	4504
2087	4509
2084	4513
2082	4517
2079	4521
2075	4524
2072	4528
2068	4530
2065	4534
2062	4538
2059	4541
2056	4545
2053	4548
2051	4554
2047	4556
2043	4559
2042	4565
2039	4568
2036	4572
2032	4575
2030	4580
2027	4583
2023	4587
2020	4590
2017	4595
2014	4598
2011	4602
2008	4606
2006	4610
2002	4613
1998	4616
1994	4618
1991	4623
1989	4628
1986	4631
1983	4635
1978	4636
1973	4637
1970	4640
1967	4644
1964	4649
1962	4654
1959	4657
1955	4661
1952	4665
1949	4668
1945	4671
1942	4674
1938	4678
1936	4682
1931	4684
1927	4686
1924	4690
1921	4694
1917	4697
1913	4699
1910	4703
1907	4708
1905	4713
1901	4715
1897	4718
1893	4720
1889	4723
1886	4726
1883	4731
1881	4736
1877	4738
1873	4741
1869	4743
1865	4746
1861	4749
1857	4751
1853	4754
1849	4756
1846	4760
1842	4762
1836	4763
1833	4766
1829	4770
1826	4774
1825	4780
1823	4785
1818	4788
1814	4790
1811	4794
1808	4799
1806	4804
1804	4809
1801	4814
1797	4817
1792	4818
1788	4821
1784	4822
1780	4826
1777	4830
1774	4834
1771	4838
1769	4844
1766	4849
1759	4847
1754	4847
1751	4851
1750	4860
1747	4863
1744	4867
1739	4869
1735	4871
1731	4873
1727	4877
1724	4881
1720	4884
1716	4886
1713	4890
1709	4893
1707	4899
1702	4901
1698	4903
1694	4905
1689	4907
1686	4911
1682	4914
1677	4915
1673	4917
1669	4919
1665	4923
1662	4927
1658	4931
1655	4935
1652	4939
1648	4942
1644	4945
1641	4949
1637	4951
1633	4954
1629	4957
1625	4959
1620	4961
1616	4963
1612	4966
1607	4968
1604	4971
1600	4975
1596	4978
1592	4981
1587	4981
1583	4983
1579	4986
1576	4990
1572	4994
1569	4998
1565	5001
1561	5005
1557	5006
1552	5008
1548	5011
1544	5013
1541	5017
1537	5020
1532	5022
1528	5025
1524	5028
1523	5038
1519	5041
1515	5043
1511	5046
1507	5048
1503	5051
1499	5053
1494	5055
1490	5057
1486	5061
1483	5065
1479	5068
1475	5072
1471	5074
1466	5076
1463	5080
1458	5082
1453	5082
1448	5082
1444	5085
1440	5087
1435	5089
1431	5092
1427	5095
1423	5099
1419	5101
1415	5104
1411	5107
1407	5111
1403	5114
1399	5116
1394	5117
1389	5118
1384	5118
1379	5119
1374	5121
1371	5124
1367	5128
1363	5130
1358	5132
1354	5133
1349	5134
1344	5137
1341	5141
1337	5143
1333	5148
1329	5152
1326	5155
1321	5158
1317	5160
1312	5162
1308	5165
1305	5169
1300	5171
1296	5172
1291	5174
1287	5178
1284	5182
1279	5185
1276	5189
1271	5190
1266	5191
1261	5191
1256	5193
1252	5196
1248	5200
1244	5201
1239	5203
1235	5207
1232	5211
1227	5214
1223	5215
1218	5218
1214	5221
1210	5224
1208	5231
1204	5235
1199	5237
1194	5237
1188	5236
1183	5235
1178	5236
1174	5239
1169	5241
1165	5243
1160	5245
1155	5245
1150	5246
1145	5246
1140	5247
1136	5251
1132	5253
1128	5256
1123	5259
1119	5261
1114	5262
1110	5264
1106	5268
1101	5269
1097	5272
1092	5272
1087	5274
1082	5275
1078	5277
1073	5279
1069	5282
1064	5284
1060	5287
1056	5289
1051	5291
1047	5294
1042	5296
1037	5296
1033	5298
1028	5301
1023	5300
1018	5300
1013	5301
1009	5304
1004	5306
1000	5309
995	5312
991	5314
987	5317
982	5319
977	5320
973	5322
968	5324
963	5324
958	5325
954	5329
950	5333
945	5334
940	5333
936	5337
931	5339
926	5339
921	5339
917	5343
913	5346
907	5345
902	5345
898	5348
893	5351
889	5352
884	5352
878	5351
873	5352
868	5352
864	5356
860	5358
855	5359
850	5361
845	5361
840	5361
835	5361
830	5363
826	5365
821	5367
816	5369
812	5370
806	5369
801	5368
796	5370
792	5371
786	5370
781	5370
776	5371
772	5374
767	5376
762	5377
758	5379
753	5382
749	5384
744	5386
740	5388
735	5390
730	5393
726	5398
722	5400
717	5400
712	5401
707	5403
703	5405
698	5405
693	5406
688	5407
684	5411
679	5413
674	5414
669	5415
665	5418
660	5419
655	5422
651	5426
646	5427
641	5428
637	5430
632	5432
627	5433
622	5435
617	5436
613	5438
607	5436
602	5435
597	5434
592	5435
587	5435
583	5439
578	5441
573	5444
568	5444
563	5444
558	5446
554	5447
549	5448
544	5449
539	5450
534	5450
529	5450
524	5450
519	5451
514	5452
509	5453
504	5454
500	5456
495	5457
490	5458
485	5460
480	5461
475	5460
470	5458
464	5456
459	5456
454	5456
449	5456
444	5456
439	5455
434	5455
430	5458
425	5460
420	5460
415	5461
410	5462
405	5463
400	5463
395	5465
390	5466
385	5466
380	5466
375	5466
371	5468
366	5467
361	5467
356	5467
351	5470
346	5472
341	5473
336	5473
331	5475
326	5475
322	5477
317	5477
312	5479
307	5478
302	5479
297	5481
292	5484
287	5486
283	5488
278	5490
273	5491
268	5491
263	5490
258	5489
253	5490
248	5490
243	5493
238	5496
233	5498
228	5499
223	5497
218	5496
213	5496
208	5497
203	5496
198	5495
193	5494
188	5494
183	5495
178	5495
173	5497
168	5499
163	5502
158	5506
154	5509
149	5512
144	5523
141	5563
102	5018
98	5017
94	5016
89	5014
85	5014
80	5014
76	5014
72	5009
67	4997
62	4995
58	4991
54	4990
49	4991
45	4991
41	4993
36	4996
32	4996
28	5000
24	5011
19	5014
15	5014
11	5012
6	5014
2	5017
-2	5017
-7	5012
-16	5548
-21	5544
-26	5544
-31	5545
-36	5545
-42	5547
-47	5547
-52	5546
-57	5544
-62	5543
-67	5544
-72	5547
-77	5548
-82	5548
-87	5548
-92	5548
-97	5547
-102	5547
-107	5547
-112	5548
-117	5551
-122	5549
-127	5549
-132	5548
-137	5545
-142	5541
-147	5539
-152	5540
-157	5540
-163	5540
-168	5549
-198	5553
-203	5548
-208	5550
-213	5549
-218	5548
-224	5548
-229	5550
-234	5548
-239	5548
-244	5548
-249	5549
-254	5549
-259	5547
-264	5544
-269	5541
-274	5537
-279	5537
-284	5537
-289	5536
-294	5538
-299	5542
-305	5550
-310	5552
-315	5553
-320	5552
-325	5553
-330	5553
-336	5555
-341	5555
-346	5555
-351	5556
-356	5555
-361	5555
-366	5555
-371	5555
-376	5557
-382	5559
-387	5559
-392	5559
-397	5560
-402	5559
-407	5559
-412	5559
-418	5560
-423	5561
-428	5563
-433	5563
-438	5563
-443	5561
-448	5561
-454	5560
-459	5561
-464	5559
-469	5557
-473	5552
-478	5551
-484	5555
-489	5553
-494	5554
-499	5551
-504	5552
-509	5550
-514	5548
-519	5549
-524	5549
-529	5550
-534	5550
-539	5548
-544	5548
-549	5547
-554	5545
-560	5546
-564	5544
-569	5543
-575	5543
-580	5542
-585	5544
-590	5543
-595	5544
-600	5544
-605	5539
-610	5536
-614	5534
-619	5531
-624	5529
-629	5529
-634	5528
-639	5526
-643	5522
-648	5520
-654	5521
-659	5522
-664	5522
-669	5523
-675	5523
-680	5524
-685	5526
-690	5525
-695	5525
-700	5524
-705	5522
-710	5521
-716	5522
-721	5522
-726	5520
-731	5520
-736	5520
-741	5519
-746	5519
-751	5516
-755	5512
-760	5512
-766	5513
-771	5514
-777	5515
-782	5515
-786	5512
-791	5510
-796	5509
-801	5509
-806	5507
-811	5505
-816	5504
-821	5504
-827	5505
-831	5501
-835	5496
-840	5494
-845	5494
-851	5495
-856	5495
-860	5493
-865	5492
-870	5490
-875	5487
-880	5485
-885	5485
-890	5484
-895	5483
-900	5483
-905	5484
-910	5483
-916	5484
-920	5481
-926	5481
-931	5480
-935	5478
-940	5476
-945	5474
-950	5475
-956	5474
-960	5471
-965	5470
-970	5471
-975	5468
-979	5465
-984	5462
-988	5459
-993	5458
-999	5459
-1004	5458
-1009	5458
-1015	5459
-1020	5458
-1024	5456
-1030	5457
-1035	5456
-1040	5456
-1045	5455
-1049	5451
-1054	5448
-1059	5447
-1063	5444
-1068	5441
-1073	5439
-1077	5437
-1082	5435
-1087	5435
-1093	5435
-1098	5434
-1102	5431
-1106	5428
-1111	5425
-1116	5423
-1120	5419
-1125	5417
-1129	5416
-1134	5414
-1139	5412
-1143	5408
-1148	5405
-1152	5403
-1157	5400
-1161	5397
-1165	5393
-1170	5391
-1175	5390
-1180	5389
-1185	5391
-1191	5391
-1196	5390
-1201	5389
-1206	5387
-1211	5386
-1216	5385
-1220	5382
-1224	5378
-1228	5375
-1233	5373
-1238	5372
-1243	5369
-1247	5368
-1252	5367
-1258	5366
-1262	5364
-1267	5363
-1272	5363
-1277	5360
-1282	5358
-1286	5356
-1290	5352
-1295	5350
-1300	5348
-1304	5346
-1309	5345
-1314	5343
-1319	5342
-1324	5342
-1329	5340
-1334	5339
-1339	5339
-1345	5340
-1350	5340
-1356	5340
-1361	5339
-1365	5336
-1370	5334
-1375	5332
-1379	5330
-1384	5329
-1389	5327
-1394	5325
-1398	5321
-1402	5319
-1407	5316
-1411	5314
-1416	5311
-1420	5310
-1425	5309
-1430	5306
-1435	5304
-1439	5302
-1444	5300
-1448	5297
-1453	5296
-1458	5295
-1463	5294
-1468	5291
-1472	5289
-1476	5286
-1481	5284
-1486	5283
-1491	5281
-1496	5279
-1500	5276
-1504	5272
-1508	5270
-1513	5269
-1518	5268
-1523	5267
-1528	5266
-1534	5265
-1538	5263
-1543	5261
-1547	5258
-1552	5257
-1558	5256
-1562	5254
-1567	5252
-1571	5250
-1575	5247
-1580	5244
-1585	5243
-1590	5242
-1595	5241
-1599	5238
-1604	5235
-1608	5233
-1613	5231
-1617	5228
-1622	5226
-1626	5224
-1631	5221
-1635	5218
-1640	5217
-1645	5217
-1650	5215
-1654	5212
-1658	5209
-1662	5205
-1666	5202
-1671	5200
-1676	5198
-1680	5195
-1686	5196
-1691	5195
-1696	5193
-1700	5190
-1706	5190
-1711	5190
-1716	5187
-1721	5186
-1725	5184
-1730	5182
-1734	5178
-1739	5178
-1745	5179
-1750	5177
-1753	5172
-1758	5169
-1762	5166
-1767	5165
-1773	5166
-1778	5165
-1783	5163
-1788	5161
-1793	5160
-1798	5160
-1803	5157
-1808	5157
-1814	5157
-1818	5154
-1824	5154
-1829	5152
-1836	5154
-1840	5151
-1844	5149
-1849	5147
-1854	5146
-1859	5143
-1863	5140
-1867	5137
-1871	5134
-1877	5134
-1882	5132
-1887	5132
-1892	5130
-1897	5128
-1901	5124
-1905	5121
-1909	5118
-1913	5114
-1916	5109
-1919	5105
-1924	5104
-1929	5102
-1934	5100
-1939	5099
-1944	5097
-1949	5095
-1952	5090
-1956	5086
-1959	5082
-1962	5078
-1966	5074
-1970	5071
-1974	5067
-1980	5067
-1985	5066
-1989	5062
-1992	5058
-1996	5054
-2000	5050
-2004	5047
-2008	5044
-2011	5039
-2014	5035
-2018	5031
-2022	5028
-2026	5025
-2030	5021
-2033	5017
-2037	5013
-2040	5009
-2043	5004
-2046	4999
-2049	4994
-2052	4989
-2055	4985
-2059	4981
-2064	4980
-2068	4976
-2071	4972
-2075	4969
-2079	4965
-2082	4961
-2086	4958
-2090	4954
-2094	4951
-2097	4947
-2100	4943
-2104	4939
-2109	4937
-2113	4935
-2117	4931
-2121	4929
-2126	4926
-2130	4924
-2133	4919
-2138	4917
-2142	4914
-2145	4910
-2148	4905
-2151	4901
-2156	4899
-2159	4895
-2162	4890
-2165	4886
-2170	4884
-2174	4880
-2177	4877
-2180	4872
-2183	4867
-2185	4861
-2188	4857
-2192	4853
-2196	4851
-2201	4850
-2207	4849
-2211	4846
-2214	4842
-2217	4837
-2222	4835
-2226	4832
-2229	4828
-2233	4824
-2236	4820
-2240	4817
-2243	4813
-2247	4810
-2250	4806
-2254	4803
-2257	4798
-2260	4794
-2264	4791
-2269	4790
-2274	4788
-2278	4785
-2282	4782
-2288	4781
-2294	4781
-2299	4779
-2304	4777
-2307	4773
-2311	4771
-2316	4768
-2320	4766
-2324	4763
-2329	4761
-2335	4760
-2340	4758
-2343	4754
-2343	4746
-2345	4740
-2348	4736
-2352	4733
-2356	4730
-2360	4728
-2362	4722
-2366	4718
-2370	4715
-2374	4712
-2377	4708
-2381	4705
-2383	4700
-2386	4695
-2389	4691
-2391	4685
-2393	4680
-2396	4676
-2399	4672
-2403	4668
-2407	4666
-2409	4660
-2412	4656
-2416	4653
-2421	4651
-2426	4650
-2430	4647
-2432	4642
-2436	4639
-2440	4635
-2444	4632
-2446	4628
-2449	4623
-2452	4619
-2455	4615
-2458	4610
-2463	4609
-2469	4608
-2473	4605
-2476	4601
-2480	4598
-2483	4594
-2487	4590
-2489	4586
-2492	4582
-2497	4580
-2501	4577
-2503	4571
-2507	4569
-2512	4566
-2516	4563
-2519	4560
-2522	4555
-2524	4550
-2528	4547
-2531	4543
-2535	4541
-2540	4539
-2544	4535
-2547	4531
-2550	4527
-2554	4524
-2561	4525
-2568	4525
-2573	4523
-2573	4515
-2575	4511
-2578	4507
-2583	4504
-2586	4501
-2590	4497
-2592	4492
-2596	4489
-2600	4487
-2602	4481
-2605	4477
-2609	4474
-2611	4469
-2614	4465
-2615	4459
-2618	4455
-2622	4452
-2625	4447
-2628	4444
-2632	4441
-2636	4437
-2639	4433
-2641	4429
-2643	4423
-2644	4418
-2647	4413
-2650	4410
-2655	4408
-2659	4404
-2661	4399
-2663	4394
-2667	4392
-2670	4388
-2672	4383
-2674	4378
-2676	4373
-2679	4368
-2681	4364
-2688	4363
-2690	4358
-2692	4354
-2695	4350
-2699	4347
-2702	4342
-2705	4339
-2708	4335
-2710	4330
-2713	4326
-2716	4322
-2719	4318
-2722	4314
-2726	4311
-2727	4305
-2728	4300
-2730	4295
-2734	4291
-2738	4289
-2743	4286
-2747	4283
-2749	4278
-2750	4273
-2755	4271
-2759	4268
-2763	4265
-2766	4261
-2768	4256
-2769	4251
-2772	4247
-2775	4243
-2779	4239
-2781	4234
-2784	4231
-2786	4226
-2788	4222
-2792	4218
-2792	4212
-2795	4207
-2796	4203
-2798	4198
-2801	4193
-2802	4188
-2805	4184
-2809	4181
-2812	4177
-2814	4173
-2816	4168
-2818	4163
-2821	4159
-2823	4155
-2826	4151
-2827	4145
-2829	4140
-2831	4135
-2833	4130
-2835	4126
-2837	4122
-2841	4118
-2845	4115
-2847	4111
-2850	4107
-2853	4103
-2855	4099
-2857	4094
-2858	4089
-2861	4084
-2864	4081
-2867	4077
-2870	4073
-2872	4068
-2874	4064
-2875	4059
-2877	4054
-2880	4050
-2883	4046
-2887	4043
-2890	4040
-2892	4035
-2895	4031
-2899	4028
-2902	4024
-2900	4016
-2905	4014
-2908	4011
-2911	4006
-2913	4002
-2914	3997
-2916	3992
-2919	3988
-2922	3985
-2926	3982
-2932	3980
-2936	3977
-2939	3973
-2941	3969
-2941	3962
-2940	3956
-2941	3951
-2942	3945
-2945	3941
-2948	3937
-2950	3933
-2952	3928
-2952	3923
-2954	3918
-2956	3913
-2956	3908
-2956	3902
-2958	3897
-2962	3894
-2965	3890
-2963	3883
-2965	3878
-2967	3874
-2968	3869
-2969	3864
-2971	3859
-2972	3854
-2974	3849
-2976	3845
-2976	3839
-2976	3833
-2978	3829
-2982	3825
-2983	3821
-2986	3817
-2988	3813
-2989	3807
-2990	3802
-2992	3797
-2994	3794
-2999	3791
-3002	3788
-3005	3784
-3005	3778
-3007	3773
-3008	3769
-3012	3765
-3016	3762
-3018	3758
-3020	3754
-3024	3750
-3027	3747
-3030	3743
-3033	3739
-3035	3735
-3037	3731
-3039	3726
-3042	3722
-3045	3719
-3046	3714
-3049	3710
-3052	3707
-3054	3702
-3053	3696
-3050	3688
-3049	3682
-3050	3677
-3051	3672
-3052	3667
-3049	3659
-3048	3653
-3050	3648
-3051	3643
-3052	3639
-3054	3634
-3057	3631
-3058	3626
-3059	3621
-3060	3616
-3062	3611
-3064	3608
-3066	3603
-3063	3596
-3065	3591
-3067	3587
-3067	3581
-3067	3576
-3067	3571
-3066	3565
-3066	3559
-3069	3555
-3069	3550
-3068	3544
-3070	3540
-3070	3534
-3067	3527
-3069	3523
-3069	3517
-3069	3512
-3071	3508
-3071	3502
-3070	3497
-3070	3491
-3072	3487
-3072	3482
-3073	3477
-3072	3471
-3074	3467
-3076	3463
-3076	3457
-3072	3449
-3069	3443
-3071	3438
-3073	3434
-3075	3430
-3075	3425
-3076	3420
-3075	3414
-3077	3410
-3080	3407
-3081	3402
-3082	3397
-3082	3392
-3083	3387
-3083	3382
-3078	3374
-3081	3371
-3086	3368
-3086	3363
-3085	3357
-3084	3352
-3079	3344
-3078	3338
-3079	3333
-3082	3330
-3083	3325
-3085	3321
-3085	3316
-3084	3310
-3082	3304
-3076	3296
-3078	3292
-3080	3288
-3081	3283
-3081	3278
-3080	3273
-3081	3268
-3081	3263
-3081	3258
-3079	3252
-3079	3247
-3081	3243
-3080	3237
-3078	3232
-3081	3228
-3079	3222
-3076	3216
-3076	3210
-3079	3207
-3081	3203
-3082	3198
-3083	3194
-3082	3189
-3081	3183
-3081	3178
-3079	3172
-3079	3167
-3079	3163
-3077	3157
-3078	3152
-3079	3148
-3079	3143
-3080	3138
-3079	3133
-3078	3128
-3079	3123
-3079	3119
-3079	3114
-3078	3109
-3078	3104
-3077	3098
-3074	3092
-3074	3087
-3077	3084
-3078	3080
-3078	3075
-3079	3070
-3079	3066
-3079	3061
-3079	3056
-3079	3051
-3079	3046
-3080	3042
-3080	3037
-3080	3033
-3077	3027
-3078	3022
-3079	3018
-3079	3013
-3079	3008
-3076	3002
-3076	2997
-3076	2993
-3076	2988
-3076	2984
-3074	2978
-3072	2973
-3071	2967
-3072	2963
-3072	2959
-3075	2955
-3074	2950
-3073	2945
-3071	2939
-3071	2935
-3069	2930
-3069	2925
-3069	2920
-3069	2915
-3067	2910
-3068	2906
-3070	2902
-3069	2897
-3067	2892
-3066	2887
-3068	2883
-3069	2879
-3070	2875
-3068	2869
-3066	2864
-3064	2859
-3064	2854
-3064	2849
-3062	2844
-3063	2840
-3062	2835
-3059	2830
-3059	2825
-3059	2821
-3059	2816
-3059	2811
-3058	2807
-3056	2801
-3055	2796
-3053	2791
-3054	2787
-3053	2782
-3053	2778
-3051	2773
-3050	2768
-3050	2764
-3049	2759
-3047	2753
-3047	2749
-3048	2745
-3047	2740
-3047	2736
-3046	2731
-3046	2727
-3048	2723
-3049	2719
-3048	2714
-3047	2710
-3045	2704
-3041	2699
-3042	2695
-3043	2691
-3043	2686
-3042	2681
-3042	2677
-3041	2673
-3041	2668
-3039	2663
-3040	2659
-3038	2654
-3035	2649
-3033	2644
-3030	2639
-3029	2634
-3027	2629
-3027	2625
-3028	2621
-3027	2616
-3026	2612
-3026	2607
-3025	2603
-3025	2599
-3024	2594
-3024	2590
-3023	2585
-3023	2581
-3021	2576
-3023	2572
-3021	2568
-3019	2563
-3018	2558
-3018	2554
-3017	2549
-3015	2545
-3014	2540
-3015	2536
-3015	2532
-3015	2528
-3015	2524
-3015	2519
-3013	2515
-3009	2510
-3009	2505
-3010	2501
-3008	2497
-3007	2492
-3007	2488
-3008	2484
-3005	2479
-3005	2475
-3006	2471
-3004	2467
-3004	2462
-3002	2458
-3002	2453
-3002	2449
-3000	2445
-2998	2440
-2997	2436
-2997	2432
-2997	2427
-2997	2423
-2997	2419
-2997	2415
-2996	2411
-2994	2406
-2993	2402
-2991	2397
-2989	2393
-2989	2389
-2990	2385
-2989	2380
-2987	2376
-2986	2372
-2984	2367
-2981	2363
-2980	2358
-2979	2354
-2979	2350
-2979	2346
-2981	2342
-2978	2338
-2978	2333
-2979	2330
-2976	2325
-2977	2321
-2975	2317
-2974	2313
-2974	2309
-2973	2304
-2972	2300
-2968	2295
-2967	2291
-2968	2287
-2968	2283
-2968	2279
-2967	2275
-2966	2271
-2964	2267
-2963	2262
-2963	2258
-2962	2254
-2961	2250
-2958	2246
-2956	2241
-2955	2237
-2954	2233
-2953	2229
-2954	2225
-2955	2221
-2953	2217
-2950	2213
-2947	2208
-2948	2204
-2950	2201
-2951	2197
-2944	2192
-2944	2188
-2945	2184
-2943	2180
-2943	2176
-2943	2172
-2941	2168
-2943	2164
-2943	2160
-2941	2156
-2940	2152
-2937	2148
-2936	2144
-2934	2140
-2933	2136
-2932	2132
-2932	2128
-2933	2124
-2935	2120
-2930	2116
-2927	2111
-2926	2108
-2925	2103
-2926	2100
-2925	2096
-2925	2092
-2923	2088
-2925	2084
-2924	2080
-2923	2076
-2923	2072
-2922	2068
-2921	2065
-2922	2061
-2919	2057
-2917	2052
-2915	2048
-2914	2044
-2911	2040
-2910	2036
-2906	2032
-2905	2028
-2907	2025
-2909	2021
-2907	2017
-2906	2013
-2906	2009
-2905	2005
-2902	2001
-2901	1997
-2901	1994
-2900	1990
-2898	1986
-2898	1982
-2896	1978
-2894	1974
-2894	1970
-2894	1966
-2892	1963
-2893	1959
-2888	1955
-2889	1951
-2889	1947
-2887	1943
-2886	1939
-2887	1936
-2887	1932
-2888	1928
-2887	1924
-2884	1920
-2879	1916
-2880	1913
-2879	1909
-2878	1905
-2878	1901
-2870	1897
-2867	1893
-2866	1889
-2870	1886
-2868	1882
-2865	1878
-2865	1874
-2867	1871
-2868	1867
-2866	1863
-2863	1859
-2863	1856
-2864	1852
-2864	1848
-2864	1845
-2861	1841
-2857	1837
-2853	1833
-2849	1829
-2848	1825
-2851	1822
-2852	1818
-2851	1814
-2848	1811
-2848	1807
-2849	1803
-2845	1799
-2845	1796
-2844	1792
-2844	1788
-2844	1785
-2842	1781
-2838	1777
-2836	1773
-2835	1770
-2835	1766
-2834	1762
-2835	1759
-2834	1755
-2833	1751
-2831	1748
-2829	1744
-2827	1740
-2825	1737
-2823	1733
-2823	1729
-2813	1726
-2810	1722
-2812	1718
-2815	1715
-2815	1711
-2815	1707
-2816	1704
-2813	1700
-2811	1697
-2811	1693
-2811	1689
-2809	1686
-2809	1682
-2807	1678
-2805	1675
-2803	1671
-2802	1668
-2801	1664
-2798	1660
-2794	1657
-2790	1653
-2790	1650
-2792	1646
-2793	1642
-2793	1639
-2794	1635
-2792	1632
-2791	1628
-2790	1625
-2790	1621
-2787	1617
-2786	1614
-2785	1610
-2784	1607
-2784	1603
-2781	1600
-2778	1596
-2778	1593
-2779	1589
-2778	1585
-2776	1582
-2775	1578
-2774	1575
-2773	1571
-2772	1568
-2772	1564
-2769	1561
-2767	1557
-2766	1554
-2767	1550
-2767	1546
-2766	1543
-2763	1539
-2762	1536
-2761	1532
-2759	1529
-2759	1525
-2759	1522
-2759	1518
-2758	1515
-2756	1511
-2756	1508
-2753	1504
-2751	1501
-2751	1497
-2751	1494
-2749	1490
-2749	1487
-2747	1483
-2745	1480
-2744	1477
-2742	1473
-2740	1470
-2740	1466
-2739	1463
-2738	1459
-2738	1456
-2736	1452
-2736	1449
-2734	1445
-2733	1442
-2734	1438
-2733	1435
-2731	1431
-2730	1428
-2730	1425
-2728	1421
-2726	1418
-2726	1414
-2725	1411
-2723	1407
-2723	1404
-2721	1401
-2718	1397
-2716	1394
-2717	1390
-2717	1387
-2716	1383
-2715	1380
-2711	1377
-2709	1374
-2708	1370
-2708	1367
-2708	1363
-2707	1360
-2702	1357
-2702	1353
-2701	1350
-2700	1346
-2700	1343
-2701	1339
-2700	1336
-2697	1333
-2694	1329
-2691	1326
-2689	1323
-2688	1320
-2688	1316
-2689	1312
-2688	1309
-2686	1306
-2682	1303
-2681	1300
-2680	1296
-2680	1293
-2679	1289
-2679	1286
-2678	1282
-2679	1279
-2677	1275
-2675	1272
-2673	1269
-2676	1265
-2673	1262
-2673	1258
-2672	1255
-2669	1252
-2669	1248
-2668	1245
-2667	1242
-2666	1238
-2665	1235
-2664	1232
-2663	1228
-2662	1225
-2660	1222
-2659	1218
-2657	1215
-2657	1212
-2657	1208
-2656	1205
-2654	1201
-2653	1198
-2652	1195
-2650	1192
-2648	1189
-2646	1185
-2646	1182
-2643	1179
-2640	1176
-2640	1172
-2639	1169
-2638	1166
-2638	1162
-2636	1159
-2635	1156
-2635	1152
-2633	1149
-2631	1146
-2629	1143
-2628	1140
-2626	1136
-2624	1133
-2624	1130
-2624	1126
-2622	1123
-2620	1120
-2619	1117
-2615	1114
-2613	1111
-2613	1108
-2611	1104
-2610	1101
-2609	1098
-2608	1095
-2606	1091
-2603	1088
-2600	1086
-2600	1082
-2599	1079
-2598	1076
-2597	1072
-2596	1069
-2595	1066
-2593	1063
-2591	1060
-2589	1056
-2588	1053
-2588	1050
-2588	1046
-2586	1043
-2585	1040
-2585	1036
-2583	1033
-2581	1030
-2581	1027
-2579	1024
-2578	1020
-2576	1017
-2574	1014
-2573	1011
-2572	1008
-2571	1004
-2570	1001
-2569	998
-2568	995
-2567	991
-2566	988
-2565	985
-2563	982
-2562	978
-2560	975
-2559	972
-2558	969
-2558	965
-2558	962
-2556	959
-2554	956
-2553	953
-2553	949
-2551	946
-2549	943
-2548	940
-2548	936
-2547	933
-2546	930
-2546	926
-2544	923
-2543	920
-2541	917
-2540	914
-2539	910
-2538	907
-2539	903
-2536	900
-2534	897
-2533	894
-2532	891
-2531	888
-2531	884
-2529	881
-2528	878
-2528	874
-2526	871
-2525	868
-2524	865
-2523	861
-2521	858
-2520	855
-2520	852
-2519	848
-2518	845
-2517	842
-2516	838
-2515	835
-2514	832
-2513	829
-2511	826
-2509	823
-2508	820
-2507	816
-2507	812
-2506	809
-2504	806
-2504	803
-2503	800
-2501	797
-2498	794
-2497	791
-2496	787
-2496	784
-2495	781
-2492	778
-2489	775
-2490	771
-2490	768
-2488	765
-2486	762
-2483	759
-2483	756
-2483	752
-2484	748
-2482	745
-2480	742
-2480	739
-2479	735
-2478	732
-2476	729
-2474	726
-2474	723
-2474	719
-2474	715
-2472	712
-2470	709
-2469	706
-2468	703
-2466	700
-2465	697
-2465	693
-2464	689
-2464	686
-2463	683
-2461	680
-2459	677
-2458	674
-2458	670
-2456	667
-2454	664
-2452	661
-2451	658
-2451	654
-2449	651
-2448	648
-2446	645
-2444	642
-2443	639
-2443	635
-2443	631
-2441	629
-2439	626
-2438	622
-2437	619
-2437	615
-2435	612
-2434	609
-2434	605
-2432	602
-2432	599
-2430	596
-2430	592
-2428	589
-2428	585
-2426	582
-2425	579
-2424	576
-2421	573
-2419	570
-2419	567
-2417	564
-2416	561
-2415	557
-2415	553
-2415	550
-2415	546
-2414	542
-2412	540
-2410	537
-2408	534
-2407	530
-2406	527
-2405	524
-2403	521
-2402	518
-2400	515
-2399	511
-2399	507
-2397	504
-2395	502
-2394	498
-2395	494
-2395	490
-2394	487
-2392	484
-2389	482
-2387	479
-2387	475
-2387	471
-2386	467
-2385	464
-2383	461
-2381	459
-2380	455
-2380	451
-2380	447
-2380	443
-2380	440
-2379	436
-2377	433
-2375	430
-2374	427
-2373	423
-2372	420
-2372	416
-2372	412
-2372	408
-2371	405
-2370	401
-2368	399
-2365	396
-2364	393
-2364	389
-2362	386
-2362	381
-2363	377
-2362	374
-2360	371
-2358	368
-2356	365
-2356	361
-2356	357
-2355	354
-2354	350
-2354	346
-2353	343
-2351	340
-2349	337
-2348	333
-2348	330
-2347	326
-2347	322
-2346	318
-2345	315
-2342	312
-2340	309
-2340	305
-2339	302
-2337	299
-2336	295
-2335	292
-2335	288
-2335	284
-2333	281
-2332	277
-2332	273
-2331	270
-2329	267
-2329	263
-2329	259
-2327	256
-2326	252
-2324	249
-2322	246
-2321	243
-2321	238
-2322	234
-2321	230
-2320	227
-2318	224
-2317	220
-2315	217
-2314	213
-2314	209
-2313	206
-2311	203
-2310	199
-2309	196
-2309	192
-2307	188
-2307	184
-2305	181
-2304	178
-2304	173
-2303	170
-2301	167
-2300	163
-2300	159
-2299	155
-2297	152
-2295	149
-2296	144
-2297	139
-2296	135
-2294	133
-2294	128
-2296	123
-2295	119
-2291	117
-2290	113
-2291	109
-2289	105
-2287	102
-2284	100
-2284	96
-2286	90
-2284	87
-2281	85
-2281	80
-2280	76
-2280	72
-2275	71
-2272	69
-2272	64
-2272	60
-2271	56
-2271	52
-2271	47
-2268	45
-2264	43
-2265	38
-2266	33
-2266	28
-2263	26
-2262	22
-2263	17
-2260	14
-2259	11
-2258	7
-2258	3
-2258	-2
-2255	-4
-2253	-7
-2250	-10
-2247	-12
-2248	-17
-2248	-23
-2249	-28
-2249	-32
-2246	-34
-2243	-37
-2243	-41
-2242	-45
-2240	-48
-2238	-52
-2238	-56
-2235	-59
-2235	-64
-2234	-67
-2232	-71
-2232	-75
-2232	-79
-2230	-83
-2228	-86
-2228	-91
-2228	-95
-2225	-98
-2222	-100
-2216	-100
-2214	-103
-2212	-106
-2207	-107
-2206	-111
-2204	-114
-2200	-116
-2200	-120
-2199	-124
-2197	-127
-2196	-132
-2196	-136
-2195	-140
-2194	-144
-2193	-148
-2192	-152
-2189	-155
-2189	-159
-2186	-162
-2185	-166
-2183	-169
-2181	-172
-2177	-174
-2172	-175
-2167	-175
-2165	-177
-2157	-176
-2145	-170
-2134	-165
-2129	-166
-2126	-168
-2123	-170
-2122	-174
-2114	-172
-2108	-171
-2104	-172
-2102	-176
-2097	-176
-2092	-176
-2086	-176
-2080	-176
-2076	-176
-2072	-178
-2070	-181
-2068	-184
-2065	-186
-2063	-189
-2060	-191
-2058	-194
-2052	-194
-2038	-186
-2038	-190
-2030	-188
-2024	-187
-2016	-184
-2012	-186
-2008	-187
-2006	-189
-2003	-192
-2001	-195
-1994	-193
-1989	-193
-1986	-195
-1980	-194
-1973	-192
-1966	-190
-1962	-191
-1959	-193
-1956	-195
-1948	-192
-1944	-194
-1941	-195
-1932	-192
-1925	-189
-1920	-189
-1915	-189
-1911	-190
-1907	-191
-1902	-191
-1897	-191
-1894	-192
-1890	-194
-1888	-196
-1886	-199
-1867	-185
-1862	-185
-1858	-185
-1855	-187
-1855	-192
-1858	-200
-1858	-205
-1856	-208
-1847	-204
-1841	-202
-1836	-202
-1832	-203
-1829	-204
-1827	-207
-1825	-210
-1822	-212
-1810	-204
-1806	-205
-1803	-207
-1801	-210
-1800	-213
-1792	-209
-1783	-205
-1779	-206
-1777	-208
-1776	-212
-1771	-212
-1767	-212
-1763	-212
-1754	-207
-1749	-207
-1736	-198
-1730	-196
-1728	-198
-1727	-202
-1726	-206
-1724	-209
-1716	-205
-1705	-198
-1690	-185
-1682	-181
-1678	-181
-1676	-184
-1675	-188
-1674	-192
-1672	-195
-1670	-197
-1667	-199
-1662	-198
-1655	-195
-1650	-194
-1643	-190
-1634	-186
-1627	-182
-1622	-181
-1617	-180
-1614	-181
-1610	-181
-1606	-182
-1602	-182
-1598	-182
-1590	-178
-1587	-178
-1583	-179
-1579	-179
-1574	-178
-1572	-180
-1566	-178
-1559	-175
-1556	-176
-1554	-179
-1553	-183
-1550	-183
-1546	-183
-1543	-185
-1540	-186
-1533	-182
-1529	-183
-1522	-178
-1517	-177
-1514	-178
-1510	-179
-1498	-168
-1487	-160
-1483	-159
-1480	-160
-1478	-163
-1476	-166
-1473	-167
-1470	-167
-1468	-170
-1467	-174
-1467	-178
-1462	-178
-1458	-176
-1453	-175
-1448	-174
-1444	-174
-1442	-176
-1439	-177
-1436	-178
-1431	-177
-1428	-178
-1423	-176
-1415	-170
-1407	-165
-1403	-164
-1398	-163
-1395	-164
-1394	-166
-1393	-171
-1391	-173
-1390	-177
-1387	-178
-1383	-177
-1376	-173
-1372	-172
-1364	-166
-1359	-164
-1356	-166
-1353	-166
-1348	-164
-1344	-164
-1340	-164
-1336	-163
-1333	-164
-1330	-164
-1326	-164
-1324	-167
-1324	-171
-1323	-175
-1320	-176
-1318	-178
-1317	-182
-1303	-167
-1299	-167
-1298	-170
-1297	-173
-1295	-176
-1293	-178
-1283	-169
-1280	-170
-1280	-175
-1279	-178
-1270	-170
-1268	-173
-1270	-180
-1267	-182
-1263	-181
-1259	-180
-1253	-177
-1250	-178
-1243	-171
-1238	-170
-1236	-170
-1232	-170
-1230	-173
-1228	-174
-1225	-176
-1222	-177
-1220	-178
-1217	-179
-1214	-179
-1210	-179
-1207	-180
-1203	-179
-1200	-179
-1196	-179
-1191	-175
-1185	-171
-1182	-172
-1180	-174
-1177	-174
-1174	-175
-1171	-176
-1170	-179
-1163	-173
-1159	-172
-1156	-173
-1153	-172
-1150	-173
-1147	-174
-1143	-173
-1140	-173
-1137	-174
-1134	-175
-1131	-176
-1129	-178
-1127	-179
-1124	-179
-1121	-180
-1117	-178
-1114	-179
-1110	-179
-1108	-180
-1104	-180
-1101	-179
-1098	-179
-1094	-178
-1089	-175
-1086	-176
-1084	-178
-1081	-178
-1077	-178
-1075	-178
-1072	-179
-1068	-178
-1065	-178
-1062	-178
-1059	-179
-1056	-178
-1053	-179
-1049	-178
-1046	-178
-1043	-179
-1040	-178
-1036	-176
-1033	-177
-1031	-179
-1028	-180
-1026	-182
-1023	-182
-1020	-182
-1017	-182
-1014	-183
-1011	-183
-1008	-184
-1005	-183
-999	-178
-990	-166
-982	-156
-976	-151
-973	-151
-971	-153
-969	-155
-967	-158
-965	-160
-964	-163
-962	-166
-960	-168
-958	-170
-956	-172
-954	-174
-952	-174
-949	-175
-946	-175
-943	-175
-940	-175
-936	-174
-932	-172
-928	-170
-924	-167
-913	-150
-905	-140
-902	-138
-899	-139
-896	-140
-894	-142
-892	-143
-893	-150
-892	-155
-889	-154
-886	-156
-882	-153
-873	-139
-869	-136
-866	-136
-862	-135
-859	-134
-857	-136
-855	-138
-853	-139
-784	-2
-781	-0
-777	2
-775	2
-772	2
-769	1
-767	1
-764	1
-761	3
-758	3
-756	3
-753	2
-751	2
-748	2
-746	2
-743	3
-740	3
-738	2
-735	2
-733	0
-732	-3
-732	-9
-732	-16
-730	-16
-725	-11
-721	-7
-720	-10
-719	-15
-717	-18
-747	-127
-746	-131
-745	-135
-743	-138
-741	-141
-739	-142
-737	-143
-734	-144
-732	-145
-730	-146
-727	-147
-725	-148
-722	-148
-720	-149
-717	-150
-715	-151
-713	-152
-710	-153
-708	-154
-706	-155
-703	-155
-700	-154
-697	-154
-692	-146
-685	-135
-679	-127
-676	-126
-672	-122
-669	-119
-666	-118
-663	-117
-659	-115
-656	-114
-654	-115
-651	-115
-649	-114
-645	-112
-643	-112
-640	-113
-638	-114
-635	-114
-633	-113
-630	-114
-628	-115
-626	-117
-624	-118
-622	-120
-620	-124
-618	-125
-616	-126
-614	-128
-612	-130
-611	-136
-622	-181
-609	-147
-606	-146
-604	-148
-602	-148
-600	-150
-598	-155
-598	-164
-598	-172
-592	-161
-587	-152
-582	-143
-578	-139
-575	-138
-573	-140
-572	-145
-571	-152
-571	-159
-568	-158
-518	-9
-515	-5
-512	-6
-510	-7
-508	-9
-507	-12
-507	-20
-507	-30
-507	-38
-507	-47
-507	-57
-507	-66
-506	-73
-506	-80
-506	-89
-508	-109
-508	-117
-508	-127
-508	-136
-507	-144
-507	-153
-505	-157
-504	-161
-502	-165
-501	-169
-498	-170
-496	-170
-494	-173
-491	-173
-489	-174
-486	-172
-484	-173
-481	-174
-479	-174
-476	-174
-473	-172
-471	-173
-468	-173
-465	-172
-463	-173
-460	-172
-458	-173
-455	-172
-452	-172
-450	-171
-448	-173
-445	-175
-443	-174
-440	-173
-438	-174
-435	-174
-432	-173
-430	-174
-427	-173
-425	-173
-422	-173
-420	-174
-417	-173
-414	-173
-412	-172
-409	-173
-407	-172
-404	-173
-402	-173
-399	-174
-397	-172
-394	-172
-391	-171
-389	-173
-387	-174
-384	-173
-382	-173
-379	-171
-376	-171
-374	-172
-371	-172
-369	-172
-367	-173
-364	-173
-361	-172
-359	-173
-357	-173
-354	-173
-351	-172
-349	-173
-346	-172
-344	-172
-342	-174
-340	-179
-338	-183
-336	-185
-333	-184
-331	-185
-328	-185
-326	-185
-323	-186
-321	-186
-318	-185
-316	-186
-314	-186
-311	-185
-308	-185
-306	-186
-303	-186
-301	-185
-298	-185
-296	-186
-293	-186
-291	-185
-288	-186
-286	-186
-283	-186
-281	-186
-278	-185
-276	-185
-273	-184
-271	-186
-268	-185
-266	-185
-263	-186
-261	-186
-259	-186
-256	-187
-254	-187
-251	-186
-249	-186
-246	-186
-244	-186
-241	-186
-239	-186
-236	-186
-234	-186
-231	-185
-229	-185
-226	-186
-224	-186
-221	-185
-219	-186
-216	-187
-214	-187
-212	-187
-209	-186
-207	-187
-204	-186
-202	-187
-199	-186
-197	-186
-194	-186
-192	-185
-189	-186
-187	-186
-184	-186
-182	-186
-179	-186
-177	-187
-174	-187
-172	-186
-169	-184
-167	-185
-164	-185
-162	-185
-160	-185
-157	-185
-155	-186
-152	-187
-150	-187
-147	-187
-145	-187
-142	-187
-140	-186
-137	-186
-135	-187
-133	-187
-130	-187
-128	-187
-125	-187
-123	-187
-120	-186
-118	-186
-115	-187
-113	-186
-110	-185
-108	-186
-105	-187
-103	-187
-101	-186
-98	-186
-96	-186
-93	-187
-91	-186
-88	-186
-86	-186
-83	-186
-81	-186
-76	-186
-74	-186
-71	-187
-69	-187
-66	-186
-64	-186
-61	-186
-59	-187
-56	-187
-54	-187
-51	-187
-49	-188
-46	-188
-44	-187
-42	-188
-39	-187
-37	-187
-34	-187
-32	-187
-29	-188
-27	-188
-24	-188
-22	-188
-19	-187
-17	-187
-15	-187
-12	-188
-10	-188
-7	-187
-5	-187
-2	-185
0	-185
3	-186
5	-187
8	-187
10	-187
12	-188
15	-187
17	-186
20	-186
22	-186
25	-186
27	-185
30	-186
32	-185
35	-185
37	-186
40	-187
42	-186
44	-186
47	-186
49	-186
52	-186
54	-186
57	-186
59	-186
62	-186
64	-186
67	-186
69	-185
71	-185
74	-185
76	-185
79	-186
81	-186
84	-187
86	-186
89	-186
91	-186
94	-186
96	-186
99	-186
101	-185
104	-186
106	-186
108	-186
111	-185
113	-186
116	-185
118	-186
121	-187
123	-187
126	-186
128	-187
131	-186
133	-186
136	-185
138	-185
141	-185
143	-186
146	-186
148	-187
151	-188
153	-188
156	-187
158	-187
161	-187
163	-187
166	-187
168	-187
171	-187
173	-186
175	-185
178	-186
180	-186
183	-185
185	-185
188	-185
190	-186
193	-186
195	-186
198	-186
200	-186
203	-186
205	-186
208	-185
210	-186
213	-185
215	-185
218	-186
220	-186
223	-186
225	-186
228	-186
230	-186
233	-185
235	-185
238	-185
240	-186
243	-185
245	-185
248	-186
250	-186
253	-186
255	-186
258	-187
261	-187
263	-186
266	-187
268	-186
271	-187
273	-187
276	-186
278	-185
280	-184
283	-186
286	-186
288	-186
291	-186
293	-185
296	-185
298	-185
301	-187
303	-186
306	-186
309	-186
311	-186
313	-185
316	-186
319	-186
321	-185
323	-184
326	-184
329	-186
331	-186
334	-185
336	-185
338	-180
339	-173
341	-171
344	-171
346	-172
349	-172
351	-172
354	-171
356	-171
359	-171
362	-172
364	-171
366	-171
369	-170
372	-170
374	-171
377	-173
380	-174
382	-173
385	-173
387	-173
390	-171
391	-167
393	-164
396	-165
399	-166
402	-168
405	-170
408	-172
411	-173
413	-172
415	-171
418	-172
421	-171
422	-165
423	-159
424	-155
426	-153
428	-151
429	-145
430	-139
432	-134
433	-131
435	-129
438	-128
440	-126
442	-125
445	-127
448	-129
453	-137
458	-147
462	-152
467	-160
472	-168
475	-171
478	-171
480	-171
483	-171
486	-170
488	-170
491	-170
493	-170
495	-168
497	-165
499	-163
501	-161
502	-156
503	-150
504	-143
504	-134
504	-127
504	-118
504	-109
504	-102
505	-95
505	-87
502	-70
502	-62
503	-57
503	-48
503	-39
503	-32
503	-24
503	-16
503	-10
504	-6
507	-5
509	-5
512	-6
570	-153
572	-151
574	-147
575	-143
578	-143
582	-147
587	-155
593	-165
598	-172
601	-171
601	-163
600	-153
601	-150
604	-148
606	-147
608	-146
612	-148
617	-156
622	-162
625	-162
626	-158
627	-153
629	-149
631	-148
633	-147
635	-146
638	-145
640	-144
643	-144
646	-145
649	-146
652	-147
655	-147
657	-146
663	-155
667	-156
670	-156
672	-156
675	-156
678	-156
680	-155
681	-150
682	-145
684	-142
686	-141
689	-142
692	-142
695	-144
700	-150
705	-154
708	-153
710	-153
713	-152
715	-151
717	-149
720	-148
722	-147
724	-146
727	-145
729	-143
732	-143
734	-143
737	-142
739	-141
741	-139
742	-135
744	-133
745	-129
746	-124
747	-119
747	-114
717	-20
717	-15
718	-11
719	-6
722	-7
726	-11
730	-14
731	-9
730	-3
731	1
734	2
736	2
739	1
742	1
744	2
747	2
750	1
752	2
755	3
758	2
760	2
763	2
766	2
770	-0
772	1
774	2
776	3
780	1
853	-124
854	-121
856	-119
859	-120
863	-120
865	-118
866	-115
868	-112
870	-111
872	-110
875	-111
879	-111
882	-112
886	-113
890	-116
907	-144
914	-151
917	-150
919	-149
921	-147
921	-141
921	-134
922	-130
923	-127
926	-126
929	-126
931	-125
964	-180
966	-178
968	-176
971	-176
973	-173
975	-172
977	-169
979	-168
983	-168
986	-168
988	-167
991	-166
993	-164
996	-164
1000	-164
1005	-167
1008	-168
1014	-173
1018	-174
1025	-180
1028	-180
1031	-179
1033	-178
1036	-177
1038	-176
1040	-173
1042	-170
1042	-165
1043	-160
1044	-158
1046	-155
1047	-152
1048	-148
1049	-144
1050	-141
1052	-138
1054	-136
1056	-134
1059	-134
1068	-142
1081	-159
1088	-166
1089	-162
1090	-158
1090	-152
1089	-145
1089	-140
1090	-136
1091	-131
1092	-129
1094	-126
1097	-125
1100	-126
1103	-125
1106	-124
1109	-124
1113	-125
1117	-126
1120	-126
1124	-127
1127	-126
1131	-126
1134	-126
1136	-125
1141	-127
1144	-127
1147	-126
1151	-127
1154	-126
1157	-125
1159	-122
1163	-123
1167	-125
1171	-125
1174	-124
1177	-124
1181	-125
1186	-128
1191	-129
1199	-136
1207	-143
1214	-149
1221	-154
1229	-160
1236	-164
1243	-169
1249	-172
1255	-176
1259	-176
1263	-177
1267	-178
1270	-177
1274	-177
1277	-177
1281	-177
1284	-177
1289	-177
1292	-177
1297	-179
1301	-179
1308	-183
1318	-193
1324	-195
1331	-201
1335	-200
1337	-198
1338	-194
1338	-189
1339	-185
1342	-184
1345	-183
1348	-182
1351	-181
1356	-182
1361	-184
1366	-185
1370	-186
1372	-183
1374	-181
1379	-183
1385	-186
1390	-186
1396	-189
1401	-190
1405	-192
1409	-190
1412	-189
1414	-187
1416	-185
1418	-183
1423	-183
1426	-183
1429	-182
1434	-183
1440	-185
1442	-183
1448	-185
1453	-186
1455	-183
1458	-182
1461	-181
1463	-178
1466	-178
1472	-180
1479	-184
1486	-187
1488	-185
1496	-189
1499	-188
1499	-183
1500	-179
1500	-175
1502	-171
1504	-169
1508	-169
1513	-170
1520	-174
1532	-183
1535	-181
1538	-181
1543	-181
1543	-176
1545	-174
1546	-170
1548	-167
1550	-164
1551	-161
1553	-158
1552	-152
1554	-150
1557	-148
1559	-146
1561	-143
1565	-142
1571	-145
1581	-152
1593	-160
1599	-162
1602	-160
1606	-159
1610	-160
1614	-160
1619	-160
1623	-160
1635	-168
1642	-171
1647	-172
1643	-162
1641	-155
1642	-152
1646	-151
1651	-151
1654	-150
1658	-150
1662	-149
1665	-147
1669	-147
1676	-149
1686	-155
1702	-167
1705	-166
1708	-164
1708	-159
1709	-155
1712	-154
1716	-154
1722	-155
1728	-156
1733	-156
1736	-155
1740	-154
1743	-152
1745	-150
1748	-148
1753	-148
1758	-148
1763	-149
1768	-149
1771	-147
1774	-145
1778	-144
1781	-143
1786	-143
1791	-143
1794	-141
1797	-139
1801	-138
1802	-135
1804	-132
1807	-131
1811	-130
1815	-129
1823	-132
1829	-133
1830	-130
1831	-126
1832	-122
1834	-119
1835	-115
1837	-112
1843	-113
1856	-121
1867	-127
1870	-125
1874	-124
1883	-127
1885	-125
1889	-124
1895	-124
1902	-126
1908	-127
1917	-131
1924	-133
1925	-129
1926	-125
1928	-122
1931	-120
1938	-122
1952	-129
1957	-129
1963	-130
1963	-125
1963	-121
1964	-117
1966	-113
1968	-111
1973	-110
1978	-110
1985	-112
1989	-110
1990	-106
1993	-104
1997	-104
2002	-103
2015	-109
2024	-113
2033	-116
2035	-112
2037	-110
2042	-110
2053	-114
2056	-112
2059	-109
2063	-108
2068	-108
2072	-107
2075	-104
2079	-103
2080	-98
2082	-96
2086	-94
2089	-92
2092	-90
2095	-88
2098	-86
2101	-83
2105	-82
2109	-80
2113	-79
2116	-77
2120	-75
2125	-75
2134	-77
2134	-72
2139	-72
2147	-73
2157	-77
2165	-79
2167	-75
2169	-72
2171	-69
2172	-66
2172	-61
2174	-57
2172	-51
2173	-47
2173	-42
2173	-38
2174	-34
2175	-30
2175	-26
2177	-22
2178	-18
2178	-14
2179	-10
2179	-6
2181	-2
2182	2
2181	7
2181	11
2183	14
2185	18
2186	21
2187	25
2188	29
2187	34
2187	39
2189	42
2189	46
2190	50
2191	54
2190	59
2191	63
2190	68
2192	71
2194	74
2194	78
2195	82
2194	87
2195	91
2197	94
2198	98
2199	101
2197	107
2196	112
2198	115
2200	118
2199	123
2198	128
2199	132
2203	134
2206	136
2207	139
2207	144
2207	148
2207	152
2208	156
2208	160
2210	163
2211	167
2212	171
2211	176
2213	178
2214	182
2215	186
2216	190
2217	193
2218	197
2217	201
2218	205
2219	209
2221	212
2223	215
2224	218
2226	221
2229	223
2230	227
2231	231
2232	234
2234	237
2236	240
2238	242
2242	244
2245	246
2245	250
2245	255
2246	259
2247	262
2247	266
2246	271
2246	275
2247	279
2248	282
2252	284
2249	290
2249	294
2250	297
2250	301
2252	304
2254	307
2255	311
2254	316
2255	319
2255	323
2256	327
2257	330
2258	333
2260	336
2261	340
2260	344
2260	348
2262	351
2265	354
2263	359
2265	362
2265	366
2264	370
2262	375
2263	379
2265	382
2266	385
2266	389
2267	392
2269	395
2263	402
2266	405
2266	409
2267	412
2269	415
2272	417
2274	420
2273	424
2272	429
2271	433
2271	437
2271	441
2272	445
2274	448
2275	451
2275	455
2275	459
2276	462
2275	467
2271	473
2272	476
2274	479
2276	482
2276	485
2275	490
2276	493
2277	497
2276	501
2276	504
2277	508
2277	512
2276	516
2277	519
2277	523
2275	528
2276	531
2278	534
2279	537
2281	540
2281	544
2283	547
2285	549
2284	554
2282	559
2283	562
2285	565
2286	568
2286	572
2287	575
2289	578
2290	581
2288	585
2288	589
2288	593
2291	595
2292	599
2294	602
2295	605
2295	608
2294	612
2295	616
2296	619
2297	622
2297	626
2295	631
2295	634
2297	637
2297	641
2297	645
2297	648
2297	652
2296	656
2298	659
2300	661
2300	665
2302	668
2302	671
2301	675
2301	679
2300	683
2302	686
2303	689
2303	693
2304	696
2305	699
2304	703
2304	707
2304	710
2306	713
2304	718
2305	721
2305	724
2306	728
2307	731
2309	734
2307	738
2307	741
2310	744
2314	746
2315	749
2313	753
2313	757
2318	759
2316	763
2315	767
2313	771
2313	775
2315	777
2317	780
2314	785
2316	788
2318	791
2318	794
2319	797
2319	801
2320	804
2319	808
2319	811
2320	815
2319	818
2318	822
2319	825
2320	828
2323	831
2316	837
2317	840
2317	843
2317	847
2317	851
2319	853
2320	856
2321	860
2322	863
2322	866
2321	870
2322	873
2322	877
2322	880
2323	883
2321	887
2322	890
2324	893
2325	896
2325	900
2325	903
2324	907
2324	910
2325	914
2326	917
2328	919
2329	923
2330	926
2330	929
2330	932
2331	936
2332	939
2333	942
2333	945
2335	948
2335	951
2335	955
2335	958
2335	961
2335	965
2335	968
2335	972
2336	975
2336	978
2337	981
2337	985
2338	988
2339	991
2340	994
2340	997
2340	1001
2340	1004
2340	1008
2341	1011
2342	1014
2342	1017
2343	1020
2344	1023
2346	1026
2346	1029
2343	1034
2346	1036
2348	1039
2348	1042
2349	1045
2351	1048
2352	1051
2352	1055
2352	1058
2351	1061
2350	1065
2352	1068
2354	1071
2353	1074
2352	1078
2351	1081
2351	1085
2352	1088
2354	1091
2355	1094
2355	1097
2356	1100
2358	1103
2359	1106
2358	1110
2358	1113
2360	1116
2362	1119
2360	1123
2359	1126
2360	1129
2362	1132
2362	1135
2363	1138
2364	1142
2364	1145
2362	1149
2363	1152
2364	1155
2367	1157
2371	1160
2371	1163
2370	1167
2371	1170
2373	1173
2372	1176
2374	1179
2375	1182
2374	1186
2374	1189
2376	1192
2374	1195
2373	1199
2374	1202
2375	1205
2375	1209
2376	1212
2376	1215
2376	1218
2376	1222
2378	1224
2379	1228
2377	1231
2379	1234
2381	1237
2380	1240
2380	1244
2380	1247
2379	1250
2379	1254
2382	1256
2384	1259
2382	1263
2382	1266
2382	1269
2382	1273
2386	1275
2387	1278
2386	1282
2385	1285
2384	1289
2384	1292
2387	1295
2388	1298
2388	1301
2388	1304
2389	1308
2390	1311
2393	1313
2392	1317
2391	1320
2392	1323
2393	1327
2392	1330
2393	1333
2394	1336
2393	1339
2395	1342
2396	1346
2398	1349
2398	1352
2399	1355
2400	1358
2401	1361
2402	1364
2401	1368
2401	1371
2401	1374
2402	1377
2401	1381
2401	1384
2403	1387
2403	1390
2404	1393
2404	1397
2405	1400
2406	1403
2406	1406
2406	1409
2405	1413
2404	1416
2406	1419
2408	1422
2409	1425
2413	1428
2413	1431
2410	1435
2410	1438
2411	1441
2412	1444
2413	1448
2412	1451
2414	1454
2414	1457
2415	1460
2416	1463
2417	1467
2417	1470
2418	1473
2420	1476
2421	1479
2422	1482
2422	1486
2421	1489
2423	1492
2427	1495
2430	1498
2428	1501
2428	1505
2428	1508
2427	1511
2428	1514
2428	1518
2431	1521
2431	1524
2432	1527
2432	1530
2433	1534
2432	1537
2431	1540
2431	1543
2432	1547
2433	1550
2434	1553
2435	1556
2436	1559
2437	1563
2437	1566
2438	1569
2438	1572
2439	1576
2440	1579
2441	1582
2442	1585
2442	1588
2444	1592
2444	1595
2444	1598
2444	1601
2444	1605
2445	1608
2446	1611
2446	1614
2446	1618
2447	1621
2448	1624
2447	1627
2447	1631
2446	1634
