3459	1686
3460	1690
3460	1695
3460	1699
3461	1704
3464	1709
3469	1718
3469	1722
3471	1727
3472	1732
3472	1736
3472	1741
3471	1745
3470	1750
3470	1755
3471	1759
3471	1764
3471	1768
3473	1773
3472	1778
3473	1782
3473	1787
3472	1791
3471	1796
3472	1801
3472	1805
3473	1810
3475	1815
3477	1819
3479	1824
3481	1829
3479	1833
3479	1838
3480	1843
3481	1847
3482	1852
3481	1856
3482	1861
3483	1866
3483	1870
3484	1875
3485	1880
3485	1884
3485	1889
3485	1894
3485	1898
3486	1903
3487	1908
3487	1912
3489	1917
3493	1922
3493	1927
3494	1931
3494	1936
3493	1941
3494	1945
3495	1950
3495	1955
3496	1960
3497	1964
3497	1969
3498	1974
3499	1978
3500	1983
3503	1988
3503	1993
3504	1998
3507	2003
3507	2007
3508	2012
3506	2017
3506	2021
3505	2026
3505	2030
3506	2035
3504	2040
3504	2044
3503	2049
3503	2054
3503	2058
3505	2063
3507	2068
3509	2073
3511	2078
3514	2083
3514	2088
3515	2093
3514	2097
3514	2102
3513	2107
3512	2111
3513	2116
3514	2121
3516	2126
3516	2131
3517	2135
3516	2140
3514	2145
3515	2149
3517	2154
3522	2160
3522	2165
3522	2169
3521	2174
3518	2178
3517	2183
3518	2188
3518	2193
3517	2197
3518	2202
3518	2207
3519	2212
3521	2217
3521	2222
3521	2226
3520	2231
3522	2236
3523	2241
3523	2246
3525	2251
3526	2256
3528	2261
3529	2266
3529	2271
3530	2276
3529	2280
3530	2285
3532	2291
3532	2295
3533	2300
3534	2305
3537	2311
3539	2316
3541	2321
3542	2326
3543	2331
3543	2336
3542	2341
3541	2345
3538	2350
3538	2354
3539	2359
3541	2365
3542	2370
3541	2374
3540	2379
3539	2384
3539	2389
3539	2393
3540	2399
3541	2404
3540	2408
3539	2413
3542	2418
3551	2425
3554	2431
3556	2436
3556	2441
3555	2446
3554	2450
3554	2455
3556	2461
3557	2466
3560	2471
3562	2477
3562	2482
3562	2487
3562	2492
3563	2497
3564	2502
3564	2507
3564	2512
3565	2517
3565	2522
3566	2527
3565	2532
3566	2537
3566	2542
3566	2547
3565	2552
3565	2557
3566	2562
3568	2568
3569	2573
3571	2578
3572	2584
3572	2589
3572	2594
3572	2599
3572	2604
3572	2609
3573	2614
3574	2620
3575	2625
3576	2630
3578	2636
3578	2641
3578	2646
3578	2651
3577	2656
3577	2661
3575	2665
3576	2671
3577	2676
3579	2682
3580	2687
3581	2693
3582	2698
3581	2703
3579	2707
3579	2712
3579	2718
3579	2723
3582	2729
3582	2734
3583	2739
3582	2744
3583	2749
3583	2755
3584	2760
3584	2765
3584	2770
3584	2776
3584	2781
3583	2786
3585	2791
3586	2797
3588	2803
3590	2809
3591	2814
3590	2819
3590	2824
3589	2829
3588	2834
3589	2840
3588	2845
3588	2850
3590	2856
3593	2862
3595	2868
3595	2873
3594	2878
3596	2884
3601	2891
3602	2897
3601	2902
3600	2906
3599	2911
3599	2917
3602	2923
3603	2929
3602	2934
3601	2939
3601	2944
3601	2949
3601	2955
3601	2960
3601	2965
3592	2968
3581	2969
3570	2971
3561	2973
3557	2977
3556	2981
3554	2986
3554	2992
3561	2999
3568	3007
3567	3012
3565	3017
3563	3022
3569	3029
3596	3044
3612	3056
3613	3062
3614	3067
3614	3073
3615	3079
3615	3084
3616	3090
3617	3096
3616	3101
3616	3107
3617	3113
3618	3118
3620	3125
3622	3131
3623	3137
3627	3144
3627	3150
3626	3155
3626	3161
3628	3167
3630	3173
3631	3179
3632	3185
3634	3192
3634	3197
3633	3203
3634	3209
3633	3214
3630	3218
3631	3224
3632	3230
3632	3236
3632	3242
3633	3248
3634	3254
3635	3260
3638	3267
3640	3274
3640	3279
3639	3285
3637	3290
3636	3295
3636	3300
3635	3306
3639	3313
3639	3319
3640	3325
3640	3331
3641	3337
3642	3343
3645	3351
3649	3358
3651	3365
3652	3371
3651	3377
3649	3382
3649	3388
3649	3393
3649	3399
3655	3408
3657	3415
3660	3422
3661	3428
3661	3435
3661	3440
3659	3446
3660	3452
3664	3460
3665	3466
3665	3472
3664	3478
3664	3483
3663	3489
3664	3496
3669	3504
3669	3510
3668	3515
3667	3521
3668	3528
3672	3536
3675	3543
3675	3549
3674	3555
3674	3561
3676	3568
3676	3574
3674	3579
3672	3585
3671	3590
3674	3598
3675	3604
3677	3611
3678	3618
3679	3625
3679	3631
3679	3637
3679	3644
3679	3650
3680	3657
3682	3664
3682	3670
3680	3676
3679	3681
3680	3688
3683	3696
3682	3702
3683	3708
3687	3717
3688	3724
3688	3730
3687	3736
3686	3742
3689	3750
3692	3758
3691	3764
3691	3770
3693	3778
3692	3783
3692	3790
3699	3800
3699	3806
3698	3812
3697	3818
3696	3825
3697	3831
3699	3839
3703	3848
3702	3854
3703	3861
3702	3867
3702	3873
3701	3879
3702	3887
3714	3900
3714	3907
3712	3913
3711	3919
3712	3926
3712	3933
3713	3940
3715	3947
3714	3954
3715	3961
3716	3968
3720	3978
3721	3985
3721	3992
3720	3998
3722	4006
3720	4012
3719	4018
3720	4025
3722	4033
3723	4041
3722	4047
3721	4053
3722	4060
3724	4068
3726	4077
3729	4086
3729	4093
3731	4101
3732	4108
3736	4118
3734	4123
3733	4130
3732	4137
3732	4143
3731	4150
3730	4156
3730	4164
3729	4170
3726	4175
3726	4182
3733	4194
3742	4206
3743	4215
3742	4221
3746	4231
3745	4237
3744	4244
3744	4251
3747	4261
3750	4270
3750	4277
3749	4283
3747	4290
3747	4297
3747	4304
3747	4311
3749	4320
3750	4328
3749	4335
3752	4344
3753	4353
3753	4360
3752	4367
3752	4374
3755	4383
3756	4392
3756	4399
3756	4407
3758	4416
3760	4425
3763	4435
3764	4443
3763	4450
3763	4457
3770	4470
3770	4477
3770	4485
3770	4493
3768	4500
3768	4507
3770	4516
3771	4525
3770	4532
3771	4541
3774	4550
3774	4558
3775	4566
3775	4574
3781	4587
3782	4596
3783	4605
3784	4613
3787	4623
3788	4632
3789	4640
3786	4647
3785	4653
3785	4662
3787	4671
3786	4678
3786	4686
3788	4696
3791	4707
3796	4719
3795	4726
3796	4735
3797	4744
3797	4753
3798	4761
3796	4768
3795	4776
3797	4785
3797	4793
3797	4802
3798	4811
3798	4819
3798	4828
3801	4839
3808	4853
3808	4861
3809	4871
3811	4880
3812	4890
3812	4899
3812	4907
3811	4915
3809	4922
3808	4929
3810	4940
3811	4950
3812	4959
3812	4968
3812	4977
3822	4994
3823	5003
3821	5011
3821	5019
3822	5028
3823	5038
3820	5045
3837	5069
3837	5077
3837	5086
3833	5092
3831	5099
3829	5107
3830	5116
3829	5124
3832	5136
3833	5146
3834	5156
3836	5167
3840	5180
3839	5188
3839	5197
3841	5208
3841	5218
3841	5227
3842	5237
3843	5247
3843	5257
3844	5267
3843	5276
3846	5288
3847	5298
3848	5309
3850	5320
3851	5331
3852	5341
3852	5350
3851	5359
3853	5370
3856	5383
3857	5394
3857	5403
3859	5415
3860	5426
3865	5440
3863	5449
3864	5459
3866	5472
3869	5484
3869	5494
3870	5504
3871	5516
3872	5526
3872	5536
3873	5548
3874	5559
3874	5569
3873	5578
3873	5589
3887	5612
3889	5625
3888	5635
3887	5643
3887	5654
3890	5668
3892	5679
3891	5689
3892	5701
3898	5717
3899	5729
3897	5738
3894	5745
3892	5753
3892	5764
3898	5782
3899	5793
3900	5805
3901	5817
3902	5828
3903	5840
3903	5852
3904	5863
3905	5875
3906	5888
3908	5901
4207	6255
4193	6252
4193	6264
4185	6267
4187	6282
4187	6293
4186	6304
4185	6315
4183	6325
4181	6336
4181	6348
4181	6359
4179	6370
4178	6381
4176	6391
4174	6402
4173	6412
4176	6428
4174	6439
4173	6450
4171	6461
4170	6472
4167	6481
4165	6492
4164	6504
4165	6517
4164	6529
4163	6540
4161	6551
4160	6563
4162	6578
4160	6588
4165	6607
4165	6620
4163	6631
4161	6642
4159	6652
4158	6665
4157	6677
4155	6688
4152	6697
4149	6707
4147	6718
4146	6730
4145	6742
4143	6753
4146	6771
4145	6783
4145	6797
4144	6809
4143	6822
4141	6833
4140	6846
4139	6857
4137	6869
4136	6882
4136	6896
4135	6908
4134	6921
4133	6935
4133	6948
4140	6971
4139	6985
4137	6997
4134	7007
4132	7018
4135	7037
4142	7060
4146	7079
4150	7099
4149	7112
4143	7120
4137	7126
4132	7135
4130	7148
4131	7163
4134	7182
4133	7195
4132	7209
4126	7216
4122	7226
4119	7238
4120	7254
4132	7285
4133	7301
4135	7320
4137	7338
4130	7343
4126	7354
4124	7366
4125	7383
4134	7411
4112	7397
4110	7411
4126	7449
4132	7473
4131	7486
4129	7501
4128	7515
4128	7530
4129	7548
4124	7558
4126	7577
4123	7590
4122	7604
4097	7585
4090	7591
4082	7596
4071	7597
4068	7609
4082	7646
4108	7700
4105	7713
4103	7726
4090	7725
4092	7744
4094	7765
4094	7782
4093	7798
4089	7809
4101	7843
4097	7856
4093	7868
4096	7890
4097	7908
4100	7930
4098	7944
4090	7950
4086	7963
4082	7975
4076	7983
4069	7990
4058	7992
4046	7991
5166	9738
5152	9741
5140	9744
5329	10062
5320	10072
4086	8163
4070	8157
4061	8161
4059	8177
5181	9974
5165	9973
5135	9950
5113	9939
5108	9954
5095	9957
5079	9956
5066	9959
5048	9953
5033	9954
5019	9956
5008	9962
4999	9971
4987	9976
4976	9983
4962	9984
4942	9976
4923	9967
4900	9953
4878	9942
5051	10258
4991	10183
4857	9980
4841	9979
4823	9973
4808	9972
4796	9975
4787	9985
4780	9998
4762	9993
4740	9979
4727	9983
4719	9993
4701	9987
4684	9982
4700	10035
4693	10049
4680	10052
4622	9974
4609	9977
4604	9994
4645	10092
4637	10103
4625	10108
4614	10113
4602	10119
4581	10106
4566	10105
4550	10102
4524	10080
4507	10076
4487	10064
4464	10048
4662	10443
5660	12332
2355	6209
2335	6188
2323	6177
2313	6173
2309	6180
2310	6196
2306	6203
2301	6207
2296	6213
5442	12323
5131	11784
4943	11451
4936	11467
4926	11479
4917	11494
4910	11513
4895	11514
4885	11526
4526	10840
4522	10862
4530	10909
4519	10916
4455	10817
4429	10794
4449	10864
4438	10873
4413	10852
4399	10855
4380	10845
4358	10830
4339	10821
4309	10790
4287	10775
4277	10785
4378	11028
4319	10934
4310	10947
4293	10942
4321	11034
4831	12160
4824	12181
4857	12290
4844	12297
4746	12120
4734	12130
4709	12111
4686	12097
4666	12089
4646	12082
4630	12084
4617	12091
4606	12101
4589	12101
4575	12105
4560	12109
4544	12109
4527	12107
4507	12100
4489	12094
4473	12096
4464	12111
4454	12127
4433	12116
4411	12100
4394	12100
4378	12100
4351	12075
4334	12072
4318	12071
4301	12070
4310	12128
15	5004
11	5011
6	5005
2	5007
-2	5005
-7	5000
-52	6370
-58	6354
-64	6351
-70	6345
-76	6360
-76	4996
-80	4995
-85	4994
-236	6370
-241	6349
-246	6327
-252	6328
-259	6333
-265	6337
-272	6353
-2789	5795
-2792	5788
-2797	5784
-2802	5780
-2806	5774
-2822	5787
-2830	5787
-2844	5795
-2850	5792
-4418	7708
-4417	7690
-4415	7670
-4415	7654
-4462	7702
-4499	7720
-4498	7701
-4528	7725
-4564	7757
-4582	7764
-4594	7765
-4596	7750
-4594	7730
-4590	7709
-4552	7643
-4561	7638
-4575	7641
-4566	7613
-4560	7589
-4556	7567
-4550	7545
-4548	7525
-4539	7499
-4532	7474
-4528	7452
-4512	7417
-4519	7410
-4521	7398
-4518	7378
-4511	7354
-4503	7328
-4498	7307
-4489	7281
-4484	7259
-4480	7239
-4477	7221
-4472	7200
-4466	7178
-4464	7161
-4463	7145
-4459	7126
-4455	7106
-4448	7082
-4443	7062
-4437	7041
-4432	7020
-4426	6999
-4409	6964
-4405	6945
-4403	6929
-4400	6912
-4396	6893
-4390	6872
-4385	6852
-4381	6834
-4380	6819
-4380	6805
-4376	6787
-4367	6763
-4363	6745
-4360	6727
-4359	6713
-4350	6690
-4347	6673
-4345	6658
-4341	6640
-4339	6625
-4336	6608
-4330	6589
-4327	6572
-4325	6556
-4319	6537
-4316	6521
-4317	6509
-4314	6493
-4310	6476
-4306	6458
-4290	6429
-4287	6413
-4286	6399
-4284	6384
-4281	6369
-4278	6353
-4276	6339
-4272	6323
-4266	6304
-4261	6287
-4259	6272
-4259	6259
-4258	6246
-4256	6233
-4252	6216
-4231	6182
-4226	6165
-4222	6149
-4222	6137
-4218	6122
-4215	6107
-4213	6093
-4210	6078
-4206	6063
-4203	6048
-4201	6034
-4195	6017
-4191	6001
-4190	5989
-4189	5976
-4180	5956
-4177	5942
-4173	5926
-4170	5913
-4169	5900
-4168	5889
-4167	5876
-4162	5860
-4158	5845
-4154	5831
-4152	5818
-4149	5804
-4143	5788
-4140	5774
-4142	5765
-4133	5745
-4127	5729
-4120	5712
-4118	5699
-4117	5687
-4116	5676
-4113	5663
-4109	5648
-4106	5635
-4102	5621
-4098	5607
-4096	5595
-4094	5582
-4093	5572
-4092	5560
-4080	5539
-4077	5525
-4077	5516
-4076	5504
-4074	5493
-4073	5481
-4070	5469
-4070	5459
-4065	5444
-4060	5430
-4056	5417
-4057	5408
-4055	5396
-4053	5384
-4049	5371
-4039	5352
-4037	5341
-4035	5329
-4033	5318
-4030	5306
-4027	5294
-4023	5280
-4022	5270
-4021	5260
-4020	5249
-4017	5238
-4014	5226
-4012	5215
-4012	5205
-4010	5194
-4002	5178
-3997	5165
-3994	5152
-3991	5141
-3991	5131
-3991	5123
-3991	5113
-3986	5100
-3981	5087
-3978	5075
-3977	5065
-3976	5056
-3977	5048
-3975	5037
-3971	5025
-3962	5008
-3958	4996
-3953	4983
-3951	4973
-3952	4965
-3953	4957
-3951	4947
-3948	4936
-3945	4924
-3944	4915
-3943	4905
-3939	4894
-3937	4884
-3934	4873
-3932	4863
-3928	4851
-3924	4839
-3923	4830
-3921	4820
-3919	4809
-3915	4798
-3912	4787
-3911	4779
-3912	4771
-3912	4762
-3909	4752
-3907	4742
-3906	4733
-3906	4725
-3904	4715
-3893	4699
-3892	4690
-3893	4682
-3890	4672
-3887	4661
-3881	4649
-3878	4638
-3877	4630
-3876	4621
-3872	4610
-3868	4599
-3868	4591
-3869	4584
-3866	4574
-3862	4563
-3858	4552
-3858	4544
-3855	4534
-3855	4527
-3852	4517
-3852	4509
-3850	4500
-3848	4491
-3848	4483
-3849	4476
-3847	4467
-3844	4457
-3838	4446
-3837	4437
-3836	4429
-3830	4417
-3830	4409
-3828	4400
-3824	4390
-3822	4381
-3819	4371
-3816	4362
-3815	4354
-3814	4346
-3813	4337
-3813	4330
-3813	4323
-3810	4313
-3804	4302
-3801	4293
-3793	4280
-3792	4272
-3791	4264
-3791	4257
-3789	4248
-3786	4239
-3784	4231
-3783	4223
-3783	4215
-3780	4206
-3777	4198
-3773	4188
-3772	4179
-3773	4174
-3774	4167
-3769	4157
-3766	4148
-3765	4140
-3763	4132
-3763	4125
-3763	4118
-3761	4110
-3759	4102
-3758	4094
-3756	4085
-3754	4077
-3753	4070
-3752	4062
-3749	4054
-3745	4044
-3735	4032
-3737	4026
-3737	4019
-3737	4012
-3738	4006
-3737	3999
-3735	3991
-3730	3981
-3727	3972
-3725	3964
-3722	3956
-3721	3949
-3722	3943
-3724	3937
-3724	3931
-3717	3920
-3712	3910
-3709	3902
-3707	3894
-3708	3888
-3708	3882
-3707	3874
-3703	3866
-3698	3856
-3694	3848
-3694	3841
-3695	3835
-3695	3829
-3693	3821
-3691	3814
-3684	3803
-3682	3796
-3683	3790
-3683	3784
-3682	3776
-3679	3769
-3677	3761
-3676	3754
-3672	3746
-3669	3738
-3668	3731
-3667	3724
-3665	3717
-3663	3710
-3662	3703
-3658	3694
-3658	3688
-3656	3681
-3653	3673
-3650	3665
-3650	3659
-3647	3652
-3645	3644
-3643	3637
-3643	3631
-3643	3625
-3644	3619
-3644	3613
-3643	3607
-3639	3599
-3629	3587
-3628	3581
-3629	3575
-3628	3569
-3627	3562
-3626	3556
-3623	3548
-3621	3541
-3620	3535
-3620	3529
-3619	3523
-3615	3515
-3612	3507
-3610	3500
-3610	3494
-3604	3486
-3603	3479
-3604	3474
-3604	3468
-3604	3462
-3601	3455
-3598	3447
-3596	3441
-3595	3435
-3596	3429
-3595	3423
-3592	3416
-3592	3410
-3591	3404
-3587	3396
-3581	3388
-3579	3381
-3577	3374
-3575	3368
-3575	3362
-3575	3356
-3576	3351
-3578	3346
-3578	3341
-3576	3334
-3572	3327
-3570	3320
-3568	3314
-3567	3308
-3567	3302
-3564	3295
-3563	3289
-3563	3283
-3561	3277
-3559	3271
-3555	3263
-3553	3257
-3551	3251
-3549	3244
-3549	3239
-3547	3232
-3546	3227
-3546	3221
-3543	3214
-3541	3208
-3539	3202
-3538	3196
-3535	3189
-3534	3183
-3533	3177
-3533	3172
-3533	3167
-3533	3161
-3534	3156
-3532	3150
-3531	3144
-3529	3138
-3525	3131
-3523	3125
-3521	3119
-3515	3111
-3513	3105
-3513	3100
-3510	3093
-3508	3087
-3508	3082
-3509	3077
-3510	3072
-3511	3067
-3510	3062
-3508	3056
-3508	3050
-3508	3045
-3505	3039
-3502	3032
-3496	3025
-3495	3019
-3495	3014
-3496	3009
-3495	3004
-3494	2998
-3493	2993
-3491	2987
-3490	2981
-3489	2976
-3489	2971
-3489	2965
-3488	2960
-3487	2954
-3485	2948
-3480	2942
-3479	2936
-3476	2930
-3475	2925
-3473	2919
-3472	2913
-3471	2908
-3469	2902
-3469	2897
-3469	2892
-3469	2887
-3469	2882
-3470	2877
-3468	2872
-3465	2866
-3460	2859
-3459	2854
-3458	2848
-3455	2842
-3455	2837
-3454	2832
-3455	2827
-3455	2822
-3454	2817
-3453	2812
-3450	2806
-3449	2801
-3447	2795
-3444	2789
-3442	2784
-3441	2778
-3435	2772
-3434	2766
-3433	2761
-3432	2756
-3431	2751
-3432	2746
-3432	2742
-3432	2737
-3432	2732
-3433	2727
-3430	2721
-3427	2716
-3424	2710
-3422	2704
-3420	2699
-3417	2693
-3416	2688
-3416	2684
-3416	2679
-3415	2674
-3415	2669
-3416	2664
-3416	2660
-3416	2655
-3413	2649
-3412	2644
-3414	2640
-3415	2635
-3414	2630
-3413	2625
-3406	2619
-3404	2613
-3403	2609
-3401	2603
-3399	2598
-3399	2593
-3397	2588
-3397	2583
-3396	2578
-3395	2573
-3394	2569
-3394	2564
-3392	2558
-3389	2553
-3386	2548
-3383	2542
-3383	2538
-3383	2533
-3382	2528
-3381	2523
-3378	2518
-3377	2513
-3378	2508
-3379	2504
-3380	2500
-3380	2495
-3378	2490
-3375	2485
-3373	2480
-3373	2475
-3372	2470
-3372	2465
-3371	2461
-3371	2456
-3372	2452
-3367	2446
-3365	2441
-3364	2436
-3362	2431
-3360	2426
-3360	2422
-3361	2417
-3362	2413
-3359	2408
-3358	2403
-3353	2397
-3349	2392
-3349	2388
-3351	2383
-3353	2379
-3353	2375
-3352	2370
-3350	2365
-3348	2360
-3347	2356
-3346	2351
-3346	2346
-3344	2342
-3341	2336
-3341	2332
-3342	2328
-3343	2324
-3342	2319
-3342	2314
-3339	2309
-3337	2304
-3335	2300
-3334	2295
-3333	2290
-3331	2286
-3329	2281
-3328	2276
-3328	2272
-3327	2267
-3326	2263
-3322	2257
-3322	2253
-3321	2248
-3321	2244
-3321	2240
-3321	2235
-3320	2231
-3319	2226
-3317	2221
-3316	2217
-3316	2212
-3317	2208
-3317	2204
-3313	2199
-3309	2194
-3303	2188
-3302	2184
-3303	2180
-3303	2175
-3303	2171
-3304	2167
-3304	2162
-3304	2158
-3306	2154
-3304	2149
-3302	2145
-3301	2140
-3299	2136
-3298	2131
-3296	2127
-3293	2122
-3291	2117
-3289	2113
-3289	2108
-3289	2104
-3290	2100
-3291	2096
-3289	2091
-3288	2087
-3286	2082
-3286	2078
-3285	2073
-3285	2069
-3285	2065
-3282	2060
-3277	2055
-3275	2051
-3273	2046
-3273	2042
-3274	2038
-3272	2033
-3271	2029
-3270	2025
-3269	2020
-3266	2016
-3266	2011
-3265	2007
-3265	2003
-3265	1999
-3264	1994
-3264	1990
-3263	1986
-3262	1981
-3259	1977
-3256	1972
-3255	1968
-3253	1964
-3253	1959
-3253	1955
-3253	1951
-3253	1947
-3254	1942
-3253	1938
-3253	1934
-3254	1930
-3251	1925
-3248	1921
-3246	1917
-3243	1912
-3242	1908
-3242	1904
-3239	1899
-3238	1895
-3235	1891
-3234	1886
-3234	1882
-3232	1878
-3229	1874
-3228	1869
-3229	1865
-3229	1861
-3229	1857
-3228	1853
-3224	1848
-3221	1844
-3220	1840
-3219	1836
-3220	1831
-3221	1827
-3221	1823
-3221	1819
-3221	1815
-3221	1811
-3222	1806
-3221	1802
-3217	1798
-3217	1794
-3217	1790
-3216	1785
-3214	1781
-3213	1777
-3211	1773
-3210	1769
-3210	1765
-3210	1760
-3211	1756
-3211	1752
-3210	1748
-3208	1744
-3207	1740
-3205	1735
-3202	1731
-3200	1727
-3200	1723
-3201	1719
-3201	1715
-3201	1711
-3200	1707
-3199	1702
-3199	1698
-3197	1694
-3195	1690
-3194	1686
-3194	1682
-3192	1678
-3190	1674
-3190	1669
-3189	1665
-3188	1661
-3187	1657
-3186	1653
-3184	1649
-3183	1645
-3182	1641
-3181	1637
-3178	1633
-3176	1629
-3175	1624
-3174	1620
-3173	1616
-3173	1612
-3174	1608
-3175	1604
-3173	1600
-3172	1596
-3170	1592
-3168	1588
-3166	1584
-3165	1580
-3165	1576
-3164	1572
-3164	1567
-3162	1563
-3160	1559
-3159	1555
-3158	1551
-3158	1547
-3159	1543
-3159	1539
-3158	1535
-3156	1531
-3154	1527
-3153	1523
-3152	1519
-3152	1515
-3151	1511
-3149	1507
-3147	1503
-3147	1499
-3145	1495
-3142	1491
-3141	1487
-3143	1483
-3143	1479
-3142	1475
-3141	1471
-3141	1467
-3139	1463
-3139	1459
-3138	1455
-3136	1451
-3137	1447
-3136	1443
-3134	1439
-3134	1435
-3133	1431
-3129	1427
-3128	1423
-3128	1419
-3126	1415
-3126	1411
-3126	1407
-3125	1403
-3125	1399
-3125	1395
-3123	1391
-3122	1387
-3120	1383
-3119	1379
-3117	1375
-3115	1371
-3114	1368
-3112	1364
-3112	1360
-3111	1356
-3110	1352
-3109	1348
-3107	1344
-3107	1340
-3106	1336
-3107	1332
-3105	1328
-3106	1324
-3105	1320
-3104	1316
-3102	1312
-3100	1308
-3098	1304
-3098	1300
-3098	1296
-3099	1292
-3097	1288
-3097	1284
-3095	1280
-3094	1277
-3091	1273
-3090	1269
-3089	1265
-3090	1261
-3091	1257
-3089	1253
-3088	1249
-3087	1245
-3087	1241
-3086	1237
-3086	1233
-3087	1229
-3086	1225
-3084	1221
-3082	1217
-3080	1213
-3080	1209
-3079	1205
-3079	1201
-3079	1197
-3076	1194
-3075	1190
-3072	1186
-3071	1182
-3071	1178
-3070	1174
-3068	1171
-3068	1167
-3066	1163
-3066	1159
-3067	1155
-3066	1151
-3066	1147
-3065	1143
-3065	1139
-3064	1135
-3064	1131
-3062	1127
-3060	1123
-3058	1119
-3057	1115
-3058	1111
-3059	1107
-3059	1103
-3058	1099
-3056	1095
-3056	1091
-3054	1088
-3051	1084
-3049	1080
-3049	1076
-3049	1072
-3049	1068
-3050	1064
-3049	1060
-3048	1056
-3049	1052
-3049	1048
-3047	1044
-3044	1040
-3041	1037
-3039	1033
-3039	1029
-3039	1025
-3038	1021
-3037	1017
-3034	1014
-3029	1011
-3028	1007
-3028	1003
-3028	999
-3027	995
-3027	991
-3027	987
-3026	983
-3026	979
-3024	975
-3023	971
-3023	967
-3022	963
-3022	959
-3021	955
-3020	951
-3018	947
-3016	944
-3016	940
-3015	936
-3015	932
-3014	928
-3013	924
-3012	920
-3011	916
-3010	912
-3008	909
-3009	904
-3008	900
-3006	897
-3003	893
-3001	890
-3001	886
-3000	882
-2999	878
-2998	874
-2998	870
-2998	866
-2997	862
-2995	858
-2994	854
-2993	850
-2993	846
-2992	842
-2991	838
-2990	835
-2990	830
-2990	826
-2989	822
-2989	818
-2989	814
-2987	810
-2986	807
-2984	803
-2983	799
-2983	795
-2984	790
-2983	786
-2983	782
-2981	778
-2980	775
-2980	770
-2980	766
-2978	763
-2977	759
-2977	754
-2976	751
-2976	746
-2977	742
-2977	738
-2977	733
-2975	730
-2974	726
-2974	722
-2971	718
-2970	714
-2970	710
-2968	707
-2966	703
-2965	699
-2965	695
-2965	690
-2965	686
-2965	682
-2964	678
-2963	674
-2962	670
-2960	667
-2959	663
-2957	659
-2955	655
-2954	652
-2953	647
-2953	643
-2952	640
-2949	636
-2948	632
-2947	628
-2947	624
-2947	620
-2944	616
-2944	612
-2941	609
-2941	605
-2939	601
-2939	597
-2939	593
-2940	588
-2939	584
-2938	580
-2936	576
-2934	573
-2932	569
-2930	565
-2930	561
-2928	557
-2926	554
-2924	550
-2923	547
-2922	542
-2922	538
-2921	534
-2920	530
-2921	525
-2920	521
-2920	517
-2919	513
-2919	509
-2919	504
-2917	501
-2916	496
-2915	493
-2914	489
-2913	485
-2910	481
-2909	477
-2909	473
-2911	468
-2912	463
-2910	459
-2909	455
-2907	452
-2907	448
-2906	443
-2905	439
-2903	436
-2903	431
-2903	427
-2901	423
-2900	419
-2901	414
-2900	410
-2897	407
-2895	404
-2893	400
-2891	396
-2891	392
-2892	387
-2893	382
-2893	378
-2893	373
-2891	369
-2889	365
-2888	362
-2886	358
-2884	354
-2883	350
-2882	346
-2882	342
-2879	339
-2877	335
-2876	331
-2875	327
-2875	322
-2876	317
-2876	312
-2876	308
-2876	303
-2876	299
-2876	294
-2876	290
-2874	286
-2874	281
-2872	278
-2869	275
-2865	272
-2864	268
-2864	263
-2864	259
-2865	254
-2866	249
-2865	244
-2864	240
-2863	236
-2861	232
-2860	228
-2859	224
-2857	220
-2857	216
-2855	212
-2853	208
-2851	205
-2850	201
-2850	196
-2850	191
-2849	187
-2848	183
-2846	179
-2845	175
-2845	170
-2844	166
-2843	161
-2842	157
-2843	152
-2842	148
-2841	144
-2839	140
-2836	137
-2834	133
-2833	129
-2832	125
-2831	121
-2829	117
-2828	113
-2826	109
-2825	105
-2824	100
-2824	96
-2824	91
-2825	86
-2823	81
-2822	77
-2821	73
-2820	69
-2818	65
-2817	61
-2817	56
-2816	51
-2816	47
-2816	42
-2815	37
-2815	33
-2813	29
-2812	25
-2810	21
-2808	17
-2806	13
-2805	9
-2804	5
-2801	1
-2800	-3
-2800	-7
-2800	-13
-2798	-16
-2795	-20
-2792	-23
-2791	-27
-2789	-31
-2789	-36
-2788	-40
-2787	-45
-2786	-49
-2787	-54
-2785	-59
-2785	-64
-2785	-68
-2783	-73
-2782	-77
-2780	-80
-2777	-84
-2774	-87
-2772	-90
-2772	-96
-2771	-100
-2769	-104
-2769	-109
-2768	-114
-2768	-118
-2767	-123
-2766	-128
-2765	-132
-2763	-136
-2762	-140
-2760	-144
-2759	-149
-2758	-153
-2756	-157
-2754	-161
-2751	-164
-2750	-169
-2750	-174
-2749	-178
-2749	-184
-2745	-186
-2745	-191
-2740	-193
-2732	-192
-2725	-193
-2724	-198
-2729	-206
-2733	-215
-2727	-215
-2704	-204
-2702	-208
-2721	-227
-2709	-224
-2702	-224
-2690	-220
-2709	-240
-2654	-205
-2648	-206
-2638	-204
-2620	-196
-2621	-202
-2626	-211
-2620	-211
-2613	-212
-2609	-214
-2610	-219
-2627	-238
-2643	-255
-2658	-272
-2662	-280
-2655	-280
-2644	-277
-2640	-279
-2638	-283
-2632	-284
-2624	-283
-2621	-286
-2618	-289
-2560	-250
-2572	-264
-2594	-287
-2600	-297
-2593	-296
-2584	-295
-2576	-294
-2571	-295
-2563	-295
-2556	-294
-2552	-296
-2543	-295
-2533	-292
-2528	-293
-2524	-296
-2522	-300
-2501	-288
-2497	-290
-2492	-291
-2486	-291
-2487	-297
-2488	-304
-2483	-305
-2476	-305
-2455	-292
-2445	-290
-2440	-291
-2415	-276
-2421	-285
-2436	-304
-2435	-308
-2434	-312
-2432	-316
-2425	-316
-2417	-314
-2303	-223
-2293	-219
-2402	-317
-2398	-319
-2392	-319
-2348	-286
-2340	-286
-2339	-289
-2341	-297
-2339	-300
-2340	-306
-2346	-316
-2345	-321
-2337	-319
-2326	-315
-2317	-312
-2300	-303
-2286	-296
-2283	-298
-2276	-297
-2268	-295
-2261	-294
-2255	-294
-2249	-294
-2246	-297
-2245	-300
-2235	-297
-2214	-283
-2203	-278
-2202	-282
-2201	-287
-2201	-292
-2197	-293
-2139	-245
-2134	-246
-2130	-247
-2124	-247
-2116	-244
-2104	-238
-2096	-235
-2091	-236
-2085	-235
-2075	-231
-2053	-215
-2050	-217
-2047	-219
-2046	-223
-2042	-224
-2037	-225
-2024	-217
-2012	-211
-2007	-211
-2004	-212
-1988	-202
-1981	-200
-1975	-200
-1970	-199
-1966	-201
-1952	-192
-1941	-185
-1935	-184
-1926	-180
-1913	-172
-1905	-170
-1900	-169
-1889	-163
-1879	-158
-1871	-154
-1865	-153
-1861	-154
-1859	-157
-1857	-160
-1855	-163
-1837	-149
-1833	-150
-1829	-151
-1825	-151
-1821	-152
-1818	-153
-1815	-156
-1808	-152
-1802	-151
-1797	-151
-1792	-150
-1788	-151
-1784	-151
-1779	-151
-1776	-153
-1764	-145
-1760	-146
-1757	-146
-1755	-149
-1748	-146
-1738	-141
-1731	-138
-1728	-140
-1726	-142
-1703	-122
-1700	-124
-1696	-124
-1691	-123
-1688	-124
-1684	-125
-1680	-125
-1675	-125
-1672	-125
-1669	-127
-1665	-127
-1662	-129
-1660	-132
-1660	-137
-1662	-143
-1654	-139
-1645	-134
-1632	-124
-1624	-119
-1620	-119
-1617	-120
-1614	-122
-1611	-124
-1610	-127
-1603	-124
-1596	-120
-1596	-125
-1598	-132
-1592	-130
-1582	-123
-1573	-118
-1569	-117
-1565	-118
-1563	-120
-1561	-122
-1558	-123
-1555	-124
-1552	-126
-1548	-126
-1544	-126
-1540	-126
-1533	-123
-1532	-126
-1532	-131
-1527	-130
-1521	-127
-1516	-126
-1512	-126
-1508	-126
-1505	-127
-1501	-126
-1498	-127
-1498	-133
-1494	-133
-1488	-130
-1480	-125
-1475	-122
-1470	-122
-1466	-121
-1462	-121
-1459	-122
-1457	-125
-1456	-128
-1460	-138
-1460	-144
-1457	-144
-1451	-142
-1439	-130
-1434	-130
-1431	-130
-1427	-130
-1424	-130
-1421	-132
-1419	-134
-1416	-136
-1414	-137
-1412	-140
-1409	-141
-1406	-142
-1404	-144
-1402	-146
-1398	-146
-1394	-146
-1389	-144
-1386	-145
-1385	-149
-1383	-151
-1380	-152
-1377	-152
-1374	-154
-1371	-155
-1368	-156
-1365	-157
-1362	-158
-1359	-159
-1355	-157
-1351	-157
-1349	-159
-1344	-157
-1340	-157
-1336	-157
-1333	-158
-1332	-161
-1333	-167
-1332	-171
-1329	-172
-1326	-173
-1325	-177
-1319	-173
-1313	-169
-1307	-166
-1302	-164
-1300	-167
-1302	-175
-1304	-183
-1300	-182
-1296	-181
-1293	-182
-1291	-184
-1287	-184
-1283	-183
-1280	-183
-1276	-183
-1272	-182
-1269	-183
-1266	-184
-1263	-185
-1260	-185
-1255	-183
-1251	-182
-1247	-181
-1244	-181
-1238	-178
-1234	-178
-1232	-179
-1230	-181
-1227	-182
-1223	-181
-1220	-181
-1217	-182
-1213	-182
-1210	-182
-1205	-181
-1200	-178
-1197	-178
-1194	-178
-1191	-179
-1188	-180
-1185	-180
-1181	-178
-1175	-176
-1171	-174
-1169	-175
-1166	-176
-1163	-176
-1160	-178
-1159	-181
-1156	-181
-1150	-177
-1146	-177
-1143	-176
-1140	-178
-1137	-178
-1133	-177
-1131	-179
-1127	-177
-1123	-175
-1119	-175
-1116	-175
-1113	-176
-1109	-175
-1106	-175
-1104	-177
-1101	-176
-1099	-180
-1097	-181
-1093	-180
-1089	-178
-1085	-178
-1082	-177
-1079	-177
-1077	-180
-1075	-182
-1071	-181
-1065	-176
-1064	-180
-1062	-181
-1058	-181
-1054	-178
-1049	-176
-1046	-175
-1044	-177
-1041	-178
-1039	-180
-1037	-182
-1033	-181
-1029	-179
-1026	-179
-1022	-178
-1020	-179
-1018	-182
-1015	-183
-1012	-183
-1008	-181
-1004	-179
-1002	-181
-1000	-183
-997	-182
-993	-182
-990	-181
-987	-182
-985	-183
-983	-185
-980	-185
-976	-185
-973	-184
-970	-184
-966	-183
-959	-175
-939	-140
-933	-133
-930	-134
-927	-134
-925	-134
-922	-135
-920	-137
-920	-142
-918	-146
-917	-149
-915	-152
-914	-155
-912	-157
-906	-152
-899	-143
-895	-140
-892	-141
-890	-142
-888	-144
-887	-147
-886	-151
-885	-156
-884	-160
-881	-161
-878	-159
-873	-156
-868	-151
-864	-147
-860	-145
-857	-145
-854	-144
-851	-144
-877	-211
-774	0
-771	1
-768	2
-766	2
-763	2
-760	3
-758	2
-754	4
-751	5
-749	4
-747	4
-744	3
-742	2
-740	1
-738	0
-735	1
-732	2
-729	2
-727	1
-726	-1
-726	-10
-727	-17
-724	-16
-719	-11
-715	-8
-713	-9
-714	-18
-713	-21
-742	-125
-740	-127
-739	-130
-738	-135
-737	-139
-734	-139
-732	-141
-730	-142
-727	-143
-725	-144
-723	-145
-720	-146
-718	-147
-716	-149
-713	-150
-711	-149
-709	-151
-706	-152
-704	-153
-701	-154
-699	-154
-695	-150
-689	-143
-686	-140
-683	-141
-681	-142
-679	-143
-676	-144
-674	-146
-674	-154
-673	-158
-671	-159
-667	-157
-664	-156
-662	-156
-659	-156
-655	-154
-652	-152
-649	-150
-646	-149
-643	-148
-640	-147
-638	-148
-636	-151
-633	-151
-631	-151
-629	-153
-627	-156
-625	-159
-624	-163
-621	-164
-617	-160
-613	-153
-608	-147
-604	-142
-602	-142
-600	-145
-598	-148
-597	-153
-597	-163
-595	-165
-596	-177
-592	-173
-578	-132
-575	-131
-572	-131
-570	-133
-568	-134
-565	-132
-562	-132
-561	-136
-560	-141
-558	-147
-557	-151
-504	-3
-502	-3
0	0
0	0
0	0
0	0
0	0
0	0
0	0
0	0
0	0
0	0
0	0
0	0
-499	-114
-498	-122
-498	-130
-497	-139
-497	-147
-496	-156
-495	-159
-493	-161
-491	-163
-489	-168
-486	-167
-484	-168
-482	-169
-480	-172
-477	-172
-474	-170
-472	-170
-469	-170
-467	-171
-464	-170
-462	-171
-459	-172
-457	-171
-454	-171
-451	-170
-449	-171
-446	-170
-444	-170
-441	-170
-439	-172
-436	-171
-434	-171
-431	-170
-428	-170
-426	-170
-423	-171
-421	-170
-418	-171
-416	-170
-413	-171
-411	-171
-408	-171
-406	-171
-403	-171
-401	-170
-398	-171
-396	-171
-393	-171
-390	-170
-388	-170
-385	-170
-383	-170
-380	-170
-378	-171
-375	-171
-373	-171
-370	-171
-368	-170
-365	-171
-363	-170
-360	-171
-358	-170
-355	-170
-353	-171
-350	-170
-348	-170
-345	-170
-343	-170
-340	-170
-338	-170
-336	-172
-333	-174
-332	-179
-330	-183
-327	-183
-325	-183
-322	-185
-320	-184
-317	-183
-315	-183
-312	-184
-310	-184
-307	-185
-305	-184
-302	-184
-300	-185
-297	-184
-295	-183
-292	-184
-290	-185
-287	-184
-285	-185
-283	-185
-280	-185
-277	-184
-275	-184
-273	-185
-270	-184
-267	-184
-265	-183
-262	-182
-260	-183
-257	-183
-255	-184
-253	-184
-250	-184
-248	-185
-245	-185
-243	-186
-240	-185
-238	-185
-235	-185
-233	-185
-230	-184
-228	-183
-225	-182
-223	-183
-220	-183
-218	-183
-215	-183
-213	-182
-210	-182
-208	-182
-205	-182
-203	-182
-200	-183
-198	-183
-196	-183
-193	-184
-191	-183
-188	-183
-186	-183
-183	-184
-181	-183
-178	-182
-176	-182
-173	-183
-171	-184
-168	-184
-166	-182
-163	-182
-161	-183
-159	-184
-156	-183
-154	-184
-151	-184
-149	-184
-146	-184
-144	-184
-141	-183
-139	-185
-136	-184
-134	-185
-132	-184
-129	-183
-127	-182
-124	-183
-122	-183
-119	-183
-117	-182
-114	-182
-112	-184
-109	-185
-107	-185
-105	-184
-102	-184
-100	-186
-97	-185
-95	-185
-92	-184
-90	-184
-87	-183
-85	-184
-82	-185
-80	-183
-78	-185
-75	-185
-73	-185
-70	-184
-68	-184
-65	-184
-63	-184
-60	-184
-58	-185
-55	-184
-53	-185
-51	-185
-48	-185
-43	-185
-41	-184
-38	-183
-36	-183
-33	-184
-31	-184
-28	-184
-26	-183
-24	-184
-21	-185
-19	-185
-16	-184
-14	-182
-11	-181
-9	-181
-6	-182
-4	-183
-2	-183
1	-183
3	-183
6	-183
8	-183
11	-183
13	-183
16	-184
18	-184
21	-184
23	-184
26	-184
28	-182
30	-181
33	-181
35	-183
38	-184
40	-185
43	-185
45	-185
48	-185
50	-183
53	-183
55	-183
57	-183
60	-183
62	-183
65	-184
67	-184
70	-183
72	-183
75	-183
77	-183
80	-183
82	-183
84	-182
87	-182
89	-183
92	-183
94	-183
97	-184
99	-184
102	-186
104	-186
107	-185
109	-185
112	-184
114	-184
117	-185
119	-185
122	-184
124	-183
127	-184
129	-185
132	-186
134	-186
137	-185
139	-185
141	-185
144	-184
146	-183
149	-185
151	-185
154	-185
156	-185
159	-185
161	-184
164	-183
166	-183
169	-183
171	-183
174	-184
176	-185
179	-184
181	-183
184	-185
186	-184
189	-183
191	-183
193	-183
196	-182
198	-183
201	-183
203	-183
206	-184
209	-184
211	-183
213	-183
216	-184
218	-183
221	-183
224	-184
226	-184
228	-183
231	-183
233	-182
236	-182
238	-183
241	-182
243	-183
246	-182
248	-182
251	-182
253	-182
256	-183
259	-183
261	-184
264	-185
266	-184
269	-185
271	-183
274	-185
276	-184
279	-185
282	-185
284	-184
286	-184
289	-184
291	-183
294	-182
296	-182
297	-175
298	-165
299	-158
301	-155
304	-154
307	-157
310	-162
315	-172
318	-179
321	-178
323	-177
325	-175
328	-174
330	-172
332	-171
334	-169
337	-168
339	-168
341	-166
344	-166
347	-169
349	-168
352	-168
354	-168
357	-168
360	-168
362	-168
364	-167
367	-169
370	-170
373	-169
375	-170
378	-169
380	-169
383	-169
385	-169
388	-169
390	-169
393	-169
396	-169
398	-169
401	-169
403	-169
406	-170
408	-169
411	-169
413	-168
416	-168
419	-169
421	-169
424	-170
427	-170
429	-170
432	-170
434	-169
437	-168
439	-169
442	-169
445	-168
447	-168
450	-170
453	-169
455	-169
458	-170
460	-169
462	-167
463	-159
463	-152
465	-148
467	-147
470	-146
472	-146
475	-146
476	-142
478	-138
480	-137
483	-137
485	-136
488	-137
490	-137
493	-138
496	-138
499	-140
502	-140
505	-141
508	-145
512	-149
513	-143
514	-136
512	-121
512	-115
512	-106
512	-97
512	-90
513	-84
513	-76
513	-67
513	-62
514	-54
513	-46
514	-40
514	-31
514	-24
513	-15
513	-7
515	-4
517	-4
520	-4
592	-188
583	-154
586	-155
589	-156
593	-160
598	-167
603	-173
606	-174
609	-173
612	-174
615	-175
617	-174
621	-176
623	-176
613	-138
614	-134
615	-131
617	-129
619	-126
621	-124
623	-123
625	-122
628	-121
630	-120
632	-118
635	-118
639	-121
644	-128
649	-134
654	-141
659	-146
663	-150
667	-153
670	-154
673	-154
676	-155
680	-156
683	-156
685	-155
683	-143
685	-142
687	-141
690	-141
693	-141
696	-141
700	-144
705	-151
709	-152
712	-152
714	-151
717	-150
719	-149
721	-148
724	-147
726	-146
729	-146
731	-145
734	-145
737	-144
739	-143
741	-142
744	-142
746	-140
748	-138
749	-134
750	-129
751	-126
752	-121
753	-115
752	-107
722	-17
723	-11
724	-8
725	-6
726	-2
728	1
730	2
733	2
735	3
737	3
740	4
742	4
746	2
749	1
752	0
754	3
757	2
759	2
762	2
764	4
767	4
770	2
772	4
774	5
778	3
781	4
783	4
903	-216
867	-137
871	-138
875	-140
879	-142
883	-145
889	-151
895	-156
897	-155
897	-148
897	-143
899	-140
901	-138
904	-138
907	-139
914	-146
926	-163
933	-170
935	-167
936	-163
938	-161
940	-160
945	-164
951	-169
956	-173
962	-177
967	-180
973	-185
975	-184
978	-184
982	-186
984	-183
986	-181
989	-180
992	-180
994	-178
997	-177
1000	-176
1002	-176
1006	-176
1009	-176
1013	-177
1017	-179
1020	-178
1024	-180
1027	-179
1030	-178
1034	-180
1037	-180
1040	-179
1043	-179
1045	-177
1047	-173
1050	-173
1055	-177
1059	-179
1063	-179
1065	-177
1068	-177
1071	-176
1075	-177
1079	-178
1083	-179
1086	-179
1090	-179
1093	-179
1096	-179
1099	-178
1102	-177
1105	-177
1109	-177
1112	-177
1113	-173
1110	-163
1109	-156
1112	-156
1115	-155
1119	-155
1124	-158
1130	-162
1135	-165
1136	-161
1136	-155
1136	-151
1143	-155
1151	-163
1160	-172
1166	-175
1170	-176
1173	-176
1177	-177
1178	-173
1171	-157
1171	-151
1174	-151
1179	-153
1191	-167
1201	-176
1205	-176
1209	-177
1212	-177
1216	-177
1219	-177
1224	-178
1228	-178
1233	-181
1237	-181
1240	-180
1243	-179
1247	-180
1251	-181
1254	-180
1256	-177
1258	-175
1263	-178
1266	-176
1270	-176
1273	-176
1280	-180
1284	-181
1287	-180
1289	-178
1292	-177
1296	-177
1302	-181
1307	-182
1312	-184
1315	-183
1319	-183
1322	-182
1324	-180
1327	-179
1331	-179
1342	-189
1347	-190
1349	-188
1351	-185
1351	-181
1353	-177
1355	-176
1359	-176
1365	-178
1373	-184
1380	-188
1384	-188
1387	-188
1391	-187
1395	-188
1400	-189
1404	-189
1405	-185
1408	-183
1411	-182
1415	-183
1419	-182
1423	-183
1427	-182
1431	-183
1435	-183
1439	-183
1443	-183
1448	-184
1454	-187
1457	-185
1456	-179
1461	-181
1465	-180
1468	-179
1472	-178
1477	-180
1479	-178
1480	-173
1482	-171
1485	-170
1488	-169
1492	-169
1501	-174
1509	-179
1510	-175
1511	-172
1513	-169
1515	-167
1518	-165
1520	-163
1523	-161
1526	-160
1529	-158
1532	-157
1534	-155
1537	-154
1542	-154
1548	-156
1554	-158
1561	-162
1570	-167
1577	-170
1582	-171
1587	-171
1589	-169
1594	-169
1599	-170
1604	-171
1608	-170
1609	-167
1611	-164
1613	-162
1618	-162
1617	-157
1620	-155
1623	-154
1628	-154
1632	-154
1637	-154
1641	-154
1645	-154
1649	-153
1654	-153
1659	-154
1664	-154
1669	-155
1671	-153
1673	-149
1676	-148
1688	-156
1695	-158
1698	-157
1702	-156
1705	-155
1707	-151
1709	-149
1711	-147
1714	-145
1718	-144
1723	-144
1728	-145
1734	-147
1738	-145
1741	-144
1747	-145
1757	-150
1760	-149
1759	-143
1760	-140
1766	-140
1770	-140
1775	-140
1781	-141
1784	-140
1788	-139
1793	-139
1800	-141
1803	-139
1808	-139
1815	-142
1817	-138
1820	-137
1826	-138
1834	-141
1843	-145
1850	-147
1857	-149
1864	-150
1863	-145
1862	-139
1864	-137
1872	-139
1879	-141
1884	-141
1890	-142
1897	-144
1903	-144
1906	-142
1908	-140
1911	-138
1914	-136
1918	-134
1924	-136
1932	-138
1936	-137
1939	-135
1943	-133
1949	-134
1956	-136
1975	-149
1984	-152
1984	-147
1987	-145
1992	-145
1998	-145
2004	-146
2011	-147
2023	-153
2029	-154
2034	-153
2041	-154
2045	-153
2048	-151
2054	-151
2069	-159
2071	-156
2077	-157
2093	-165
2103	-169
2110	-170
2116	-171
2120	-170
2129	-172
2137	-174
2143	-174
2147	-173
2150	-170
2159	-173
2168	-176
2183	-184
2190	-185
2201	-188
2204	-186
2206	-183
2209	-180
2216	-181
2229	-187
2236	-187
2249	-193
2260	-197
2261	-192
2261	-188
2262	-183
2263	-180
2265	-176
2267	-173
2270	-170
2274	-168
2282	-169
2295	-175
2312	-183
2327	-191
2341	-196
2358	-205
2383	-219
2392	-221
2393	-217
2394	-213
2399	-211
2428	-229
2432	-226
2437	-225
2448	-228
2462	-234
2475	-239
2478	-236
2482	-233
2486	-231
2490	-229
2493	-226
2497	-224
2505	-225
2525	-234
2549	-247
2550	-243
2552	-239
2565	-244
2584	-252
2589	-250
2590	-246
2593	-243
2598	-241
2603	-240
2607	-237
2611	-235
2612	-230
2609	-223
2607	-216
2609	-212
2612	-209
2616	-206
2619	-204
2623	-201
2635	-204
2663	-219
2685	-229
2695	-231
2701	-230
2705	-227
2709	-225
2713	-222
2718	-220
2723	-218
2728	-216
2736	-216
2741	-214
2746	-212
2751	-210
2755	-208
2759	-205
2762	-202
2766	-200
2771	-197
2775	-194
2780	-192
2786	-191
2791	-189
2796	-187
2803	-186
2809	-185
2812	-182
2816	-179
2821	-177
2826	-175
2831	-173
2836	-170
2840	-168
2845	-166
2850	-163
2855	-161
2860	-159
2864	-156
2869	-154
2874	-152
2881	-151
2886	-149
2890	-146
2895	-144
2899	-141
2903	-138
2909	-137
2915	-135
2919	-132
2924	-130
2928	-127
2934	-125
2939	-123
2944	-120
2950	-119
2958	-118
2963	-116
2968	-113
2974	-112
2979	-109
2984	-107
2990	-105
2995	-103
3000	-100
3006	-98
3011	-96
3016	-93
3021	-91
3026	-89
3031	-86
3042	-87
3047	-85
3051	-82
3056	-79
3062	-77
3068	-75
3073	-72
3077	-69
3083	-67
3088	-65
3094	-63
3102	-62
3107	-59
3112	-57
3119	-55
3125	-53
3131	-51
3136	-48
3141	-46
3146	-43
3153	-41
3160	-39
3164	-37
3170	-34
3175	-31
3180	-29
3185	-26
3189	-22
3195	-20
3201	-18
3209	-17
3215	-14
3220	-11
3224	-9
3229	-6
3234	-3
3238	1
3240	5
3242	10
3243	14
3245	19
3247	24
3250	27
3254	31
3258	34
3258	39
3258	45
3259	50
3261	54
3262	59
3263	64
3265	68
3267	73
3268	78
3268	83
3268	88
3271	92
3272	97
3273	102
3272	108
3273	113
3273	118
3274	123
3275	128
3275	133
3276	138
3277	143
3277	148
3279	152
3282	156
3284	161
3285	165
3285	171
3286	175
3285	181
3286	186
3287	190
3289	195
3290	200
3291	205
3293	209
3294	214
3295	219
3295	224
3296	229
3298	233
3299	238
3300	243
3299	248
3297	254
3297	259
3297	264
3297	270
3298	274
3300	279
3301	283
3303	288
3303	293
3303	298
3303	303
3303	308
3304	313
3305	318
3305	323
3305	328
3306	333
3305	338
3306	343
3306	348
3306	353
3306	358
3306	363
3307	368
3309	372
3310	377
3310	382
3310	387
3311	392
3312	396
3311	401
3313	406
3314	411
3316	415
3317	419
3317	425
3317	430
3317	435
3316	440
3315	445
3316	450
3317	455
3317	460
3319	464
3319	469
3320	473
3323	477
3323	482
3323	487
3323	492
3322	497
3323	502
3325	507
3327	511
3330	515
3331	519
3331	524
3329	530
3328	535
3328	540
3326	546
3327	550
3328	555
3329	559
3330	564
3332	568
3332	573
3333	578
3332	583
3333	587
3332	593
3333	597
3332	602
3334	607
3334	611
3336	616
3339	620
3341	624
3342	629
3341	634
3342	638
3342	643
3343	648
3344	652
3344	657
3345	662
3346	666
3346	671
3347	676
3348	680
3349	685
3351	689
3353	693
3353	698
3353	703
3351	708
3351	713
3352	718
3355	721
3356	726
3359	730
3358	735
3356	740
3356	745
3356	750
3356	755
3359	759
3360	763
3361	768
3360	773
3357	778
3357	783
3358	788
3359	792
3360	797
3363	801
3365	805
3365	810
3364	815
3364	819
3366	824
3366	828
3366	833
3366	838
3364	843
3363	848
3363	853
3364	857
3364	862
3364	867
3364	871
3365	876
3367	880
3370	884
3370	889
3370	894
3371	898
3370	903
3371	908
3371	912
3372	917
3373	921
3374	926
3376	930
3377	935
3378	939
3377	944
3376	949
3376	954
3375	958
3376	963
3378	967
3381	971
3383	976
3385	980
3385	984
3384	989
3383	994
3382	999
3383	1003
3384	1008
3385	1012
3387	1017
3387	1021
3388	1026
3387	1031
3387	1035
3387	1040
3389	1044
3388	1049
3388	1054
3388	1058
3389	1063
3392	1067
3394	1071
3396	1076
3397	1080
3397	1085
3398	1089
3399	1094
3400	1098
3402	1102
3401	1107
3402	1112
3403	1116
3403	1121
3401	1126
3401	1130
3401	1135
3403	1139
3403	1144
3402	1149
3402	1153
3402	1158
3402	1163
3401	1167
3400	1172
3399	1177
3400	1181
3401	1186
3402	1190
3404	1195
3407	1199
3410	1203
3412	1207
3412	1212
3411	1217
3410	1221
3407	1226
3407	1231
3410	1235
3412	1240
3415	1244
3415	1248
3416	1253
3416	1257
3416	1262
3415	1267
3414	1271
3415	1276
3415	1281
3417	1285
3418	1289
3420	1294
3419	1298
3419	1303
3420	1308
3422	1312
3424	1316
3425	1321
3424	1325
3424	1330
3424	1335
3425	1339
3427	1344
3426	1348
3424	1353
3422	1358
3422	1362
3422	1367
3424	1371
3426	1376
3429	1380
3431	1384
3432	1389
3433	1393
3434	1398
3434	1403
3434	1407
3433	1412
3433	1416
3433	1421
3434	1425
3435	1430
3436	1434
3440	1439
3441	1443
3440	1448
3440	1453
3441	1457
3441	1462
3440	1466
3437	1471
3437	1476
3437	1480
3437	1485
3439	1489
3442	1494
3443	1498
3443	1503
3444	1507
3444	1512
3446	1516
3449	1521
3449	1525
3450	1530
3448	1535
3447	1539
3446	1544
3446	1548
3446	1553
3446	1558
3447	1562
3447	1567
3446	1571
3448	1576
3450	1580
3450	1585
3451	1589
3452	1594
3453	1599
3453	1603
3453	1608
3452	1612
3454	1617
3455	1621
3456	1626
3455	1631
3453	1635
3454	1640
3459	1644
3461	1649
3460	1653
3459	1658
3458	1663
3457	1667
3457	1672
3458	1676
3458	1681
