2559	1655
2559	1658
2560	1661
2560	1665
2560	1668
2560	1672
2562	1679
2562	1682
2562	1685
2561	1689
2561	1692
2561	1696
2562	1699
2562	1703
2562	1706
2562	1709
2563	1713
2563	1716
2564	1720
2562	1723
2565	1727
2564	1730
2564	1734
2564	1737
2565	1740
2566	1744
2566	1747
2567	1751
2568	1754
2568	1758
2568	1761
2569	1765
2569	1768
2568	1772
2568	1775
2568	1778
2569	1782
2570	1785
2570	1789
2570	1792
2570	1796
2570	1799
2571	1803
2572	1806
2573	1810
2573	1813
2572	1817
2572	1820
2572	1824
2573	1827
2575	1831
2575	1834
2573	1837
2573	1841
2575	1844
2575	1848
2574	1851
2575	1855
2576	1858
2575	1862
2575	1865
2576	1869
2576	1872
2576	1876
2576	1879
2577	1883
2578	1886
2578	1890
2577	1893
2579	1897
2580	1900
2580	1904
2579	1907
2580	1911
2579	1914
2579	1918
2579	1921
2579	1925
2578	1928
2578	1932
2581	1935
2583	1939
2583	1943
2586	1946
2585	1950
2584	1953
2584	1957
2584	1960
2584	1964
2583	1967
2583	1971
2583	1974
2582	1978
2582	1981
2582	1984
2582	1988
2584	1992
2584	1995
2584	1999
2584	2002
2584	2006
2585	2009
2584	2013
2585	2016
2585	2020
2586	2024
2586	2027
2586	2031
2586	2034
2587	2038
2587	2041
2586	2045
2587	2048
2586	2052
2587	2056
2587	2059
2588	2063
2587	2066
2587	2070
2586	2073
2588	2077
2587	2080
2587	2084
2587	2088
2588	2091
2588	2095
2587	2098
2588	2102
2588	2105
2590	2109
2590	2113
2590	2117
2590	2120
2590	2124
2592	2127
2591	2131
2590	2134
2588	2138
2587	2141
2588	2145
2588	2148
2588	2152
2590	2156
2591	2160
2593	2163
2594	2167
2595	2171
2596	2175
2596	2178
2595	2182
2596	2186
2598	2190
2599	2193
2599	2197
2601	2201
2601	2205
2600	2208
2601	2212
2601	2216
2600	2219
2600	2223
2601	2226
2601	2230
2600	2234
2600	2237
2600	2241
2600	2244
2599	2248
2600	2252
2601	2256
2601	2259
2602	2263
2603	2267
2605	2271
2605	2275
2605	2278
2605	2282
2605	2286
2605	2290
2605	2293
2605	2297
2605	2300
2604	2304
2604	2308
2604	2311
2605	2315
2605	2319
2605	2323
2605	2326
2604	2330
2604	2334
2605	2337
2606	2341
2606	2345
2606	2349
2605	2352
2605	2356
2605	2360
2605	2363
2605	2367
2605	2371
2605	2375
2605	2378
2605	2382
2605	2386
2605	2389
2605	2393
2604	2397
2603	2400
2604	2404
2605	2408
2605	2412
2604	2415
2604	2419
2604	2423
2605	2427
2606	2431
2606	2435
2604	2438
2604	2442
2604	2445
2604	2449
2604	2453
2605	2457
2605	2461
2605	2465
2605	2469
2605	2472
2606	2476
2606	2480
2606	2484
2605	2488
2605	2491
2605	2495
2604	2499
2604	2503
2603	2506
2603	2510
2604	2514
2604	2518
2604	2522
2604	2526
2604	2529
2604	2533
2604	2537
2605	2541
2604	2545
2603	2548
2603	2552
2603	2556
2603	2560
2604	2564
2603	2568
2603	2572
2601	2575
2601	2579
2601	2582
2600	2586
2600	2590
2601	2594
2602	2598
2602	2602
2602	2606
2602	2610
2602	2614
2602	2618
2603	2622
2602	2626
2603	2630
2603	2634
2602	2637
2601	2641
2601	2645
2603	2650
2605	2654
2604	2658
2603	2662
2603	2666
2604	2670
2603	2674
2602	2677
2602	2681
2602	2685
2602	2689
2602	2693
2603	2697
2603	2702
2603	2705
2604	2710
2605	2714
2604	2718
2603	2722
2603	2725
2603	2730
2604	2734
2603	2738
2603	2742
2601	2745
2600	2749
2600	2753
2602	2757
2600	2761
2600	2765
2601	2769
2602	2774
2601	2778
2601	2781
2601	2786
2601	2790
2601	2794
2600	2798
2601	2802
2601	2806
2602	2810
2600	2814
2599	2818
2598	2821
2598	2826
2599	2830
2599	2834
2598	2838
2599	2842
2599	2847
2598	2850
2598	2854
2596	2858
2596	2862
2595	2866
2595	2870
2596	2875
2597	2879
2596	2883
2597	2887
2596	2891
2595	2895
2594	2899
2595	2903
2596	2908
2595	2912
2595	2916
2596	2921
2597	2926
2599	2931
2599	2935
2599	2939
2597	2942
2596	2946
2597	2951
2599	2956
2599	2961
2599	2965
2599	2969
2597	2972
2597	2977
2597	2981
2597	2986
2597	2989
2595	2993
2594	2997
2594	3001
2594	3006
2595	3010
2597	3016
2595	3019
2594	3023
2597	3029
2597	3033
2597	3038
2597	3042
2596	3046
2596	3050
2595	3054
2595	3059
2596	3064
2597	3068
2597	3073
2597	3077
2598	3082
2596	3086
2596	3090
2596	3094
2596	3099
2596	3104
2596	3108
2595	3112
2597	3117
2599	3123
2599	3128
2599	3132
2599	3137
2599	3141
2598	3145
2600	3151
2600	3155
2599	3159
2597	3163
2596	3167
2595	3171
2596	3176
2596	3181
2596	3185
2594	3189
2576	3183
2545	3170
2531	3166
2524	3167
2519	3169
2517	3172
2515	3175
2515	3180
2517	3185
2591	3242
2591	3247
2591	3252
2591	3256
2590	3261
2590	3265
2590	3270
2590	3275
2594	3282
2593	3286
2592	3290
2594	3296
2592	3300
2591	3304
2592	3309
2592	3314
2592	3319
2592	3324
2592	3329
2594	3334
2595	3340
2594	3344
2594	3349
2595	3355
2594	3359
2593	3363
2593	3368
2592	3372
2592	3377
2591	3381
2591	3386
2589	3390
2588	3394
2588	3399
2588	3404
2588	3409
2585	3412
2586	3417
2588	3424
2587	3428
2587	3433
2587	3438
2587	3443
2585	3447
2584	3451
2583	3455
2582	3460
2581	3464
2583	3470
2583	3475
2581	3480
2581	3484
2580	3489
2581	3494
2580	3499
2580	3504
2580	3509
2579	3513
2578	3518
2576	3522
2576	3527
2576	3532
2575	3536
2575	3542
2573	3546
2572	3550
2572	3555
2572	3560
2573	3566
2573	3572
2574	3577
2572	3581
2571	3586
2570	3590
2570	3595
2570	3600
2567	3604
2566	3608
2566	3614
2565	3618
2563	3622
2564	3628
2562	3632
2563	3638
2563	3643
2562	3648
2560	3652
2559	3657
2558	3661
2556	3665
2555	3670
2554	3675
2552	3678
2550	3682
2549	3687
2548	3691
2547	3696
2546	3701
2546	3706
2545	3711
2544	3716
2543	3720
2543	3726
2542	3730
2540	3735
2538	3739
2537	3743
2535	3748
2535	3753
2534	3757
2533	3762
2531	3766
2530	3771
2529	3776
2528	3781
2527	3785
2524	3789
2520	3791
2515	3792
2511	3795
2508	3798
2506	3802
2505	3807
2503	3811
2501	3815
2498	3818
2496	3822
2495	3827
2493	3831
2489	3833
2492	3842
2499	3853
2505	3864
2505	3870
2503	3874
2502	3879
2501	3884
2499	3888
2498	3893
2497	3898
2496	3903
2495	3908
2496	3915
2495	3920
2493	3924
2493	3930
2491	3934
2490	3939
2489	3944
2487	3948
2484	3952
2483	3957
2482	3962
2481	3968
2479	3971
2476	3974
2473	3978
2475	3986
2475	3992
2473	3996
2472	4001
2470	4006
2468	4010
2467	4015
2464	4019
2463	4024
2461	4028
2460	4034
2458	4038
2455	4041
2453	4046
2452	4050
2449	4054
2448	4060
2447	4064
2445	4069
2440	4071
2438	4075
2438	4081
2435	4085
2431	4087
2430	4092
2428	4097
2426	4101
2424	4105
2420	4108
2420	4115
2419	4119
2416	4123
2414	4127
2410	4130
2408	4134
2406	4139
2404	4144
2403	4148
2399	4152
2397	4156
2396	4161
2395	4166
2392	4170
2390	4175
2388	4179
2386	4184
2384	4189
2383	4193
2381	4199
2377	4201
2375	4206
2375	4212
2376	4220
2087	3936
2085	3940
2079	3940
2056	3922
2081	3960
2079	3963
2076	3966
2361	4291
2351	4287
2348	4291
2348	4298
2348	4305
2346	4310
2344	4314
2342	4318
2339	4322
2336	4326
2332	4329
2330	4334
2327	4337
2324	4341
2323	4346
2319	4349
2317	4354
2315	4359
2313	4363
2310	4367
2307	4371
2303	4374
2300	4377
2298	4382
2296	4387
2293	4391
2290	4395
2287	4399
2286	4404
2284	4409
2282	4414
2279	4418
2275	4421
2272	4425
2271	4430
2268	4435
2266	4438
2263	4442
2260	4447
2258	4451
2255	4455
2252	4459
2250	4464
2248	4469
2245	4473
2241	4476
2238	4479
2236	4484
2233	4489
2230	4492
2227	4496
2225	4501
2222	4505
2219	4508
2217	4514
2215	4519
2213	4523
2211	4529
2208	4532
2204	4536
2201	4539
2197	4542
2193	4545
2189	4547
2185	4550
2182	4554
2178	4557
2174	4560
2171	4563
2167	4566
2164	4569
2161	4573
2156	4575
2152	4577
2149	4581
2145	4585
2142	4588
2138	4590
2133	4593
2128	4594
2125	4597
2121	4600
2117	4603
2117	4610
2115	4615
2111	4619
2108	4622
2104	4625
2101	4629
2098	4633
2094	4636
2092	4642
2090	4646
2087	4650
2083	4653
2080	4658
2078	4662
2075	4667
2071	4669
2068	4673
2065	4677
2062	4682
2059	4686
2056	4690
2053	4693
2049	4696
2045	4700
2042	4703
2038	4707
2035	4710
2031	4713
2028	4718
2025	4722
2023	4727
2020	4732
2018	4737
2015	4741
2012	4745
2008	4748
2005	4752
2002	4756
1997	4758
1993	4761
1990	4765
1986	4768
1981	4768
1976	4770
1972	4772
1970	4778
1965	4780
1962	4784
1958	4786
1953	4788
1949	4791
1945	4793
1942	4798
1939	4802
1936	4806
1932	4808
1927	4811
1923	4813
1919	4816
1917	4822
1914	4825
1910	4829
1908	4834
1904	4838
1901	4842
1898	4846
1895	4850
1892	4854
1888	4859
1885	4862
1882	4867
1879	4871
1875	4875
1872	4878
1869	4883
1865	4886
1861	4888
1856	4889
1851	4892
1848	4895
1844	4898
1840	4901
1836	4903
1831	4906
1828	4910
1824	4913
1821	4917
1817	4920
1813	4923
1810	4928
1806	4931
1803	4935
1800	4939
1796	4943
1792	4946
1789	4950
1785	4953
1782	4957
1778	4962
1775	4966
1772	4970
1767	4971
1763	4974
1758	4976
1754	4980
1751	4983
1746	4985
1742	4988
1738	4991
1734	4993
1729	4995
1726	4999
1722	5002
1718	5005
1714	5007
1710	5011
1706	5014
1702	5018
1699	5022
1694	5024
1689	5025
1685	5027
1680	5029
1677	5033
1672	5035
1667	5036
1663	5038
1659	5042
1655	5046
1652	5051
1648	5053
1644	5055
1640	5058
1636	5061
1631	5064
1628	5068
1624	5071
1619	5072
1614	5074
1610	5077
1605	5078
1600	5079
1596	5081
1592	5084
1586	5085
1581	5084
1576	5085
1572	5088
1568	5092
1564	5095
1560	5097
1555	5099
1551	5102
1546	5104
1542	5106
1538	5110
1535	5115
1531	5118
1527	5122
1523	5124
1518	5126
1513	5127
1507	5126
1502	5127
1498	5130
1494	5133
1490	5135
1486	5138
1482	5142
1478	5145
1473	5147
1469	5150
1465	5153
1460	5155
1456	5158
1452	5160
1447	5161
1442	5163
1438	5165
1432	5165
1427	5166
1423	5169
1419	5172
1414	5173
1409	5174
1405	5175
1400	5177
1396	5181
1392	5183
1387	5184
1382	5186
1377	5188
1373	5190
1368	5192
1364	5194
1360	5197
1355	5199
1350	5200
1345	5201
1341	5204
1337	5206
1331	5206
1326	5207
1321	5208
1316	5208
1311	5209
1306	5210
1302	5213
1298	5215
1294	5219
1289	5222
1285	5223
1279	5223
1274	5224
1270	5226
1265	5229
1261	5231
1256	5232
1252	5234
1247	5236
1243	5240
1239	5242
1234	5242
1229	5244
1224	5246
1220	5247
1215	5249
1210	5251
1206	5252
1201	5254
1197	5257
1191	5256
1186	5256
1181	5256
1176	5257
1171	5258
1166	5258
1161	5260
1156	5262
1152	5265
1148	5268
1144	5271
1139	5273
1135	5276
1131	5278
1126	5280
1121	5282
1118	5287
1114	5290
1109	5293
1105	5296
1101	5299
1096	5301
1091	5302
1086	5301
1081	5303
1077	5307
1073	5310
1069	5313
1064	5315
1060	5318
1055	5320
1051	5323
1046	5325
1042	5327
1037	5330
1032	5331
1027	5332
1023	5333
1018	5335
1013	5335
1008	5336
1003	5338
998	5338
994	5342
990	5345
985	5346
980	5348
975	5349
971	5351
966	5353
961	5354
957	5356
952	5359
947	5360
942	5359
937	5362
933	5365
928	5365
923	5365
918	5367
913	5369
909	5371
904	5373
899	5374
894	5374
889	5372
884	5374
879	5376
875	5378
870	5382
866	5385
861	5387
856	5387
851	5386
845	5384
840	5385
835	5385
830	5385
825	5386
820	5386
815	5387
810	5388
805	5389
801	5391
796	5394
792	5396
787	5398
783	5401
778	5402
773	5402
768	5403
762	5403
757	5402
751	5399
746	5396
740	5393
734	5391
729	5390
724	5391
719	5392
715	5394
710	5397
706	5399
701	5401
696	5403
692	5406
687	5408
683	5410
678	5411
673	5413
668	5415
663	5414
658	5415
654	5418
649	5419
644	5420
639	5422
634	5424
630	5427
625	5428
620	5429
615	5429
610	5429
606	5432
601	5436
596	5436
591	5437
586	5436
581	5435
576	5434
571	5435
566	5439
561	5441
557	5442
552	5444
547	5444
542	5445
537	5447
532	5445
526	5441
521	5440
516	5440
511	5442
506	5443
501	5443
496	5444
491	5444
487	5445
481	5445
477	5447
472	5449
467	5451
462	5453
458	5454
453	5456
448	5458
443	5460
439	5464
434	5466
429	5465
424	5466
419	5470
414	5469
409	5470
405	5472
400	5474
395	5475
390	5475
385	5476
380	5473
375	5475
370	5478
365	5479
360	5480
355	5480
350	5482
345	5482
340	5483
336	5485
331	5488
326	5488
321	5488
316	5488
311	5489
306	5488
301	5488
296	5488
291	5490
286	5491
281	5492
276	5494
271	5497
266	5497
261	5497
256	5501
252	5503
247	5505
242	5505
237	5505
232	5507
227	5511
222	5514
217	5515
212	5518
207	5520
203	5522
198	5523
193	5524
188	5523
183	5528
136	5006
132	5007
128	5006
123	5002
119	5001
114	5001
110	5002
105	4997
100	4987
96	4985
92	4985
87	4981
83	4978
78	4978
74	4978
70	4981
66	4983
61	4986
57	4995
53	5000
49	5000
45	5000
40	5000
36	5003
32	5006
27	5006
23	5001
22	5539
16	5528
11	5525
6	5525
1	5524
-4	5524
-9	5524
-14	5523
-19	5523
-24	5521
-29	5521
-34	5522
-39	5522
-44	5522
-49	5521
-54	5522
-59	5521
-64	5520
-69	5518
-74	5516
-79	5516
-84	5516
-89	5516
-94	5517
-99	5518
-104	5520
-110	5520
-115	5521
-120	5519
-125	5517
-130	5517
-135	5516
-140	5516
-145	5517
-150	5518
-155	5518
-160	5518
-165	5517
-170	5518
-175	5516
-180	5516
-185	5515
-190	5514
-195	5514
-200	5516
-205	5516
-210	5515
-215	5515
-220	5514
-225	5513
-230	5513
-235	5514
-240	5516
-245	5516
-250	5515
-255	5513
-260	5513
-265	5513
-270	5515
-275	5516
-280	5516
-285	5514
-290	5509
-295	5509
-300	5509
-305	5506
-310	5504
-315	5503
-320	5504
-325	5504
-330	5504
-335	5503
-340	5502
-345	5502
-350	5501
-355	5502
-360	5502
-365	5503
-370	5506
-376	5507
-381	5507
-386	5507
-391	5506
-396	5508
-401	5507
-406	5506
-411	5504
-415	5501
-420	5498
-425	5497
-430	5497
-435	5496
-440	5498
-445	5496
-450	5494
-455	5493
-460	5494
-465	5494
-470	5493
-475	5492
-480	5490
-485	5489
-490	5488
-495	5489
-500	5489
-505	5489
-509	5485
-514	5484
-519	5484
-525	5484
-530	5485
-535	5484
-540	5483
-544	5482
-549	5481
-554	5480
-559	5480
-564	5477
-569	5476
-574	5474
-579	5474
-584	5475
-589	5475
-594	5474
-599	5474
-604	5476
-609	5476
-614	5473
-619	5472
-624	5470
-629	5468
-633	5466
-638	5466
-643	5464
-648	5461
-653	5459
-658	5460
-663	5461
-668	5459
-673	5457
-677	5456
-683	5457
-688	5457
-693	5456
-698	5456
-703	5455
-708	5455
-713	5455
-717	5453
-723	5454
-728	5456
-733	5456
-738	5455
-743	5454
-748	5452
-753	5451
-757	5447
-762	5444
-766	5442
-771	5440
-776	5438
-781	5437
-786	5436
-791	5435
-796	5436
-801	5434
-806	5433
-810	5431
-815	5429
-820	5427
-824	5426
-829	5424
-834	5423
-839	5422
-844	5420
-848	5418
-853	5416
-858	5416
-864	5418
-869	5420
-874	5420
-879	5417
-884	5417
-889	5417
-894	5416
-899	5415
-904	5415
-909	5414
-914	5414
-919	5413
-924	5411
-928	5408
-933	5407
-937	5404
-942	5402
-947	5401
-953	5402
-958	5402
-962	5400
-967	5399
-972	5400
-978	5400
-983	5399
-987	5397
-992	5397
-998	5397
-1002	5394
-1007	5393
-1012	5393
-1017	5392
-1022	5392
-1027	5392
-1032	5391
-1037	5389
-1042	5389
-1047	5388
-1052	5386
-1057	5385
-1062	5385
-1067	5383
-1071	5378
-1075	5376
-1080	5375
-1085	5373
-1090	5372
-1095	5372
-1099	5369
-1103	5365
-1107	5360
-1110	5354
-1114	5349
-1119	5348
-1124	5347
-1129	5346
-1134	5345
-1138	5342
-1142	5337
-1146	5334
-1151	5331
-1155	5327
-1160	5326
-1165	5327
-1170	5326
-1175	5325
-1180	5325
-1185	5324
-1190	5322
-1195	5321
-1199	5320
-1205	5320
-1210	5320
-1215	5318
-1218	5314
-1223	5310
-1227	5307
-1231	5305
-1236	5304
-1241	5302
-1246	5302
-1251	5302
-1257	5302
-1262	5302
-1267	5301
-1272	5300
-1276	5297
-1281	5296
-1286	5296
-1291	5295
-1296	5294
-1301	5294
-1306	5291
-1310	5290
-1316	5290
-1321	5289
-1325	5287
-1330	5284
-1335	5283
-1339	5282
-1344	5280
-1348	5277
-1353	5275
-1357	5272
-1362	5270
-1367	5269
-1370	5264
-1374	5259
-1379	5258
-1383	5256
-1388	5253
-1391	5249
-1394	5243
-1398	5240
-1402	5235
-1406	5232
-1410	5228
-1414	5223
-1417	5219
-1421	5216
-1426	5214
-1431	5213
-1436	5212
-1441	5212
-1445	5209
-1449	5206
-1454	5204
-1459	5203
-1463	5201
-1468	5199
-1472	5196
-1477	5194
-1481	5193
-1486	5192
-1491	5190
-1496	5190
-1502	5190
-1506	5188
-1510	5185
-1515	5182
-1519	5180
-1524	5180
-1530	5180
-1536	5181
-1542	5185
-1549	5187
-1554	5186
-1559	5184
-1563	5182
-1568	5181
-1573	5180
-1578	5179
-1582	5176
-1587	5174
-1591	5172
-1596	5170
-1601	5169
-1606	5167
-1609	5163
-1613	5160
-1617	5156
-1621	5153
-1625	5151
-1631	5150
-1637	5151
-1642	5152
-1647	5151
-1652	5148
-1656	5145
-1659	5141
-1664	5139
-1668	5136
-1673	5135
-1678	5133
-1682	5130
-1686	5126
-1690	5123
-1694	5120
-1698	5117
-1702	5115
-1707	5114
-1712	5112
-1715	5108
-1719	5105
-1723	5101
-1728	5099
-1732	5097
-1737	5095
-1741	5093
-1746	5091
-1750	5088
-1755	5086
-1759	5083
-1763	5081
-1768	5079
-1772	5077
-1776	5073
-1780	5070
-1784	5067
-1788	5065
-1793	5062
-1797	5059
-1801	5056
-1805	5054
-1810	5052
-1814	5050
-1819	5049
-1824	5046
-1828	5044
-1833	5042
-1836	5039
-1840	5034
-1845	5034
-1851	5033
-1856	5033
-1860	5030
-1864	5027
-1868	5024
-1872	5022
-1877	5019
-1882	5018
-1887	5016
-1891	5014
-1895	5011
-1900	5009
-1904	5007
-1908	5003
-1913	5003
-1917	4998
-1921	4996
-1926	4994
-1930	4992
-1934	4989
-1938	4985
-1942	4982
-1945	4978
-1949	4975
-1953	4971
-1957	4970
-1962	4967
-1965	4964
-1970	4961
-1975	4960
-1978	4955
-1982	4952
-1985	4948
-1988	4944
-1991	4939
-1995	4935
-1998	4932
-2003	4929
-2007	4927
-2012	4925
-2015	4921
-2019	4918
-2022	4914
-2025	4909
-2029	4905
-2032	4901
-2035	4897
-2038	4892
-2042	4889
-2045	4885
-2048	4880
-2052	4877
-2056	4874
-2061	4873
-2065	4870
-2068	4866
-2071	4861
-2075	4858
-2078	4854
-2083	4853
-2087	4850
-2091	4846
-2094	4843
-2098	4840
-2102	4837
-2106	4833
-2110	4831
-2114	4828
-2116	4823
-2120	4819
-2123	4816
-2127	4812
-2131	4809
-2135	4807
-2139	4804
-2143	4801
-2147	4798
-2152	4797
-2155	4792
-2158	4788
-2161	4783
-2164	4779
-2168	4776
-2173	4775
-2178	4773
-2181	4769
-2185	4766
-2190	4766
-2194	4763
-2198	4759
-2201	4756
-2206	4754
-2212	4753
-2218	4754
-2221	4750
-2225	4746
-2229	4744
-2233	4741
-2237	4738
-2242	4737
-2244	4731
-2245	4725
-2250	4722
-2255	4720
-2259	4718
-2262	4714
-2265	4709
-2267	4705
-2271	4701
-2273	4696
-2275	4691
-2278	4686
-2282	4684
-2286	4681
-2290	4678
-2294	4675
-2298	4671
-2300	4667
-2304	4664
-2310	4664
-2316	4663
-2320	4661
-2323	4656
-2325	4652
-2329	4649
-2334	4647
-2339	4645
-2342	4641
-2345	4637
-2349	4634
-2351	4629
-2353	4624
-2356	4619
-2359	4616
-2363	4613
-2365	4607
-2366	4600
-2368	4596
-2373	4594
-2378	4593
-2381	4588
-2384	4584
-2389	4582
-2394	4581
-2401	4581
-2405	4579
-2408	4575
-2411	4571
-2413	4566
-2416	4561
-2420	4559
-2423	4554
-2426	4551
-2430	4547
-2433	4544
-2436	4540
-2439	4536
-2442	4532
-2445	4528
-2447	4523
-2451	4520
-2456	4519
-2461	4517
-2466	4515
-2470	4512
-2474	4509
-2477	4506
-2481	4503
-2484	4499
-2488	4496
-2491	4493
-2494	4489
-2497	4485
-2502	4482
-2507	4481
-2512	4479
-2515	4476
-2519	4472
-2521	4468
-2525	4465
-2529	4462
-2532	4458
-2534	4453
-2536	4448
-2541	4445
-2545	4443
-2549	4440
-2553	4438
-2555	4432
-2557	4428
-2561	4424
-2564	4420
-2565	4415
-2568	4410
-2569	4405
-2571	4400
-2575	4397
-2580	4395
-2584	4392
-2589	4390
-2594	4389
-2598	4386
-2602	4383
-2606	4380
-2609	4376
-2611	4371
-2614	4367
-2616	4362
-2619	4358
-2621	4353
-2623	4349
-2626	4345
-2629	4341
-2632	4337
-2635	4333
-2637	4329
-2640	4325
-2642	4319
-2644	4315
-2648	4313
-2653	4310
-2657	4307
-2655	4299
-2656	4293
-2660	4290
-2665	4289
-2669	4285
-2670	4280
-2671	4274
-2673	4269
-2675	4265
-2679	4261
-2681	4257
-2685	4254
-2687	4249
-2689	4244
-2691	4240
-2695	4236
-2699	4234
-2701	4229
-2703	4225
-2707	4221
-2708	4216
-2711	4212
-2714	4208
-2717	4205
-2721	4202
-2723	4198
-2726	4193
-2725	4186
-2728	4182
-2732	4179
-2735	4175
-2737	4171
-2740	4167
-2742	4163
-2746	4159
-2747	4154
-2749	4150
-2752	4145
-2756	4142
-2758	4138
-2758	4131
-2759	4126
-2763	4123
-2763	4117
-2764	4112
-2768	4109
-2773	4107
-2774	4101
-2778	4098
-2780	4094
-2782	4089
-2784	4084
-2786	4080
-2788	4076
-2788	4069
-2790	4065
-2793	4061
-2796	4058
-2799	4054
-2800	4049
-2800	4042
-2801	4037
-2803	4033
-2807	4029
-2808	4024
-2810	4019
-2812	4015
-2816	4012
-2818	4008
-2819	4002
-2822	3999
-2826	3996
-2826	3989
-2828	3985
-2831	3982
-2830	3975
-2829	3968
-2831	3963
-2834	3960
-2838	3957
-2841	3953
-2844	3950
-2845	3945
-2848	3941
-2851	3938
-2854	3934
-2856	3929
-2856	3924
-2858	3919
-2861	3915
-2863	3911
-2864	3906
-2864	3900
-2864	3894
-2864	3888
-2866	3883
-2868	3879
-2870	3875
-2873	3871
-2874	3866
-2875	3861
-2877	3857
-2878	3852
-2879	3846
-2879	3841
-2880	3835
-2881	3830
-2881	3825
-2883	3820
-2886	3817
-2889	3813
-2890	3808
-2888	3801
-2889	3796
-2891	3792
-2893	3787
-2896	3784
-2898	3779
-2900	3775
-2902	3771
-2899	3763
-2900	3758
-2904	3755
-2906	3751
-2907	3746
-2909	3742
-2911	3738
-2914	3734
-2916	3730
-2918	3725
-2919	3720
-2917	3714
-2917	3708
-2918	3703
-2921	3700
-2929	3699
-2931	3696
-2932	3691
-2931	3684
-2935	3681
-2937	3677
-2941	3675
-2945	3671
-2942	3664
-2947	3662
-2950	3658
-2949	3652
-2948	3646
-2949	3641
-2947	3634
-2948	3629
-2951	3626
-2952	3621
-2951	3615
-2952	3610
-2951	3604
-2954	3600
-2956	3597
-2958	3592
-2961	3589
-2962	3584
-2964	3580
-2962	3573
-2964	3569
-2965	3565
-2960	3555
-2959	3550
-2957	3543
-2959	3539
-2959	3534
-2957	3527
-2956	3521
-2958	3517
-2963	3515
-2965	3511
-2964	3505
-2965	3500
-2967	3496
-2969	3492
-2970	3488
-2966	3480
-2968	3475
-2969	3471
-2970	3466
-2971	3462
-2974	3459
-2976	3454
-2976	3449
-2977	3445
-2975	3438
-2976	3433
-2976	3429
-2977	3424
-2976	3418
-2978	3414
-2978	3409
-2981	3405
-2979	3399
-2979	3394
-2978	3388
-2976	3382
-2979	3379
-2982	3375
-2983	3371
-2986	3368
-2989	3364
-2988	3359
-2989	3354
-2992	3350
-2996	3348
-2995	3342
-2995	3337
-2993	3331
-2996	3327
-2997	3323
-2994	3316
-2993	3311
-2996	3308
-3001	3305
-3003	3301
-3004	3297
-3007	3294
-3011	3291
-3013	3287
-3013	3282
-3011	3275
-3012	3271
-3011	3266
-3010	3260
-3013	3257
-3012	3251
-3010	3245
-3010	3240
-3010	3235
-3011	3231
-3010	3225
-3009	3220
-3011	3216
-3011	3211
-3010	3206
-3010	3201
-3009	3195
-3009	3191
-3009	3186
-3008	3181
-3008	3176
-3010	3172
-3011	3167
-3013	3163
-3013	3159
-3012	3153
-3013	3149
-3014	3145
-3015	3140
-3016	3136
-3013	3130
-3010	3124
-3009	3118
-3011	3115
-3012	3110
-3012	3106
-3011	3100
-3013	3097
-3019	3094
-3020	3091
-3019	3085
-3016	3079
-3018	3075
-3021	3072
-3023	3068
-3021	3063
-3023	3059
-3023	3054
-3022	3049
-3023	3045
-3024	3040
-3023	3035
-3023	3030
-3024	3026
-3023	3021
-3022	3016
-3020	3010
-3019	3005
-3019	3001
-3019	2996
-3020	2992
-3021	2988
-3021	2983
-3021	2978
-3021	2974
-3019	2968
-3020	2964
-3021	2960
-3022	2956
-3022	2951
-3023	2947
-3024	2943
-3026	2939
-3028	2935
-3028	2931
-3026	2926
-3026	2921
-3025	2916
-3026	2912
-3026	2907
-3026	2903
-3025	2898
-3025	2893
-3024	2889
-3025	2884
-3024	2879
-3024	2875
-3020	2869
-3018	2864
-3019	2859
-3020	2855
-3021	2851
-3020	2846
-3018	2841
-3016	2836
-3015	2831
-3016	2827
-3015	2822
-3015	2818
-3014	2813
-3013	2808
-3011	2803
-3010	2798
-3013	2795
-3013	2790
-3011	2785
-3011	2781
-3011	2776
-3013	2773
-3012	2768
-3012	2763
-3010	2759
-3009	2754
-3008	2749
-3008	2745
-3008	2740
-3009	2736
-3008	2732
-3007	2727
-3004	2722
-3002	2716
-3000	2711
-2999	2707
-2999	2703
-3000	2698
-2999	2694
-2999	2689
-2999	2685
-2999	2681
-2998	2676
-2996	2672
-2994	2666
-2993	2662
-2993	2657
-2992	2653
-2991	2649
-2991	2644
-2990	2640
-2989	2635
-2988	2630
-2986	2626
-2984	2621
-2983	2616
-2984	2612
-2984	2608
-2984	2604
-2983	2599
-2982	2595
-2983	2591
-2982	2586
-2982	2582
-2982	2578
-2981	2573
-2979	2569
-2977	2564
-2975	2559
-2972	2554
-2970	2550
-2968	2545
-2965	2540
-2964	2535
-2964	2531
-2964	2527
-2964	2523
-2965	2519
-2965	2515
-2964	2511
-2963	2506
-2962	2502
-2960	2497
-2960	2493
-2961	2489
-2962	2485
-2960	2481
-2958	2476
-2956	2472
-2955	2467
-2955	2463
-2957	2460
-2956	2455
-2953	2451
-2952	2446
-2952	2442
-2952	2438
-2950	2433
-2948	2429
-2947	2425
-2948	2421
-2946	2416
-2946	2412
-2945	2408
-2945	2404
-2943	2399
-2942	2395
-2943	2391
-2943	2387
-2939	2382
-2938	2378
-2937	2374
-2937	2370
-2937	2366
-2936	2362
-2935	2358
-2934	2354
-2935	2350
-2934	2346
-2933	2341
-2933	2337
-2933	2333
-2933	2329
-2932	2325
-2928	2320
-2927	2316
-2926	2312
-2924	2308
-2924	2304
-2923	2300
-2922	2296
-2921	2291
-2919	2287
-2919	2283
-2921	2280
-2920	2276
-2919	2272
-2919	2268
-2919	2264
-2915	2259
-2920	2256
-2926	2254
-2925	2249
-2921	2245
-2924	2241
-2924	2238
-2915	2232
-2919	2229
-2916	2224
-2916	2220
-2912	2216
-2910	2212
-2911	2208
-2908	2204
-2908	2200
-2907	2196
-2907	2192
-2905	2188
-2903	2183
-2903	2180
-2900	2175
-2899	2171
-2897	2167
-2896	2163
-2896	2159
-2894	2155
-2892	2151
-2890	2147
-2889	2143
-2889	2139
-2889	2135
-2885	2131
-2885	2127
-2888	2124
-2888	2120
-2887	2116
-2883	2112
-2882	2108
-2883	2104
-2884	2101
-2883	2097
-2880	2092
-2883	2089
-2883	2085
-2883	2082
-2881	2078
-2879	2073
-2878	2070
-2878	2066
-2876	2062
-2876	2058
-2875	2054
-2870	2050
-2873	2046
-2873	2043
-2870	2039
-2869	2035
-2868	2031
-2868	2027
-2867	2023
-2866	2019
-2865	2016
-2865	2012
-2864	2008
-2864	2004
-2864	2001
-2860	1996
-2857	1992
-2857	1989
-2858	1985
-2857	1981
-2856	1978
-2855	1974
-2854	1970
-2849	1966
-2849	1962
-2848	1958
-2847	1954
-2847	1951
-2846	1947
-2845	1943
-2843	1939
-2841	1936
-2840	1932
-2840	1928
-2839	1924
-2838	1921
-2838	1917
-2838	1913
-2835	1909
-2835	1906
-2836	1902
-2837	1899
-2835	1895
-2832	1891
-2830	1887
-2832	1884
-2831	1880
-2830	1876
-2830	1873
-2830	1869
-2829	1865
-2828	1861
-2826	1858
-2826	1854
-2826	1850
-2825	1847
-2823	1843
-2822	1839
-2822	1836
-2821	1832
-2820	1828
-2820	1825
-2820	1821
-2819	1817
-2818	1814
-2816	1810
-2816	1806
-2816	1803
-2817	1799
-2815	1796
-2812	1792
-2811	1788
-2811	1785
-2810	1781
-2809	1777
-2808	1774
-2809	1770
-2809	1767
-2807	1763
-2806	1759
-2805	1756
-2805	1752
-2804	1748
-2802	1745
-2800	1741
-2799	1738
-2800	1734
-2798	1730
-2796	1727
-2795	1723
-2795	1720
-2795	1716
-2794	1712
-2793	1709
-2793	1705
-2793	1702
-2793	1698
-2792	1695
-2791	1691
-2790	1687
-2789	1684
-2787	1680
-2785	1677
-2785	1673
-2785	1670
-2784	1666
-2783	1662
-2782	1659
-2781	1655
-2781	1652
-2780	1648
-2780	1645
-2779	1641
-2779	1638
-2779	1634
-2778	1630
-2776	1627
-2776	1623
-2776	1620
-2775	1616
-2774	1613
-2773	1609
-2772	1606
-2771	1602
-2766	1599
-2771	1595
-2771	1592
-2768	1588
-2767	1585
-2763	1581
-2763	1578
-2763	1574
-2763	1571
-2763	1567
-2762	1564
-2760	1560
-2759	1557
-2758	1553
-2757	1550
-2757	1546
-2755	1543
-2752	1539
-2751	1536
-2751	1532
-2751	1529
-2752	1525
-2751	1522
-2749	1518
-2749	1515
-2748	1511
-2745	1508
-2745	1504
-2745	1501
-2745	1497
-2743	1494
-2741	1491
-2741	1487
-2741	1484
-2740	1480
-2737	1477
-2737	1473
-2736	1470
-2735	1466
-2736	1463
-2736	1459
-2736	1456
-2734	1452
-2733	1449
-2731	1446
-2729	1442
-2729	1439
-2728	1435
-2726	1432
-2725	1429
-2725	1425
-2724	1422
-2724	1418
-2723	1415
-2722	1411
-2722	1408
-2721	1404
-2719	1401
-2719	1398
-2719	1394
-2717	1391
-2715	1388
-2715	1384
-2714	1381
-2714	1377
-2712	1374
-2710	1371
-2707	1367
-2704	1364
-2704	1361
-2703	1357
-2704	1354
-2704	1350
-2703	1347
-2704	1343
-2703	1340
-2702	1336
-2701	1333
-2700	1330
-2698	1326
-2696	1323
-2695	1320
-2695	1316
-2693	1313
-2691	1310
-2689	1306
-2689	1303
-2689	1299
-2690	1296
-2690	1292
-2689	1289
-2686	1286
-2686	1282
-2684	1279
-2684	1276
-2682	1272
-2682	1269
-2681	1266
-2681	1262
-2678	1259
-2678	1256
-2677	1252
-2675	1249
-2674	1246
-2672	1242
-2671	1239
-2669	1236
-2668	1233
-2667	1229
-2667	1226
-2667	1222
-2663	1219
-2662	1216
-2661	1213
-2662	1209
-2660	1206
-2659	1203
-2659	1199
-2658	1196
-2656	1193
-2655	1189
-2655	1186
-2655	1182
-2652	1179
-2651	1176
-2651	1173
-2649	1169
-2648	1166
-2647	1163
-2646	1159
-2645	1156
-2645	1153
-2643	1150
-2641	1146
-2640	1143
-2640	1140
-2637	1137
-2635	1133
-2635	1130
-2634	1127
-2634	1123
-2633	1120
-2632	1117
-2631	1113
-2630	1110
-2629	1107
-2628	1103
-2626	1100
-2625	1097
-2625	1094
-2625	1090
-2624	1087
-2622	1084
-2621	1080
-2622	1077
-2620	1073
-2618	1070
-2616	1067
-2615	1064
-2614	1061
-2612	1058
-2611	1054
-2610	1051
-2609	1048
-2609	1044
-2607	1041
-2606	1038
-2604	1035
-2604	1031
-2603	1028
-2602	1025
-2600	1022
-2599	1019
-2598	1015
-2597	1012
-2596	1009
-2594	1006
-2595	1002
-2593	999
-2592	996
-2591	992
-2589	989
-2589	986
-2588	982
-2588	979
-2587	975
-2588	972
-2585	969
-2584	966
-2583	963
-2582	959
-2581	956
-2581	952
-2580	949
-2577	946
-2575	943
-2575	940
-2575	936
-2573	933
-2571	930
-2570	927
-2569	924
-2570	920
-2568	917
-2568	913
-2566	910
-2565	907
-2564	904
-2562	901
-2562	897
-2562	894
-2561	890
-2561	887
-2560	883
-2558	880
-2556	878
-2553	875
-2553	871
-2554	867
-2552	864
-2552	861
-2550	858
-2549	854
-2547	851
-2546	848
-2546	845
-2546	841
-2546	838
-2544	835
-2542	831
-2539	829
-2537	826
-2537	822
-2537	819
-2537	815
-2537	812
-2536	808
-2532	806
-2531	803
-2530	799
-2530	796
-2528	793
-2526	790
-2526	786
-2527	782
-2526	779
-2524	776
-2520	774
-2519	771
-2518	767
-2518	764
-2519	760
-2517	757
-2515	754
-2514	750
-2511	748
-2510	745
-2508	742
-2507	739
-2505	735
-2504	732
-2502	729
-2501	726
-2501	722
-2500	719
-2499	716
-2498	712
-2497	709
-2497	706
-2496	702
-2494	699
-2493	696
-2491	693
-2489	690
-2489	686
-2489	683
-2487	680
-2486	677
-2484	674
-2483	671
-2482	667
-2482	664
-2480	660
-2478	658
-2476	655
-2475	651
-2476	647
-2475	644
-2474	641
-2472	638
-2470	635
-2470	631
-2469	628
-2468	624
-2469	620
-2466	618
-2466	614
-2464	611
-2462	608
-2462	605
-2460	602
-2459	598
-2458	595
-2456	592
-2455	589
-2454	586
-2453	582
-2452	579
-2453	574
-2452	571
-2450	568
-2450	565
-2449	561
-2449	558
-2446	555
-2443	553
-2441	550
-2440	546
-2440	542
-2440	539
-2438	536
-2436	533
-2434	530
-2433	527
-2434	522
-2433	519
-2431	516
-2430	513
-2428	510
-2427	507
-2426	503
-2423	501
-2421	498
-2420	495
-2421	491
-2419	488
-2418	484
-2417	481
-2415	478
-2415	474
-2415	470
-2414	467
-2412	464
-2411	461
-2409	458
-2409	454
-2409	450
-2408	446
-2406	443
-2405	440
-2402	438
-2400	435
-2399	432
-2399	428
-2402	422
-2401	419
-2398	416
-2398	413
-2396	410
-2394	406
-2394	403
-2391	400
-2388	398
-2386	395
-2384	392
-2383	389
-2382	386
-2380	383
-2378	380
-2377	377
-2374	374
-2372	371
-2372	367
-2371	363
-2370	360
-2369	357
-2368	353
-2367	350
-2365	347
-2364	344
-2362	341
-2360	338
-2357	335
-2357	332
-2357	328
-2355	325
-2353	322
-2353	318
-2352	314
-2350	311
-2349	308
-2349	304
-2348	300
-2347	297
-2345	294
-2343	291
-2341	288
-2341	284
-2339	281
-2338	278
-2336	275
-2335	271
-2334	268
-2332	265
-2331	261
-2329	258
-2328	255
-2327	251
-2327	247
-2325	244
-2322	242
-2319	240
-2319	236
-2320	231
-2319	227
-2317	225
-2315	222
-2313	219
-2312	216
-2310	213
-2308	210
-2307	206
-2306	203
-2306	198
-2305	195
-2303	192
-2300	189
-2298	186
-2298	182
-2298	178
-2297	175
-2295	172
-2294	169
-2292	166
-2290	163
-2287	160
-2286	156
-2286	152
-2285	149
-2284	145
-2282	142
-2280	139
-2276	138
-2272	136
-2266	136
-2263	134
-2259	133
-2256	130
-2251	130
-2248	127
-2242	127
-2239	125
-2239	121
-2233	121
-2228	120
-2224	118
-2219	118
-2219	114
-2212	114
-2206	115
-2203	113
-2200	110
-2195	109
-2191	108
-2187	107
-2184	105
-2182	102
-2179	100
-2177	98
-2175	95
-2172	92
-2172	88
-2172	83
-2173	79
-2170	76
-2168	73
-2167	70
-2166	67
-2164	63
-2163	60
-2163	56
-2161	53
-2159	50
-2157	47
-2156	44
-2154	40
-2154	36
-2152	33
-2150	30
-2150	26
-2149	22
-2146	20
-2144	18
-2143	14
-2143	10
-2143	5
-2141	2
-2140	-2
-2138	-4
-2135	-7
-2134	-10
-2133	-14
-2130	-17
-2130	-21
-2130	-25
-2130	-30
-2128	-33
-2125	-35
-2125	-39
-2123	-42
-2122	-46
-2120	-49
-2119	-52
-2118	-56
-2118	-61
-2116	-64
-2114	-67
-2112	-70
-2109	-72
-2108	-76
-2107	-80
-2109	-86
-2107	-89
-2106	-92
-2103	-95
-2102	-98
-2099	-101
-2096	-103
-2096	-108
-2095	-112
-2095	-116
-2091	-118
-2090	-121
-2091	-127
-2088	-129
-2086	-132
-2088	-139
-2086	-142
-2084	-145
-2083	-148
-2080	-150
-2076	-152
-2073	-153
-2068	-154
-2063	-154
-2059	-156
-2053	-154
-2044	-151
-2039	-151
-2037	-154
-2031	-154
-2027	-155
-2027	-159
-2015	-153
-2007	-150
-2003	-151
-1999	-152
-1995	-153
-1992	-156
-1991	-159
-1983	-156
-1978	-156
-1975	-158
-1969	-157
-1962	-156
-1961	-159
-1960	-163
-1959	-167
-1953	-166
-1943	-161
-1937	-160
-1935	-162
-1933	-166
-1929	-167
-1926	-168
-1921	-168
-1913	-165
-1908	-165
-1905	-167
-1901	-168
-1897	-168
-1893	-169
-1888	-169
-1882	-167
-1876	-167
-1872	-167
-1868	-168
-1862	-167
-1857	-166
-1853	-167
-1844	-163
-1838	-162
-1835	-163
-1834	-166
-1834	-172
-1828	-170
-1823	-170
-1819	-171
-1815	-171
-1810	-171
-1804	-169
-1801	-170
-1789	-163
-1781	-159
-1776	-159
-1774	-162
-1769	-160
-1764	-160
-1759	-160
-1755	-160
-1753	-163
-1751	-165
-1748	-167
-1742	-166
-1738	-166
-1735	-168
-1733	-170
-1721	-161
-1711	-156
-1705	-153
-1699	-151
-1694	-151
-1691	-152
-1689	-154
-1686	-157
-1683	-157
-1680	-159
-1680	-164
-1679	-168
-1674	-167
-1664	-160
-1656	-155
-1651	-155
-1648	-157
-1645	-158
-1641	-158
-1637	-158
-1634	-160
-1632	-162
-1631	-165
-1631	-170
-1632	-177
-1614	-160
-1603	-152
-1598	-151
-1594	-151
-1591	-153
-1588	-154
-1585	-155
-1581	-155
-1578	-157
-1579	-162
-1577	-165
-1574	-167
-1569	-165
-1565	-165
-1563	-168
-1558	-167
-1555	-168
-1554	-171
-1551	-172
-1547	-173
-1542	-172
-1538	-170
-1535	-172
-1531	-172
-1525	-170
-1517	-165
-1509	-160
-1506	-160
-1503	-161
-1495	-157
-1492	-157
-1485	-153
-1478	-150
-1473	-147
-1469	-147
-1466	-148
-1463	-149
-1460	-150
-1457	-151
-1454	-153
-1452	-155
-1449	-156
-1445	-155
-1439	-153
-1432	-148
-1430	-150
-1429	-154
-1428	-159
-1424	-158
-1421	-158
-1415	-155
-1416	-162
-1413	-163
-1407	-160
-1405	-162
-1402	-163
-1399	-164
-1396	-165
-1392	-165
-1390	-167
-1388	-169
-1385	-169
-1379	-166
-1376	-167
-1374	-170
-1372	-172
-1366	-169
-1363	-169
-1359	-169
-1357	-171
-1354	-172
-1348	-169
-1342	-166
-1337	-164
-1334	-164
-1331	-165
-1329	-168
-1328	-170
-1324	-170
-1319	-169
-1315	-168
-1312	-169
-1308	-168
-1305	-168
-1302	-169
-1300	-171
-1293	-167
-1292	-169
-1289	-170
-1286	-171
-1283	-172
-1280	-172
-1274	-169
-1269	-166
-1264	-164
-1260	-163
-1257	-164
-1255	-166
-1256	-172
-1254	-175
-1251	-176
-1246	-173
-1237	-165
-1235	-167
-1232	-168
-1229	-168
-1228	-171
-1227	-176
-1220	-170
-1218	-172
-1217	-176
-1213	-175
-1210	-176
-1204	-171
-1201	-171
-1199	-174
-1196	-174
-1192	-174
-1190	-175
-1186	-175
-1183	-175
-1181	-177
-1178	-178
-1174	-177
-1170	-176
-1167	-176
-1163	-174
-1160	-175
-1157	-176
-1155	-177
-1151	-176
-1148	-176
-1144	-175
-1141	-176
-1138	-176
-1132	-172
-1129	-172
-1127	-174
-1124	-174
-1120	-173
-1113	-167
-1109	-165
-1108	-168
-1106	-171
-1103	-172
-1099	-171
-1095	-169
-1090	-165
-1085	-162
-1086	-170
-1086	-175
-1082	-173
-1077	-170
-1074	-171
-1072	-173
-1070	-174
-1067	-175
-1064	-175
-1059	-171
-1056	-172
-1052	-171
-1050	-173
-1049	-177
-1047	-180
-1044	-179
-1040	-178
-1037	-177
-1034	-177
-1030	-175
-1024	-169
-1022	-172
-1019	-173
-1016	-173
-1014	-175
-1013	-178
-1010	-179
-1007	-178
-1004	-179
-1001	-180
-999	-182
-997	-183
-989	-174
-984	-170
-981	-169
-977	-168
-974	-169
-972	-169
-969	-169
-965	-168
-961	-166
-958	-165
-955	-166
-950	-161
-935	-136
-931	-133
-927	-132
-925	-133
-925	-139
-937	-171
-925	-151
-924	-155
-922	-157
-919	-158
-917	-160
-915	-162
-915	-168
-915	-174
-913	-177
-910	-178
-907	-177
-904	-177
-899	-172
-893	-166
-891	-168
-889	-168
-884	-165
-880	-163
-877	-162
-875	-164
-874	-169
-870	-164
-865	-161
-868	-174
-782	0
-778	3
-776	3
-773	3
-771	2
-768	3
-765	3
-763	2
-760	3
-757	4
-755	4
-752	4
-750	3
-747	3
-744	4
-742	3
-739	3
-737	3
-735	1
-736	-7
-736	-14
-734	-16
-730	-10
-725	-5
-722	-5
-721	-8
-720	-13
-720	-17
-719	-23
-748	-127
-748	-132
-747	-138
-745	-140
-743	-141
-740	-142
-738	-143
-736	-144
-733	-145
-731	-146
-728	-147
-726	-146
-723	-147
-721	-148
-719	-149
-716	-150
-714	-152
-712	-153
-709	-152
-706	-151
-702	-148
-698	-144
-695	-143
-692	-143
-690	-143
-687	-144
-685	-145
-683	-146
-681	-148
-680	-154
-679	-160
-676	-157
-673	-156
-669	-154
-667	-154
-664	-154
-661	-153
-658	-152
-655	-151
-652	-149
-649	-148
-646	-148
-644	-148
-641	-150
-639	-151
-638	-155
-636	-158
-634	-159
-631	-159
-628	-158
-624	-154
-620	-149
-616	-145
-613	-143
-610	-143
-608	-143
-606	-145
-604	-147
-603	-151
-603	-160
-603	-171
-598	-164
-603	-188
-600	-188
-581	-131
-579	-131
-577	-133
-574	-134
-573	-137
-571	-140
-570	-145
-568	-149
-567	-154
-565	-156
-562	-156
-560	-157
-558	-160
-556	-162
-555	-166
-553	-170
-552	-175
-550	-178
-548	-181
-546	-183
-544	-184
-541	-185
-539	-184
-536	-184
-534	-184
-531	-184
-528	-184
-526	-184
-523	-182
-520	-181
-517	-179
-514	-178
-511	-178
-509	-177
-506	-177
-503	-175
-500	-175
-498	-175
-495	-174
-492	-174
-490	-174
-488	-176
-487	-182
-484	-182
-482	-183
-479	-184
-477	-185
-474	-183
-471	-182
-469	-184
-467	-185
-463	-181
-460	-176
-457	-174
-454	-172
-451	-171
-448	-168
-446	-171
-444	-174
-442	-179
-439	-175
-437	-175
-434	-175
-432	-175
-429	-175
-427	-176
-424	-177
-422	-178
-419	-177
-417	-178
-415	-181
-413	-181
-411	-184
-409	-187
-406	-187
-403	-186
-400	-182
-396	-173
-393	-171
-391	-171
-388	-171
-386	-171
-383	-171
-381	-172
-378	-172
-376	-175
-375	-180
-373	-184
-370	-184
-368	-182
-365	-185
-363	-186
-361	-186
-358	-187
-356	-185
-353	-185
-350	-185
-348	-185
-345	-185
-343	-185
-341	-185
-337	-181
-335	-182
-333	-185
-331	-186
-328	-186
-326	-186
-323	-186
-321	-186
-318	-185
-315	-182
-312	-177
-309	-177
-307	-177
-305	-177
-302	-179
-300	-180
-298	-184
-296	-185
-293	-185
-291	-186
-289	-187
-286	-186
-283	-185
-281	-185
-278	-184
-276	-185
-273	-185
-271	-185
-268	-185
-266	-185
-263	-184
-261	-184
-259	-185
-256	-185
-254	-184
-251	-184
-249	-186
-246	-186
-244	-185
-241	-184
-239	-184
-236	-185
-234	-186
-231	-185
-229	-185
-227	-185
-224	-185
-222	-184
-219	-184
-217	-184
-214	-183
-212	-183
-209	-183
-207	-183
-204	-185
-202	-186
-199	-184
-197	-183
-194	-182
-192	-183
-190	-185
-187	-185
-185	-185
-182	-185
-180	-184
-177	-184
-175	-184
-172	-185
-170	-185
-168	-185
-165	-186
-163	-185
-160	-185
-158	-184
-155	-184
-153	-183
-150	-185
-148	-186
-146	-186
-143	-185
-141	-185
-138	-185
-136	-185
-133	-185
-131	-184
-128	-185
-126	-186
-124	-187
-121	-187
-119	-187
-116	-187
-114	-186
-111	-186
-109	-186
-106	-186
-104	-186
-102	-185
-99	-186
-97	-187
-94	-187
-92	-187
-89	-186
-87	-186
-84	-187
-82	-185
-77	-186
-75	-186
-72	-185
-70	-185
-67	-186
-65	-185
-62	-185
-60	-185
-58	-185
-55	-185
-53	-186
-50	-186
-48	-186
-45	-186
-43	-186
-40	-185
-38	-183
-36	-183
-33	-182
-31	-183
-28	-184
-26	-185
-23	-184
-21	-184
-18	-184
-16	-183
-14	-181
-11	-180
-9	-180
-6	-181
-4	-181
-1	-182
1	-187
4	-186
6	-186
8	-185
11	-184
13	-186
16	-187
18	-187
21	-186
23	-186
26	-186
28	-186
30	-186
33	-185
35	-185
38	-186
40	-186
43	-185
45	-186
48	-187
50	-186
53	-186
55	-185
57	-185
60	-185
62	-185
65	-185
67	-185
70	-185
72	-185
75	-186
77	-186
80	-185
82	-185
84	-185
87	-185
89	-186
92	-187
94	-187
97	-186
99	-185
102	-185
104	-185
107	-186
109	-185
111	-185
114	-185
116	-183
119	-184
121	-184
124	-184
126	-183
129	-185
131	-185
134	-186
136	-185
139	-186
141	-186
144	-185
146	-185
149	-186
151	-186
154	-185
156	-185
159	-186
161	-186
163	-185
166	-185
168	-185
171	-185
173	-185
176	-185
178	-185
181	-186
183	-186
186	-186
188	-185
191	-185
193	-185
196	-188
199	-188
201	-186
203	-186
206	-185
208	-185
211	-185
213	-186
216	-185
218	-185
221	-186
223	-186
226	-186
228	-186
231	-187
233	-186
236	-186
238	-186
240	-183
243	-182
245	-181
247	-178
249	-176
251	-173
254	-173
256	-175
259	-176
263	-186
266	-186
268	-186
271	-185
273	-184
276	-183
278	-184
281	-184
284	-186
286	-186
289	-186
291	-186
293	-184
296	-184
298	-183
301	-186
304	-185
306	-186
309	-185
311	-185
314	-185
317	-186
319	-186
322	-187
324	-186
326	-185
329	-184
332	-185
334	-184
337	-185
339	-184
342	-185
345	-187
347	-185
349	-184
352	-185
355	-185
357	-183
359	-182
361	-179
363	-178
366	-177
368	-177
371	-178
374	-178
377	-180
379	-181
383	-183
386	-185
388	-185
391	-185
393	-185
396	-184
399	-186
401	-185
404	-184
406	-184
409	-184
411	-184
413	-179
415	-179
417	-178
420	-178
423	-177
425	-178
428	-177
430	-177
433	-179
436	-179
439	-179
441	-180
444	-180
447	-180
450	-182
452	-180
454	-178
457	-178
459	-178
462	-178
465	-178
467	-179
470	-179
473	-180
476	-180
479	-183
482	-182
484	-181
487	-181
489	-181
489	-172
492	-172
494	-172
497	-173
500	-174
503	-175
507	-178
510	-179
513	-181
517	-184
520	-185
522	-183
524	-182
527	-183
530	-184
533	-185
536	-184
539	-186
541	-184
543	-183
546	-182
548	-181
550	-178
552	-177
554	-173
555	-170
558	-170
561	-171
564	-172
567	-172
570	-173
573	-174
576	-175
579	-176
582	-176
584	-175
587	-174
589	-175
592	-176
595	-176
598	-175
600	-175
603	-175
606	-174
608	-173
611	-173
614	-174
617	-174
619	-173
621	-172
623	-169
624	-165
625	-160
626	-156
627	-151
629	-148
632	-148
634	-148
637	-148
639	-146
641	-145
644	-144
647	-145
650	-146
653	-146
656	-147
665	-162
668	-163
670	-160
672	-159
671	-151
676	-156
680	-158
682	-158
684	-154
686	-153
689	-153
692	-154
695	-154
697	-153
700	-152
702	-151
705	-150
707	-149
710	-149
712	-148
714	-146
717	-147
719	-145
722	-144
725	-144
727	-143
730	-143
732	-141
734	-140
737	-139
739	-138
741	-136
742	-132
742	-127
743	-122
744	-118
745	-113
746	-110
746	-103
716	-20
716	-13
717	-10
718	-6
720	-4
721	-0
722	2
724	4
726	5
729	4
732	4
735	4
737	5
740	5
743	4
746	3
749	2
751	3
754	4
757	3
761	0
772	-5
771	3
773	4
775	5
778	5
845	-106
849	-107
851	-106
853	-104
857	-105
860	-106
863	-106
866	-106
870	-108
889	-139
891	-137
893	-135
896	-134
899	-135
909	-147
920	-162
929	-174
935	-178
938	-179
940	-177
943	-177
947	-177
951	-179
954	-178
956	-178
961	-180
966	-183
970	-184
972	-183
974	-181
977	-180
979	-179
981	-176
983	-174
986	-173
988	-171
991	-172
995	-172
999	-173
1002	-174
1005	-173
1009	-174
1012	-175
1016	-175
1019	-175
1024	-177
1028	-179
1032	-180
1035	-180
1037	-177
1040	-176
1043	-177
1046	-176
1050	-177
1053	-177
1057	-178
1061	-179
1063	-177
1065	-175
1068	-173
1073	-177
1077	-177
1080	-177
1082	-176
1085	-175
1089	-176
1092	-175
1095	-174
1099	-175
1103	-177
1107	-178
1109	-176
1111	-173
1113	-171
1116	-170
1119	-170
1119	-165
1122	-164
1125	-163
1123	-155
1123	-149
1124	-146
1127	-144
1127	-140
1127	-134
1127	-130
1129	-126
1130	-124
1134	-125
1138	-126
1144	-129
1148	-130
1152	-130
1155	-130
1157	-128
1159	-126
1163	-126
1167	-128
1171	-129
1175	-129
1180	-131
1185	-134
1191	-137
1195	-137
1198	-137
1202	-137
1205	-137
1210	-139
1217	-144
1225	-150
1238	-164
1252	-179
1255	-178
1259	-178
1262	-177
1265	-176
1270	-177
1274	-179
1279	-180
1285	-183
1292	-187
1295	-187
1300	-188
1303	-187
1306	-187
1309	-186
1312	-185
1315	-184
1318	-183
1322	-183
1327	-185
1334	-189
1336	-186
1340	-186
1338	-178
1340	-176
1341	-172
1343	-170
1346	-169
1351	-170
1355	-170
1358	-169
1361	-169
1364	-167
1366	-165
1369	-163
1374	-165
1382	-171
1390	-176
1393	-174
1396	-174
1401	-175
1405	-175
1410	-177
1413	-175
1415	-173
1418	-171
1420	-169
1422	-167
1425	-166
1428	-165
1433	-165
1436	-164
1441	-166
1441	-160
1448	-164
1456	-169
1461	-169
1464	-168
1468	-168
1474	-171
1477	-169
1478	-166
1480	-163
1481	-160
1482	-156
1484	-153
1485	-149
1488	-148
1494	-150
1500	-153
1505	-154
1508	-152
1511	-151
1514	-150
1518	-150
1522	-149
1526	-148
1529	-148
1534	-149
1545	-156
1559	-167
1562	-166
1565	-164
1569	-164
1569	-159
1569	-154
1572	-153
1575	-151
1577	-149
1580	-147
1584	-146
1589	-147
1593	-147
1596	-146
1600	-145
1605	-146
1610	-147
1615	-148
1622	-150
1636	-160
1645	-165
1647	-163
1649	-160
1655	-161
1662	-164
1663	-160
1664	-157
1665	-153
1666	-149
1668	-147
1674	-148
1686	-156
1689	-154
1691	-152
1695	-151
1699	-151
1703	-150
1706	-148
1710	-147
1714	-146
1718	-146
1724	-148
1731	-149
1738	-152
1746	-155
1756	-160
1760	-160
1762	-158
1765	-155
1767	-152
1768	-149
1773	-149
1779	-150
1790	-156
1801	-162
1805	-162
1810	-161
1814	-161
1819	-161
1820	-157
1821	-153
1820	-148
1821	-144
1823	-140
1824	-137
1825	-133
1828	-131
1830	-129
1833	-126
1836	-125
1843	-127
1855	-133
1860	-133
1865	-133
1870	-133
1875	-133
1881	-134
1888	-136
1893	-136
1897	-134
1899	-131
1902	-129
1908	-130
1916	-133
1919	-130
1922	-129
1926	-128
1930	-127
1936	-127
1946	-132
1949	-130
1952	-128
1955	-126
1958	-123
1966	-126
1977	-130
1983	-131
1984	-128
1987	-125
1990	-123
1993	-121
1996	-119
2000	-117
2002	-115
2005	-113
2012	-114
2025	-120
2034	-123
2040	-123
2045	-123
2049	-122
2053	-120
2058	-120
2065	-121
2077	-126
2089	-132
2097	-133
2099	-131
2103	-129
2109	-129
2116	-130
2123	-131
2130	-132
2134	-130
2141	-132
2145	-130
2151	-130
2161	-133
2166	-132
2167	-128
2169	-126
2176	-126
2181	-125
2184	-123
2192	-124
2204	-129
2205	-125
2206	-121
2212	-121
2216	-119
2219	-117
2223	-115
2228	-114
2232	-113
2235	-110
2238	-107
2241	-105
2245	-103
2251	-103
2263	-107
2265	-104
2265	-99
2266	-95
2268	-92
2268	-87
2267	-82
2267	-77
2269	-73
2270	-70
2267	-62
2267	-57
2270	-55
2272	-52
2273	-48
2273	-43
2272	-38
2273	-34
2274	-30
2274	-25
2275	-21
2275	-16
2276	-13
2278	-9
2279	-5
2280	-2
2281	3
2283	6
2282	11
2283	15
2284	19
2286	22
2287	26
2287	30
2284	37
2285	41
2281	48
2283	52
2285	55
2286	59
2287	62
2288	66
2288	71
2288	75
2288	80
2288	84
2290	88
2291	91
2291	96
2288	102
2288	107
2288	111
2289	115
2291	118
2292	122
2293	126
2294	129
2293	135
2292	139
2294	143
2296	146
2298	149
2299	153
2299	157
2298	162
2300	165
2302	169
2302	173
2301	177
2302	181
2304	184
2306	187
2307	191
2308	195
2308	199
2309	203
2308	208
2309	212
2309	216
2311	219
2314	222
2313	226
2313	230
2313	235
2313	239
2314	242
2316	245
2317	249
2317	254
2318	257
2320	260
2322	263
2322	267
2323	271
2322	276
2322	280
2324	283
2326	286
2328	289
2330	292
2332	295
2334	298
2335	302
2336	305
2337	309
2338	312
2339	316
2341	319
2341	323
2343	327
2345	330
2345	333
2346	337
2347	341
2347	345
2345	350
2346	353
2349	356
2349	360
2351	363
2353	366
2354	370
2354	374
2353	378
2354	382
2357	385
2359	387
2361	391
2362	394
2362	398
2363	402
2363	406
2365	409
2367	412
2368	415
2369	419
2370	422
2370	426
2371	430
2370	434
2371	438
2372	442
2372	445
2373	449
2375	452
2375	456
2376	459
2377	463
2376	468
2376	471
2377	475
2378	478
2378	482
2378	486
2378	490
2379	493
2381	497
2382	500
2383	503
2384	507
2385	511
2384	515
2385	518
2386	522
2389	524
2390	528
2390	532
2390	536
2390	539
2391	543
2390	547
2391	551
2393	554
2394	557
2395	561
2395	564
2395	568
2396	572
2398	575
2398	579
2400	582
2401	585
2401	589
2399	593
2399	597
2399	601
2400	605
2402	608
2404	611
2405	614
2407	617
2409	620
2411	623
2413	626
2415	629
2415	633
2416	636
2414	641
2414	645
2414	648
2415	652
2416	655
2416	659
2415	663
2417	666
2419	669
2418	673
2418	677
2420	680
2419	684
2420	688
2421	691
2422	694
2422	698
2422	702
2421	706
2423	709
2424	712
2424	716
2424	720
2423	724
2424	727
2426	730
2426	734
2426	738
2426	741
2428	745
2428	748
2430	751
2430	755
2430	759
2430	762
2430	766
2431	769
2432	773
2433	776
2433	780
2433	783
2435	787
2434	790
2431	795
2430	799
2432	802
2433	806
2435	808
2438	811
2440	814
2440	818
2440	821
2441	825
2443	828
2442	832
2442	835
2444	838
2445	842
2445	845
2445	849
2447	852
2448	855
2448	859
2449	862
2449	866
2447	870
2447	874
2448	877
2450	880
2451	883
2452	886
2453	890
2454	893
2455	897
2454	901
2453	904
2452	908
2454	911
2455	915
2456	918
2456	921
2455	925
2455	929
2456	932
2457	936
2460	938
2461	942
2463	945
2465	948
2466	951
2465	955
2465	958
2464	962
2463	966
2463	970
2463	973
2462	977
2463	980
2464	983
2464	987
2464	991
2462	995
2462	998
2464	1001
2466	1004
2467	1008
2468	1011
2468	1015
2469	1018
2468	1021
2468	1025
2469	1028
2469	1032
2470	1035
2471	1038
2472	1042
2472	1045
2473	1048
2473	1052
2474	1055
2476	1058
2476	1062
2475	1066
2476	1069
2476	1072
2477	1076
2478	1079
2477	1083
2478	1086
2480	1089
2481	1092
2481	1096
2482	1099
2482	1103
2483	1106
2482	1110
2482	1113
2483	1116
2485	1119
2486	1123
2486	1126
2486	1130
2485	1133
2484	1137
2485	1140
2486	1144
2487	1147
2488	1150
2489	1153
2489	1157
2489	1160
2490	1164
2492	1167
2492	1170
2492	1174
2493	1177
2493	1180
2494	1184
2494	1187
2494	1191
2496	1194
2498	1197
2497	1201
2497	1204
2497	1207
2499	1211
2500	1214
2499	1217
2501	1221
2502	1224
2502	1227
2503	1231
2504	1234
2503	1238
2502	1241
2504	1244
2505	1248
2503	1251
2503	1255
2504	1258
2506	1261
2506	1265
2506	1268
2507	1271
2511	1274
2513	1277
2514	1281
2513	1284
2509	1288
2508	1292
2507	1296
2507	1299
2503	1303
2504	1306
2506	1309
2510	1312
2511	1316
2512	1319
2511	1322
2511	1326
2510	1329
2512	1333
2514	1336
2514	1339
2514	1343
2513	1346
2514	1350
2513	1353
2515	1356
2515	1360
2514	1363
2517	1366
2517	1370
2518	1373
2518	1376
2518	1380
2519	1383
2519	1387
2520	1390
2521	1393
2522	1397
2523	1400
2523	1403
2523	1407
2524	1410
2524	1413
2524	1417
2525	1420
2525	1424
2526	1427
2527	1430
2526	1434
2527	1437
2528	1440
2529	1444
2529	1447
2530	1451
2529	1454
2530	1457
2533	1461
2534	1464
2532	1467
2533	1471
2534	1474
2535	1477
2536	1481
2536	1484
2536	1488
2536	1491
2538	1494
2538	1498
2540	1501
2541	1504
2541	1508
2541	1511
2541	1515
2542	1518
2542	1521
2543	1525
2543	1528
2544	1532
2543	1535
2542	1539
2543	1542
2543	1545
2546	1549
2547	1552
2546	1556
2547	1559
2548	1562
2549	1566
2550	1569
2550	1572
2550	1576
2550	1579
2551	1583
2552	1586
2552	1589
2552	1593
2554	1596
2554	1600
2557	1603
2560	1606
2561	1610
2561	1613
2562	1617
2559	1620
2557	1624
2556	1627
2556	1631
2557	1634
2557	1637
2557	1641
2558	1644
2559	1648
2559	1651
