2769	1671
2770	1675
2771	1679
2771	1682
2771	1686
2772	1690
2774	1697
2775	1701
2776	1705
2776	1708
2777	1712
2778	1716
2779	1719
2779	1723
2779	1727
2779	1731
2780	1734
2781	1738
2782	1742
2782	1746
2783	1749
2784	1753
2785	1757
2786	1761
2786	1764
2787	1768
2789	1772
2790	1776
2792	1779
2791	1783
2792	1787
2792	1791
2793	1794
2794	1798
2794	1802
2796	1806
2797	1810
2797	1813
2798	1817
2798	1821
2798	1825
2799	1828
2800	1832
2801	1836
2802	1840
2802	1844
2803	1847
2802	1851
2803	1855
2805	1859
2807	1863
2809	1867
2808	1870
2808	1874
2808	1878
2808	1882
2809	1886
2811	1889
2811	1893
2811	1897
2811	1901
2812	1905
2813	1909
2814	1912
2816	1916
2815	1920
2814	1924
2816	1928
2818	1932
2819	1936
2817	1939
2818	1943
2819	1947
2819	1951
2820	1955
2819	1958
2820	1962
2820	1966
2819	1970
2823	1974
2823	1978
2823	1982
2824	1986
2824	1989
2825	1993
2826	1997
2826	2001
2826	2005
2825	2009
2827	2013
2828	2017
2828	2021
2829	2024
2830	2028
2832	2032
2831	2036
2830	2040
2830	2044
2831	2048
2831	2052
2832	2056
2832	2059
2833	2063
2832	2067
2834	2071
2834	2075
2835	2079
2834	2083
2834	2087
2835	2091
2836	2095
2835	2098
2836	2102
2836	2106
2837	2110
2836	2114
2836	2118
2836	2122
2836	2126
2838	2130
2839	2134
2839	2138
2839	2142
2840	2146
2842	2150
2842	2154
2843	2158
2843	2162
2843	2166
2844	2170
2843	2174
2843	2178
2844	2182
2844	2185
2844	2189
2845	2193
2847	2198
2850	2202
2851	2206
2851	2210
2850	2214
2851	2218
2851	2222
2851	2226
2851	2230
2852	2234
2851	2238
2851	2242
2852	2246
2853	2250
2852	2254
2851	2258
2852	2262
2853	2266
2854	2270
2854	2274
2854	2278
2854	2282
2854	2286
2853	2290
2853	2294
2853	2298
2853	2302
2854	2306
2853	2310
2853	2314
2853	2318
2853	2322
2853	2326
2855	2330
2856	2334
2856	2338
2856	2342
2855	2346
2855	2350
2855	2354
2855	2358
2856	2363
2858	2367
2858	2371
2858	2375
2858	2379
2857	2383
2857	2387
2858	2391
2859	2396
2860	2400
2860	2404
2861	2408
2861	2412
2861	2416
2862	2421
2862	2425
2861	2429
2861	2433
2861	2437
2862	2441
2864	2446
2865	2450
2865	2454
2864	2458
2865	2462
2865	2466
2864	2470
2863	2474
2865	2479
2866	2483
2867	2488
2867	2492
2866	2495
2866	2500
2866	2504
2866	2508
2868	2512
2869	2517
2868	2521
2868	2525
2868	2529
2868	2533
2868	2537
2869	2542
2868	2546
2867	2550
2868	2554
2870	2559
2870	2563
2870	2567
2869	2571
2873	2576
2873	2581
2873	2585
2871	2589
2870	2592
2870	2597
2871	2601
2870	2605
2871	2610
2871	2614
2871	2618
2870	2622
2871	2626
2871	2631
2871	2635
2872	2640
2872	2644
2872	2648
2871	2652
2872	2656
2872	2661
2872	2665
2872	2669
2871	2673
2871	2678
2872	2682
2872	2687
2873	2691
2873	2695
2872	2699
2873	2704
2871	2708
2872	2712
2873	2717
2874	2722
2874	2726
2872	2730
2871	2733
2870	2738
2871	2742
2871	2747
2871	2751
2872	2755
2871	2759
2872	2764
2872	2769
2872	2773
2872	2777
2871	2781
2871	2786
2871	2790
2872	2795
2871	2799
2872	2803
2871	2808
2872	2812
2872	2817
2872	2821
2873	2826
2872	2830
2873	2835
2871	2839
2871	2843
2871	2847
2871	2852
2870	2856
2870	2860
2870	2865
2870	2869
2870	2874
2869	2878
2869	2882
2869	2887
2869	2891
2869	2896
2869	2900
2869	2905
2869	2909
2868	2913
2868	2918
2868	2922
2868	2927
2867	2931
2866	2935
2866	2940
2867	2944
2866	2949
2866	2953
2865	2957
2866	2962
2865	2966
2865	2971
2865	2976
2863	2979
2863	2984
2862	2988
2863	2993
2863	2998
2863	3002
2861	3006
2861	3010
2861	3015
2861	3020
2860	3024
2862	3029
2862	3034
2861	3038
2860	3042
2859	3047
2859	3051
2859	3056
2859	3061
2859	3065
2858	3070
2858	3074
2858	3079
2858	3083
2857	3088
2857	3092
2857	3097
2857	3102
2856	3106
2857	3111
2858	3117
2856	3120
2854	3124
2854	3129
2854	3134
2854	3138
2854	3143
2854	3148
2854	3152
2854	3157
2853	3162
2853	3167
2851	3170
2846	3172
2824	3166
2800	3159
2791	3159
2787	3162
2785	3165
2783	3169
2783	3173
2784	3179
2796	3190
2824	3209
2841	3223
2847	3231
2849	3237
2848	3242
2848	3246
2848	3251
2847	3256
2845	3260
2844	3264
2844	3269
2843	3273
2842	3278
2841	3282
2841	3287
2840	3291
2839	3296
2839	3301
2839	3306
2839	3311
2839	3315
2837	3320
2837	3324
2837	3329
2835	3333
2834	3338
2834	3343
2832	3347
2832	3352
2831	3356
2830	3361
2830	3366
2830	3371
2830	3376
2831	3381
2834	3388
2837	3395
2837	3400
2837	3406
2837	3411
2836	3415
2836	3420
2834	3424
2834	3429
2833	3434
2833	3439
2832	3444
2832	3449
2832	3454
2831	3459
2831	3464
2830	3468
2828	3473
2828	3478
2827	3482
2827	3487
2826	3492
2825	3497
2825	3502
2824	3507
2823	3511
2822	3516
2823	3522
2823	3527
2821	3531
2820	3536
2821	3542
2821	3547
2819	3551
2818	3556
2818	3562
2818	3566
2817	3571
2815	3576
2815	3581
2815	3587
2814	3591
2814	3597
2814	3602
2814	3607
2814	3613
2814	3618
2813	3623
2811	3627
2811	3633
2810	3638
2810	3643
2809	3648
2808	3653
2806	3657
2805	3662
2805	3667
2807	3674
2806	3679
2806	3684
2806	3690
2805	3695
2803	3699
2803	3705
2802	3709
2801	3714
2800	3720
2800	3725
2799	3730
2798	3735
2798	3741
2797	3746
2797	3751
2796	3757
2796	3762
2795	3767
2794	3772
2793	3777
2792	3782
2791	3787
2790	3792
2789	3797
2788	3802
2787	3807
2786	3812
2786	3818
2785	3823
2790	3833
2789	3838
2788	3843
2787	3848
2785	3852
2784	3857
2783	3862
2782	3868
2782	3873
2781	3879
2779	3883
2778	3888
2776	3893
2775	3898
2775	3904
2774	3909
2773	3914
2771	3919
2770	3924
2769	3929
2768	3935
2767	3940
2766	3945
2764	3949
2744	3939
2730	3934
2725	3937
2722	3940
2720	3944
2753	3977
2754	3984
2753	3990
2751	3994
2750	3999
2747	4003
2746	4008
2744	4013
2743	4018
2741	4022
2739	4027
2737	4032
2735	4037
2734	4042
2732	4046
2731	4052
2730	4057
2727	4061
2727	4067
2723	4071
2723	4076
2721	4081
2719	4085
2716	4090
2715	4095
2712	4099
2710	4103
2709	4109
2707	4114
2706	4119
2705	4124
2703	4129
2701	4134
2699	4139
2696	4143
2694	4147
2691	4151
2690	4156
2687	4161
2685	4165
2682	4169
2680	4173
2677	4178
2675	4183
2674	4188
2673	4193
2670	4197
2667	4202
2666	4207
2662	4210
2660	4215
2658	4219
2655	4223
2653	4228
2650	4232
2648	4236
2647	4242
2647	4249
2645	4254
2625	4316
2612	4311
2609	4315
2606	4318
2604	4323
2602	4328
2599	4332
2596	4337
2594	4341
2592	4346
2588	4349
2585	4353
2583	4358
2581	4362
2578	4366
2576	4371
2574	4376
2572	4382
2570	4387
2568	4392
2565	4396
2563	4401
2560	4405
2557	4409
2554	4413
2551	4417
2549	4422
2546	4426
2543	4430
2540	4434
2538	4439
2535	4443
2532	4447
2529	4452
2528	4457
2525	4461
2523	4466
2520	4471
2518	4476
2517	4482
2516	4488
2512	4491
2509	4495
2507	4500
2503	4504
2501	4508
2498	4513
2495	4517
2492	4521
2489	4526
2486	4530
2483	4534
2481	4539
2477	4542
2474	4546
2471	4550
2468	4554
2465	4558
2462	4563
2459	4567
2456	4571
2452	4574
2448	4578
2445	4582
2443	4586
2440	4591
2438	4596
2434	4599
2431	4603
2428	4607
2424	4611
2421	4615
2419	4620
2416	4624
2412	4627
2408	4631
2405	4635
2401	4639
2399	4643
2396	4647
2391	4650
2387	4652
2383	4656
2380	4660
2376	4663
2372	4667
2368	4670
2366	4675
2363	4679
2360	4683
2357	4687
2353	4691
2349	4694
2346	4698
2343	4702
2340	4707
2337	4711
2334	4716
2331	4719
2329	4725
2326	4730
2322	4734
2319	4737
2316	4741
2312	4745
2309	4749
2305	4753
2301	4756
2298	4760
2294	4763
2291	4767
2288	4772
2284	4775
2280	4779
2276	4782
2273	4786
2269	4789
2265	4792
2261	4795
2257	4799
2254	4802
2250	4806
2247	4810
2243	4813
2239	4817
2236	4821
2233	4825
2230	4830
2226	4834
2223	4838
2219	4841
2215	4844
2211	4847
2207	4851
2204	4855
2200	4859
2196	4862
2192	4865
2189	4869
2185	4872
2181	4875
2177	4879
2173	4883
2170	4886
2166	4890
2163	4894
2159	4898
2155	4900
2151	4904
2148	4908
2143	4911
2139	4914
2134	4916
2131	4920
2128	4924
2124	4928
2121	4932
2117	4936
2113	4939
2109	4942
2105	4946
2102	4950
2098	4953
2094	4956
2089	4958
2085	4961
2081	4965
2077	4967
2073	4972
2069	4975
2065	4977
2061	4981
2057	4985
2053	4988
2050	4992
2045	4995
2041	4997
2037	5000
2033	5004
2029	5007
2024	5009
2020	5012
2018	5018
2013	5021
2009	5024
2005	5027
2001	5030
1996	5032
1991	5034
1987	5037
1983	5041
1978	5042
1974	5046
1970	5049
1966	5052
1962	5055
1957	5057
1953	5061
1949	5064
1945	5066
1940	5069
1936	5072
1933	5077
1928	5079
1924	5082
1919	5084
1916	5088
1912	5092
1908	5095
1903	5097
1898	5099
1894	5102
1890	5105
1887	5110
1883	5114
1878	5116
1874	5120
1869	5121
1864	5123
1860	5126
1856	5130
1853	5134
1848	5137
1843	5138
1839	5142
1835	5145
1831	5148
1827	5151
1822	5153
1818	5156
1813	5157
1808	5160
1803	5162
1799	5165
1796	5170
1791	5172
1787	5175
1783	5178
1778	5180
1774	5184
1769	5186
1764	5187
1761	5192
1757	5195
1753	5199
1749	5202
1745	5206
1740	5207
1734	5209
1730	5211
1725	5212
1719	5212
1714	5213
1709	5216
1705	5218
1700	5220
1694	5221
1690	5224
1686	5227
1682	5230
1677	5233
1672	5234
1667	5236
1663	5239
1658	5241
1653	5242
1648	5244
1644	5248
1640	5251
1635	5253
1631	5256
1627	5260
1623	5262
1617	5264
1613	5266
1608	5268
1603	5270
1599	5273
1594	5275
1590	5278
1585	5280
1580	5282
1576	5285
1571	5287
1567	5289
1562	5291
1557	5293
1552	5295
1548	5298
1543	5300
1539	5303
1534	5305
1529	5307
1524	5308
1519	5309
1514	5312
1509	5313
1504	5315
1500	5317
1495	5318
1490	5321
1485	5323
1481	5326
1476	5327
1471	5329
1466	5331
1461	5332
1456	5334
1452	5336
1447	5338
1442	5341
1438	5343
1433	5345
1428	5347
1424	5350
1419	5352
1415	5354
1410	5356
1405	5358
1400	5360
1395	5361
1390	5364
1386	5366
1381	5368
1376	5371
1372	5373
1367	5374
1362	5375
1357	5377
1352	5379
1347	5382
1343	5384
1338	5386
1333	5388
1329	5391
1324	5393
1319	5394
1314	5396
1308	5395
1303	5396
1299	5399
1294	5402
1289	5404
1284	5405
1279	5406
1274	5407
1269	5409
1265	5411
1260	5415
1256	5417
1251	5418
1246	5420
1241	5423
1236	5425
1231	5425
1226	5427
1221	5429
1217	5431
1212	5433
1207	5435
1202	5435
1196	5433
1190	5433
1185	5434
1180	5435
1175	5438
1171	5440
1165	5441
1161	5444
1156	5445
1151	5448
1146	5449
1141	5451
1137	5454
1132	5455
1127	5457
1122	5458
1117	5460
1113	5462
1108	5464
1103	5466
1098	5468
1093	5469
1088	5470
1083	5472
1078	5474
1073	5475
1068	5477
1064	5479
1059	5483
1054	5483
1050	5487
1045	5490
1040	5491
1035	5494
1031	5496
1026	5499
1021	5500
1016	5501
1011	5503
1006	5505
1001	5507
996	5508
991	5507
985	5506
980	5508
976	5512
972	5516
968	5521
963	5523
958	5525
953	5526
948	5528
943	5531
938	5532
933	5532
927	5532
922	5533
917	5534
913	5536
908	5538
903	5539
897	5539
892	5540
887	5542
882	5543
877	5544
872	5544
867	5547
862	5548
857	5551
852	5552
847	5554
843	5557
838	5558
833	5559
827	5559
822	5560
817	5561
812	5563
807	5563
801	5563
797	5565
792	5567
787	5569
782	5570
777	5571
772	5573
766	5573
761	5574
756	5575
751	5576
746	5577
741	5580
736	5582
731	5582
726	5583
721	5584
716	5587
711	5588
706	5589
701	5589
695	5589
690	5590
685	5591
680	5593
675	5594
670	5595
665	5596
660	5596
654	5596
649	5597
644	5599
639	5601
634	5602
629	5602
624	5602
619	5602
613	5601
608	5603
603	5604
598	5606
593	5607
588	5608
583	5608
577	5608
572	5609
567	5609
562	5609
557	5610
551	5609
546	5611
541	5612
536	5613
531	5617
526	5617
521	5618
516	5619
511	5621
506	5620
500	5621
495	5622
490	5625
485	5623
480	5623
475	5624
470	5625
464	5626
459	5627
454	5626
449	5625
443	5625
438	5627
433	5627
428	5627
423	5626
417	5626
412	5628
407	5629
402	5631
397	5633
392	5634
387	5636
382	5635
377	5640
372	5640
367	5641
361	5641
356	5641
351	5643
346	5645
341	5646
336	5646
331	5648
326	5648
320	5650
315	5649
310	5648
305	5649
300	5652
295	5653
289	5654
284	5656
279	5658
274	5656
268	5654
263	5653
258	5653
253	5655
248	5658
243	5658
237	5657
232	5657
227	5657
222	5657
217	5658
211	5659
206	5660
201	5662
196	5662
191	5662
186	5663
180	5663
175	5663
170	5664
165	5664
159	5660
154	5658
149	5662
144	5663
139	5665
134	5668
128	5668
123	5667
118	5666
113	5666
108	5667
102	5668
97	5670
92	5671
87	5679
54	5029
50	5033
45	5031
41	5028
36	5026
32	5026
27	5028
23	5026
18	5017
14	5013
10	5010
5	5007
1	5007
-4	5006
-8	5005
-12	5005
-16	5010
-21	5012
-25	5018
-29	5025
-34	5027
-38	5026
-42	5026
-47	5027
-51	5030
-56	5032
-60	5031
-64	5029
-75	5667
-80	5666
-85	5664
-90	5664
-96	5664
-101	5663
-106	5662
-111	5662
-116	5663
-122	5663
-127	5663
-132	5663
-137	5663
-142	5662
-148	5661
-153	5660
-158	5660
-163	5662
-168	5663
-174	5663
-179	5662
-184	5661
-189	5661
-194	5661
-200	5661
-205	5659
-210	5659
-215	5659
-220	5658
-226	5658
-231	5657
-236	5657
-241	5657
-246	5657
-251	5657
-257	5655
-262	5652
-267	5651
-272	5650
-277	5650
-282	5650
-288	5650
-293	5650
-298	5649
-303	5647
-308	5647
-313	5645
-318	5643
-324	5643
-329	5642
-334	5641
-339	5642
-344	5641
-349	5642
-355	5641
-360	5639
-365	5638
-370	5639
-375	5639
-380	5639
-385	5637
-391	5636
-396	5635
-401	5633
-406	5633
-411	5630
-416	5630
-421	5631
-427	5631
-432	5630
-437	5629
-442	5627
-447	5626
-452	5625
-457	5624
-462	5622
-467	5622
-472	5621
-478	5622
-483	5621
-488	5620
-493	5619
-498	5619
-504	5621
-509	5620
-514	5620
-519	5619
-524	5619
-529	5619
-535	5618
-540	5617
-545	5615
-550	5613
-555	5612
-560	5610
-565	5609
-570	5607
-575	5605
-580	5605
-585	5605
-590	5604
-595	5603
-600	5602
-605	5601
-611	5600
-616	5600
-621	5599
-626	5599
-631	5599
-636	5599
-641	5596
-646	5593
-651	5592
-656	5590
-661	5589
-666	5589
-671	5587
-676	5586
-681	5585
-687	5585
-692	5584
-696	5581
-701	5579
-706	5577
-711	5575
-716	5573
-721	5572
-726	5570
-731	5569
-736	5570
-742	5570
-747	5569
-752	5568
-756	5565
-761	5563
-766	5562
-771	5560
-776	5558
-781	5557
-786	5556
-791	5554
-796	5552
-801	5550
-806	5549
-811	5548
-816	5547
-821	5546
-826	5545
-831	5544
-836	5542
-841	5541
-846	5540
-851	5538
-856	5537
-861	5535
-866	5533
-871	5533
-876	5531
-881	5530
-886	5528
-891	5527
-895	5524
-900	5522
-905	5520
-910	5519
-915	5518
-920	5516
-925	5515
-929	5513
-934	5511
-939	5508
-944	5507
-949	5506
-954	5505
-959	5503
-964	5502
-969	5500
-974	5499
-979	5498
-983	5494
-988	5494
-993	5494
-998	5490
-1002	5487
-1008	5487
-1013	5486
-1018	5484
-1023	5483
-1027	5481
-1033	5481
-1038	5480
-1042	5478
-1047	5476
-1052	5474
-1057	5472
-1062	5470
-1066	5468
-1071	5465
-1076	5464
-1081	5463
-1086	5461
-1090	5459
-1095	5458
-1100	5456
-1105	5455
-1110	5454
-1115	5451
-1120	5450
-1125	5449
-1129	5446
-1134	5444
-1139	5443
-1144	5441
-1148	5439
-1153	5437
-1158	5436
-1163	5435
-1168	5433
-1173	5432
-1178	5430
-1183	5429
-1188	5427
-1192	5425
-1197	5422
-1201	5420
-1206	5417
-1211	5416
-1215	5413
-1220	5411
-1225	5409
-1230	5408
-1235	5406
-1240	5406
-1245	5404
-1249	5402
-1254	5400
-1258	5397
-1263	5395
-1268	5393
-1272	5390
-1277	5389
-1282	5387
-1287	5385
-1292	5384
-1296	5381
-1301	5381
-1306	5378
-1310	5375
-1315	5373
-1320	5371
-1324	5370
-1329	5367
-1333	5364
-1338	5362
-1342	5358
-1346	5356
-1351	5354
-1356	5353
-1361	5351
-1366	5349
-1370	5347
-1375	5345
-1380	5343
-1384	5341
-1389	5339
-1394	5338
-1398	5335
-1403	5332
-1408	5330
-1412	5329
-1417	5326
-1422	5324
-1426	5322
-1431	5321
-1436	5319
-1441	5317
-1445	5314
-1449	5311
-1453	5308
-1457	5304
-1462	5302
-1467	5300
-1472	5301
-1477	5298
-1481	5295
-1486	5293
-1490	5291
-1495	5288
-1500	5287
-1504	5284
-1509	5283
-1513	5280
-1518	5278
-1522	5275
-1527	5273
-1531	5270
-1536	5268
-1540	5265
-1545	5263
-1549	5261
-1554	5260
-1558	5256
-1562	5253
-1567	5251
-1571	5248
-1576	5246
-1580	5243
-1585	5241
-1589	5239
-1594	5237
-1599	5235
-1603	5232
-1607	5228
-1611	5225
-1615	5223
-1620	5221
-1624	5218
-1629	5216
-1634	5215
-1639	5213
-1642	5209
-1647	5206
-1651	5203
-1656	5202
-1660	5199
-1665	5196
-1669	5194
-1674	5192
-1678	5190
-1682	5186
-1686	5182
-1690	5179
-1694	5177
-1699	5175
-1704	5173
-1708	5170
-1712	5168
-1717	5165
-1721	5163
-1726	5162
-1731	5161
-1736	5159
-1740	5155
-1743	5151
-1748	5148
-1752	5145
-1756	5142
-1760	5138
-1764	5136
-1768	5133
-1773	5131
-1777	5128
-1782	5126
-1786	5124
-1790	5121
-1795	5118
-1799	5115
-1803	5112
-1808	5111
-1812	5108
-1816	5104
-1820	5102
-1824	5099
-1829	5097
-1834	5095
-1838	5094
-1842	5090
-1846	5087
-1850	5084
-1855	5082
-1859	5078
-1863	5075
-1867	5072
-1870	5068
-1875	5066
-1879	5063
-1883	5060
-1887	5057
-1890	5052
-1895	5050
-1899	5047
-1903	5044
-1908	5044
-1913	5042
-1917	5039
-1922	5037
-1926	5035
-1930	5031
-1933	5027
-1938	5024
-1942	5022
-1946	5019
-1950	5016
-1954	5012
-1958	5010
-1962	5007
-1967	5004
-1971	5002
-1975	4999
-1980	4997
-1984	4994
-1987	4990
-1992	4987
-1995	4984
-2000	4981
-2003	4977
-2006	4972
-2010	4969
-2014	4966
-2018	4964
-2022	4961
-2026	4958
-2030	4955
-2034	4952
-2038	4948
-2042	4946
-2046	4942
-2051	4940
-2054	4936
-2057	4932
-2061	4928
-2065	4926
-2069	4922
-2073	4920
-2077	4917
-2082	4914
-2085	4911
-2089	4907
-2092	4903
-2096	4899
-2099	4896
-2103	4892
-2107	4890
-2111	4886
-2115	4884
-2120	4882
-2124	4879
-2128	4876
-2132	4873
-2136	4870
-2140	4867
-2144	4864
-2148	4861
-2152	4858
-2156	4856
-2160	4853
-2164	4850
-2168	4847
-2172	4843
-2176	4840
-2179	4836
-2182	4831
-2186	4829
-2190	4826
-2193	4822
-2197	4819
-2201	4815
-2205	4812
-2209	4809
-2213	4807
-2216	4802
-2219	4798
-2222	4794
-2226	4790
-2230	4787
-2233	4784
-2238	4782
-2241	4778
-2245	4774
-2249	4772
-2252	4767
-2255	4763
-2259	4761
-2263	4757
-2266	4753
-2269	4749
-2273	4746
-2276	4742
-2279	4738
-2282	4734
-2286	4731
-2290	4727
-2293	4724
-2297	4720
-2300	4716
-2304	4713
-2307	4709
-2311	4706
-2314	4702
-2317	4698
-2321	4694
-2324	4691
-2328	4688
-2331	4683
-2335	4680
-2338	4676
-2341	4673
-2344	4669
-2348	4665
-2350	4660
-2354	4657
-2357	4653
-2361	4650
-2365	4647
-2368	4643
-2371	4639
-2374	4635
-2376	4629
-2378	4625
-2381	4620
-2385	4617
-2388	4613
-2391	4609
-2394	4605
-2397	4601
-2400	4597
-2403	4593
-2405	4588
-2408	4584
-2412	4580
-2414	4576
-2417	4572
-2420	4568
-2422	4562
-2425	4558
-2427	4553
-2431	4550
-2434	4546
-2437	4542
-2440	4538
-2441	4532
-2443	4526
-2444	4521
-2447	4516
-2449	4511
-2451	4506
-2453	4501
-2457	4498
-2459	4494
-2462	4490
-2465	4486
-2468	4481
-2471	4477
-2473	4473
-2476	4469
-2479	4465
-2482	4461
-2484	4456
-2487	4451
-2490	4448
-2493	4444
-2496	4440
-2492	4428
-2492	4421
-2494	4417
-2497	4412
-2498	4407
-2500	4402
-2503	4398
-2506	4394
-2509	4390
-2511	4385
-2513	4381
-2516	4376
-2518	4372
-2521	4367
-2523	4363
-2525	4358
-2527	4353
-2529	4349
-2531	4344
-2533	4339
-2536	4335
-2538	4331
-2541	4327
-2544	4323
-2546	4318
-2549	4314
-2551	4309
-2552	4304
-2555	4300
-2557	4295
-2558	4290
-2560	4285
-2562	4280
-2565	4276
-2567	4272
-2569	4267
-2571	4263
-2573	4258
-2576	4254
-2578	4249
-2580	4245
-2583	4241
-2584	4235
-2586	4231
-2588	4226
-2590	4221
-2591	4216
-2593	4212
-2595	4207
-2598	4203
-2600	4199
-2602	4194
-2604	4189
-2606	4185
-2608	4181
-2611	4177
-2613	4172
-2615	4168
-2616	4162
-2613	4153
-2613	4146
-2615	4142
-2617	4137
-2619	4133
-2621	4128
-2622	4123
-2624	4118
-2626	4114
-2628	4109
-2629	4104
-2631	4099
-2633	4095
-2635	4091
-2637	4086
-2638	4081
-2639	4076
-2641	4071
-2643	4066
-2644	4062
-2647	4058
-2649	4053
-2651	4049
-2652	4044
-2654	4039
-2655	4035
-2657	4030
-2659	4026
-2661	4021
-2662	4016
-2663	4011
-2661	4003
-2663	3998
-2664	3993
-2666	3989
-2668	3985
-2669	3980
-2672	3976
-2673	3971
-2675	3967
-2677	3962
-2679	3958
-2680	3953
-2681	3948
-2683	3943
-2685	3939
-2685	3934
-2686	3928
-2688	3924
-2690	3920
-2692	3916
-2694	3911
-2695	3907
-2697	3903
-2699	3898
-2701	3894
-2703	3890
-2704	3885
-2706	3880
-2706	3875
-2705	3868
-2705	3862
-2706	3858
-2708	3853
-2708	3847
-2709	3843
-2711	3839
-2713	3835
-2715	3830
-2716	3825
-2717	3820
-2719	3816
-2721	3812
-2722	3807
-2724	3803
-2726	3799
-2724	3792
-2726	3788
-2728	3784
-2730	3780
-2731	3775
-2733	3770
-2734	3765
-2736	3761
-2737	3757
-2738	3752
-2740	3748
-2741	3743
-2743	3739
-2744	3734
-2746	3730
-2745	3724
-2744	3718
-2743	3712
-2744	3707
-2746	3703
-2747	3698
-2749	3694
-2751	3690
-2752	3685
-2754	3681
-2755	3676
-2757	3672
-2758	3668
-2759	3664
-2760	3659
-2762	3655
-2762	3649
-2764	3645
-2766	3641
-2767	3637
-2768	3632
-2770	3628
-2772	3624
-2774	3620
-2775	3616
-2776	3611
-2779	3608
-2781	3604
-2785	3602
-2789	3599
-2790	3594
-2790	3589
-2790	3583
-2790	3578
-2791	3574
-2792	3569
-2793	3565
-2794	3560
-2795	3556
-2796	3551
-2797	3546
-2798	3542
-2798	3537
-2798	3532
-2798	3526
-2798	3521
-2799	3516
-2800	3512
-2799	3506
-2800	3502
-2801	3497
-2802	3492
-2803	3488
-2803	3483
-2804	3478
-2803	3473
-2804	3468
-2805	3464
-2806	3460
-2807	3455
-2805	3449
-2806	3444
-2805	3439
-2806	3434
-2807	3430
-2808	3425
-2809	3421
-2809	3416
-2810	3411
-2809	3406
-2810	3402
-2810	3397
-2811	3392
-2812	3388
-2813	3383
-2811	3377
-2810	3372
-2809	3366
-2809	3361
-2809	3357
-2809	3351
-2809	3347
-2811	3343
-2810	3338
-2811	3333
-2811	3328
-2811	3323
-2811	3319
-2812	3314
-2811	3309
-2811	3304
-2811	3299
-2811	3295
-2812	3290
-2811	3285
-2812	3280
-2811	3275
-2812	3271
-2813	3266
-2813	3262
-2813	3257
-2814	3253
-2814	3248
-2813	3243
-2813	3238
-2812	3233
-2812	3228
-2810	3222
-2810	3218
-2812	3214
-2812	3209
-2812	3204
-2812	3200
-2813	3196
-2813	3191
-2812	3186
-2812	3181
-2812	3177
-2812	3172
-2811	3167
-2809	3161
-2810	3157
-2811	3153
-2811	3148
-2811	3143
-2811	3139
-2812	3135
-2812	3130
-2812	3126
-2812	3121
-2813	3117
-2814	3113
-2814	3109
-2814	3104
-2815	3100
-2813	3094
-2812	3089
-2813	3085
-2812	3080
-2812	3076
-2812	3071
-2813	3067
-2812	3062
-2811	3057
-2811	3053
-2812	3049
-2812	3044
-2812	3040
-2813	3036
-2812	3031
-2810	3026
-2810	3021
-2810	3017
-2810	3012
-2810	3008
-2811	3004
-2810	2999
-2811	2995
-2810	2990
-2810	2986
-2810	2981
-2811	2977
-2811	2973
-2810	2968
-2811	2964
-2808	2958
-2809	2954
-2808	2950
-2808	2945
-2808	2941
-2808	2937
-2809	2933
-2809	2929
-2809	2924
-2809	2920
-2809	2915
-2808	2911
-2808	2907
-2808	2902
-2808	2898
-2807	2893
-2807	2889
-2806	2884
-2807	2880
-2806	2876
-2806	2871
-2806	2867
-2805	2863
-2806	2859
-2806	2854
-2805	2850
-2806	2846
-2806	2842
-2805	2837
-2805	2833
-2804	2828
-2804	2824
-2803	2819
-2802	2815
-2803	2811
-2804	2807
-2804	2803
-2805	2799
-2805	2795
-2803	2790
-2801	2785
-2799	2780
-2798	2776
-2796	2771
-2795	2766
-2794	2762
-2794	2758
-2795	2754
-2794	2750
-2794	2745
-2794	2741
-2794	2737
-2793	2733
-2793	2728
-2792	2724
-2793	2720
-2792	2716
-2792	2712
-2791	2707
-2792	2703
-2790	2699
-2790	2695
-2790	2691
-2789	2686
-2789	2682
-2789	2678
-2789	2674
-2788	2670
-2788	2666
-2789	2662
-2789	2658
-2788	2654
-2788	2650
-2788	2646
-2788	2642
-2788	2638
-2784	2632
-2784	2629
-2784	2624
-2784	2620
-2783	2616
-2784	2612
-2783	2608
-2782	2604
-2782	2600
-2782	2596
-2782	2592
-2782	2588
-2781	2584
-2780	2579
-2781	2576
-2778	2571
-2779	2567
-2778	2563
-2777	2559
-2777	2555
-2776	2551
-2777	2547
-2777	2543
-2777	2539
-2777	2535
-2776	2531
-2776	2527
-2776	2523
-2775	2519
-2775	2515
-2772	2511
-2772	2507
-2771	2503
-2771	2499
-2771	2495
-2771	2491
-2771	2487
-2771	2483
-2770	2479
-2768	2475
-2767	2471
-2767	2467
-2768	2463
-2768	2459
-2768	2455
-2766	2451
-2765	2447
-2765	2443
-2764	2439
-2763	2435
-2762	2431
-2760	2427
-2760	2423
-2760	2419
-2760	2415
-2759	2411
-2759	2407
-2758	2403
-2757	2399
-2757	2396
-2756	2392
-2756	2388
-2756	2384
-2755	2380
-2754	2376
-2753	2372
-2753	2368
-2753	2364
-2751	2360
-2752	2357
-2752	2353
-2751	2349
-2751	2345
-2750	2341
-2750	2338
-2748	2333
-2748	2330
-2748	2326
-2747	2322
-2747	2318
-2748	2315
-2748	2311
-2747	2307
-2747	2304
-2745	2300
-2744	2296
-2744	2292
-2744	2288
-2745	2285
-2744	2281
-2742	2277
-2742	2273
-2741	2269
-2740	2265
-2739	2261
-2739	2258
-2738	2254
-2739	2250
-2739	2247
-2737	2243
-2737	2239
-2736	2235
-2736	2231
-2735	2228
-2735	2224
-2733	2220
-2733	2216
-2733	2213
-2732	2209
-2731	2205
-2729	2201
-2729	2198
-2729	2194
-2729	2190
-2728	2186
-2728	2183
-2727	2179
-2727	2175
-2727	2172
-2726	2168
-2724	2164
-2724	2160
-2724	2157
-2724	2153
-2722	2150
-2720	2146
-2719	2142
-2717	2138
-2715	2134
-2715	2130
-2714	2127
-2714	2123
-2712	2119
-2713	2116
-2712	2112
-2709	2108
-2709	2104
-2708	2101
-2708	2097
-2707	2094
-2707	2090
-2706	2086
-2705	2083
-2704	2079
-2704	2075
-2703	2072
-2702	2068
-2701	2065
-2701	2061
-2701	2057
-2699	2054
-2698	2050
-2699	2047
-2698	2043
-2698	2039
-2696	2036
-2695	2032
-2694	2028
-2694	2025
-2694	2021
-2694	2018
-2693	2014
-2692	2011
-2692	2007
-2692	2004
-2691	2000
-2690	1996
-2689	1993
-2688	1989
-2687	1986
-2687	1982
-2686	1979
-2685	1975
-2685	1972
-2684	1968
-2684	1964
-2683	1961
-2682	1957
-2683	1954
-2681	1950
-2680	1947
-2680	1943
-2678	1940
-2677	1936
-2679	1933
-2681	1930
-2680	1926
-2679	1923
-2678	1919
-2676	1915
-2677	1912
-2674	1908
-2673	1905
-2672	1901
-2670	1898
-2668	1894
-2668	1891
-2667	1887
-2667	1884
-2666	1880
-2665	1877
-2664	1873
-2664	1870
-2662	1866
-2660	1863
-2659	1859
-2660	1856
-2658	1852
-2657	1849
-2656	1845
-2656	1842
-2656	1839
-2655	1835
-2654	1832
-2653	1828
-2652	1825
-2652	1821
-2651	1818
-2649	1814
-2648	1811
-2648	1808
-2647	1804
-2647	1801
-2646	1797
-2645	1794
-2644	1791
-2642	1787
-2642	1784
-2641	1780
-2640	1777
-2641	1774
-2641	1770
-2640	1767
-2640	1763
-2638	1760
-2636	1757
-2635	1753
-2634	1750
-2634	1746
-2633	1743
-2632	1740
-2630	1736
-2629	1733
-2629	1729
-2628	1726
-2627	1723
-2626	1719
-2625	1716
-2623	1713
-2622	1709
-2621	1706
-2621	1703
-2620	1699
-2620	1696
-2619	1693
-2618	1689
-2617	1686
-2615	1682
-2614	1679
-2614	1676
-2613	1672
-2613	1669
-2611	1666
-2610	1662
-2610	1659
-2609	1656
-2609	1653
-2608	1649
-2607	1646
-2606	1643
-2604	1639
-2603	1636
-2602	1633
-2601	1629
-2601	1626
-2601	1623
-2600	1619
-2600	1616
-2599	1613
-2597	1610
-2597	1606
-2596	1603
-2595	1600
-2594	1596
-2593	1593
-2593	1590
-2592	1587
-2591	1583
-2591	1580
-2589	1577
-2588	1573
-2587	1570
-2586	1567
-2585	1564
-2583	1560
-2582	1557
-2582	1554
-2582	1551
-2581	1547
-2580	1544
-2580	1541
-2577	1538
-2576	1534
-2575	1531
-2575	1528
-2574	1525
-2572	1521
-2572	1518
-2572	1515
-2572	1512
-2570	1508
-2569	1505
-2568	1502
-2568	1499
-2565	1496
-2565	1492
-2564	1489
-2564	1486
-2562	1483
-2561	1479
-2561	1476
-2560	1473
-2559	1470
-2558	1467
-2558	1463
-2556	1460
-2555	1457
-2555	1454
-2554	1451
-2552	1447
-2551	1444
-2551	1441
-2550	1438
-2550	1434
-2550	1431
-2548	1428
-2548	1425
-2547	1422
-2545	1419
-2546	1415
-2545	1412
-2543	1409
-2543	1406
-2543	1402
-2542	1399
-2541	1396
-2539	1393
-2538	1390
-2534	1387
-2529	1384
-2527	1381
-2525	1378
-2524	1375
-2523	1372
-2521	1369
-2519	1366
-2518	1363
-2517	1360
-2515	1357
-2515	1353
-2514	1350
-2512	1347
-2512	1344
-2511	1341
-2511	1338
-2510	1334
-2509	1331
-2507	1328
-2507	1325
-2506	1322
-2506	1319
-2506	1316
-2505	1312
-2504	1309
-2502	1306
-2502	1303
-2501	1300
-2500	1297
-2499	1294
-2499	1290
-2497	1287
-2495	1284
-2493	1282
-2492	1278
-2491	1275
-2490	1272
-2489	1269
-2489	1266
-2488	1263
-2487	1260
-2486	1257
-2485	1254
-2483	1251
-2483	1247
-2481	1244
-2480	1241
-2478	1238
-2478	1235
-2477	1232
-2475	1229
-2474	1226
-2473	1223
-2472	1220
-2471	1217
-2470	1214
-2470	1211
-2468	1208
-2466	1205
-2465	1202
-2463	1199
-2463	1196
-2461	1193
-2459	1190
-2459	1187
-2457	1184
-2456	1181
-2456	1177
-2454	1175
-2453	1171
-2454	1168
-2455	1165
-2455	1161
-2455	1158
-2454	1155
-2453	1152
-2453	1149
-2452	1146
-2449	1143
-2447	1140
-2446	1137
-2445	1134
-2443	1131
-2443	1128
-2441	1125
-2440	1122
-2439	1119
-2439	1116
-2438	1113
-2435	1110
-2433	1107
-2433	1104
-2432	1101
-2432	1098
-2431	1095
-2430	1092
-2428	1089
-2426	1086
-2424	1083
-2423	1080
-2421	1077
-2420	1074
-2419	1071
-2419	1068
-2419	1065
-2418	1062
-2416	1059
-2415	1056
-2413	1053
-2412	1050
-2412	1047
-2410	1044
-2409	1041
-2407	1038
-2406	1035
-2404	1032
-2403	1030
-2402	1027
-2400	1024
-2399	1021
-2397	1018
-2396	1015
-2395	1012
-2395	1009
-2394	1006
-2393	1003
-2391	1000
-2389	997
-2388	994
-2387	991
-2386	988
-2386	985
-2385	982
-2383	979
-2383	976
-2381	973
-2380	970
-2379	967
-2377	964
-2376	961
-2374	959
-2373	956
-2372	953
-2371	949
-2369	947
-2368	944
-2367	941
-2366	938
-2364	935
-2363	932
-2362	929
-2361	926
-2360	923
-2359	920
-2357	918
-2356	915
-2355	911
-2354	908
-2353	905
-2352	902
-2350	900
-2349	897
-2348	894
-2347	891
-2344	888
-2343	885
-2342	882
-2341	879
-2339	877
-2338	874
-2336	871
-2335	868
-2334	865
-2333	862
-2331	860
-2330	857
-2329	854
-2327	851
-2326	848
-2324	845
-2323	842
-2321	840
-2320	837
-2320	833
-2319	830
-2318	827
-2317	824
-2315	822
-2313	819
-2313	816
-2312	813
-2311	810
-2309	807
-2307	805
-2307	801
-2306	798
-2305	795
-2303	792
-2302	790
-2301	787
-2300	783
-2298	781
-2298	777
-2297	775
-2296	772
-2294	769
-2292	766
-2290	764
-2289	761
-2290	757
-2286	755
-2283	753
-2281	750
-2280	747
-2279	744
-2278	742
-2276	739
-2275	736
-2274	733
-2273	730
-2271	727
-2270	724
-2270	721
-2268	718
-2266	716
-2268	711
-2266	709
-2263	706
-2262	704
-2261	701
-2259	698
-2258	695
-2256	693
-2256	689
-2254	686
-2254	683
-2252	680
-2250	678
-2250	675
-2249	671
-2248	668
-2248	665
-2245	663
-2245	659
-2244	657
-2242	654
-2241	651
-2240	648
-2237	646
-2236	643
-2235	639
-2235	636
-2234	633
-2233	630
-2232	627
-2231	624
-2230	621
-2228	619
-2227	615
-2226	612
-2226	609
-2225	606
-2223	603
-2222	600
-2221	597
-2220	594
-2218	591
-2217	589
-2216	585
-2216	582
-2213	580
-2212	577
-2211	574
-2210	571
-2209	568
-2209	564
-2207	561
-2207	558
-2205	555
-2205	552
-2204	549
-2203	546
-2202	543
-2200	540
-2199	537
-2198	534
-2198	531
-2196	528
-2195	525
-2193	522
-2192	520
-2191	516
-2190	513
-2189	510
-2187	507
-2186	505
-2184	502
-2183	499
-2183	495
-2181	493
-2178	491
-2175	488
-2174	486
-2173	482
-2171	480
-2170	477
-2169	474
-2168	470
-2167	468
-2165	465
-2164	462
-2162	459
-2160	457
-2159	454
-2158	451
-2157	447
-2157	444
-2155	441
-2154	438
-2152	435
-2151	433
-2149	430
-2148	427
-2147	424
-2146	421
-2145	418
-2143	415
-2142	412
-2141	409
-2140	406
-2138	403
-2138	400
-2137	396
-2136	393
-2135	390
-2133	387
-2132	385
-2130	382
-2129	379
-2128	375
-2126	373
-2125	370
-2122	368
-2121	365
-2120	361
-2119	358
-2119	354
-2119	351
-2118	347
-2116	345
-2114	342
-2113	339
-2112	336
-2110	333
-2109	330
-2109	326
-2108	323
-2107	320
-2106	317
-2104	314
-2102	312
-2101	309
-2101	305
-2099	302
-2099	298
-2098	295
-2095	293
-2094	290
-2093	287
-2091	284
-2090	281
-2089	278
-2087	275
-2086	272
-2085	269
-2083	266
-2081	264
-2079	261
-2079	257
-2077	255
-2075	252
-2074	249
-2073	246
-2072	242
-2072	239
-2070	236
-2067	234
-2064	232
-2061	230
-2058	228
-2054	227
-2049	227
-2045	226
-2041	224
-2037	224
-2033	223
-2029	222
-2026	220
-2022	219
-2018	218
-2014	217
-2011	215
-2009	213
-2007	210
-2007	206
-2006	203
-2004	200
-2003	197
-2003	193
-2002	190
-2000	187
-1999	184
-1998	181
-1997	178
-1996	174
-1995	171
-1993	168
-1992	165
-1992	161
-1990	158
-1989	155
-1987	152
-1988	148
-1986	145
-1985	142
-1983	139
-1983	135
-1982	132
-1980	129
-1979	126
-1978	123
-1977	119
-1976	116
-1974	113
-1973	110
-1972	107
-1970	104
-1970	100
-1969	97
-1967	93
-1967	90
-1965	86
-1964	83
-1963	80
-1961	77
-1960	74
-1958	71
-1957	68
-1957	64
-1955	61
-1953	58
-1952	55
-1951	51
-1952	46
-1951	43
-1949	40
-1948	37
-1947	34
-1945	31
-1944	27
-1942	24
-1941	21
-1939	18
-1937	16
-1936	13
-1934	9
-1934	6
-1931	3
-1931	-1
-1930	-4
-1928	-7
-1926	-10
-1925	-14
-1923	-16
-1922	-20
-1921	-23
-1919	-26
-1919	-30
-1917	-33
-1916	-36
-1914	-39
-1913	-42
-1912	-46
-1912	-51
-1910	-54
-1909	-57
-1908	-61
-1907	-64
-1905	-67
-1904	-71
-1904	-75
-1901	-77
-1900	-81
-1899	-84
-1897	-87
-1896	-91
-1895	-94
-1894	-98
-1894	-103
-1893	-106
-1892	-110
-1890	-113
-1889	-117
-1887	-120
-1887	-124
-1886	-128
-1884	-131
-1883	-135
-1881	-138
-1880	-141
-1876	-142
-1865	-136
-1853	-128
-1848	-127
-1842	-127
-1837	-126
-1833	-127
-1830	-128
-1825	-128
-1819	-127
-1815	-127
-1813	-130
-1811	-132
-1808	-135
-1805	-136
-1799	-134
-1790	-130
-1784	-128
-1780	-129
-1775	-129
-1772	-130
-1769	-131
-1766	-133
-1763	-135
-1761	-137
-1757	-138
-1751	-136
-1745	-134
-1741	-135
-1735	-133
-1732	-134
-1729	-136
-1726	-138
-1723	-139
-1723	-143
-1722	-147
-1720	-150
-1715	-150
-1709	-148
-1702	-145
-1698	-145
-1695	-147
-1691	-147
-1686	-146
-1681	-146
-1678	-146
-1673	-145
-1668	-145
-1664	-146
-1663	-149
-1660	-151
-1649	-143
-1645	-143
-1643	-145
-1640	-147
-1637	-148
-1628	-142
-1622	-140
-1620	-142
-1617	-144
-1614	-145
-1612	-147
-1609	-149
-1601	-145
-1596	-143
-1589	-140
-1584	-139
-1581	-140
-1576	-138
-1571	-138
-1568	-139
-1567	-142
-1566	-146
-1564	-148
-1561	-150
-1560	-153
-1557	-154
-1551	-152
-1547	-152
-1544	-153
-1542	-156
-1541	-160
-1538	-160
-1529	-154
-1522	-150
-1513	-144
-1504	-137
-1500	-138
-1497	-139
-1494	-140
-1491	-141
-1488	-142
-1485	-143
-1481	-143
-1478	-144
-1475	-145
-1471	-145
-1469	-148
-1467	-149
-1464	-150
-1460	-150
-1456	-150
-1453	-150
-1446	-147
-1440	-144
-1435	-142
-1432	-142
-1429	-144
-1424	-142
-1420	-141
-1415	-141
-1413	-142
-1412	-146
-1405	-142
-1401	-141
-1398	-141
-1396	-144
-1393	-145
-1389	-145
-1387	-147
-1384	-148
-1382	-150
-1378	-149
-1372	-147
-1365	-142
-1361	-142
-1358	-142
-1353	-140
-1349	-139
-1347	-141
-1345	-143
-1342	-144
-1337	-143
-1334	-144
-1332	-145
-1330	-149
-1329	-151
-1327	-153
-1324	-155
-1320	-154
-1317	-154
-1314	-155
-1311	-157
-1309	-158
-1308	-162
-1307	-166
-1303	-166
-1301	-168
-1300	-171
-1298	-173
-1294	-173
-1291	-174
-1288	-175
-1286	-177
-1276	-167
-1268	-160
-1263	-157
-1259	-157
-1257	-158
-1254	-160
-1247	-154
-1242	-151
-1238	-151
-1236	-152
-1234	-155
-1232	-157
-1229	-158
-1227	-159
-1224	-160
-1221	-161
-1220	-165
-1218	-166
-1216	-169
-1216	-175
-1216	-179
-1212	-179
-1208	-178
-1205	-178
-1201	-178
-1198	-178
-1195	-179
-1192	-179
-1189	-180
-1186	-181
-1183	-180
-1179	-180
-1177	-182
-1172	-179
-1163	-169
-1157	-164
-1153	-164
-1151	-166
-1151	-170
-1151	-177
-1150	-180
-1148	-182
-1143	-180
-1133	-169
-1128	-165
-1126	-166
-1123	-167
-1121	-169
-1118	-170
-1113	-168
-1109	-166
-1106	-167
-1104	-168
-1102	-170
-1100	-173
-1100	-178
-1097	-179
-1095	-180
-1092	-181
-1083	-171
-1076	-164
-1071	-160
-1068	-161
-1065	-161
-1063	-162
-1060	-163
-1057	-163
-1054	-164
-1052	-165
-1050	-168
-1049	-172
-1049	-177
-1047	-179
-1043	-178
-1039	-175
-1035	-174
-1024	-158
-1020	-158
-1018	-160
-1016	-162
-1014	-163
-1011	-165
-1009	-167
-1007	-169
-1005	-170
-1003	-171
-1001	-173
-996	-170
-992	-169
-988	-167
-984	-165
-978	-158
-974	-157
-972	-158
-969	-159
-967	-161
-965	-162
-963	-164
-960	-165
-954	-158
-950	-157
-947	-157
-945	-159
-943	-161
-941	-163
-939	-164
-937	-166
-935	-169
-933	-170
-930	-171
-928	-173
-926	-175
-924	-176
-920	-175
-916	-173
-912	-170
-896	-140
-892	-138
-889	-138
-886	-139
-884	-140
-882	-141
-880	-144
-877	-143
-873	-142
-870	-141
-866	-137
-862	-135
-859	-136
-857	-137
-854	-137
-852	-138
-849	-138
-853	-154
-776	1
-774	0
-771	0
-769	0
-766	0
-763	1
-761	1
-758	1
-755	2
-752	2
-750	2
-747	2
-744	3
-742	2
-740	-0
-737	1
-735	2
-732	2
-731	-2
-731	-9
-732	-17
-729	-18
-725	-13
-720	-7
-718	-7
-719	-16
-717	-19
-715	-22
-744	-126
-743	-130
-742	-135
-741	-138
-739	-140
-737	-142
-735	-144
-732	-145
-729	-145
-727	-145
-725	-147
-723	-148
-720	-149
-718	-150
-715	-149
-713	-151
-711	-152
-708	-153
-706	-155
-704	-156
-701	-156
-698	-157
-695	-154
-689	-145
-683	-134
-678	-128
-674	-124
-670	-121
-667	-119
-663	-115
-660	-114
-657	-112
-654	-110
-651	-110
-649	-111
-646	-111
-643	-111
-641	-110
-638	-110
-636	-111
-633	-112
-631	-112
-629	-114
-627	-116
-624	-116
-622	-117
-620	-120
-618	-122
-616	-122
-614	-124
-612	-128
-612	-134
-623	-179
-620	-180
-618	-180
-614	-178
-612	-179
-609	-180
-607	-180
-603	-177
-601	-177
-597	-173
-594	-173
-591	-172
-588	-171
-586	-170
-583	-169
-579	-165
-576	-163
-573	-164
-571	-165
-569	-166
-567	-168
-565	-170
-562	-171
-560	-172
-557	-172
-555	-172
-552	-173
-550	-174
-548	-176
-546	-179
-545	-183
-543	-185
-540	-187
-538	-189
-535	-187
-532	-186
-529	-185
-527	-184
-524	-184
-521	-184
-519	-185
-516	-185
-514	-184
-511	-184
-508	-184
-502	-167
-499	-165
-496	-165
-494	-165
-491	-165
-488	-165
-486	-165
-484	-167
-482	-168
-479	-169
-476	-168
-474	-170
-472	-170
-469	-171
-467	-171
-464	-171
-462	-171
-459	-171
-457	-172
-454	-171
-452	-173
-450	-174
-447	-174
-443	-168
-441	-168
-439	-169
-437	-174
-435	-175
-432	-176
-430	-179
-428	-180
-425	-177
-422	-174
-419	-172
-416	-172
-414	-175
-411	-172
-409	-171
-405	-167
-403	-168
-401	-169
-398	-171
-396	-170
-393	-171
-391	-171
-389	-172
-386	-174
-384	-175
-382	-176
-379	-176
-377	-178
-375	-178
-372	-178
-369	-177
-367	-178
-365	-180
-363	-183
-360	-183
-358	-185
-355	-184
-353	-183
-350	-184
-348	-184
-346	-185
-343	-185
-341	-185
-338	-186
-335	-184
-333	-184
-330	-184
-328	-184
-325	-184
-323	-183
-320	-182
-318	-183
-316	-185
-313	-184
-310	-181
-308	-182
-305	-182
-303	-184
-301	-186
-298	-185
-296	-184
-293	-186
-291	-185
-288	-185
-286	-185
-283	-184
-281	-184
-278	-184
-276	-185
-273	-184
-271	-184
-268	-185
-266	-186
-263	-184
-261	-184
-258	-185
-251	-139
-249	-139
-246	-139
-244	-139
-241	-139
-239	-140
-237	-142
-235	-144
-233	-147
-230	-149
-228	-149
-226	-151
-223	-154
-221	-156
-219	-162
-218	-174
-216	-184
-214	-184
-211	-183
-209	-183
-206	-183
-204	-182
-201	-183
-199	-184
-196	-184
-194	-185
-192	-184
-189	-184
-187	-186
-184	-186
-182	-186
-179	-184
-177	-182
-174	-182
-172	-182
-169	-184
-167	-185
-164	-185
-162	-185
-160	-184
-157	-185
-155	-185
-152	-185
-150	-184
-147	-184
-145	-183
-142	-184
-140	-182
-137	-179
-135	-174
-132	-173
-130	-174
-127	-177
-125	-179
-122	-178
-120	-175
-117	-173
-115	-172
-113	-172
-110	-172
-108	-171
-105	-172
-103	-173
-100	-175
-98	-179
-96	-182
-93	-181
-91	-180
-88	-180
-86	-183
-83	-183
-81	-184
-79	-185
-76	-184
-71	-181
-69	-182
-66	-182
-64	-182
-61	-183
-59	-184
-56	-183
-54	-183
-52	-182
-49	-180
-47	-179
-44	-178
-42	-179
-39	-181
-37	-184
-34	-184
-32	-183
-29	-184
-27	-184
-25	-183
-22	-183
-20	-183
-17	-183
-15	-184
-12	-184
-10	-184
-7	-184
-5	-184
-3	-183
-0	-182
2	-183
5	-182
7	-183
10	-183
12	-184
15	-183
17	-183
20	-182
22	-183
25	-184
27	-184
29	-184
32	-183
34	-183
37	-184
39	-184
42	-184
44	-183
47	-183
49	-184
52	-184
54	-185
57	-185
59	-183
61	-182
64	-182
66	-182
69	-182
71	-183
74	-184
76	-184
79	-184
81	-184
84	-183
86	-183
89	-183
91	-183
94	-184
96	-184
98	-184
101	-183
103	-183
106	-183
108	-183
111	-181
113	-182
116	-184
118	-184
121	-184
123	-183
126	-183
128	-183
131	-184
133	-184
136	-185
138	-185
141	-183
143	-182
145	-182
148	-180
150	-176
152	-174
155	-176
157	-177
160	-179
163	-182
165	-184
168	-183
170	-183
173	-183
175	-182
178	-182
180	-182
183	-182
185	-182
188	-183
190	-182
193	-183
195	-183
198	-182
200	-179
202	-175
204	-172
206	-171
208	-170
210	-167
212	-164
215	-162
217	-160
219	-159
221	-159
224	-157
226	-154
228	-154
231	-153
233	-153
235	-151
238	-151
240	-151
243	-151
245	-153
249	-160
253	-170
257	-180
261	-184
263	-184
266	-183
268	-181
270	-181
273	-182
275	-182
278	-181
280	-178
282	-177
285	-178
287	-178
290	-178
293	-179
295	-180
298	-180
301	-182
304	-184
307	-185
309	-185
311	-183
314	-183
316	-182
319	-184
322	-185
325	-186
327	-184
329	-182
331	-181
334	-184
337	-183
339	-181
342	-181
344	-183
347	-183
349	-181
352	-180
354	-180
357	-182
360	-183
363	-186
366	-185
368	-184
370	-182
372	-181
375	-182
378	-183
380	-183
383	-182
386	-184
389	-184
390	-180
392	-178
394	-175
397	-175
399	-175
402	-175
405	-177
408	-177
410	-177
413	-179
416	-180
419	-182
422	-183
425	-183
427	-183
430	-183
433	-183
435	-183
438	-183
441	-184
443	-183
445	-181
448	-181
450	-180
453	-180
456	-181
459	-182
461	-182
464	-183
467	-183
470	-183
472	-182
475	-182
477	-181
479	-180
482	-180
485	-181
488	-182
490	-181
493	-181
496	-182
498	-181
501	-182
504	-183
507	-183
509	-182
512	-181
514	-181
517	-180
519	-179
522	-180
525	-180
528	-182
531	-182
533	-182
536	-181
539	-182
542	-182
544	-181
547	-181
550	-182
551	-179
554	-177
556	-175
558	-175
561	-175
564	-176
567	-176
570	-177
572	-176
575	-176
576	-172
577	-167
579	-164
581	-162
583	-161
585	-159
588	-158
590	-156
592	-155
594	-154
596	-152
598	-150
601	-150
604	-150
607	-150
609	-150
612	-148
613	-146
616	-145
618	-144
621	-144
624	-145
627	-146
630	-146
632	-146
631	-134
630	-124
631	-121
633	-119
635	-117
637	-115
639	-113
641	-112
644	-112
647	-112
650	-112
652	-112
655	-111
657	-111
661	-112
663	-112
667	-114
670	-115
674	-118
679	-123
694	-155
697	-154
699	-153
702	-153
704	-152
707	-152
710	-151
712	-150
715	-149
718	-149
720	-148
722	-146
725	-146
728	-146
730	-144
732	-143
735	-142
737	-141
740	-141
742	-140
744	-137
745	-134
746	-130
747	-126
748	-121
749	-116
749	-111
749	-104
720	-10
720	-6
722	-4
723	-0
725	2
727	3
729	4
732	3
735	3
737	4
740	5
743	5
746	3
749	2
753	1
755	1
758	2
761	1
775	0
777	2
779	3
781	3
851	-107
854	-106
857	-105
859	-104
861	-103
865	-103
868	-105
872	-106
879	-113
909	-166
912	-165
916	-166
919	-167
923	-169
926	-168
927	-164
931	-166
934	-165
937	-165
940	-164
943	-165
946	-165
950	-166
953	-165
956	-165
959	-164
961	-164
964	-163
967	-163
971	-163
974	-164
978	-165
981	-164
984	-164
987	-164
991	-166
996	-168
1000	-171
1007	-176
1012	-179
1015	-179
1018	-179
1021	-178
1024	-177
1024	-173
1026	-170
1028	-168
1030	-166
1032	-163
1034	-161
1037	-160
1039	-159
1044	-162
1052	-169
1061	-178
1064	-177
1067	-178
1071	-178
1075	-179
1078	-179
1080	-178
1084	-178
1089	-180
1091	-179
1095	-179
1098	-179
1101	-178
1104	-177
1106	-176
1109	-174
1111	-173
1113	-170
1116	-170
1119	-169
1122	-167
1124	-166
1127	-165
1130	-164
1132	-163
1135	-162
1139	-163
1141	-161
1143	-157
1143	-152
1142	-147
1144	-143
1147	-144
1151	-144
1154	-143
1157	-142
1165	-150
1175	-159
1181	-163
1185	-163
1188	-162
1191	-162
1194	-161
1190	-150
1191	-147
1198	-152
1207	-160
1210	-159
1214	-159
1218	-160
1222	-161
1226	-160
1229	-160
1235	-164
1239	-164
1242	-163
1242	-159
1241	-152
1241	-146
1241	-141
1242	-138
1246	-138
1259	-151
1263	-151
1269	-154
1273	-156
1284	-166
1289	-167
1293	-168
1295	-166
1300	-166
1303	-166
1305	-164
1307	-161
1308	-158
1308	-153
1308	-148
1309	-144
1311	-141
1314	-140
1318	-141
1323	-142
1326	-142
1335	-148
1341	-152
1346	-152
1349	-152
1352	-151
1356	-151
1361	-153
1365	-152
1370	-154
1375	-156
1378	-154
1381	-153
1385	-153
1390	-154
1399	-161
1403	-161
1405	-158
1407	-156
1411	-156
1414	-155
1417	-154
1422	-155
1425	-154
1428	-152
1430	-150
1433	-148
1434	-146
1437	-144
1440	-142
1443	-142
1451	-146
1457	-149
1462	-150
1465	-149
1468	-147
1471	-146
1473	-143
1475	-141
1478	-140
1485	-144
1488	-142
1491	-141
1495	-140
1502	-144
1511	-149
1522	-158
1526	-157
1529	-155
1531	-153
1534	-152
1537	-150
1540	-148
1541	-146
1544	-144
1547	-143
1550	-141
1552	-139
1556	-138
1561	-139
1565	-139
1571	-141
1573	-138
1576	-136
1580	-136
1584	-136
1588	-135
1592	-135
1597	-136
1601	-135
1604	-134
1606	-131
1609	-130
1615	-132
1624	-137
1631	-139
1637	-141
1640	-139
1643	-137
1647	-137
1652	-137
1657	-138
1659	-135
1660	-131
1661	-128
1664	-127
1669	-127
1673	-126
1678	-126
1683	-128
1692	-132
1697	-132
1702	-132
1708	-134
1716	-137
1722	-139
1729	-141
1733	-140
1736	-138
1739	-137
1744	-137
1751	-139
1755	-139
1757	-136
1758	-133
1764	-133
1772	-137
1777	-137
1782	-137
1787	-137
1789	-134
1794	-134
1799	-134
1801	-132
1806	-132
1817	-138
1826	-141
1829	-140
1833	-138
1836	-137
1841	-137
1844	-135
1846	-132
1850	-131
1854	-130
1859	-130
1864	-130
1868	-129
1877	-133
1881	-131
1885	-131
1890	-131
1896	-131
1900	-131
1903	-128
1905	-126
1911	-126
1916	-126
1918	-123
1923	-123
1930	-124
1933	-123
1936	-121
1940	-119
1943	-118
1950	-119
1960	-123
1965	-123
1972	-124
1983	-129
1990	-130
1996	-131
1998	-128
2001	-126
2005	-125
2010	-124
2015	-123
2019	-123
2020	-119
2022	-115
2032	-119
2039	-121
2043	-119
2047	-118
2056	-121
2059	-119
2062	-116
2069	-118
2081	-123
2089	-125
2093	-124
2101	-125
2106	-124
2107	-121
2105	-114
2108	-112
2113	-111
2111	-105
2112	-101
2118	-101
2128	-105
2132	-102
2134	-100
2137	-97
2137	-93
2138	-88
2140	-86
2143	-83
2149	-83
2153	-82
2158	-81
2163	-80
2168	-79
2173	-78
2177	-77
2182	-76
2190	-78
2199	-80
2210	-83
2217	-85
2223	-84
2227	-82
2232	-81
2235	-79
2239	-78
2244	-76
2248	-75
2251	-72
2255	-70
2262	-71
2275	-76
2280	-75
2282	-72
2286	-70
2291	-69
2300	-71
2312	-75
2310	-68
2312	-65
2314	-62
2314	-57
2313	-51
2312	-46
2311	-40
2311	-35
2310	-31
2314	-28
2317	-26
2320	-23
2323	-20
2326	-18
2330	-16
2332	-13
2335	-10
2337	-7
2340	-5
2344	-3
2347	0
2349	3
2353	5
2357	7
2362	8
2365	11
2368	13
2371	17
2375	19
2377	22
2378	26
2379	30
2378	35
2378	40
2378	44
2379	48
2381	51
2382	55
2380	61
2381	65
2382	69
2383	73
2385	77
2386	80
2387	84
2388	88
2390	92
2390	96
2391	100
2393	103
2394	107
2395	111
2396	115
2395	120
2395	125
2397	128
2397	133
2398	136
2398	141
2398	145
2397	150
2399	154
2400	158
2402	161
2403	165
2404	168
2404	173
2405	177
2404	182
2406	185
2407	189
2408	193
2409	196
2410	200
2412	203
2413	207
2414	211
2414	216
2416	219
2417	223
2418	226
2419	230
2420	234
2420	238
2420	242
2421	246
2422	250
2423	254
2423	258
2424	262
2425	266
2427	269
2428	273
2429	277
2431	279
2432	283
2433	287
2434	291
2436	294
2439	297
2440	301
2441	304
2443	307
2444	311
2444	315
2446	318
2448	322
2449	325
2450	329
2451	333
2451	337
2451	341
2452	345
2451	349
2450	354
2451	358
2454	361
2455	365
2456	368
2457	372
2456	376
2457	380
2457	384
2458	388
2460	391
2460	396
2460	399
2459	404
2460	408
2460	412
2460	416
2463	419
2464	422
2464	427
2465	430
2465	434
2464	439
2464	443
2467	446
2468	449
2468	453
2468	457
2470	461
2470	465
2471	468
2472	472
2473	476
2473	480
2474	483
2474	487
2474	491
2476	495
2477	498
2477	502
2480	505
2481	508
2483	512
2483	515
2483	520
2484	523
2484	527
2485	531
2486	535
2488	537
2490	541
2490	545
2490	549
2491	552
2493	555
2493	559
2493	563
2495	567
2496	570
2496	574
2497	577
2498	581
2499	585
2500	588
2501	592
2502	595
2503	599
2503	603
2504	606
2505	610
2507	613
2507	617
2509	620
2509	624
2511	627
2511	631
2511	635
2511	639
2511	643
2512	646
2513	650
2514	654
2515	657
2515	661
2516	664
2517	668
2519	671
2519	675
2519	679
2521	682
2522	685
2524	688
2526	692
2525	696
2526	699
2528	703
2530	706
2530	709
2531	713
2532	717
2533	720
2534	723
2535	727
2535	731
2535	735
2536	738
2538	741
2539	745
2539	749
2540	752
2542	755
2542	759
2541	763
2543	767
2545	770
2546	773
2546	777
2547	780
2549	784
2549	788
2550	791
2550	795
2551	798
2552	802
2553	805
2554	809
2555	812
2556	816
2558	819
2558	822
2560	826
2562	829
2562	833
2562	836
2561	841
2562	844
2564	847
2565	851
2568	854
2569	857
2569	861
2570	864
2571	868
2572	871
2573	875
2573	878
2573	882
2574	886
2575	889
2576	893
2578	896
2578	899
2578	903
2579	907
2581	910
2582	914
2583	917
2584	921
2586	924
2587	927
2587	931
2588	934
2590	938
2590	941
2590	945
2593	948
2593	951
2594	955
2596	958
2597	962
2596	966
2597	969
2598	973
2599	976
2601	979
2602	983
2603	986
2603	990
2604	994
2606	997
2607	1000
2607	1004
2608	1007
2609	1011
2610	1014
2611	1018
2611	1022
2613	1025
2614	1028
2615	1032
2615	1035
2617	1039
2618	1042
2619	1046
2620	1049
2621	1053
2621	1056
2622	1060
2623	1063
2625	1066
2627	1070
2627	1073
2628	1077
2629	1080
2631	1084
2633	1087
2633	1090
2634	1094
2635	1098
2636	1101
2637	1104
2637	1108
2639	1111
2640	1115
2640	1119
2642	1122
2643	1125
2644	1129
2644	1133
2646	1136
2647	1139
2648	1143
2649	1146
2650	1150
2651	1153
2651	1157
2652	1161
2653	1164
2654	1167
2656	1171
2657	1174
2657	1178
2658	1182
2659	1185
2660	1188
2661	1192
2662	1196
2662	1199
2664	1203
2666	1206
2667	1209
2668	1213
2668	1217
2669	1220
2670	1224
2670	1227
2672	1231
2673	1234
2674	1238
2675	1241
2675	1245
2676	1248
2677	1252
2678	1255
2677	1259
2679	1263
2680	1266
2679	1270
2681	1273
2681	1277
2683	1280
2685	1284
2687	1287
2687	1291
2689	1294
2690	1298
2692	1301
2692	1305
2693	1308
2694	1312
2695	1315
2695	1319
2697	1323
2697	1326
2698	1330
2699	1333
2700	1337
2699	1341
2701	1344
2702	1348
2703	1351
2704	1355
2704	1358
2706	1362
2707	1365
2708	1369
2708	1373
2708	1376
2709	1380
2710	1383
2712	1387
2712	1391
2713	1394
2714	1398
2714	1401
2714	1405
2715	1409
2716	1412
2717	1416
2718	1419
2718	1423
2719	1427
2719	1430
2721	1434
2722	1437
2723	1441
2723	1445
2724	1448
2724	1452
2724	1456
2725	1459
2726	1463
2726	1466
2726	1470
2729	1474
2729	1477
2730	1481
2731	1484
2732	1488
2732	1492
2732	1495
2734	1499
2735	1503
2735	1506
2736	1510
2737	1514
2738	1517
2738	1521
2740	1524
2740	1528
2742	1532
2743	1535
2743	1539
2743	1543
2742	1546
2744	1550
2746	1554
2747	1557
2748	1561
2748	1564
2748	1568
2749	1572
2750	1575
2750	1579
2751	1583
2751	1586
2751	1590
2752	1594
2754	1597
2755	1601
2756	1605
2756	1608
2756	1612
2757	1616
2759	1619
2759	1623
2760	1627
2760	1631
2762	1634
2764	1638
2765	1642
2765	1645
2766	1649
2767	1653
2767	1656
2767	1660
2767	1664
2768	1667
