2627	1672
2628	1676
2629	1679
2629	1683
2630	1686
2628	1690
2632	1697
2633	1700
2633	1704
2633	1707
2633	1711
2634	1714
2636	1718
2637	1722
2637	1725
2638	1729
2637	1732
2636	1736
2636	1739
2637	1743
2640	1746
2642	1750
2641	1754
2638	1757
2641	1761
2643	1764
2642	1768
2643	1771
2642	1775
2643	1778
2643	1782
2643	1785
2642	1789
2643	1793
2644	1796
2647	1800
2648	1803
2649	1807
2649	1811
2647	1814
2647	1818
2647	1821
2647	1825
2648	1828
2648	1832
2647	1835
2649	1839
2651	1843
2652	1846
2651	1850
2651	1853
2651	1857
2653	1861
2654	1864
2650	1868
2650	1871
2654	1875
2654	1879
2653	1882
2653	1886
2653	1889
2655	1893
2655	1897
2657	1900
2657	1904
2657	1908
2658	1911
2659	1915
2658	1918
2656	1922
2656	1925
2658	1929
2658	1933
2657	1936
2659	1940
2657	1943
2657	1947
2658	1951
2659	1954
2662	1958
2662	1962
2660	1965
2659	1969
2658	1972
2657	1976
2657	1979
2658	1983
2659	1987
2657	1990
2656	1994
2655	1997
2656	2001
2658	2005
2659	2009
2660	2012
2660	2016
2660	2019
2661	2023
2662	2027
2662	2031
2662	2034
2663	2038
2662	2041
2663	2045
2663	2049
2662	2052
2662	2056
2665	2060
2666	2064
2666	2067
2667	2071
2669	2075
2671	2079
2671	2083
2669	2086
2669	2090
2670	2094
2671	2097
2672	2101
2673	2105
2671	2108
2671	2112
2673	2116
2671	2119
2674	2123
2674	2127
2675	2131
2675	2135
2676	2139
2677	2142
2678	2146
2678	2150
2677	2153
2676	2157
2677	2161
2675	2164
2676	2168
2679	2172
2678	2176
2677	2179
2678	2183
2679	2187
2680	2191
2681	2195
2680	2198
2679	2202
2679	2206
2677	2209
2676	2213
2677	2216
2678	2220
2679	2224
2678	2228
2679	2232
2678	2235
2680	2239
2681	2243
2681	2247
2681	2251
2680	2254
2678	2258
2677	2261
2679	2265
2680	2269
2679	2273
2680	2277
2680	2281
2682	2285
2680	2288
2680	2292
2683	2296
2684	2300
2682	2304
2681	2307
2682	2311
2681	2315
2682	2319
2681	2322
2680	2326
2683	2330
2683	2334
2684	2338
2685	2342
2683	2346
2683	2350
2685	2354
2686	2358
2686	2362
2684	2365
2684	2369
2683	2372
2682	2376
2681	2379
2679	2383
2679	2387
2682	2391
2685	2396
2685	2400
2682	2403
2685	2407
2688	2412
2689	2416
2692	2421
2693	2425
2689	2428
2689	2432
2691	2436
2693	2440
2692	2444
2692	2448
2692	2452
2690	2455
2688	2458
2690	2463
2689	2466
2688	2470
2687	2474
2689	2478
2691	2482
2691	2486
2690	2490
2688	2493
2688	2497
2689	2502
2689	2506
2691	2510
2694	2515
2694	2519
2695	2523
2693	2526
2691	2530
2691	2534
2692	2538
2692	2542
2692	2546
2691	2550
2694	2554
2696	2559
2694	2562
2693	2566
2694	2570
2693	2574
2692	2578
2696	2583
2695	2587
2695	2591
2696	2595
2697	2599
2698	2604
2697	2607
2696	2611
2696	2615
2698	2620
2699	2624
2700	2628
2700	2632
2701	2637
2703	2642
2704	2646
2703	2650
2703	2654
2703	2658
2703	2662
2702	2666
2703	2670
2701	2674
2699	2677
2699	2681
2696	2684
2697	2688
2700	2693
2700	2698
2699	2701
2698	2705
2696	2708
2699	2713
2701	2718
2701	2722
2701	2727
2702	2731
2700	2735
2702	2739
2702	2744
2704	2748
2703	2752
2702	2756
2701	2760
2702	2764
2702	2769
2701	2772
2701	2777
2703	2782
2704	2786
2702	2790
2703	2794
2703	2798
2703	2802
2702	2806
2702	2810
2701	2814
2701	2819
2702	2823
2703	2828
2702	2832
2705	2837
2704	2841
2705	2846
2708	2851
2710	2856
2710	2861
2708	2864
2705	2867
2704	2871
2702	2874
2704	2880
2705	2884
2705	2888
2709	2894
2711	2900
2710	2904
2709	2908
2708	2911
2708	2916
2709	2921
2710	2926
2711	2930
2709	2934
2705	2936
2706	2941
2712	2948
2711	2952
2710	2956
2705	2958
2704	2962
2704	2966
2702	2970
2701	2974
2701	2978
2702	2983
2704	2989
2709	2995
2711	3001
2710	3005
2708	3008
2708	3013
2709	3018
2709	3022
2707	3025
2707	3030
2710	3036
2711	3041
2711	3046
2710	3049
2706	3052
2704	3056
2704	3060
2705	3065
2703	3069
2701	3072
2701	3076
2701	3081
2701	3086
2706	3093
2708	3099
2707	3103
2708	3108
2693	3104
2672	3098
2659	3096
2649	3095
2645	3098
2640	3100
2637	3102
2634	3105
2631	3108
2628	3112
2627	3116
2697	3157
2707	3167
2711	3174
2702	3174
2705	3180
2708	3186
2709	3192
2708	3196
2709	3201
2707	3204
2706	3209
2707	3214
2707	3219
2707	3223
2705	3227
2705	3232
2705	3237
2705	3242
2705	3246
2704	3250
2701	3254
2702	3259
2705	3265
2704	3270
2705	3275
2700	3277
2697	3280
2695	3284
2698	3290
2701	3297
2700	3301
2698	3305
2699	3310
2701	3316
2699	3320
2695	3322
2693	3326
2695	3332
2694	3337
2693	3341
2695	3347
2697	3353
2698	3358
2695	3362
2692	3365
2691	3369
2691	3374
2692	3380
2693	3385
2694	3391
2693	3395
2692	3400
2692	3405
2692	3410
2690	3413
2690	3418
2689	3423
2688	3427
2686	3431
2689	3438
2689	3443
2686	3447
2686	3451
2685	3456
2686	3462
2686	3467
2685	3471
2683	3475
2682	3479
2681	3484
2680	3488
2677	3492
2677	3496
2677	3502
2678	3508
2676	3512
2676	3517
2672	3519
2670	3523
2669	3528
2669	3533
2670	3539
2671	3544
2669	3549
2668	3553
2668	3558
2669	3564
2670	3570
2669	3575
2669	3580
2669	3586
2670	3591
2669	3596
2668	3600
2668	3606
2668	3611
2669	3617
2667	3622
2665	3625
2663	3629
2664	3635
2663	3640
2662	3645
2659	3648
2660	3654
2660	3659
2659	3664
2658	3669
2658	3674
2657	3679
2656	3684
2655	3688
2654	3693
2653	3699
2652	3703
2651	3708
2649	3712
2648	3717
2648	3722
2649	3728
2648	3733
2647	3738
2645	3742
2645	3748
2645	3753
2645	3759
2644	3764
2643	3769
2642	3773
2642	3779
2639	3782
2637	3787
2636	3791
2634	3795
2633	3801
2634	3807
2632	3812
2632	3817
2631	3822
2630	3827
2631	3833
2630	3839
2630	3844
2628	3848
2626	3853
2627	3860
2626	3864
2626	3870
2624	3875
2622	3878
2622	3884
2623	3891
2619	3894
2617	3898
2619	3905
2620	3912
2619	3917
2617	3921
2614	3925
2609	3926
2602	3927
2597	3929
2593	3931
2594	3938
2590	3941
2589	3946
2589	3952
2596	3963
2603	3976
2604	3983
2603	3988
2602	3993
2601	3998
2598	4002
2597	4007
2595	4012
2596	4018
2593	4022
2592	4027
2592	4033
2590	4038
2588	4042
2587	4048
2585	4053
2584	4057
2584	4064
2584	4070
2582	4074
2580	4079
2579	4085
2578	4090
2576	4094
2572	4097
2570	4102
2570	4107
2571	4115
2570	4120
2568	4125
2566	4130
2565	4136
2564	4140
2562	4145
2560	4150
2558	4155
2558	4161
2557	4166
2554	4171
2552	4175
2552	4181
2551	4187
2294	3947
2292	3951
2289	3954
2286	3957
2284	3961
2275	3959
2270	3960
2276	3971
2279	3980
2278	3985
2275	3989
2272	3992
2534	4257
2530	4260
2528	4264
2528	4271
2525	4275
2521	4278
2517	4280
2514	4284
2512	4288
2508	4291
2505	4295
2502	4299
2499	4303
2497	4307
2493	4311
2491	4316
2488	4320
2484	4322
2482	4326
2481	4332
2479	4337
2476	4341
2473	4345
2470	4349
2468	4354
2465	4357
2462	4362
2458	4365
2456	4370
2454	4374
2449	4376
2446	4380
2444	4385
2441	4389
2439	4394
2438	4399
2435	4403
2431	4406
2426	4408
2424	4413
2421	4417
2418	4420
2413	4423
2410	4426
2408	4431
2409	4439
2407	4445
2403	4448
2401	4452
2398	4457
2395	4460
2393	4465
2389	4468
2384	4469
2381	4474
2379	4479
2377	4483
2374	4488
2371	4491
2368	4496
2367	4502
2362	4504
2360	4509
2356	4512
2352	4515
2349	4518
2346	4522
2342	4525
2337	4527
2332	4528
2329	4532
2326	4537
2323	4540
2318	4542
2315	4546
2312	4550
2310	4555
2307	4559
2302	4561
2299	4565
2296	4569
2291	4571
2288	4574
2285	4579
2282	4583
2277	4584
2274	4588
2271	4593
2268	4596
2264	4599
2259	4600
2255	4604
2253	4609
2250	4613
2248	4618
2244	4621
2240	4624
2237	4628
2233	4631
2230	4635
2227	4639
2223	4642
2219	4644
2215	4648
2213	4653
2208	4655
2204	4657
2200	4661
2196	4663
2191	4665
2188	4668
2185	4673
2180	4675
2177	4678
2175	4685
2173	4690
2171	4694
2167	4698
2163	4701
2159	4703
2155	4706
2152	4711
2150	4717
2148	4721
2144	4724
2140	4728
2137	4731
2133	4735
2131	4740
2128	4745
2124	4748
2120	4751
2118	4755
2115	4761
2112	4764
2109	4769
2107	4774
2103	4778
2100	4781
2096	4785
2094	4790
2090	4794
2088	4799
2084	4803
2080	4805
2076	4808
2072	4811
2069	4815
2065	4818
2063	4825
2060	4829
2057	4833
2054	4837
2049	4839
2045	4842
2040	4844
2036	4846
2033	4850
2030	4855
2026	4859
2023	4862
2019	4866
2017	4871
2015	4878
2012	4882
2009	4886
2005	4890
2001	4893
1996	4895
1992	4897
1988	4900
1984	4904
1980	4907
1977	4910
1973	4914
1969	4916
1964	4918
1960	4921
1956	4925
1953	4929
1949	4932
1946	4936
1943	4941
1939	4944
1935	4948
1931	4950
1926	4951
1920	4951
1915	4953
1911	4956
1907	4960
1904	4964
1900	4968
1897	4971
1893	4974
1888	4977
1885	4980
1881	4984
1877	4987
1873	4991
1869	4994
1866	4997
1862	5002
1860	5008
1856	5011
1852	5013
1847	5016
1842	5018
1838	5020
1834	5023
1830	5027
1826	5030
1822	5033
1817	5034
1813	5037
1808	5039
1804	5041
1800	5044
1796	5047
1792	5051
1787	5053
1783	5055
1779	5058
1775	5062
1771	5065
1767	5068
1762	5070
1757	5071
1752	5072
1748	5075
1743	5076
1738	5078
1734	5081
1730	5085
1727	5089
1722	5091
1718	5095
1714	5098
1712	5105
1708	5108
1705	5113
1702	5117
1698	5121
1693	5123
1689	5126
1686	5131
1682	5134
1677	5136
1673	5139
1670	5143
1666	5147
1662	5151
1657	5152
1653	5156
1649	5159
1645	5161
1640	5163
1635	5166
1631	5169
1627	5171
1622	5173
1618	5176
1614	5180
1610	5183
1605	5184
1599	5184
1595	5187
1591	5190
1587	5193
1583	5196
1579	5200
1575	5203
1570	5206
1566	5209
1561	5211
1557	5213
1552	5215
1548	5217
1542	5218
1537	5220
1532	5221
1528	5223
1525	5229
1521	5232
1517	5236
1513	5239
1508	5241
1504	5243
1499	5245
1494	5248
1490	5250
1486	5253
1481	5255
1476	5257
1471	5259
1467	5261
1464	5267
1460	5270
1455	5272
1450	5273
1445	5275
1440	5277
1436	5279
1431	5282
1427	5286
1424	5290
1420	5294
1415	5295
1410	5296
1405	5298
1400	5300
1395	5300
1390	5302
1386	5305
1381	5308
1378	5312
1373	5315
1369	5317
1363	5318
1359	5320
1354	5323
1351	5327
1347	5331
1342	5334
1338	5337
1333	5337
1327	5337
1322	5338
1317	5340
1313	5344
1309	5348
1305	5351
1300	5352
1295	5355
1291	5357
1286	5358
1281	5359
1275	5360
1271	5363
1267	5365
1262	5369
1258	5373
1253	5374
1249	5377
1245	5380
1240	5382
1234	5382
1230	5384
1225	5387
1222	5392
1217	5395
1212	5397
1208	5400
1203	5402
1199	5404
1194	5407
1189	5409
1185	5411
1179	5411
1174	5413
1170	5415
1165	5416
1160	5419
1156	5422
1151	5425
1147	5427
1142	5428
1136	5429
1131	5428
1126	5429
1121	5431
1116	5434
1112	5436
1107	5439
1102	5440
1098	5445
1094	5448
1090	5452
1085	5453
1079	5454
1074	5455
1070	5459
1065	5460
1060	5462
1056	5464
1051	5467
1047	5470
1042	5471
1037	5474
1033	5477
1028	5479
1023	5481
1018	5482
1013	5484
1008	5485
1003	5487
998	5488
993	5490
988	5492
984	5494
979	5495
974	5500
969	5501
964	5500
959	5503
954	5503
949	5504
944	5505
939	5506
934	5507
929	5511
924	5513
920	5515
915	5518
910	5519
905	5522
901	5526
896	5529
892	5531
887	5535
883	5538
878	5539
873	5541
868	5542
863	5545
859	5549
853	5550
848	5551
844	5553
839	5555
834	5558
829	5561
824	5563
820	5565
815	5566
809	5567
804	5569
799	5571
794	5572
789	5572
784	5573
779	5573
774	5574
768	5574
763	5575
758	5575
753	5577
748	5579
743	5581
738	5581
732	5580
727	5580
721	5579
716	5578
711	5578
705	5578
700	5580
696	5583
691	5585
686	5585
680	5585
675	5584
670	5584
664	5583
659	5583
653	5583
648	5583
643	5584
638	5587
634	5590
629	5591
623	5590
618	5589
613	5590
607	5589
602	5588
596	5588
591	5589
586	5590
581	5590
576	5592
571	5593
566	5596
561	5599
556	5600
551	5600
546	5601
541	5602
536	5604
531	5605
527	5610
521	5610
516	5609
511	5610
506	5611
501	5612
496	5614
491	5615
485	5615
480	5616
475	5618
470	5619
465	5621
460	5622
455	5622
449	5622
445	5625
440	5626
434	5627
429	5628
424	5628
419	5631
414	5631
409	5631
404	5633
399	5635
394	5636
388	5637
383	5637
378	5636
373	5635
367	5637
362	5637
357	5638
352	5639
347	5637
341	5638
336	5637
331	5637
326	5636
320	5636
315	5636
310	5637
305	5636
300	5637
294	5637
289	5639
284	5640
279	5642
274	5643
269	5642
264	5644
259	5645
253	5644
248	5642
243	5642
237	5641
232	5640
227	5639
221	5637
216	5637
211	5639
206	5640
201	5639
196	5637
190	5638
185	5640
180	5640
175	5639
170	5640
165	5645
160	5650
155	5652
149	5650
144	5649
139	5648
134	5647
129	5647
123	5646
118	5647
113	5648
108	5651
103	5652
98	5654
93	5658
87	5659
82	5659
77	5658
72	5658
67	5660
62	5662
56	5663
51	5662
46	5662
41	5662
35	5662
30	5662
25	5662
20	5663
15	5665
10	5667
4	5669
-1	5670
-6	5673
-11	5678
-16	5681
-22	5683
-27	5683
-32	5685
-37	5688
-42	5692
-48	5694
-53	5696
-58	5697
-63	5698
-69	5698
-74	5698
-79	5699
-84	5701
-90	5704
-95	5704
-100	5731
-103	5016
-107	5015
-111	5016
-116	5014
-120	5012
-124	5011
-129	5012
-133	5012
-137	5011
-142	5004
-146	4995
-150	4992
-154	4992
-159	4991
-163	4990
-167	4989
-172	4992
-176	4993
-181	4997
-185	5006
-190	5010
-194	5011
-198	5011
-203	5010
-207	5012
-212	5015
-216	5015
-221	5017
-262	5666
-267	5668
-272	5669
-277	5668
-282	5666
-288	5664
-293	5665
-298	5665
-303	5664
-309	5665
-314	5664
-319	5663
-324	5662
-329	5661
-334	5660
-339	5659
-344	5655
-349	5652
-354	5650
-359	5646
-364	5643
-369	5641
-375	5639
-380	5637
-385	5634
-389	5629
-394	5626
-399	5623
-404	5621
-409	5618
-414	5617
-419	5615
-424	5614
-429	5611
-434	5608
-439	5604
-444	5603
-449	5602
-454	5604
-460	5604
-464	5600
-470	5599
-475	5601
-480	5597
-484	5594
-489	5590
-494	5589
-499	5587
-504	5585
-509	5583
-514	5580
-519	5579
-524	5578
-529	5578
-534	5577
-539	5575
-544	5575
-550	5575
-555	5574
-560	5574
-565	5573
-570	5572
-575	5573
-580	5573
-585	5572
-590	5571
-595	5569
-600	5567
-605	5567
-610	5566
-615	5563
-620	5562
-625	5561
-630	5559
-635	5557
-640	5556
-645	5554
-650	5553
-655	5552
-660	5552
-665	5550
-670	5549
-675	5548
-680	5548
-685	5548
-690	5543
-695	5542
-700	5542
-705	5542
-710	5540
-715	5539
-720	5537
-725	5534
-729	5531
-734	5529
-739	5527
-744	5527
-749	5526
-754	5525
-759	5521
-764	5521
-769	5520
-774	5518
-778	5516
-783	5514
-788	5513
-793	5511
-798	5510
-803	5508
-808	5508
-813	5505
-817	5500
-822	5498
-827	5497
-832	5497
-837	5496
-842	5494
-846	5493
-851	5492
-856	5489
-861	5487
-866	5486
-871	5484
-876	5482
-880	5480
-885	5479
-890	5477
-895	5476
-900	5475
-905	5475
-910	5476
-915	5474
-920	5473
-926	5473
-931	5474
-936	5474
-941	5473
-946	5472
-951	5473
-957	5473
-962	5471
-966	5469
-971	5467
-976	5465
-980	5463
-986	5463
-991	5464
-996	5463
-1001	5462
-1006	5460
-1011	5460
-1016	5459
-1021	5457
-1026	5455
-1031	5454
-1036	5455
-1041	5453
-1046	5451
-1051	5450
-1055	5445
-1059	5441
-1064	5439
-1068	5437
-1073	5435
-1078	5433
-1083	5431
-1087	5429
-1092	5428
-1097	5427
-1102	5425
-1107	5422
-1111	5420
-1116	5418
-1121	5416
-1126	5417
-1131	5416
-1135	5412
-1140	5409
-1145	5408
-1150	5407
-1155	5408
-1161	5408
-1166	5409
-1171	5407
-1175	5405
-1180	5403
-1185	5402
-1190	5401
-1195	5400
-1199	5396
-1205	5396
-1209	5393
-1214	5392
-1219	5390
-1224	5390
-1229	5388
-1234	5389
-1239	5387
-1245	5387
-1250	5387
-1255	5385
-1259	5384
-1265	5383
-1269	5381
-1274	5378
-1278	5376
-1283	5374
-1288	5373
-1293	5372
-1298	5371
-1304	5372
-1310	5373
-1315	5374
-1320	5373
-1325	5371
-1330	5371
-1335	5370
-1340	5368
-1345	5367
-1350	5365
-1355	5363
-1359	5361
-1364	5359
-1368	5356
-1374	5356
-1379	5356
-1385	5356
-1389	5353
-1393	5349
-1397	5345
-1401	5342
-1406	5341
-1411	5339
-1416	5338
-1421	5336
-1427	5337
-1431	5335
-1436	5333
-1440	5329
-1444	5326
-1449	5324
-1452	5319
-1456	5315
-1461	5312
-1466	5312
-1470	5309
-1475	5306
-1479	5304
-1485	5303
-1490	5303
-1496	5304
-1501	5302
-1505	5300
-1510	5299
-1515	5298
-1520	5297
-1525	5296
-1530	5294
-1534	5291
-1539	5288
-1543	5286
-1548	5284
-1553	5282
-1558	5281
-1563	5280
-1569	5282
-1575	5282
-1580	5281
-1585	5279
-1589	5277
-1594	5275
-1598	5272
-1603	5269
-1607	5267
-1612	5264
-1616	5262
-1621	5260
-1625	5257
-1629	5252
-1633	5249
-1638	5248
-1643	5247
-1648	5245
-1652	5242
-1656	5238
-1660	5234
-1665	5233
-1669	5231
-1674	5228
-1678	5225
-1682	5221
-1685	5217
-1689	5213
-1694	5211
-1698	5208
-1703	5206
-1708	5204
-1712	5202
-1717	5200
-1721	5198
-1725	5194
-1730	5192
-1735	5190
-1739	5188
-1744	5186
-1748	5184
-1752	5180
-1756	5176
-1760	5173
-1764	5169
-1768	5165
-1772	5162
-1776	5159
-1780	5156
-1785	5154
-1789	5151
-1793	5147
-1797	5144
-1801	5140
-1804	5136
-1809	5135
-1815	5134
-1820	5134
-1824	5130
-1827	5125
-1831	5121
-1836	5120
-1840	5118
-1845	5115
-1849	5113
-1854	5111
-1859	5110
-1864	5109
-1868	5106
-1873	5105
-1878	5102
-1882	5100
-1885	5095
-1886	5085
-1889	5081
-1893	5077
-1897	5074
-1901	5070
-1904	5067
-1909	5065
-1914	5063
-1918	5060
-1922	5057
-1927	5054
-1931	5053
-1935	5050
-1938	5044
-1942	5040
-1944	5034
-1948	5031
-1952	5029
-1956	5024
-1959	5020
-1964	5018
-1967	5013
-1971	5010
-1975	5008
-1978	5003
-1981	4998
-1985	4995
-1989	4991
-1993	4988
-1997	4985
-2000	4980
-2004	4977
-2007	4974
-2011	4970
-2015	4967
-2019	4964
-2024	4962
-2028	4959
-2032	4956
-2035	4951
-2038	4947
-2042	4944
-2047	4942
-2053	4942
-2057	4940
-2059	4934
-2064	4931
-2068	4930
-2073	4927
-2076	4924
-2081	4921
-2085	4918
-2089	4915
-2093	4912
-2097	4909
-2100	4904
-2103	4901
-2108	4898
-2112	4895
-2116	4893
-2120	4889
-2124	4887
-2128	4884
-2132	4880
-2136	4878
-2139	4874
-2143	4870
-2147	4868
-2152	4866
-2157	4864
-2161	4861
-2164	4857
-2167	4853
-2172	4851
-2177	4850
-2182	4847
-2185	4843
-2188	4839
-2190	4833
-2193	4829
-2197	4825
-2201	4822
-2205	4820
-2209	4817
-2212	4812
-2215	4809
-2218	4804
-2223	4802
-2228	4800
-2233	4800
-2238	4798
-2241	4793
-2243	4788
-2247	4784
-2251	4781
-2255	4779
-2259	4776
-2263	4773
-2266	4769
-2268	4763
-2272	4759
-2276	4757
-2281	4755
-2286	4754
-2289	4749
-2292	4745
-2295	4741
-2299	4738
-2303	4735
-2306	4731
-2309	4726
-2312	4722
-2315	4719
-2318	4714
-2322	4710
-2326	4708
-2331	4706
-2335	4704
-2340	4702
-2344	4700
-2349	4697
-2353	4694
-2356	4690
-2359	4686
-2362	4682
-2366	4679
-2369	4675
-2372	4671
-2375	4667
-2380	4665
-2384	4662
-2386	4657
-2390	4653
-2392	4649
-2395	4644
-2398	4640
-2401	4636
-2404	4632
-2407	4628
-2412	4625
-2416	4622
-2421	4621
-2425	4618
-2428	4614
-2430	4609
-2434	4605
-2434	4598
-2435	4591
-2438	4588
-2441	4583
-2444	4579
-2449	4577
-2453	4575
-2456	4571
-2461	4569
-2464	4566
-2468	4562
-2470	4557
-2473	4553
-2477	4550
-2481	4547
-2485	4544
-2486	4537
-2486	4530
-2489	4526
-2493	4523
-2497	4521
-2502	4519
-2505	4515
-2509	4512
-2513	4509
-2516	4505
-2518	4500
-2519	4493
-2522	4490
-2526	4487
-2529	4483
-2533	4480
-2535	4475
-2537	4470
-2540	4466
-2544	4463
-2548	4460
-2552	4457
-2555	4453
-2557	4448
-2559	4444
-2561	4439
-2564	4434
-2565	4429
-2568	4425
-2573	4423
-2579	4423
-2582	4418
-2584	4413
-2587	4410
-2590	4406
-2591	4399
-2593	4395
-2594	4388
-2595	4382
-2596	4376
-2600	4373
-2605	4372
-2610	4370
-2613	4366
-2615	4361
-2618	4357
-2621	4353
-2621	4346
-2624	4342
-2626	4338
-2629	4333
-2631	4329
-2633	4325
-2636	4320
-2637	4314
-2639	4309
-2642	4305
-2644	4301
-2645	4295
-2648	4292
-2654	4290
-2657	4286
-2658	4281
-2661	4277
-2665	4274
-2667	4270
-2669	4264
-2670	4259
-2672	4254
-2674	4250
-2678	4247
-2681	4243
-2684	4239
-2684	4233
-2688	4229
-2689	4224
-2691	4220
-2694	4216
-2695	4210
-2697	4205
-2700	4202
-2702	4197
-2704	4192
-2706	4188
-2709	4184
-2711	4180
-2713	4175
-2715	4170
-2718	4166
-2719	4161
-2723	4157
-2725	4153
-2726	4148
-2730	4145
-2733	4141
-2736	4137
-2738	4132
-2739	4128
-2742	4124
-2746	4121
-2749	4117
-2749	4111
-2754	4109
-2755	4104
-2758	4100
-2756	4092
-2760	4089
-2758	4081
-2759	4076
-2760	4070
-2760	4064
-2763	4060
-2768	4058
-2768	4052
-2767	4045
-2770	4042
-2775	4039
-2777	4034
-2777	4028
-2778	4023
-2781	4020
-2783	4016
-2784	4010
-2786	4005
-2787	4000
-2790	3996
-2791	3991
-2792	3986
-2794	3982
-2799	3979
-2802	3976
-2803	3971
-2802	3964
-2804	3959
-2806	3955
-2807	3950
-2809	3945
-2806	3937
-2809	3934
-2813	3931
-2815	3926
-2816	3921
-2818	3917
-2820	3913
-2819	3906
-2820	3901
-2825	3899
-2828	3895
-2828	3889
-2829	3884
-2829	3878
-2830	3873
-2829	3867
-2833	3864
-2837	3861
-2840	3857
-2840	3852
-2841	3847
-2842	3842
-2845	3838
-2849	3835
-2849	3830
-2854	3827
-2856	3823
-2855	3817
-2855	3811
-2857	3807
-2858	3802
-2858	3796
-2857	3790
-2860	3786
-2860	3781
-2861	3775
-2863	3772
-2866	3768
-2865	3761
-2866	3756
-2865	3750
-2868	3747
-2869	3742
-2869	3736
-2867	3729
-2864	3721
-2867	3718
-2870	3714
-2871	3709
-2871	3704
-2871	3698
-2871	3693
-2875	3690
-2873	3683
-2876	3680
-2876	3674
-2877	3669
-2873	3661
-2872	3655
-2876	3652
-2873	3645
-2873	3639
-2876	3636
-2877	3631
-2882	3629
-2882	3624
-2879	3616
-2878	3610
-2881	3606
-2882	3602
-2884	3598
-2881	3591
-2880	3584
-2881	3579
-2883	3576
-2884	3571
-2885	3566
-2885	3561
-2885	3555
-2883	3549
-2884	3544
-2884	3539
-2886	3535
-2889	3532
-2890	3527
-2889	3521
-2888	3515
-2889	3511
-2889	3505
-2889	3501
-2889	3495
-2888	3489
-2891	3486
-2891	3481
-2890	3475
-2889	3469
-2891	3465
-2893	3461
-2893	3456
-2892	3451
-2892	3445
-2889	3438
-2889	3433
-2891	3430
-2890	3424
-2888	3417
-2889	3413
-2888	3407
-2887	3401
-2886	3396
-2888	3392
-2889	3388
-2889	3383
-2889	3378
-2888	3372
-2888	3367
-2888	3362
-2888	3357
-2887	3351
-2886	3346
-2885	3340
-2885	3335
-2884	3330
-2885	3325
-2887	3322
-2888	3317
-2890	3313
-2888	3308
-2887	3302
-2887	3297
-2889	3293
-2890	3289
-2891	3285
-2888	3278
-2888	3273
-2884	3266
-2885	3261
-2885	3257
-2884	3252
-2885	3247
-2888	3244
-2889	3240
-2887	3234
-2887	3229
-2887	3224
-2886	3219
-2887	3214
-2886	3209
-2884	3204
-2885	3200
-2886	3195
-2887	3191
-2883	3184
-2883	3179
-2882	3174
-2880	3169
-2882	3165
-2882	3160
-2882	3155
-2880	3150
-2883	3146
-2883	3142
-2881	3136
-2879	3130
-2879	3126
-2878	3121
-2880	3117
-2884	3114
-2877	3106
-2874	3100
-2873	3095
-2871	3089
-2867	3083
-2866	3078
-2868	3074
-2872	3071
-2871	3066
-2866	3059
-2866	3055
-2864	3050
-2860	3043
-2861	3039
-2863	3035
-2863	3031
-2858	3024
-2857	3019
-2856	3014
-2857	3010
-2855	3004
-2853	2999
-2854	2995
-2856	2991
-2857	2988
-2862	2985
-2857	2979
-2849	2970
-2847	2965
-2847	2961
-2847	2956
-2846	2952
-2843	2946
-2843	2942
-2844	2938
-2843	2933
-2844	2929
-2844	2925
-2846	2921
-2835	2912
-2837	2908
-2838	2904
-2833	2898
-2834	2894
-2836	2891
-2832	2885
-2831	2880
-2833	2876
-2833	2872
-2833	2868
-2830	2862
-2827	2857
-2827	2852
-2826	2848
-2826	2843
-2824	2838
-2823	2834
-2819	2828
-2819	2824
-2817	2818
-2814	2813
-2814	2809
-2814	2805
-2814	2801
-2817	2797
-2819	2794
-2813	2788
-2811	2783
-2811	2778
-2809	2774
-2810	2770
-2809	2765
-2806	2760
-2801	2754
-2799	2749
-2796	2744
-2797	2740
-2798	2736
-2797	2731
-2795	2727
-2793	2722
-2789	2716
-2786	2711
-2787	2708
-2789	2704
-2787	2699
-2786	2695
-2788	2692
-2792	2689
-2782	2681
-2782	2677
-2781	2673
-2782	2669
-2783	2665
-2782	2661
-2780	2656
-2783	2653
-2779	2648
-2776	2643
-2775	2639
-2776	2635
-2778	2632
-2778	2628
-2774	2623
-2772	2618
-2773	2614
-2773	2610
-2774	2606
-2763	2599
-2764	2595
-2765	2592
-2771	2590
-2771	2586
-2768	2581
-2769	2577
-2768	2573
-2763	2568
-2764	2564
-2758	2558
-2760	2555
-2760	2551
-2761	2547
-2761	2543
-2759	2539
-2754	2534
-2748	2528
-2749	2524
-2752	2521
-2749	2517
-2749	2513
-2748	2508
-2749	2505
-2750	2501
-2746	2496
-2746	2493
-2746	2489
-2747	2485
-2742	2480
-2742	2476
-2742	2472
-2736	2467
-2739	2464
-2736	2459
-2734	2455
-2733	2451
-2733	2447
-2733	2443
-2734	2440
-2733	2436
-2732	2431
-2731	2427
-2726	2422
-2727	2419
-2730	2416
-2730	2412
-2731	2409
-2730	2405
-2727	2400
-2725	2396
-2723	2391
-2725	2388
-2723	2384
-2725	2381
-2716	2375
-2715	2371
-2716	2367
-2717	2364
-2716	2360
-2713	2356
-2718	2353
-2715	2349
-2714	2345
-2712	2341
-2714	2337
-2716	2334
-2715	2330
-2715	2327
-2711	2322
-2704	2317
-2705	2313
-2708	2310
-2707	2306
-2706	2303
-2704	2298
-2701	2294
-2706	2292
-2704	2288
-2704	2284
-2701	2280
-2700	2276
-2700	2272
-2701	2269
-2703	2266
-2698	2261
-2692	2256
-2694	2253
-2696	2250
-2696	2246
-2696	2242
-2697	2239
-2695	2235
-2689	2230
-2690	2227
-2690	2223
-2690	2220
-2689	2216
-2689	2212
-2689	2209
-2686	2204
-2686	2201
-2686	2197
-2686	2194
-2684	2190
-2682	2186
-2683	2183
-2683	2179
-2682	2175
-2682	2172
-2682	2168
-2681	2165
-2682	2161
-2681	2157
-2678	2153
-2675	2149
-2675	2146
-2674	2142
-2671	2138
-2669	2134
-2672	2131
-2673	2128
-2667	2123
-2664	2119
-2661	2115
-2659	2111
-2660	2108
-2665	2105
-2667	2102
-2664	2098
-2660	2094
-2659	2091
-2657	2087
-2655	2083
-2655	2080
-2654	2076
-2653	2072
-2652	2069
-2654	2065
-2653	2062
-2653	2058
-2651	2055
-2651	2051
-2649	2048
-2650	2044
-2651	2041
-2647	2037
-2646	2033
-2648	2030
-2648	2027
-2648	2023
-2643	2019
-2643	2016
-2643	2012
-2643	2009
-2644	2006
-2643	2002
-2643	1999
-2643	1995
-2641	1991
-2639	1988
-2637	1984
-2637	1981
-2635	1977
-2633	1973
-2629	1970
-2628	1966
-2628	1963
-2628	1959
-2627	1956
-2630	1953
-2630	1949
-2628	1946
-2628	1942
-2628	1939
-2626	1935
-2624	1932
-2623	1928
-2621	1925
-2622	1922
-2623	1918
-2623	1915
-2620	1911
-2617	1908
-2617	1904
-2619	1901
-2619	1898
-2618	1894
-2616	1891
-2617	1887
-2611	1884
-2610	1880
-2608	1877
-2610	1873
-2607	1870
-2607	1867
-2606	1863
-2606	1860
-2605	1856
-2604	1853
-2604	1850
-2605	1846
-2604	1843
-2603	1840
-2602	1836
-2600	1833
-2600	1829
-2599	1826
-2597	1823
-2596	1819
-2596	1816
-2595	1812
-2594	1809
-2591	1806
-2591	1802
-2591	1799
-2589	1796
-2588	1792
-2588	1789
-2588	1786
-2586	1782
-2582	1779
-2582	1775
-2579	1772
-2577	1769
-2575	1765
-2575	1762
-2577	1759
-2577	1756
-2576	1752
-2576	1749
-2575	1746
-2572	1742
-2569	1739
-2570	1736
-2569	1732
-2567	1729
-2568	1726
-2569	1723
-2569	1719
-2568	1716
-2566	1713
-2562	1709
-2562	1706
-2561	1703
-2561	1700
-2561	1696
-2560	1693
-2560	1690
-2558	1686
-2557	1683
-2556	1680
-2556	1677
-2556	1673
-2554	1670
-2552	1667
-2548	1664
-2546	1660
-2546	1657
-2547	1654
-2544	1651
-2542	1647
-2540	1644
-2539	1641
-2540	1638
-2543	1634
-2543	1631
-2543	1628
-2541	1625
-2541	1622
-2538	1618
-2537	1615
-2535	1612
-2537	1609
-2537	1605
-2534	1602
-2533	1599
-2534	1596
-2535	1593
-2532	1589
-2529	1586
-2526	1583
-2525	1580
-2524	1577
-2524	1574
-2522	1571
-2520	1567
-2519	1564
-2519	1561
-2521	1558
-2518	1555
-2517	1551
-2516	1548
-2512	1545
-2511	1542
-2512	1539
-2510	1536
-2507	1533
-2506	1530
-2505	1526
-2506	1523
-2506	1520
-2506	1517
-2505	1514
-2504	1510
-2503	1507
-2504	1504
-2502	1501
-2500	1498
-2498	1495
-2499	1492
-2499	1488
-2497	1485
-2496	1482
-2496	1479
-2496	1476
-2496	1473
-2496	1469
-2495	1466
-2493	1463
-2494	1460
-2494	1457
-2491	1454
-2490	1451
-2488	1448
-2489	1444
-2487	1441
-2487	1438
-2484	1435
-2481	1432
-2481	1429
-2481	1426
-2480	1423
-2480	1420
-2478	1417
-2477	1414
-2476	1411
-2476	1407
-2476	1404
-2476	1401
-2475	1398
-2473	1395
-2473	1392
-2470	1389
-2469	1386
-2469	1383
-2469	1379
-2468	1376
-2465	1373
-2464	1370
-2462	1367
-2462	1364
-2464	1361
-2464	1358
-2462	1355
-2459	1352
-2458	1349
-2459	1345
-2458	1342
-2457	1339
-2455	1336
-2454	1333
-2451	1331
-2449	1328
-2449	1325
-2450	1321
-2449	1318
-2448	1315
-2445	1312
-2445	1309
-2444	1306
-2443	1303
-2442	1300
-2443	1297
-2444	1293
-2442	1291
-2439	1288
-2440	1285
-2439	1281
-2439	1278
-2438	1275
-2438	1272
-2436	1269
-2435	1266
-2431	1264
-2430	1261
-2429	1258
-2427	1255
-2427	1252
-2426	1249
-2426	1245
-2424	1243
-2423	1240
-2422	1237
-2421	1233
-2421	1230
-2420	1227
-2418	1225
-2416	1222
-2417	1218
-2414	1216
-2411	1213
-2412	1210
-2411	1207
-2408	1204
-2407	1201
-2405	1198
-2405	1195
-2404	1192
-2403	1189
-2403	1186
-2402	1183
-2401	1180
-2400	1177
-2399	1174
-2396	1171
-2395	1169
-2394	1166
-2394	1162
-2392	1160
-2392	1156
-2391	1153
-2392	1150
-2390	1147
-2390	1144
-2390	1141
-2390	1138
-2388	1135
-2386	1132
-2386	1129
-2386	1126
-2385	1123
-2385	1119
-2384	1117
-2382	1114
-2380	1111
-2379	1108
-2379	1105
-2378	1102
-2378	1099
-2375	1096
-2374	1093
-2374	1090
-2373	1087
-2371	1084
-2371	1081
-2371	1078
-2370	1075
-2370	1072
-2368	1069
-2367	1066
-2366	1063
-2366	1060
-2363	1057
-2362	1054
-2361	1051
-2363	1048
-2362	1045
-2361	1042
-2359	1039
-2358	1036
-2358	1033
-2357	1030
-2357	1027
-2355	1024
-2354	1021
-2353	1018
-2352	1015
-2352	1012
-2350	1009
-2350	1006
-2349	1003
-2347	1000
-2346	997
-2344	995
-2345	991
-2344	988
-2344	985
-2342	982
-2341	979
-2341	976
-2341	973
-2340	970
-2340	967
-2338	964
-2337	961
-2335	958
-2334	955
-2333	952
-2333	949
-2331	946
-2331	943
-2331	940
-2328	938
-2327	935
-2325	932
-2325	929
-2325	925
-2325	922
-2324	919
-2322	917
-2320	914
-2319	911
-2318	908
-2318	905
-2317	902
-2316	899
-2314	896
-2313	893
-2313	890
-2312	887
-2310	884
-2308	882
-2309	878
-2308	875
-2306	872
-2306	869
-2303	867
-2302	864
-2302	861
-2303	857
-2304	853
-2303	850
-2301	848
-2299	845
-2297	843
-2294	840
-2295	836
-2295	833
-2295	830
-2297	826
-2296	823
-2294	820
-2294	817
-2291	815
-2288	812
-2286	810
-2286	807
-2286	803
-2287	799
-2286	796
-2284	794
-2282	791
-2281	788
-2281	785
-2281	781
-2280	779
-2279	776
-2277	773
-2276	770
-2276	767
-2277	763
-2275	760
-2273	758
-2272	755
-2274	751
-2274	747
-2274	744
-2273	741
-2271	738
-2267	737
-2265	734
-2265	730
-2265	727
-2263	724
-2260	722
-2261	718
-2260	716
-2259	712
-2260	709
-2260	705
-2259	702
-2256	700
-2254	698
-2252	695
-2251	692
-2249	689
-2248	687
-2247	683
-2249	679
-2250	675
-2251	671
-2249	668
-2247	666
-2247	663
-2245	660
-2244	657
-2243	654
-2242	651
-2242	648
-2239	645
-2238	642
-2239	638
-2240	634
-2237	632
-2235	630
-2235	626
-2231	625
-2231	621
-2231	617
-2234	613
-2232	610
-2229	608
-2228	605
-2228	601
-2226	599
-2226	595
-2225	593
-2223	590
-2222	587
-2222	583
-2221	580
-2218	578
-2218	575
-2217	571
-2216	568
-2217	564
-2216	561
-2213	559
-2210	557
-2209	554
-2210	550
-2209	547
-2207	544
-2208	540
-2205	538
-2203	536
-2202	533
-2202	529
-2200	526
-2200	523
-2198	520
-2197	517
-2199	512
-2200	508
-2200	505
-2199	502
-2197	499
-2196	496
-2195	493
-2194	490
-2192	487
-2190	485
-2187	483
-2185	480
-2185	477
-2185	473
-2184	469
-2183	467
-2182	463
-2182	460
-2180	457
-2181	453
-2181	449
-2180	446
-2179	443
-2178	440
-2177	437
-2176	433
-2174	431
-2174	427
-2173	424
-2171	421
-2169	419
-2167	416
-2165	414
-2165	410
-2165	406
-2166	402
-2165	399
-2162	397
-2161	393
-2161	390
-2161	386
-2159	384
-2159	379
-2159	376
-2157	373
-2154	371
-2153	368
-2154	364
-2154	360
-2152	357
-2151	354
-2151	350
-2149	348
-2148	344
-2147	341
-2146	338
-2144	336
-2143	332
-2143	329
-2142	325
-2140	323
-2138	320
-2137	317
-2134	315
-2134	311
-2134	307
-2131	305
-2127	304
-2124	302
-2120	301
-2117	299
-2114	297
-2114	293
-2113	290
-2111	287
-2109	284
-2108	281
-2105	280
-2104	276
-2103	273
-2103	269
-2102	266
-2099	264
-2099	260
-2098	257
-2094	255
-2091	253
-2089	251
-2089	247
-2088	244
-2087	240
-2085	238
-2085	234
-2083	231
-2081	229
-2079	226
-2077	223
-2075	221
-2073	219
-2072	216
-2074	209
-2076	204
-2074	202
-2071	200
-2069	197
-2069	193
-2068	189
-2069	185
-2071	179
-2068	177
-2066	175
-2063	173
-2063	169
-2063	165
-2061	162
-2059	159
-2060	155
-2056	153
-2056	150
-2058	144
-2057	140
-2054	138
-2054	134
-2054	130
-2053	127
-2052	123
-2050	121
-2048	118
-2046	116
-2044	113
-2041	110
-2041	107
-2040	103
-2040	99
-2039	96
-2039	91
-2037	89
-2036	85
-2037	80
-2035	77
-2034	74
-2033	71
-2031	67
-2028	65
-2028	62
-2027	58
-2027	54
-2025	51
-2024	48
-2022	45
-2021	41
-2020	37
-2020	33
-2019	30
-2017	27
-2016	24
-2014	21
-2013	17
-2014	12
-2012	9
-2011	6
-2010	2
-2009	-1
-2007	-4
-2006	-8
-2003	-10
-2002	-13
-1999	-15
-1997	-18
-1998	-24
-1997	-27
-1998	-33
-1996	-35
-1993	-37
-1991	-40
-1990	-43
-1990	-48
-1990	-53
-1988	-55
-1985	-58
-1984	-61
-1984	-66
-1984	-70
-1982	-73
-1980	-75
-1977	-78
-1976	-81
-1974	-84
-1974	-89
-1973	-93
-1971	-95
-1969	-98
-1969	-103
-1968	-106
-1965	-109
-1965	-113
-1964	-117
-1964	-122
-1963	-125
-1961	-129
-1961	-133
-1958	-135
-1956	-137
-1951	-138
-1936	-128
-1925	-122
-1917	-119
-1912	-119
-1908	-119
-1905	-121
-1902	-123
-1900	-126
-1898	-128
-1894	-130
-1894	-135
-1895	-140
-1894	-144
-1893	-148
-1893	-153
-1892	-156
-1889	-158
-1876	-150
-1864	-143
-1856	-140
-1851	-138
-1845	-138
-1840	-137
-1834	-136
-1829	-135
-1824	-135
-1820	-136
-1819	-139
-1819	-144
-1821	-151
-1818	-152
-1816	-155
-1816	-160
-1810	-159
-1807	-160
-1803	-161
-1799	-162
-1796	-163
-1790	-162
-1784	-160
-1777	-157
-1772	-157
-1767	-156
-1761	-155
-1755	-153
-1752	-155
-1750	-158
-1747	-159
-1733	-149
-1725	-144
-1719	-143
-1710	-137
-1706	-138
-1704	-140
-1702	-142
-1701	-147
-1700	-150
-1697	-152
-1692	-151
-1687	-150
-1683	-150
-1679	-150
-1676	-152
-1673	-153
-1671	-156
-1671	-161
-1660	-153
-1658	-156
-1656	-158
-1654	-161
-1647	-157
-1639	-153
-1634	-152
-1632	-154
-1629	-156
-1624	-155
-1620	-155
-1616	-156
-1612	-156
-1609	-157
-1604	-156
-1598	-153
-1593	-153
-1590	-153
-1586	-154
-1583	-155
-1580	-156
-1577	-157
-1574	-159
-1573	-163
-1576	-171
-1573	-173
-1572	-176
-1565	-173
-1554	-164
-1539	-150
-1533	-148
-1528	-146
-1525	-148
-1523	-149
-1521	-152
-1520	-156
-1517	-157
-1514	-158
-1512	-161
-1512	-166
-1508	-166
-1500	-161
-1495	-159
-1492	-160
-1491	-163
-1483	-158
-1470	-146
-1464	-143
-1463	-148
-1470	-161
-1466	-162
-1465	-165
-1464	-168
-1463	-172
-1460	-174
-1457	-175
-1449	-169
-1445	-168
-1441	-168
-1437	-168
-1435	-171
-1432	-171
-1428	-171
-1425	-171
-1422	-173
-1416	-170
-1412	-169
-1410	-171
-1407	-172
-1404	-173
-1400	-173
-1395	-172
-1391	-171
-1388	-172
-1384	-172
-1381	-173
-1388	-188
-1377	-176
-1361	-159
-1353	-153
-1350	-154
-1348	-156
-1345	-157
-1341	-157
-1340	-160
-1338	-162
-1335	-163
-1332	-165
-1329	-165
-1327	-167
-1325	-170
-1319	-166
-1315	-165
-1313	-167
-1309	-167
-1306	-168
-1304	-169
-1301	-171
-1300	-174
-1299	-178
-1297	-180
-1296	-185
-1295	-187
-1290	-186
-1284	-182
-1278	-178
-1274	-177
-1269	-175
-1266	-175
-1263	-176
-1259	-176
-1256	-176
-1253	-177
-1249	-176
-1245	-175
-1242	-175
-1239	-177
-1235	-176
-1231	-175
-1228	-175
-1225	-176
-1221	-175
-1218	-175
-1214	-175
-1211	-174
-1208	-176
-1205	-176
-1201	-176
-1197	-174
-1194	-175
-1191	-175
-1187	-175
-1184	-174
-1181	-175
-1179	-176
-1175	-176
-1172	-177
-1169	-177
-1165	-175
-1161	-175
-1158	-176
-1156	-177
-1153	-178
-1149	-177
-1146	-176
-1141	-174
-1138	-174
-1135	-175
-1132	-176
-1129	-175
-1125	-174
-1123	-176
-1120	-176
-1116	-175
-1113	-175
-1109	-175
-1106	-176
-1103	-175
-1101	-177
-1097	-175
-1093	-175
-1089	-174
-1086	-174
-1084	-174
-1080	-174
-1077	-175
-1074	-174
-1070	-174
-1068	-175
-1065	-175
-1062	-175
-1059	-176
-1056	-177
-1052	-175
-1049	-175
-1047	-176
-1043	-176
-1040	-175
-1038	-176
-1035	-177
-1032	-177
-1029	-178
-1026	-178
-1020	-173
-1015	-168
-1009	-163
-1004	-160
-1001	-158
-997	-157
-993	-156
-989	-154
-985	-152
-982	-152
-979	-152
-976	-153
-974	-153
-971	-154
-970	-158
-968	-159
-965	-159
-961	-157
-957	-155
-952	-151
-946	-144
-942	-142
-938	-141
-935	-140
-933	-142
-931	-145
-930	-148
-928	-150
-920	-140
-914	-133
-910	-130
-906	-129
-903	-129
-901	-130
-899	-131
-897	-133
-894	-134
-891	-134
-889	-136
-888	-139
-886	-140
-884	-144
-884	-149
-882	-153
-883	-161
-876	-152
-868	-140
-864	-137
-861	-136
-858	-136
-855	-136
-852	-135
-849	-135
-846	-135
-774	2
-771	4
-768	4
-765	5
-763	3
-761	4
-758	3
-756	3
-753	3
-751	3
-748	2
-746	2
-743	2
-741	1
-738	2
-735	2
-733	3
-730	3
-730	-2
-730	-10
-730	-15
-727	-14
-722	-8
-718	-5
-716	-7
-718	-24
-714	-20
-743	-126
-742	-130
-741	-135
-739	-138
-737	-139
-735	-140
-732	-141
-730	-143
-728	-144
-726	-145
-724	-146
-721	-147
-719	-148
-716	-148
-713	-148
-711	-150
-709	-151
-706	-151
-704	-152
-701	-152
-699	-154
-697	-156
-693	-153
-687	-142
-681	-132
-677	-127
-673	-124
-669	-120
-666	-118
-663	-117
-659	-114
-656	-113
-653	-112
-651	-112
-648	-112
-645	-112
-642	-111
-640	-112
-638	-112
-635	-112
-632	-112
-630	-113
-628	-114
-626	-115
-623	-116
-621	-117
-619	-117
-616	-119
-615	-122
-613	-123
-611	-125
-609	-128
-608	-133
-622	-188
-619	-188
-612	-174
-610	-176
-608	-177
-605	-177
-602	-177
-600	-178
-597	-178
-595	-177
-592	-177
-589	-177
-586	-177
-584	-176
-581	-174
-576	-169
-572	-164
-569	-162
-567	-161
-564	-162
-562	-165
-561	-168
-559	-174
-558	-177
-556	-179
-553	-180
-550	-179
-548	-180
-546	-180
-543	-182
-541	-184
-538	-182
-536	-183
-533	-184
-530	-182
-527	-181
-526	-183
-523	-183
-520	-182
-518	-183
-515	-185
-513	-184
-510	-183
-507	-183
-505	-182
-502	-182
-499	-181
-497	-181
-494	-182
-492	-182
-489	-183
-487	-182
-484	-182
-481	-182
-479	-183
-477	-184
-474	-183
-472	-185
-469	-186
-467	-187
-464	-185
-461	-184
-458	-182
-456	-183
-454	-184
-451	-184
-448	-183
-445	-182
-442	-180
-440	-179
-438	-181
-435	-183
-433	-184
-430	-183
-428	-183
-425	-183
-423	-184
-420	-183
-418	-183
-415	-184
-413	-184
-410	-184
-408	-184
-405	-182
-402	-182
-400	-184
-398	-184
-395	-184
-393	-184
-390	-184
-388	-185
-385	-184
-382	-184
-380	-184
-378	-184
-375	-185
-373	-187
-370	-184
-367	-183
-365	-183
-362	-182
-360	-183
-357	-184
-355	-184
-352	-182
-350	-182
-347	-183
-345	-184
-342	-183
-340	-183
-337	-184
-335	-184
-332	-184
-330	-184
-327	-184
-325	-184
-322	-184
-320	-183
-317	-183
-315	-183
-312	-182
-310	-184
-307	-182
-304	-180
-302	-181
-300	-181
-297	-182
-295	-183
-292	-184
-290	-183
-287	-183
-285	-185
-283	-185
-280	-184
-278	-184
-275	-185
-273	-184
-270	-184
-268	-185
-265	-185
-263	-183
-260	-184
-258	-185
-255	-185
-253	-184
-248	-165
-246	-164
-243	-163
-241	-164
-239	-163
-236	-164
-234	-164
-231	-165
-229	-165
-227	-167
-224	-167
-222	-166
-219	-164
-217	-164
-214	-168
-212	-174
-211	-182
-208	-183
-206	-182
-203	-182
-201	-182
-198	-183
-196	-184
-194	-184
-191	-183
-189	-182
-186	-182
-184	-182
-181	-176
-178	-175
-176	-178
-174	-180
-171	-182
-169	-179
-166	-176
-164	-173
-161	-171
-159	-171
-156	-172
-154	-173
-152	-178
-149	-183
-147	-183
-144	-184
-142	-183
-140	-182
-137	-182
-135	-179
-132	-177
-130	-177
-127	-178
-125	-177
-122	-177
-120	-177
-117	-176
-115	-177
-113	-180
-110	-177
-108	-176
-105	-173
-103	-172
-100	-172
-98	-172
-95	-172
-93	-174
-91	-178
-88	-183
-86	-183
-83	-183
-81	-183
-78	-183
-76	-183
-73	-182
-69	-180
-66	-181
-64	-181
-61	-182
-59	-182
-56	-182
-54	-182
-51	-182
-49	-183
-47	-182
-44	-183
-42	-182
-39	-182
-37	-181
-34	-181
-32	-182
-29	-182
-27	-182
-24	-183
-22	-183
-20	-174
-18	-168
-15	-168
-13	-169
-10	-174
-7	-181
-5	-182
-2	-183
-0	-183
2	-182
5	-182
7	-182
10	-180
12	-180
15	-180
17	-182
20	-183
22	-183
24	-182
27	-178
29	-175
31	-175
34	-174
36	-173
39	-172
41	-171
43	-171
46	-171
48	-171
51	-172
53	-172
56	-172
58	-172
61	-172
63	-173
66	-174
68	-175
71	-178
73	-181
76	-180
78	-180
81	-181
83	-182
86	-182
88	-181
91	-181
93	-181
96	-182
98	-183
101	-181
103	-182
106	-183
108	-183
111	-183
113	-183
115	-181
118	-179
120	-183
123	-183
125	-183
128	-183
130	-183
133	-182
135	-179
137	-177
139	-175
142	-172
144	-172
147	-173
149	-175
152	-177
155	-182
157	-182
160	-181
162	-182
165	-183
168	-183
170	-182
172	-182
175	-182
177	-181
180	-181
182	-182
185	-182
187	-183
190	-184
193	-185
195	-183
197	-184
200	-183
203	-184
205	-183
207	-182
210	-182
212	-181
215	-183
217	-184
220	-183
222	-183
225	-184
227	-183
230	-182
232	-181
235	-183
237	-183
240	-183
243	-184
245	-184
247	-183
250	-183
253	-183
255	-184
258	-184
260	-184
262	-182
265	-183
268	-183
270	-183
273	-183
275	-182
278	-183
280	-182
283	-183
285	-183
288	-183
290	-183
293	-182
295	-182
298	-182
300	-182
303	-181
305	-181
308	-180
311	-183
313	-182
316	-182
318	-182
321	-182
323	-182
326	-183
329	-184
331	-184
334	-184
336	-183
339	-184
341	-183
344	-183
346	-181
349	-182
351	-182
354	-182
356	-181
359	-180
362	-182
364	-182
367	-183
370	-183
372	-182
374	-181
377	-180
379	-180
382	-181
385	-182
387	-181
390	-180
392	-181
395	-182
398	-183
401	-183
403	-182
406	-182
408	-180
410	-179
413	-181
416	-182
419	-181
421	-181
424	-181
426	-181
429	-182
432	-182
434	-181
437	-182
440	-182
443	-183
445	-184
448	-183
450	-182
453	-183
456	-183
458	-182
460	-180
463	-180
466	-182
469	-182
471	-182
474	-182
476	-181
479	-180
482	-182
484	-182
487	-181
489	-181
492	-181
495	-181
498	-182
501	-182
503	-183
506	-182
508	-182
510	-179
512	-175
513	-170
515	-168
517	-166
518	-162
520	-160
522	-157
523	-153
525	-150
526	-146
528	-143
531	-144
535	-147
539	-153
542	-154
545	-154
548	-154
551	-155
554	-157
557	-159
561	-162
566	-169
570	-173
573	-174
576	-174
579	-175
582	-175
584	-174
587	-175
590	-175
593	-176
596	-177
599	-176
601	-176
604	-176
607	-176
609	-176
611	-173
613	-170
614	-166
616	-165
620	-167
621	-162
623	-159
625	-157
627	-156
630	-156
632	-156
635	-156
637	-153
638	-149
640	-147
643	-147
645	-146
647	-144
649	-143
652	-143
655	-143
658	-143
661	-144
664	-145
667	-145
670	-146
674	-148
678	-152
682	-154
685	-156
688	-155
691	-155
693	-155
696	-155
699	-154
701	-154
704	-154
707	-153
709	-152
711	-151
714	-151
717	-150
719	-149
721	-148
724	-147
726	-146
729	-146
731	-144
734	-143
736	-142
739	-141
741	-141
743	-139
745	-137
747	-134
748	-130
748	-125
750	-121
750	-116
751	-111
750	-103
721	-10
722	-6
724	-5
725	-1
727	1
729	2
731	3
734	3
737	3
739	3
742	2
745	2
748	1
777	-1
778	2
780	3
783	2
853	-107
856	-108
859	-107
862	-107
864	-106
867	-104
869	-104
873	-105
876	-106
880	-108
884	-109
889	-112
895	-119
933	-185
936	-184
932	-171
935	-170
937	-168
939	-166
941	-164
946	-167
950	-170
956	-175
961	-178
964	-178
969	-180
974	-183
977	-184
980	-182
982	-182
985	-180
987	-178
989	-176
992	-176
996	-177
999	-177
1003	-177
1004	-174
1004	-169
1005	-165
1007	-162
1009	-160
1012	-159
1015	-159
1018	-159
1021	-159
1025	-161
1035	-172
1042	-177
1045	-178
1049	-178
1052	-177
1055	-178
1059	-178
1061	-176
1064	-176
1069	-178
1071	-175
1073	-175
1078	-177
1082	-178
1085	-178
1088	-177
1090	-175
1093	-173
1096	-173
1100	-174
1103	-173
1106	-172
1109	-173
1113	-173
1117	-174
1121	-175
1124	-175
1128	-175
1131	-175
1134	-174
1139	-176
1142	-175
1146	-176
1150	-176
1150	-172
1151	-168
1152	-164
1155	-163
1159	-165
1166	-169
1172	-174
1177	-175
1180	-175
1184	-175
1187	-175
1191	-176
1194	-175
1198	-175
1202	-175
1206	-176
1209	-176
1213	-176
1216	-175
1219	-175
1223	-175
1225	-173
1227	-170
1229	-169
1231	-166
1233	-164
1236	-164
1240	-163
1244	-163
1247	-163
1251	-163
1254	-163
1258	-164
1266	-169
1271	-172
1275	-172
1279	-172
1283	-173
1286	-171
1287	-167
1287	-162
1288	-159
1291	-158
1293	-156
1295	-153
1296	-149
1298	-147
1299	-143
1299	-139
1300	-135
1303	-134
1306	-133
1309	-132
1312	-131
1315	-131
1320	-131
1341	-154
1343	-152
1346	-151
1348	-148
1350	-147
1353	-146
1357	-145
1362	-147
1367	-148
1370	-148
1375	-148
1379	-149
1383	-149
1388	-150
1395	-155
1400	-156
1403	-155
1406	-154
1409	-152
1414	-154
1421	-157
1424	-156
1429	-157
1433	-157
1439	-159
1436	-151
1437	-147
1439	-145
1444	-146
1451	-150
1463	-159
1468	-160
1474	-162
1477	-161
1477	-156
1480	-154
1481	-152
1484	-150
1487	-149
1492	-150
1495	-149
1497	-145
1498	-142
1500	-140
1504	-140
1513	-145
1518	-146
1525	-149
1532	-152
1536	-152
1538	-150
1541	-149
1545	-148
1549	-148
1553	-147
1556	-146
1559	-144
1562	-143
1566	-143
1571	-144
1580	-148
1587	-152
1596	-157
1597	-153
1599	-150
1602	-149
1603	-146
1604	-142
1607	-140
1609	-138
1612	-136
1615	-134
1617	-132
1619	-129
1622	-128
1629	-130
1639	-136
1645	-138
1652	-141
1658	-142
1659	-139
1662	-137
1666	-137
1677	-143
1688	-149
1693	-150
1698	-151
1697	-145
1699	-142
1702	-141
1705	-139
1708	-138
1712	-137
1717	-137
1720	-136
1724	-134
1725	-131
1728	-129
1731	-127
1734	-125
1738	-124
1743	-125
1751	-129
1760	-132
1767	-135
1773	-136
1779	-137
1783	-137
1784	-133
1787	-130
1790	-129
1793	-128
1797	-127
1805	-129
1804	-124
1804	-119
1809	-119
1817	-122
1826	-126
1833	-128
1837	-127
1839	-124
1841	-121
1843	-118
1845	-116
1848	-113
1849	-110
1852	-107
1856	-107
1864	-109
1872	-113
1876	-112
1880	-111
1886	-111
1887	-107
1891	-106
1895	-105
1898	-104
1903	-103
1909	-104
1917	-107
1925	-109
1930	-109
1931	-105
1934	-103
1939	-103
1942	-101
1944	-98
1947	-96
1950	-94
1958	-96
1964	-97
1970	-97
1975	-97
1979	-95
1984	-95
1991	-97
2003	-102
2007	-101
2009	-98
2009	-93
2011	-90
2015	-89
2019	-88
2024	-87
2027	-85
2028	-81
2030	-78
2035	-78
2042	-79
2049	-80
2057	-82
2063	-82
2062	-77
2066	-76
2069	-73
2071	-70
2077	-70
2090	-76
2099	-79
2107	-81
2112	-80
2118	-80
2124	-81
2127	-78
2129	-75
2130	-71
2129	-66
2129	-61
2134	-60
2142	-62
2147	-61
2151	-60
2156	-59
2164	-61
2178	-67
2190	-71
2198	-73
2201	-70
2206	-69
2213	-70
2217	-69
2220	-66
2224	-65
2229	-63
2233	-62
2237	-60
2241	-58
2245	-57
2247	-53
2255	-55
2259	-53
2263	-51
2267	-49
2271	-48
2278	-48
2284	-48
2289	-47
2296	-47
2299	-45
2300	-40
2301	-37
2301	-32
2303	-28
2301	-22
2302	-18
2303	-14
2303	-9
2305	-6
2309	-4
2311	-1
2311	3
2312	7
2313	12
2312	16
2314	20
2314	24
2316	27
2320	29
2318	35
2322	37
2325	40
2325	45
2324	50
2326	53
2329	56
2331	59
2333	62
2334	66
2335	70
2337	73
2338	77
2338	81
2338	86
2340	89
2342	92
2343	97
2344	100
2345	104
2346	108
2345	113
2345	117
2348	120
2350	123
2351	127
2352	131
2355	134
2358	136
2359	140
2358	145
2358	149
2358	154
2360	157
2361	161
2361	165
2362	169
2364	172
2364	176
2365	181
2365	185
2366	189
2367	192
2369	196
2370	199
2369	204
2372	207
2371	212
2371	216
2372	220
2374	223
2376	226
2378	229
2376	235
2377	238
2379	242
2379	246
2379	251
2380	254
2382	257
2383	261
2383	265
2384	269
2385	273
2386	276
2387	280
2388	284
2389	288
2389	291
2390	295
2391	299
2391	303
2392	307
2393	310
2392	315
2393	319
2396	321
2395	326
2397	329
2395	334
2396	338
2399	341
2401	344
2401	348
2403	351
2403	355
2402	360
2405	363
2405	367
2406	371
2407	374
2408	377
2407	382
2410	385
2410	389
2410	393
2411	397
2411	401
2413	404
2413	408
2415	411
2415	415
2418	418
2418	422
2418	426
2415	432
2415	436
2418	438
2421	441
2421	445
2422	448
2423	452
2424	455
2426	458
2426	463
2427	466
2429	469
2431	472
2432	476
2435	478
2437	481
2444	482
2448	484
2452	486
2453	490
2452	494
2452	498
2454	502
2456	505
2457	508
2456	512
2457	516
2458	520
2457	524
2459	527
2460	531
2460	535
2462	538
2463	541
2463	546
2463	549
2465	553
2465	557
2465	560
2466	564
2463	569
2463	573
2467	575
2470	578
2471	581
2468	587
2468	591
2470	594
2470	598
2471	601
2470	605
2472	609
2473	612
2475	615
2475	619
2477	622
2477	626
2478	630
2478	633
2479	637
2480	641
2477	645
2477	649
2478	653
2480	656
2481	659
2482	663
2483	666
2481	671
2481	675
2482	678
2483	682
2485	685
2487	688
2488	691
2489	695
2488	699
2488	703
2490	706
2492	709
2493	712
2494	716
2494	720
2494	724
2495	727
2496	731
2496	734
2495	738
2496	742
2497	745
2498	749
2499	752
2499	756
2499	760
2500	763
2502	766
2502	770
2502	774
2502	778
2502	781
2503	785
2504	788
2505	792
2506	795
2506	799
2505	803
2506	806
2508	810
2510	813
2510	816
2511	820
2511	824
2511	827
2511	831
2512	834
2512	838
2512	842
2512	846
2511	850
2511	853
2512	857
2513	860
2513	864
2514	867
2516	870
2518	873
2520	877
2520	880
2518	885
2517	889
2516	893
2518	896
2521	899
2522	902
2522	906
2523	909
2520	913
2520	917
2523	920
2523	924
2523	927
2523	931
2526	934
2526	937
2527	941
2527	945
2528	948
2529	951
2530	955
2529	959
2527	963
2527	967
2527	970
2526	974
2528	977
2530	980
2532	983
2532	987
2532	991
2533	994
2535	997
2535	1001
2535	1004
2535	1008
2536	1011
2536	1015
2536	1019
2537	1022
2538	1026
2539	1029
2540	1032
2540	1036
2539	1040
2539	1043
2540	1047
2541	1050
2541	1054
2541	1057
2542	1061
2543	1064
2542	1068
2544	1071
2544	1075
2543	1078
2544	1082
2546	1085
2547	1088
2548	1092
2547	1095
2548	1099
2548	1102
2549	1106
2549	1109
2550	1113
2550	1116
2550	1120
2550	1123
2551	1127
2551	1130
2552	1134
2553	1137
2555	1140
2556	1144
2557	1147
2556	1151
2557	1154
2557	1158
2556	1162
2558	1165
2561	1168
2557	1172
2558	1175
2560	1179
2560	1182
2561	1186
2561	1189
2561	1193
2561	1196
2562	1200
2561	1203
2562	1207
2564	1210
2564	1213
2564	1217
2563	1221
2561	1225
2562	1228
2563	1231
2566	1234
2565	1238
2565	1242
2567	1245
2568	1248
2570	1251
2570	1255
2570	1259
2570	1262
2571	1265
2572	1269
2572	1272
2570	1276
2569	1280
2570	1283
2571	1287
2573	1290
2573	1293
2575	1297
2575	1300
2575	1304
2574	1307
2576	1311
2576	1314
2578	1317
2577	1321
2577	1325
2576	1328
2577	1332
2577	1335
2579	1338
2579	1342
2579	1345
2579	1349
2580	1352
2582	1356
2582	1359
2583	1362
2584	1366
2584	1369
2584	1373
2584	1376
2585	1380
2585	1383
2586	1387
2585	1390
2585	1394
2586	1397
2586	1401
2588	1404
2590	1407
2591	1411
2592	1414
2592	1418
2592	1421
2593	1425
2593	1428
2592	1432
2595	1435
2596	1438
2597	1442
2598	1445
2598	1449
2598	1452
2598	1456
2599	1459
2600	1463
2600	1466
2601	1470
2601	1473
2601	1477
2602	1480
2604	1483
2606	1487
2605	1490
2606	1494
2609	1497
2612	1500
2612	1504
2612	1507
2613	1511
2613	1514
2613	1518
2614	1521
2615	1525
2613	1528
2612	1532
2612	1535
2613	1539
2613	1542
2609	1546
2608	1550
2608	1553
2609	1557
2612	1560
2616	1563
2617	1567
2618	1570
2619	1574
2618	1577
2616	1581
2616	1584
2618	1588
2619	1591
2619	1595
2620	1598
2620	1602
2620	1605
2621	1609
2621	1612
2621	1616
2622	1619
2623	1623
2624	1626
2625	1630
2625	1633
2625	1637
2626	1640
2626	1644
2626	1648
2626	1651
2627	1655
2627	1658
2627	1662
2627	1665
2627	1669
