2548	1659
2547	1662
2546	1666
2547	1669
2549	1672
2549	1676
2550	1683
2551	1686
2551	1689
2551	1693
2552	1696
2552	1700
2553	1703
2553	1706
2553	1710
2553	1713
2554	1717
2554	1720
2555	1724
2555	1727
2557	1730
2558	1734
2557	1737
2559	1741
2559	1744
2559	1748
2559	1751
2558	1754
2559	1758
2559	1761
2559	1765
2559	1768
2560	1772
2561	1775
2560	1778
2561	1782
2561	1785
2560	1789
2560	1792
2561	1796
2561	1799
2561	1802
2561	1806
2561	1809
2561	1813
2560	1816
2561	1820
2561	1823
2560	1826
2560	1830
2563	1833
2562	1837
2560	1840
2560	1844
2563	1847
2565	1851
2564	1854
2565	1858
2566	1861
2566	1865
2566	1868
2566	1871
2566	1875
2568	1878
2568	1882
2567	1885
2568	1889
2570	1892
2570	1896
2570	1899
2570	1903
2570	1906
2570	1910
2571	1913
2569	1917
2569	1920
2570	1924
2571	1927
2571	1931
2572	1934
2573	1938
2571	1941
2571	1944
2574	1948
2574	1952
2573	1955
2575	1959
2575	1962
2576	1966
2577	1969
2575	1973
2576	1976
2577	1980
2579	1984
2579	1987
2578	1990
2578	1994
2580	1998
2581	2001
2582	2005
2582	2008
2583	2012
2582	2015
2583	2019
2584	2023
2584	2026
2584	2030
2584	2033
2584	2037
2584	2040
2583	2044
2584	2047
2586	2051
2586	2055
2586	2058
2586	2062
2588	2065
2589	2069
2589	2073
2588	2076
2589	2080
2589	2083
2589	2087
2590	2090
2591	2094
2592	2098
2591	2101
2591	2105
2591	2108
2591	2112
2589	2115
2590	2119
2590	2122
2591	2126
2590	2129
2591	2133
2591	2137
2590	2140
2592	2144
2590	2147
2590	2151
2592	2155
2593	2158
2594	2162
2594	2166
2593	2169
2593	2173
2592	2176
2592	2180
2593	2183
2592	2187
2592	2191
2593	2194
2594	2198
2594	2202
2595	2205
2595	2209
2595	2213
2596	2216
2596	2220
2596	2224
2595	2227
2596	2231
2597	2235
2597	2238
2596	2242
2597	2245
2597	2249
2596	2253
2597	2257
2599	2260
2599	2264
2599	2268
2599	2271
2599	2275
2599	2279
2600	2283
2601	2286
2601	2290
2601	2294
2601	2297
2601	2301
2601	2305
2601	2308
2602	2312
2603	2316
2603	2320
2603	2323
2602	2327
2602	2331
2603	2335
2601	2338
2602	2342
2603	2346
2604	2349
2604	2353
2604	2357
2604	2361
2604	2364
2604	2368
2603	2372
2604	2376
2605	2380
2604	2383
2605	2387
2606	2391
2605	2394
2603	2397
2604	2401
2605	2405
2605	2409
2605	2413
2604	2416
2610	2422
2611	2426
2611	2429
2610	2433
2610	2437
2608	2440
2607	2443
2608	2447
2608	2451
2608	2455
2609	2459
2609	2463
2609	2467
2611	2471
2611	2475
2612	2479
2613	2483
2613	2487
2613	2491
2613	2494
2612	2498
2611	2502
2612	2506
2614	2510
2614	2514
2614	2518
2614	2521
2615	2526
2616	2530
2616	2534
2615	2537
2616	2541
2615	2545
2614	2548
2615	2553
2615	2557
2616	2561
2617	2565
2615	2568
2616	2572
2617	2576
2616	2580
2615	2583
2614	2587
2615	2591
2616	2596
2617	2600
2617	2604
2618	2608
2617	2611
2616	2615
2619	2620
2619	2624
2618	2628
2617	2631
2616	2635
2617	2639
2617	2643
2618	2647
2619	2651
2618	2655
2619	2659
2619	2664
2620	2668
2621	2672
2620	2676
2619	2679
2619	2683
2618	2687
2619	2691
2618	2695
2618	2699
2620	2703
2620	2708
2619	2711
2620	2716
2620	2720
2618	2723
2618	2727
2619	2731
2618	2735
2617	2739
2618	2743
2620	2748
2621	2752
2620	2756
2621	2760
2620	2764
2620	2768
2619	2772
2619	2776
2618	2779
2617	2783
2618	2788
2619	2792
2617	2796
2618	2800
2618	2804
2616	2807
2616	2812
2617	2816
2617	2820
2617	2824
2618	2829
2618	2833
2617	2837
2618	2841
2618	2846
2618	2850
2619	2854
2619	2858
2619	2863
2620	2867
2618	2870
2618	2875
2619	2879
2619	2883
2618	2887
2618	2892
2618	2896
2618	2900
2619	2905
2618	2909
2617	2912
2616	2916
2616	2920
2617	2925
2617	2929
2616	2933
2616	2937
2616	2942
2617	2946
2616	2950
2616	2954
2620	2960
2619	2964
2617	2968
2617	2972
2618	2976
2617	2980
2617	2985
2617	2989
2616	2993
2617	2998
2619	3003
2616	3006
2616	3010
2616	3014
2616	3019
2618	3025
2618	3029
2616	3032
2615	3036
2615	3040
2615	3045
2615	3049
2615	3054
2615	3058
2616	3063
2615	3067
2614	3071
2613	3075
2613	3079
2613	3083
2615	3089
2613	3092
2610	3095
2610	3100
2614	3106
2615	3111
2615	3116
2614	3120
2615	3125
2612	3128
2611	3132
2610	3136
2612	3141
2612	3146
2611	3149
2611	3154
2610	3158
2610	3163
2610	3167
2609	3171
2600	3171
2573	3160
2547	3150
2534	3147
2529	3149
2527	3152
2525	3156
2522	3158
2521	3162
2520	3166
2604	3228
2606	3234
2605	3238
2605	3243
2605	3248
2605	3252
2606	3257
2604	3261
2604	3266
2603	3270
2602	3274
2603	3279
2604	3285
2604	3289
2604	3294
2603	3298
2603	3303
2602	3307
2602	3312
2602	3316
2600	3320
2600	3325
2599	3329
2599	3334
2598	3338
2597	3343
2597	3347
2597	3352
2596	3356
2594	3360
2594	3365
2593	3369
2593	3374
2592	3378
2592	3383
2591	3387
2591	3392
2591	3397
2590	3402
2591	3407
2590	3411
2589	3415
2591	3421
2589	3425
2587	3429
2586	3433
2586	3438
2585	3443
2584	3447
2581	3450
2578	3453
2577	3457
2576	3461
2575	3465
2574	3470
2574	3475
2573	3480
2572	3484
2572	3489
2570	3493
2568	3496
2566	3500
2564	3504
2564	3509
2565	3515
2564	3519
2563	3523
2561	3527
2560	3531
2559	3536
2557	3540
2556	3544
2558	3551
2557	3555
2556	3560
2555	3564
2553	3568
2552	3572
2551	3577
2550	3581
2549	3585
2548	3590
2546	3594
2546	3599
2546	3604
2544	3608
2542	3612
2541	3616
2539	3620
2539	3626
2538	3630
2537	3634
2535	3638
2534	3643
2532	3647
2530	3651
2529	3655
2529	3661
2527	3664
2527	3670
2527	3675
2527	3680
2524	3683
2522	3687
2519	3690
2518	3695
2518	3701
2517	3705
2514	3708
2513	3713
2512	3717
2511	3722
2510	3727
2508	3731
2506	3734
2505	3739
2506	3745
2506	3751
2506	3757
2506	3762
2505	3767
2502	3770
2500	3774
2500	3780
2499	3784
2498	3789
2494	3791
2491	3795
2490	3799
2489	3804
2487	3808
2486	3813
2485	3818
2483	3822
2482	3826
2481	3831
2477	3834
2476	3838
2475	3844
2473	3848
2472	3852
2470	3856
2468	3860
2465	3863
2462	3867
2461	3872
2459	3876
2457	3880
2455	3884
2454	3888
2447	3888
2452	3898
2456	3907
2454	3912
2451	3915
2442	3913
2445	3922
2444	3926
2441	3930
2437	3932
2434	3936
2435	3942
2434	3947
2432	3951
2431	3956
2429	3960
2426	3964
2426	3969
2423	3973
2421	3977
2420	3982
2417	3985
2415	3989
2413	3993
2411	3998
2409	4002
2409	4008
2407	4012
2404	4016
2402	4019
2399	4023
2398	4028
2398	4035
2397	4039
2394	4043
2393	4048
2391	4052
2388	4055
2385	4059
2382	4062
2382	4069
2381	4073
2379	4078
2378	4083
2377	4088
2376	4094
2376	4100
2374	4104
2371	4108
2368	4111
2364	4113
2359	4115
2356	4118
2355	4123
2354	4128
2059	3881
2058	3885
2054	3887
2052	3891
2051	3896
2336	4200
2332	4204
2323	4200
2321	4205
2318	4209
2316	4213
2313	4216
2311	4221
2310	4226
2308	4231
2306	4235
2303	4239
2300	4242
2298	4247
2295	4250
2292	4253
2287	4255
2286	4260
2284	4265
2280	4268
2278	4272
2277	4278
2277	4285
2277	4291
2274	4295
2271	4299
2270	4304
2268	4309
2265	4312
2264	4319
2261	4322
2258	4325
2257	4331
2254	4335
2252	4340
2249	4343
2247	4347
2242	4349
2238	4352
2235	4355
2232	4358
2229	4362
2226	4366
2222	4368
2219	4372
2217	4376
2215	4381
2213	4385
2210	4389
2206	4392
2203	4395
2201	4400
2200	4406
2200	4413
2198	4418
2196	4423
2193	4427
2190	4431
2189	4436
2186	4441
2183	4444
2184	4452
2181	4457
2178	4460
2176	4465
2175	4471
2172	4475
2169	4478
2167	4483
2166	4490
2163	4493
2160	4497
2157	4501
2155	4506
2152	4510
2150	4516
2149	4521
2145	4524
2142	4527
2138	4530
2134	4533
2131	4537
2130	4543
2127	4547
2124	4551
2121	4555
2118	4558
2116	4563
2114	4569
2110	4571
2105	4573
2103	4577
2102	4584
2100	4589
2097	4593
2094	4597
2091	4602
2088	4605
2086	4610
2083	4614
2081	4619
2078	4624
2076	4628
2072	4631
2068	4634
2065	4638
2061	4641
2058	4644
2054	4647
2051	4651
2046	4652
2041	4654
2038	4657
2034	4660
2031	4664
2028	4667
2024	4670
2019	4672
2014	4672
2010	4675
2006	4678
2005	4684
2001	4688
1999	4692
1996	4696
1992	4699
1988	4703
1984	4705
1981	4708
1978	4712
1975	4717
1971	4719
1967	4722
1963	4725
1960	4729
1957	4733
1954	4737
1950	4740
1948	4745
1946	4751
1943	4755
1939	4757
1935	4761
1933	4766
1930	4770
1926	4773
1922	4776
1918	4778
1914	4780
1910	4784
1911	4794
1908	4798
1904	4802
1901	4806
1897	4808
1894	4813
1890	4815
1886	4817
1883	4821
1880	4826
1876	4830
1872	4831
1869	4836
1866	4841
1864	4847
1860	4850
1857	4854
1855	4860
1852	4863
1847	4865
1843	4868
1839	4871
1837	4876
1833	4879
1829	4883
1826	4886
1822	4889
1819	4893
1816	4899
1813	4903
1811	4909
1807	4912
1804	4916
1800	4919
1797	4923
1793	4927
1790	4931
1785	4933
1782	4937
1778	4940
1773	4941
1770	4946
1766	4949
1762	4952
1758	4954
1755	4959
1751	4962
1747	4965
1744	4969
1740	4973
1737	4977
1733	4981
1729	4984
1726	4987
1722	4991
1719	4995
1715	4997
1711	5002
1706	5003
1701	5003
1696	5005
1692	5008
1689	5012
1685	5015
1681	5018
1678	5022
1674	5026
1669	5028
1666	5031
1662	5035
1659	5039
1655	5042
1651	5045
1648	5050
1644	5053
1640	5056
1635	5059
1631	5062
1627	5065
1621	5064
1617	5066
1613	5069
1609	5072
1604	5074
1600	5075
1595	5077
1591	5080
1587	5083
1583	5087
1581	5093
1578	5099
1574	5101
1569	5103
1565	5105
1561	5109
1557	5113
1554	5117
1550	5120
1546	5123
1542	5126
1537	5128
1533	5131
1530	5136
1527	5142
1526	5151
1522	5155
1518	5157
1513	5159
1509	5163
1506	5168
1503	5173
1499	5177
1496	5181
1491	5184
1487	5186
1483	5189
1479	5193
1475	5196
1471	5201
1467	5203
1463	5207
1460	5212
1455	5214
1451	5216
1446	5218
1441	5220
1437	5223
1433	5227
1428	5228
1423	5229
1419	5231
1414	5233
1410	5236
1406	5239
1401	5241
1396	5242
1391	5243
1386	5245
1383	5249
1378	5250
1374	5253
1370	5257
1365	5259
1360	5261
1356	5264
1352	5267
1348	5271
1344	5274
1340	5277
1335	5279
1331	5282
1326	5285
1322	5286
1317	5287
1312	5290
1309	5295
1305	5299
1300	5300
1295	5302
1291	5305
1287	5309
1283	5312
1278	5313
1273	5313
1268	5317
1264	5321
1260	5324
1256	5327
1252	5330
1248	5336
1244	5339
1240	5341
1235	5344
1230	5345
1225	5347
1221	5349
1216	5351
1212	5354
1207	5356
1203	5360
1199	5363
1194	5365
1190	5368
1185	5370
1181	5373
1176	5375
1171	5377
1167	5380
1162	5382
1158	5385
1153	5386
1147	5386
1141	5384
1137	5385
1132	5388
1128	5391
1124	5395
1119	5397
1114	5400
1110	5401
1105	5404
1100	5405
1096	5408
1091	5409
1086	5411
1081	5413
1076	5415
1071	5414
1066	5417
1061	5418
1056	5419
1052	5421
1047	5423
1042	5423
1037	5425
1032	5427
1028	5429
1023	5432
1018	5434
1014	5436
1009	5439
1004	5439
998	5438
993	5437
988	5438
983	5439
978	5440
973	5441
968	5443
963	5443
958	5444
953	5445
948	5447
943	5449
939	5452
933	5450
927	5447
922	5447
918	5452
913	5454
909	5457
904	5462
899	5462
894	5464
890	5465
884	5466
879	5464
873	5463
868	5463
863	5465
858	5466
853	5468
849	5469
844	5472
839	5473
834	5476
829	5477
824	5476
819	5478
814	5479
809	5478
804	5478
799	5479
794	5481
789	5482
784	5482
778	5482
773	5481
768	5483
763	5484
758	5485
753	5486
748	5488
743	5489
739	5490
733	5489
728	5491
724	5494
719	5494
713	5494
708	5495
704	5497
699	5498
694	5498
689	5499
684	5500
678	5500
674	5502
669	5503
664	5503
658	5503
654	5505
649	5508
644	5510
639	5510
634	5509
628	5505
623	5505
618	5507
613	5511
609	5513
604	5516
599	5516
594	5516
588	5514
582	5510
577	5510
572	5511
567	5513
562	5512
556	5509
551	5506
546	5506
541	5509
537	5513
532	5518
527	5519
522	5519
517	5519
512	5518
506	5517
501	5516
496	5517
491	5517
486	5516
481	5516
476	5518
471	5517
466	5517
461	5520
456	5522
451	5522
446	5523
441	5526
436	5528
431	5526
426	5524
421	5525
416	5528
411	5529
406	5530
401	5532
396	5533
391	5533
386	5533
381	5535
376	5534
371	5535
366	5536
361	5535
356	5535
350	5534
345	5535
340	5535
335	5536
330	5536
325	5534
320	5532
315	5533
310	5534
305	5534
299	5532
294	5531
289	5528
284	5526
280	5538
275	5541
269	5532
264	5530
259	5529
253	5527
248	5520
243	5519
238	5518
233	5518
227	5516
222	5515
217	5516
212	5517
207	5518
202	5519
197	5519
192	5521
187	5520
182	5519
177	5519
134	5019
130	5024
125	5023
121	5021
116	5017
112	5017
108	5018
103	5019
99	5015
94	5005
90	5001
85	5001
80	4992
76	4991
72	4992
68	4999
63	5000
59	5001
55	5005
51	5011
47	5019
42	5019
38	5018
33	5017
29	5020
25	5023
21	5022
16	5016
17	5565
12	5525
7	5523
2	5524
-3	5525
-8	5525
-14	5523
-19	5521
-24	5519
-29	5517
-34	5518
-39	5520
-44	5520
-49	5519
-54	5518
-59	5516
-64	5515
-69	5527
-74	5529
-79	5545
-94	5499
-99	5499
-104	5500
-109	5500
-114	5500
-119	5501
-124	5502
-129	5501
-133	5498
-138	5497
-143	5498
-148	5500
-153	5501
-158	5499
-163	5496
-168	5495
-173	5495
-178	5496
-183	5497
-188	5497
-193	5496
-198	5491
-203	5488
-208	5489
-213	5492
-218	5495
-223	5497
-228	5492
-233	5489
-238	5488
-243	5489
-248	5489
-253	5490
-258	5490
-263	5490
-268	5487
-273	5487
-278	5490
-283	5490
-288	5490
-293	5491
-298	5488
-303	5487
-307	5486
-312	5484
-317	5484
-322	5483
-327	5482
-332	5482
-337	5482
-342	5481
-347	5480
-352	5479
-357	5479
-362	5478
-367	5477
-372	5476
-376	5474
-381	5472
-386	5472
-391	5471
-396	5470
-401	5468
-406	5466
-411	5464
-415	5463
-420	5463
-425	5463
-430	5462
-435	5461
-440	5460
-445	5458
-450	5457
-455	5456
-459	5454
-464	5453
-469	5452
-474	5452
-479	5451
-484	5453
-489	5454
-494	5455
-499	5454
-504	5453
-509	5451
-514	5448
-518	5446
-523	5443
-528	5441
-533	5441
-537	5440
-542	5440
-547	5438
-552	5436
-557	5437
-562	5437
-567	5437
-572	5437
-577	5436
-582	5434
-586	5432
-591	5432
-596	5431
-601	5429
-606	5429
-611	5428
-616	5428
-621	5430
-626	5432
-631	5432
-636	5432
-641	5430
-646	5429
-651	5428
-656	5427
-660	5424
-665	5424
-670	5423
-675	5423
-680	5423
-685	5422
-690	5420
-695	5421
-700	5421
-705	5420
-710	5419
-715	5419
-719	5416
-724	5413
-729	5414
-734	5415
-739	5415
-744	5415
-749	5415
-754	5416
-760	5417
-765	5417
-770	5417
-775	5415
-779	5414
-784	5414
-790	5415
-794	5413
-799	5413
-804	5412
-809	5411
-814	5409
-819	5408
-824	5408
-829	5408
-834	5408
-839	5407
-844	5405
-848	5404
-853	5402
-858	5403
-863	5403
-868	5401
-873	5400
-878	5398
-882	5397
-887	5396
-892	5396
-897	5394
-902	5393
-907	5392
-912	5391
-917	5391
-922	5391
-926	5388
-930	5384
-935	5380
-939	5376
-943	5371
-947	5369
-952	5367
-957	5365
-961	5363
-966	5363
-971	5361
-976	5361
-981	5359
-985	5358
-990	5356
-994	5351
-998	5348
-1003	5346
-1007	5344
-1012	5343
-1017	5341
-1022	5342
-1027	5343
-1033	5343
-1038	5344
-1043	5342
-1047	5339
-1052	5338
-1057	5337
-1061	5335
-1065	5331
-1070	5330
-1075	5330
-1080	5328
-1085	5327
-1089	5325
-1094	5324
-1099	5323
-1104	5322
-1109	5321
-1114	5323
-1120	5323
-1124	5322
-1130	5321
-1134	5320
-1139	5318
-1143	5315
-1148	5314
-1153	5312
-1157	5310
-1162	5308
-1167	5307
-1171	5304
-1175	5301
-1180	5299
-1184	5296
-1188	5294
-1193	5292
-1198	5291
-1202	5288
-1207	5287
-1213	5288
-1219	5291
-1224	5290
-1228	5288
-1233	5286
-1236	5282
-1241	5278
-1245	5276
-1250	5275
-1255	5273
-1260	5273
-1265	5272
-1269	5270
-1274	5268
-1278	5266
-1284	5267
-1288	5264
-1293	5263
-1298	5262
-1302	5260
-1307	5259
-1311	5256
-1316	5253
-1320	5251
-1324	5248
-1329	5246
-1333	5244
-1338	5242
-1342	5240
-1347	5238
-1354	5242
-1359	5243
-1365	5244
-1371	5245
-1375	5242
-1380	5241
-1384	5239
-1389	5238
-1395	5238
-1400	5238
-1405	5237
-1409	5235
-1414	5233
-1419	5232
-1424	5231
-1430	5232
-1434	5231
-1439	5229
-1443	5226
-1448	5225
-1453	5224
-1458	5223
-1464	5223
-1469	5223
-1474	5222
-1479	5222
-1484	5221
-1490	5223
-1497	5225
-1501	5223
-1507	5223
-1512	5223
-1517	5221
-1521	5218
-1524	5213
-1528	5209
-1532	5206
-1537	5204
-1542	5203
-1546	5201
-1550	5198
-1554	5195
-1558	5191
-1562	5188
-1565	5182
-1569	5178
-1574	5177
-1578	5174
-1581	5169
-1584	5163
-1588	5160
-1592	5156
-1596	5153
-1600	5150
-1603	5146
-1607	5142
-1611	5138
-1614	5133
-1617	5128
-1622	5126
-1627	5125
-1633	5126
-1637	5124
-1642	5123
-1646	5121
-1651	5118
-1656	5118
-1661	5117
-1666	5116
-1671	5115
-1675	5112
-1680	5109
-1684	5106
-1688	5104
-1693	5104
-1699	5104
-1704	5102
-1709	5102
-1713	5100
-1719	5099
-1724	5099
-1731	5101
-1736	5100
-1741	5099
-1745	5097
-1750	5094
-1754	5093
-1760	5093
-1765	5091
-1770	5090
-1774	5088
-1778	5084
-1782	5082
-1786	5078
-1790	5075
-1794	5072
-1798	5070
-1803	5067
-1806	5063
-1810	5060
-1815	5058
-1819	5054
-1823	5051
-1827	5049
-1830	5045
-1834	5042
-1839	5039
-1843	5036
-1846	5032
-1849	5027
-1852	5023
-1856	5019
-1859	5015
-1864	5012
-1868	5011
-1873	5009
-1879	5009
-1883	5007
-1888	5005
-1893	5003
-1896	5000
-1900	4997
-1906	4996
-1911	4996
-1917	4996
-1923	4997
-1929	4998
-1934	4995
-1938	4993
-1943	4991
-1947	4989
-1951	4986
-1956	4984
-1960	4981
-1963	4977
-1967	4973
-1972	4972
-1977	4970
-1982	4969
-1987	4968
-1992	4966
-1996	4964
-2001	4963
-2006	4961
-2010	4958
-2015	4957
-2021	4957
-2026	4956
-2030	4953
-2035	4952
-2040	4950
-2045	4948
-2050	4947
-2056	4947
-2059	4943
-2062	4938
-2066	4934
-2070	4931
-2074	4929
-2079	4928
-2085	4928
-2090	4927
-2094	4923
-2099	4922
-2104	4920
-2108	4918
-2112	4914
-2116	4911
-2119	4906
-2123	4903
-2127	4901
-2133	4901
-2139	4900
-2143	4897
-2147	4894
-2151	4891
-2154	4886
-2157	4882
-2160	4878
-2165	4875
-2169	4873
-2172	4869
-2176	4865
-2180	4863
-2185	4861
-2189	4859
-2195	4858
-2199	4856
-2204	4854
-2209	4852
-2213	4849
-2216	4844
-2220	4841
-2224	4838
-2230	4837
-2234	4835
-2237	4831
-2241	4828
-2246	4826
-2251	4824
-2255	4821
-2259	4818
-2264	4816
-2268	4814
-2272	4810
-2276	4807
-2279	4804
-2283	4801
-2289	4799
-2293	4797
-2297	4794
-2300	4789
-2303	4785
-2306	4781
-2309	4777
-2313	4773
-2318	4772
-2323	4770
-2327	4767
-2330	4763
-2333	4758
-2335	4752
-2337	4748
-2339	4741
-2342	4737
-2345	4732
-2347	4728
-2351	4725
-2355	4722
-2359	4719
-2363	4716
-2367	4713
-2372	4711
-2376	4708
-2380	4704
-2382	4700
-2386	4696
-2388	4691
-2391	4686
-2394	4683
-2398	4680
-2401	4675
-2403	4669
-2406	4665
-2410	4663
-2415	4660
-2419	4658
-2424	4656
-2427	4652
-2429	4646
-2432	4642
-2436	4638
-2439	4635
-2442	4631
-2446	4628
-2450	4625
-2455	4623
-2458	4619
-2461	4615
-2465	4612
-2469	4609
-2473	4606
-2477	4603
-2482	4601
-2485	4598
-2489	4594
-2491	4589
-2494	4584
-2495	4579
-2498	4574
-2501	4570
-2505	4568
-2510	4566
-2514	4563
-2518	4559
-2520	4555
-2522	4549
-2526	4546
-2531	4544
-2535	4541
-2539	4538
-2542	4534
-2545	4530
-2547	4525
-2549	4520
-2554	4518
-2559	4516
-2565	4515
-2570	4513
-2574	4510
-2578	4507
-2581	4503
-2583	4498
-2585	4493
-2588	4489
-2591	4485
-2594	4481
-2595	4474
-2598	4471
-2600	4466
-2603	4461
-2605	4457
-2607	4452
-2609	4446
-2610	4441
-2612	4435
-2615	4431
-2618	4427
-2621	4423
-2623	4418
-2626	4414
-2628	4409
-2629	4404
-2632	4399
-2636	4396
-2639	4393
-2644	4390
-2647	4387
-2651	4383
-2653	4378
-2655	4374
-2658	4369
-2661	4365
-2663	4361
-2666	4357
-2669	4353
-2672	4349
-2674	4344
-2675	4338
-2678	4334
-2681	4331
-2684	4327
-2687	4322
-2691	4320
-2695	4317
-2698	4313
-2701	4309
-2703	4304
-2706	4300
-2709	4297
-2714	4294
-2718	4291
-2720	4287
-2722	4282
-2724	4277
-2726	4272
-2730	4269
-2734	4266
-2737	4263
-2740	4259
-2744	4256
-2748	4253
-2751	4248
-2753	4244
-2756	4240
-2758	4236
-2760	4231
-2761	4225
-2762	4219
-2764	4214
-2765	4209
-2768	4205
-2772	4202
-2776	4199
-2779	4195
-2780	4190
-2782	4184
-2784	4180
-2787	4176
-2789	4172
-2791	4167
-2792	4161
-2794	4156
-2795	4151
-2796	4145
-2797	4140
-2801	4137
-2804	4134
-2807	4129
-2808	4124
-2809	4118
-2813	4115
-2816	4112
-2818	4107
-2819	4102
-2820	4096
-2822	4092
-2826	4088
-2826	4083
-2827	4077
-2829	4072
-2832	4069
-2836	4066
-2838	4061
-2838	4055
-2838	4049
-2841	4045
-2846	4043
-2848	4038
-2849	4033
-2851	4029
-2853	4024
-2855	4019
-2858	4016
-2861	4012
-2864	4008
-2864	4002
-2867	3998
-2871	3995
-2872	3990
-2873	3984
-2874	3979
-2875	3974
-2878	3970
-2880	3966
-2883	3962
-2885	3958
-2884	3951
-2885	3945
-2886	3940
-2888	3936
-2889	3930
-2890	3925
-2892	3921
-2894	3916
-2894	3910
-2896	3906
-2896	3900
-2897	3894
-2898	3889
-2898	3883
-2899	3878
-2903	3875
-2909	3874
-2909	3868
-2910	3863
-2911	3858
-2913	3854
-2914	3849
-2916	3844
-2917	3839
-2918	3834
-2920	3830
-2922	3826
-2922	3819
-2922	3813
-2922	3808
-2923	3803
-2924	3798
-2925	3793
-2928	3789
-2931	3785
-2931	3780
-2931	3774
-2933	3769
-2935	3766
-2936	3761
-2937	3755
-2938	3750
-2937	3744
-2938	3739
-2939	3734
-2940	3729
-2940	3723
-2942	3719
-2944	3715
-2945	3710
-2947	3706
-2948	3701
-2949	3696
-2952	3692
-2954	3688
-2954	3682
-2955	3677
-2956	3673
-2958	3669
-2958	3663
-2956	3656
-2959	3653
-2962	3649
-2964	3645
-2966	3641
-2967	3636
-2969	3632
-2971	3628
-2972	3623
-2973	3618
-2974	3613
-2976	3609
-2978	3605
-2980	3600
-2980	3595
-2976	3587
-2977	3582
-2976	3576
-2977	3571
-2979	3567
-2980	3563
-2980	3557
-2980	3552
-2982	3547
-2983	3543
-2984	3538
-2984	3533
-2985	3528
-2986	3523
-2989	3520
-2988	3514
-2987	3508
-2987	3503
-2986	3497
-2987	3492
-2989	3488
-2992	3484
-2992	3479
-2995	3476
-2996	3471
-2997	3466
-2996	3461
-2997	3456
-2999	3452
-3001	3448
-3000	3442
-3001	3438
-3002	3433
-3002	3428
-3002	3422
-3002	3418
-3004	3413
-3004	3408
-3004	3403
-3004	3398
-3005	3393
-3005	3388
-3004	3382
-3005	3378
-3005	3373
-3005	3367
-3005	3363
-3006	3358
-3007	3353
-3008	3349
-3009	3344
-3010	3340
-3010	3335
-3011	3330
-3012	3326
-3012	3321
-3010	3315
-3010	3309
-3009	3304
-3006	3297
-3004	3291
-3003	3286
-3004	3281
-3005	3277
-3005	3272
-3005	3267
-3005	3262
-3004	3256
-3005	3252
-3006	3247
-3007	3243
-3007	3238
-3007	3233
-3007	3228
-3007	3223
-3004	3217
-3005	3212
-3006	3208
-3007	3204
-3006	3198
-3006	3194
-3007	3189
-3009	3185
-3009	3180
-3009	3176
-3009	3171
-3009	3166
-3009	3161
-3009	3156
-3010	3152
-3007	3146
-3007	3141
-3007	3136
-3007	3131
-3007	3127
-3007	3122
-3007	3117
-3006	3112
-3006	3107
-3006	3102
-3007	3098
-3007	3093
-3007	3088
-3008	3084
-3008	3079
-3005	3073
-3005	3069
-3005	3064
-3006	3060
-3006	3055
-3005	3050
-3005	3045
-3004	3040
-3004	3035
-3004	3031
-3004	3026
-3005	3022
-3006	3017
-3005	3013
-3004	3008
-3002	3002
-3001	2997
-3000	2992
-3001	2988
-3001	2983
-3001	2978
-3002	2974
-3003	2970
-3004	2966
-3004	2961
-3005	2957
-3005	2953
-3006	2949
-3006	2944
-3004	2939
-3001	2933
-3001	2928
-3001	2923
-3001	2919
-3002	2915
-3003	2911
-3002	2906
-3002	2901
-3000	2896
-2999	2891
-2998	2886
-2999	2882
-3000	2878
-2999	2873
-3000	2869
-2998	2864
-2998	2859
-2997	2855
-2996	2850
-2996	2845
-2995	2841
-2995	2836
-2995	2831
-2993	2826
-2994	2822
-2993	2818
-2992	2813
-2992	2808
-2992	2804
-2993	2800
-2991	2795
-2990	2790
-2991	2786
-2991	2782
-2990	2777
-2989	2772
-2988	2767
-2987	2763
-2987	2758
-2986	2754
-2986	2749
-2987	2745
-2989	2742
-2988	2737
-2987	2732
-2987	2728
-2984	2722
-2982	2718
-2982	2713
-2981	2709
-2982	2705
-2981	2700
-2980	2696
-2981	2691
-2981	2687
-2981	2683
-2980	2678
-2980	2674
-2980	2670
-2979	2665
-2978	2661
-2977	2656
-2975	2651
-2975	2647
-2974	2642
-2974	2638
-2974	2634
-2974	2630
-2974	2625
-2973	2621
-2972	2616
-2972	2612
-2971	2608
-2970	2603
-2970	2599
-2970	2595
-2968	2590
-2967	2585
-2966	2581
-2966	2577
-2966	2573
-2967	2569
-2966	2564
-2966	2560
-2964	2556
-2963	2551
-2962	2547
-2962	2542
-2962	2538
-2962	2534
-2962	2530
-2959	2525
-2960	2521
-2960	2517
-2960	2513
-2959	2509
-2958	2504
-2957	2500
-2957	2496
-2956	2491
-2955	2487
-2955	2483
-2954	2479
-2953	2474
-2952	2470
-2952	2466
-2951	2462
-2949	2457
-2950	2453
-2950	2449
-2949	2445
-2948	2440
-2948	2436
-2947	2432
-2948	2428
-2948	2424
-2946	2420
-2945	2415
-2944	2411
-2944	2407
-2944	2403
-2942	2399
-2942	2395
-2942	2391
-2942	2387
-2941	2383
-2940	2378
-2940	2374
-2940	2370
-2940	2366
-2940	2362
-2942	2359
-2940	2354
-2939	2350
-2939	2346
-2939	2342
-2936	2337
-2935	2333
-2935	2329
-2934	2325
-2932	2321
-2930	2316
-2929	2312
-2929	2308
-2928	2304
-2929	2300
-2929	2296
-2929	2293
-2928	2288
-2927	2284
-2925	2280
-2923	2276
-2923	2272
-2922	2268
-2921	2263
-2920	2259
-2920	2255
-2919	2251
-2918	2247
-2917	2243
-2917	2239
-2918	2236
-2918	2232
-2916	2228
-2915	2223
-2915	2219
-2912	2215
-2911	2211
-2910	2207
-2910	2203
-2909	2199
-2908	2195
-2909	2191
-2907	2187
-2907	2183
-2906	2179
-2905	2175
-2905	2171
-2905	2168
-2904	2164
-2903	2160
-2900	2155
-2898	2151
-2899	2147
-2898	2144
-2899	2140
-2898	2136
-2896	2132
-2896	2128
-2894	2124
-2893	2120
-2893	2116
-2893	2112
-2893	2108
-2892	2105
-2891	2101
-2889	2097
-2889	2093
-2888	2089
-2888	2085
-2887	2081
-2887	2077
-2886	2073
-2885	2070
-2885	2066
-2883	2062
-2883	2058
-2881	2054
-2881	2050
-2880	2046
-2879	2042
-2878	2038
-2877	2035
-2877	2031
-2876	2027
-2876	2023
-2874	2019
-2874	2015
-2872	2012
-2871	2008
-2870	2004
-2869	2000
-2870	1996
-2869	1993
-2870	1989
-2869	1985
-2865	1981
-2865	1977
-2864	1973
-2864	1970
-2864	1966
-2863	1962
-2863	1958
-2862	1955
-2861	1951
-2860	1947
-2859	1943
-2859	1940
-2860	1936
-2859	1932
-2858	1928
-2856	1924
-2855	1921
-2854	1917
-2855	1913
-2853	1909
-2852	1906
-2852	1902
-2852	1898
-2851	1895
-2849	1891
-2848	1887
-2847	1883
-2847	1880
-2847	1876
-2846	1872
-2845	1868
-2843	1865
-2843	1861
-2841	1857
-2841	1854
-2839	1850
-2838	1846
-2838	1842
-2839	1839
-2838	1835
-2837	1831
-2836	1828
-2834	1824
-2834	1820
-2835	1817
-2833	1813
-2831	1809
-2830	1806
-2829	1802
-2828	1798
-2828	1795
-2828	1791
-2827	1787
-2826	1784
-2825	1780
-2824	1776
-2823	1773
-2822	1769
-2821	1765
-2822	1762
-2820	1758
-2818	1754
-2818	1751
-2818	1747
-2817	1743
-2816	1740
-2814	1736
-2814	1733
-2815	1729
-2816	1725
-2812	1722
-2808	1718
-2806	1714
-2806	1711
-2807	1707
-2806	1704
-2805	1700
-2805	1696
-2804	1693
-2803	1689
-2802	1686
-2802	1682
-2799	1678
-2798	1675
-2797	1671
-2796	1668
-2796	1664
-2796	1660
-2796	1657
-2794	1653
-2794	1650
-2793	1646
-2792	1643
-2792	1639
-2791	1635
-2790	1632
-2790	1628
-2790	1625
-2788	1621
-2787	1618
-2785	1614
-2785	1610
-2784	1607
-2784	1603
-2783	1600
-2783	1596
-2781	1593
-2781	1589
-2780	1586
-2778	1582
-2776	1579
-2776	1575
-2776	1572
-2775	1568
-2775	1564
-2774	1561
-2772	1557
-2771	1554
-2770	1550
-2770	1547
-2770	1543
-2768	1540
-2767	1536
-2766	1533
-2766	1529
-2765	1526
-2764	1522
-2763	1519
-2763	1515
-2762	1512
-2760	1508
-2760	1505
-2760	1501
-2759	1498
-2756	1494
-2756	1491
-2755	1487
-2755	1484
-2753	1480
-2752	1477
-2752	1473
-2752	1470
-2751	1466
-2751	1463
-2749	1459
-2747	1456
-2747	1452
-2747	1449
-2746	1445
-2745	1442
-2745	1438
-2745	1435
-2744	1431
-2743	1428
-2742	1424
-2739	1421
-2739	1418
-2738	1414
-2737	1411
-2737	1407
-2735	1404
-2735	1400
-2735	1397
-2733	1393
-2732	1390
-2731	1386
-2729	1383
-2727	1380
-2726	1376
-2726	1373
-2725	1369
-2725	1366
-2725	1362
-2723	1359
-2722	1356
-2719	1352
-2718	1349
-2717	1346
-2716	1342
-2716	1339
-2714	1335
-2713	1332
-2710	1329
-2710	1325
-2709	1322
-2708	1319
-2707	1315
-2706	1312
-2704	1308
-2703	1305
-2702	1302
-2702	1298
-2701	1295
-2700	1291
-2698	1288
-2698	1285
-2697	1281
-2696	1278
-2694	1274
-2693	1271
-2691	1268
-2691	1264
-2690	1261
-2689	1258
-2688	1254
-2687	1251
-2687	1247
-2685	1244
-2684	1241
-2683	1237
-2681	1234
-2680	1231
-2679	1227
-2677	1224
-2675	1221
-2674	1218
-2673	1214
-2672	1211
-2671	1208
-2669	1204
-2668	1201
-2667	1198
-2666	1194
-2665	1191
-2665	1188
-2664	1184
-2662	1181
-2661	1178
-2660	1174
-2658	1171
-2657	1168
-2656	1164
-2655	1161
-2654	1158
-2653	1154
-2652	1151
-2651	1148
-2649	1145
-2648	1141
-2648	1138
-2647	1134
-2646	1131
-2644	1128
-2643	1125
-2641	1121
-2640	1118
-2638	1115
-2637	1112
-2637	1108
-2637	1105
-2634	1102
-2634	1098
-2634	1095
-2632	1091
-2631	1088
-2630	1085
-2630	1081
-2628	1078
-2627	1075
-2624	1072
-2625	1068
-2624	1065
-2623	1062
-2622	1058
-2621	1055
-2620	1052
-2619	1048
-2617	1045
-2616	1042
-2616	1038
-2614	1035
-2612	1032
-2611	1029
-2610	1026
-2609	1022
-2607	1019
-2605	1016
-2602	1013
-2602	1010
-2601	1007
-2600	1003
-2599	1000
-2598	997
-2597	993
-2596	990
-2595	987
-2594	983
-2593	980
-2592	977
-2591	974
-2589	971
-2589	967
-2588	964
-2586	961
-2584	958
-2583	954
-2583	951
-2581	948
-2578	945
-2576	942
-2575	939
-2574	935
-2574	932
-2572	929
-2571	925
-2570	922
-2570	919
-2568	916
-2567	912
-2566	909
-2565	906
-2564	902
-2564	899
-2562	896
-2561	893
-2560	889
-2558	886
-2557	883
-2556	880
-2556	876
-2555	873
-2553	870
-2552	867
-2551	863
-2550	860
-2549	857
-2549	853
-2548	850
-2546	847
-2544	844
-2543	841
-2542	837
-2541	834
-2539	831
-2539	827
-2537	824
-2536	821
-2534	818
-2533	815
-2532	812
-2531	808
-2530	805
-2529	802
-2527	799
-2526	795
-2526	792
-2525	788
-2523	785
-2521	782
-2520	779
-2520	776
-2519	772
-2518	769
-2517	766
-2517	762
-2515	759
-2513	756
-2513	752
-2512	749
-2511	746
-2509	743
-2507	740
-2506	737
-2504	734
-2502	731
-2500	728
-2501	724
-2500	721
-2499	717
-2498	714
-2497	711
-2496	707
-2494	704
-2494	701
-2492	698
-2490	695
-2489	692
-2488	688
-2486	685
-2486	682
-2485	678
-2483	675
-2481	672
-2481	669
-2479	666
-2478	663
-2478	659
-2476	656
-2475	653
-2473	650
-2471	647
-2470	644
-2469	640
-2468	637
-2468	633
-2467	630
-2466	627
-2464	623
-2462	621
-2461	617
-2460	614
-2459	611
-2456	608
-2456	604
-2455	601
-2455	597
-2453	594
-2453	591
-2452	587
-2450	584
-2449	581
-2447	578
-2446	575
-2444	572
-2444	568
-2443	565
-2442	562
-2440	558
-2439	555
-2437	552
-2436	549
-2437	545
-2435	542
-2435	538
-2432	535
-2432	532
-2431	528
-2430	525
-2429	522
-2427	519
-2426	515
-2425	512
-2425	508
-2423	505
-2422	502
-2420	499
-2418	496
-2417	493
-2415	490
-2414	487
-2414	483
-2413	479
-2413	475
-2412	472
-2410	469
-2410	465
-2408	462
-2407	459
-2406	456
-2404	453
-2402	449
-2402	446
-2401	442
-2399	439
-2398	436
-2397	433
-2395	430
-2394	427
-2392	423
-2391	420
-2390	416
-2389	413
-2388	410
-2388	406
-2386	403
-2385	400
-2383	397
-2382	393
-2380	390
-2379	387
-2377	384
-2376	380
-2375	377
-2374	373
-2373	370
-2371	367
-2370	364
-2368	361
-2368	357
-2367	354
-2365	351
-2363	348
-2362	344
-2360	341
-2360	338
-2357	335
-2354	333
-2353	329
-2352	326
-2352	322
-2350	319
-2349	315
-2348	312
-2347	308
-2345	305
-2343	302
-2342	299
-2340	296
-2340	292
-2339	289
-2338	285
-2337	281
-2336	278
-2335	274
-2334	271
-2332	268
-2331	265
-2330	261
-2329	258
-2327	255
-2322	254
-2316	253
-2312	252
-2307	251
-2301	250
-2296	249
-2291	249
-2287	247
-2283	246
-2278	244
-2275	242
-2270	241
-2267	239
-2264	237
-2262	234
-2260	231
-2259	228
-2258	224
-2256	221
-2254	219
-2253	215
-2254	211
-2253	207
-2251	204
-2249	201
-2249	197
-2247	194
-2246	191
-2245	187
-2244	184
-2243	180
-2242	177
-2241	173
-2239	171
-2238	167
-2236	164
-2235	160
-2234	157
-2233	153
-2231	150
-2231	146
-2231	142
-2229	139
-2229	135
-2227	132
-2226	128
-2225	125
-2223	121
-2223	117
-2222	114
-2220	111
-2220	107
-2218	104
-2217	100
-2216	96
-2214	93
-2213	90
-2211	87
-2210	83
-2209	80
-2208	76
-2205	73
-2204	70
-2203	67
-2202	63
-2201	59
-2200	55
-2199	52
-2198	48
-2196	46
-2194	42
-2193	39
-2192	35
-2191	31
-2189	28
-2188	24
-2187	20
-2186	17
-2185	14
-2182	11
-2180	8
-2182	2
-2181	-1
-2178	-4
-2177	-7
-2175	-11
-2175	-15
-2173	-18
-2172	-22
-2171	-26
-2170	-29
-2168	-32
-2167	-36
-2165	-39
-2164	-43
-2162	-46
-2162	-50
-2161	-54
-2159	-58
-2158	-61
-2156	-64
-2156	-69
-2155	-72
-2152	-75
-2151	-79
-2150	-83
-2149	-87
-2148	-91
-2147	-94
-2145	-97
-2145	-101
-2143	-105
-2141	-108
-2140	-112
-2139	-116
-2137	-119
-2136	-122
-2135	-126
-2133	-130
-2132	-134
-2131	-137
-2130	-141
-2128	-145
-2127	-149
-2126	-152
-2123	-155
-2120	-157
-2120	-162
-2118	-165
-2116	-168
-2113	-170
-2106	-169
-2101	-169
-2096	-170
-2093	-172
-2090	-174
-2085	-174
-2080	-174
-2076	-176
-2073	-177
-2070	-179
-2061	-177
-2057	-178
-2055	-181
-2052	-182
-2044	-180
-2035	-177
-2028	-175
-2022	-174
-2015	-172
-2009	-171
-2004	-172
-1997	-169
-1988	-166
-1980	-163
-1976	-165
-1969	-162
-1966	-164
-1961	-164
-1957	-165
-1951	-165
-1944	-162
-1937	-160
-1933	-161
-1930	-163
-1926	-164
-1920	-163
-1917	-165
-1915	-167
-1913	-170
-1903	-165
-1895	-162
-1891	-163
-1887	-164
-1883	-165
-1879	-165
-1875	-166
-1872	-168
-1866	-166
-1861	-166
-1856	-165
-1850	-164
-1844	-163
-1839	-163
-1837	-166
-1836	-169
-1835	-173
-1830	-173
-1827	-175
-1820	-173
-1815	-172
-1811	-172
-1806	-172
-1800	-171
-1791	-166
-1787	-166
-1783	-167
-1779	-168
-1777	-170
-1774	-172
-1770	-173
-1767	-174
-1758	-169
-1752	-168
-1748	-168
-1743	-168
-1739	-168
-1734	-167
-1729	-167
-1726	-168
-1722	-169
-1718	-169
-1714	-169
-1711	-171
-1709	-174
-1708	-177
-1705	-179
-1697	-176
-1690	-172
-1685	-172
-1682	-173
-1678	-174
-1668	-166
-1655	-157
-1649	-154
-1646	-156
-1645	-160
-1643	-162
-1641	-165
-1637	-165
-1630	-162
-1624	-159
-1619	-159
-1617	-161
-1614	-163
-1604	-156
-1595	-150
-1592	-150
-1589	-152
-1587	-155
-1588	-160
-1588	-166
-1581	-163
-1576	-161
-1571	-160
-1565	-157
-1558	-154
-1552	-152
-1550	-154
-1549	-158
-1550	-164
-1543	-160
-1539	-160
-1536	-161
-1535	-165
-1535	-171
-1521	-158
-1515	-155
-1511	-154
-1507	-155
-1503	-155
-1497	-152
-1494	-153
-1492	-156
-1493	-162
-1491	-164
-1485	-162
-1479	-158
-1475	-158
-1460	-143
-1457	-144
-1454	-145
-1451	-147
-1448	-148
-1445	-149
-1442	-150
-1440	-152
-1437	-154
-1433	-153
-1425	-148
-1421	-147
-1418	-148
-1415	-149
-1412	-150
-1405	-146
-1400	-143
-1396	-144
-1393	-145
-1391	-147
-1389	-150
-1387	-151
-1383	-152
-1380	-152
-1377	-153
-1371	-149
-1364	-145
-1361	-146
-1359	-148
-1357	-151
-1355	-153
-1354	-156
-1351	-157
-1349	-159
-1349	-164
-1347	-167
-1345	-169
-1343	-172
-1340	-172
-1338	-174
-1335	-175
-1328	-170
-1322	-167
-1317	-165
-1313	-164
-1309	-163
-1305	-163
-1301	-163
-1299	-165
-1296	-166
-1293	-166
-1289	-166
-1286	-167
-1285	-169
-1283	-172
-1283	-177
-1281	-179
-1278	-180
-1274	-179
-1270	-179
-1267	-179
-1264	-180
-1260	-180
-1256	-179
-1253	-179
-1249	-178
-1245	-178
-1242	-178
-1238	-177
-1233	-174
-1230	-176
-1227	-175
-1223	-174
-1220	-176
-1216	-174
-1211	-173
-1209	-174
-1203	-171
-1200	-171
-1196	-171
-1192	-170
-1190	-170
-1186	-170
-1184	-171
-1181	-173
-1179	-174
-1176	-175
-1170	-171
-1166	-169
-1162	-169
-1159	-170
-1157	-172
-1156	-174
-1153	-176
-1149	-175
-1145	-173
-1141	-172
-1138	-173
-1135	-172
-1131	-171
-1128	-172
-1125	-172
-1121	-171
-1117	-170
-1114	-170
-1110	-169
-1107	-170
-1105	-172
-1104	-175
-1102	-177
-1099	-177
-1095	-176
-1092	-177
-1090	-179
-1088	-181
-1083	-178
-1079	-176
-1075	-175
-1071	-174
-1069	-175
-1066	-176
-1064	-177
-1061	-177
-1058	-178
-1055	-179
-1052	-180
-1048	-176
-1044	-175
-1040	-175
-1038	-176
-1034	-174
-1031	-175
-1029	-177
-1027	-178
-1024	-180
-1022	-181
-1018	-180
-1015	-179
-1007	-170
-1004	-170
-1001	-171
-999	-172
-997	-175
-994	-175
-990	-173
-984	-167
-982	-169
-979	-170
-977	-170
-973	-169
-969	-168
-967	-169
-965	-171
-961	-170
-958	-169
-956	-171
-953	-172
-950	-171
-946	-170
-944	-171
-936	-162
-933	-160
-930	-162
-928	-164
-926	-165
-923	-165
-921	-166
-918	-167
-915	-167
-912	-166
-908	-164
-905	-164
-902	-164
-899	-164
-895	-161
-890	-157
-887	-157
-884	-157
-882	-159
-879	-158
-875	-155
-871	-153
-867	-152
-865	-153
-862	-153
-869	-174
-782	-0
-779	1
-776	1
-773	1
-771	1
-768	1
-765	3
-762	3
-760	2
-757	2
-755	1
-752	2
-750	1
-747	1
-745	1
-742	1
-740	1
-737	2
-734	1
-734	-3
-735	-11
-733	-15
-729	-11
-725	-8
-722	-6
-721	-10
-721	-16
-720	-21
-747	-126
-747	-131
-746	-136
-744	-139
-742	-140
-740	-142
-738	-143
-735	-143
-733	-145
-730	-146
-728	-147
-726	-148
-723	-148
-721	-149
-718	-149
-716	-150
-714	-153
-712	-154
-709	-155
-707	-155
-704	-155
-700	-152
-695	-147
-692	-144
-688	-142
-686	-142
-684	-143
-682	-147
-680	-150
-679	-153
-678	-159
-676	-161
-673	-159
-670	-158
-667	-158
-664	-157
-660	-154
-657	-151
-654	-151
-652	-154
-650	-154
-647	-153
-644	-151
-641	-151
-638	-151
-635	-150
-634	-154
-632	-156
-629	-157
-626	-156
-622	-151
-618	-145
-614	-143
-611	-142
-609	-142
-607	-145
-605	-148
-603	-149
-602	-153
-602	-161
-602	-171
-598	-167
-591	-153
-585	-141
-581	-135
-578	-134
-576	-134
-573	-136
-571	-136
-568	-136
-566	-137
-565	-143
-565	-151
-563	-156
-569	-187
-512	-4
-509	-2
-507	-4
-505	-7
-504	-10
-503	-15
-503	-26
-504	-37
-504	-46
-504	-55
-503	-63
-503	-72
-503	-82
-504	-93
-503	-101
-504	-116
-504	-126
-504	-136
-504	-144
-503	-152
-502	-157
-501	-163
-499	-166
-496	-167
-494	-168
-492	-170
-490	-170
-487	-171
-485	-172
-482	-172
-479	-171
-477	-171
-474	-171
-472	-170
-469	-172
-467	-171
-464	-171
-462	-172
-459	-172
-457	-172
-454	-171
-452	-172
-449	-172
-446	-172
-444	-171
-441	-172
-439	-171
-436	-171
-434	-171
-431	-172
-429	-171
-426	-171
-424	-171
-421	-172
-418	-171
-416	-171
-413	-171
-411	-172
-409	-172
-406	-173
-403	-171
-401	-171
-398	-171
-396	-171
-393	-171
-391	-171
-388	-172
-386	-171
-383	-171
-380	-170
-378	-171
-376	-171
-373	-171
-371	-171
-368	-170
-365	-170
-363	-169
-360	-170
-358	-169
-355	-169
-353	-171
-350	-170
-348	-170
-345	-169
-343	-169
-340	-169
-338	-171
-336	-175
-335	-182
-333	-184
-330	-184
-328	-184
-325	-184
-323	-185
-320	-185
-318	-184
-315	-186
-313	-186
-310	-186
-308	-186
-305	-185
-303	-185
-300	-186
-298	-185
-295	-185
-293	-185
-290	-185
-288	-185
-285	-185
-283	-185
-280	-185
-278	-185
-275	-186
-273	-185
-270	-185
-268	-185
-265	-186
-263	-185
-260	-185
-258	-185
-255	-185
-253	-185
-250	-184
-248	-186
-245	-185
-243	-184
-240	-184
-238	-185
-236	-185
-233	-185
-231	-184
-228	-185
-226	-185
-223	-185
-221	-185
-218	-184
-216	-185
-213	-186
-211	-186
-208	-185
-206	-186
-203	-185
-201	-186
-199	-186
-196	-186
-194	-186
-191	-187
-189	-187
-186	-187
-184	-186
-181	-184
-179	-185
-176	-185
-174	-184
-171	-184
-169	-185
-166	-185
-164	-184
-162	-186
-159	-187
-157	-187
-154	-186
-152	-186
-149	-185
-147	-184
-144	-185
-142	-187
-139	-185
-137	-185
-134	-185
-132	-185
-130	-184
-127	-185
-125	-185
-122	-184
-120	-185
-117	-186
-115	-186
-112	-185
-110	-184
-107	-183
-105	-183
-102	-184
-100	-184
-98	-184
-95	-184
-93	-185
-90	-185
-88	-184
-85	-184
-83	-184
-80	-185
-78	-185
-76	-185
-71	-186
-68	-185
-66	-185
-63	-184
-61	-185
-58	-184
-56	-184
-53	-184
-51	-184
-49	-183
-46	-183
-44	-183
-41	-183
-39	-182
-36	-182
-34	-182
-31	-183
-29	-185
-26	-185
-24	-183
-22	-184
-19	-184
-17	-184
-14	-184
-12	-185
-9	-185
-7	-185
-4	-185
-2	-185
1	-185
3	-185
5	-186
8	-186
10	-186
13	-186
15	-185
18	-185
20	-184
23	-184
25	-184
28	-185
30	-184
32	-184
35	-185
37	-184
40	-183
42	-183
45	-183
47	-183
50	-184
52	-184
55	-185
57	-184
60	-185
62	-184
64	-184
67	-185
69	-184
72	-183
74	-182
77	-184
79	-185
82	-185
84	-186
87	-185
89	-185
92	-186
94	-185
97	-185
99	-184
101	-184
104	-185
106	-185
109	-186
111	-186
114	-187
116	-185
119	-185
121	-184
124	-184
126	-185
129	-187
131	-186
134	-184
136	-184
139	-185
141	-186
144	-186
146	-185
149	-185
151	-185
154	-185
156	-186
159	-187
161	-186
163	-185
166	-185
168	-186
171	-183
173	-183
176	-185
179	-186
181	-186
183	-185
186	-184
188	-184
191	-186
194	-187
196	-186
198	-186
201	-186
203	-185
206	-186
208	-185
211	-185
213	-185
216	-185
218	-186
221	-187
224	-186
226	-187
229	-187
231	-185
233	-185
236	-184
238	-185
241	-185
243	-185
246	-185
249	-187
251	-186
254	-186
256	-185
259	-185
261	-184
264	-186
267	-188
269	-187
271	-187
274	-186
276	-185
279	-184
281	-185
284	-186
287	-187
289	-186
291	-184
294	-184
296	-184
299	-185
302	-186
305	-188
307	-186
309	-186
312	-185
315	-187
317	-186
319	-185
322	-185
325	-188
328	-188
330	-186
332	-183
334	-184
337	-185
340	-187
343	-186
345	-185
345	-173
347	-172
350	-172
352	-172
355	-170
357	-170
360	-170
362	-171
365	-171
368	-172
370	-172
373	-172
375	-172
378	-171
381	-172
383	-173
386	-172
388	-171
391	-171
393	-172
396	-171
398	-171
401	-171
404	-172
406	-172
409	-171
411	-171
414	-171
416	-171
419	-172
422	-172
425	-172
427	-174
430	-173
432	-172
435	-173
437	-172
440	-172
443	-173
446	-173
448	-172
451	-173
453	-173
456	-171
458	-172
461	-171
463	-171
466	-172
469	-172
472	-172
474	-172
477	-172
479	-171
482	-170
484	-171
487	-172
490	-173
493	-173
495	-172
497	-170
500	-170
502	-167
504	-166
506	-163
508	-160
510	-160
511	-154
514	-154
512	-141
512	-132
512	-123
512	-115
512	-106
511	-96
512	-89
511	-78
510	-70
510	-59
509	-50
508	-40
508	-32
509	-25
509	-18
509	-10
510	-6
511	-4
514	-4
517	-4
519	-5
590	-191
573	-133
575	-130
578	-131
583	-137
600	-181
603	-179
607	-183
607	-176
610	-175
613	-176
616	-177
619	-178
622	-178
625	-178
627	-178
630	-179
633	-178
635	-176
637	-175
640	-176
644	-178
647	-179
650	-179
652	-179
655	-178
657	-177
661	-179
663	-178
666	-177
667	-174
668	-169
669	-165
670	-159
672	-158
676	-160
679	-161
682	-160
684	-158
686	-156
688	-155
691	-155
693	-154
696	-155
699	-155
702	-154
704	-153
707	-153
710	-153
712	-151
714	-150
716	-149
719	-148
722	-148
724	-148
726	-146
729	-145
732	-145
734	-144
736	-143
738	-141
740	-139
741	-134
742	-130
743	-126
744	-120
745	-117
746	-112
718	-20
719	-15
718	-8
719	-4
720	-1
723	0
725	1
728	0
730	1
733	1
735	2
738	3
740	3
744	1
746	2
749	1
752	-0
755	1
757	2
760	1
762	2
765	1
769	-0
772	-1
774	1
776	2
779	1
888	-189
868	-143
876	-153
882	-158
886	-161
889	-160
890	-156
889	-149
890	-144
892	-142
894	-140
896	-139
899	-138
903	-140
909	-146
915	-151
919	-153
920	-149
920	-143
920	-138
922	-136
925	-135
926	-132
929	-132
932	-132
938	-137
970	-190
973	-190
974	-186
979	-189
980	-185
982	-182
983	-179
985	-177
989	-177
993	-179
997	-180
1002	-183
1003	-181
1006	-179
1009	-180
1013	-181
1016	-180
1018	-177
1020	-175
1023	-174
1025	-174
1029	-174
1036	-180
1038	-179
1041	-178
1045	-180
1050	-182
1052	-180
1055	-179
1059	-180
1060	-177
1062	-175
1065	-175
1071	-178
1076	-181
1079	-181
1082	-181
1086	-181
1089	-180
1091	-179
1093	-176
1095	-174
1098	-173
1103	-175
1107	-176
1110	-177
1114	-177
1117	-177
1121	-177
1124	-177
1127	-176
1128	-172
1130	-170
1132	-168
1134	-166
1137	-165
1141	-166
1145	-167
1150	-169
1156	-173
1162	-177
1167	-179
1170	-179
1174	-179
1177	-178
1180	-177
1183	-177
1189	-181
1192	-180
1195	-179
1199	-180
1203	-180
1207	-181
1211	-182
1214	-181
1219	-182
1221	-181
1225	-181
1230	-183
1235	-185
1238	-185
1242	-185
1246	-185
1249	-185
1253	-185
1256	-184
1259	-183
1262	-183
1267	-185
1272	-186
1275	-185
1278	-185
1281	-183
1283	-180
1286	-179
1288	-177
1291	-177
1301	-185
1317	-202
1319	-200
1322	-199
1326	-199
1329	-198
1332	-197
1336	-197
1342	-200
1344	-197
1363	-217
1365	-215
1365	-210
1363	-202
1364	-198
1366	-196
1368	-194
1370	-192
1373	-190
1376	-189
1380	-189
1386	-191
1388	-189
1391	-187
1394	-186
1398	-187
1403	-188
1409	-191
1416	-194
1418	-192
1421	-191
1425	-191
1434	-197
1436	-195
1437	-192
1442	-192
1440	-184
1438	-177
1439	-174
1442	-172
1446	-172
1449	-171
1452	-170
1456	-169
1459	-168
1464	-170
1468	-169
1472	-169
1477	-170
1486	-177
1494	-181
1496	-179
1499	-177
1505	-179
1508	-179
1512	-178
1520	-183
1524	-182
1527	-180
1530	-180
1535	-181
1539	-180
1543	-180
1547	-180
1550	-179
1553	-177
1557	-176
1560	-175
1566	-177
1571	-178
1574	-176
1579	-177
1590	-184
1597	-187
1598	-184
1602	-183
1605	-182
1608	-180
1608	-175
1611	-174
1614	-172
1615	-168
1618	-167
1621	-166
1625	-165
1630	-166
1633	-164
1637	-163
1641	-163
1644	-162
1648	-160
1649	-157
1651	-155
1653	-152
1659	-153
1671	-162
1685	-172
1691	-173
1697	-175
1701	-174
1704	-172
1706	-170
1709	-168
1714	-168
1718	-167
1722	-167
1727	-167
1731	-167
1736	-167
1740	-166
1744	-166
1748	-165
1752	-164
1756	-163
1760	-163
1764	-162
1768	-161
1772	-160
1776	-159
1780	-158
1787	-161
1790	-159
1796	-160
1802	-162
1804	-158
1806	-155
1808	-153
1810	-150
1813	-148
1822	-152
1833	-158
1838	-158
1843	-158
1846	-156
1853	-158
1869	-169
1869	-164
1868	-158
1867	-152
1868	-149
1871	-146
1874	-145
1880	-145
1884	-144
1887	-143
1892	-142
1899	-144
1909	-149
1914	-149
1917	-146
1921	-145
1923	-143
1927	-141
1931	-140
1936	-140
1941	-140
1945	-138
1950	-138
1959	-142
1961	-139
1967	-139
1973	-140
1979	-141
1983	-139
1988	-139
1995	-141
1998	-138
2001	-136
2005	-135
2011	-135
2012	-131
2012	-127
2016	-125
2019	-124
2026	-124
2038	-130
2047	-133
2050	-131
2056	-131
2062	-132
2066	-130
2073	-131
2077	-130
2082	-130
2084	-127
2087	-125
2091	-123
2097	-123
2105	-125
2107	-122
2108	-118
2111	-115
2117	-116
2125	-117
2130	-117
2138	-119
2140	-116
2143	-114
2146	-111
2149	-108
2152	-106
2157	-105
2163	-105
2168	-105
2172	-103
2178	-103
2179	-99
2181	-96
2182	-92
2186	-91
2194	-92
2195	-88
2199	-86
2211	-91
2216	-90
2217	-86
2218	-82
2225	-82
2232	-84
2237	-83
2243	-83
2243	-78
2243	-72
2241	-66
2242	-62
2245	-60
2246	-56
2248	-52
2249	-49
2251	-45
2254	-43
2256	-40
2248	-29
2248	-24
2253	-24
2256	-21
2257	-17
2257	-13
2257	-8
2254	-1
2254	3
2255	8
2251	15
2252	19
2257	20
2262	21
2266	23
2266	28
2266	32
2266	37
2266	41
2267	45
2266	50
2269	53
2272	55
2271	60
2273	64
2272	68
2270	75
2272	78
2271	83
2269	89
2267	94
2269	97
2271	101
2269	106
2271	109
2272	114
2273	117
2274	121
2276	124
2277	128
2278	132
2278	136
2279	140
2279	144
2279	149
2280	152
2281	156
2282	160
2283	163
2284	167
2282	173
2285	175
2287	178
2287	182
2288	186
2288	191
2289	194
2288	199
2288	204
2290	207
2293	209
2295	212
2296	215
2298	218
2300	221
2302	225
2304	228
2307	230
2308	234
2308	238
2306	244
2309	246
2312	248
2313	252
2313	256
2313	260
2315	263
2316	267
2316	272
2318	275
2319	278
2320	281
2320	286
2319	291
2318	295
2320	298
2321	302
2322	306
2323	309
2323	313
2321	318
2321	323
2325	325
2329	326
2331	329
2330	334
2330	338
2330	342
2332	345
2333	349
2332	354
2331	358
2334	361
2335	364
2336	367
2338	371
2339	374
2340	378
2341	381
2341	385
2342	389
2343	392
2343	396
2345	399
2345	403
2347	406
2348	410
2350	413
2349	417
2349	422
2348	426
2351	428
2352	432
2352	436
2352	440
2354	443
2356	446
2357	449
2357	453
2358	457
2359	460
2360	464
2361	467
2362	471
2361	475
2363	478
2365	481
2365	485
2366	488
2367	492
2366	496
2367	500
2368	503
2369	506
2371	510
2370	514
2372	517
2372	521
2373	524
2374	528
2375	531
2376	534
2376	539
2376	542
2377	546
2378	549
2379	553
2378	557
2377	561
2379	564
2381	567
2382	571
2383	574
2384	577
2383	581
2384	585
2385	589
2385	592
2385	596
2386	599
2388	602
2388	606
2389	610
2389	613
2389	617
2389	621
2390	624
2392	627
2392	631
2394	634
2395	637
2396	641
2396	645
2396	648
2397	652
2397	655
2399	659
2397	663
2398	667
2399	670
2400	673
2402	676
2401	680
2402	683
2403	687
2402	691
2404	694
2405	697
2404	701
2405	705
2405	709
2406	712
2408	715
2408	719
2409	722
2411	725
2410	729
2410	733
2411	736
2413	739
2414	742
2414	746
2415	749
2415	753
2414	757
2415	761
2415	764
2415	768
2415	771
2416	775
2417	778
2416	782
2417	785
2418	788
2420	792
2420	795
2419	799
2418	803
2419	807
2420	810
2421	813
2423	816
2422	820
2422	824
2423	827
2424	830
2424	834
2425	837
2426	840
2426	844
2428	847
2430	850
2430	854
2430	857
2431	861
2432	864
2433	867
2433	871
2433	874
2434	877
2434	881
2435	885
2434	888
2435	892
2436	895
2436	899
2435	902
2436	906
2437	909
2439	912
2439	915
2439	919
2439	923
2439	926
2440	929
2442	932
2443	936
2444	939
2445	942
2445	946
2445	949
2446	953
2446	956
2446	960
2447	963
2448	966
2449	969
2448	973
2449	977
2451	980
2451	983
2452	986
2452	990
2451	994
2452	997
2452	1001
2451	1004
2453	1007
2453	1011
2454	1014
2455	1017
2455	1021
2453	1025
2454	1028
2455	1031
2455	1035
2454	1038
2455	1042
2457	1045
2457	1048
2456	1052
2457	1055
2458	1059
2459	1062
2461	1065
2461	1068
2460	1072
2460	1076
2460	1079
2459	1083
2461	1086
2462	1089
2461	1093
2460	1096
2463	1099
2466	1102
2464	1106
2466	1109
2466	1112
2468	1115
2468	1119
2468	1122
2468	1126
2468	1129
2470	1132
2471	1135
2469	1139
2470	1143
2472	1146
2473	1149
2475	1152
2476	1155
2475	1159
2476	1162
2477	1165
2477	1169
2479	1172
2481	1175
2484	1178
2485	1181
2485	1185
2486	1188
2486	1191
2488	1194
2488	1198
2489	1201
2489	1204
2487	1208
2487	1212
2488	1215
2488	1218
2489	1222
2488	1225
2488	1229
2490	1232
2490	1235
2491	1238
2491	1242
2492	1245
2492	1249
2493	1252
2494	1255
2494	1258
2494	1262
2493	1265
2494	1269
2496	1272
2497	1275
2496	1279
2496	1282
2498	1285
2498	1289
2499	1292
2497	1296
2498	1299
2498	1302
2500	1306
2499	1309
2498	1313
2497	1316
2499	1319
2501	1322
2500	1326
2498	1330
2501	1333
2501	1336
2502	1339
2503	1343
2504	1346
2504	1349
2503	1353
2504	1356
2503	1360
2504	1363
2504	1366
2506	1370
2506	1373
2505	1376
2506	1380
2505	1383
2507	1386
2507	1390
2508	1393
2509	1396
2509	1400
2511	1403
2511	1406
2510	1410
2511	1413
2511	1416
2512	1420
2514	1423
2514	1426
2513	1430
2513	1433
2514	1437
2514	1440
2515	1443
2515	1447
2515	1450
2516	1453
2516	1457
2517	1460
2518	1463
2518	1467
2518	1470
2517	1474
2518	1477
2520	1480
2522	1483
2525	1487
2527	1490
2527	1493
2528	1496
2529	1500
2529	1503
2529	1507
2529	1510
2530	1513
2532	1517
2532	1520
2530	1523
2530	1527
2531	1530
2531	1534
2532	1537
2534	1540
2534	1544
2535	1547
2534	1550
2536	1554
2537	1557
2536	1560
2537	1564
2538	1567
2537	1571
2538	1574
2539	1577
2540	1581
2540	1584
2540	1587
2541	1591
2542	1594
2543	1598
2542	1601
2541	1604
2543	1608
2543	1611
2543	1615
2544	1618
2544	1621
2545	1625
2544	1628
2544	1632
2545	1635
2546	1638
2545	1642
2545	1645
2545	1649
2547	1652
2548	1655
