2747	1663
2748	1667
2748	1671
2748	1674
2748	1678
2748	1682
2749	1689
2749	1693
2749	1697
2750	1700
2751	1704
2751	1708
2750	1711
2750	1715
2750	1719
2749	1722
2750	1726
2751	1730
2751	1733
2752	1737
2752	1741
2753	1744
2754	1748
2755	1752
2754	1756
2754	1759
2754	1763
2755	1767
2754	1770
2755	1774
2757	1778
2758	1781
2759	1785
2759	1789
2758	1793
2758	1796
2758	1800
2759	1804
2759	1807
2760	1811
2759	1815
2760	1819
2762	1822
2763	1826
2764	1830
2763	1834
2764	1837
2765	1841
2765	1845
2765	1848
2766	1852
2766	1856
2767	1860
2768	1864
2768	1867
2768	1871
2768	1875
2768	1878
2769	1882
2770	1886
2771	1890
2772	1894
2772	1897
2772	1901
2772	1905
2772	1909
2771	1912
2772	1916
2773	1920
2773	1924
2775	1927
2777	1931
2777	1935
2778	1939
2779	1943
2779	1947
2780	1950
2781	1954
2781	1958
2779	1962
2778	1965
2779	1969
2783	1973
2787	1977
2788	1981
2788	1985
2788	1989
2789	1993
2788	1996
2788	2000
2789	2004
2788	2008
2787	2011
2785	2015
2786	2019
2787	2023
2788	2027
2788	2031
2789	2034
2790	2038
2789	2042
2789	2046
2789	2050
2790	2053
2791	2057
2791	2061
2792	2065
2793	2069
2792	2073
2793	2077
2793	2080
2794	2084
2794	2088
2794	2092
2796	2096
2797	2100
2798	2104
2799	2108
2799	2112
2798	2116
2798	2119
2797	2123
2797	2127
2799	2131
2800	2135
2801	2139
2802	2143
2803	2147
2804	2151
2803	2155
2803	2159
2805	2163
2804	2167
2805	2170
2805	2174
2804	2178
2805	2182
2805	2186
2805	2190
2807	2194
2807	2198
2806	2202
2807	2206
2808	2210
2808	2214
2808	2218
2808	2221
2808	2225
2808	2229
2807	2233
2809	2237
2810	2241
2810	2245
2811	2249
2813	2254
2813	2257
2813	2261
2813	2265
2813	2269
2813	2273
2813	2277
2813	2281
2814	2285
2814	2289
2814	2293
2815	2297
2814	2301
2814	2305
2814	2309
2817	2313
2817	2317
2817	2321
2818	2325
2819	2330
2819	2334
2818	2337
2818	2341
2819	2345
2819	2349
2819	2353
2820	2358
2820	2362
2820	2366
2820	2370
2820	2374
2819	2377
2817	2381
2817	2385
2817	2389
2817	2393
2817	2397
2817	2401
2817	2405
2817	2409
2818	2413
2818	2417
2818	2421
2819	2425
2820	2430
2820	2434
2820	2438
2821	2442
2821	2446
2822	2450
2821	2454
2821	2458
2821	2462
2821	2466
2821	2470
2821	2474
2820	2478
2820	2482
2821	2487
2822	2491
2822	2495
2822	2499
2822	2503
2822	2507
2822	2511
2823	2516
2824	2520
2826	2525
2828	2529
2827	2533
2826	2537
2826	2541
2827	2546
2828	2550
2828	2554
2829	2559
2829	2563
2828	2567
2828	2571
2829	2575
2830	2580
2832	2584
2833	2589
2832	2593
2832	2597
2832	2601
2833	2605
2833	2610
2833	2614
2836	2619
2835	2623
2835	2627
2835	2631
2835	2636
2836	2640
2837	2644
2835	2648
2834	2652
2835	2656
2834	2661
2835	2665
2834	2669
2833	2673
2833	2677
2834	2681
2832	2685
2832	2689
2833	2694
2833	2698
2834	2703
2833	2707
2832	2711
2833	2715
2833	2720
2834	2724
2833	2728
2833	2732
2833	2737
2834	2741
2834	2746
2834	2750
2834	2754
2834	2758
2833	2763
2834	2767
2833	2771
2833	2775
2831	2779
2831	2783
2830	2787
2830	2792
2830	2796
2832	2801
2832	2805
2835	2811
2836	2816
2836	2820
2835	2824
2836	2829
2835	2833
2835	2837
2836	2842
2836	2847
2837	2851
2836	2855
2836	2860
2836	2864
2836	2869
2836	2873
2838	2878
2839	2883
2838	2887
2838	2892
2839	2896
2838	2900
2839	2905
2839	2910
2839	2914
2838	2918
2838	2923
2838	2927
2839	2932
2839	2937
2844	2943
2842	2947
2840	2951
2840	2955
2839	2959
2839	2964
2838	2968
2838	2973
2838	2977
2837	2981
2837	2986
2837	2990
2837	2995
2837	3000
2836	3004
2837	3008
2837	3013
2836	3017
2837	3022
2837	3027
2837	3032
2836	3036
2835	3040
2835	3045
2835	3049
2834	3053
2833	3058
2833	3062
2832	3066
2832	3071
2833	3076
2833	3081
2832	3085
2832	3089
2830	3093
2830	3098
2830	3103
2829	3107
2829	3111
2828	3116
2828	3121
2827	3125
2826	3129
2826	3134
2826	3139
2827	3144
2827	3148
2826	3153
2826	3157
2826	3162
2823	3165
2813	3165
2787	3156
2771	3153
2760	3152
2757	3155
2754	3158
2753	3162
2752	3167
2755	3173
2825	3219
2827	3226
2828	3231
2827	3235
2826	3239
2825	3244
2825	3249
2825	3253
2825	3258
2824	3263
2824	3268
2824	3273
2823	3277
2823	3282
2824	3288
2824	3292
2823	3297
2822	3301
2822	3306
2822	3311
2820	3315
2821	3320
2822	3326
2822	3331
2820	3335
2820	3340
2820	3345
2819	3349
2819	3354
2822	3361
2822	3366
2822	3371
2821	3376
2821	3381
2820	3385
2820	3390
2818	3395
2818	3399
2817	3404
2818	3409
2817	3414
2817	3420
2817	3424
2817	3430
2816	3434
2816	3439
2816	3445
2815	3449
2816	3455
2815	3460
2814	3464
2814	3469
2814	3475
2814	3480
2814	3485
2813	3490
2811	3494
2810	3498
2812	3505
2812	3510
2813	3516
2811	3520
2811	3526
2812	3531
2812	3536
2811	3541
2810	3546
2809	3550
2808	3555
2808	3561
2806	3565
2806	3570
2805	3575
2808	3582
2808	3588
2806	3592
2806	3597
2805	3602
2804	3607
2804	3612
2804	3617
2804	3623
2803	3628
2801	3632
2800	3637
2801	3643
2802	3649
2802	3655
2803	3661
2801	3665
2800	3670
2800	3676
2799	3680
2799	3686
2797	3690
2796	3695
2795	3699
2794	3704
2793	3710
2792	3715
2790	3718
2787	3722
2786	3727
2791	3736
2790	3742
2789	3746
2787	3750
2784	3754
2784	3759
2785	3766
2785	3772
2783	3776
2781	3780
2780	3785
2779	3791
2779	3796
2779	3802
2780	3808
2781	3815
2780	3820
2779	3825
2777	3830
2776	3835
2776	3840
2775	3846
2775	3851
2774	3856
2773	3862
2773	3867
2771	3872
2769	3877
2768	3882
2768	3887
2767	3893
2767	3899
2766	3904
2765	3909
2764	3914
2763	3919
2761	3924
2760	3929
2748	3925
2732	3919
2728	3921
2722	3923
2716	3924
2715	3929
2751	3964
2756	3974
2756	3980
2754	3985
2753	3990
2754	3997
2754	4003
2752	4008
2750	4013
2750	4019
2748	4023
2747	4029
2746	4034
2745	4040
2745	4046
2745	4052
2744	4058
2742	4062
2740	4067
2738	4072
2736	4076
2734	4080
2732	4085
2730	4090
2729	4095
2726	4100
2724	4104
2722	4109
2721	4114
2720	4119
2719	4126
2717	4130
2715	4135
2714	4140
2711	4144
2709	4149
2706	4153
2704	4158
2702	4162
2701	4168
2699	4173
2697	4177
2695	4182
2693	4187
2692	4192
2692	4199
2690	4204
2688	4209
2685	4213
2683	4217
2680	4221
2678	4226
2677	4231
2674	4236
2671	4240
2669	4244
2666	4248
2664	4253
2662	4258
2660	4263
2658	4267
2663	4279
2628	4327
2625	4332
2623	4337
2621	4341
2617	4345
2614	4348
2611	4353
2608	4357
2606	4362
2604	4367
2601	4371
2598	4375
2596	4380
2594	4385
2591	4389
2589	4393
2586	4397
2584	4402
2580	4406
2577	4410
2574	4414
2571	4418
2568	4423
2566	4427
2563	4431
2560	4435
2557	4439
2555	4444
2552	4448
2550	4454
2549	4459
2546	4464
2544	4469
2541	4473
2539	4478
2536	4483
2533	4487
2530	4491
2527	4495
2524	4499
2521	4503
2520	4509
2517	4514
2514	4517
2509	4520
2506	4524
2503	4528
2500	4532
2496	4536
2493	4540
2490	4544
2487	4548
2484	4552
2482	4557
2479	4562
2478	4567
2476	4573
2473	4577
2469	4580
2466	4584
2463	4588
2460	4593
2456	4596
2452	4600
2449	4604
2444	4606
2440	4609
2437	4613
2434	4617
2430	4620
2426	4624
2422	4627
2420	4632
2417	4636
2414	4640
2410	4644
2406	4647
2403	4651
2400	4655
2397	4660
2395	4665
2391	4668
2388	4672
2384	4676
2381	4679
2379	4685
2377	4691
2373	4694
2369	4697
2366	4702
2365	4708
2361	4712
2359	4717
2357	4722
2353	4726
2349	4729
2345	4732
2342	4736
2339	4740
2335	4743
2331	4747
2327	4750
2323	4754
2319	4757
2315	4760
2314	4767
2310	4770
2307	4775
2304	4779
2301	4783
2297	4786
2293	4790
2289	4793
2284	4795
2279	4796
2275	4799
2272	4804
2269	4809
2265	4812
2260	4813
2255	4815
2251	4818
2247	4822
2243	4824
2238	4827
2234	4830
2230	4833
2225	4835
2221	4838
2218	4842
2215	4848
2212	4852
2209	4856
2206	4861
2202	4865
2199	4869
2196	4874
2193	4878
2189	4881
2185	4884
2181	4888
2178	4892
2174	4895
2169	4897
2165	4901
2162	4905
2159	4910
2156	4915
2153	4920
2147	4919
2141	4920
2137	4923
2133	4926
2129	4930
2126	4934
2122	4937
2118	4941
2115	4945
2111	4949
2108	4954
2104	4957
2101	4962
2098	4966
2094	4970
2090	4973
2086	4977
2083	4981
2077	4981
2073	4985
2070	4989
2065	4991
2061	4994
2057	4997
2053	5001
2049	5004
2045	5007
2041	5011
2039	5017
2035	5021
2030	5023
2027	5027
2022	5029
2018	5032
2014	5036
2010	5039
2006	5042
2001	5045
1997	5048
1992	5050
1988	5053
1984	5056
1980	5060
1976	5062
1971	5065
1969	5070
1964	5072
1959	5074
1954	5076
1950	5080
1947	5084
1942	5087
1938	5090
1934	5093
1930	5096
1926	5100
1922	5104
1918	5106
1913	5109
1909	5111
1906	5117
1902	5121
1899	5125
1895	5129
1890	5131
1885	5133
1881	5135
1876	5138
1873	5142
1868	5144
1863	5146
1859	5150
1855	5153
1850	5155
1846	5158
1843	5163
1838	5165
1833	5167
1829	5171
1825	5174
1821	5177
1816	5180
1812	5182
1807	5185
1803	5188
1799	5192
1795	5196
1792	5200
1787	5203
1782	5205
1779	5209
1775	5214
1771	5216
1766	5219
1762	5221
1757	5224
1753	5227
1749	5230
1744	5233
1740	5236
1736	5239
1732	5243
1728	5246
1723	5249
1718	5251
1714	5254
1710	5257
1706	5261
1700	5262
1696	5265
1692	5268
1687	5271
1683	5273
1677	5274
1673	5277
1668	5280
1664	5282
1659	5283
1654	5286
1651	5291
1647	5295
1642	5297
1637	5299
1632	5301
1628	5304
1623	5307
1620	5311
1615	5314
1610	5316
1606	5318
1601	5320
1596	5323
1592	5326
1587	5328
1583	5332
1578	5333
1574	5336
1569	5339
1565	5342
1561	5347
1557	5350
1552	5353
1548	5356
1543	5357
1538	5359
1533	5362
1528	5364
1524	5366
1519	5369
1515	5373
1511	5376
1506	5378
1501	5381
1497	5384
1492	5386
1486	5386
1482	5388
1478	5392
1473	5395
1469	5398
1464	5400
1459	5402
1455	5405
1450	5408
1447	5413
1442	5416
1438	5419
1433	5421
1428	5425
1424	5427
1419	5428
1413	5429
1408	5431
1404	5434
1399	5436
1394	5438
1390	5441
1385	5444
1380	5446
1376	5448
1371	5451
1366	5453
1361	5455
1357	5458
1352	5461
1347	5462
1342	5464
1337	5466
1332	5469
1328	5472
1323	5473
1318	5476
1314	5479
1309	5482
1304	5484
1299	5485
1294	5488
1289	5489
1284	5490
1279	5491
1274	5494
1270	5497
1265	5500
1260	5501
1255	5504
1251	5508
1246	5508
1241	5510
1236	5513
1231	5515
1226	5517
1221	5520
1217	5522
1211	5523
1207	5526
1202	5527
1197	5530
1192	5532
1187	5533
1182	5535
1177	5536
1172	5538
1167	5541
1162	5542
1157	5545
1152	5547
1148	5550
1143	5551
1138	5554
1133	5556
1128	5557
1123	5559
1118	5561
1113	5564
1108	5565
1103	5567
1098	5568
1093	5571
1088	5572
1083	5573
1077	5572
1072	5575
1067	5577
1062	5577
1056	5577
1051	5580
1047	5582
1041	5583
1037	5586
1032	5588
1027	5590
1022	5591
1017	5593
1011	5594
1006	5594
1001	5595
996	5597
991	5599
986	5601
981	5603
976	5605
971	5606
966	5608
961	5610
956	5611
950	5612
945	5615
940	5616
935	5617
930	5618
924	5617
919	5618
914	5620
909	5621
904	5623
899	5624
893	5626
888	5626
883	5626
878	5627
873	5630
867	5631
862	5631
857	5631
851	5630
845	5630
840	5631
836	5634
831	5636
825	5634
819	5635
814	5637
810	5640
805	5641
799	5642
794	5644
789	5642
782	5636
776	5636
771	5637
766	5637
761	5638
756	5641
751	5644
746	5646
741	5646
735	5647
730	5649
725	5649
720	5650
715	5651
710	5653
705	5654
699	5654
694	5655
689	5658
684	5658
679	5659
673	5660
668	5661
663	5662
658	5662
652	5663
647	5665
642	5665
636	5664
631	5665
626	5667
621	5669
616	5671
611	5671
605	5670
600	5670
594	5670
589	5671
584	5672
579	5674
574	5674
569	5675
563	5677
558	5679
553	5680
548	5680
542	5678
537	5679
532	5679
527	5681
521	5681
516	5682
511	5683
506	5684
500	5684
495	5683
490	5683
484	5685
479	5686
474	5686
469	5686
463	5685
458	5686
453	5689
448	5690
442	5689
437	5689
432	5691
427	5692
421	5692
416	5691
411	5692
406	5695
401	5695
395	5696
390	5698
385	5699
380	5699
374	5698
369	5699
364	5697
358	5698
353	5699
348	5701
343	5703
337	5702
332	5701
327	5702
322	5705
317	5707
311	5707
306	5705
301	5706
295	5704
290	5704
285	5706
280	5707
274	5709
269	5709
264	5707
258	5707
253	5710
248	5713
243	5713
238	5714
232	5715
227	5717
222	5717
217	5717
211	5716
206	5715
201	5714
195	5715
190	5715
185	5713
179	5713
174	5713
169	5713
163	5713
158	5714
153	5714
148	5714
142	5716
137	5717
132	5714
127	5713
121	5714
116	5714
111	5713
105	5711
100	5716
95	5717
64	5034
59	5034
55	5033
51	5029
46	5028
42	5028
37	5028
33	5027
28	5017
24	5013
19	5011
15	5011
11	5006
6	5004
2	5006
-2	5010
-7	5011
-11	5015
-15	5024
-20	5030
-24	5030
-28	5029
-33	5029
-37	5032
-41	5035
-46	5035
-50	5034
-55	5034
-58	5704
-63	5705
-69	5705
-74	5705
-79	5706
-85	5707
-90	5708
-95	5708
-100	5708
-106	5708
-111	5707
-116	5707
-121	5705
-127	5706
-132	5706
-137	5706
-142	5707
-148	5711
-153	5712
-158	5714
-164	5714
-169	5714
-174	5713
-180	5714
-185	5713
-190	5709
-195	5708
-200	5708
-206	5706
-211	5705
-216	5704
-221	5703
-227	5702
-232	5701
-237	5700
-242	5700
-248	5700
-253	5697
-258	5697
-263	5697
-268	5698
-274	5697
-279	5696
-284	5695
-289	5695
-295	5694
-300	5694
-305	5695
-310	5693
-316	5693
-321	5691
-326	5690
-331	5690
-337	5691
-342	5690
-347	5689
-352	5687
-357	5686
-362	5685
-368	5685
-373	5684
-378	5682
-383	5683
-388	5681
-394	5679
-399	5678
-404	5679
-409	5680
-415	5678
-420	5676
-425	5675
-430	5672
-435	5672
-440	5670
-445	5669
-450	5667
-456	5667
-461	5664
-466	5664
-471	5663
-476	5659
-481	5658
-486	5657
-491	5657
-497	5657
-502	5659
-507	5659
-512	5657
-517	5654
-523	5654
-528	5655
-533	5654
-538	5653
-544	5653
-549	5651
-554	5650
-559	5649
-564	5648
-569	5647
-574	5645
-579	5644
-585	5644
-590	5644
-595	5644
-601	5645
-606	5644
-611	5643
-616	5640
-621	5639
-626	5638
-631	5638
-637	5637
-642	5638
-647	5638
-652	5637
-658	5636
-663	5637
-668	5634
-673	5631
-678	5630
-683	5628
-688	5628
-693	5628
-698	5627
-703	5625
-709	5624
-714	5622
-719	5622
-724	5621
-729	5620
-734	5618
-739	5616
-744	5614
-749	5613
-754	5612
-759	5611
-764	5609
-769	5608
-774	5607
-780	5608
-785	5608
-791	5608
-796	5607
-801	5606
-806	5604
-811	5603
-816	5602
-821	5602
-826	5600
-831	5597
-836	5596
-841	5595
-846	5591
-851	5591
-857	5594
-862	5594
-867	5592
-872	5591
-877	5589
-882	5587
-887	5585
-892	5582
-897	5580
-902	5579
-907	5578
-912	5576
-917	5573
-921	5571
-927	5571
-932	5571
-937	5570
-942	5569
-947	5567
-952	5565
-957	5564
-962	5563
-967	5562
-973	5562
-977	5556
-981	5553
-986	5550
-991	5548
-996	5547
-1001	5545
-1006	5542
-1011	5542
-1017	5544
-1022	5543
-1027	5543
-1032	5541
-1037	5539
-1042	5536
-1047	5536
-1052	5534
-1057	5532
-1062	5530
-1066	5527
-1071	5524
-1076	5522
-1081	5522
-1086	5521
-1091	5519
-1096	5517
-1101	5516
-1106	5515
-1111	5514
-1116	5513
-1121	5510
-1126	5509
-1130	5507
-1135	5505
-1140	5503
-1145	5501
-1150	5498
-1154	5494
-1159	5492
-1164	5493
-1169	5489
-1174	5489
-1179	5486
-1183	5483
-1188	5482
-1193	5479
-1197	5477
-1203	5476
-1208	5476
-1212	5472
-1217	5471
-1222	5468
-1226	5465
-1231	5463
-1236	5462
-1241	5459
-1246	5458
-1251	5457
-1256	5455
-1260	5452
-1265	5450
-1270	5449
-1275	5447
-1280	5445
-1284	5442
-1289	5440
-1294	5437
-1298	5436
-1303	5433
-1307	5429
-1312	5427
-1316	5424
-1321	5422
-1326	5420
-1331	5418
-1336	5417
-1340	5414
-1345	5412
-1350	5410
-1355	5408
-1360	5409
-1365	5407
-1370	5404
-1374	5401
-1379	5400
-1383	5395
-1388	5394
-1393	5393
-1398	5392
-1402	5388
-1407	5385
-1411	5383
-1416	5381
-1421	5378
-1425	5375
-1429	5373
-1434	5369
-1438	5367
-1443	5364
-1447	5360
-1451	5358
-1456	5356
-1461	5354
-1466	5353
-1470	5350
-1475	5347
-1479	5344
-1484	5342
-1488	5339
-1492	5336
-1498	5335
-1502	5332
-1506	5329
-1511	5327
-1515	5324
-1520	5321
-1524	5319
-1529	5316
-1534	5314
-1538	5312
-1543	5309
-1547	5307
-1552	5305
-1556	5302
-1561	5300
-1565	5297
-1570	5294
-1574	5292
-1579	5290
-1584	5288
-1588	5285
-1593	5283
-1597	5280
-1601	5277
-1606	5274
-1610	5271
-1614	5268
-1619	5265
-1624	5265
-1629	5264
-1634	5262
-1638	5260
-1643	5258
-1647	5255
-1652	5252
-1656	5249
-1660	5246
-1665	5244
-1669	5241
-1674	5239
-1678	5236
-1682	5233
-1687	5231
-1691	5227
-1696	5225
-1700	5222
-1704	5219
-1709	5217
-1713	5215
-1718	5213
-1722	5210
-1727	5208
-1731	5205
-1736	5202
-1740	5200
-1745	5198
-1749	5196
-1754	5194
-1757	5189
-1762	5186
-1766	5184
-1770	5180
-1774	5176
-1778	5173
-1783	5171
-1787	5168
-1792	5166
-1797	5165
-1801	5162
-1805	5159
-1809	5155
-1813	5151
-1817	5149
-1822	5147
-1826	5144
-1830	5141
-1835	5139
-1839	5137
-1844	5134
-1848	5132
-1852	5129
-1856	5125
-1860	5122
-1865	5119
-1869	5116
-1873	5112
-1876	5108
-1880	5105
-1885	5103
-1890	5101
-1893	5097
-1897	5093
-1901	5090
-1905	5088
-1909	5084
-1913	5081
-1917	5078
-1922	5076
-1925	5071
-1929	5068
-1934	5066
-1938	5063
-1943	5061
-1945	5056
-1950	5053
-1954	5050
-1957	5046
-1962	5043
-1966	5040
-1969	5036
-1974	5035
-1979	5033
-1983	5030
-1987	5027
-1991	5024
-1995	5021
-2000	5019
-2004	5016
-2007	5010
-2010	5006
-2014	5004
-2019	5001
-2023	4998
-2027	4996
-2032	4993
-2036	4990
-2040	4987
-2043	4983
-2047	4979
-2051	4977
-2056	4974
-2059	4971
-2063	4967
-2066	4963
-2071	4960
-2075	4958
-2079	4954
-2083	4952
-2087	4949
-2091	4945
-2095	4943
-2099	4939
-2103	4936
-2107	4933
-2111	4930
-2115	4927
-2119	4923
-2123	4921
-2126	4916
-2130	4913
-2134	4909
-2138	4906
-2141	4903
-2146	4900
-2150	4897
-2153	4894
-2158	4891
-2161	4888
-2166	4885
-2169	4880
-2173	4878
-2177	4875
-2181	4871
-2184	4868
-2188	4865
-2193	4862
-2196	4858
-2200	4855
-2204	4852
-2208	4849
-2212	4846
-2216	4844
-2220	4840
-2223	4835
-2226	4832
-2230	4828
-2234	4825
-2238	4822
-2242	4819
-2246	4817
-2250	4814
-2255	4811
-2258	4807
-2262	4804
-2265	4800
-2269	4796
-2273	4793
-2276	4789
-2279	4785
-2283	4782
-2286	4778
-2289	4774
-2293	4771
-2297	4767
-2300	4764
-2304	4760
-2307	4755
-2311	4752
-2315	4750
-2319	4746
-2322	4743
-2326	4739
-2329	4735
-2333	4732
-2336	4728
-2340	4725
-2344	4722
-2348	4719
-2352	4716
-2355	4712
-2359	4709
-2363	4707
-2368	4704
-2371	4700
-2374	4696
-2377	4692
-2381	4688
-2384	4685
-2387	4681
-2390	4676
-2393	4672
-2397	4668
-2400	4665
-2403	4660
-2405	4655
-2408	4651
-2412	4648
-2416	4645
-2419	4641
-2422	4637
-2425	4633
-2428	4628
-2431	4624
-2434	4620
-2438	4617
-2441	4613
-2444	4609
-2447	4605
-2450	4600
-2453	4596
-2456	4592
-2459	4589
-2463	4585
-2466	4582
-2469	4577
-2472	4573
-2474	4568
-2478	4564
-2481	4560
-2484	4556
-2486	4552
-2489	4548
-2492	4544
-2494	4538
-2497	4534
-2500	4530
-2503	4526
-2507	4523
-2510	4519
-2513	4515
-2516	4511
-2519	4507
-2522	4503
-2525	4499
-2528	4495
-2530	4490
-2533	4486
-2536	4482
-2539	4478
-2544	4476
-2551	4476
-2554	4473
-2558	4470
-2559	4464
-2562	4459
-2565	4455
-2567	4451
-2570	4447
-2572	4442
-2575	4438
-2578	4434
-2580	4429
-2582	4423
-2585	4419
-2587	4415
-2589	4410
-2591	4404
-2593	4400
-2595	4395
-2597	4389
-2599	4385
-2602	4380
-2604	4376
-2607	4372
-2612	4370
-2616	4367
-2617	4362
-2621	4358
-2626	4356
-2628	4352
-2630	4347
-2633	4343
-2636	4339
-2638	4335
-2641	4330
-2644	4326
-2646	4322
-2646	4315
-2647	4309
-2649	4304
-2651	4299
-2652	4294
-2654	4288
-2657	4285
-2660	4282
-2663	4278
-2664	4271
-2665	4266
-2668	4262
-2670	4258
-2672	4253
-2674	4248
-2676	4243
-2679	4239
-2681	4234
-2683	4230
-2686	4226
-2688	4222
-2690	4216
-2689	4209
-2689	4202
-2689	4196
-2691	4191
-2693	4187
-2696	4183
-2701	4181
-2704	4178
-2705	4171
-2706	4166
-2707	4161
-2711	4158
-2714	4154
-2714	4148
-2716	4143
-2720	4140
-2724	4137
-2726	4133
-2727	4128
-2729	4123
-2731	4118
-2732	4113
-2734	4108
-2735	4103
-2735	4097
-2737	4092
-2739	4088
-2742	4084
-2739	4075
-2738	4068
-2741	4064
-2745	4061
-2747	4057
-2749	4053
-2751	4048
-2752	4042
-2753	4037
-2755	4033
-2756	4028
-2757	4022
-2757	4016
-2758	4011
-2760	4006
-2761	4001
-2763	3996
-2763	3990
-2777	3996
-2779	3992
-2762	3971
-2768	3971
-2774	3969
-2775	3964
-2777	3959
-2780	3956
-2784	3953
-2788	3951
-2790	3946
-2788	3938
-2781	3927
-2785	3924
-2788	3921
-2789	3915
-2790	3910
-2792	3906
-2793	3901
-2795	3896
-2797	3892
-2797	3887
-2799	3882
-2801	3878
-2802	3873
-2803	3868
-2804	3863
-2804	3857
-2807	3853
-2809	3849
-2811	3845
-2813	3840
-2814	3835
-2814	3830
-2816	3825
-2816	3820
-2816	3814
-2816	3808
-2819	3805
-2820	3800
-2822	3796
-2823	3791
-2823	3785
-2826	3782
-2825	3775
-2824	3768
-2823	3762
-2823	3756
-2824	3752
-2825	3747
-2826	3742
-2827	3737
-2829	3733
-2830	3728
-2831	3723
-2833	3719
-2832	3713
-2833	3708
-2835	3704
-2837	3700
-2838	3695
-2838	3690
-2839	3684
-2839	3679
-2841	3675
-2842	3670
-2841	3664
-2841	3659
-2843	3654
-2845	3651
-2846	3646
-2846	3641
-2842	3632
-2843	3628
-2844	3623
-2845	3618
-2846	3613
-2847	3608
-2845	3602
-2845	3597
-2845	3591
-2846	3586
-2846	3581
-2845	3575
-2845	3570
-2846	3565
-2847	3560
-2846	3554
-2846	3549
-2846	3544
-2847	3539
-2849	3535
-2851	3531
-2852	3527
-2854	3523
-2854	3518
-2854	3512
-2853	3506
-2854	3502
-2855	3497
-2855	3492
-2855	3487
-2852	3480
-2853	3476
-2855	3472
-2856	3467
-2857	3463
-2857	3457
-2858	3453
-2860	3449
-2860	3444
-2859	3439
-2861	3434
-2862	3430
-2864	3426
-2863	3421
-2864	3416
-2865	3411
-2864	3406
-2864	3401
-2865	3397
-2865	3391
-2864	3386
-2865	3381
-2867	3378
-2869	3374
-2868	3368
-2868	3363
-2868	3358
-2868	3353
-2869	3349
-2869	3344
-2868	3338
-2868	3333
-2870	3330
-2872	3326
-2873	3321
-2872	3316
-2869	3309
-2869	3304
-2870	3300
-2870	3295
-2870	3290
-2870	3286
-2870	3281
-2871	3276
-2872	3272
-2872	3267
-2874	3263
-2876	3260
-2873	3253
-2871	3247
-2872	3243
-2872	3238
-2874	3234
-2879	3232
-2879	3228
-2879	3223
-2879	3218
-2877	3212
-2875	3207
-2873	3201
-2871	3195
-2873	3191
-2875	3188
-2876	3183
-2878	3179
-2880	3176
-2883	3173
-2882	3167
-2883	3163
-2883	3159
-2883	3154
-2882	3149
-2882	3144
-2880	3138
-2877	3132
-2877	3127
-2878	3124
-2879	3119
-2880	3115
-2879	3110
-2880	3106
-2881	3102
-2881	3097
-2881	3092
-2880	3087
-2880	3083
-2879	3078
-2878	3073
-2874	3066
-2872	3060
-2874	3057
-2878	3054
-2878	3050
-2878	3045
-2879	3041
-2878	3036
-2877	3031
-2877	3027
-2874	3021
-2874	3016
-2865	3008
-2861	3001
-2862	2997
-2868	2995
-2871	2992
-2869	2987
-2870	2983
-2868	2978
-2866	2972
-2862	2966
-2861	2961
-2863	2958
-2866	2954
-2865	2949
-2863	2944
-2861	2939
-2859	2934
-2857	2928
-2858	2925
-2860	2921
-2856	2915
-2856	2910
-2855	2906
-2855	2901
-2853	2896
-2853	2892
-2853	2887
-2852	2883
-2853	2879
-2854	2875
-2855	2871
-2855	2867
-2854	2862
-2854	2858
-2855	2854
-2849	2847
-2849	2843
-2851	2839
-2852	2835
-2846	2829
-2845	2824
-2845	2820
-2847	2816
-2847	2812
-2848	2808
-2847	2804
-2848	2800
-2847	2795
-2846	2791
-2845	2786
-2842	2781
-2840	2776
-2837	2770
-2836	2765
-2837	2762
-2838	2758
-2840	2755
-2837	2749
-2837	2745
-2837	2741
-2836	2736
-2835	2732
-2834	2727
-2835	2723
-2836	2720
-2833	2714
-2831	2710
-2832	2706
-2831	2701
-2832	2698
-2834	2694
-2832	2690
-2832	2685
-2829	2680
-2829	2676
-2828	2672
-2827	2667
-2826	2663
-2823	2658
-2824	2654
-2824	2650
-2823	2646
-2823	2641
-2823	2637
-2820	2633
-2819	2628
-2818	2624
-2817	2619
-2814	2614
-2811	2609
-2820	2608
-2811	2601
-2812	2598
-2813	2594
-2815	2591
-2817	2587
-2810	2581
-2809	2577
-2812	2574
-2814	2570
-2815	2567
-2813	2562
-2812	2558
-2811	2553
-2810	2549
-2811	2546
-2812	2542
-2811	2538
-2812	2534
-2809	2529
-2806	2524
-2804	2520
-2804	2516
-2803	2512
-2802	2507
-2801	2503
-2800	2499
-2799	2495
-2799	2491
-2799	2487
-2798	2483
-2798	2479
-2795	2474
-2794	2470
-2797	2467
-2794	2462
-2787	2456
-2788	2453
-2787	2449
-2786	2445
-2785	2441
-2786	2437
-2789	2434
-2790	2430
-2791	2427
-2789	2422
-2787	2418
-2786	2414
-2787	2410
-2789	2407
-2789	2403
-2787	2399
-2785	2395
-2784	2391
-2784	2387
-2784	2383
-2780	2378
-2779	2374
-2780	2371
-2780	2367
-2780	2363
-2779	2359
-2778	2355
-2778	2351
-2778	2348
-2779	2344
-2775	2339
-2774	2335
-2775	2332
-2774	2328
-2773	2324
-2772	2320
-2771	2316
-2766	2311
-2765	2307
-2767	2304
-2768	2300
-2768	2297
-2770	2293
-2769	2289
-2765	2285
-2764	2281
-2767	2278
-2768	2274
-2768	2271
-2767	2267
-2765	2262
-2764	2259
-2765	2255
-2764	2251
-2761	2247
-2760	2243
-2760	2239
-2761	2236
-2759	2232
-2758	2228
-2754	2223
-2753	2220
-2753	2216
-2752	2212
-2753	2209
-2755	2205
-2755	2202
-2754	2198
-2753	2194
-2750	2190
-2749	2186
-2750	2182
-2749	2179
-2748	2175
-2750	2172
-2748	2167
-2746	2164
-2745	2160
-2747	2156
-2745	2153
-2745	2149
-2743	2145
-2739	2141
-2741	2137
-2740	2134
-2740	2130
-2741	2126
-2740	2123
-2740	2119
-2738	2115
-2736	2111
-2737	2108
-2737	2104
-2737	2101
-2734	2097
-2732	2093
-2732	2089
-2732	2086
-2731	2082
-2732	2079
-2730	2075
-2728	2071
-2726	2067
-2726	2063
-2728	2060
-2728	2057
-2725	2053
-2724	2049
-2722	2045
-2722	2042
-2722	2038
-2725	2035
-2723	2031
-2722	2027
-2721	2024
-2720	2020
-2718	2016
-2717	2013
-2715	2009
-2714	2005
-2714	2002
-2713	1998
-2713	1995
-2711	1991
-2709	1987
-2708	1983
-2708	1980
-2708	1976
-2706	1973
-2705	1969
-2705	1966
-2703	1962
-2703	1958
-2703	1955
-2702	1951
-2701	1948
-2698	1944
-2696	1940
-2696	1937
-2697	1933
-2695	1930
-2693	1926
-2691	1922
-2691	1919
-2691	1915
-2688	1912
-2686	1908
-2684	1905
-2682	1901
-2678	1897
-2677	1894
-2681	1890
-2682	1887
-2681	1884
-2680	1880
-2680	1877
-2679	1873
-2678	1870
-2675	1866
-2673	1862
-2670	1859
-2669	1855
-2667	1852
-2665	1848
-2664	1845
-2663	1841
-2662	1838
-2661	1834
-2663	1831
-2663	1827
-2661	1824
-2660	1821
-2659	1817
-2657	1814
-2656	1810
-2655	1807
-2654	1803
-2654	1800
-2652	1796
-2648	1793
-2647	1789
-2647	1786
-2643	1782
-2642	1779
-2642	1776
-2642	1772
-2641	1769
-2639	1765
-2638	1762
-2637	1759
-2636	1755
-2635	1752
-2633	1748
-2632	1745
-2632	1742
-2630	1738
-2626	1735
-2625	1731
-2624	1728
-2622	1725
-2621	1721
-2620	1718
-2620	1715
-2620	1711
-2620	1708
-2619	1704
-2618	1701
-2618	1698
-2617	1694
-2616	1691
-2614	1688
-2612	1684
-2612	1681
-2612	1678
-2611	1674
-2609	1671
-2608	1668
-2608	1664
-2607	1661
-2606	1658
-2603	1654
-2603	1651
-2602	1648
-2600	1645
-2599	1641
-2599	1638
-2599	1635
-2598	1631
-2596	1628
-2595	1625
-2595	1621
-2593	1618
-2592	1615
-2592	1612
-2593	1608
-2593	1605
-2593	1602
-2592	1598
-2590	1595
-2589	1592
-2589	1588
-2586	1585
-2584	1582
-2582	1579
-2581	1576
-2582	1572
-2582	1569
-2581	1566
-2581	1562
-2580	1559
-2576	1556
-2573	1553
-2573	1550
-2572	1546
-2571	1543
-2571	1540
-2570	1537
-2570	1533
-2570	1530
-2567	1527
-2565	1524
-2565	1520
-2564	1517
-2562	1514
-2561	1511
-2560	1508
-2559	1504
-2558	1501
-2557	1498
-2555	1495
-2553	1492
-2552	1489
-2550	1485
-2549	1482
-2550	1479
-2551	1475
-2549	1472
-2547	1469
-2546	1466
-2545	1463
-2543	1460
-2544	1456
-2544	1453
-2542	1450
-2540	1447
-2540	1444
-2542	1440
-2540	1437
-2538	1434
-2536	1431
-2535	1428
-2534	1425
-2534	1421
-2533	1418
-2530	1415
-2529	1412
-2529	1409
-2529	1406
-2530	1402
-2527	1399
-2527	1396
-2527	1393
-2526	1390
-2526	1386
-2524	1383
-2523	1380
-2521	1377
-2521	1374
-2521	1371
-2520	1367
-2521	1364
-2519	1361
-2518	1358
-2517	1355
-2517	1351
-2517	1348
-2515	1345
-2514	1342
-2513	1339
-2512	1336
-2511	1333
-2511	1329
-2511	1326
-2510	1323
-2510	1320
-2509	1317
-2508	1314
-2505	1311
-2504	1308
-2503	1304
-2503	1301
-2503	1298
-2503	1295
-2500	1292
-2497	1289
-2494	1286
-2495	1283
-2496	1279
-2495	1276
-2493	1273
-2495	1270
-2495	1266
-2492	1264
-2492	1260
-2492	1257
-2492	1254
-2491	1251
-2489	1248
-2488	1245
-2487	1242
-2485	1239
-2483	1236
-2483	1233
-2483	1229
-2482	1226
-2482	1223
-2481	1220
-2480	1217
-2478	1214
-2478	1211
-2477	1207
-2474	1205
-2474	1202
-2473	1198
-2472	1195
-2472	1192
-2470	1189
-2470	1186
-2469	1183
-2465	1180
-2462	1178
-2462	1174
-2462	1171
-2463	1168
-2462	1165
-2460	1162
-2457	1159
-2455	1156
-2454	1153
-2455	1150
-2455	1146
-2455	1143
-2453	1140
-2450	1138
-2447	1135
-2445	1132
-2445	1129
-2444	1126
-2443	1123
-2441	1120
-2441	1117
-2440	1114
-2439	1111
-2438	1108
-2435	1105
-2433	1102
-2432	1099
-2433	1096
-2431	1093
-2430	1090
-2426	1087
-2425	1085
-2423	1082
-2421	1079
-2419	1076
-2418	1073
-2420	1069
-2420	1066
-2418	1063
-2416	1060
-2415	1057
-2415	1054
-2414	1051
-2412	1048
-2411	1045
-2410	1042
-2408	1039
-2407	1037
-2407	1033
-2405	1030
-2404	1027
-2402	1025
-2400	1022
-2399	1019
-2398	1016
-2397	1013
-2396	1010
-2395	1007
-2392	1004
-2391	1001
-2391	998
-2391	995
-2390	992
-2388	989
-2386	986
-2384	984
-2382	981
-2380	978
-2380	975
-2380	971
-2379	968
-2376	966
-2375	963
-2375	960
-2375	957
-2374	954
-2373	951
-2372	947
-2371	944
-2371	941
-2370	938
-2368	935
-2365	933
-2364	930
-2365	926
-2364	923
-2363	920
-2361	918
-2360	915
-2358	912
-2356	909
-2356	906
-2356	903
-2355	900
-2353	897
-2352	894
-2351	891
-2349	888
-2347	886
-2345	883
-2343	880
-2342	877
-2343	874
-2342	871
-2341	868
-2339	865
-2336	862
-2335	859
-2335	856
-2335	853
-2334	850
-2334	847
-2333	844
-2329	842
-2326	839
-2324	837
-2323	834
-2323	830
-2324	826
-2323	823
-2321	821
-2318	819
-2317	816
-2316	813
-2316	809
-2315	806
-2314	803
-2314	800
-2311	798
-2311	794
-2310	791
-2309	788
-2308	785
-2307	782
-2308	779
-2305	776
-2302	774
-2303	770
-2302	767
-2300	765
-2299	762
-2297	759
-2296	756
-2295	753
-2295	750
-2292	747
-2290	745
-2290	741
-2290	738
-2288	735
-2287	732
-2286	729
-2287	726
-2286	722
-2284	720
-2283	717
-2281	714
-2278	712
-2277	709
-2279	705
-2277	702
-2276	699
-2276	696
-2274	693
-2273	690
-2272	687
-2270	684
-2268	682
-2267	679
-2266	675
-2265	673
-2264	670
-2263	666
-2263	663
-2263	660
-2261	657
-2259	654
-2256	652
-2254	650
-2253	647
-2254	643
-2252	640
-2252	637
-2251	633
-2249	631
-2247	629
-2247	625
-2247	622
-2245	619
-2245	615
-2245	612
-2244	609
-2241	606
-2240	604
-2239	600
-2239	597
-2237	595
-2232	593
-2230	591
-2230	587
-2232	583
-2233	579
-2231	576
-2229	573
-2228	571
-2228	567
-2227	564
-2225	561
-2226	557
-2227	553
-2226	550
-2224	547
-2220	546
-2220	542
-2219	539
-2218	536
-2218	532
-2218	529
-2217	525
-2216	523
-2215	519
-2216	515
-2216	512
-2214	509
-2212	507
-2209	505
-2207	502
-2206	499
-2206	495
-2206	492
-2207	487
-2208	483
-2206	480
-2204	478
-2203	475
-2201	472
-2197	470
-2197	467
-2196	464
-2194	461
-2194	458
-2193	455
-2191	452
-2190	448
-2190	445
-2188	442
-2186	440
-2184	437
-2182	435
-2182	431
-2180	428
-2180	425
-2182	420
-2182	416
-2180	413
-2179	410
-2180	406
-2179	402
-2179	399
-2177	396
-2174	394
-2174	391
-2174	387
-2172	384
-2168	383
-2168	379
-2169	374
-2167	372
-2165	369
-2163	367
-2162	363
-2160	361
-2157	359
-2156	356
-2155	353
-2154	350
-2154	346
-2153	343
-2149	341
-2149	337
-2148	334
-2147	331
-2144	329
-2142	326
-2141	323
-2140	320
-2139	316
-2137	314
-2135	311
-2134	308
-2135	304
-2135	299
-2134	296
-2131	295
-2128	292
-2125	291
-2126	286
-2126	282
-2127	278
-2123	276
-2121	273
-2121	270
-2122	265
-2120	263
-2118	260
-2115	258
-2114	254
-2112	252
-2111	249
-2110	245
-2107	244
-2107	239
-2107	236
-2106	232
-2104	230
-2102	227
-2097	227
-2091	227
-2087	226
-2084	224
-2081	222
-2080	219
-2077	217
-2075	214
-2071	213
-2066	213
-2063	211
-2058	211
-2053	210
-2049	209
-2048	206
-2045	204
-2040	203
-2038	201
-2038	197
-2039	193
-2037	190
-2034	188
-2033	184
-2031	182
-2026	182
-2024	180
-2024	175
-2027	169
-2025	166
-2022	165
-2020	162
-2018	159
-2018	156
-2018	151
-2019	146
-2019	142
-2016	140
-2014	138
-2014	133
-2013	130
-2014	125
-2011	123
-2009	121
-2008	118
-2008	113
-2008	109
-2008	105
-2005	103
-2003	100
-2002	97
-2001	93
-1999	91
-1998	87
-1998	83
-1993	83
-1993	79
-1992	76
-1990	73
-1989	69
-1989	65
-1989	61
-1986	59
-1985	55
-1984	52
-1983	48
-1982	45
-1979	43
-1977	41
-1976	37
-1976	33
-1975	29
-1976	24
-1974	21
-1973	18
-1972	14
-1971	11
-1970	7
-1969	3
-1967	1
-1962	0
-1961	-3
-1962	-8
-1963	-13
-1963	-17
-1962	-21
-1960	-24
-1959	-28
-1955	-29
-1954	-32
-1954	-36
-1951	-39
-1950	-42
-1949	-46
-1948	-50
-1947	-53
-1945	-56
-1941	-56
-1939	-59
-1938	-63
-1937	-66
-1935	-70
-1938	-77
-1935	-79
-1930	-79
-1928	-81
-1927	-85
-1925	-88
-1924	-91
-1925	-97
-1926	-103
-1924	-106
-1921	-107
-1920	-111
-1919	-114
-1919	-120
-1918	-123
-1916	-126
-1908	-123
-1903	-123
-1900	-125
-1897	-126
-1895	-129
-1893	-132
-1889	-132
-1884	-132
-1883	-136
-1879	-136
-1874	-137
-1869	-136
-1861	-133
-1856	-132
-1858	-139
-1857	-144
-1856	-147
-1855	-150
-1848	-148
-1832	-136
-1817	-127
-1809	-122
-1804	-122
-1799	-122
-1796	-123
-1794	-126
-1797	-134
-1808	-150
-1802	-149
-1798	-149
-1787	-143
-1776	-136
-1770	-134
-1767	-136
-1764	-137
-1762	-139
-1762	-145
-1761	-148
-1759	-150
-1756	-152
-1750	-151
-1741	-145
-1734	-143
-1729	-142
-1725	-142
-1722	-144
-1721	-147
-1707	-137
-1702	-136
-1699	-138
-1696	-140
-1695	-143
-1694	-147
-1693	-151
-1689	-150
-1685	-151
-1683	-153
-1681	-156
-1678	-157
-1667	-150
-1654	-140
-1644	-134
-1639	-132
-1634	-132
-1631	-132
-1627	-133
-1624	-135
-1622	-137
-1620	-139
-1617	-140
-1614	-142
-1611	-143
-1608	-144
-1604	-144
-1599	-143
-1596	-145
-1595	-149
-1588	-145
-1582	-142
-1578	-143
-1574	-142
-1568	-140
-1564	-141
-1561	-142
-1558	-142
-1556	-145
-1555	-149
-1552	-151
-1546	-148
-1533	-136
-1530	-138
-1529	-141
-1529	-145
-1527	-149
-1526	-152
-1525	-156
-1523	-159
-1520	-159
-1513	-155
-1505	-150
-1499	-147
-1493	-145
-1485	-140
-1479	-137
-1481	-145
-1485	-154
-1481	-155
-1473	-149
-1467	-146
-1464	-147
-1462	-149
-1460	-152
-1458	-155
-1456	-156
-1453	-157
-1449	-158
-1444	-155
-1438	-153
-1435	-153
-1430	-152
-1425	-151
-1422	-151
-1419	-152
-1416	-153
-1413	-154
-1409	-153
-1404	-152
-1401	-152
-1398	-153
-1395	-155
-1384	-144
-1378	-142
-1375	-142
-1371	-141
-1367	-141
-1363	-141
-1360	-142
-1356	-141
-1354	-143
-1351	-144
-1349	-146
-1346	-147
-1344	-149
-1341	-150
-1336	-148
-1331	-146
-1329	-147
-1327	-150
-1325	-153
-1324	-156
-1322	-158
-1319	-159
-1316	-161
-1314	-163
-1309	-161
-1306	-160
-1303	-161
-1299	-161
-1296	-161
-1293	-162
-1290	-164
-1288	-165
-1286	-168
-1284	-169
-1280	-169
-1274	-166
-1269	-163
-1265	-162
-1262	-163
-1259	-164
-1256	-164
-1253	-164
-1250	-165
-1246	-165
-1245	-168
-1241	-168
-1238	-168
-1235	-168
-1233	-171
-1231	-172
-1227	-172
-1225	-175
-1223	-176
-1219	-176
-1216	-177
-1211	-174
-1206	-171
-1202	-170
-1199	-170
-1195	-170
-1193	-171
-1190	-172
-1186	-171
-1183	-171
-1182	-174
-1181	-178
-1178	-180
-1176	-181
-1173	-182
-1170	-183
-1166	-181
-1163	-182
-1160	-182
-1155	-179
-1149	-174
-1145	-173
-1141	-173
-1138	-172
-1135	-173
-1132	-174
-1130	-176
-1129	-180
-1127	-181
-1123	-181
-1120	-180
-1116	-180
-1113	-180
-1110	-180
-1107	-181
-1104	-181
-1101	-182
-1098	-182
-1095	-183
-1092	-182
-1089	-183
-1086	-182
-1081	-180
-1078	-181
-1075	-181
-1072	-181
-1065	-173
-1059	-167
-1054	-165
-1054	-171
-1056	-181
-1053	-181
-1050	-181
-1047	-181
-1044	-181
-1041	-181
-1035	-175
-1028	-168
-1026	-170
-1023	-171
-1021	-173
-1020	-176
-1018	-179
-1015	-179
-1012	-179
-1010	-180
-1007	-182
-1003	-179
-999	-178
-995	-176
-991	-173
-987	-172
-981	-166
-977	-163
-973	-163
-970	-162
-967	-162
-964	-161
-960	-160
-957	-160
-955	-161
-952	-162
-951	-165
-949	-167
-947	-171
-946	-175
-945	-178
-941	-177
-939	-177
-936	-178
-933	-179
-930	-177
-927	-177
-924	-179
-921	-179
-918	-178
-908	-162
-897	-146
-892	-140
-877	-113
-873	-112
-870	-110
-865	-106
-863	-107
-860	-107
-857	-107
-855	-108
-852	-109
-850	-109
-847	-109
-844	-109
-842	-110
-840	-112
-866	-179
-778	1
-775	1
-773	1
-770	2
-767	1
-765	1
-762	2
-759	3
-757	2
-754	2
-751	2
-749	3
-746	3
-744	3
-741	3
-739	1
-736	2
-734	2
-733	-3
-734	-12
-734	-18
-730	-16
-725	-9
-721	-5
-719	-7
-719	-14
-719	-18
-717	-22
-746	-125
-746	-131
-744	-135
-743	-137
-741	-140
-739	-142
-737	-143
-734	-144
-732	-145
-729	-145
-727	-146
-725	-148
-722	-147
-719	-148
-717	-150
-715	-152
-713	-152
-710	-152
-708	-154
-706	-156
-703	-155
-701	-156
-698	-156
-695	-155
-692	-155
-690	-156
-688	-157
-685	-158
-682	-158
-679	-157
-675	-152
-672	-151
-669	-150
-667	-150
-664	-150
-660	-147
-657	-145
-654	-145
-651	-145
-649	-144
-647	-146
-645	-149
-642	-149
-639	-148
-637	-150
-635	-152
-634	-156
-632	-159
-631	-163
-629	-167
-628	-173
-627	-175
-624	-177
-622	-177
-620	-179
-617	-179
-614	-179
-611	-178
-609	-178
-606	-178
-604	-179
-601	-178
-598	-178
-595	-177
-593	-178
-590	-178
-588	-178
-585	-178
-583	-179
-580	-178
-577	-178
-575	-179
-572	-180
-569	-178
-567	-178
-564	-179
-562	-179
-559	-179
-556	-178
-554	-178
-552	-180
-549	-182
-547	-183
-545	-185
-542	-183
-539	-183
-537	-184
-534	-184
-532	-183
-529	-183
-526	-182
-524	-184
-521	-184
-519	-183
-516	-183
-513	-183
-511	-184
-508	-184
-505	-182
-503	-182
-500	-182
-498	-183
-495	-184
-493	-183
-490	-183
-488	-183
-485	-182
-482	-183
-480	-183
-477	-182
-475	-182
-472	-182
-469	-181
-467	-182
-464	-181
-462	-182
-459	-182
-457	-183
-454	-183
-452	-184
-449	-184
-447	-183
-444	-183
-441	-183
-439	-185
-437	-185
-434	-185
-432	-184
-429	-184
-426	-184
-424	-184
-421	-184
-419	-183
-416	-184
-414	-185
-412	-186
-408	-182
-406	-182
-403	-181
-401	-182
-398	-183
-396	-183
-393	-183
-391	-183
-388	-183
-386	-182
-383	-183
-381	-182
-378	-183
-376	-182
-373	-183
-371	-183
-368	-182
-365	-182
-363	-182
-360	-180
-358	-179
-355	-178
-353	-180
-350	-182
-348	-183
-346	-184
-343	-183
-341	-183
-338	-183
-336	-182
-333	-182
-330	-182
-328	-184
-326	-184
-322	-177
-320	-175
-317	-177
-315	-177
-312	-177
-310	-178
-308	-179
-305	-179
-303	-181
-301	-182
-298	-182
-296	-184
-293	-183
-291	-183
-288	-183
-286	-183
-283	-183
-281	-183
-278	-183
-276	-184
-274	-184
-271	-184
-269	-185
-266	-186
-264	-184
-261	-184
-259	-184
-256	-183
-254	-183
-251	-183
-249	-182
-246	-182
-244	-183
-241	-184
-239	-184
-237	-184
-234	-184
-232	-183
-229	-183
-226	-182
-224	-182
-222	-183
-219	-185
-217	-186
-214	-184
-212	-183
-209	-183
-207	-185
-204	-184
-202	-183
-199	-181
-197	-181
-194	-181
-192	-183
-190	-182
-187	-182
-185	-182
-182	-182
-180	-183
-177	-184
-175	-185
-173	-185
-170	-184
-168	-183
-165	-182
-163	-182
-160	-183
-158	-183
-155	-183
-153	-183
-150	-184
-148	-183
-146	-183
-143	-184
-141	-183
-138	-184
-136	-184
-133	-184
-131	-183
-128	-183
-126	-183
-123	-183
-121	-179
-118	-174
-116	-172
-113	-173
-111	-174
-109	-175
-106	-179
-104	-179
-101	-178
-99	-178
-96	-180
-94	-181
-92	-182
-89	-182
-87	-182
-84	-182
-82	-183
-79	-183
-77	-183
-72	-179
-70	-179
-67	-182
-65	-182
-62	-183
-60	-183
-57	-184
-55	-183
-53	-184
-50	-184
-48	-184
-45	-184
-43	-183
-40	-183
-38	-182
-35	-182
-33	-182
-31	-183
-28	-182
-26	-182
-23	-182
-21	-182
-18	-183
-16	-183
-13	-183
-11	-183
-9	-182
-6	-183
-4	-183
-1	-184
1	-183
4	-183
6	-186
9	-186
11	-186
14	-185
16	-184
19	-185
21	-185
23	-184
26	-184
28	-184
31	-183
33	-183
36	-184
38	-183
41	-183
43	-183
45	-183
48	-183
50	-183
53	-183
55	-182
58	-183
60	-183
63	-182
65	-183
68	-184
70	-185
73	-186
75	-184
77	-184
80	-185
82	-183
85	-182
87	-183
90	-183
92	-184
95	-183
97	-183
100	-184
102	-184
105	-185
107	-184
109	-183
112	-182
114	-183
117	-183
119	-183
122	-183
124	-182
126	-182
129	-181
131	-182
134	-183
137	-183
139	-184
142	-184
144	-185
147	-184
149	-183
151	-183
154	-183
156	-183
159	-183
161	-184
164	-183
166	-183
169	-183
171	-183
174	-184
176	-184
179	-183
181	-183
184	-184
186	-184
188	-182
191	-182
194	-185
196	-184
199	-183
201	-182
203	-181
206	-182
208	-182
211	-182
213	-183
216	-183
219	-184
221	-183
224	-183
226	-183
228	-183
231	-182
233	-181
236	-181
239	-183
241	-183
243	-182
246	-182
248	-182
251	-183
254	-183
256	-183
259	-183
261	-183
264	-184
266	-182
268	-181
271	-181
274	-182
276	-184
279	-184
281	-183
284	-182
286	-182
289	-183
292	-184
294	-184
297	-183
299	-181
301	-181
304	-182
307	-182
309	-182
312	-182
314	-182
316	-181
319	-180
322	-182
324	-182
327	-182
329	-181
332	-183
335	-182
337	-182
340	-182
342	-182
345	-183
347	-183
350	-183
353	-182
355	-181
357	-180
360	-180
362	-180
365	-180
367	-180
370	-181
373	-181
375	-180
378	-181
380	-180
383	-183
386	-182
388	-181
392	-184
394	-183
396	-182
399	-181
401	-181
404	-182
407	-183
410	-183
412	-182
414	-182
417	-182
420	-182
422	-181
424	-181
427	-181
430	-182
433	-182
436	-183
438	-182
440	-181
443	-182
446	-181
448	-181
451	-181
453	-180
456	-181
459	-183
462	-183
464	-182
467	-182
470	-183
472	-182
475	-181
477	-182
480	-181
482	-181
485	-181
488	-182
491	-182
493	-182
496	-181
499	-182
502	-183
504	-183
507	-183
510	-182
512	-181
515	-182
517	-182
520	-180
521	-177
523	-173
525	-172
527	-171
529	-169
532	-168
534	-167
537	-167
539	-167
541	-165
544	-163
546	-163
550	-165
555	-172
558	-174
559	-171
561	-166
562	-162
564	-160
566	-158
568	-156
570	-155
573	-155
576	-155
579	-156
582	-157
584	-157
588	-158
592	-163
598	-172
603	-177
605	-177
608	-176
610	-176
613	-175
613	-169
611	-156
608	-139
609	-136
611	-132
613	-130
615	-128
617	-127
619	-125
621	-123
623	-120
625	-119
627	-117
629	-116
631	-115
634	-116
637	-117
641	-118
645	-122
650	-127
655	-133
659	-137
664	-143
668	-147
673	-151
677	-155
679	-153
680	-147
681	-144
683	-142
686	-142
689	-142
691	-141
696	-145
701	-151
705	-153
707	-152
710	-151
712	-151
715	-151
718	-150
720	-149
722	-148
725	-147
727	-146
730	-145
732	-144
734	-143
736	-141
739	-141
742	-141
744	-138
745	-134
746	-130
747	-125
747	-121
748	-115
748	-109
719	-15
719	-10
720	-6
722	-4
723	-0
725	1
727	2
729	3
732	2
735	2
737	3
740	3
743	2
747	-1
751	-2
752	-0
754	2
757	2
761	-2
765	-4
774	-1
777	0
778	2
781	3
877	-165
882	-168
886	-171
890	-172
894	-174
898	-176
902	-178
906	-178
908	-177
912	-178
915	-178
918	-178
921	-177
924	-177
926	-176
925	-167
928	-167
931	-167
933	-166
937	-167
943	-171
949	-177
952	-178
955	-177
959	-178
965	-184
971	-188
974	-187
977	-188
980	-187
982	-186
985	-186
987	-183
989	-181
992	-180
995	-179
998	-179
1000	-178
1004	-178
1008	-180
1011	-180
1014	-179
1017	-179
1020	-178
1023	-178
1026	-178
1029	-178
1033	-179
1037	-179
1040	-178
1043	-179
1046	-178
1050	-178
1052	-177
1056	-177
1059	-177
1062	-178
1066	-178
1070	-180
1074	-180
1076	-179
1079	-178
1084	-180
1087	-180
1090	-179
1094	-180
1097	-180
1100	-178
1102	-177
1105	-175
1108	-175
1112	-175
1116	-176
1120	-178
1124	-178
1127	-179
1130	-178
1135	-180
1138	-180
1142	-180
1145	-180
1148	-179
1152	-179
1154	-178
1157	-176
1161	-177
1165	-178
1165	-172
1166	-169
1169	-168
1175	-171
1183	-179
1187	-179
1191	-180
1195	-180
1198	-179
1201	-179
1204	-178
1207	-177
1210	-176
1213	-176
1216	-175
1219	-174
1222	-173
1224	-171
1226	-168
1229	-167
1236	-172
1245	-179
1247	-178
1247	-173
1248	-169
1248	-164
1250	-162
1253	-161
1260	-166
1269	-173
1275	-176
1279	-176
1282	-176
1286	-176
1290	-176
1295	-178
1299	-178
1303	-178
1306	-177
1308	-175
1311	-175
1314	-174
1317	-173
1318	-168
1314	-159
1314	-153
1316	-151
1321	-152
1326	-154
1331	-156
1337	-158
1339	-156
1342	-154
1344	-152
1348	-153
1359	-162
1364	-164
1368	-163
1372	-164
1377	-166
1380	-165
1383	-163
1385	-160
1387	-158
1389	-156
1392	-154
1395	-153
1399	-153
1403	-153
1407	-154
1408	-150
1409	-147
1411	-144
1413	-141
1416	-140
1418	-138
1420	-136
1422	-134
1427	-134
1433	-137
1444	-146
1449	-146
1449	-142
1451	-139
1458	-142
1470	-152
1476	-154
1480	-155
1486	-157
1490	-157
1493	-155
1493	-150
1495	-148
1499	-148
1502	-146
1507	-148
1514	-151
1522	-155
1527	-157
1532	-157
1541	-162
1545	-162
1548	-161
1549	-157
1550	-154
1554	-152
1557	-151
1560	-150
1559	-145
1553	-133
1554	-128
1556	-126
1560	-126
1563	-124
1566	-123
1569	-121
1572	-120
1573	-116
1576	-116
1584	-119
1587	-117
1591	-117
1595	-117
1599	-117
1609	-123
1627	-137
1633	-140
1639	-141
1643	-140
1645	-138
1649	-137
1654	-138
1659	-138
1661	-136
1663	-133
1665	-130
1670	-130
1673	-129
1678	-130
1682	-129
1684	-126
1687	-125
1693	-126
1700	-129
1707	-131
1714	-133
1717	-132
1720	-130
1722	-128
1725	-125
1729	-125
1734	-126
1740	-126
1748	-129
1757	-134
1762	-135
1767	-134
1773	-136
1776	-134
1777	-131
1781	-129
1782	-126
1784	-123
1787	-121
1794	-123
1800	-124
1804	-123
1809	-123
1812	-122
1816	-121
1821	-121
1826	-121
1831	-121
1838	-123
1844	-124
1849	-124
1855	-124
1861	-125
1868	-127
1873	-127
1876	-126
1879	-123
1882	-121
1885	-119
1884	-114
1888	-113
1891	-111
1893	-108
1895	-105
1899	-104
1903	-103
1907	-102
1912	-102
1917	-101
1921	-101
1929	-103
1940	-108
1948	-111
1949	-107
1951	-104
1955	-102
1958	-100
1961	-99
1968	-100
1971	-98
1975	-97
1982	-98
1992	-102
2006	-109
2012	-110
2015	-108
2016	-104
2019	-102
2026	-103
2033	-105
2039	-104
2040	-101
2044	-100
2047	-97
2050	-95
2053	-93
2057	-91
2061	-90
2068	-91
2075	-92
2080	-91
2084	-90
2089	-90
2096	-91
2108	-95
2119	-100
2121	-97
2125	-95
2128	-93
2130	-90
2132	-86
2134	-84
2136	-81
2139	-78
2143	-77
2149	-76
2158	-79
2167	-82
2176	-84
2176	-79
2178	-76
2184	-76
2188	-75
2199	-78
2207	-80
2210	-77
2212	-74
2218	-74
2222	-72
2224	-69
2226	-66
2229	-64
2236	-64
2245	-66
2259	-72
2264	-71
2267	-69
2269	-65
2270	-61
2271	-57
2272	-53
2275	-50
2276	-47
2278	-43
2280	-40
2284	-38
2288	-36
2295	-37
2308	-42
2323	-48
2331	-49
2334	-46
2332	-40
2329	-33
2328	-28
2332	-26
2337	-24
2341	-23
2347	-22
2352	-21
2360	-22
2367	-22
2370	-19
2373	-17
2376	-14
2380	-12
2382	-9
2386	-7
2388	-3
2389	0
2391	4
2392	8
2393	12
2394	16
2395	20
2396	24
2396	28
2397	33
2398	37
2398	41
2399	45
2400	50
2401	53
2402	58
2402	62
2402	66
2403	71
2404	74
2405	79
2406	83
2406	87
2408	91
2409	94
2410	98
2410	102
2412	106
2412	111
2413	114
2414	119
2414	123
2415	127
2416	131
2417	134
2419	138
2420	142
2421	146
2421	150
2422	154
2422	159
2423	162
2426	165
2427	169
2427	173
2427	178
2428	182
2430	185
2431	189
2432	193
2433	196
2434	200
2435	204
2436	208
2435	213
2435	217
2437	221
2437	225
2437	229
2438	233
2440	236
2440	240
2441	245
2442	248
2444	251
2444	256
2445	260
2446	264
2447	267
2448	271
2449	274
2449	279
2449	283
2449	288
2451	291
2451	295
2452	299
2453	302
2454	307
2454	311
2454	315
2457	317
2459	321
2461	324
2463	327
2463	331
2459	338
2459	342
2460	346
2460	350
2460	354
2460	358
2460	363
2461	366
2462	370
2464	373
2465	377
2466	381
2467	384
2468	388
2470	391
2470	395
2471	399
2472	402
2473	406
2474	410
2475	414
2475	418
2473	422
2475	426
2477	429
2478	433
2478	437
2479	440
2480	444
2480	448
2479	453
2481	456
2482	460
2482	463
2482	468
2483	471
2484	475
2484	479
2484	483
2484	487
2485	491
2487	494
2488	498
2487	502
2488	506
2489	509
2489	513
2489	517
2490	521
2491	524
2493	528
2493	532
2495	535
2495	539
2497	542
2498	545
2498	549
2499	553
2501	556
2502	560
2502	564
2503	567
2503	571
2505	575
2504	579
2506	582
2506	586
2508	589
2510	592
2510	596
2512	599
2510	604
2511	608
2511	611
2512	615
2513	618
2517	621
2518	624
2518	628
2520	632
2519	636
2520	640
2521	643
2523	646
2525	649
2525	653
2527	656
2527	660
2526	664
2528	668
2529	671
2530	674
2531	678
2531	682
2532	686
2533	689
2532	693
2534	697
2535	700
2536	703
2536	708
2536	711
2536	715
2537	719
2538	722
2540	725
2540	729
2541	733
2541	737
2543	740
2543	743
2544	747
2544	751
2545	754
2546	758
2547	761
2550	764
2551	768
2550	772
2552	775
2553	779
2552	783
2552	786
2553	790
2556	793
2557	796
2558	800
2558	804
2559	807
2560	810
2562	813
2562	818
2563	821
2564	824
2565	828
2566	831
2567	835
2567	838
2567	843
2566	847
2566	850
2567	854
2568	857
2569	861
2570	864
2572	867
2572	871
2574	874
2576	878
2576	881
2577	885
2577	889
2577	892
2579	895
2579	899
2580	903
2582	906
2584	909
2585	913
2586	916
2588	919
2588	923
2589	926
2589	930
2591	933
2590	937
2591	941
2591	945
2592	948
2593	952
2594	955
2595	958
2596	962
2597	965
2598	969
2599	972
2600	976
2600	979
2601	983
2601	987
2601	990
2602	994
2603	997
2604	1001
2606	1004
2608	1007
2609	1011
2610	1014
2611	1018
2611	1021
2611	1025
2613	1028
2615	1032
2616	1035
2615	1039
2616	1042
2618	1046
2619	1049
2619	1053
2620	1056
2620	1060
2620	1064
2621	1067
2623	1070
2625	1074
2625	1077
2625	1081
2626	1084
2628	1088
2629	1091
2630	1095
2632	1098
2633	1101
2634	1105
2634	1108
2635	1112
2636	1116
2637	1119
2637	1123
2638	1126
2639	1130
2640	1133
2640	1137
2642	1140
2642	1144
2642	1147
2644	1151
2645	1154
2646	1158
2648	1161
2649	1165
2651	1168
2650	1172
2651	1175
2652	1179
2652	1182
2654	1186
2655	1189
2656	1193
2656	1196
2656	1200
2658	1203
2659	1207
2659	1210
2661	1214
2661	1217
2662	1221
2662	1225
2662	1228
2663	1232
2664	1235
2664	1239
2664	1243
2664	1246
2664	1250
2662	1254
2662	1258
2663	1261
2663	1265
2663	1268
2663	1272
2665	1275
2664	1279
2665	1283
2665	1286
2667	1290
2667	1293
2668	1297
2668	1300
2669	1304
2669	1308
2670	1311
2670	1315
2671	1318
2670	1322
2671	1326
2670	1329
2671	1333
2671	1336
2673	1340
2673	1343
2673	1347
2673	1351
2672	1354
2672	1358
2672	1362
2673	1365
2673	1369
2673	1373
2673	1376
2672	1380
2673	1383
2673	1387
2675	1391
2676	1394
2677	1397
2679	1401
2678	1405
2677	1408
2678	1412
2680	1415
2681	1419
2682	1422
2682	1426
2681	1430
2681	1433
2681	1437
2683	1440
2686	1444
2686	1447
2688	1451
2690	1454
2691	1458
2691	1461
2693	1465
2694	1469
2694	1472
2694	1476
2693	1479
2690	1483
2690	1487
2693	1490
2698	1494
2699	1497
2700	1501
2700	1504
2701	1508
2701	1512
2701	1515
2702	1519
2704	1522
2704	1526
2704	1530
2702	1533
2701	1537
2705	1540
2706	1544
2706	1548
2707	1551
2707	1555
2708	1558
2709	1562
2710	1566
2710	1569
2710	1573
2712	1576
2713	1580
2713	1584
2714	1587
2715	1591
2715	1595
2716	1598
2716	1602
2717	1605
2719	1609
2720	1613
2722	1616
2724	1620
2725	1623
2726	1627
2731	1631
2734	1634
2735	1638
2736	1641
2738	1645
2740	1649
2742	1652
2744	1656
2746	1660
