2595	1673
2594	1677
2593	1680
2593	1684
2595	1687
2595	1691
2601	1697
2601	1701
2601	1704
2600	1708
2601	1711
2601	1715
2600	1718
2600	1722
2600	1725
2600	1729
2601	1732
2601	1736
2600	1739
2599	1743
2600	1746
2601	1750
2601	1753
2601	1757
2601	1760
2602	1764
2602	1767
2603	1771
2605	1774
2607	1778
2606	1781
2604	1785
2604	1788
2604	1792
2604	1795
2607	1799
2607	1802
2607	1806
2609	1810
2609	1813
2608	1816
2608	1820
2610	1824
2610	1827
2610	1831
2610	1834
2610	1838
2611	1841
2614	1845
2614	1848
2613	1852
2613	1855
2614	1859
2614	1862
2613	1866
2615	1870
2614	1873
2614	1877
2616	1880
2617	1884
2617	1887
2617	1891
2616	1894
2617	1898
2619	1902
2620	1905
2620	1909
2620	1912
2622	1916
2621	1920
2621	1923
2623	1927
2623	1930
2623	1934
2624	1937
2624	1941
2626	1945
2628	1948
2628	1952
2628	1956
2630	1959
2632	1963
2633	1967
2634	1970
2634	1974
2635	1978
2634	1981
2636	1985
2638	1989
2633	1992
2631	1995
2633	1999
2636	2003
2637	2007
2638	2010
2638	2014
2637	2017
2640	2021
2640	2025
2640	2028
2639	2032
2640	2036
2641	2039
2643	2043
2642	2047
2642	2050
2642	2054
2640	2057
2641	2061
2642	2065
2643	2068
2641	2072
2642	2076
2644	2080
2644	2083
2645	2087
2645	2091
2647	2094
2646	2098
2646	2102
2646	2105
2646	2109
2645	2112
2645	2116
2646	2120
2646	2123
2646	2127
2646	2131
2648	2135
2647	2138
2645	2141
2647	2145
2649	2149
2649	2153
2649	2157
2649	2160
2650	2164
2650	2168
2651	2172
2654	2176
2653	2179
2653	2183
2655	2187
2655	2191
2654	2194
2654	2198
2653	2201
2653	2205
2655	2209
2656	2213
2656	2217
2655	2220
2656	2224
2656	2228
2657	2232
2657	2236
2657	2239
2657	2243
2657	2247
2658	2251
2659	2254
2659	2258
2659	2262
2660	2266
2660	2269
2660	2273
2660	2277
2660	2281
2660	2285
2662	2289
2663	2293
2664	2297
2664	2300
2664	2304
2664	2308
2664	2311
2665	2316
2666	2320
2666	2323
2666	2327
2665	2331
2664	2334
2665	2338
2666	2342
2666	2346
2664	2349
2665	2353
2667	2358
2667	2361
2664	2364
2665	2369
2668	2373
2666	2376
2665	2380
2666	2384
2669	2388
2669	2392
2668	2396
2672	2401
2671	2404
2670	2408
2673	2412
2672	2416
2672	2420
2672	2424
2671	2427
2670	2431
2669	2434
2669	2438
2668	2442
2674	2447
2673	2451
2673	2455
2674	2459
2674	2463
2675	2467
2676	2471
2678	2476
2678	2479
2680	2484
2681	2488
2680	2492
2680	2496
2683	2500
2682	2504
2681	2508
2681	2512
2682	2516
2683	2520
2684	2524
2681	2527
2680	2531
2682	2535
2684	2540
2684	2544
2682	2547
2679	2550
2679	2554
2679	2558
2678	2562
2679	2566
2678	2570
2679	2574
2680	2578
2678	2582
2678	2585
2679	2590
2680	2594
2679	2598
2679	2602
2679	2606
2678	2610
2680	2614
2681	2619
2679	2622
2680	2626
2679	2630
2680	2634
2680	2638
2680	2642
2680	2646
2681	2651
2680	2655
2682	2659
2684	2664
2682	2667
2680	2671
2681	2675
2683	2680
2683	2684
2683	2688
2683	2692
2683	2696
2686	2701
2685	2705
2683	2708
2684	2713
2685	2717
2684	2721
2682	2724
2689	2731
2681	2732
2680	2736
2680	2740
2682	2745
2685	2750
2686	2755
2685	2759
2686	2763
2686	2767
2686	2771
2685	2775
2688	2780
2688	2785
2686	2788
2685	2792
2687	2797
2685	2800
2683	2803
2685	2809
2687	2814
2689	2819
2688	2822
2687	2826
2685	2830
2686	2834
2686	2838
2688	2843
2689	2848
2689	2853
2689	2857
2688	2861
2688	2865
2689	2869
2687	2873
2687	2877
2688	2882
2692	2888
2693	2893
2692	2897
2691	2901
2692	2905
2692	2909
2691	2913
2691	2917
2691	2922
2691	2926
2690	2930
2690	2934
2690	2939
2692	2944
2691	2948
2692	2953
2691	2957
2691	2961
2692	2966
2691	2970
2691	2974
2690	2978
2689	2982
2688	2986
2690	2991
2690	2996
2692	3001
2693	3006
2694	3011
2693	3015
2695	3020
2693	3024
2692	3028
2693	3033
2695	3038
2695	3043
2695	3047
2695	3052
2697	3057
2696	3061
2694	3065
2693	3069
2693	3073
2696	3080
2698	3085
2696	3089
2695	3093
2696	3098
2696	3102
2696	3107
2697	3112
2686	3111
2656	3099
2638	3095
2628	3094
2623	3096
2619	3098
2617	3102
2615	3105
2615	3109
2619	3116
2692	3169
2692	3174
2694	3179
2693	3183
2693	3188
2691	3192
2691	3197
2690	3201
2690	3205
2691	3210
2690	3215
2689	3219
2692	3226
2691	3230
2690	3234
2690	3238
2689	3242
2687	3247
2688	3252
2690	3258
2691	3263
2691	3268
2690	3272
2689	3276
2689	3281
2688	3285
2687	3289
2689	3296
2690	3301
2690	3306
2691	3311
2690	3316
2689	3320
2689	3325
2691	3330
2689	3335
2688	3339
2688	3343
2688	3348
2690	3355
2689	3359
2692	3365
2690	3370
2691	3375
2689	3379
2689	3384
2687	3388
2687	3392
2686	3396
2684	3401
2684	3406
2684	3410
2682	3414
2680	3418
2680	3423
2680	3428
2683	3435
2680	3438
2680	3443
2680	3448
2679	3453
2679	3458
2679	3463
2678	3467
2678	3472
2678	3477
2678	3483
2677	3487
2677	3492
2678	3498
2678	3504
2679	3509
2679	3514
2678	3519
2677	3523
2676	3528
2675	3532
2675	3538
2675	3543
2674	3548
2673	3552
2673	3557
2671	3561
2670	3566
2669	3571
2669	3576
2670	3582
2669	3586
2669	3592
2670	3598
2668	3602
2668	3607
2667	3611
2666	3616
2665	3621
2664	3625
2665	3631
2663	3635
2661	3640
2661	3645
2661	3650
2662	3656
2661	3661
2660	3666
2659	3670
2657	3674
2655	3679
2657	3685
2657	3691
2657	3696
2656	3701
2654	3705
2655	3711
2654	3717
2654	3722
2654	3727
2656	3734
2655	3739
2654	3744
2650	3747
2648	3751
2650	3758
2649	3762
2647	3767
2644	3770
2643	3775
2643	3781
2644	3787
2643	3792
2641	3796
2643	3804
2642	3808
2640	3813
2639	3817
2639	3823
2639	3829
2638	3834
2636	3838
2636	3844
2635	3849
2635	3855
2635	3861
2634	3865
2632	3870
2632	3876
2634	3884
2634	3889
2635	3896
2635	3902
2634	3907
2636	3915
2633	3918
2628	3920
2611	3912
2588	3898
2580	3897
2579	3902
2576	3906
2573	3909
2576	3918
2621	3962
2623	3969
2624	3977
2623	3982
2620	3985
2617	3989
2615	3993
2615	3999
2612	4003
2610	4007
2609	4012
2609	4019
2606	4022
2605	4028
2604	4033
2604	4039
2602	4043
2604	4051
2603	4057
2603	4063
2601	4067
2599	4072
2598	4078
2598	4083
2595	4087
2592	4091
2590	4096
2590	4102
2588	4107
2588	4112
2586	4117
2583	4121
2580	4125
2579	4130
2580	4137
2578	4142
2575	4146
2572	4149
2570	4153
2569	4159
2568	4164
2566	4169
2564	4174
2562	4179
2560	4184
2560	4190
2559	4195
2558	4201
2557	4206
2553	4210
2552	4215
2550	4219
2548	4224
2546	4229
2545	4235
2542	4239
2540	4243
2539	4249
2537	4254
2534	4258
2531	4261
2528	4265
2533	4277
2240	4003
2237	4006
2234	4009
2233	4013
2231	4018
2227	4020
2222	4021
2219	4024
2220	4031
2221	4039
2506	4345
2504	4351
2501	4355
2499	4359
2497	4364
2494	4368
2491	4372
2489	4377
2488	4383
2487	4389
2484	4393
2481	4397
2478	4401
2480	4410
2478	4415
2475	4419
2472	4423
2470	4428
2469	4434
2468	4440
2466	4445
2463	4450
2460	4454
2459	4459
2457	4465
2455	4469
2452	4474
2451	4480
2450	4487
2447	4490
2444	4495
2443	4500
2441	4506
2439	4511
2435	4514
2429	4514
2420	4511
2415	4513
2411	4516
2408	4520
2405	4525
2402	4528
2397	4531
2395	4536
2392	4539
2389	4543
2385	4547
2381	4550
2379	4555
2376	4559
2372	4562
2368	4565
2366	4570
2362	4573
2359	4577
2355	4580
2351	4583
2348	4587
2346	4592
2342	4596
2339	4600
2336	4603
2334	4609
2331	4613
2328	4617
2325	4621
2321	4624
2317	4628
2314	4631
2310	4634
2307	4638
2302	4640
2299	4644
2295	4647
2292	4651
2289	4656
2286	4660
2284	4666
2282	4670
2278	4674
2275	4678
2272	4682
2268	4686
2266	4690
2263	4695
2260	4700
2257	4703
2254	4707
2250	4710
2245	4712
2241	4715
2237	4718
2233	4721
2230	4726
2228	4731
2224	4734
2220	4737
2217	4742
2214	4746
2211	4750
2208	4755
2204	4757
2202	4763
2198	4766
2195	4770
2190	4772
2185	4774
2181	4777
2177	4779
2173	4782
2169	4785
2165	4788
2161	4791
2157	4795
2154	4799
2150	4802
2146	4805
2144	4810
2140	4813
2137	4818
2134	4822
2130	4826
2126	4829
2122	4833
2119	4836
2115	4840
2112	4844
2108	4847
2105	4851
2102	4855
2097	4858
2093	4860
2090	4865
2086	4868
2081	4870
2077	4873
2074	4877
2069	4880
2066	4883
2062	4887
2058	4890
2054	4892
2050	4895
2045	4898
2041	4901
2037	4903
2031	4903
2026	4906
2022	4908
2018	4911
2014	4915
2011	4919
2007	4923
2004	4927
2000	4930
1997	4934
1994	4939
1990	4943
1986	4945
1982	4948
1977	4950
1974	4954
1970	4958
1965	4960
1960	4961
1956	4963
1951	4965
1947	4968
1942	4970
1938	4974
1935	4977
1930	4980
1926	4982
1921	4983
1916	4985
1911	4987
1907	4989
1902	4992
1898	4995
1894	4997
1889	5000
1886	5003
1881	5005
1876	5006
1871	5008
1867	5011
1862	5013
1857	5015
1853	5016
1848	5018
1843	5021
1839	5024
1835	5026
1830	5028
1825	5029
1820	5031
1815	5032
1810	5034
1805	5035
1801	5037
1797	5041
1793	5043
1788	5045
1782	5046
1777	5046
1772	5047
1767	5049
1763	5053
1759	5055
1755	5057
1751	5061
1747	5064
1743	5067
1739	5070
1735	5074
1730	5075
1725	5076
1720	5078
1716	5081
1712	5083
1707	5086
1703	5089
1699	5091
1695	5094
1690	5097
1686	5099
1680	5099
1675	5099
1670	5101
1666	5105
1662	5108
1655	5106
1650	5106
1646	5108
1641	5110
1636	5112
1631	5113
1626	5114
1621	5115
1616	5117
1612	5118
1607	5121
1602	5122
1597	5122
1591	5122
1586	5123
1581	5124
1577	5126
1572	5129
1568	5131
1564	5135
1560	5138
1556	5141
1551	5142
1546	5144
1543	5148
1538	5151
1534	5153
1530	5156
1525	5158
1521	5160
1515	5160
1510	5161
1507	5165
1501	5166
1496	5167
1492	5170
1488	5172
1483	5175
1479	5178
1475	5180
1470	5183
1466	5185
1462	5187
1458	5190
1453	5193
1449	5196
1444	5197
1440	5199
1435	5202
1430	5203
1426	5206
1422	5209
1418	5212
1413	5214
1409	5216
1404	5218
1400	5221
1396	5224
1391	5226
1386	5228
1381	5229
1377	5231
1373	5234
1367	5233
1362	5234
1357	5235
1352	5237
1348	5239
1343	5240
1338	5241
1332	5241
1327	5242
1323	5244
1318	5245
1313	5245
1308	5246
1303	5247
1298	5249
1293	5251
1288	5251
1283	5251
1278	5251
1273	5252
1267	5253
1263	5255
1257	5254
1252	5254
1247	5255
1242	5256
1237	5258
1233	5259
1228	5261
1223	5262
1217	5261
1212	5260
1207	5261
1202	5263
1198	5265
1194	5268
1190	5272
1186	5277
1182	5280
1177	5282
1173	5285
1168	5285
1163	5286
1159	5288
1154	5292
1149	5293
1144	5293
1140	5296
1136	5298
1131	5301
1126	5301
1121	5302
1117	5305
1112	5307
1107	5309
1102	5309
1097	5310
1093	5311
1088	5315
1083	5315
1078	5316
1074	5317
1069	5319
1064	5321
1060	5324
1056	5327
1051	5328
1047	5332
1043	5335
1038	5338
1033	5339
1029	5340
1024	5342
1019	5342
1014	5346
1011	5350
1005	5350
1000	5351
996	5352
991	5353
986	5354
981	5356
976	5358
972	5360
967	5361
962	5364
958	5366
953	5366
948	5369
943	5368
938	5368
933	5371
929	5373
924	5373
919	5374
914	5375
909	5377
904	5378
899	5379
894	5379
890	5381
885	5382
880	5383
875	5383
869	5382
864	5381
859	5382
854	5382
849	5382
844	5383
839	5384
834	5385
829	5386
824	5388
820	5390
815	5391
810	5392
806	5396
801	5398
796	5400
792	5403
787	5405
783	5406
778	5408
773	5410
769	5412
764	5414
759	5415
754	5416
750	5419
745	5422
741	5424
736	5427
731	5430
726	5430
721	5431
717	5433
712	5433
706	5431
701	5430
696	5430
691	5431
686	5433
682	5436
677	5439
672	5441
667	5441
662	5440
657	5439
652	5441
647	5441
642	5442
637	5443
632	5445
627	5446
623	5447
618	5448
613	5449
608	5449
603	5449
597	5448
592	5447
587	5447
582	5450
578	5455
574	5458
569	5458
564	5459
559	5460
554	5462
549	5463
544	5464
539	5466
535	5467
530	5469
525	5471
520	5473
515	5474
510	5474
505	5474
500	5475
495	5477
491	5479
486	5479
481	5480
476	5481
471	5483
466	5486
462	5489
457	5490
452	5492
447	5493
442	5495
438	5498
433	5500
428	5502
423	5500
418	5501
413	5501
408	5505
403	5507
398	5505
393	5504
388	5504
383	5504
378	5505
373	5505
368	5507
363	5507
358	5508
353	5509
348	5511
343	5512
338	5513
333	5512
328	5513
323	5513
318	5514
313	5514
308	5515
303	5514
298	5515
293	5514
287	5512
282	5510
277	5511
272	5510
267	5510
262	5509
257	5508
252	5509
247	5508
241	5506
236	5503
231	5504
226	5501
221	5499
216	5500
211	5501
206	5509
202	5514
197	5514
192	5518
187	5518
182	5520
177	5521
172	5522
167	5523
162	5524
157	5524
152	5524
147	5524
142	5523
137	5526
132	5527
127	5528
122	5528
117	5530
112	5529
107	5529
102	5530
97	5529
92	5528
87	5527
82	5526
77	5527
71	5526
66	5527
61	5526
56	5523
51	5522
46	5521
41	5521
36	5522
31	5521
26	5520
21	5518
16	5517
11	5517
6	5517
1	5518
-4	5518
-9	5513
-14	5511
-19	5511
-24	5510
-29	5509
-34	5509
-39	5513
-60	5014
-64	5014
-68	5011
-73	5008
-77	5009
-81	5009
-86	5006
-90	4996
-94	4994
-99	4992
-103	4989
-107	4985
-112	4984
-116	4984
-120	4987
-125	4990
-129	4992
-133	4997
-138	5007
-142	5010
-147	5009
-151	5009
-156	5012
-160	5014
-164	5013
-169	5010
-199	5507
-204	5505
-209	5508
-215	5509
-219	5507
-224	5505
-229	5505
-234	5503
-239	5502
-244	5501
-249	5502
-254	5502
-259	5502
-264	5501
-269	5502
-274	5502
-279	5504
-284	5504
-289	5504
-295	5505
-300	5505
-305	5506
-310	5507
-315	5510
-320	5511
-325	5511
-330	5509
-335	5508
-340	5508
-345	5507
-350	5507
-355	5508
-360	5508
-365	5508
-370	5508
-375	5509
-380	5510
-385	5509
-390	5509
-395	5508
-400	5506
-405	5503
-410	5501
-415	5500
-420	5499
-425	5499
-430	5497
-435	5497
-440	5495
-444	5494
-449	5493
-454	5492
-459	5491
-464	5488
-469	5485
-474	5484
-479	5483
-484	5484
-489	5485
-494	5483
-499	5482
-503	5480
-508	5478
-513	5474
-518	5473
-522	5472
-527	5467
-532	5465
-536	5463
-541	5463
-546	5462
-551	5460
-556	5460
-561	5458
-565	5452
-569	5447
-574	5443
-579	5442
-584	5442
-589	5441
-594	5441
-599	5442
-604	5444
-609	5444
-614	5442
-618	5438
-623	5436
-628	5436
-633	5438
-638	5436
-643	5435
-648	5434
-653	5433
-657	5430
-662	5429
-667	5429
-672	5428
-677	5428
-682	5427
-687	5427
-692	5428
-698	5433
-704	5438
-710	5444
-715	5445
-720	5445
-725	5443
-730	5439
-734	5435
-739	5434
-744	5434
-748	5429
-753	5428
-757	5426
-762	5424
-767	5422
-772	5422
-777	5421
-782	5420
-786	5417
-791	5414
-795	5412
-800	5410
-805	5408
-810	5407
-814	5404
-817	5396
-823	5396
-828	5396
-833	5396
-837	5395
-842	5393
-847	5393
-852	5391
-856	5389
-861	5388
-866	5387
-871	5385
-876	5385
-881	5385
-886	5384
-891	5383
-896	5382
-901	5382
-906	5381
-911	5381
-915	5379
-920	5377
-925	5376
-930	5375
-935	5375
-940	5375
-945	5376
-950	5375
-955	5374
-960	5374
-965	5373
-970	5372
-975	5371
-980	5370
-985	5370
-989	5369
-995	5369
-999	5367
-1004	5366
-1009	5366
-1014	5366
-1019	5364
-1024	5362
-1028	5360
-1034	5361
-1039	5362
-1044	5361
-1049	5360
-1053	5356
-1057	5353
-1062	5351
-1067	5350
-1071	5346
-1075	5342
-1079	5337
-1083	5334
-1087	5330
-1091	5326
-1095	5323
-1099	5319
-1104	5316
-1108	5315
-1113	5314
-1118	5311
-1122	5309
-1127	5307
-1131	5302
-1135	5300
-1139	5298
-1144	5295
-1148	5293
-1152	5290
-1157	5288
-1162	5289
-1168	5289
-1173	5291
-1178	5290
-1182	5287
-1187	5284
-1192	5283
-1197	5283
-1202	5283
-1207	5282
-1211	5279
-1216	5278
-1222	5279
-1226	5278
-1231	5277
-1236	5275
-1240	5272
-1245	5270
-1249	5268
-1254	5268
-1259	5265
-1264	5265
-1269	5265
-1274	5263
-1278	5261
-1282	5258
-1287	5257
-1292	5257
-1298	5258
-1303	5258
-1308	5257
-1312	5253
-1317	5252
-1321	5249
-1325	5246
-1330	5244
-1335	5243
-1339	5241
-1345	5242
-1350	5241
-1355	5240
-1360	5241
-1366	5242
-1370	5240
-1375	5237
-1379	5234
-1382	5230
-1387	5229
-1392	5228
-1397	5226
-1402	5225
-1407	5226
-1412	5225
-1417	5223
-1422	5222
-1426	5219
-1429	5214
-1434	5212
-1439	5211
-1443	5209
-1448	5206
-1451	5201
-1456	5200
-1459	5195
-1463	5192
-1468	5190
-1472	5187
-1476	5185
-1482	5185
-1486	5182
-1490	5179
-1495	5178
-1500	5177
-1504	5174
-1508	5171
-1513	5171
-1518	5170
-1522	5167
-1527	5164
-1531	5162
-1536	5160
-1540	5157
-1544	5155
-1549	5153
-1553	5151
-1557	5148
-1562	5146
-1566	5143
-1570	5141
-1575	5140
-1580	5139
-1585	5137
-1589	5135
-1594	5134
-1599	5133
-1604	5132
-1609	5131
-1613	5128
-1617	5125
-1622	5124
-1627	5122
-1631	5119
-1636	5118
-1641	5118
-1645	5115
-1650	5113
-1656	5114
-1660	5111
-1663	5107
-1667	5103
-1671	5101
-1675	5098
-1680	5097
-1686	5096
-1691	5096
-1695	5094
-1700	5093
-1705	5090
-1708	5086
-1712	5082
-1713	5073
-1717	5071
-1722	5070
-1727	5067
-1730	5064
-1732	5057
-1735	5051
-1739	5048
-1743	5045
-1747	5042
-1751	5039
-1755	5036
-1759	5032
-1762	5028
-1765	5024
-1770	5021
-1774	5020
-1779	5018
-1783	5015
-1788	5015
-1794	5015
-1797	5010
-1801	5006
-1804	5003
-1810	5003
-1815	5002
-1819	5000
-1825	4999
-1829	4998
-1833	4995
-1836	4990
-1840	4986
-1844	4983
-1847	4979
-1851	4976
-1855	4974
-1859	4971
-1862	4966
-1865	4961
-1868	4956
-1872	4954
-1876	4951
-1880	4948
-1885	4947
-1890	4945
-1894	4943
-1902	4948
-1905	4943
-1908	4937
-1912	4934
-1917	4933
-1921	4930
-1925	4928
-1929	4925
-1933	4921
-1936	4918
-1940	4915
-1943	4910
-1946	4906
-1951	4905
-1953	4899
-1955	4893
-1958	4887
-1961	4883
-1964	4879
-1969	4877
-1973	4875
-1978	4873
-1980	4868
-1982	4862
-1986	4858
-1990	4856
-1994	4853
-1998	4851
-2003	4849
-2006	4845
-2009	4840
-2013	4837
-2017	4835
-2021	4832
-2025	4829
-2030	4828
-2034	4826
-2037	4821
-2040	4817
-2045	4815
-2049	4812
-2052	4809
-2056	4806
-2060	4803
-2064	4800
-2069	4798
-2073	4796
-2077	4794
-2081	4790
-2085	4788
-2089	4785
-2093	4782
-2096	4779
-2100	4776
-2105	4774
-2108	4770
-2112	4767
-2116	4764
-2120	4761
-2123	4758
-2128	4756
-2132	4753
-2136	4751
-2140	4749
-2144	4745
-2148	4743
-2154	4743
-2158	4741
-2160	4735
-2163	4730
-2167	4728
-2171	4725
-2176	4724
-2182	4724
-2185	4720
-2190	4718
-2193	4714
-2197	4711
-2202	4710
-2206	4707
-2210	4705
-2214	4701
-2215	4695
-2218	4691
-2221	4687
-2226	4685
-2231	4684
-2233	4679
-2235	4673
-2239	4670
-2242	4667
-2246	4663
-2250	4661
-2254	4657
-2257	4654
-2261	4651
-2265	4648
-2267	4643
-2271	4641
-2274	4637
-2279	4635
-2283	4633
-2287	4629
-2290	4625
-2292	4621
-2297	4619
-2301	4616
-2305	4614
-2308	4610
-2312	4607
-2315	4603
-2318	4599
-2322	4596
-2325	4592
-2328	4588
-2333	4587
-2335	4581
-2339	4578
-2343	4575
-2347	4573
-2351	4570
-2355	4568
-2359	4565
-2362	4561
-2366	4558
-2369	4554
-2373	4551
-2377	4548
-2380	4545
-2385	4543
-2387	4538
-2390	4534
-2393	4531
-2396	4526
-2400	4523
-2405	4522
-2408	4518
-2411	4515
-2414	4510
-2417	4507
-2422	4506
-2425	4502
-2429	4499
-2432	4495
-2435	4490
-2438	4487
-2443	4485
-2446	4481
-2449	4478
-2449	4470
-2449	4463
-2452	4458
-2455	4455
-2460	4453
-2464	4450
-2466	4446
-2469	4442
-2473	4439
-2476	4435
-2479	4432
-2482	4428
-2486	4425
-2489	4421
-2490	4415
-2494	4412
-2498	4410
-2501	4406
-2503	4400
-2505	4396
-2508	4392
-2513	4390
-2516	4387
-2520	4384
-2522	4379
-2525	4375
-2528	4372
-2533	4370
-2537	4367
-2538	4361
-2541	4358
-2544	4353
-2547	4350
-2551	4347
-2554	4343
-2556	4339
-2558	4334
-2562	4331
-2566	4328
-2569	4324
-2572	4321
-2576	4318
-2579	4314
-2581	4310
-2584	4306
-2587	4302
-2590	4298
-2593	4294
-2597	4292
-2602	4290
-2604	4285
-2607	4282
-2610	4278
-2613	4274
-2616	4271
-2619	4267
-2622	4263
-2627	4261
-2630	4258
-2633	4253
-2636	4250
-2639	4246
-2643	4243
-2645	4239
-2649	4236
-2652	4233
-2655	4229
-2659	4226
-2662	4222
-2666	4220
-2669	4216
-2670	4211
-2674	4207
-2677	4204
-2680	4200
-2682	4195
-2683	4190
-2686	4186
-2688	4182
-2691	4178
-2694	4174
-2699	4172
-2701	4168
-2704	4164
-2706	4159
-2707	4154
-2709	4149
-2711	4145
-2714	4141
-2715	4136
-2718	4132
-2722	4129
-2727	4127
-2730	4123
-2733	4120
-2736	4116
-2738	4112
-2741	4108
-2744	4104
-2746	4100
-2749	4096
-2753	4093
-2755	4089
-2757	4084
-2759	4080
-2761	4075
-2763	4071
-2766	4067
-2766	4061
-2769	4057
-2773	4054
-2777	4052
-2780	4047
-2781	4043
-2783	4038
-2786	4034
-2788	4030
-2792	4027
-2794	4023
-2797	4019
-2800	4016
-2803	4012
-2805	4007
-2806	4002
-2810	3999
-2813	3996
-2816	3992
-2820	3989
-2823	3986
-2824	3980
-2824	3974
-2824	3968
-2827	3965
-2833	3964
-2839	3962
-2841	3958
-2845	3955
-2848	3952
-2848	3945
-2850	3941
-2853	3938
-2857	3935
-2858	3930
-2859	3924
-2863	3921
-2864	3916
-2865	3911
-2867	3906
-2867	3901
-2868	3895
-2871	3892
-2872	3887
-2873	3882
-2876	3877
-2878	3874
-2880	3869
-2883	3865
-2885	3861
-2885	3855
-2886	3850
-2890	3847
-2893	3844
-2895	3839
-2896	3834
-2896	3828
-2897	3823
-2900	3820
-2901	3815
-2902	3810
-2904	3805
-2905	3801
-2906	3796
-2910	3793
-2914	3790
-2916	3786
-2917	3781
-2918	3776
-2921	3772
-2924	3768
-2924	3763
-2925	3758
-2926	3753
-2930	3750
-2931	3745
-2931	3739
-2934	3736
-2936	3731
-2936	3726
-2939	3723
-2943	3719
-2946	3716
-2947	3711
-2948	3706
-2949	3701
-2952	3698
-2954	3693
-2957	3690
-2960	3686
-2961	3681
-2962	3676
-2963	3672
-2966	3668
-2966	3662
-2966	3657
-2967	3652
-2966	3646
-2965	3640
-2966	3635
-2967	3630
-2959	3619
-2960	3615
-2964	3611
-2965	3607
-2967	3603
-2970	3599
-2970	3593
-2969	3587
-2968	3581
-2969	3577
-2972	3573
-2974	3569
-2973	3563
-2973	3558
-2972	3552
-2967	3543
-2967	3538
-2968	3533
-2969	3528
-2969	3523
-2971	3519
-2972	3514
-2972	3509
-2971	3503
-2972	3498
-2975	3495
-2981	3493
-2983	3489
-2983	3484
-2982	3478
-2982	3473
-2976	3464
-2980	3461
-2982	3457
-2984	3453
-2984	3448
-2984	3443
-2986	3439
-2988	3435
-2986	3429
-2988	3424
-2989	3420
-2990	3415
-2989	3409
-2988	3404
-2990	3400
-2989	3394
-2987	3388
-2988	3383
-2989	3379
-2991	3375
-2992	3370
-2991	3365
-2990	3359
-2991	3354
-2990	3349
-2989	3343
-2988	3338
-2990	3333
-2992	3330
-2991	3324
-2991	3319
-2990	3314
-2988	3307
-2990	3304
-2992	3300
-2992	3294
-2993	3290
-2996	3287
-2995	3281
-2992	3275
-2993	3270
-2997	3267
-2997	3262
-2997	3258
-2994	3251
-2995	3247
-2995	3242
-2996	3237
-2998	3233
-2999	3229
-2997	3223
-2997	3218
-2999	3214
-3000	3210
-3000	3205
-2998	3199
-2997	3194
-2998	3189
-3000	3185
-2998	3180
-2998	3175
-2999	3171
-3000	3166
-2999	3161
-2999	3156
-2999	3151
-3000	3147
-2999	3142
-2999	3137
-3001	3133
-3000	3128
-3002	3124
-3003	3120
-3003	3115
-3000	3109
-2999	3104
-3002	3100
-3003	3096
-3002	3091
-3002	3086
-3004	3082
-3003	3077
-3002	3072
-3005	3069
-3006	3064
-3006	3060
-3006	3055
-3005	3050
-3006	3046
-3005	3040
-3006	3037
-3007	3032
-3004	3026
-3003	3021
-3005	3017
-3008	3014
-3005	3008
-3002	3002
-2998	2996
-2994	2989
-2993	2984
-2992	2979
-2993	2975
-2996	2972
-2995	2967
-2995	2962
-2995	2958
-2993	2952
-2994	2948
-2995	2944
-2994	2939
-2993	2934
-2993	2929
-2993	2925
-2992	2920
-2993	2916
-2994	2912
-2995	2908
-2995	2903
-2990	2897
-2991	2893
-2990	2888
-2990	2883
-2991	2879
-2989	2874
-2988	2869
-2988	2865
-2990	2861
-2990	2857
-2988	2851
-2988	2847
-2988	2843
-2988	2838
-2987	2833
-2987	2829
-2989	2825
-2989	2821
-2989	2816
-2988	2812
-2986	2806
-2985	2802
-2983	2797
-2984	2792
-2985	2789
-2987	2785
-2986	2780
-2986	2776
-2985	2771
-2986	2767
-2983	2762
-2980	2756
-2979	2751
-2980	2748
-2983	2744
-2983	2740
-2982	2735
-2980	2730
-2978	2725
-2976	2720
-2974	2715
-2975	2711
-2978	2708
-2979	2704
-2977	2699
-2978	2695
-2976	2690
-2978	2687
-2978	2682
-2970	2675
-2966	2670
-2968	2666
-2968	2662
-2968	2658
-2967	2653
-2963	2648
-2963	2643
-2962	2639
-2963	2635
-2965	2632
-2964	2627
-2961	2622
-2958	2617
-2955	2612
-2956	2608
-2956	2604
-2956	2599
-2954	2595
-2954	2591
-2954	2586
-2954	2582
-2954	2578
-2948	2572
-2949	2568
-2951	2565
-2953	2561
-2952	2557
-2949	2552
-2952	2548
-2945	2542
-2941	2537
-2942	2533
-2944	2529
-2943	2525
-2939	2520
-2936	2515
-2938	2512
-2940	2508
-2939	2504
-2935	2498
-2935	2494
-2935	2490
-2933	2486
-2934	2482
-2934	2478
-2933	2474
-2930	2469
-2929	2464
-2932	2461
-2932	2457
-2931	2453
-2931	2449
-2929	2444
-2929	2440
-2924	2435
-2923	2431
-2925	2427
-2925	2423
-2924	2419
-2922	2415
-2921	2410
-2921	2406
-2918	2402
-2916	2397
-2917	2393
-2918	2390
-2919	2386
-2913	2381
-2915	2377
-2920	2374
-2925	2371
-2911	2364
-2907	2359
-2907	2355
-2907	2351
-2908	2348
-2907	2344
-2913	2341
-2904	2335
-2906	2332
-2904	2327
-2903	2323
-2899	2318
-2895	2314
-2895	2310
-2895	2306
-2893	2302
-2893	2298
-2897	2295
-2894	2290
-2894	2286
-2892	2282
-2888	2277
-2893	2274
-2892	2270
-2883	2265
-2879	2260
-2879	2256
-2879	2252
-2876	2248
-2878	2244
-2874	2240
-2870	2235
-2870	2231
-2873	2228
-2875	2225
-2872	2220
-2873	2217
-2873	2213
-2875	2210
-2874	2205
-2871	2201
-2868	2197
-2869	2193
-2868	2189
-2867	2185
-2866	2181
-2860	2176
-2853	2171
-2854	2168
-2856	2164
-2858	2161
-2859	2157
-2859	2154
-2858	2150
-2856	2146
-2855	2142
-2853	2138
-2853	2134
-2848	2129
-2846	2125
-2848	2122
-2845	2118
-2846	2114
-2845	2110
-2844	2106
-2838	2102
-2834	2097
-2835	2094
-2836	2090
-2838	2087
-2838	2083
-2837	2079
-2833	2075
-2829	2071
-2828	2067
-2833	2064
-2832	2060
-2828	2056
-2828	2052
-2829	2049
-2829	2045
-2828	2041
-2827	2037
-2824	2033
-2818	2029
-2820	2025
-2820	2022
-2819	2018
-2818	2014
-2817	2011
-2815	2007
-2812	2003
-2813	1999
-2812	1995
-2813	1992
-2810	1988
-2809	1984
-2810	1980
-2808	1977
-2806	1973
-2806	1969
-2807	1966
-2807	1962
-2807	1958
-2806	1955
-2798	1950
-2798	1947
-2799	1943
-2800	1940
-2798	1936
-2797	1932
-2798	1929
-2795	1925
-2792	1921
-2788	1917
-2786	1913
-2785	1910
-2789	1906
-2790	1903
-2788	1899
-2786	1895
-2785	1892
-2783	1888
-2782	1884
-2784	1881
-2783	1877
-2786	1874
-2783	1870
-2775	1866
-2775	1862
-2775	1859
-2773	1855
-2772	1851
-2772	1848
-2769	1844
-2768	1840
-2767	1837
-2767	1833
-2769	1830
-2768	1826
-2768	1823
-2768	1819
-2763	1815
-2763	1812
-2763	1808
-2761	1805
-2759	1801
-2760	1798
-2759	1794
-2757	1790
-2758	1787
-2752	1783
-2751	1780
-2752	1776
-2751	1773
-2750	1769
-2749	1765
-2748	1762
-2748	1758
-2747	1755
-2748	1751
-2746	1748
-2745	1744
-2744	1741
-2742	1737
-2739	1734
-2737	1730
-2737	1727
-2737	1723
-2737	1720
-2735	1716
-2731	1712
-2728	1709
-2729	1705
-2730	1702
-2729	1698
-2727	1695
-2726	1691
-2726	1688
-2727	1685
-2726	1681
-2724	1678
-2723	1674
-2721	1671
-2718	1667
-2716	1664
-2716	1660
-2716	1657
-2716	1653
-2715	1650
-2714	1646
-2713	1643
-2712	1639
-2713	1636
-2713	1632
-2712	1629
-2710	1626
-2709	1622
-2707	1619
-2706	1615
-2705	1612
-2704	1608
-2703	1605
-2703	1602
-2701	1598
-2699	1595
-2699	1591
-2699	1588
-2699	1584
-2698	1581
-2698	1578
-2694	1574
-2693	1571
-2692	1567
-2691	1564
-2689	1561
-2687	1557
-2687	1554
-2686	1550
-2686	1547
-2685	1544
-2684	1540
-2684	1537
-2686	1533
-2685	1530
-2683	1527
-2680	1523
-2679	1520
-2677	1517
-2675	1513
-2675	1510
-2674	1506
-2672	1503
-2672	1500
-2672	1496
-2670	1493
-2667	1490
-2665	1487
-2666	1483
-2665	1480
-2663	1476
-2662	1473
-2661	1470
-2659	1466
-2659	1463
-2657	1460
-2653	1457
-2654	1453
-2654	1450
-2651	1447
-2651	1443
-2651	1440
-2649	1437
-2647	1433
-2645	1430
-2644	1427
-2642	1424
-2644	1420
-2642	1417
-2636	1414
-2635	1411
-2633	1408
-2631	1404
-2630	1401
-2628	1398
-2628	1395
-2629	1391
-2628	1388
-2627	1384
-2624	1381
-2624	1378
-2626	1374
-2623	1371
-2622	1368
-2622	1365
-2623	1361
-2623	1358
-2621	1355
-2620	1351
-2620	1348
-2620	1344
-2616	1342
-2616	1338
-2615	1335
-2614	1332
-2613	1328
-2612	1325
-2610	1322
-2609	1319
-2610	1315
-2608	1312
-2608	1309
-2607	1305
-2606	1302
-2604	1299
-2602	1296
-2600	1293
-2601	1289
-2601	1286
-2601	1283
-2598	1280
-2597	1276
-2593	1274
-2592	1270
-2591	1267
-2591	1264
-2590	1260
-2588	1257
-2587	1254
-2585	1251
-2583	1248
-2582	1245
-2583	1241
-2581	1238
-2579	1235
-2579	1232
-2579	1228
-2579	1225
-2579	1222
-2579	1218
-2578	1215
-2576	1212
-2575	1209
-2574	1205
-2571	1203
-2569	1200
-2568	1196
-2568	1193
-2570	1189
-2569	1186
-2568	1183
-2566	1180
-2563	1177
-2564	1173
-2563	1170
-2563	1167
-2563	1163
-2561	1160
-2558	1157
-2555	1155
-2554	1152
-2552	1149
-2550	1146
-2548	1143
-2547	1139
-2548	1136
-2550	1132
-2551	1128
-2546	1126
-2543	1123
-2539	1121
-2537	1118
-2537	1114
-2538	1111
-2537	1108
-2537	1104
-2536	1101
-2534	1098
-2532	1095
-2531	1092
-2530	1089
-2529	1086
-2526	1083
-2524	1080
-2524	1076
-2522	1073
-2522	1070
-2521	1067
-2521	1064
-2520	1060
-2519	1057
-2518	1054
-2517	1051
-2516	1048
-2513	1045
-2510	1042
-2509	1039
-2510	1036
-2509	1032
-2509	1029
-2508	1026
-2505	1023
-2503	1020
-2503	1017
-2503	1014
-2502	1010
-2502	1007
-2500	1004
-2499	1001
-2499	997
-2500	994
-2498	991
-2494	989
-2493	985
-2492	982
-2492	979
-2492	975
-2489	973
-2488	970
-2488	966
-2486	963
-2484	960
-2483	957
-2482	954
-2481	951
-2480	948
-2478	945
-2476	942
-2477	938
-2477	935
-2477	931
-2477	928
-2476	925
-2474	922
-2471	919
-2470	916
-2469	913
-2468	910
-2468	906
-2468	903
-2467	900
-2466	897
-2462	894
-2460	891
-2461	888
-2459	885
-2457	882
-2456	879
-2456	875
-2454	873
-2453	870
-2452	866
-2451	863
-2450	860
-2449	857
-2449	854
-2448	850
-2446	847
-2444	845
-2446	840
-2443	838
-2441	835
-2440	832
-2437	830
-2435	827
-2434	824
-2434	820
-2431	818
-2430	815
-2431	811
-2431	807
-2429	805
-2429	801
-2425	799
-2423	796
-2423	792
-2423	789
-2422	786
-2421	783
-2420	779
-2417	777
-2416	774
-2415	771
-2414	768
-2412	765
-2410	762
-2409	759
-2407	756
-2405	754
-2405	750
-2403	747
-2401	744
-2400	741
-2400	738
-2398	735
-2397	732
-2396	729
-2394	726
-2391	723
-2391	720
-2391	716
-2390	713
-2391	709
-2390	706
-2388	704
-2386	700
-2384	698
-2382	695
-2381	692
-2381	688
-2380	685
-2378	682
-2378	679
-2378	675
-2377	672
-2376	669
-2375	666
-2376	662
-2376	658
-2377	654
-2375	651
-2372	649
-2369	647
-2368	644
-2366	641
-2366	637
-2366	634
-2364	631
-2363	628
-2362	624
-2361	621
-2360	618
-2360	614
-2358	612
-2356	609
-2354	606
-2353	603
-2353	599
-2353	595
-2351	593
-2349	590
-2347	587
-2346	584
-2345	581
-2346	577
-2346	573
-2344	570
-2343	567
-2340	565
-2337	563
-2336	560
-2335	556
-2335	553
-2335	549
-2335	545
-2333	543
-2331	540
-2331	536
-2332	532
-2331	528
-2331	525
-2328	522
-2326	520
-2324	517
-2324	514
-2322	511
-2321	508
-2319	505
-2320	500
-2319	497
-2316	495
-2314	492
-2312	489
-2313	485
-2317	479
-2315	476
-2311	475
-2308	473
-2305	470
-2305	467
-2310	460
-2307	458
-2303	456
-2303	453
-2303	449
-2302	446
-2300	443
-2298	440
-2296	437
-2296	434
-2295	430
-2293	428
-2290	426
-2288	423
-2287	419
-2288	415
-2287	411
-2286	409
-2284	406
-2282	403
-2281	400
-2279	397
-2277	394
-2276	391
-2275	388
-2274	384
-2273	381
-2271	378
-2270	375
-2269	372
-2269	368
-2268	364
-2266	362
-2265	358
-2264	355
-2265	350
-2265	346
-2264	343
-2263	340
-2262	337
-2260	334
-2259	330
-2257	328
-2255	325
-2253	322
-2251	319
-2251	316
-2249	313
-2247	310
-2245	307
-2244	304
-2243	301
-2242	297
-2240	294
-2239	291
-2237	288
-2236	285
-2235	281
-2234	278
-2231	276
-2230	272
-2231	268
-2231	264
-2230	261
-2229	257
-2229	253
-2227	250
-2226	247
-2224	244
-2223	241
-2222	237
-2221	234
-2219	231
-2217	228
-2216	225
-2216	221
-2216	217
-2215	213
-2214	210
-2212	207
-2212	202
-2212	199
-2209	196
-2207	194
-2205	191
-2200	190
-2197	188
-2195	186
-2193	183
-2190	181
-2188	178
-2187	175
-2186	171
-2184	168
-2182	166
-2181	162
-2179	159
-2177	156
-2175	154
-2173	151
-2172	147
-2171	144
-2170	141
-2169	137
-2168	133
-2166	131
-2166	126
-2164	123
-2161	122
-2158	120
-2157	116
-2157	112
-2156	108
-2154	105
-2154	101
-2152	98
-2151	95
-2148	92
-2146	90
-2144	87
-2144	83
-2145	78
-2143	75
-2141	72
-2140	68
-2139	65
-2137	62
-2134	60
-2132	57
-2133	52
-2131	49
-2130	46
-2129	42
-2127	39
-2126	36
-2124	32
-2124	28
-2122	25
-2118	24
-2114	23
-2115	18
-2116	12
-2115	9
-2112	6
-2110	4
-2111	-2
-2109	-4
-2107	-8
-2106	-11
-2104	-14
-2102	-17
-2100	-20
-2099	-23
-2098	-27
-2096	-30
-2095	-33
-2097	-40
-2096	-43
-2093	-45
-2091	-49
-2090	-53
-2087	-55
-2088	-60
-2086	-62
-2084	-66
-2080	-66
-2079	-70
-2080	-76
-2078	-79
-2077	-82
-2074	-84
-2072	-87
-2071	-91
-2071	-96
-2069	-99
-2069	-103
-2064	-104
-2062	-107
-2064	-113
-2061	-116
-2061	-120
-2059	-123
-2060	-129
-2058	-132
-2057	-136
-2054	-138
-2051	-140
-2051	-145
-2047	-146
-2046	-149
-2046	-154
-2045	-158
-2041	-160
-2037	-160
-2032	-160
-2026	-160
-2018	-157
-2014	-158
-2011	-160
-2009	-163
-2006	-165
-2002	-166
-1995	-164
-1989	-163
-1986	-166
-1985	-169
-1979	-169
-1970	-165
-1967	-167
-1967	-171
-1965	-174
-1950	-164
-1946	-165
-1942	-166
-1938	-168
-1935	-169
-1931	-170
-1930	-173
-1927	-175
-1923	-177
-1921	-179
-1916	-179
-1910	-178
-1900	-172
-1889	-167
-1881	-164
-1875	-162
-1872	-163
-1869	-165
-1865	-166
-1860	-166
-1856	-166
-1849	-164
-1844	-164
-1844	-169
-1841	-171
-1838	-172
-1836	-175
-1832	-176
-1829	-178
-1828	-181
-1825	-183
-1818	-180
-1805	-172
-1799	-170
-1796	-172
-1794	-175
-1791	-176
-1782	-171
-1778	-171
-1772	-171
-1765	-168
-1758	-165
-1750	-161
-1743	-158
-1738	-157
-1735	-159
-1725	-153
-1717	-149
-1710	-145
-1704	-144
-1700	-144
-1699	-147
-1696	-149
-1693	-151
-1690	-152
-1688	-154
-1686	-157
-1684	-160
-1683	-164
-1681	-167
-1679	-170
-1678	-172
-1677	-176
-1674	-178
-1672	-181
-1669	-182
-1662	-179
-1657	-178
-1654	-179
-1652	-182
-1649	-184
-1646	-185
-1643	-186
-1637	-185
-1630	-181
-1626	-181
-1619	-178
-1615	-178
-1612	-179
-1609	-181
-1605	-180
-1602	-182
-1598	-182
-1592	-180
-1589	-181
-1582	-178
-1567	-164
-1576	-180
-1571	-179
-1566	-178
-1563	-179
-1560	-180
-1557	-182
-1558	-188
-1550	-182
-1539	-173
-1533	-171
-1529	-172
-1526	-173
-1522	-173
-1516	-170
-1512	-170
-1509	-171
-1507	-173
-1503	-173
-1501	-176
-1498	-177
-1495	-178
-1492	-178
-1489	-180
-1485	-180
-1481	-179
-1478	-180
-1474	-181
-1467	-176
-1459	-172
-1456	-172
-1461	-184
-1458	-185
-1456	-187
-1453	-188
-1448	-186
-1445	-188
-1442	-188
-1440	-192
-1437	-193
-1433	-192
-1430	-193
-1426	-193
-1423	-194
-1419	-194
-1416	-194
-1413	-195
-1409	-196
-1406	-196
-1401	-194
-1396	-193
-1393	-193
-1389	-193
-1385	-192
-1380	-191
-1375	-189
-1373	-191
-1370	-192
-1366	-191
-1362	-190
-1359	-191
-1357	-195
-1354	-195
-1343	-184
-1335	-177
-1329	-175
-1325	-173
-1322	-174
-1319	-175
-1316	-176
-1312	-176
-1310	-177
-1308	-180
-1305	-181
-1303	-183
-1300	-185
-1297	-185
-1294	-186
-1293	-189
-1291	-192
-1282	-183
-1275	-178
-1272	-178
-1269	-180
-1266	-180
-1262	-180
-1259	-180
-1256	-180
-1253	-181
-1247	-178
-1244	-177
-1242	-180
-1239	-180
-1235	-179
-1231	-179
-1227	-178
-1222	-176
-1219	-176
-1216	-176
-1212	-176
-1210	-177
-1207	-178
-1204	-179
-1200	-178
-1196	-177
-1193	-177
-1190	-179
-1186	-178
-1182	-176
-1178	-174
-1177	-178
-1174	-178
-1171	-180
-1168	-179
-1164	-179
-1161	-179
-1157	-178
-1153	-177
-1149	-175
-1147	-178
-1145	-179
-1141	-178
-1136	-176
-1134	-177
-1132	-179
-1128	-179
-1124	-178
-1121	-178
-1118	-177
-1114	-177
-1111	-177
-1108	-177
-1105	-178
-1102	-178
-1099	-178
-1096	-178
-1093	-179
-1089	-178
-1086	-179
-1083	-178
-1080	-178
-1077	-178
-1074	-179
-1071	-179
-1067	-179
-1064	-179
-1062	-180
-1059	-180
-1056	-180
-1052	-180
-1050	-181
-1047	-181
-1043	-179
-1040	-180
-1036	-179
-1034	-181
-1031	-181
-1027	-180
-1024	-180
-1021	-180
-1019	-181
-1015	-179
-1011	-179
-1008	-179
-1004	-177
-1001	-176
-998	-177
-996	-179
-994	-180
-991	-180
-988	-181
-986	-183
-983	-183
-980	-183
-978	-185
-976	-187
-973	-188
-970	-187
-966	-185
-962	-183
-959	-182
-930	-129
-927	-128
-925	-130
-923	-132
-920	-133
-918	-135
-917	-139
-917	-146
-917	-150
-915	-153
-912	-153
-907	-148
-900	-139
-895	-134
-891	-133
-889	-133
-886	-134
-884	-137
-884	-141
-884	-149
-885	-157
-883	-160
-877	-153
-872	-147
-868	-145
-864	-143
-862	-143
-859	-144
-857	-145
-854	-146
-778	0
-775	0
-772	2
-769	2
-766	3
-764	3
-762	1
-759	1
-756	2
-754	1
-752	1
-749	1
-746	1
-744	0
-741	1
-738	3
-736	1
-734	-0
-733	-3
-735	-15
-734	-18
-729	-13
-724	-7
-721	-6
-721	-11
-720	-17
-719	-20
-719	-27
-745	-131
-744	-135
-743	-140
-741	-141
-739	-142
-736	-143
-734	-144
-732	-146
-729	-146
-727	-147
-724	-147
-722	-148
-720	-150
-717	-150
-715	-151
-712	-152
-710	-154
-707	-153
-705	-154
-703	-156
-700	-155
-697	-156
-695	-157
-692	-157
-690	-156
-687	-157
-685	-158
-683	-160
-682	-165
-680	-167
-675	-162
-670	-155
-668	-156
-665	-155
-661	-152
-658	-151
-655	-149
-652	-149
-650	-150
-647	-148
-643	-145
-640	-144
-638	-145
-636	-148
-634	-148
-631	-148
-629	-149
-627	-153
-626	-157
-624	-160
-622	-162
-619	-160
-614	-152
-610	-148
-607	-146
-604	-147
-602	-147
-600	-149
-599	-154
-599	-164
-598	-171
-597	-174
-592	-167
-587	-159
-584	-157
-581	-158
-579	-158
-577	-159
-574	-159
-571	-158
-569	-158
-566	-159
-564	-159
-561	-160
-560	-164
-559	-169
-557	-175
-555	-177
-553	-177
-550	-176
-548	-179
-548	-189
-545	-188
-543	-188
-540	-187
-539	-193
-536	-192
-532	-187
-529	-184
-526	-184
-523	-184
-521	-184
-518	-184
-516	-184
-513	-184
-511	-184
-508	-184
-505	-184
-503	-184
-500	-185
-498	-185
-496	-187
-493	-186
-490	-185
-487	-185
-485	-185
-482	-185
-479	-183
-477	-184
-474	-184
-472	-186
-470	-185
-467	-184
-464	-184
-461	-183
-459	-184
-457	-185
-454	-185
-451	-184
-449	-184
-446	-183
-444	-184
-441	-184
-438	-183
-436	-183
-433	-184
-431	-184
-429	-185
-426	-184
-423	-185
-421	-184
-418	-185
-416	-184
-413	-184
-411	-184
-408	-185
-406	-185
-403	-183
-400	-183
-398	-184
-395	-184
-393	-183
-390	-184
-388	-184
-385	-184
-383	-184
-380	-183
-378	-184
-375	-184
-373	-185
-370	-183
-368	-183
-365	-183
-363	-183
-360	-185
-358	-185
-355	-184
-353	-184
-350	-183
-348	-183
-345	-182
-342	-182
-340	-183
-338	-183
-335	-183
-333	-185
-330	-184
-328	-184
-325	-182
-322	-182
-320	-183
-318	-184
-315	-183
-313	-184
-310	-183
-308	-183
-305	-184
-303	-184
-300	-182
-298	-182
-295	-182
-293	-183
-290	-183
-287	-181
-285	-180
-282	-178
-280	-177
-277	-175
-274	-175
-272	-176
-270	-178
-267	-178
-265	-178
-263	-180
-260	-181
-258	-182
-255	-182
-253	-182
-250	-181
-248	-180
-245	-180
-243	-183
-241	-183
-238	-183
-236	-183
-233	-183
-231	-183
-228	-182
-226	-181
-223	-181
-221	-182
-218	-182
-216	-183
-214	-182
-211	-182
-209	-183
-206	-182
-204	-182
-201	-182
-199	-182
-196	-182
-194	-182
-191	-182
-189	-182
-186	-182
-184	-181
-182	-181
-179	-183
-177	-182
-174	-182
-172	-183
-169	-182
-167	-182
-164	-182
-162	-183
-160	-183
-157	-182
-155	-182
-152	-182
-150	-182
-147	-181
-145	-181
-142	-182
-140	-183
-137	-183
-135	-182
-133	-183
-130	-182
-128	-182
-125	-182
-123	-182
-120	-182
-118	-182
-115	-181
-113	-183
-111	-184
-108	-184
-106	-184
-103	-183
-101	-182
-98	-182
-96	-182
-93	-182
-91	-183
-89	-182
-86	-181
-84	-181
-81	-181
-79	-181
-76	-181
-74	-180
-71	-180
-67	-181
-64	-181
-62	-181
-59	-181
-57	-182
-54	-181
-52	-181
-49	-181
-47	-180
-45	-180
-42	-181
-40	-182
-37	-182
-35	-182
-32	-181
-30	-181
-27	-181
-25	-181
-23	-181
-20	-182
-18	-182
-15	-182
-13	-182
-10	-180
-8	-180
-5	-180
-3	-181
-1	-180
2	-180
4	-181
7	-181
9	-181
12	-181
14	-182
17	-183
19	-182
22	-182
24	-182
26	-181
29	-181
31	-180
34	-181
36	-182
39	-181
41	-181
44	-182
46	-182
49	-182
51	-181
53	-182
56	-182
58	-182
61	-182
63	-183
66	-183
68	-183
71	-182
73	-182
76	-182
78	-182
80	-182
83	-182
85	-182
88	-182
90	-182
93	-182
95	-183
98	-183
100	-182
103	-182
105	-183
108	-182
110	-182
112	-182
115	-182
117	-183
120	-182
122	-183
125	-184
127	-183
130	-183
132	-184
135	-183
137	-185
140	-184
142	-184
145	-183
147	-182
150	-182
152	-184
155	-184
157	-182
159	-182
162	-183
165	-183
167	-183
169	-183
172	-183
175	-183
177	-183
179	-183
182	-183
184	-183
187	-183
189	-183
192	-184
194	-183
197	-182
200	-184
202	-184
204	-183
207	-184
210	-185
212	-184
214	-184
217	-182
219	-181
222	-182
224	-181
227	-181
229	-182
232	-183
235	-184
237	-184
239	-183
242	-183
244	-183
247	-184
250	-184
252	-184
255	-184
257	-184
259	-183
262	-182
265	-183
267	-183
270	-185
272	-183
275	-183
277	-183
280	-184
283	-185
285	-184
287	-184
290	-183
292	-183
295	-182
297	-183
300	-183
302	-182
305	-181
307	-182
310	-182
313	-183
315	-181
318	-182
320	-182
323	-183
325	-182
328	-182
330	-181
333	-182
336	-183
338	-184
341	-183
343	-183
346	-183
349	-184
351	-184
353	-182
356	-183
359	-182
361	-182
363	-181
366	-182
369	-183
372	-183
374	-183
377	-183
379	-182
381	-181
384	-182
387	-182
390	-184
392	-184
395	-182
398	-183
400	-184
403	-183
405	-182
408	-182
410	-182
413	-182
415	-181
418	-181
421	-183
424	-184
426	-184
429	-184
431	-183
434	-182
436	-182
439	-183
442	-184
445	-185
448	-185
450	-184
452	-184
455	-183
458	-184
461	-185
463	-184
466	-183
468	-183
471	-183
473	-183
476	-184
479	-183
481	-183
484	-184
487	-183
489	-182
492	-182
495	-183
497	-183
500	-183
503	-183
505	-182
508	-182
510	-180
513	-182
516	-183
519	-183
522	-184
524	-183
527	-183
529	-182
532	-183
534	-181
537	-182
540	-181
543	-183
546	-184
548	-183
550	-181
553	-179
555	-179
558	-178
559	-175
560	-170
562	-167
564	-164
565	-160
567	-159
569	-156
571	-153
573	-152
577	-154
578	-152
580	-148
581	-143
584	-143
588	-149
594	-159
600	-168
601	-161
600	-151
601	-147
604	-147
606	-146
608	-145
611	-144
615	-147
620	-155
625	-159
626	-156
628	-153
629	-150
632	-148
634	-147
636	-146
639	-146
641	-146
644	-145
647	-145
649	-145
652	-145
655	-146
658	-147
663	-151
666	-152
669	-153
672	-154
676	-157
680	-158
683	-159
685	-158
687	-156
690	-155
693	-155
695	-155
698	-155
701	-155
704	-155
706	-154
709	-153
711	-152
714	-152
716	-150
718	-149
721	-148
723	-148
726	-147
728	-146
731	-146
734	-146
736	-145
739	-143
740	-141
742	-139
744	-137
745	-132
746	-128
747	-123
747	-118
748	-113
747	-106
722	-26
721	-19
722	-14
721	-7
722	-3
724	-1
726	0
729	0
732	0
733	2
736	3
739	2
742	1
746	-1
773	-1
775	1
777	2
780	3
914	-241
867	-142
871	-145
876	-149
885	-160
888	-159
889	-155
888	-148
888	-143
889	-139
891	-137
894	-135
897	-135
900	-136
907	-143
915	-152
920	-156
922	-154
920	-145
921	-140
922	-136
924	-135
927	-134
929	-133
932	-133
935	-133
938	-133
943	-135
975	-187
977	-186
980	-184
981	-180
982	-177
983	-173
987	-176
993	-180
999	-185
1001	-182
1003	-180
1006	-180
1009	-180
1013	-181
1017	-182
1020	-181
1023	-181
1025	-179
1029	-180
1032	-180
1035	-179
1038	-179
1041	-178
1044	-178
1048	-179
1051	-178
1054	-178
1058	-179
1061	-179
1065	-179
1069	-180
1072	-179
1075	-180
1079	-181
1083	-181
1085	-179
1088	-179
1093	-182
1097	-182
1100	-181
1102	-180
1104	-178
1108	-178
1113	-180
1117	-181
1120	-180
1121	-178
1124	-177
1128	-177
1132	-178
1136	-178
1139	-178
1143	-180
1147	-180
1151	-181
1154	-180
1157	-179
1160	-179
1163	-178
1167	-179
1170	-178
1175	-180
1179	-181
1183	-181
1185	-179
1188	-178
1192	-179
1197	-181
1201	-182
1205	-183
1208	-181
1211	-180
1214	-180
1218	-180
1221	-180
1225	-180
1229	-181
1232	-180
1235	-179
1239	-180
1243	-181
1246	-180
1251	-181
1254	-180
1257	-180
1258	-176
1260	-174
1263	-172
1265	-169
1266	-167
1268	-164
1270	-162
1272	-159
1274	-157
1277	-157
1280	-155
1284	-155
1299	-171
1305	-174
1305	-169
1305	-164
1305	-159
1308	-158
1311	-157
1314	-156
1316	-154
1318	-151
1321	-149
1324	-148
1326	-147
1328	-145
1331	-144
1340	-151
1349	-157
1353	-157
1355	-155
1357	-152
1360	-151
1363	-150
1366	-150
1369	-148
1372	-147
1375	-146
1378	-145
1381	-143
1383	-141
1386	-140
1387	-136
1389	-133
1390	-131
1392	-128
1394	-125
1396	-123
1398	-121
1402	-120
1408	-123
1416	-128
1421	-129
1422	-127
1426	-126
1432	-129
1444	-139
1444	-133
1444	-128
1445	-125
1447	-122
1449	-120
1452	-119
1456	-119
1459	-118
1462	-117
1467	-118
1473	-120
1480	-124
1486	-126
1488	-123
1486	-116
1489	-114
1491	-112
1494	-111
1497	-110
1501	-109
1504	-108
1506	-106
1509	-104
1516	-108
1527	-116
1540	-125
1543	-125
1547	-123
1548	-120
1551	-118
1555	-118
1558	-117
1561	-116
1565	-115
1568	-114
1572	-114
1576	-113
1579	-112
1586	-115
1598	-123
1607	-128
1609	-126
1612	-124
1611	-118
1612	-114
1614	-112
1616	-110
1619	-108
1622	-106
1625	-104
1631	-107
1638	-109
1645	-112
1651	-113
1654	-112
1656	-109
1659	-108
1663	-107
1666	-106
1670	-105
1678	-109
1683	-109
1688	-110
1696	-113
1704	-117
1709	-117
1713	-116
1717	-115
1719	-112
1721	-110
1723	-107
1723	-103
1724	-99
1725	-95
1727	-93
1736	-97
1742	-99
1745	-97
1748	-95
1755	-97
1765	-102
1770	-103
1773	-100
1776	-99
1781	-99
1788	-101
1796	-104
1797	-101
1800	-98
1805	-99
1814	-102
1818	-101
1819	-98
1822	-96
1827	-96
1834	-98
1840	-99
1848	-102
1854	-103
1860	-103
1861	-100
1864	-98
1871	-100
1884	-107
1887	-105
1888	-101
1889	-98
1891	-95
1893	-92
1896	-90
1901	-90
1908	-91
1917	-95
1920	-93
1926	-94
1932	-94
1935	-92
1936	-89
1937	-85
1940	-82
1943	-81
1947	-80
1953	-80
1960	-82
1968	-84
1975	-85
1978	-83
1982	-82
1984	-79
1984	-74
1984	-70
1986	-67
1988	-64
1990	-61
1993	-59
1996	-57
2001	-56
2012	-61
2032	-73
2054	-87
2056	-84
2059	-81
2061	-79
2065	-77
2069	-76
2073	-74
2076	-73
2083	-73
2092	-76
2099	-77
2106	-78
2111	-78
2114	-75
2117	-72
2125	-75
2129	-73
2134	-72
2135	-68
2139	-67
2148	-69
2154	-69
2159	-69
2160	-65
2160	-60
2163	-58
2167	-56
2168	-52
2170	-49
2173	-46
2176	-44
2181	-43
2186	-43
2196	-46
2214	-55
2230	-62
2234	-60
2238	-59
2241	-56
2242	-53
2245	-50
2254	-52
2260	-52
2264	-50
2267	-48
2272	-46
2275	-44
2280	-43
2281	-39
2280	-33
2278	-27
2278	-23
2282	-21
2288	-21
2292	-18
2293	-14
2294	-11
2289	-2
2287	4
2295	3
2297	6
2298	10
2299	14
2300	18
2296	25
2295	30
2297	34
2299	37
2301	40
2302	44
2301	49
2300	55
2296	62
2298	65
2299	69
2301	72
2302	76
2301	81
2301	86
2302	89
2304	93
2305	97
2306	100
2309	103
2306	109
2304	115
2306	118
2309	121
2310	125
2309	130
2310	134
2310	138
2310	142
2313	145
2313	149
2314	153
2313	158
2314	162
2314	166
2315	170
2317	173
2319	176
2320	180
2320	184
2319	189
2317	195
2317	199
2317	203
2317	208
2316	212
2318	216
2322	218
2325	220
2325	224
2325	229
2326	232
2329	235
2330	239
2329	243
2329	247
2331	250
2332	254
2332	258
2332	263
2332	267
2334	270
2335	273
2336	278
2338	280
2341	283
2341	287
2342	291
2342	295
2341	299
2342	303
2342	307
2344	310
2345	314
2345	318
2344	323
2344	327
2346	330
2350	332
2351	335
2352	339
2351	344
2351	348
2351	352
2351	356
2353	359
2356	362
2357	366
2358	369
2357	374
2358	377
2360	380
2361	384
2362	387
2363	391
2363	395
2364	398
2364	402
2364	407
2363	411
2364	415
2366	417
2368	421
2369	424
2369	428
2370	432
2374	434
2374	438
2376	441
2377	444
2376	449
2376	453
2376	457
2377	460
2379	463
2380	467
2380	471
2380	475
2382	478
2385	480
2384	485
2382	489
2384	493
2386	496
2385	500
2385	504
2388	506
2389	510
2389	514
2391	517
2391	521
2392	525
2394	527
2396	530
2399	533
2403	535
2408	536
2412	538
2416	541
2419	543
2423	545
2424	549
2421	554
2421	558
2424	561
2425	564
2426	568
2429	570
2429	574
2427	579
2425	583
2428	586
2431	589
2433	592
2437	594
2438	597
2439	601
2440	604
2441	608
2442	611
2442	615
2443	619
2441	623
2442	627
2446	629
2445	633
2446	637
2445	641
2445	645
2444	649
2445	652
2448	655
2449	658
2447	663
2447	667
2447	671
2448	674
2450	677
2450	681
2451	684
2453	688
2452	692
2454	694
2457	697
2458	701
2459	704
2459	708
2459	712
2459	715
2459	719
2457	724
2457	727
2461	730
2462	733
2464	736
2463	740
2465	744
2463	748
2463	752
2465	755
2468	757
2469	761
2466	765
2467	769
2466	773
2469	776
2471	779
2471	782
2471	786
2470	790
2470	794
2471	797
2472	801
2473	804
2473	808
2474	811
2475	815
2478	817
2477	821
2478	825
2478	829
2479	832
2478	836
2478	839
2479	843
2480	846
2480	850
2482	853
2484	856
2484	860
2483	864
2485	867
2484	871
2484	874
2485	878
2486	881
2488	884
2488	888
2489	891
2490	895
2490	898
2491	902
2491	905
2492	909
2495	911
2496	915
2494	919
2495	922
2495	926
2496	929
2498	932
2500	935
2501	939
2502	942
2503	945
2503	949
2501	953
2508	955
2507	959
2508	962
2507	966
2507	970
2508	973
2507	977
2508	980
2509	984
2510	987
2511	990
2512	994
2514	997
2514	1000
2514	1004
2514	1008
2514	1011
2514	1015
2515	1018
2515	1022
2515	1025
2516	1029
2517	1032
2518	1035
2518	1039
2518	1043
2517	1046
2520	1049
2520	1053
2521	1056
2518	1060
2518	1064
2517	1068
2518	1071
2521	1074
2523	1077
2523	1081
2523	1084
2523	1088
2523	1091
2524	1095
2524	1098
2524	1102
2527	1105
2528	1108
2528	1112
2527	1115
2527	1119
2527	1122
2527	1126
2530	1129
2530	1132
2531	1136
2532	1139
2531	1143
2531	1146
2532	1150
2532	1153
2532	1157
2534	1160
2534	1163
2534	1167
2537	1170
2537	1174
2537	1177
2538	1180
2539	1184
2539	1187
2541	1190
2541	1194
2541	1197
2539	1201
2539	1205
2540	1208
2541	1212
2541	1215
2542	1218
2540	1222
2538	1226
2540	1229
2539	1233
2540	1236
2542	1240
2543	1243
2543	1246
2543	1250
2543	1253
2544	1257
2545	1260
2547	1263
2548	1267
2549	1270
2548	1274
2548	1277
2548	1281
2548	1284
2549	1287
2551	1291
2550	1294
2551	1298
2550	1301
2550	1305
2550	1308
2553	1311
2554	1315
2555	1318
2553	1322
2553	1325
2552	1329
2553	1332
2552	1336
2553	1339
2553	1343
2555	1346
2554	1350
2553	1353
2554	1357
2555	1360
2556	1363
2556	1367
2558	1370
2558	1373
2557	1377
2557	1380
2558	1384
2559	1387
2558	1391
2558	1394
2560	1398
2560	1401
2559	1405
2560	1408
2561	1411
2563	1415
2563	1418
2563	1421
2564	1425
2564	1428
2563	1432
2564	1435
2565	1439
2565	1442
2567	1445
2566	1449
2565	1453
2565	1456
2567	1459
2567	1463
2568	1466
2569	1470
2569	1473
2570	1476
2570	1480
2570	1483
2571	1487
2570	1490
2570	1494
2570	1497
2570	1501
2570	1504
2569	1508
2571	1511
2571	1514
2571	1518
2572	1521
2572	1525
2571	1528
2572	1532
2572	1535
2571	1539
2573	1542
2575	1545
2575	1549
2575	1552
2576	1556
2576	1559
2577	1563
2578	1566
2579	1569
2579	1573
2578	1576
2576	1580
2577	1583
2578	1587
2580	1590
2581	1594
2581	1597
2583	1600
2588	1604
2587	1607
2582	1611
2584	1614
2586	1618
2588	1621
2589	1625
2589	1628
2590	1631
2589	1635
2588	1638
2588	1642
2589	1645
2590	1649
2591	1652
2592	1656
2593	1659
2592	1663
2592	1666
2593	1670
