2685	1666
2687	1670
2687	1674
2687	1677
2687	1681
2684	1684
2686	1692
2689	1695
2688	1699
2689	1702
2689	1706
2689	1710
2689	1713
2691	1717
2692	1720
2692	1724
2690	1728
2689	1731
2689	1735
2689	1738
2690	1742
2693	1746
2695	1749
2694	1753
2693	1757
2693	1760
2695	1764
2697	1767
2698	1771
2697	1775
2696	1778
2695	1782
2696	1785
2697	1789
2699	1793
2699	1796
2701	1800
2700	1804
2699	1807
2700	1811
2699	1815
2700	1818
2701	1822
2701	1826
2702	1829
2701	1833
2700	1836
2702	1840
2703	1844
2704	1847
2704	1851
2704	1855
2704	1858
2706	1862
2706	1866
2705	1869
2706	1873
2707	1877
2708	1880
2707	1884
2707	1888
2707	1891
2707	1895
2706	1899
2707	1902
2710	1906
2710	1910
2710	1914
2710	1917
2710	1921
2709	1924
2709	1928
2710	1932
2710	1935
2711	1939
2711	1943
2711	1947
2712	1950
2712	1954
2712	1958
2713	1961
2713	1965
2714	1969
2714	1972
2713	1976
2712	1980
2712	1983
2711	1987
2713	1991
2714	1995
2718	1999
2718	2002
2717	2006
2718	2010
2719	2014
2719	2017
2719	2021
2720	2025
2722	2029
2721	2032
2722	2036
2722	2040
2725	2044
2724	2048
2723	2051
2722	2055
2723	2058
2723	2062
2724	2066
2723	2070
2725	2074
2725	2077
2726	2081
2726	2085
2726	2089
2725	2092
2726	2096
2727	2100
2727	2104
2728	2108
2727	2111
2727	2115
2727	2119
2729	2123
2729	2127
2728	2130
2729	2134
2730	2138
2731	2142
2731	2146
2731	2149
2731	2153
2732	2157
2731	2161
2731	2164
2731	2168
2732	2172
2731	2176
2731	2180
2734	2184
2734	2188
2735	2192
2735	2195
2734	2199
2734	2203
2736	2207
2736	2211
2735	2214
2735	2218
2735	2222
2735	2226
2734	2229
2735	2233
2735	2237
2736	2241
2736	2245
2737	2249
2737	2253
2737	2256
2737	2260
2738	2264
2737	2268
2737	2272
2738	2276
2738	2280
2739	2284
2739	2287
2739	2291
2740	2295
2741	2300
2742	2303
2743	2308
2742	2311
2741	2315
2741	2319
2741	2323
2741	2327
2742	2330
2742	2334
2742	2338
2743	2342
2745	2347
2745	2351
2746	2355
2747	2359
2747	2363
2747	2367
2749	2371
2748	2375
2748	2378
2747	2382
2747	2386
2747	2390
2748	2394
2748	2398
2749	2402
2750	2406
2751	2411
2751	2415
2751	2418
2751	2422
2751	2426
2751	2430
2751	2434
2751	2438
2751	2442
2751	2446
2751	2450
2751	2454
2751	2458
2752	2462
2753	2466
2753	2470
2754	2475
2753	2478
2753	2482
2753	2486
2753	2490
2753	2494
2753	2498
2753	2502
2753	2506
2755	2511
2754	2515
2754	2519
2754	2523
2752	2526
2753	2530
2756	2535
2756	2539
2755	2543
2756	2547
2756	2551
2756	2555
2756	2559
2755	2563
2754	2567
2756	2572
2757	2576
2758	2580
2756	2584
2757	2588
2757	2592
2759	2597
2757	2600
2758	2605
2759	2609
2758	2613
2759	2617
2760	2622
2761	2626
2760	2630
2759	2634
2758	2637
2757	2641
2757	2645
2757	2650
2756	2653
2758	2658
2759	2663
2760	2667
2760	2671
2760	2675
2758	2679
2757	2683
2757	2687
2756	2691
2757	2695
2756	2699
2757	2703
2758	2708
2757	2712
2758	2716
2757	2720
2757	2724
2758	2729
2759	2733
2758	2737
2758	2742
2758	2746
2758	2750
2758	2754
2758	2758
2758	2763
2759	2767
2758	2771
2758	2775
2758	2780
2760	2785
2759	2789
2759	2793
2758	2797
2759	2801
2760	2806
2759	2810
2760	2814
2760	2819
2760	2823
2760	2827
2760	2832
2760	2836
2759	2840
2760	2844
2761	2849
2760	2853
2761	2858
2761	2862
2761	2867
2761	2871
2762	2876
2761	2880
2760	2884
2760	2888
2759	2892
2759	2896
2761	2901
2759	2905
2760	2910
2761	2915
2762	2920
2763	2924
2763	2929
2762	2933
2763	2938
2763	2942
2762	2946
2761	2950
2761	2955
2761	2959
2761	2963
2761	2968
2761	2972
2764	2978
2764	2983
2763	2987
2763	2991
2762	2995
2763	3000
2762	3004
2762	3009
2762	3013
2761	3017
2761	3022
2761	3026
2761	3031
2760	3035
2760	3040
2761	3045
2761	3049
2761	3053
2761	3058
2760	3062
2761	3067
2760	3071
2760	3076
2760	3080
2760	3085
2759	3089
2759	3094
2759	3099
2760	3104
2760	3108
2760	3113
2760	3117
2761	3122
2761	3127
2760	3131
2758	3135
2747	3134
2718	3124
2708	3123
2702	3125
2699	3127
2697	3131
2697	3136
2698	3141
2700	3147
2727	3166
2751	3183
2759	3192
2758	3196
2758	3201
2757	3205
2758	3210
2758	3215
2758	3220
2759	3225
2758	3230
2758	3235
2758	3239
2758	3244
2757	3248
2761	3255
2759	3259
2759	3264
2759	3269
2758	3273
2758	3278
2758	3283
2758	3288
2758	3292
2758	3298
2757	3302
2758	3307
2757	3312
2757	3316
2756	3321
2758	3327
2758	3332
2758	3337
2756	3341
2757	3346
2756	3351
2756	3356
2756	3360
2754	3364
2753	3369
2751	3373
2751	3378
2755	3385
2755	3390
2753	3394
2751	3397
2750	3402
2749	3406
2749	3412
2750	3417
2750	3423
2751	3428
2750	3433
2749	3437
2748	3442
2747	3446
2745	3450
2745	3455
2743	3459
2743	3464
2742	3468
2742	3474
2742	3479
2742	3484
2741	3489
2739	3493
2738	3497
2736	3501
2735	3505
2735	3511
2734	3515
2734	3520
2732	3524
2732	3530
2735	3537
2734	3541
2733	3546
2732	3551
2732	3556
2731	3561
2729	3565
2728	3570
2727	3574
2726	3578
2725	3583
2724	3588
2723	3593
2723	3598
2722	3602
2722	3608
2721	3613
2721	3618
2720	3623
2720	3628
2720	3633
2718	3638
2717	3642
2716	3647
2715	3652
2713	3656
2712	3661
2711	3665
2709	3669
2708	3674
2709	3681
2710	3687
2709	3691
2706	3695
2706	3700
2705	3705
2703	3710
2702	3714
2702	3720
2701	3725
2700	3729
2699	3734
2695	3737
2693	3741
2692	3746
2694	3753
2693	3758
2692	3762
2691	3768
2691	3773
2689	3777
2687	3782
2686	3786
2685	3791
2684	3796
2680	3799
2676	3802
2675	3807
2676	3813
2677	3820
2674	3823
2674	3829
2672	3833
2672	3839
2671	3844
2669	3848
2667	3853
2665	3857
2663	3861
2660	3865
2658	3869
2659	3875
2660	3882
2657	3886
2655	3890
2655	3895
2655	3901
2655	3908
2654	3912
2651	3916
2650	3921
2648	3926
2646	3930
2644	3934
2644	3940
2643	3945
2640	3949
2640	3954
2640	3961
2639	3966
2638	3971
2637	3976
2636	3981
2636	3987
2634	3992
2632	3996
2630	4001
2630	4007
2628	4011
2627	4017
2628	4024
2627	4029
2626	4035
2626	4040
2624	4045
2622	4050
2621	4055
2619	4060
2616	4063
2614	4067
2612	4072
2612	4078
2610	4082
2590	4071
2559	4050
2551	4049
2550	4053
2546	4056
2546	4062
2592	4111
2597	4122
2596	4127
2594	4132
2592	4136
2591	4142
2590	4147
2587	4151
2586	4157
2584	4162
2582	4166
2580	4171
2579	4176
2577	4181
2575	4185
2574	4191
2572	4196
2570	4200
2569	4206
2565	4209
2564	4214
2562	4220
2561	4225
2559	4230
2558	4235
2557	4241
2556	4247
2553	4250
2551	4255
2551	4263
2550	4267
2547	4271
2546	4277
2544	4282
2541	4286
2540	4291
2538	4296
2536	4301
2533	4305
2531	4310
2530	4316
2529	4322
2528	4327
2526	4333
2526	4340
2525	4345
2526	4353
2525	4359
2523	4365
2247	4085
2243	4088
2235	4123
2233	4127
2498	4430
2490	4429
2487	4433
2485	4438
2483	4443
2481	4448
2478	4452
2475	4456
2473	4461
2470	4466
2467	4470
2466	4475
2464	4481
2462	4486
2461	4492
2458	4496
2455	4501
2452	4505
2449	4509
2447	4513
2444	4518
2441	4522
2438	4526
2436	4531
2433	4535
2430	4539
2428	4544
2424	4548
2423	4554
2420	4558
2417	4562
2415	4568
2413	4572
2410	4577
2408	4582
2405	4587
2403	4592
2398	4594
2395	4597
2391	4601
2388	4605
2385	4609
2382	4613
2379	4618
2377	4623
2374	4627
2370	4630
2367	4634
2365	4640
2363	4645
2359	4648
2356	4652
2351	4654
2348	4658
2345	4663
2341	4666
2337	4669
2334	4673
2330	4675
2326	4679
2324	4684
2321	4689
2318	4693
2315	4697
2310	4700
2306	4702
2301	4704
2298	4709
2295	4713
2292	4717
2288	4720
2285	4724
2282	4729
2278	4732
2275	4736
2272	4740
2268	4743
2265	4747
2262	4752
2259	4756
2255	4759
2251	4762
2247	4766
2243	4769
2240	4773
2237	4778
2232	4779
2227	4781
2223	4785
2222	4792
2219	4796
2215	4799
2211	4802
2207	4804
2203	4807
2200	4812
2197	4817
2195	4823
2193	4828
2190	4834
2187	4837
2183	4841
2181	4846
2178	4851
2174	4855
2171	4859
2169	4866
2166	4870
2163	4874
2160	4878
2156	4882
2152	4885
2148	4888
2144	4892
2141	4896
2139	4902
2135	4905
2133	4911
2129	4914
2125	4917
2120	4920
2116	4923
2112	4926
2108	4929
2104	4933
2100	4935
2095	4938
2091	4941
2089	4946
2085	4951
2082	4954
2077	4957
2073	4960
2069	4963
2066	4968
2062	4972
2059	4976
2055	4980
2052	4983
2048	4988
2045	4991
2040	4993
2034	4994
2029	4996
2026	5000
2021	5002
2016	5004
2010	5004
2004	5004
1999	5005
1993	5006
1990	5010
1987	5015
1985	5022
1981	5025
1977	5028
1973	5031
1969	5034
1964	5036
1960	5039
1955	5042
1950	5044
1946	5046
1942	5049
1938	5053
1934	5056
1929	5059
1925	5061
1920	5063
1916	5065
1911	5067
1907	5071
1903	5075
1899	5078
1896	5082
1892	5085
1888	5089
1883	5091
1878	5093
1874	5096
1870	5099
1865	5100
1860	5103
1856	5106
1852	5109
1847	5111
1843	5114
1839	5117
1835	5122
1831	5124
1826	5126
1822	5129
1817	5131
1813	5134
1809	5137
1804	5140
1799	5140
1793	5141
1789	5143
1784	5146
1779	5147
1775	5151
1772	5156
1770	5162
1765	5164
1759	5164
1755	5167
1751	5170
1747	5174
1743	5177
1738	5179
1734	5182
1729	5184
1724	5185
1719	5187
1714	5189
1710	5192
1706	5196
1702	5200
1698	5202
1694	5206
1689	5207
1684	5209
1680	5212
1675	5214
1671	5218
1667	5221
1662	5223
1658	5225
1653	5227
1648	5230
1644	5232
1639	5234
1634	5236
1630	5239
1626	5243
1622	5246
1617	5249
1613	5251
1609	5254
1604	5256
1599	5259
1594	5261
1590	5263
1585	5265
1580	5266
1575	5268
1570	5270
1565	5271
1561	5275
1557	5278
1552	5280
1548	5282
1542	5283
1537	5284
1533	5287
1528	5290
1524	5293
1520	5296
1515	5298
1510	5300
1506	5302
1500	5303
1495	5304
1490	5304
1485	5306
1480	5308
1475	5309
1471	5312
1467	5317
1463	5321
1458	5323
1453	5322
1447	5322
1442	5324
1437	5325
1432	5327
1427	5328
1422	5330
1417	5330
1412	5331
1407	5332
1401	5332
1396	5333
1392	5336
1387	5338
1382	5339
1377	5341
1372	5344
1368	5347
1363	5348
1358	5350
1354	5353
1349	5355
1344	5357
1340	5360
1334	5360
1330	5362
1325	5363
1320	5365
1315	5367
1311	5370
1306	5370
1300	5371
1296	5373
1290	5373
1285	5373
1279	5373
1274	5373
1268	5371
1263	5372
1257	5373
1253	5375
1248	5377
1243	5379
1239	5382
1235	5385
1230	5389
1226	5392
1222	5395
1218	5400
1214	5403
1209	5407
1205	5410
1202	5416
1197	5418
1191	5418
1186	5419
1181	5420
1176	5421
1172	5424
1167	5426
1162	5429
1158	5431
1153	5434
1148	5436
1143	5437
1139	5440
1134	5442
1129	5444
1124	5445
1119	5447
1115	5448
1109	5449
1104	5451
1100	5454
1095	5456
1090	5457
1085	5458
1080	5459
1076	5463
1071	5464
1066	5465
1060	5465
1055	5466
1050	5468
1045	5469
1040	5471
1036	5472
1031	5475
1026	5476
1021	5478
1016	5479
1011	5481
1006	5483
1001	5483
996	5485
991	5487
987	5489
981	5489
976	5490
971	5491
966	5493
961	5493
956	5493
950	5493
945	5494
940	5496
935	5496
930	5497
925	5498
920	5498
915	5500
910	5501
905	5503
899	5502
894	5503
890	5505
884	5506
879	5507
875	5509
869	5508
864	5509
859	5509
854	5510
849	5512
843	5512
838	5513
833	5511
828	5512
823	5513
818	5515
812	5515
807	5515
802	5515
796	5513
791	5511
786	5513
781	5514
776	5516
771	5518
766	5520
761	5520
756	5519
751	5520
746	5522
741	5525
736	5526
731	5528
726	5529
721	5530
716	5531
711	5531
706	5530
700	5530
696	5532
691	5534
685	5532
680	5534
675	5534
670	5536
665	5537
660	5538
655	5539
650	5540
645	5541
640	5541
634	5539
629	5540
624	5542
620	5545
615	5546
609	5544
604	5546
599	5548
594	5549
589	5550
585	5553
579	5554
574	5552
569	5553
564	5554
559	5556
554	5559
550	5561
544	5561
539	5563
535	5566
530	5567
524	5566
519	5565
514	5564
508	5563
503	5564
499	5567
494	5571
489	5574
484	5574
479	5575
474	5574
468	5574
464	5577
459	5581
454	5582
449	5582
443	5581
438	5582
433	5584
428	5585
423	5584
418	5585
413	5587
408	5588
403	5589
398	5588
392	5587
387	5588
382	5589
377	5590
372	5592
367	5594
362	5595
357	5596
352	5598
347	5598
342	5597
336	5596
331	5597
326	5596
321	5597
316	5597
311	5596
305	5595
300	5597
295	5598
290	5598
285	5597
280	5597
275	5597
269	5598
264	5597
259	5597
254	5597
249	5598
244	5599
239	5600
234	5601
229	5603
174	5044
169	5046
165	5044
160	5040
156	5040
151	5040
147	5041
143	5039
138	5032
133	5025
128	5023
124	5015
119	5016
115	5016
111	5018
106	5022
102	5024
98	5028
94	5035
90	5040
85	5040
81	5040
77	5040
72	5042
68	5046
64	5046
59	5036
64	5598
59	5598
54	5598
49	5598
44	5599
38	5599
33	5599
28	5600
23	5599
18	5599
13	5600
8	5599
3	5595
-3	5593
-8	5592
-13	5591
-18	5591
-23	5591
-28	5593
-33	5596
-38	5595
-44	5595
-49	5595
-54	5595
-59	5595
-64	5595
-69	5595
-74	5593
-79	5592
-84	5590
-90	5588
-95	5585
-100	5581
-105	5572
-110	5569
-115	5568
-120	5568
-125	5568
-130	5569
-135	5569
-140	5569
-145	5568
-150	5568
-155	5569
-160	5565
-165	5561
-170	5559
-176	5559
-181	5560
-186	5561
-191	5561
-196	5558
-201	5555
-206	5553
-211	5553
-216	5555
-221	5554
-226	5553
-231	5555
-236	5553
-241	5550
-246	5547
-251	5545
-256	5543
-261	5543
-266	5542
-271	5542
-276	5542
-281	5542
-286	5541
-291	5542
-296	5542
-301	5538
-306	5537
-311	5536
-316	5535
-321	5534
-326	5534
-331	5532
-336	5531
-341	5529
-346	5523
-350	5518
-355	5514
-360	5511
-365	5512
-370	5512
-375	5511
-380	5512
-385	5512
-390	5513
-395	5515
-401	5516
-405	5513
-410	5512
-415	5512
-420	5512
-426	5513
-431	5512
-436	5512
-441	5511
-446	5512
-451	5510
-455	5508
-460	5505
-465	5504
-470	5503
-475	5504
-480	5503
-485	5502
-490	5501
-495	5499
-500	5497
-505	5496
-510	5495
-515	5494
-519	5492
-524	5491
-529	5491
-534	5490
-539	5488
-544	5488
-549	5488
-554	5487
-559	5486
-564	5484
-569	5482
-573	5481
-578	5479
-583	5478
-588	5478
-593	5474
-598	5473
-603	5475
-608	5476
-613	5476
-618	5476
-623	5475
-628	5473
-633	5471
-638	5470
-643	5469
-647	5466
-652	5463
-657	5462
-662	5462
-666	5460
-672	5460
-677	5461
-682	5462
-687	5463
-692	5463
-697	5462
-702	5460
-707	5458
-712	5457
-717	5457
-721	5455
-726	5453
-731	5451
-736	5449
-740	5445
-745	5443
-750	5442
-754	5440
-759	5438
-764	5438
-770	5440
-775	5442
-780	5441
-785	5439
-789	5436
-794	5433
-798	5431
-803	5427
-807	5424
-812	5422
-817	5421
-821	5419
-826	5415
-830	5412
-835	5411
-840	5412
-845	5411
-850	5409
-854	5406
-859	5404
-863	5401
-868	5398
-873	5397
-878	5396
-882	5394
-887	5392
-892	5391
-897	5390
-901	5388
-906	5386
-911	5385
-916	5386
-921	5387
-926	5384
-931	5382
-935	5381
-940	5380
-945	5380
-950	5377
-954	5374
-958	5370
-963	5367
-968	5366
-972	5365
-978	5366
-983	5367
-989	5370
-995	5375
-1001	5377
-1006	5377
-1011	5377
-1016	5377
-1021	5376
-1025	5371
-1030	5368
-1034	5367
-1039	5367
-1044	5366
-1050	5367
-1055	5367
-1060	5366
-1065	5364
-1069	5363
-1074	5362
-1079	5362
-1084	5361
-1089	5359
-1094	5358
-1099	5357
-1104	5358
-1109	5357
-1114	5355
-1119	5355
-1124	5353
-1128	5351
-1133	5348
-1137	5345
-1142	5343
-1146	5340
-1150	5336
-1154	5334
-1159	5332
-1163	5329
-1168	5327
-1173	5326
-1177	5324
-1182	5322
-1186	5318
-1191	5317
-1196	5316
-1200	5314
-1205	5311
-1209	5308
-1213	5304
-1218	5303
-1222	5300
-1227	5298
-1232	5298
-1237	5298
-1242	5297
-1247	5296
-1251	5294
-1256	5293
-1261	5292
-1267	5292
-1272	5292
-1276	5290
-1281	5288
-1286	5287
-1290	5285
-1295	5284
-1300	5281
-1304	5279
-1308	5276
-1314	5276
-1319	5276
-1324	5276
-1330	5277
-1335	5277
-1339	5275
-1344	5272
-1349	5270
-1353	5269
-1358	5267
-1363	5265
-1367	5263
-1372	5262
-1377	5260
-1382	5259
-1387	5259
-1392	5258
-1396	5256
-1400	5252
-1405	5250
-1409	5248
-1414	5245
-1418	5243
-1423	5241
-1426	5237
-1431	5234
-1436	5233
-1441	5234
-1445	5231
-1449	5227
-1454	5224
-1458	5222
-1464	5223
-1469	5224
-1475	5225
-1481	5226
-1486	5225
-1490	5222
-1495	5221
-1499	5217
-1503	5214
-1507	5210
-1511	5208
-1516	5206
-1521	5205
-1525	5202
-1528	5197
-1532	5192
-1536	5190
-1541	5189
-1545	5186
-1550	5184
-1555	5183
-1559	5180
-1564	5178
-1569	5177
-1574	5176
-1577	5172
-1581	5168
-1585	5165
-1590	5163
-1595	5162
-1599	5160
-1604	5158
-1608	5155
-1612	5152
-1617	5150
-1620	5147
-1624	5144
-1629	5142
-1633	5138
-1637	5136
-1642	5134
-1647	5132
-1651	5130
-1656	5128
-1660	5126
-1665	5124
-1669	5121
-1673	5118
-1677	5116
-1681	5112
-1685	5110
-1690	5108
-1694	5106
-1699	5104
-1703	5100
-1707	5097
-1711	5095
-1716	5093
-1719	5088
-1723	5086
-1728	5084
-1732	5082
-1737	5080
-1741	5076
-1744	5072
-1748	5069
-1752	5065
-1756	5063
-1761	5061
-1765	5058
-1769	5056
-1774	5054
-1780	5056
-1785	5055
-1789	5052
-1793	5049
-1797	5045
-1802	5043
-1806	5042
-1811	5040
-1814	5035
-1817	5030
-1821	5027
-1826	5025
-1829	5022
-1833	5019
-1835	5012
-1839	5009
-1843	5006
-1847	5002
-1851	5000
-1856	4998
-1859	4995
-1863	4991
-1867	4988
-1871	4985
-1874	4981
-1878	4977
-1881	4972
-1884	4967
-1887	4963
-1891	4960
-1896	4959
-1900	4956
-1903	4952
-1907	4948
-1910	4945
-1915	4942
-1920	4941
-1926	4942
-1931	4941
-1935	4938
-1939	4935
-1944	4934
-1948	4931
-1952	4928
-1956	4925
-1959	4921
-1962	4917
-1966	4913
-1970	4910
-1975	4909
-1979	4907
-1984	4905
-1989	4904
-1993	4902
-1999	4901
-2003	4899
-2007	4896
-2011	4893
-2014	4889
-2019	4887
-2023	4885
-2027	4882
-2032	4880
-2036	4878
-2041	4875
-2045	4874
-2049	4870
-2052	4866
-2055	4861
-2057	4856
-2061	4852
-2065	4850
-2070	4848
-2074	4846
-2076	4840
-2081	4838
-2086	4836
-2090	4834
-2093	4829
-2097	4827
-2101	4825
-2106	4822
-2109	4819
-2113	4815
-2116	4811
-2119	4807
-2124	4806
-2128	4803
-2131	4799
-2135	4797
-2139	4793
-2143	4790
-2147	4787
-2151	4784
-2154	4781
-2157	4776
-2160	4772
-2163	4768
-2167	4765
-2171	4762
-2175	4759
-2178	4755
-2183	4754
-2186	4750
-2190	4747
-2195	4745
-2198	4742
-2201	4737
-2204	4733
-2207	4729
-2211	4725
-2214	4722
-2218	4719
-2222	4716
-2225	4712
-2228	4708
-2232	4705
-2237	4703
-2240	4700
-2244	4696
-2248	4693
-2252	4691
-2255	4687
-2258	4683
-2261	4678
-2265	4675
-2269	4673
-2273	4670
-2276	4666
-2279	4662
-2284	4660
-2288	4658
-2291	4654
-2293	4648
-2296	4645
-2301	4642
-2305	4640
-2310	4639
-2315	4637
-2318	4633
-2321	4628
-2323	4624
-2328	4622
-2332	4620
-2335	4616
-2339	4613
-2342	4609
-2345	4605
-2349	4602
-2352	4598
-2355	4593
-2358	4589
-2360	4585
-2363	4580
-2366	4576
-2369	4572
-2371	4567
-2374	4564
-2377	4560
-2380	4556
-2383	4551
-2387	4548
-2390	4545
-2394	4542
-2397	4538
-2400	4535
-2404	4531
-2407	4528
-2410	4524
-2414	4521
-2418	4518
-2420	4513
-2423	4509
-2427	4506
-2431	4503
-2433	4498
-2435	4494
-2438	4490
-2442	4487
-2446	4484
-2449	4480
-2453	4477
-2456	4473
-2460	4470
-2463	4467
-2466	4463
-2468	4458
-2472	4455
-2476	4452
-2480	4450
-2482	4445
-2485	4441
-2488	4437
-2490	4432
-2493	4429
-2495	4423
-2498	4419
-2502	4416
-2506	4414
-2509	4411
-2512	4407
-2516	4404
-2519	4400
-2520	4394
-2523	4390
-2526	4386
-2529	4382
-2531	4377
-2531	4371
-2535	4368
-2539	4366
-2542	4362
-2546	4358
-2549	4354
-2551	4350
-2554	4346
-2558	4343
-2561	4340
-2563	4334
-2563	4328
-2567	4325
-2570	4321
-2571	4316
-2573	4311
-2577	4308
-2580	4304
-2582	4299
-2583	4294
-2585	4289
-2588	4285
-2591	4282
-2595	4279
-2598	4275
-2601	4271
-2601	4264
-2603	4260
-2606	4256
-2610	4254
-2613	4250
-2612	4243
-2614	4238
-2618	4235
-2620	4230
-2622	4226
-2626	4223
-2629	4219
-2631	4214
-2632	4209
-2633	4203
-2636	4200
-2640	4197
-2643	4193
-2646	4190
-2648	4185
-2650	4180
-2651	4175
-2653	4170
-2656	4167
-2660	4164
-2663	4161
-2666	4157
-2668	4152
-2671	4148
-2673	4144
-2676	4140
-2679	4137
-2681	4133
-2684	4129
-2683	4121
-2684	4116
-2686	4111
-2688	4107
-2689	4101
-2692	4098
-2694	4094
-2694	4087
-2693	4080
-2695	4075
-2698	4072
-2701	4068
-2706	4066
-2708	4062
-2710	4057
-2711	4052
-2712	4047
-2715	4044
-2715	4037
-2715	4031
-2718	4027
-2722	4024
-2725	4021
-2725	4015
-2727	4011
-2729	4007
-2730	4001
-2732	3997
-2735	3993
-2738	3989
-2734	3981
-2737	3976
-2741	3974
-2745	3971
-2747	3967
-2749	3962
-2750	3958
-2751	3952
-2752	3947
-2753	3942
-2754	3937
-2755	3932
-2755	3926
-2755	3920
-2758	3917
-2760	3912
-2761	3907
-2762	3902
-2765	3899
-2766	3893
-2768	3889
-2771	3885
-2775	3883
-2778	3880
-2780	3875
-2782	3871
-2785	3868
-2787	3863
-2789	3859
-2789	3853
-2787	3846
-2789	3842
-2791	3838
-2793	3833
-2793	3827
-2793	3822
-2794	3817
-2795	3812
-2795	3806
-2796	3801
-2795	3794
-2796	3789
-2797	3785
-2799	3780
-2801	3776
-2804	3773
-2809	3771
-2811	3767
-2813	3763
-2813	3757
-2813	3752
-2814	3747
-2815	3742
-2816	3737
-2818	3733
-2818	3727
-2819	3722
-2821	3718
-2820	3712
-2820	3706
-2821	3701
-2822	3697
-2821	3691
-2821	3685
-2823	3681
-2825	3677
-2828	3674
-2830	3670
-2832	3665
-2834	3661
-2834	3656
-2833	3650
-2835	3646
-2837	3642
-2840	3638
-2842	3634
-2842	3629
-2842	3624
-2843	3619
-2844	3615
-2847	3611
-2848	3606
-2848	3601
-2850	3597
-2852	3593
-2853	3588
-2854	3583
-2854	3578
-2856	3574
-2859	3571
-2857	3564
-2860	3561
-2859	3555
-2861	3551
-2864	3548
-2863	3542
-2865	3538
-2866	3534
-2868	3529
-2870	3525
-2869	3520
-2872	3516
-2873	3511
-2875	3508
-2876	3504
-2877	3499
-2880	3495
-2879	3490
-2879	3485
-2881	3480
-2881	3475
-2882	3471
-2883	3466
-2883	3461
-2885	3457
-2885	3452
-2886	3448
-2888	3444
-2890	3440
-2889	3434
-2889	3429
-2891	3425
-2890	3420
-2891	3415
-2891	3410
-2892	3405
-2892	3400
-2892	3395
-2893	3391
-2894	3386
-2895	3382
-2895	3377
-2896	3372
-2895	3367
-2896	3362
-2894	3356
-2895	3352
-2895	3347
-2896	3342
-2896	3338
-2897	3333
-2898	3329
-2898	3324
-2900	3320
-2899	3315
-2900	3310
-2900	3305
-2900	3300
-2902	3296
-2901	3291
-2900	3286
-2901	3281
-2900	3276
-2900	3271
-2901	3267
-2902	3262
-2902	3258
-2902	3253
-2902	3248
-2902	3243
-2903	3239
-2903	3234
-2903	3229
-2904	3225
-2906	3221
-2904	3215
-2904	3211
-2904	3206
-2905	3201
-2903	3196
-2902	3190
-2902	3185
-2901	3180
-2901	3176
-2901	3171
-2902	3167
-2904	3163
-2906	3159
-2908	3156
-2910	3152
-2909	3146
-2909	3142
-2910	3138
-2911	3133
-2912	3129
-2913	3125
-2914	3121
-2913	3116
-2913	3111
-2914	3107
-2914	3102
-2914	3098
-2914	3093
-2915	3089
-2914	3084
-2911	3078
-2912	3074
-2912	3069
-2911	3064
-2911	3059
-2910	3054
-2911	3050
-2911	3045
-2911	3041
-2910	3036
-2910	3031
-2909	3026
-2908	3021
-2906	3016
-2907	3012
-2906	3007
-2905	3002
-2904	2997
-2904	2992
-2903	2988
-2903	2983
-2907	2980
-2906	2975
-2905	2970
-2903	2965
-2901	2959
-2901	2955
-2901	2951
-2902	2947
-2903	2943
-2901	2937
-2901	2933
-2898	2927
-2899	2923
-2901	2920
-2901	2915
-2899	2910
-2897	2905
-2898	2901
-2898	2896
-2898	2892
-2897	2887
-2894	2882
-2894	2877
-2895	2873
-2893	2868
-2894	2864
-2895	2860
-2893	2855
-2893	2851
-2894	2847
-2895	2843
-2895	2838
-2893	2834
-2893	2829
-2895	2825
-2896	2822
-2895	2817
-2894	2812
-2895	2808
-2892	2803
-2891	2798
-2893	2795
-2891	2790
-2892	2786
-2890	2781
-2887	2776
-2887	2771
-2886	2766
-2885	2762
-2883	2757
-2882	2753
-2884	2749
-2883	2744
-2884	2740
-2881	2735
-2882	2731
-2880	2727
-2879	2722
-2878	2717
-2878	2713
-2876	2708
-2876	2704
-2876	2700
-2875	2696
-2875	2691
-2874	2687
-2874	2683
-2873	2678
-2872	2674
-2871	2669
-2868	2664
-2867	2660
-2865	2655
-2866	2651
-2868	2648
-2868	2644
-2866	2639
-2864	2634
-2865	2630
-2866	2626
-2866	2622
-2864	2618
-2862	2613
-2860	2608
-2858	2604
-2858	2599
-2856	2595
-2856	2591
-2856	2587
-2854	2582
-2853	2578
-2853	2574
-2854	2570
-2853	2566
-2853	2562
-2852	2557
-2850	2552
-2849	2548
-2850	2545
-2851	2541
-2845	2535
-2843	2530
-2844	2527
-2844	2523
-2845	2519
-2846	2516
-2844	2511
-2844	2507
-2845	2503
-2844	2499
-2844	2495
-2844	2491
-2841	2486
-2838	2482
-2838	2478
-2837	2474
-2838	2470
-2836	2465
-2837	2462
-2840	2459
-2840	2455
-2839	2451
-2838	2446
-2837	2442
-2835	2438
-2832	2433
-2831	2429
-2830	2425
-2830	2421
-2829	2417
-2825	2412
-2824	2408
-2824	2404
-2824	2400
-2821	2396
-2819	2391
-2819	2387
-2819	2383
-2818	2379
-2817	2375
-2816	2371
-2817	2368
-2817	2364
-2814	2359
-2812	2355
-2814	2352
-2813	2347
-2811	2343
-2810	2339
-2809	2335
-2808	2331
-2807	2327
-2808	2324
-2807	2320
-2805	2315
-2803	2311
-2802	2307
-2800	2303
-2800	2299
-2801	2296
-2800	2292
-2801	2288
-2800	2284
-2798	2280
-2795	2276
-2793	2271
-2793	2268
-2794	2264
-2793	2260
-2794	2257
-2794	2253
-2793	2249
-2792	2245
-2793	2242
-2792	2238
-2791	2234
-2788	2229
-2786	2225
-2786	2222
-2787	2218
-2786	2214
-2784	2210
-2784	2206
-2783	2203
-2783	2199
-2783	2195
-2782	2191
-2782	2188
-2782	2184
-2779	2180
-2778	2176
-2777	2172
-2775	2168
-2775	2164
-2774	2160
-2772	2157
-2773	2153
-2773	2149
-2772	2146
-2772	2142
-2770	2138
-2769	2134
-2770	2131
-2769	2127
-2768	2123
-2763	2119
-2764	2115
-2765	2112
-2764	2108
-2762	2104
-2761	2100
-2761	2097
-2759	2093
-2759	2089
-2758	2085
-2757	2082
-2757	2078
-2755	2074
-2754	2070
-2753	2067
-2753	2063
-2751	2059
-2750	2055
-2748	2052
-2747	2048
-2746	2044
-2746	2041
-2746	2037
-2744	2033
-2744	2030
-2743	2026
-2743	2022
-2743	2019
-2745	2015
-2744	2012
-2742	2008
-2742	2004
-2741	2001
-2740	1997
-2739	1994
-2739	1990
-2736	1986
-2734	1982
-2734	1979
-2732	1975
-2732	1971
-2731	1968
-2730	1964
-2731	1961
-2730	1957
-2727	1953
-2724	1949
-2722	1946
-2724	1942
-2725	1939
-2724	1935
-2722	1932
-2720	1928
-2718	1924
-2717	1921
-2717	1917
-2715	1914
-2713	1910
-2714	1907
-2713	1903
-2710	1899
-2711	1896
-2710	1892
-2709	1889
-2708	1885
-2709	1882
-2709	1878
-2708	1875
-2706	1871
-2706	1868
-2704	1864
-2703	1860
-2702	1857
-2701	1853
-2701	1850
-2699	1846
-2698	1843
-2697	1839
-2697	1836
-2696	1832
-2696	1829
-2695	1825
-2694	1822
-2693	1818
-2693	1815
-2692	1811
-2691	1808
-2690	1804
-2689	1801
-2689	1798
-2689	1794
-2688	1791
-2686	1787
-2684	1784
-2683	1780
-2681	1777
-2679	1773
-2678	1770
-2678	1766
-2677	1763
-2677	1759
-2676	1756
-2675	1752
-2674	1749
-2674	1746
-2673	1742
-2674	1739
-2674	1735
-2671	1732
-2669	1728
-2670	1725
-2670	1722
-2670	1718
-2669	1715
-2668	1711
-2667	1708
-2666	1705
-2665	1701
-2665	1698
-2664	1694
-2662	1691
-2661	1687
-2662	1684
-2661	1681
-2659	1677
-2658	1674
-2656	1671
-2656	1667
-2655	1664
-2655	1660
-2654	1657
-2653	1654
-2652	1650
-2651	1647
-2650	1643
-2650	1640
-2647	1637
-2643	1633
-2641	1630
-2640	1627
-2640	1623
-2639	1620
-2638	1617
-2637	1613
-2638	1610
-2637	1607
-2639	1603
-2636	1600
-2634	1597
-2634	1593
-2634	1590
-2630	1587
-2629	1583
-2625	1580
-2624	1577
-2624	1573
-2623	1570
-2623	1567
-2623	1563
-2623	1560
-2619	1557
-2617	1554
-2617	1550
-2618	1547
-2618	1544
-2617	1540
-2615	1537
-2619	1533
-2619	1530
-2617	1527
-2613	1524
-2611	1521
-2609	1517
-2608	1514
-2607	1511
-2606	1507
-2605	1504
-2604	1501
-2603	1498
-2603	1494
-2605	1491
-2603	1488
-2602	1484
-2602	1481
-2602	1478
-2602	1474
-2601	1471
-2601	1468
-2599	1465
-2597	1461
-2596	1458
-2595	1455
-2594	1452
-2594	1448
-2593	1445
-2591	1442
-2591	1439
-2594	1435
-2595	1432
-2593	1428
-2592	1425
-2588	1422
-2584	1419
-2583	1416
-2585	1413
-2585	1409
-2583	1406
-2582	1403
-2582	1399
-2583	1396
-2578	1393
-2570	1391
-2570	1388
-2571	1384
-2575	1380
-2575	1377
-2573	1374
-2573	1371
-2572	1367
-2572	1364
-2568	1361
-2565	1358
-2565	1355
-2567	1351
-2566	1348
-2564	1345
-2562	1342
-2560	1339
-2559	1336
-2558	1333
-2557	1329
-2557	1326
-2557	1323
-2558	1319
-2556	1316
-2555	1313
-2552	1310
-2551	1307
-2551	1304
-2552	1300
-2550	1297
-2550	1294
-2546	1291
-2545	1288
-2543	1285
-2543	1282
-2544	1278
-2545	1275
-2543	1271
-2540	1269
-2539	1266
-2537	1262
-2535	1260
-2534	1256
-2536	1253
-2534	1250
-2532	1247
-2528	1244
-2527	1241
-2528	1237
-2527	1234
-2528	1231
-2528	1227
-2527	1224
-2528	1221
-2527	1218
-2527	1214
-2527	1211
-2526	1208
-2525	1205
-2522	1202
-2521	1199
-2519	1196
-2517	1193
-2516	1190
-2514	1187
-2513	1184
-2514	1180
-2512	1177
-2512	1174
-2513	1170
-2512	1167
-2511	1164
-2509	1161
-2506	1158
-2504	1155
-2505	1152
-2502	1149
-2501	1146
-2501	1143
-2499	1140
-2498	1137
-2498	1133
-2498	1130
-2498	1127
-2497	1123
-2496	1120
-2496	1117
-2495	1114
-2492	1111
-2489	1108
-2488	1106
-2485	1103
-2483	1100
-2484	1096
-2484	1093
-2486	1089
-2485	1086
-2483	1083
-2482	1080
-2481	1077
-2479	1074
-2477	1071
-2477	1068
-2476	1065
-2475	1062
-2473	1059
-2470	1056
-2469	1053
-2469	1050
-2468	1047
-2466	1044
-2465	1041
-2463	1038
-2462	1035
-2461	1032
-2458	1029
-2456	1026
-2454	1023
-2454	1020
-2454	1017
-2454	1013
-2455	1010
-2457	1006
-2457	1002
-2456	999
-2456	996
-2455	993
-2454	990
-2452	987
-2449	984
-2448	981
-2447	978
-2445	975
-2444	972
-2444	969
-2443	966
-2441	963
-2440	960
-2439	957
-2438	954
-2436	951
-2434	948
-2433	945
-2432	942
-2433	938
-2433	935
-2432	932
-2431	929
-2432	925
-2431	922
-2430	919
-2429	916
-2427	913
-2424	910
-2422	908
-2421	904
-2422	901
-2419	898
-2418	895
-2417	892
-2416	889
-2416	886
-2415	883
-2414	880
-2413	876
-2411	874
-2409	871
-2408	868
-2407	864
-2406	861
-2405	858
-2404	855
-2403	852
-2402	849
-2402	846
-2402	842
-2400	839
-2398	837
-2398	833
-2396	830
-2394	828
-2392	825
-2392	822
-2393	818
-2392	815
-2390	812
-2389	809
-2389	805
-2387	803
-2384	800
-2383	797
-2382	794
-2380	791
-2379	788
-2378	785
-2378	782
-2376	779
-2373	776
-2372	773
-2373	770
-2372	767
-2370	764
-2369	761
-2366	758
-2364	756
-2365	752
-2365	748
-2364	745
-2364	742
-2363	739
-2360	736
-2360	733
-2358	730
-2358	726
-2359	723
-2358	720
-2356	717
-2353	714
-2351	712
-2351	708
-2351	705
-2350	702
-2348	699
-2346	696
-2345	693
-2346	689
-2344	687
-2341	684
-2340	681
-2339	678
-2338	675
-2338	671
-2335	669
-2333	666
-2334	662
-2333	659
-2331	657
-2329	654
-2327	651
-2327	648
-2327	644
-2325	641
-2325	638
-2324	635
-2322	632
-2321	629
-2319	626
-2318	623
-2317	620
-2317	616
-2316	613
-2315	610
-2314	607
-2312	604
-2311	601
-2310	598
-2309	595
-2307	592
-2305	589
-2305	586
-2302	584
-2301	581
-2300	577
-2301	573
-2299	571
-2298	568
-2298	564
-2296	561
-2292	559
-2290	557
-2288	554
-2289	550
-2288	547
-2287	544
-2286	540
-2285	537
-2286	533
-2283	531
-2282	528
-2281	525
-2280	521
-2279	518
-2276	516
-2273	514
-2273	511
-2272	507
-2272	503
-2271	500
-2271	497
-2269	494
-2267	491
-2265	488
-2264	486
-2262	483
-2260	480
-2259	477
-2257	474
-2256	471
-2254	468
-2253	465
-2253	462
-2251	459
-2249	456
-2247	453
-2245	451
-2245	447
-2244	444
-2242	441
-2242	437
-2242	434
-2240	431
-2238	428
-2237	425
-2235	422
-2234	419
-2232	417
-2229	414
-2228	411
-2227	408
-2227	404
-2226	401
-2225	398
-2224	394
-2222	392
-2221	389
-2221	385
-2219	382
-2218	379
-2217	375
-2215	373
-2212	371
-2212	367
-2211	364
-2210	360
-2210	356
-2210	353
-2208	350
-2207	347
-2205	344
-2202	342
-2202	339
-2200	336
-2198	333
-2198	329
-2198	325
-2196	322
-2194	320
-2193	316
-2192	314
-2190	311
-2190	307
-2188	304
-2187	301
-2185	298
-2184	295
-2183	291
-2182	288
-2181	285
-2181	281
-2181	277
-2178	275
-2178	271
-2178	267
-2177	264
-2176	260
-2175	256
-2173	254
-2172	251
-2171	247
-2171	243
-2168	241
-2166	238
-2167	234
-2166	230
-2164	228
-2162	225
-2162	221
-2162	217
-2160	214
-2157	212
-2158	207
-2157	204
-2156	201
-2155	197
-2155	193
-2153	191
-2151	187
-2151	183
-2150	180
-2148	177
-2147	174
-2146	171
-2145	167
-2143	164
-2141	161
-2142	156
-2140	154
-2140	150
-2139	146
-2137	144
-2136	140
-2136	136
-2135	132
-2134	129
-2132	126
-2130	123
-2127	121
-2123	120
-2119	119
-2114	118
-2111	116
-2108	114
-2104	113
-2102	111
-2097	110
-2093	109
-2089	108
-2084	107
-2080	107
-2074	107
-2071	105
-2068	103
-2065	101
-2063	99
-2060	97
-2059	93
-2058	90
-2057	86
-2055	84
-2052	82
-2050	79
-2049	75
-2049	71
-2049	67
-2048	64
-2046	61
-2044	58
-2044	54
-2042	51
-2041	47
-2041	43
-2039	40
-2037	37
-2036	34
-2034	31
-2033	28
-2032	24
-2030	22
-2029	18
-2028	14
-2026	11
-2025	8
-2023	5
-2021	2
-2020	-2
-2019	-5
-2019	-9
-2018	-12
-2018	-17
-2015	-20
-2012	-21
-2012	-25
-2012	-31
-2011	-34
-2009	-36
-2006	-39
-2005	-42
-2004	-46
-2003	-50
-2002	-53
-1999	-56
-1999	-60
-1998	-63
-1996	-66
-1995	-70
-1993	-73
-1991	-75
-1990	-79
-1988	-82
-1987	-86
-1987	-90
-1985	-93
-1983	-96
-1981	-99
-1980	-102
-1978	-106
-1976	-109
-1975	-112
-1973	-115
-1971	-118
-1971	-122
-1970	-126
-1967	-128
-1966	-132
-1964	-135
-1963	-139
-1961	-142
-1960	-146
-1958	-148
-1957	-152
-1956	-156
-1954	-159
-1948	-158
-1942	-157
-1936	-156
-1933	-157
-1929	-158
-1924	-158
-1920	-159
-1914	-158
-1909	-158
-1905	-158
-1902	-161
-1900	-164
-1897	-165
-1884	-157
-1881	-158
-1879	-162
-1878	-165
-1873	-165
-1867	-164
-1861	-163
-1856	-162
-1851	-162
-1842	-158
-1834	-153
-1827	-151
-1825	-154
-1829	-163
-1832	-171
-1829	-173
-1826	-175
-1819	-173
-1814	-172
-1809	-171
-1805	-171
-1802	-173
-1798	-174
-1794	-175
-1789	-175
-1780	-169
-1772	-166
-1769	-167
-1767	-170
-1766	-173
-1763	-176
-1760	-176
-1753	-174
-1743	-168
-1738	-167
-1734	-167
-1729	-167
-1727	-169
-1722	-169
-1712	-163
-1701	-155
-1695	-153
-1694	-157
-1694	-161
-1689	-161
-1678	-154
-1671	-151
-1671	-155
-1672	-162
-1674	-168
-1675	-175
-1673	-177
-1663	-170
-1652	-162
-1645	-159
-1639	-157
-1634	-156
-1629	-155
-1621	-151
-1617	-151
-1613	-151
-1607	-149
-1603	-149
-1599	-149
-1597	-152
-1600	-160
-1598	-163
-1595	-164
-1591	-164
-1584	-160
-1581	-161
-1579	-164
-1574	-162
-1569	-162
-1568	-165
-1559	-160
-1554	-158
-1551	-160
-1549	-162
-1549	-167
-1536	-155
-1526	-148
-1521	-147
-1518	-147
-1515	-148
-1511	-148
-1507	-148
-1502	-147
-1498	-147
-1495	-148
-1492	-149
-1487	-147
-1482	-147
-1479	-147
-1475	-147
-1472	-147
-1469	-148
-1464	-147
-1459	-146
-1454	-144
-1451	-145
-1448	-146
-1445	-147
-1442	-148
-1438	-148
-1434	-147
-1430	-147
-1427	-148
-1424	-149
-1422	-152
-1419	-152
-1415	-152
-1411	-152
-1407	-152
-1404	-152
-1401	-153
-1396	-151
-1393	-152
-1389	-152
-1386	-153
-1383	-153
-1380	-155
-1379	-158
-1379	-163
-1378	-167
-1370	-160
-1368	-163
-1365	-165
-1360	-162
-1359	-166
-1356	-167
-1354	-169
-1352	-172
-1351	-175
-1349	-177
-1345	-177
-1339	-173
-1333	-169
-1328	-168
-1325	-168
-1321	-168
-1322	-174
-1319	-176
-1318	-179
-1315	-181
-1304	-169
-1304	-174
-1300	-173
-1298	-176
-1294	-175
-1288	-171
-1286	-174
-1276	-163
-1270	-160
-1267	-161
-1265	-162
-1264	-166
-1262	-169
-1259	-170
-1255	-169
-1253	-170
-1250	-171
-1248	-173
-1247	-177
-1243	-177
-1239	-176
-1236	-176
-1233	-176
-1229	-176
-1226	-176
-1222	-175
-1218	-175
-1215	-175
-1211	-174
-1209	-176
-1206	-176
-1202	-176
-1199	-177
-1196	-176
-1192	-176
-1189	-177
-1186	-177
-1181	-175
-1176	-172
-1171	-168
-1167	-168
-1165	-170
-1164	-173
-1162	-175
-1159	-175
-1156	-177
-1153	-176
-1149	-175
-1145	-175
-1143	-176
-1141	-178
-1138	-178
-1133	-176
-1129	-175
-1126	-176
-1123	-176
-1120	-177
-1117	-177
-1115	-178
-1111	-176
-1107	-176
-1104	-176
-1101	-176
-1098	-177
-1095	-176
-1092	-178
-1088	-176
-1085	-176
-1080	-174
-1074	-167
-1072	-170
-1071	-173
-1067	-173
-1064	-172
-1061	-172
-1059	-175
-1057	-176
-1054	-177
-1051	-177
-1048	-178
-1044	-176
-1042	-177
-1039	-178
-1035	-177
-1033	-178
-1029	-177
-1026	-178
-1023	-177
-1020	-177
-1018	-179
-1015	-180
-1012	-179
-1008	-178
-1005	-178
-1001	-177
-998	-176
-996	-178
-993	-180
-989	-176
-985	-175
-983	-176
-981	-179
-980	-183
-978	-186
-975	-186
-969	-179
-964	-175
-961	-175
-956	-170
-953	-171
-949	-169
-945	-166
-947	-178
-939	-166
-939	-172
-937	-174
-934	-174
-931	-175
-928	-174
-922	-168
-913	-156
-904	-142
-900	-140
-898	-141
-895	-141
-893	-142
-891	-145
-890	-148
-888	-152
-886	-154
-881	-149
-888	-172
-872	-142
-870	-143
-867	-143
-864	-142
-861	-141
-857	-139
-854	-139
-851	-139
-849	-141
-846	-141
-779	-1
-776	-0
-773	-1
-770	-0
-768	1
-765	2
-762	2
-759	3
-756	3
-754	3
-751	3
-749	3
-746	3
-743	3
-741	3
-738	3
-735	4
-733	3
-731	1
-731	-4
-731	-10
-729	-14
-726	-12
-722	-7
-718	-5
-717	-9
-718	-16
-716	-18
-715	-23
-743	-126
-742	-131
-742	-135
-740	-138
-738	-140
-735	-141
-733	-142
-731	-144
-729	-144
-726	-146
-724	-146
-721	-147
-719	-149
-717	-149
-714	-150
-712	-150
-709	-151
-707	-152
-704	-153
-702	-153
-699	-154
-696	-153
-691	-146
-687	-142
-685	-142
-682	-142
-679	-142
-677	-143
-675	-144
-674	-151
-673	-155
-671	-157
-668	-156
-665	-155
-662	-155
-660	-155
-657	-155
-654	-153
-651	-152
-648	-151
-645	-150
-642	-149
-639	-149
-636	-147
-632	-142
-627	-136
-623	-130
-619	-127
-617	-127
-614	-128
-612	-129
-610	-131
-609	-135
-607	-137
-605	-139
-602	-141
-601	-146
-603	-159
-603	-171
-601	-171
-598	-171
-595	-168
-590	-160
-585	-153
-581	-146
-575	-136
-572	-134
-569	-131
-566	-132
-565	-135
-563	-136
-562	-143
-561	-151
-560	-154
-557	-152
-555	-156
-555	-164
-553	-168
-552	-172
-550	-175
-547	-177
-545	-177
-543	-179
-541	-181
-538	-182
-536	-183
-533	-183
-531	-183
-528	-183
-525	-182
-523	-182
-520	-182
-518	-184
-515	-184
-513	-183
-510	-184
-508	-183
-505	-183
-502	-183
-500	-183
-497	-183
-494	-182
-492	-183
-489	-182
-487	-182
-484	-182
-481	-182
-479	-182
-476	-182
-474	-183
-471	-181
-469	-182
-466	-183
-464	-184
-461	-183
-459	-183
-456	-182
-453	-182
-451	-184
-448	-183
-446	-183
-443	-182
-440	-182
-438	-183
-436	-183
-433	-183
-430	-183
-428	-182
-425	-183
-423	-182
-420	-181
-417	-180
-415	-182
-413	-183
-410	-181
-407	-181
-405	-182
-403	-183
-400	-181
-397	-182
-395	-182
-392	-183
-390	-183
-388	-183
-385	-184
-382	-182
-380	-181
-377	-181
-375	-183
-372	-183
-370	-182
-367	-183
-365	-182
-362	-183
-360	-183
-357	-182
-354	-181
-352	-181
-350	-183
-347	-183
-345	-182
-342	-183
-340	-183
-337	-182
-335	-183
-332	-182
-330	-182
-327	-184
-325	-183
-322	-183
-320	-183
-317	-183
-315	-183
-312	-183
-310	-182
-307	-183
-305	-183
-302	-183
-300	-184
-297	-184
-295	-183
-292	-183
-290	-183
-287	-183
-285	-183
-283	-184
-280	-184
-278	-184
-275	-183
-273	-184
-270	-184
-268	-184
-265	-183
-263	-183
-260	-182
-258	-182
-255	-185
-253	-185
-250	-185
-248	-185
-245	-183
-243	-183
-240	-182
-238	-182
-235	-182
-233	-183
-230	-182
-228	-182
-225	-182
-223	-182
-221	-183
-218	-183
-216	-183
-213	-183
-211	-184
-208	-183
-206	-183
-203	-183
-201	-183
-199	-184
-196	-185
-194	-184
-191	-181
-188	-181
-186	-182
-184	-181
-181	-182
-179	-182
-176	-182
-174	-183
-171	-182
-169	-182
-166	-182
-164	-182
-162	-183
-159	-183
-157	-183
-154	-183
-152	-183
-149	-182
-147	-182
-144	-182
-142	-181
-139	-182
-137	-183
-135	-182
-132	-182
-130	-182
-127	-182
-125	-181
-122	-182
-120	-181
-117	-182
-115	-182
-112	-182
-110	-182
-108	-182
-105	-182
-103	-181
-100	-182
-98	-182
-95	-183
-93	-183
-90	-183
-88	-183
-86	-182
-83	-182
-81	-182
-78	-183
-73	-182
-71	-182
-68	-181
-66	-182
-64	-182
-61	-182
-59	-183
-56	-183
-54	-182
-51	-182
-49	-182
-46	-182
-44	-182
-42	-182
-39	-182
-37	-182
-34	-182
-32	-184
-29	-183
-27	-179
-24	-179
-22	-182
-19	-183
-17	-184
-15	-184
-12	-183
-10	-183
-7	-182
-5	-183
-2	-183
0	-183
3	-182
5	-181
7	-180
10	-179
12	-179
15	-178
17	-178
19	-176
22	-177
25	-182
27	-182
30	-182
32	-182
34	-182
37	-183
39	-182
42	-182
44	-183
47	-183
49	-183
52	-183
54	-183
57	-182
59	-182
62	-183
64	-183
67	-184
69	-184
71	-183
74	-183
76	-182
79	-182
81	-183
84	-184
86	-182
89	-182
91	-182
93	-182
96	-182
98	-182
101	-183
103	-184
106	-184
108	-182
111	-182
113	-183
116	-183
118	-182
121	-183
123	-184
126	-183
128	-182
131	-182
133	-182
136	-183
138	-182
140	-182
143	-182
145	-182
148	-181
150	-182
153	-183
155	-183
158	-182
160	-183
163	-183
165	-183
168	-183
170	-182
173	-182
175	-182
178	-182
180	-181
183	-182
185	-183
188	-182
190	-183
193	-183
195	-182
198	-183
200	-184
203	-183
205	-183
208	-183
210	-182
213	-182
215	-182
217	-181
220	-182
223	-183
225	-183
228	-182
230	-183
233	-183
235	-184
238	-182
240	-182
243	-182
245	-183
248	-183
250	-182
253	-182
255	-182
258	-182
260	-181
263	-182
265	-183
268	-183
270	-183
273	-183
276	-183
278	-182
280	-182
283	-182
286	-183
288	-182
291	-182
293	-183
296	-182
298	-183
301	-182
303	-182
306	-184
309	-184
311	-183
314	-183
316	-182
319	-183
321	-183
324	-183
326	-183
329	-183
331	-181
334	-182
336	-182
339	-182
342	-183
344	-183
347	-183
350	-183
352	-183
354	-182
357	-182
359	-181
362	-181
365	-183
368	-183
370	-184
373	-184
375	-183
378	-182
380	-182
383	-184
386	-184
388	-183
391	-183
393	-183
396	-183
399	-183
401	-183
404	-183
406	-183
409	-183
411	-182
414	-182
417	-183
420	-184
422	-184
425	-185
427	-184
430	-183
432	-182
435	-182
438	-183
441	-184
443	-184
446	-183
448	-183
451	-184
454	-183
456	-182
459	-183
461	-183
464	-183
467	-183
469	-183
472	-183
475	-183
478	-185
480	-184
483	-183
485	-182
488	-183
491	-184
494	-184
496	-183
498	-182
502	-184
504	-183
506	-182
509	-183
512	-182
514	-182
517	-182
520	-182
522	-182
525	-182
528	-182
531	-182
533	-181
536	-182
539	-183
542	-183
544	-183
547	-182
549	-180
551	-178
553	-178
556	-178
558	-176
561	-176
564	-177
566	-176
569	-175
571	-173
574	-173
576	-172
576	-165
579	-164
581	-164
585	-168
589	-171
593	-173
596	-176
600	-177
601	-174
602	-169
602	-162
602	-153
603	-149
605	-147
608	-146
610	-145
614	-149
619	-154
623	-159
627	-161
629	-161
631	-159
633	-156
635	-153
637	-151
639	-150
641	-149
643	-147
646	-147
649	-147
651	-146
655	-148
658	-149
662	-151
666	-154
668	-154
671	-153
674	-154
677	-155
681	-157
684	-159
684	-152
685	-147
687	-145
689	-143
692	-143
695	-143
698	-143
702	-147
707	-151
709	-150
712	-149
714	-149
717	-149
720	-148
722	-147
725	-147
727	-146
730	-145
732	-144
734	-143
737	-143
740	-142
742	-140
744	-139
746	-136
747	-133
748	-129
749	-124
750	-120
750	-114
750	-108
720	-18
721	-13
721	-9
722	-5
723	-2
725	1
727	2
729	3
732	2
735	3
737	4
740	4
743	3
746	2
749	0
752	1
754	2
756	3
759	4
776	2
779	2
781	3
784	3
869	-142
873	-144
878	-148
884	-154
889	-158
892	-158
892	-152
890	-143
889	-134
890	-129
891	-127
894	-127
898	-127
902	-131
909	-138
919	-151
922	-150
922	-145
923	-140
923	-135
924	-131
926	-129
929	-129
931	-127
934	-126
938	-127
964	-169
964	-164
966	-161
968	-161
973	-163
978	-166
984	-171
991	-178
996	-181
998	-179
1001	-178
1005	-179
1008	-180
1012	-181
1015	-180
1018	-180
1021	-180
1024	-179
1027	-179
1031	-179
1035	-180
1038	-180
1041	-180
1044	-179
1048	-180
1051	-180
1054	-179
1057	-180
1061	-180
1064	-179
1067	-179
1069	-177
1071	-175
1074	-174
1078	-174
1085	-181
1088	-181
1091	-180
1094	-179
1097	-179
1101	-179
1105	-180
1109	-181
1112	-181
1115	-180
1118	-180
1121	-179
1124	-178
1127	-178
1128	-174
1129	-170
1132	-169
1135	-168
1139	-170
1146	-174
1151	-177
1156	-179
1159	-179
1162	-179
1165	-178
1169	-178
1173	-179
1176	-178
1179	-177
1184	-179
1188	-181
1187	-173
1187	-167
1189	-166
1193	-166
1196	-166
1199	-165
1202	-164
1205	-163
1209	-164
1215	-167
1225	-177
1231	-180
1234	-179
1237	-179
1242	-180
1246	-180
1250	-182
1253	-181
1256	-180
1260	-180
1264	-180
1268	-180
1270	-178
1272	-175
1275	-175
1278	-174
1281	-173
1285	-173
1290	-175
1302	-187
1310	-192
1314	-193
1316	-190
1318	-188
1323	-189
1326	-189
1329	-188
1332	-187
1336	-186
1341	-188
1346	-190
1348	-187
1349	-184
1348	-176
1349	-174
1352	-173
1355	-172
1358	-170
1361	-169
1365	-169
1371	-172
1377	-174
1381	-175
1384	-173
1388	-173
1393	-174
1398	-176
1405	-180
1410	-181
1414	-182
1419	-183
1422	-181
1423	-178
1427	-178
1433	-180
1439	-182
1441	-180
1444	-179
1448	-179
1448	-174
1448	-169
1449	-165
1452	-164
1456	-164
1463	-168
1467	-167
1469	-165
1472	-163
1476	-164
1484	-168
1492	-173
1496	-172
1499	-171
1502	-170
1506	-169
1510	-169
1514	-169
1519	-170
1522	-168
1522	-163
1523	-160
1525	-158
1528	-155
1531	-155
1536	-155
1541	-157
1553	-165
1559	-167
1561	-165
1564	-163
1568	-163
1568	-158
1570	-155
1576	-157
1585	-162
1585	-157
1586	-154
1587	-151
1592	-151
1597	-152
1603	-154
1609	-155
1614	-155
1619	-157
1627	-161
1634	-163
1637	-162
1642	-162
1646	-162
1649	-160
1651	-157
1654	-155
1661	-158
1665	-158
1671	-159
1678	-162
1679	-158
1681	-155
1683	-152
1685	-150
1688	-149
1693	-149
1699	-150
1702	-148
1704	-146
1709	-146
1716	-148
1723	-151
1728	-152
1738	-156
1749	-163
1755	-164
1761	-166
1765	-165
1769	-164
1771	-161
1774	-159
1778	-159
1782	-158
1784	-155
1788	-154
1794	-155
1798	-154
1802	-153
1806	-153
1811	-153
1815	-152
1819	-151
1820	-147
1822	-144
1827	-144
1834	-146
1839	-146
1843	-145
1853	-150
1860	-152
1865	-152
1866	-148
1869	-146
1877	-149
1887	-153
1891	-152
1891	-147
1892	-143
1897	-144
1905	-147
1911	-147
1915	-145
1919	-145
1922	-143
1926	-142
1930	-140
1932	-138
1937	-137
1945	-139
1949	-139
1953	-137
1959	-138
1963	-137
1968	-136
1973	-136
1976	-134
1979	-132
1984	-132
1993	-135
1996	-133
2001	-132
2004	-130
2009	-129
2012	-128
2021	-130
2040	-142
2044	-141
2045	-137
2045	-133
2045	-127
2046	-124
2049	-121
2050	-118
2058	-119
2060	-116
2062	-113
2066	-112
2072	-112
2076	-111
2081	-110
2089	-112
2100	-116
2119	-127
2124	-127
2127	-124
2130	-122
2135	-121
2140	-121
2143	-118
2147	-117
2154	-118
2158	-116
2161	-114
2164	-111
2167	-109
2172	-108
2194	-121
2200	-120
2203	-118
2204	-115
2204	-109
2193	-96
2195	-93
2237	-121
2245	-122
2245	-117
2244	-112
2245	-108
2278	-129
2282	-127
2268	-111
2273	-110
2280	-110
2284	-109
2283	-103
2287	-101
2293	-101
2297	-99
2301	-97
2306	-96
2311	-95
2315	-93
2318	-90
2320	-87
2324	-85
2328	-83
2331	-81
2334	-78
2337	-76
2342	-74
2356	-79
2370	-85
2372	-81
2370	-75
2370	-70
2372	-67
2372	-62
2373	-58
2373	-53
2375	-50
2378	-47
2380	-44
2381	-40
2384	-37
2387	-34
2386	-29
2383	-22
2384	-18
2383	-12
2387	-11
2385	-5
2390	-3
2392	0
2395	3
2393	9
2396	11
2397	16
2397	21
2400	23
2401	27
2402	31
2403	35
2401	41
2401	46
2401	50
2401	55
2399	61
2402	64
2400	69
2398	75
2398	80
2398	85
2396	90
2396	95
2397	99
2398	103
2399	107
2400	111
2392	121
2393	124
2394	128
2397	131
2398	135
2398	139
2399	143
2398	148
2397	153
2398	157
2400	160
2402	163
2404	167
2406	170
2404	176
2402	182
2409	182
2409	186
2402	194
2404	198
2405	201
2407	205
2409	208
2410	212
2413	214
2416	217
2419	220
2418	225
2419	228
2419	233
2420	237
2421	240
2425	242
2427	246
2427	250
2426	255
2427	258
2428	263
2429	266
2430	270
2432	273
2432	277
2432	281
2433	285
2434	289
2435	293
2437	296
2438	300
2439	304
2440	307
2441	311
2442	315
2444	318
2445	322
2445	326
2446	329
2447	333
2447	337
2449	341
2449	345
2449	349
2448	354
2448	358
2452	360
2453	364
2456	367
2458	370
2460	373
2462	376
2465	379
2468	381
2468	385
2469	389
2469	393
2470	397
2471	401
2474	403
2475	407
2476	410
2474	416
2474	420
2476	423
2478	426
2478	430
2480	434
2481	437
2481	441
2482	445
2483	449
2482	453
2483	457
2483	461
2485	464
2486	468
2487	471
2488	475
2488	479
2488	483
2490	486
2492	489
2492	493
2492	498
2494	501
2496	504
2496	508
2496	512
2497	516
2497	520
2498	523
2499	527
2499	531
2501	534
2501	538
2503	541
2502	546
2503	549
2504	553
2504	557
2506	560
2506	564
2508	567
2506	572
2506	576
2508	579
2512	581
2513	585
2514	589
2515	592
2515	596
2512	601
2514	604
2518	607
2520	610
2522	613
2520	618
2522	621
2525	624
2526	627
2526	631
2527	634
2527	639
2526	643
2528	646
2528	650
2530	653
2529	657
2530	661
2533	664
2534	667
2532	672
2533	676
2533	679
2536	682
2537	686
2537	689
2538	693
2539	697
2540	700
2543	703
2544	707
2544	710
2545	714
2545	718
2545	722
2546	725
2548	728
2547	733
2548	736
2547	740
2546	744
2546	748
2546	752
2548	755
2553	758
2554	761
2554	765
2552	769
2550	774
2551	777
2555	780
2557	783
2558	787
2557	791
2557	794
2557	798
2557	802
2558	806
2560	809
2563	812
2564	815
2563	819
2564	823
2565	826
2566	830
2567	833
2570	836
2569	840
2571	843
2572	847
2572	851
2572	854
2572	858
2572	862
2573	865
2574	869
2576	872
2575	876
2578	879
2578	883
2579	886
2579	890
2579	894
2580	897
2581	901
2581	905
2582	908
2583	912
2584	915
2584	919
2585	922
2586	926
2586	929
2587	933
2587	937
2586	941
2589	944
2590	947
2590	951
2590	955
2591	958
2591	962
2591	965
2593	969
2592	973
2591	977
2593	980
2595	983
2595	987
2596	990
2597	994
2598	997
2599	1001
2600	1004
2600	1008
2601	1011
2602	1015
2603	1018
2602	1022
2603	1025
2602	1029
2600	1034
2600	1037
2603	1040
2607	1043
2607	1047
2608	1050
2608	1054
2610	1057
2611	1061
2611	1064
2611	1068
2611	1072
2612	1075
2612	1079
2610	1083
2610	1087
2612	1090
2613	1093
2614	1097
2615	1100
2617	1103
2617	1107
2618	1111
2619	1114
2620	1117
2619	1121
2619	1125
2621	1128
2620	1132
2620	1136
2622	1139
2622	1143
2621	1147
2623	1150
2623	1154
2623	1157
2625	1160
2626	1164
2625	1168
2626	1171
2626	1175
2626	1179
2625	1182
2625	1186
2628	1189
2629	1192
2629	1196
2630	1200
2631	1203
2632	1207
2633	1210
2634	1213
2635	1217
2635	1221
2636	1224
2636	1228
2637	1231
2638	1235
2637	1238
2638	1242
2638	1245
2638	1249
2639	1253
2639	1256
2641	1260
2641	1263
2641	1267
2642	1270
2642	1274
2641	1278
2643	1281
2644	1284
2644	1288
2645	1292
2645	1295
2645	1299
2644	1303
2648	1306
2649	1309
2649	1313
2648	1316
2649	1320
2648	1324
2647	1327
2648	1331
2649	1334
2650	1338
2651	1341
2652	1345
2652	1348
2651	1352
2650	1356
2651	1359
2652	1363
2651	1367
2650	1370
2649	1374
2650	1378
2650	1381
2651	1385
2652	1388
2653	1392
2654	1395
2653	1399
2653	1402
2654	1406
2654	1409
2653	1413
2654	1417
2652	1420
2651	1424
2650	1428
2652	1431
2655	1435
2656	1438
2656	1442
2657	1445
2656	1449
2653	1453
2651	1456
2651	1460
2650	1464
2649	1467
2649	1471
2646	1475
2644	1478
2646	1482
2652	1485
2660	1488
2664	1491
2666	1495
2666	1498
2666	1502
2667	1505
2667	1509
2668	1512
2669	1516
2669	1520
2669	1523
2671	1527
2671	1530
2670	1534
2671	1537
2672	1541
2672	1545
2671	1548
2672	1552
2673	1555
2674	1559
2674	1562
2675	1566
2675	1570
2675	1573
2676	1577
2677	1580
2678	1584
2678	1587
2679	1591
2678	1595
2678	1598
2679	1602
2680	1605
2681	1609
2681	1612
2682	1616
2681	1620
2683	1623
2683	1627
2684	1630
2684	1634
2684	1638
2684	1641
2682	1645
2678	1648
2679	1652
2681	1656
2682	1659
2683	1663
