2692	1660
2693	1664
2694	1667
2695	1671
2695	1675
2696	1678
2698	1686
2699	1689
2699	1693
2700	1696
2701	1700
2701	1704
2701	1707
2702	1711
2703	1714
2704	1718
2704	1722
2704	1725
2705	1729
2706	1733
2706	1736
2707	1740
2707	1743
2707	1747
2707	1751
2707	1754
2708	1758
2708	1762
2708	1765
2709	1769
2709	1773
2711	1776
2711	1780
2711	1784
2711	1787
2711	1791
2712	1794
2712	1798
2712	1802
2712	1805
2712	1809
2713	1813
2714	1816
2715	1820
2714	1824
2714	1827
2715	1831
2715	1835
2716	1838
2716	1842
2715	1846
2715	1849
2715	1853
2716	1857
2717	1860
2717	1864
2717	1868
2718	1871
2717	1875
2718	1879
2719	1882
2719	1886
2719	1890
2718	1893
2718	1897
2720	1901
2719	1904
2719	1908
2719	1912
2719	1915
2720	1919
2721	1923
2720	1926
2721	1930
2721	1934
2720	1937
2721	1941
2722	1945
2721	1948
2722	1952
2722	1956
2722	1960
2723	1963
2723	1967
2723	1971
2724	1974
2723	1978
2723	1982
2724	1986
2724	1989
2724	1993
2723	1997
2724	2000
2723	2004
2723	2008
2723	2011
2723	2015
2723	2019
2723	2022
2724	2026
2724	2030
2724	2034
2725	2037
2724	2041
2724	2045
2724	2048
2725	2052
2724	2056
2725	2060
2726	2064
2727	2067
2726	2071
2727	2075
2727	2079
2727	2082
2727	2086
2726	2090
2726	2093
2726	2097
2727	2101
2728	2105
2729	2109
2729	2112
2729	2116
2729	2120
2729	2124
2729	2127
2729	2131
2729	2135
2728	2138
2727	2142
2728	2146
2727	2150
2728	2153
2727	2157
2727	2161
2729	2165
2728	2168
2728	2172
2729	2176
2730	2180
2730	2184
2731	2188
2731	2192
2730	2195
2731	2199
2731	2203
2731	2207
2732	2211
2732	2214
2732	2218
2732	2222
2732	2226
2732	2230
2732	2233
2732	2237
2732	2241
2732	2245
2733	2249
2733	2253
2733	2256
2733	2260
2733	2264
2733	2268
2734	2272
2734	2276
2733	2279
2733	2283
2733	2287
2735	2291
2735	2295
2735	2299
2735	2303
2735	2307
2735	2311
2736	2315
2739	2319
2738	2323
2736	2326
2736	2330
2737	2334
2737	2338
2737	2342
2737	2346
2740	2350
2740	2354
2740	2358
2740	2362
2740	2366
2740	2370
2740	2373
2740	2377
2740	2381
2740	2385
2740	2389
2740	2393
2741	2397
2741	2401
2742	2405
2742	2409
2742	2413
2742	2417
2742	2421
2742	2425
2742	2429
2742	2433
2741	2436
2741	2440
2741	2444
2742	2448
2743	2453
2744	2457
2744	2461
2744	2465
2744	2469
2745	2473
2746	2477
2746	2481
2746	2485
2746	2489
2746	2493
2746	2497
2746	2501
2746	2505
2746	2509
2747	2513
2747	2517
2746	2521
2747	2525
2747	2529
2747	2533
2747	2537
2747	2541
2746	2545
2745	2549
2745	2553
2745	2557
2745	2561
2745	2565
2745	2569
2744	2573
2744	2577
2743	2580
2744	2585
2744	2589
2744	2593
2744	2597
2742	2601
2742	2605
2743	2609
2744	2613
2744	2617
2744	2621
2744	2625
2745	2630
2745	2634
2745	2638
2744	2642
2746	2647
2748	2651
2747	2655
2748	2660
2747	2663
2746	2667
2746	2671
2745	2675
2746	2680
2746	2684
2745	2688
2745	2692
2746	2696
2745	2700
2745	2704
2745	2708
2746	2713
2745	2717
2745	2721
2745	2725
2744	2729
2744	2733
2744	2737
2745	2742
2745	2746
2746	2750
2744	2754
2745	2758
2745	2763
2745	2767
2745	2771
2746	2776
2745	2780
2745	2784
2745	2788
2745	2793
2746	2797
2745	2801
2746	2805
2745	2809
2745	2813
2744	2818
2743	2822
2744	2826
2744	2830
2744	2835
2746	2840
2745	2844
2745	2848
2745	2852
2744	2856
2745	2861
2746	2866
2746	2870
2745	2874
2746	2879
2746	2883
2746	2887
2746	2892
2747	2896
2746	2900
2745	2905
2747	2909
2746	2913
2744	2917
2744	2922
2745	2926
2744	2930
2743	2934
2743	2939
2743	2943
2742	2947
2742	2951
2742	2956
2744	2961
2743	2965
2743	2969
2742	2973
2741	2978
2742	2982
2743	2987
2742	2991
2741	2996
2742	3000
2742	3005
2743	3010
2743	3014
2743	3019
2743	3023
2746	3029
2745	3033
2744	3037
2743	3041
2742	3045
2741	3050
2740	3054
2740	3058
2740	3063
2740	3067
2741	3072
2741	3077
2740	3081
2740	3085
2740	3090
2744	3096
2743	3101
2743	3105
2742	3109
2741	3113
2740	3118
2740	3123
2738	3126
2723	3123
2703	3117
2694	3117
2689	3119
2686	3122
2684	3125
2684	3130
2693	3140
2712	3154
2737	3172
2742	3180
2743	3185
2743	3189
2742	3194
2742	3198
2742	3203
2740	3207
2740	3211
2739	3216
2738	3220
2738	3225
2737	3229
2737	3234
2738	3239
2738	3244
2738	3249
2739	3254
2739	3259
2739	3264
2740	3269
2739	3274
2739	3278
2739	3283
2738	3288
2739	3293
2738	3297
2739	3303
2740	3308
2740	3313
2739	3318
2739	3322
2739	3327
2739	3332
2739	3337
2739	3342
2738	3347
2738	3351
2738	3356
2736	3360
2736	3365
2734	3369
2735	3374
2733	3378
2733	3383
2732	3388
2731	3392
2730	3397
2731	3402
2731	3407
2730	3411
2729	3416
2728	3420
2727	3425
2727	3430
2726	3434
2725	3439
2727	3445
2727	3450
2726	3455
2724	3459
2724	3464
2723	3468
2722	3473
2722	3478
2721	3483
2720	3487
2720	3492
2719	3497
2718	3502
2718	3506
2717	3511
2718	3517
2717	3522
2716	3526
2715	3531
2714	3535
2714	3541
2714	3546
2713	3551
2712	3555
2712	3560
2711	3565
2710	3570
2709	3574
2709	3580
2709	3585
2711	3591
2710	3596
2710	3602
2709	3606
2708	3611
2708	3616
2707	3621
2707	3627
2707	3632
2707	3637
2707	3643
2706	3647
2707	3653
2707	3659
2707	3665
2709	3672
2709	3677
2708	3681
2707	3686
2706	3691
2704	3695
2702	3699
2699	3703
2697	3707
2696	3712
2694	3716
2693	3721
2692	3725
2691	3731
2690	3735
2689	3740
2688	3745
2687	3750
2685	3754
2684	3759
2682	3763
2681	3768
2680	3773
2678	3777
2676	3781
2675	3786
2673	3791
2672	3795
2670	3799
2671	3806
2669	3810
2668	3815
2667	3820
2666	3825
2664	3829
2662	3833
2660	3838
2660	3843
2659	3848
2657	3853
2656	3858
2655	3863
2653	3867
2651	3871
2651	3877
2649	3881
2648	3886
2646	3891
2644	3895
2644	3900
2643	3906
2642	3911
2640	3915
2638	3920
2636	3924
2634	3929
2632	3933
2630	3937
2628	3941
2626	3946
2625	3951
2623	3955
2623	3961
2621	3966
2620	3971
2620	3977
2619	3981
2616	3985
2613	3988
2611	3993
2609	3998
2608	4003
2606	4008
2605	4013
2604	4018
2602	4022
2599	4026
2596	4030
2589	4029
2572	4021
2560	4016
2560	4022
2554	4023
2554	4029
2550	4032
2548	4036
2550	4044
2571	4069
2574	4079
2572	4083
2570	4087
2568	4092
2565	4096
2563	4100
2560	4104
2559	4109
2557	4113
2555	4118
2551	4121
2550	4126
2547	4130
2545	4134
2542	4138
2540	4143
2539	4148
2538	4153
2535	4157
2533	4162
2531	4167
2529	4171
2526	4175
2524	4179
2522	4184
2519	4187
2516	4191
2514	4195
2510	4199
2508	4203
2507	4208
2505	4213
2502	4217
2500	4222
2498	4226
2496	4231
2494	4236
2492	4240
2488	4243
2486	4247
2483	4251
2480	4255
2477	4259
2474	4263
2471	4266
2469	4271
2466	4274
2463	4278
2467	4289
2238	4059
2234	4061
2234	4067
2231	4071
2230	4075
2228	4080
2226	4091
2223	4093
2221	4098
2219	4102
2220	4109
2433	4343
2431	4348
2428	4352
2426	4356
2424	4361
2421	4365
2419	4370
2416	4375
2414	4379
2411	4383
2408	4387
2406	4391
2403	4396
2401	4401
2399	4405
2397	4410
2394	4415
2393	4420
2391	4425
2388	4429
2385	4433
2382	4437
2380	4441
2376	4445
2373	4449
2371	4454
2369	4459
2366	4463
2363	4467
2361	4471
2358	4476
2356	4481
2354	4485
2351	4489
2348	4494
2345	4498
2342	4502
2339	4505
2335	4509
2332	4513
2329	4516
2326	4520
2323	4524
2320	4528
2318	4534
2317	4539
2314	4544
2312	4548
2308	4552
2306	4557
2304	4562
2300	4565
2297	4568
2293	4572
2291	4577
2287	4580
2284	4584
2280	4587
2278	4591
2275	4596
2271	4599
2269	4604
2265	4608
2262	4611
2260	4616
2257	4621
2254	4625
2252	4631
2250	4636
2248	4641
2244	4644
2240	4647
2237	4650
2233	4654
2231	4659
2229	4664
2226	4669
2223	4673
2219	4676
2215	4679
2212	4682
2208	4685
2204	4689
2201	4693
2198	4697
2194	4700
2190	4703
2187	4707
2184	4712
2180	4714
2176	4717
2170	4718
2165	4719
2163	4724
2160	4729
2158	4734
2154	4737
2150	4740
2147	4744
2143	4748
2140	4751
2136	4754
2132	4758
2130	4763
2127	4767
2123	4770
2119	4773
2114	4775
2111	4779
2109	4784
2105	4787
2101	4790
2097	4794
2094	4798
2090	4801
2087	4805
2085	4811
2083	4817
2081	4823
2077	4827
2074	4831
2071	4835
2068	4839
2065	4843
2061	4847
2057	4849
2052	4852
2048	4855
2044	4857
2040	4860
2036	4864
2033	4867
2029	4870
2025	4874
2021	4877
2017	4880
2013	4883
2009	4886
2006	4890
2002	4893
1998	4897
1994	4899
1989	4901
1986	4905
1982	4908
1978	4911
1973	4913
1969	4915
1965	4918
1961	4922
1958	4926
1954	4929
1950	4932
1945	4935
1941	4937
1937	4940
1933	4943
1929	4947
1926	4950
1921	4952
1917	4955
1911	4955
1906	4957
1902	4960
1899	4964
1894	4966
1889	4967
1885	4970
1881	4973
1877	4976
1873	4979
1869	4983
1864	4984
1860	4987
1856	4989
1851	4992
1848	4995
1844	5000
1840	5003
1837	5006
1833	5010
1829	5013
1825	5016
1821	5019
1817	5022
1813	5026
1809	5029
1805	5032
1801	5035
1797	5038
1792	5040
1788	5043
1784	5047
1780	5049
1777	5053
1773	5057
1768	5059
1763	5060
1758	5061
1754	5064
1749	5066
1745	5069
1741	5072
1736	5074
1732	5076
1728	5079
1724	5083
1721	5088
1716	5089
1711	5091
1707	5094
1703	5098
1699	5099
1694	5102
1690	5105
1687	5110
1682	5112
1677	5112
1672	5114
1667	5115
1663	5118
1658	5119
1653	5120
1648	5122
1644	5125
1640	5128
1635	5130
1631	5133
1627	5137
1623	5140
1618	5142
1613	5143
1608	5144
1604	5146
1599	5148
1595	5151
1590	5153
1586	5156
1582	5158
1577	5159
1572	5160
1567	5163
1562	5163
1557	5164
1552	5166
1548	5169
1544	5172
1540	5175
1535	5177
1531	5180
1527	5184
1523	5187
1519	5189
1514	5190
1509	5193
1505	5196
1500	5197
1495	5199
1491	5201
1487	5205
1482	5207
1477	5207
1472	5208
1467	5210
1463	5213
1458	5215
1454	5218
1449	5219
1443	5218
1438	5218
1433	5219
1427	5219
1422	5219
1417	5220
1411	5220
1407	5223
1403	5226
1398	5228
1394	5230
1389	5233
1386	5236
1382	5242
1378	5245
1373	5247
1369	5250
1364	5251
1359	5252
1355	5255
1351	5258
1347	5261
1341	5262
1337	5264
1332	5266
1328	5268
1323	5269
1318	5271
1314	5273
1308	5273
1303	5273
1298	5275
1293	5277
1289	5280
1284	5281
1280	5283
1275	5285
1270	5287
1265	5288
1261	5290
1256	5292
1251	5293
1247	5295
1242	5297
1237	5299
1233	5301
1228	5304
1223	5304
1218	5303
1212	5304
1207	5305
1202	5306
1198	5307
1193	5310
1189	5313
1185	5317
1181	5320
1176	5323
1171	5324
1167	5325
1161	5326
1156	5327
1152	5328
1146	5329
1142	5330
1137	5332
1132	5332
1126	5332
1121	5333
1117	5335
1112	5338
1107	5338
1103	5340
1098	5341
1093	5344
1088	5343
1082	5342
1077	5344
1073	5346
1068	5348
1063	5348
1058	5349
1053	5349
1048	5351
1043	5352
1038	5353
1034	5356
1029	5357
1024	5359
1019	5360
1015	5361
1010	5363
1006	5366
1001	5369
996	5371
992	5372
986	5372
981	5373
977	5374
972	5377
966	5375
961	5375
956	5376
951	5377
946	5377
941	5377
936	5379
932	5382
927	5383
922	5384
917	5386
913	5388
907	5388
902	5388
897	5389
892	5388
887	5388
882	5389
877	5391
872	5392
868	5394
863	5395
858	5395
852	5395
848	5397
843	5399
838	5401
834	5402
828	5402
823	5401
818	5400
813	5401
808	5402
803	5402
798	5403
793	5404
788	5405
783	5406
778	5406
773	5407
768	5408
764	5411
759	5413
754	5415
749	5414
744	5414
739	5414
734	5414
729	5414
723	5414
719	5415
713	5415
708	5413
703	5413
698	5415
694	5417
689	5419
684	5419
679	5419
674	5421
669	5424
665	5425
660	5426
655	5427
650	5427
645	5426
640	5427
635	5427
629	5424
624	5423
619	5423
614	5425
609	5425
604	5425
599	5426
594	5425
589	5427
584	5430
580	5431
575	5433
570	5433
565	5433
560	5434
555	5434
550	5433
545	5434
540	5435
535	5434
530	5433
524	5432
519	5429
514	5427
509	5427
503	5427
499	5428
494	5427
489	5428
484	5429
479	5430
474	5429
469	5429
464	5429
459	5429
454	5431
449	5432
444	5428
439	5428
434	5428
428	5426
423	5425
418	5426
414	5427
409	5428
404	5428
398	5426
393	5425
388	5424
383	5424
378	5425
373	5424
369	5425
364	5424
358	5424
353	5422
348	5422
343	5421
338	5420
333	5421
328	5421
323	5421
318	5420
313	5420
309	5420
304	5421
299	5420
294	5419
289	5418
284	5416
279	5415
274	5414
269	5414
264	5414
259	5416
254	5417
249	5418
244	5418
239	5415
234	5415
229	5415
224	5414
219	5413
178	5038
174	5043
169	5042
165	5040
160	5037
156	5038
152	5039
147	5039
142	5033
138	5024
133	5022
128	5014
124	5012
119	5013
115	5017
111	5019
107	5020
102	5022
98	5025
94	5034
90	5039
85	5038
81	5036
77	5037
72	5042
68	5044
64	5041
62	5398
57	5384
52	5382
47	5381
42	5378
37	5377
32	5377
27	5376
23	5373
18	5372
13	5372
8	5372
3	5372
-2	5370
-6	5368
-11	5368
-16	5369
-21	5368
-26	5366
-31	5365
-35	5364
-40	5364
-45	5363
-50	5361
-55	5360
-60	5360
-64	5359
-69	5358
-74	5359
-79	5359
-84	5358
-88	5357
-93	5356
-98	5356
-103	5356
-108	5356
-112	5356
-117	5354
-122	5354
-127	5355
-132	5354
-136	5353
-141	5352
-146	5351
-151	5350
-156	5351
-160	5350
-165	5348
-170	5344
-175	5343
-179	5345
-184	5346
-189	5345
-194	5341
-198	5339
-203	5338
-208	5339
-213	5338
-217	5335
-222	5334
-227	5334
-232	5333
-236	5331
-241	5331
-246	5331
-251	5332
-256	5332
-261	5334
-265	5332
-270	5330
-275	5328
-279	5325
-284	5322
-289	5323
-293	5324
-298	5323
-303	5321
-308	5320
-312	5319
-317	5320
-322	5322
-327	5322
-332	5323
-336	5323
-341	5321
-346	5323
-351	5325
-356	5329
-361	5331
-366	5331
-371	5332
-376	5335
-381	5336
-386	5337
-391	5337
-396	5340
-401	5340
-406	5342
-410	5340
-415	5339
-420	5338
-425	5339
-430	5341
-434	5339
-439	5340
-444	5340
-449	5341
-454	5341
-459	5341
-463	5341
-468	5340
-473	5339
-478	5338
-483	5339
-488	5339
-492	5339
-497	5337
-502	5339
-507	5336
-511	5333
-516	5334
-521	5332
-525	5331
-530	5330
-535	5330
-540	5331
-545	5331
-550	5330
-554	5330
-559	5328
-563	5326
-568	5325
-573	5326
-578	5326
-583	5325
-587	5323
-592	5322
-597	5321
-601	5318
-606	5315
-610	5313
-615	5309
-619	5305
-623	5304
-628	5301
-632	5298
-636	5293
-641	5292
-646	5290
-650	5289
-655	5289
-660	5288
-664	5286
-669	5286
-674	5288
-680	5291
-685	5293
-690	5294
-695	5296
-700	5297
-705	5297
-710	5295
-715	5296
-719	5295
-724	5295
-729	5295
-734	5294
-739	5293
-743	5292
-748	5290
-753	5289
-757	5289
-762	5288
-767	5288
-772	5289
-777	5290
-781	5285
-786	5283
-790	5280
-795	5280
-800	5280
-804	5278
-809	5275
-813	5275
-819	5277
-824	5279
-829	5278
-833	5277
-838	5274
-842	5273
-847	5272
-852	5271
-856	5269
-861	5268
-866	5267
-870	5266
-875	5265
-880	5264
-885	5263
-889	5262
-894	5261
-899	5260
-903	5259
-908	5258
-913	5256
-917	5255
-922	5255
-927	5253
-931	5251
-936	5251
-941	5250
-946	5249
-950	5247
-955	5247
-960	5246
-965	5246
-970	5247
-975	5247
-980	5247
-985	5247
-989	5245
-994	5243
-998	5242
-1002	5238
-1007	5236
-1012	5235
-1017	5237
-1022	5238
-1028	5242
-1034	5243
-1039	5245
-1045	5247
-1050	5248
-1056	5250
-1060	5248
-1063	5240
-1067	5237
-1071	5234
-1075	5231
-1079	5226
-1083	5223
-1087	5220
-1091	5216
-1096	5214
-1100	5212
-1104	5209
-1109	5207
-1113	5206
-1118	5204
-1122	5202
-1127	5201
-1131	5198
-1136	5196
-1140	5195
-1145	5193
-1149	5192
-1153	5189
-1158	5186
-1163	5186
-1167	5183
-1171	5180
-1175	5179
-1180	5177
-1185	5176
-1189	5174
-1194	5173
-1199	5172
-1203	5171
-1207	5168
-1212	5166
-1216	5164
-1221	5164
-1226	5162
-1230	5161
-1234	5158
-1239	5156
-1243	5154
-1249	5155
-1254	5156
-1259	5155
-1264	5154
-1269	5155
-1274	5154
-1279	5154
-1284	5154
-1288	5152
-1293	5151
-1298	5150
-1302	5147
-1307	5147
-1312	5146
-1316	5143
-1320	5142
-1325	5139
-1329	5137
-1334	5137
-1339	5136
-1344	5135
-1348	5134
-1353	5133
-1358	5131
-1362	5129
-1367	5129
-1372	5127
-1376	5125
-1381	5123
-1385	5123
-1391	5123
-1396	5123
-1400	5121
-1405	5120
-1412	5123
-1416	5121
-1420	5118
-1424	5116
-1429	5115
-1434	5114
-1439	5114
-1444	5113
-1448	5110
-1452	5107
-1456	5105
-1461	5103
-1465	5102
-1471	5102
-1476	5102
-1481	5101
-1486	5100
-1490	5099
-1495	5097
-1500	5096
-1505	5096
-1510	5095
-1514	5093
-1518	5090
-1522	5086
-1526	5084
-1530	5081
-1534	5078
-1539	5076
-1542	5072
-1547	5071
-1552	5069
-1555	5065
-1558	5061
-1561	5055
-1564	5049
-1567	5044
-1570	5039
-1574	5036
-1578	5034
-1582	5031
-1586	5028
-1590	5025
-1594	5023
-1599	5022
-1603	5020
-1608	5017
-1612	5015
-1617	5015
-1622	5014
-1627	5014
-1631	5011
-1636	5009
-1640	5007
-1644	5004
-1647	5000
-1652	4999
-1657	4998
-1661	4995
-1664	4991
-1668	4988
-1672	4986
-1677	4984
-1682	4982
-1685	4978
-1688	4974
-1692	4971
-1697	4970
-1702	4969
-1706	4967
-1710	4964
-1713	4960
-1717	4956
-1718	4948
-1721	4942
-1724	4939
-1727	4935
-1730	4930
-1733	4925
-1737	4921
-1739	4916
-1742	4910
-1745	4906
-1749	4904
-1754	4902
-1758	4900
-1761	4895
-1764	4892
-1767	4886
-1770	4883
-1774	4881
-1778	4877
-1782	4874
-1785	4870
-1789	4867
-1793	4865
-1797	4863
-1801	4859
-1804	4855
-1808	4852
-1812	4851
-1816	4849
-1821	4846
-1824	4842
-1828	4840
-1831	4835
-1834	4831
-1837	4828
-1841	4825
-1845	4822
-1849	4819
-1853	4817
-1857	4815
-1862	4814
-1866	4811
-1870	4808
-1873	4804
-1877	4802
-1881	4800
-1886	4798
-1890	4795
-1893	4792
-1897	4790
-1901	4787
-1905	4785
-1909	4782
-1913	4780
-1917	4777
-1920	4772
-1924	4769
-1928	4767
-1932	4765
-1936	4763
-1939	4758
-1942	4754
-1945	4750
-1949	4747
-1953	4744
-1957	4742
-1960	4739
-1964	4736
-1968	4733
-1972	4730
-1976	4728
-1979	4724
-1984	4723
-1988	4720
-1990	4716
-1994	4713
-1998	4711
-2002	4708
-2006	4705
-2010	4703
-2015	4702
-2018	4698
-2022	4696
-2025	4692
-2029	4690
-2033	4687
-2036	4683
-2040	4680
-2045	4678
-2049	4676
-2052	4673
-2056	4670
-2060	4668
-2065	4666
-2069	4664
-2073	4662
-2078	4660
-2082	4658
-2085	4655
-2089	4651
-2092	4648
-2095	4644
-2100	4642
-2104	4641
-2108	4638
-2111	4634
-2115	4632
-2120	4630
-2123	4627
-2127	4624
-2131	4622
-2135	4619
-2139	4616
-2143	4614
-2147	4611
-2150	4608
-2155	4606
-2158	4603
-2162	4600
-2166	4597
-2170	4595
-2174	4593
-2178	4590
-2182	4587
-2185	4584
-2190	4582
-2194	4580
-2198	4577
-2201	4574
-2205	4572
-2209	4569
-2212	4565
-2216	4562
-2218	4557
-2221	4554
-2226	4552
-2229	4549
-2233	4545
-2236	4541
-2239	4539
-2243	4535
-2246	4531
-2249	4528
-2254	4526
-2258	4524
-2263	4523
-2266	4519
-2269	4515
-2272	4512
-2276	4509
-2280	4506
-2284	4504
-2287	4500
-2290	4497
-2293	4493
-2297	4490
-2301	4488
-2305	4485
-2309	4482
-2312	4478
-2312	4471
-2314	4467
-2320	4466
-2324	4464
-2327	4460
-2330	4456
-2332	4451
-2335	4448
-2339	4445
-2342	4441
-2346	4439
-2350	4436
-2354	4433
-2357	4430
-2360	4426
-2363	4423
-2366	4419
-2369	4415
-2372	4411
-2376	4408
-2379	4405
-2381	4400
-2383	4395
-2386	4392
-2390	4389
-2394	4387
-2398	4384
-2401	4380
-2404	4377
-2408	4374
-2411	4370
-2413	4366
-2416	4363
-2420	4360
-2422	4355
-2425	4351
-2428	4348
-2432	4345
-2435	4342
-2439	4339
-2442	4336
-2445	4332
-2449	4329
-2451	4325
-2454	4321
-2458	4318
-2461	4315
-2464	4311
-2467	4307
-2471	4304
-2474	4301
-2477	4297
-2480	4294
-2484	4292
-2490	4291
-2493	4288
-2497	4285
-2501	4283
-2506	4280
-2510	4278
-2513	4274
-2516	4271
-2518	4266
-2520	4261
-2523	4258
-2524	4252
-2526	4247
-2528	4243
-2531	4239
-2534	4236
-2538	4234
-2541	4230
-2544	4226
-2546	4222
-2550	4218
-2552	4214
-2555	4210
-2557	4206
-2561	4203
-2563	4198
-2565	4194
-2567	4190
-2570	4186
-2573	4182
-2576	4179
-2579	4176
-2583	4173
-2585	4169
-2587	4164
-2590	4160
-2593	4157
-2596	4153
-2599	4150
-2603	4147
-2605	4143
-2607	4138
-2608	4132
-2610	4128
-2613	4124
-2616	4121
-2620	4118
-2624	4116
-2627	4112
-2629	4108
-2630	4102
-2632	4098
-2635	4094
-2638	4091
-2639	4086
-2641	4081
-2644	4077
-2647	4074
-2651	4072
-2654	4068
-2658	4066
-2661	4062
-2664	4058
-2666	4054
-2669	4050
-2672	4047
-2675	4043
-2677	4039
-2680	4036
-2682	4032
-2683	4026
-2686	4023
-2688	4018
-2689	4012
-2690	4007
-2692	4003
-2693	3998
-2695	3993
-2696	3988
-2696	3983
-2697	3977
-2698	3972
-2699	3966
-2701	3962
-2705	3959
-2707	3955
-2707	3950
-2710	3946
-2712	3942
-2714	3937
-2715	3932
-2715	3926
-2715	3920
-2716	3915
-2719	3912
-2722	3908
-2725	3905
-2726	3900
-2728	3896
-2731	3892
-2732	3888
-2734	3883
-2734	3877
-2734	3871
-2736	3867
-2739	3864
-2741	3860
-2743	3855
-2745	3851
-2747	3847
-2749	3843
-2751	3838
-2753	3834
-2755	3830
-2756	3825
-2756	3820
-2758	3815
-2760	3811
-2762	3807
-2764	3803
-2765	3798
-2767	3794
-2769	3789
-2770	3785
-2770	3779
-2773	3776
-2776	3772
-2778	3768
-2779	3763
-2780	3758
-2781	3754
-2784	3750
-2787	3747
-2788	3742
-2789	3737
-2790	3732
-2789	3726
-2790	3721
-2793	3718
-2796	3714
-2798	3711
-2798	3705
-2797	3699
-2799	3695
-2800	3690
-2801	3685
-2803	3681
-2805	3677
-2807	3673
-2809	3669
-2811	3665
-2812	3660
-2814	3656
-2815	3651
-2816	3647
-2818	3643
-2820	3638
-2820	3633
-2821	3628
-2822	3624
-2821	3618
-2823	3614
-2825	3610
-2829	3607
-2830	3603
-2830	3597
-2828	3590
-2829	3586
-2830	3581
-2829	3575
-2831	3571
-2835	3568
-2838	3565
-2840	3561
-2844	3558
-2843	3553
-2844	3548
-2844	3543
-2846	3539
-2846	3533
-2845	3528
-2847	3523
-2849	3520
-2850	3515
-2850	3510
-2853	3507
-2856	3504
-2858	3500
-2860	3496
-2860	3490
-2861	3486
-2864	3482
-2865	3478
-2863	3472
-2864	3467
-2866	3463
-2868	3459
-2868	3455
-2870	3450
-2870	3446
-2872	3441
-2873	3437
-2873	3432
-2873	3427
-2874	3422
-2875	3418
-2876	3413
-2879	3410
-2880	3406
-2881	3401
-2884	3398
-2884	3393
-2884	3388
-2885	3383
-2887	3379
-2888	3375
-2888	3370
-2889	3366
-2889	3360
-2888	3355
-2887	3349
-2887	3345
-2889	3340
-2891	3337
-2895	3334
-2896	3330
-2897	3326
-2896	3320
-2896	3315
-2898	3311
-2900	3307
-2900	3303
-2900	3297
-2899	3292
-2900	3288
-2901	3283
-2900	3278
-2901	3274
-2903	3270
-2901	3264
-2902	3259
-2902	3255
-2903	3250
-2905	3247
-2905	3242
-2906	3237
-2907	3233
-2906	3228
-2907	3223
-2907	3219
-2905	3213
-2905	3208
-2907	3205
-2909	3200
-2908	3195
-2908	3191
-2910	3187
-2910	3182
-2911	3178
-2912	3174
-2913	3169
-2910	3163
-2909	3158
-2910	3154
-2911	3150
-2911	3144
-2912	3140
-2912	3136
-2914	3132
-2914	3127
-2915	3123
-2916	3119
-2916	3114
-2917	3110
-2919	3106
-2920	3102
-2922	3098
-2923	3094
-2922	3089
-2921	3084
-2919	3079
-2920	3074
-2922	3071
-2921	3066
-2921	3061
-2921	3056
-2920	3051
-2917	3045
-2916	3040
-2917	3036
-2919	3032
-2920	3028
-2918	3023
-2919	3019
-2921	3015
-2917	3009
-2916	3004
-2914	2998
-2916	2995
-2917	2990
-2916	2985
-2915	2981
-2917	2977
-2918	2973
-2918	2968
-2916	2963
-2916	2958
-2916	2954
-2916	2950
-2916	2945
-2912	2939
-2913	2935
-2915	2931
-2913	2926
-2911	2921
-2912	2917
-2911	2912
-2909	2907
-2907	2901
-2908	2897
-2909	2893
-2908	2888
-2909	2884
-2909	2880
-2909	2876
-2908	2871
-2907	2866
-2906	2861
-2905	2857
-2906	2852
-2907	2849
-2906	2844
-2905	2839
-2904	2835
-2904	2830
-2905	2826
-2906	2822
-2906	2818
-2904	2813
-2904	2808
-2904	2804
-2905	2800
-2905	2796
-2901	2790
-2901	2786
-2902	2782
-2903	2778
-2903	2774
-2902	2769
-2899	2764
-2897	2759
-2898	2755
-2897	2750
-2898	2746
-2898	2742
-2898	2738
-2900	2735
-2900	2730
-2897	2725
-2897	2721
-2896	2716
-2895	2711
-2895	2707
-2894	2703
-2894	2699
-2895	2695
-2896	2691
-2896	2687
-2898	2683
-2898	2679
-2895	2674
-2889	2668
-2889	2664
-2890	2660
-2889	2655
-2889	2651
-2887	2646
-2884	2641
-2884	2637
-2886	2634
-2887	2630
-2887	2626
-2888	2622
-2884	2617
-2882	2612
-2881	2607
-2881	2603
-2881	2599
-2880	2595
-2881	2591
-2881	2587
-2881	2583
-2881	2579
-2880	2574
-2877	2569
-2878	2565
-2877	2561
-2875	2557
-2876	2553
-2876	2549
-2873	2544
-2870	2539
-2870	2535
-2871	2531
-2871	2527
-2871	2523
-2868	2518
-2867	2514
-2866	2510
-2862	2504
-2863	2501
-2866	2498
-2866	2494
-2866	2490
-2864	2485
-2862	2481
-2860	2476
-2861	2472
-2857	2467
-2856	2463
-2858	2460
-2860	2456
-2861	2453
-2862	2449
-2860	2444
-2857	2440
-2856	2436
-2858	2432
-2857	2428
-2855	2424
-2854	2419
-2849	2414
-2847	2410
-2845	2405
-2846	2402
-2849	2399
-2848	2394
-2844	2390
-2842	2385
-2840	2381
-2840	2377
-2841	2373
-2843	2370
-2843	2366
-2842	2362
-2840	2358
-2836	2353
-2833	2348
-2836	2345
-2837	2341
-2837	2338
-2833	2333
-2832	2329
-2834	2325
-2836	2322
-2835	2318
-2833	2314
-2832	2310
-2831	2306
-2829	2301
-2828	2297
-2826	2293
-2825	2289
-2824	2285
-2824	2281
-2824	2278
-2824	2274
-2823	2270
-2821	2266
-2820	2261
-2818	2257
-2816	2253
-2815	2249
-2815	2245
-2816	2242
-2815	2238
-2813	2234
-2812	2230
-2813	2226
-2810	2222
-2812	2219
-2812	2215
-2810	2211
-2808	2207
-2808	2203
-2808	2199
-2808	2196
-2807	2192
-2805	2187
-2802	2183
-2800	2179
-2800	2175
-2800	2172
-2799	2168
-2800	2164
-2799	2161
-2799	2157
-2799	2153
-2797	2149
-2794	2145
-2795	2141
-2794	2138
-2794	2134
-2794	2130
-2794	2126
-2794	2123
-2791	2119
-2787	2114
-2784	2110
-2786	2107
-2786	2103
-2782	2099
-2780	2095
-2782	2092
-2784	2088
-2783	2085
-2783	2081
-2783	2077
-2783	2074
-2779	2069
-2779	2066
-2776	2062
-2776	2058
-2776	2055
-2776	2051
-2775	2047
-2774	2043
-2771	2039
-2769	2035
-2768	2032
-2768	2028
-2766	2024
-2765	2021
-2763	2017
-2763	2013
-2763	2010
-2761	2006
-2761	2002
-2758	1998
-2760	1995
-2757	1991
-2756	1987
-2756	1984
-2755	1980
-2756	1976
-2756	1973
-2757	1969
-2756	1966
-2753	1962
-2753	1958
-2752	1955
-2751	1951
-2751	1947
-2751	1944
-2751	1940
-2750	1937
-2748	1933
-2744	1929
-2742	1925
-2743	1922
-2743	1918
-2743	1915
-2742	1911
-2741	1908
-2742	1904
-2739	1900
-2737	1897
-2737	1893
-2738	1890
-2737	1886
-2736	1882
-2735	1879
-2734	1875
-2733	1872
-2734	1868
-2734	1865
-2733	1861
-2730	1857
-2728	1854
-2728	1850
-2726	1847
-2724	1843
-2723	1839
-2721	1836
-2722	1832
-2723	1829
-2722	1825
-2721	1822
-2719	1818
-2719	1815
-2719	1811
-2718	1808
-2716	1804
-2713	1801
-2713	1797
-2714	1794
-2711	1790
-2707	1786
-2707	1783
-2707	1779
-2706	1776
-2703	1772
-2701	1769
-2702	1765
-2703	1762
-2702	1758
-2701	1755
-2701	1752
-2698	1748
-2696	1745
-2695	1741
-2693	1738
-2690	1734
-2690	1731
-2691	1727
-2690	1724
-2689	1720
-2689	1717
-2688	1713
-2685	1710
-2684	1706
-2684	1703
-2683	1700
-2682	1696
-2681	1693
-2681	1689
-2681	1686
-2679	1682
-2679	1679
-2679	1676
-2677	1672
-2676	1669
-2675	1665
-2673	1662
-2673	1658
-2674	1655
-2675	1652
-2673	1648
-2672	1645
-2670	1641
-2668	1638
-2667	1635
-2667	1631
-2664	1628
-2662	1624
-2661	1621
-2661	1618
-2661	1614
-2661	1611
-2660	1607
-2660	1604
-2660	1601
-2657	1597
-2655	1594
-2654	1591
-2654	1587
-2654	1584
-2652	1581
-2651	1577
-2653	1574
-2651	1570
-2649	1567
-2648	1564
-2648	1560
-2647	1557
-2648	1554
-2648	1550
-2646	1547
-2643	1544
-2642	1540
-2644	1537
-2645	1533
-2642	1530
-2639	1527
-2638	1524
-2638	1520
-2638	1517
-2637	1513
-2635	1510
-2632	1507
-2631	1504
-2630	1500
-2632	1497
-2632	1493
-2630	1490
-2627	1487
-2626	1484
-2625	1481
-2625	1477
-2622	1474
-2622	1471
-2622	1467
-2624	1464
-2622	1460
-2621	1457
-2620	1454
-2617	1451
-2618	1447
-2618	1444
-2617	1441
-2616	1437
-2615	1434
-2614	1431
-2611	1428
-2610	1424
-2611	1421
-2609	1418
-2609	1414
-2610	1411
-2608	1408
-2606	1405
-2602	1402
-2601	1398
-2600	1395
-2599	1392
-2599	1389
-2599	1385
-2598	1382
-2598	1379
-2595	1376
-2595	1372
-2595	1369
-2594	1366
-2594	1362
-2593	1359
-2591	1356
-2590	1353
-2588	1350
-2587	1346
-2586	1343
-2586	1340
-2586	1336
-2587	1333
-2584	1330
-2583	1327
-2583	1323
-2581	1320
-2580	1317
-2578	1314
-2577	1311
-2575	1308
-2575	1304
-2574	1301
-2574	1298
-2574	1294
-2573	1291
-2571	1288
-2570	1285
-2570	1281
-2570	1278
-2569	1275
-2569	1272
-2569	1268
-2567	1265
-2567	1262
-2566	1258
-2566	1255
-2564	1252
-2563	1249
-2561	1246
-2560	1243
-2559	1239
-2558	1236
-2558	1233
-2557	1230
-2556	1227
-2555	1223
-2554	1220
-2553	1217
-2551	1214
-2551	1211
-2550	1207
-2549	1204
-2549	1201
-2548	1198
-2548	1194
-2546	1191
-2545	1188
-2542	1185
-2542	1182
-2541	1179
-2540	1176
-2539	1172
-2537	1169
-2536	1166
-2536	1163
-2535	1160
-2534	1157
-2532	1154
-2531	1150
-2532	1147
-2530	1144
-2528	1141
-2528	1138
-2528	1134
-2525	1131
-2523	1128
-2523	1125
-2521	1122
-2518	1119
-2518	1116
-2518	1113
-2518	1109
-2516	1106
-2515	1103
-2514	1100
-2515	1096
-2514	1093
-2513	1090
-2514	1086
-2511	1084
-2507	1081
-2506	1078
-2505	1075
-2504	1072
-2504	1068
-2503	1065
-2502	1062
-2501	1059
-2498	1056
-2497	1053
-2496	1050
-2495	1047
-2496	1043
-2496	1040
-2495	1037
-2493	1034
-2490	1031
-2490	1028
-2489	1025
-2487	1022
-2486	1019
-2485	1016
-2483	1013
-2480	1010
-2479	1007
-2479	1003
-2480	1000
-2481	996
-2479	993
-2477	990
-2477	987
-2475	984
-2474	981
-2473	978
-2470	975
-2470	972
-2470	968
-2469	965
-2469	962
-2467	959
-2466	956
-2467	952
-2462	950
-2460	947
-2460	944
-2460	941
-2460	937
-2460	934
-2458	931
-2457	928
-2456	925
-2454	922
-2453	919
-2452	915
-2450	913
-2450	909
-2450	906
-2448	903
-2446	900
-2446	897
-2443	894
-2441	891
-2442	888
-2441	885
-2441	881
-2440	878
-2438	875
-2438	872
-2435	869
-2432	867
-2430	864
-2430	861
-2429	857
-2425	855
-2425	852
-2425	848
-2425	845
-2423	842
-2420	840
-2418	837
-2418	833
-2419	830
-2417	827
-2416	824
-2415	820
-2414	817
-2413	814
-2413	811
-2413	807
-2411	804
-2410	801
-2411	798
-2409	795
-2408	792
-2407	788
-2405	786
-2403	783
-2402	780
-2402	776
-2402	773
-2399	771
-2397	768
-2398	764
-2397	761
-2396	758
-2394	755
-2393	752
-2393	748
-2392	745
-2389	742
-2387	740
-2386	737
-2386	733
-2385	730
-2384	727
-2383	724
-2383	720
-2381	717
-2379	715
-2378	712
-2377	709
-2375	705
-2375	702
-2374	699
-2373	696
-2372	693
-2370	690
-2369	687
-2369	683
-2368	680
-2366	677
-2365	674
-2364	671
-2363	668
-2363	664
-2362	661
-2359	659
-2358	656
-2358	652
-2355	650
-2355	646
-2354	643
-2352	640
-2349	638
-2347	635
-2345	632
-2345	629
-2344	626
-2345	622
-2344	618
-2341	616
-2340	613
-2338	610
-2337	607
-2336	604
-2336	600
-2335	597
-2335	594
-2334	590
-2334	587
-2332	584
-2331	581
-2330	578
-2330	574
-2328	572
-2325	569
-2324	566
-2321	563
-2320	561
-2318	558
-2316	555
-2315	552
-2316	548
-2315	544
-2314	541
-2312	539
-2312	535
-2311	532
-2310	528
-2308	526
-2307	522
-2308	519
-2307	515
-2304	513
-2302	510
-2300	508
-2299	504
-2298	501
-2298	498
-2299	493
-2297	490
-2295	488
-2294	484
-2291	482
-2287	480
-2286	478
-2284	475
-2284	471
-2282	468
-2280	465
-2280	462
-2279	459
-2277	456
-2275	453
-2273	450
-2272	448
-2271	444
-2270	441
-2267	439
-2265	436
-2264	433
-2263	430
-2265	425
-2263	422
-2262	419
-2260	416
-2258	413
-2256	410
-2255	408
-2254	404
-2253	401
-2250	398
-2249	396
-2247	393
-2248	388
-2249	384
-2246	382
-2245	379
-2246	374
-2244	371
-2242	369
-2241	365
-2240	362
-2239	359
-2237	356
-2234	354
-2233	350
-2232	348
-2228	346
-2224	345
-2224	341
-2225	336
-2224	333
-2223	330
-2222	326
-2222	322
-2221	319
-2217	317
-2216	314
-2218	309
-2217	306
-2216	302
-2214	299
-2212	297
-2211	294
-2209	291
-2209	287
-2208	284
-2207	280
-2203	279
-2202	275
-2202	271
-2202	267
-2201	264
-2200	261
-2197	258
-2194	256
-2193	253
-2194	248
-2192	246
-2190	243
-2193	237
-2195	232
-2193	229
-2190	227
-2187	225
-2185	222
-2184	219
-2181	217
-2178	214
-2177	211
-2177	207
-2178	202
-2178	198
-2176	195
-2174	193
-2173	189
-2172	185
-2173	181
-2173	176
-2172	173
-2170	170
-2169	167
-2169	163
-2165	161
-2160	161
-2156	159
-2153	157
-2151	155
-2144	156
-2140	154
-2135	154
-2130	153
-2126	152
-2122	151
-2117	150
-2115	148
-2112	146
-2107	145
-2103	144
-2099	143
-2095	142
-2090	142
-2086	140
-2082	139
-2077	139
-2074	137
-2071	135
-2066	134
-2064	132
-2058	132
-2054	132
-2050	130
-2048	128
-2044	127
-2040	126
-2035	125
-2031	125
-2028	123
-2025	121
-2025	117
-2027	111
-2025	108
-2024	105
-2023	102
-2022	98
-2020	95
-2019	91
-2019	88
-2018	84
-2018	80
-2017	77
-2014	74
-2012	72
-2011	68
-2010	65
-2011	60
-2008	58
-2007	54
-2006	51
-2004	48
-2004	44
-2002	42
-2000	38
-2000	35
-1998	31
-1998	28
-1996	24
-1995	21
-1993	19
-1991	15
-1990	12
-1991	7
-1990	3
-1989	-1
-1989	-5
-1987	-8
-1985	-10
-1983	-13
-1983	-18
-1983	-22
-1982	-25
-1982	-30
-1980	-33
-1980	-38
-1980	-42
-1976	-43
-1974	-45
-1973	-49
-1974	-54
-1972	-57
-1970	-61
-1969	-64
-1968	-68
-1967	-71
-1966	-75
-1965	-78
-1964	-82
-1961	-84
-1960	-88
-1959	-92
-1957	-94
-1957	-99
-1956	-103
-1954	-105
-1952	-108
-1951	-112
-1950	-116
-1950	-121
-1949	-124
-1946	-126
-1943	-128
-1943	-133
-1943	-138
-1942	-141
-1936	-141
-1917	-127
-1912	-127
-1910	-129
-1907	-132
-1893	-122
-1886	-120
-1893	-132
-1892	-135
-1881	-129
-1875	-128
-1871	-129
-1869	-131
-1866	-133
-1863	-135
-1861	-137
-1849	-130
-1855	-141
-1852	-143
-1850	-146
-1847	-148
-1845	-150
-1834	-144
-1828	-142
-1824	-143
-1821	-144
-1817	-145
-1813	-146
-1809	-147
-1803	-145
-1796	-142
-1791	-141
-1788	-143
-1785	-145
-1783	-147
-1769	-138
-1761	-134
-1757	-134
-1753	-135
-1748	-134
-1743	-134
-1740	-135
-1738	-138
-1737	-141
-1731	-140
-1723	-136
-1718	-135
-1715	-136
-1713	-139
-1708	-139
-1704	-139
-1701	-140
-1698	-141
-1695	-143
-1690	-143
-1687	-143
-1685	-146
-1684	-150
-1681	-151
-1678	-152
-1676	-155
-1673	-157
-1665	-153
-1659	-151
-1655	-151
-1653	-154
-1650	-155
-1647	-156
-1644	-158
-1641	-159
-1636	-158
-1632	-158
-1627	-158
-1625	-160
-1622	-161
-1618	-161
-1592	-135
-1590	-138
-1590	-142
-1587	-144
-1582	-143
-1576	-141
-1569	-136
-1565	-137
-1565	-141
-1562	-143
-1557	-142
-1553	-142
-1549	-141
-1546	-143
-1546	-148
-1545	-152
-1533	-142
-1526	-138
-1521	-137
-1519	-138
-1516	-140
-1513	-141
-1512	-145
-1507	-144
-1502	-142
-1498	-142
-1495	-143
-1490	-142
-1485	-140
-1481	-139
-1478	-140
-1470	-135
-1467	-136
-1462	-135
-1458	-135
-1455	-136
-1452	-137
-1449	-137
-1445	-138
-1442	-139
-1441	-142
-1436	-140
-1427	-133
-1422	-132
-1418	-132
-1415	-133
-1413	-135
-1412	-138
-1408	-138
-1404	-137
-1400	-137
-1397	-138
-1395	-140
-1393	-142
-1391	-145
-1392	-151
-1393	-157
-1390	-158
-1386	-158
-1384	-160
-1381	-161
-1378	-161
-1373	-160
-1368	-158
-1365	-158
-1361	-158
-1356	-157
-1352	-155
-1347	-155
-1344	-155
-1340	-154
-1336	-154
-1333	-155
-1332	-158
-1330	-160
-1327	-160
-1324	-162
-1323	-165
-1320	-167
-1316	-165
-1312	-165
-1311	-169
-1309	-171
-1306	-172
-1299	-167
-1293	-164
-1289	-162
-1291	-171
-1280	-159
-1273	-153
-1268	-152
-1264	-151
-1257	-145
-1254	-145
-1252	-148
-1250	-149
-1247	-151
-1245	-153
-1244	-157
-1243	-161
-1242	-164
-1239	-165
-1237	-167
-1237	-173
-1238	-179
-1225	-165
-1232	-180
-1226	-177
-1220	-173
-1216	-172
-1214	-173
-1211	-174
-1209	-175
-1205	-175
-1202	-175
-1198	-175
-1194	-173
-1184	-163
-1189	-177
-1185	-176
-1183	-177
-1166	-155
-1165	-158
-1165	-164
-1154	-151
-1151	-152
-1149	-154
-1148	-157
-1144	-157
-1141	-156
-1138	-156
-1135	-157
-1131	-156
-1128	-156
-1125	-157
-1123	-158
-1120	-159
-1118	-162
-1117	-166
-1115	-168
-1113	-169
-1111	-172
-1106	-169
-1103	-169
-1102	-172
-1099	-173
-1095	-172
-1093	-173
-1087	-169
-1082	-166
-1079	-165
-1076	-166
-1074	-168
-1070	-167
-1067	-167
-1063	-164
-1059	-164
-1056	-163
-1052	-163
-1050	-163
-1046	-163
-1043	-163
-1040	-163
-1036	-161
-1033	-162
-1031	-163
-1029	-166
-1026	-166
-1022	-164
-1019	-164
-1015	-161
-1012	-162
-1008	-161
-1005	-160
-1001	-158
-997	-157
-993	-155
-988	-151
-984	-149
-981	-149
-979	-150
-977	-152
-974	-154
-972	-155
-969	-155
-966	-155
-963	-156
-961	-157
-959	-158
-956	-159
-953	-158
-947	-152
-941	-147
-937	-144
-933	-143
-931	-144
-928	-144
-925	-144
-922	-143
-918	-142
-916	-142
-913	-143
-911	-145
-910	-149
-911	-157
-914	-169
-910	-167
-886	-121
-882	-118
-878	-117
-876	-119
-873	-118
-870	-119
-871	-127
-882	-158
-880	-159
-878	-161
-871	-152
-865	-145
-862	-144
-859	-144
-856	-145
-854	-146
-851	-146
-862	-178
-775	-0
-772	1
-769	2
-767	1
-765	-0
-762	1
-759	2
-756	2
-754	2
-751	2
-748	2
-746	2
-743	2
-740	3
-738	2
-736	1
-733	1
-731	0
-730	-4
-731	-12
-730	-16
-727	-15
-722	-10
-719	-7
-717	-10
-717	-17
-716	-20
-715	-23
-743	-126
-742	-130
-741	-134
-740	-138
-738	-142
-736	-143
-733	-143
-731	-144
-729	-146
-727	-147
-724	-148
-722	-148
-719	-149
-717	-151
-715	-151
-712	-151
-710	-152
-708	-154
-705	-154
-702	-155
-700	-156
-697	-155
-695	-156
-692	-157
-690	-158
-688	-159
-685	-159
-683	-159
-680	-159
-678	-161
-676	-163
-672	-160
-669	-158
-664	-152
-661	-150
-658	-150
-655	-149
-652	-147
-649	-145
-646	-144
-643	-144
-641	-146
-638	-146
-636	-146
-633	-145
-631	-147
-629	-150
-627	-151
-624	-152
-622	-154
-620	-156
-619	-160
-616	-161
-613	-157
-608	-151
-605	-147
-602	-146
-599	-146
-597	-148
-595	-149
-593	-153
-596	-170
-595	-176
-593	-178
-590	-177
-587	-177
-584	-177
-582	-178
-580	-180
-577	-179
-574	-179
-572	-180
-569	-178
-567	-179
-564	-180
-562	-180
-559	-180
-556	-179
-553	-179
-551	-179
-549	-181
-547	-183
-545	-185
-542	-186
-539	-183
-537	-184
-534	-186
-532	-185
-529	-185
-527	-186
-524	-186
-521	-185
-518	-183
-516	-184
-513	-184
-511	-184
-508	-182
-504	-180
-502	-180
-500	-181
-497	-181
-494	-181
-492	-182
-490	-182
-486	-180
-484	-180
-482	-182
-479	-181
-477	-184
-475	-185
-472	-185
-470	-185
-467	-186
-465	-185
-462	-185
-459	-185
-457	-185
-454	-185
-452	-185
-449	-184
-447	-185
-444	-185
-441	-183
-439	-184
-436	-183
-434	-183
-431	-184
-429	-185
-426	-184
-423	-182
-420	-180
-418	-179
-414	-175
-412	-175
-410	-177
-408	-180
-406	-183
-404	-184
-401	-183
-398	-182
-396	-183
-393	-183
-391	-185
-388	-184
-386	-184
-383	-183
-381	-183
-378	-184
-376	-184
-373	-186
-370	-181
-367	-180
-365	-180
-363	-181
-360	-183
-358	-184
-356	-184
-353	-184
-351	-184
-348	-184
-345	-183
-343	-182
-340	-183
-338	-183
-336	-185
-333	-185
-331	-185
-328	-183
-326	-184
-323	-184
-321	-185
-318	-186
-316	-185
-313	-185
-311	-184
-308	-184
-306	-184
-303	-185
-301	-184
-298	-185
-296	-185
-293	-184
-291	-183
-288	-184
-286	-186
-284	-186
-281	-184
-278	-184
-276	-185
-274	-186
-271	-186
-269	-185
-266	-184
-264	-184
-261	-184
-259	-184
-256	-184
-254	-183
-251	-183
-249	-183
-246	-184
-244	-184
-241	-185
-239	-185
-237	-185
-234	-184
-231	-182
-229	-184
-227	-184
-224	-184
-222	-184
-219	-183
-217	-183
-214	-183
-212	-183
-209	-183
-207	-183
-204	-183
-202	-183
-199	-183
-197	-183
-195	-183
-192	-183
-190	-184
-187	-185
-185	-184
-182	-184
-180	-184
-177	-183
-175	-182
-172	-182
-170	-184
-168	-183
-165	-184
-163	-184
-160	-184
-158	-183
-155	-183
-153	-185
-150	-184
-148	-184
-146	-183
-143	-183
-141	-183
-138	-183
-136	-182
-133	-182
-131	-184
-128	-184
-126	-184
-124	-183
-121	-182
-119	-182
-116	-183
-114	-183
-111	-183
-109	-183
-106	-182
-104	-182
-102	-182
-99	-182
-97	-182
-94	-183
-92	-183
-89	-182
-87	-182
-84	-182
-82	-183
-80	-183
-77	-182
-75	-182
-70	-183
-67	-183
-65	-183
-63	-183
-60	-182
-58	-182
-55	-182
-53	-182
-50	-183
-48	-183
-45	-183
-43	-183
-41	-183
-38	-182
-36	-182
-33	-183
-31	-183
-28	-183
-26	-183
-23	-182
-21	-182
-19	-182
-16	-182
-14	-183
-11	-183
-9	-183
-6	-183
-4	-183
-1	-183
1	-183
3	-183
6	-183
8	-183
11	-183
13	-182
16	-182
18	-183
21	-184
23	-183
25	-183
28	-184
30	-185
33	-185
35	-184
38	-184
40	-184
43	-183
45	-184
48	-184
50	-184
52	-184
55	-184
57	-183
60	-183
62	-182
65	-183
67	-183
70	-183
72	-183
75	-184
77	-185
79	-184
82	-184
84	-184
87	-184
89	-184
92	-185
94	-185
97	-183
99	-183
102	-184
104	-185
106	-183
109	-184
112	-185
114	-185
116	-185
119	-184
121	-184
124	-185
126	-186
129	-185
131	-186
134	-186
136	-186
139	-185
141	-184
143	-184
146	-185
148	-184
151	-184
153	-185
156	-185
158	-185
161	-184
163	-184
166	-183
168	-184
171	-185
173	-185
176	-185
178	-185
181	-184
183	-183
186	-184
188	-183
191	-184
193	-185
196	-185
198	-185
201	-185
203	-184
206	-184
208	-184
211	-184
213	-185
216	-185
218	-185
221	-186
223	-186
226	-184
228	-184
231	-184
233	-185
236	-186
238	-185
241	-185
243	-185
246	-185
248	-186
251	-185
253	-185
256	-184
258	-184
261	-185
263	-185
266	-185
268	-184
271	-185
273	-184
276	-185
278	-184
281	-185
284	-186
286	-186
289	-186
291	-186
294	-186
296	-184
299	-185
301	-184
304	-185
306	-184
309	-185
311	-184
314	-185
316	-184
319	-186
322	-185
324	-185
327	-185
329	-184
332	-185
334	-184
336	-183
339	-183
342	-183
344	-184
347	-184
350	-185
352	-185
355	-185
357	-185
360	-185
362	-185
365	-184
367	-185
370	-185
373	-185
375	-185
378	-184
380	-185
383	-184
385	-184
388	-185
391	-184
393	-185
396	-185
398	-184
401	-184
404	-184
406	-185
409	-185
412	-185
414	-186
417	-185
419	-184
422	-184
425	-185
427	-185
430	-185
432	-185
435	-185
437	-184
440	-184
443	-184
445	-184
448	-184
451	-185
453	-185
456	-184
458	-184
461	-185
464	-184
466	-184
469	-184
472	-185
474	-185
477	-185
480	-184
482	-184
485	-184
487	-184
490	-184
493	-185
496	-185
498	-184
501	-184
504	-185
506	-185
509	-185
511	-184
514	-186
517	-185
520	-186
522	-185
525	-184
528	-185
530	-184
533	-185
536	-184
538	-184
541	-185
543	-184
546	-182
548	-182
551	-181
553	-180
555	-179
558	-178
560	-177
562	-174
563	-170
565	-166
566	-163
568	-161
570	-158
572	-156
575	-157
578	-159
581	-159
583	-158
586	-159
590	-162
595	-167
600	-173
604	-177
607	-179
609	-177
612	-177
614	-176
618	-177
620	-177
615	-156
616	-151
618	-148
614	-132
616	-128
617	-125
619	-123
621	-121
623	-120
625	-118
627	-116
630	-116
633	-117
636	-116
638	-116
641	-115
643	-115
646	-114
648	-112
650	-111
653	-112
656	-113
659	-114
662	-114
665	-115
669	-117
672	-119
676	-121
679	-122
684	-127
690	-134
700	-152
703	-154
706	-154
709	-153
712	-154
714	-152
717	-152
719	-151
721	-150
724	-149
726	-148
729	-147
731	-146
733	-145
736	-144
738	-143
741	-143
743	-141
745	-139
746	-135
747	-131
748	-128
749	-123
750	-118
750	-112
721	-18
721	-12
722	-8
723	-5
725	-4
728	-4
730	-2
732	-1
734	0
736	1
739	2
741	2
744	2
748	-0
751	-2
752	2
756	-0
758	2
763	-3
765	-3
777	-4
777	1
780	1
782	1
864	-137
867	-136
870	-137
874	-138
878	-141
883	-146
890	-153
895	-157
896	-153
896	-146
896	-141
898	-139
901	-138
903	-138
906	-137
911	-140
928	-167
936	-176
940	-177
943	-178
946	-177
950	-178
953	-178
956	-178
959	-178
965	-183
970	-187
974	-188
977	-187
981	-188
983	-186
988	-189
990	-187
992	-186
995	-184
998	-184
1001	-183
1004	-183
1007	-182
1010	-183
1013	-183
1016	-183
1020	-183
1023	-182
1026	-183
1029	-182
1032	-181
1036	-183
1040	-183
1043	-183
1046	-183
1050	-184
1053	-184
1057	-184
1060	-184
1062	-182
1066	-182
1069	-182
1072	-182
1076	-182
1079	-182
1083	-183
1086	-183
1090	-183
1093	-182
1096	-182
1099	-182
1102	-181
1106	-182
1110	-182
1113	-183
1117	-183
1120	-182
1124	-183
1127	-183
1130	-183
1134	-183
1138	-184
1141	-184
1145	-184
1148	-184
1151	-182
1154	-182
1157	-182
1161	-182
1164	-182
1168	-183
1172	-183
1175	-183
1178	-182
1182	-182
1186	-182
1190	-183
1190	-179
1191	-175
1193	-172
1196	-171
1201	-174
1211	-183
1214	-182
1218	-182
1221	-181
1225	-182
1229	-183
1232	-183
1236	-183
1239	-182
1243	-182
1245	-180
1248	-178
1250	-177
1252	-174
1254	-172
1258	-172
1261	-171
1264	-171
1267	-170
1272	-172
1276	-172
1279	-171
1283	-172
1288	-173
1295	-179
1298	-178
1302	-177
1306	-177
1309	-176
1311	-174
1313	-172
1315	-170
1318	-168
1321	-168
1325	-168
1328	-167
1331	-165
1334	-165
1340	-167
1356	-183
1361	-186
1363	-183
1364	-179
1366	-176
1369	-175
1371	-173
1374	-171
1376	-169
1378	-167
1382	-167
1388	-170
1394	-173
1398	-172
1402	-172
1408	-176
1413	-177
1416	-176
1421	-176
1425	-177
1429	-177
1432	-176
1435	-174
1438	-173
1441	-171
1445	-171
1448	-171
1454	-173
1462	-178
1468	-179
1469	-177
1472	-175
1475	-174
1478	-172
1481	-171
1483	-169
1488	-170
1497	-175
1502	-177
1509	-179
1513	-179
1518	-180
1524	-183
1529	-183
1534	-185
1537	-183
1540	-181
1544	-182
1549	-182
1554	-183
1555	-179
1553	-172
1553	-167
1557	-167
1559	-164
1568	-169
1580	-178
1582	-175
1582	-171
1585	-170
1594	-174
1597	-173
1598	-169
1599	-165
1602	-164
1606	-163
1612	-166
1620	-169
1626	-171
1631	-172
1635	-171
1638	-169
1644	-171
1649	-171
1653	-171
1656	-169
1658	-167
1661	-165
1664	-164
1669	-164
1674	-164
1682	-168
1685	-166
1689	-166
1694	-166
1700	-168
1702	-165
1705	-163
1708	-161
1713	-162
1724	-168
1729	-169
1731	-166
1734	-165
1739	-165
1743	-164
1752	-169
1757	-169
1760	-167
1762	-164
1764	-161
1767	-159
1771	-159
1780	-163
1783	-161
1791	-165
1793	-162
1796	-159
1799	-157
1807	-161
1822	-171
1822	-165
1823	-162
1827	-161
1832	-162
1838	-162
1840	-159
1843	-158
1846	-156
1850	-155
1857	-156
1865	-159
1873	-162
1879	-163
1881	-160
1884	-158
1887	-156
1893	-157
1900	-159
1906	-160
1907	-156
1906	-150
1906	-145
1908	-143
1912	-141
1917	-141
1923	-142
1929	-142
1935	-143
1941	-144
1947	-144
1959	-150
1972	-157
1975	-155
1978	-153
1982	-152
1988	-152
1992	-151
1997	-151
2003	-151
2020	-162
2024	-160
2028	-159
2032	-158
2034	-154
2035	-150
2034	-145
2036	-142
2042	-142
2049	-143
2053	-142
2058	-142
2065	-143
2077	-148
2081	-147
2090	-149
2097	-151
2104	-152
2108	-151
2115	-151
2119	-149
2122	-147
2128	-147
2138	-151
2148	-155
2152	-153
2153	-149
2154	-145
2155	-140
2155	-136
2165	-139
2174	-142
2176	-138
2178	-135
2180	-132
2183	-129
2186	-127
2193	-128
2202	-131
2208	-130
2212	-128
2217	-128
2225	-129
2235	-133
2239	-130
2240	-127
2244	-125
2249	-124
2253	-122
2260	-122
2271	-126
2284	-132
2288	-130
2292	-128
2296	-126
2299	-124
2304	-122
2313	-124
2316	-122
2318	-118
2322	-117
2324	-113
2326	-110
2327	-105
2327	-100
2328	-96
2329	-92
2330	-88
2331	-84
2330	-79
2329	-73
2329	-68
2332	-65
2332	-61
2331	-56
2335	-54
2338	-50
2339	-47
2340	-43
2343	-40
2345	-37
2346	-32
2346	-28
2349	-26
2351	-22
2351	-17
2353	-14
2357	-12
2357	-7
2355	-1
2356	3
2357	7
2359	10
2359	15
2360	19
2363	22
2366	24
2366	28
2367	33
2367	37
2367	42
2367	46
2368	51
2371	53
2374	56
2374	60
2373	65
2373	70
2377	72
2381	74
2382	78
2382	83
2382	87
2385	89
2386	94
2384	99
2383	105
2382	109
2384	113
2379	121
2379	125
2379	130
2378	134
2378	139
2378	144
2379	147
2381	150
2383	154
2382	159
2384	162
2386	165
2385	170
2387	174
2388	177
2390	180
2392	184
2394	187
2393	192
2394	196
2395	199
2397	203
2398	206
2399	210
2400	214
2403	217
2404	220
2403	226
2403	230
2404	234
2406	237
2408	240
2409	243
2410	247
2410	252
2411	255
2413	258
2415	261
2415	266
2416	270
2417	273
2420	276
2419	281
2419	285
2421	288
2422	292
2422	296
2425	299
2428	302
2429	305
2428	310
2427	315
2428	318
2429	322
2430	326
2432	329
2434	332
2436	335
2437	339
2437	343
2438	346
2440	350
2442	353
2443	357
2442	361
2442	366
2443	369
2445	372
2450	374
2451	377
2450	382
2451	386
2454	389
2455	392
2455	397
2454	401
2455	405
2458	407
2458	412
2458	415
2460	419
2463	421
2466	424
2469	427
2469	430
2469	435
2470	438
2472	442
2472	445
2474	449
2477	451
2479	455
2480	458
2479	463
2481	466
2480	470
2481	474
2482	478
2484	481
2483	485
2485	488
2486	492
2487	495
2489	499
2490	502
2489	507
2489	511
2489	515
2490	518
2491	522
2491	526
2492	530
2493	533
2493	537
2495	541
2496	544
2498	547
2500	550
2501	554
2501	558
2503	561
2504	564
2505	568
2505	572
2506	576
2506	579
2507	583
2508	587
2510	590
2511	593
2512	597
2511	601
2512	605
2514	608
2515	611
2516	615
2516	619
2518	622
2518	626
2518	630
2518	634
2519	638
2520	641
2519	645
2520	649
2520	653
2520	657
2520	660
2521	664
2522	667
2523	671
2524	675
2525	678
2525	682
2527	685
2527	689
2527	693
2528	696
2529	700
2529	703
2530	707
2530	711
2530	715
2531	718
2532	722
2532	726
2533	729
2534	733
2534	736
2535	740
2536	744
2537	747
2537	751
2537	754
2539	758
2539	762
2539	765
2539	769
2541	772
2542	776
2542	780
2542	783
2542	787
2543	791
2543	795
2545	798
2546	801
2546	805
2547	809
2548	812
2549	815
2550	819
2550	822
2550	826
2551	830
2552	833
2554	836
2555	840
2555	844
2556	847
2556	851
2557	854
2558	858
2558	861
2559	865
2560	868
2560	872
2561	876
2562	879
2563	883
2565	886
2568	889
2571	891
2574	894
2575	898
2576	901
2578	904
2580	907
2581	911
2581	915
2582	918
2582	922
2583	925
2584	929
2586	932
2588	935
2590	938
2592	942
2592	945
2593	949
2594	952
2594	956
2594	959
2595	963
2596	966
2598	970
2599	973
2600	977
2601	980
2602	984
2601	988
2602	991
2603	995
2604	998
2604	1002
2604	1005
2604	1009
2604	1013
2605	1016
2606	1020
2606	1023
2606	1027
2606	1031
2606	1035
2606	1038
2608	1041
2608	1045
2610	1048
2611	1052
2612	1055
2611	1059
2613	1062
2614	1066
2614	1070
2615	1073
2615	1077
2616	1080
2616	1084
2614	1088
2615	1091
2615	1095
2616	1098
2617	1102
2618	1105
2618	1109
2619	1112
2620	1116
2621	1119
2620	1123
2620	1127
2620	1131
2620	1134
2620	1138
2620	1142
2621	1145
2621	1149
2621	1152
2622	1156
2622	1159
2622	1163
2623	1166
2625	1170
2625	1173
2626	1177
2627	1180
2628	1184
2628	1187
2629	1191
2630	1194
2632	1198
2632	1201
2632	1205
2633	1208
2633	1212
2634	1215
2636	1219
2636	1222
2636	1226
2636	1229
2636	1233
2636	1237
2636	1240
2638	1244
2638	1247
2638	1251
2638	1255
2639	1258
2640	1262
2640	1265
2641	1269
2641	1272
2643	1276
2642	1279
2644	1283
2646	1286
2647	1289
2646	1293
2647	1297
2648	1300
2649	1304
2650	1307
2652	1310
2653	1314
2654	1317
2653	1321
2654	1325
2653	1328
2654	1332
2654	1335
2655	1339
2657	1342
2658	1346
2659	1349
2659	1353
2659	1357
2660	1360
2660	1364
2657	1368
2656	1371
2657	1375
2657	1378
2657	1382
2657	1386
2657	1389
2658	1393
2658	1396
2658	1400
2659	1403
2659	1407
2661	1410
2660	1414
2660	1418
2660	1421
2661	1425
2662	1428
2664	1432
2664	1435
2664	1439
2665	1442
2666	1446
2667	1449
2667	1453
2667	1457
2668	1460
2669	1464
2671	1467
2671	1471
2671	1474
2672	1478
2674	1481
2674	1485
2674	1488
2675	1492
2675	1495
2675	1499
2675	1503
2675	1506
2677	1510
2677	1513
2677	1517
2678	1520
2679	1524
2680	1528
2680	1531
2679	1535
2679	1538
2681	1542
2681	1545
2681	1549
2681	1553
2682	1556
2682	1560
2685	1563
2685	1567
2686	1570
2687	1574
2688	1578
2689	1581
2689	1585
2691	1588
2691	1592
2691	1595
2691	1599
2691	1603
2691	1606
2692	1610
2692	1613
2692	1617
2693	1621
2693	1624
2694	1628
2693	1631
2694	1635
2693	1639
2691	1642
2690	1646
2690	1650
2690	1653
2691	1657
