2598	1667
2600	1671
2601	1674
2602	1678
2600	1681
2598	1685
2601	1692
2602	1695
2603	1698
2604	1702
2604	1705
2602	1709
2602	1712
2603	1716
2604	1719
2605	1723
2604	1726
2604	1730
2606	1733
2608	1737
2609	1740
2610	1744
2610	1747
2609	1751
2608	1754
2606	1758
2606	1761
2605	1765
2604	1768
2606	1772
2610	1775
2611	1779
2612	1783
2612	1786
2612	1790
2612	1793
2611	1797
2609	1800
2609	1803
2612	1807
2615	1811
2615	1814
2615	1818
2615	1821
2615	1825
2616	1828
2616	1832
2615	1835
2616	1839
2616	1842
2615	1846
2615	1849
2616	1853
2616	1856
2615	1860
2615	1863
2615	1867
2616	1871
2616	1874
2617	1878
2618	1881
2621	1885
2624	1889
2623	1892
2620	1896
2623	1899
2624	1903
2623	1906
2623	1910
2624	1914
2624	1917
2622	1920
2623	1924
2623	1928
2622	1931
2622	1935
2623	1938
2621	1942
2620	1945
2623	1949
2623	1952
2622	1956
2622	1959
2621	1963
2622	1967
2622	1970
2623	1974
2625	1978
2625	1981
2625	1985
2623	1988
2622	1991
2623	1995
2623	1999
2626	2003
2626	2006
2626	2010
2627	2013
2627	2017
2627	2021
2626	2024
2627	2028
2627	2031
2630	2035
2628	2039
2627	2042
2626	2045
2627	2049
2629	2053
2629	2057
2631	2060
2630	2064
2630	2067
2629	2071
2630	2075
2630	2078
2631	2082
2634	2086
2634	2090
2635	2093
2634	2097
2633	2100
2632	2104
2634	2108
2633	2111
2633	2115
2633	2118
2634	2122
2635	2126
2635	2130
2637	2134
2638	2137
2634	2140
2635	2144
2635	2148
2636	2152
2636	2155
2637	2159
2638	2163
2639	2167
2639	2170
2640	2174
2641	2178
2641	2182
2640	2185
2640	2189
2641	2193
2643	2197
2643	2200
2642	2204
2642	2207
2642	2211
2642	2215
2642	2218
2644	2223
2644	2226
2646	2230
2647	2234
2648	2238
2646	2241
2647	2245
2648	2249
2649	2253
2650	2257
2651	2261
2651	2265
2653	2269
2651	2272
2650	2276
2651	2280
2650	2283
2650	2287
2650	2291
2650	2294
2651	2298
2652	2302
2653	2306
2653	2310
2652	2313
2649	2316
2649	2320
2648	2324
2649	2328
2652	2332
2654	2336
2655	2340
2653	2344
2653	2347
2655	2352
2655	2355
2656	2360
2656	2363
2656	2367
2656	2371
2656	2374
2655	2378
2654	2382
2656	2386
2659	2390
2659	2394
2659	2398
2658	2402
2656	2405
2655	2408
2657	2413
2659	2417
2660	2421
2660	2425
2660	2429
2659	2432
2659	2436
2659	2440
2659	2444
2660	2448
2659	2452
2661	2456
2662	2460
2663	2464
2662	2468
2660	2471
2658	2475
2659	2479
2660	2483
2661	2487
2661	2491
2662	2495
2663	2499
2664	2503
2664	2507
2664	2511
2666	2516
2667	2520
2666	2523
2665	2527
2665	2531
2666	2535
2665	2539
2664	2542
2665	2547
2664	2550
2663	2554
2662	2558
2660	2561
2664	2566
2666	2570
2666	2575
2667	2579
2668	2583
2668	2587
2667	2591
2666	2594
2667	2599
2667	2602
2666	2606
2664	2610
2664	2613
2665	2618
2665	2622
2666	2626
2667	2630
2666	2634
2667	2638
2668	2643
2667	2647
2666	2650
2668	2655
2668	2659
2670	2664
2669	2668
2668	2671
2668	2675
2668	2679
2667	2683
2669	2687
2668	2691
2669	2696
2669	2700
2668	2703
2668	2707
2670	2712
2670	2716
2669	2720
2669	2724
2669	2728
2669	2732
2668	2736
2669	2741
2669	2745
2671	2750
2672	2754
2671	2758
2671	2762
2671	2766
2670	2770
2670	2774
2671	2779
2672	2783
2672	2787
2672	2792
2673	2796
2672	2800
2673	2804
2670	2807
2669	2811
2669	2815
2675	2822
2675	2826
2674	2830
2672	2833
2673	2838
2673	2842
2672	2846
2671	2850
2673	2855
2674	2860
2673	2863
2671	2867
2673	2872
2674	2876
2673	2880
2674	2885
2675	2890
2677	2895
2676	2899
2673	2901
2671	2905
2671	2909
2674	2915
2679	2921
2680	2926
2677	2929
2677	2933
2682	2940
2683	2945
2685	2950
2682	2953
2681	2957
2680	2961
2683	2967
2683	2971
2684	2976
2685	2981
2684	2985
2685	2990
2685	2994
2686	2999
2686	3003
2683	3007
2682	3010
2683	3015
2685	3021
2685	3025
2685	3030
2686	3035
2686	3039
2686	3044
2684	3047
2682	3050
2684	3056
2684	3060
2684	3065
2683	3069
2684	3074
2685	3079
2685	3084
2684	3087
2683	3091
2683	3096
2684	3101
2687	3107
2687	3112
2686	3116
2684	3119
2684	3124
2685	3129
2684	3133
2684	3138
2685	3143
2684	3147
2684	3151
2685	3156
2684	3161
2683	3165
2683	3170
2683	3174
2684	3179
2682	3183
2680	3186
2680	3191
2666	3188
2641	3179
2612	3168
2608	3170
2605	3173
2605	3177
2603	3181
2602	3185
2602	3189
2602	3194
2605	3200
2680	3252
2679	3257
2677	3260
2676	3264
2675	3269
2673	3272
2672	3277
2672	3281
2673	3287
2673	3292
2672	3296
2670	3299
2668	3303
2667	3307
2667	3312
2666	3317
2666	3321
2666	3326
2666	3331
2665	3335
2664	3340
2663	3344
2662	3348
2662	3353
2661	3357
2661	3362
2660	3366
2658	3370
2659	3375
2658	3380
2655	3383
2654	3387
2656	3393
2657	3399
2657	3404
2654	3407
2653	3412
2654	3417
2653	3422
2653	3426
2652	3431
2651	3436
2651	3440
2649	3444
2649	3449
2648	3454
2647	3458
2646	3462
2646	3467
2647	3473
2649	3479
2647	3483
2644	3487
2644	3492
2645	3498
2646	3503
2649	3510
2649	3515
2648	3520
2649	3526
2648	3531
2648	3536
2649	3542
2648	3546
2647	3550
2648	3556
2647	3561
2647	3566
2647	3571
2645	3576
2642	3578
2640	3582
2638	3586
2636	3590
2635	3595
2638	3602
2638	3608
2638	3612
2637	3618
2632	3619
2631	3624
2628	3627
2627	3631
2633	3641
2631	3645
2629	3649
2629	3655
2628	3659
2626	3664
2624	3667
2622	3671
2615	3671
2614	3676
2613	3681
2614	3687
2615	3693
2614	3698
2613	3702
2612	3708
2610	3712
2616	3721
2615	3726
2605	3724
2605	3730
2602	3733
2599	3736
2612	3751
2598	3746
2597	3751
2600	3759
2599	3764
2610	3778
2609	3783
2607	3788
2595	3784
2594	3788
2594	3794
2593	3799
2591	3803
2590	3808
2587	3811
2585	3815
2585	3821
2585	3827
2585	3832
2583	3836
2584	3843
2582	3848
2580	3852
2578	3856
2579	3862
2576	3866
2574	3870
2572	3874
2572	3879
2573	3887
2572	3891
2569	3895
2566	3898
2569	3906
2569	3912
2566	3916
2562	3918
2562	3924
2563	3931
2561	3935
2560	3940
2559	3945
2557	3949
2547	3947
2541	3948
2538	3951
2537	3956
2535	3961
2543	3974
2545	3981
2545	3987
2543	3992
2543	3997
2545	4006
2545	4012
2544	4017
2543	4022
2542	4027
2539	4031
2537	4035
2535	4040
2533	4044
2531	4049
2533	4056
2531	4061
2528	4064
2526	4069
2523	4073
2522	4077
2523	4085
2517	4085
2519	4094
2520	4101
2518	4106
2515	4109
2511	4112
2513	4120
2509	4122
2515	4134
2514	4140
2510	4143
2508	4147
2505	4151
2504	4157
2503	4162
2501	4166
2498	4170
2496	4174
2492	4178
2491	4183
2490	4188
2484	4189
2277	3997
2273	3999
2270	4002
2267	4006
2268	4013
2263	4027
2260	4029
2257	4033
2255	4036
2255	4042
2476	4281
2474	4286
2472	4291
2468	4294
2466	4298
2463	4302
2460	4306
2458	4310
2456	4315
2454	4320
2453	4325
2451	4331
2448	4334
2446	4339
2445	4345
2443	4350
2442	4356
2439	4360
2435	4362
2434	4368
2434	4376
2431	4380
2428	4383
2424	4386
2422	4391
2419	4394
2414	4397
2411	4400
2408	4404
2406	4409
2407	4418
2403	4420
2399	4423
2397	4428
2398	4437
2400	4445
2397	4449
2393	4452
2390	4456
2387	4460
2385	4466
2384	4471
2381	4475
2377	4478
2373	4481
2371	4486
2373	4495
2371	4501
2368	4505
2367	4512
2366	4518
2363	4522
2358	4523
2355	4527
2351	4530
2349	4535
2348	4541
2345	4546
2343	4551
2341	4556
2341	4564
2346	4577
2343	4582
2340	4586
2338	4590
2334	4594
2332	4599
2328	4602
2324	4605
2321	4609
2317	4612
2313	4615
2310	4618
2308	4624
2305	4629
2301	4632
2298	4635
2295	4639
2291	4642
2288	4646
2286	4652
2282	4656
2278	4658
2275	4662
2271	4666
2267	4669
2265	4673
2263	4679
2259	4682
2252	4681
2248	4685
2246	4690
2244	4695
2240	4698
2237	4702
2234	4707
2231	4711
2226	4713
2220	4713
2217	4716
2214	4721
2211	4726
2208	4730
2205	4734
2202	4738
2202	4747
2199	4751
2194	4753
2191	4757
2190	4764
2187	4768
2182	4770
2177	4772
2174	4776
2172	4782
2169	4786
2164	4788
2160	4790
2155	4792
2151	4795
2152	4806
2153	4815
2148	4817
2144	4820
2141	4824
2138	4830
2134	4833
2129	4834
2126	4838
2125	4845
2124	4852
2119	4855
2116	4859
2111	4861
2106	4862
2102	4866
2098	4869
2100	4881
2098	4886
2094	4890
2090	4892
2085	4894
2080	4896
2076	4899
2071	4901
2070	4909
2068	4914
2064	4918
2061	4923
2059	4928
2055	4932
2050	4933
2045	4934
2041	4939
2038	4943
2035	4947
2031	4950
2026	4953
2025	4960
2021	4963
2016	4965
2014	4971
2010	4975
2007	4979
2004	4984
1999	4986
1996	4991
1992	4994
1987	4995
1982	4997
1979	5002
1976	5006
1972	5010
1969	5014
1963	5015
1959	5018
1956	5023
1951	5024
1947	5027
1943	5031
1939	5035
1936	5038
1932	5042
1926	5042
1920	5042
1915	5044
1912	5049
1909	5053
1904	5056
1900	5058
1895	5061
1891	5063
1888	5068
1884	5072
1880	5075
1876	5079
1871	5080
1865	5079
1861	5082
1857	5086
1853	5090
1849	5092
1844	5095
1840	5097
1835	5100
1832	5104
1829	5109
1822	5108
1818	5110
1813	5112
1808	5113
1805	5119
1803	5125
1799	5130
1796	5134
1791	5135
1783	5132
1779	5135
1776	5141
1772	5144
1767	5146
1763	5148
1759	5152
1756	5158
1752	5160
1747	5163
1744	5168
1741	5174
1735	5173
1729	5172
1724	5174
1720	5177
1716	5180
1711	5182
1705	5181
1700	5184
1696	5187
1694	5194
1690	5198
1687	5203
1683	5207
1678	5208
1672	5209
1668	5211
1664	5215
1660	5218
1656	5221
1652	5225
1648	5229
1644	5233
1640	5236
1637	5241
1633	5245
1628	5248
1625	5252
1620	5255
1617	5259
1613	5263
1608	5266
1603	5266
1598	5267
1594	5271
1590	5275
1586	5278
1580	5279
1576	5282
1572	5286
1567	5288
1565	5295
1560	5298
1552	5291
1547	5293
1544	5299
1540	5303
1535	5304
1530	5307
1527	5311
1523	5316
1518	5317
1513	5320
1510	5324
1506	5328
1500	5328
1496	5331
1492	5335
1487	5337
1482	5338
1480	5347
1476	5350
1471	5352
1466	5353
1461	5355
1457	5359
1452	5361
1447	5363
1442	5364
1437	5365
1432	5367
1429	5373
1424	5375
1419	5377
1411	5371
1407	5376
1403	5378
1399	5382
1395	5386
1391	5391
1386	5393
1381	5394
1377	5397
1372	5399
1366	5399
1361	5400
1357	5403
1352	5406
1347	5407
1342	5407
1337	5411
1333	5414
1328	5417
1324	5420
1319	5422
1315	5425
1311	5429
1306	5431
1301	5432
1296	5433
1289	5430
1284	5432
1280	5435
1275	5437
1270	5439
1265	5442
1261	5445
1256	5447
1251	5448
1246	5449
1241	5451
1237	5455
1233	5458
1228	5460
1222	5461
1217	5462
1212	5464
1207	5465
1203	5468
1198	5470
1193	5472
1187	5471
1182	5471
1177	5472
1172	5474
1167	5477
1163	5481
1159	5486
1154	5488
1148	5486
1145	5493
1140	5495
1135	5496
1130	5499
1126	5502
1120	5501
1115	5502
1110	5504
1106	5507
1101	5509
1096	5511
1090	5511
1084	5509
1079	5509
1073	5508
1069	5512
1064	5514
1059	5517
1055	5519
1050	5523
1045	5525
1040	5525
1034	5525
1029	5525
1024	5528
1020	5530
1015	5531
1010	5534
1005	5537
1000	5537
995	5538
989	5538
984	5540
980	5542
975	5543
970	5545
964	5545
959	5547
954	5548
949	5548
943	5549
938	5550
933	5551
928	5552
923	5553
920	5562
915	5564
910	5566
906	5570
900	5570
895	5570
890	5570
884	5571
879	5573
875	5577
870	5577
863	5573
857	5568
852	5568
847	5571
842	5576
838	5579
834	5585
830	5591
825	5594
820	5596
814	5593
809	5593
804	5595
799	5596
794	5597
789	5599
784	5601
779	5602
773	5598
767	5598
762	5599
757	5602
752	5605
747	5606
742	5605
736	5604
731	5606
726	5607
721	5610
716	5612
712	5614
706	5615
701	5617
696	5619
692	5621
687	5625
682	5626
676	5626
671	5626
666	5630
662	5632
656	5632
651	5632
646	5632
640	5633
636	5635
631	5637
625	5636
620	5636
614	5636
609	5637
604	5638
599	5639
594	5641
589	5643
584	5643
578	5643
573	5645
568	5645
563	5647
558	5649
553	5650
547	5650
542	5650
537	5652
532	5652
527	5654
522	5655
516	5655
511	5657
506	5657
500	5655
495	5653
490	5653
484	5654
479	5655
474	5656
469	5659
465	5664
460	5666
455	5668
449	5670
444	5671
439	5674
435	5679
430	5682
425	5685
420	5686
414	5686
409	5688
404	5689
399	5691
394	5690
388	5691
383	5694
378	5695
373	5697
368	5700
363	5702
358	5704
353	5706
347	5705
342	5702
336	5700
331	5701
326	5705
321	5707
316	5707
310	5705
305	5706
300	5705
294	5706
289	5706
284	5705
278	5704
273	5702
267	5700
262	5698
257	5702
252	5701
246	5701
241	5703
236	5702
230	5701
225	5699
220	5697
214	5691
208	5685
203	5681
197	5680
192	5678
187	5677
181	5676
176	5675
171	5675
166	5675
160	5673
155	5675
150	5676
145	5674
139	5674
134	5674
129	5675
124	5676
119	5677
114	5679
108	5683
103	5683
98	5684
93	5687
88	5690
83	5694
78	5702
72	5704
67	5705
62	5707
57	5708
52	5709
46	5709
41	5710
36	5714
31	5714
25	5714
20	5716
15	5714
-7	5029
-11	5031
-16	5030
-20	5026
-25	5025
-29	5027
-33	5026
-38	5024
-42	5016
-46	5011
-51	5009
-55	5007
-59	5005
-64	5005
-68	5005
-73	5005
-77	5009
-81	5011
-86	5017
-90	5025
-94	5027
-99	5027
-103	5026
-108	5028
-112	5031
-116	5032
-121	5031
-125	5031
-143	5709
-148	5698
-153	5683
-158	5678
-164	5675
-169	5673
-174	5671
-179	5668
-184	5666
-189	5666
-195	5664
-200	5661
-205	5660
-210	5660
-215	5661
-221	5662
-226	5664
-231	5666
-236	5669
-242	5671
-247	5673
-252	5675
-258	5675
-263	5675
-268	5676
-274	5679
-279	5680
-284	5680
-289	5681
-295	5682
-300	5686
-306	5688
-311	5687
-316	5687
-321	5687
-327	5688
-332	5689
-337	5689
-342	5688
-348	5689
-353	5690
-358	5691
-364	5691
-369	5691
-374	5690
-379	5691
-385	5690
-390	5689
-395	5688
-401	5690
-406	5690
-411	5691
-416	5691
-422	5689
-427	5687
-432	5683
-437	5682
-442	5679
-447	5679
-452	5679
-458	5679
-463	5676
-468	5676
-473	5676
-478	5675
-483	5674
-489	5672
-494	5674
-500	5676
-505	5677
-510	5676
-515	5674
-520	5672
-525	5668
-530	5664
-535	5660
-539	5653
-544	5648
-549	5644
-554	5642
-559	5640
-564	5639
-569	5641
-575	5642
-580	5642
-585	5640
-590	5637
-595	5636
-600	5636
-605	5635
-611	5635
-616	5637
-622	5640
-627	5641
-633	5646
-640	5655
-646	5661
-652	5663
-657	5663
-662	5662
-667	5660
-672	5659
-677	5657
-682	5656
-687	5654
-693	5653
-698	5653
-703	5653
-708	5652
-714	5652
-719	5652
-725	5653
-730	5654
-736	5655
-741	5656
-747	5657
-752	5656
-757	5655
-762	5653
-767	5650
-772	5647
-777	5644
-782	5643
-787	5642
-792	5641
-797	5640
-802	5639
-807	5637
-812	5635
-817	5633
-822	5632
-827	5628
-832	5625
-836	5622
-841	5620
-847	5619
-850	5611
-855	5606
-859	5601
-863	5596
-868	5592
-872	5587
-876	5581
-880	5576
-885	5574
-890	5571
-895	5567
-899	5565
-904	5563
-910	5563
-915	5563
-921	5566
-926	5566
-932	5566
-937	5566
-942	5566
-947	5565
-953	5565
-958	5564
-963	5563
-968	5563
-973	5561
-978	5560
-983	5559
-988	5558
-994	5557
-1000	5561
-1005	5560
-1010	5558
-1015	5556
-1019	5552
-1024	5549
-1029	5549
-1034	5548
-1039	5546
-1045	5546
-1050	5547
-1055	5545
-1060	5543
-1065	5541
-1070	5541
-1077	5545
-1082	5545
-1087	5543
-1092	5540
-1095	5534
-1100	5529
-1105	5528
-1109	5526
-1114	5523
-1118	5519
-1123	5515
-1128	5514
-1133	5512
-1138	5511
-1142	5507
-1146	5503
-1150	5499
-1155	5494
-1158	5488
-1161	5480
-1165	5474
-1169	5469
-1173	5465
-1178	5463
-1183	5461
-1191	5471
-1196	5470
-1198	5458
-1203	5457
-1208	5455
-1213	5454
-1218	5453
-1222	5450
-1226	5445
-1230	5441
-1235	5440
-1241	5440
-1246	5440
-1251	5438
-1257	5439
-1262	5440
-1268	5440
-1273	5440
-1278	5439
-1284	5438
-1289	5438
-1294	5438
-1299	5435
-1304	5435
-1309	5434
-1315	5434
-1319	5432
-1324	5429
-1328	5425
-1333	5425
-1340	5428
-1346	5429
-1351	5427
-1355	5425
-1359	5420
-1363	5416
-1368	5413
-1374	5414
-1379	5414
-1384	5412
-1388	5407
-1391	5402
-1395	5397
-1399	5393
-1405	5393
-1410	5393
-1415	5392
-1423	5397
-1427	5395
-1431	5390
-1436	5389
-1441	5388
-1447	5389
-1452	5387
-1456	5383
-1460	5378
-1464	5377
-1469	5375
-1474	5372
-1478	5369
-1482	5365
-1489	5367
-1493	5365
-1498	5363
-1502	5359
-1506	5355
-1510	5351
-1515	5349
-1520	5348
-1524	5344
-1528	5340
-1532	5336
-1537	5334
-1541	5332
-1546	5330
-1552	5330
-1557	5330
-1562	5327
-1566	5324
-1570	5320
-1574	5317
-1579	5315
-1583	5311
-1587	5307
-1591	5305
-1596	5302
-1600	5300
-1605	5298
-1611	5298
-1616	5298
-1621	5297
-1626	5295
-1630	5292
-1635	5289
-1638	5283
-1643	5282
-1648	5280
-1652	5278
-1658	5278
-1664	5278
-1668	5276
-1673	5274
-1678	5273
-1683	5271
-1688	5269
-1693	5267
-1697	5265
-1702	5263
-1707	5261
-1712	5260
-1718	5260
-1722	5258
-1726	5254
-1731	5251
-1735	5249
-1741	5249
-1747	5249
-1752	5247
-1757	5246
-1762	5246
-1767	5243
-1770	5239
-1775	5235
-1779	5233
-1783	5230
-1789	5229
-1792	5225
-1796	5220
-1800	5216
-1804	5214
-1809	5211
-1813	5209
-1818	5206
-1821	5202
-1827	5202
-1832	5200
-1837	5198
-1842	5198
-1846	5194
-1850	5191
-1855	5189
-1858	5184
-1863	5181
-1866	5175
-1869	5171
-1874	5169
-1879	5168
-1884	5167
-1888	5164
-1893	5161
-1897	5159
-1902	5157
-1907	5154
-1911	5152
-1915	5147
-1918	5142
-1922	5139
-1927	5137
-1932	5136
-1936	5133
-1941	5131
-1944	5127
-1947	5122
-1951	5118
-1955	5114
-1959	5111
-1962	5106
-1967	5104
-1972	5103
-1977	5102
-1982	5099
-1986	5096
-1990	5092
-1994	5089
-1999	5087
-2002	5083
-2007	5080
-2011	5078
-2016	5077
-2020	5074
-2025	5071
-2029	5068
-2032	5062
-2035	5057
-2038	5054
-2043	5052
-2047	5049
-2051	5045
-2054	5039
-2054	5030
-2058	5026
-2063	5024
-2066	5021
-2069	5016
-2075	5015
-2079	5013
-2082	5007
-2084	5001
-2087	4996
-2090	4991
-2094	4988
-2098	4985
-2103	4982
-2106	4979
-2111	4977
-2115	4974
-2119	4971
-2123	4967
-2127	4965
-2130	4960
-2134	4957
-2139	4955
-2142	4950
-2145	4945
-2151	4946
-2156	4943
-2160	4940
-2162	4935
-2165	4930
-2168	4925
-2172	4922
-2177	4920
-2181	4917
-2184	4913
-2188	4910
-2193	4908
-2197	4904
-2200	4900
-2204	4896
-2209	4895
-2212	4891
-2216	4887
-2220	4884
-2224	4881
-2229	4879
-2233	4876
-2236	4873
-2241	4870
-2245	4867
-2249	4864
-2253	4860
-2254	4854
-2256	4848
-2260	4845
-2265	4843
-2269	4840
-2273	4837
-2277	4834
-2281	4831
-2286	4829
-2289	4824
-2292	4820
-2295	4815
-2299	4813
-2305	4812
-2309	4809
-2312	4804
-2315	4800
-2318	4796
-2321	4791
-2324	4788
-2328	4785
-2331	4780
-2334	4775
-2338	4772
-2342	4769
-2345	4765
-2348	4761
-2352	4758
-2356	4755
-2360	4751
-2363	4747
-2367	4744
-2372	4742
-2376	4739
-2379	4735
-2381	4730
-2385	4726
-2389	4723
-2393	4721
-2396	4716
-2400	4713
-2405	4711
-2409	4708
-2412	4704
-2415	4699
-2418	4695
-2421	4691
-2423	4686
-2428	4684
-2431	4680
-2435	4676
-2438	4673
-2440	4667
-2444	4663
-2447	4660
-2450	4655
-2453	4651
-2457	4648
-2461	4645
-2466	4643
-2470	4640
-2472	4635
-2475	4631
-2478	4627
-2481	4622
-2484	4619
-2487	4614
-2490	4610
-2493	4606
-2497	4603
-2500	4598
-2504	4596
-2509	4593
-2513	4591
-2516	4587
-2520	4584
-2522	4578
-2523	4572
-2527	4569
-2531	4565
-2535	4563
-2538	4559
-2541	4554
-2544	4551
-2546	4545
-2549	4541
-2551	4536
-2554	4532
-2557	4528
-2559	4522
-2558	4514
-2562	4511
-2566	4508
-2568	4503
-2571	4499
-2576	4497
-2580	4494
-2583	4490
-2586	4486
-2589	4482
-2593	4479
-2596	4475
-2599	4471
-2602	4467
-2605	4463
-2607	4458
-2609	4452
-2613	4450
-2616	4445
-2617	4439
-2619	4434
-2622	4430
-2625	4426
-2627	4421
-2630	4417
-2632	4413
-2636	4409
-2639	4406
-2643	4402
-2646	4398
-2648	4393
-2651	4389
-2653	4385
-2655	4380
-2656	4374
-2658	4369
-2662	4366
-2665	4362
-2669	4359
-2672	4355
-2675	4351
-2677	4346
-2679	4342
-2684	4339
-2686	4334
-2688	4330
-2693	4328
-2696	4324
-2697	4318
-2699	4313
-2698	4305
-2700	4300
-2703	4297
-2706	4293
-2709	4289
-2711	4284
-2713	4279
-2714	4273
-2717	4269
-2719	4265
-2720	4259
-2722	4254
-2726	4252
-2731	4249
-2734	4245
-2733	4238
-2733	4231
-2735	4227
-2739	4224
-2741	4219
-2740	4211
-2743	4207
-2744	4202
-2745	4196
-2750	4194
-2754	4192
-2755	4186
-2757	4181
-2759	4176
-2761	4171
-2764	4168
-2767	4164
-2768	4159
-2770	4154
-2773	4150
-2776	4146
-2777	4141
-2778	4136
-2780	4131
-2780	4124
-2784	4121
-2784	4115
-2785	4110
-2790	4108
-2793	4103
-2794	4098
-2796	4093
-2798	4089
-2800	4084
-2803	4081
-2805	4076
-2807	4072
-2808	4066
-2809	4060
-2812	4057
-2813	4052
-2816	4048
-2819	4044
-2820	4039
-2823	4036
-2827	4032
-2828	4027
-2830	4022
-2830	4016
-2830	4010
-2830	4004
-2833	4000
-2833	3994
-2831	3986
-2832	3981
-2834	3976
-2832	3969
-2833	3963
-2833	3957
-2831	3950
-2833	3946
-2833	3939
-2835	3935
-2838	3931
-2839	3926
-2839	3921
-2839	3914
-2841	3910
-2843	3905
-2843	3900
-2845	3895
-2845	3889
-2843	3882
-2842	3875
-2843	3870
-2845	3866
-2848	3862
-2850	3858
-2853	3854
-2855	3850
-2856	3845
-2858	3841
-2858	3835
-2859	3830
-2860	3825
-2860	3819
-2858	3812
-2860	3808
-2864	3805
-2866	3800
-2868	3796
-2871	3792
-2871	3787
-2871	3781
-2873	3777
-2874	3772
-2876	3768
-2879	3764
-2880	3759
-2881	3754
-2881	3748
-2880	3742
-2881	3738
-2882	3733
-2884	3728
-2884	3723
-2886	3719
-2888	3714
-2890	3710
-2892	3706
-2890	3699
-2890	3693
-2887	3685
-2883	3677
-2878	3668
-2875	3661
-2872	3653
-2869	3646
-2870	3641
-2870	3636
-2871	3631
-2871	3625
-2871	3620
-2872	3615
-2874	3611
-2876	3607
-2876	3601
-2877	3597
-2880	3593
-2879	3587
-2879	3582
-2880	3577
-2881	3572
-2881	3567
-2879	3561
-2879	3555
-2879	3550
-2880	3545
-2880	3540
-2880	3534
-2880	3530
-2883	3527
-2885	3522
-2885	3517
-2884	3511
-2884	3506
-2885	3501
-2888	3498
-2889	3494
-2889	3488
-2891	3484
-2891	3479
-2893	3475
-2893	3470
-2893	3465
-2894	3460
-2894	3455
-2894	3450
-2895	3445
-2895	3441
-2898	3437
-2899	3433
-2899	3427
-2898	3422
-2896	3415
-2896	3410
-2897	3406
-2897	3401
-2900	3397
-2902	3394
-2903	3389
-2903	3384
-2903	3379
-2906	3376
-2907	3371
-2907	3367
-2906	3361
-2907	3356
-2907	3351
-2906	3346
-2906	3341
-2908	3337
-2907	3331
-2906	3326
-2905	3320
-2903	3314
-2904	3310
-2905	3305
-2905	3301
-2906	3296
-2905	3291
-2901	3284
-2901	3279
-2903	3275
-2904	3270
-2905	3266
-2906	3262
-2906	3257
-2903	3251
-2903	3246
-2903	3241
-2903	3236
-2904	3232
-2906	3228
-2908	3224
-2908	3219
-2900	3211
-2901	3206
-2903	3203
-2903	3198
-2903	3193
-2903	3188
-2903	3184
-2903	3179
-2902	3173
-2902	3169
-2903	3164
-2906	3161
-2908	3157
-2909	3153
-2910	3149
-2908	3144
-2906	3138
-2905	3132
-2905	3128
-2905	3123
-2904	3118
-2904	3114
-2904	3109
-2904	3104
-2902	3098
-2901	3093
-2900	3088
-2899	3083
-2901	3079
-2903	3076
-2899	3069
-2899	3065
-2899	3060
-2899	3056
-2901	3052
-2901	3047
-2900	3042
-2899	3037
-2897	3032
-2898	3028
-2900	3024
-2900	3019
-2897	3014
-2894	3008
-2893	3002
-2894	2999
-2894	2994
-2892	2989
-2893	2985
-2891	2979
-2889	2974
-2889	2969
-2886	2964
-2885	2959
-2886	2955
-2887	2951
-2886	2946
-2888	2942
-2890	2939
-2889	2934
-2882	2926
-2882	2922
-2882	2918
-2880	2912
-2879	2908
-2878	2903
-2878	2898
-2878	2894
-2878	2890
-2880	2886
-2881	2882
-2882	2878
-2880	2873
-2880	2869
-2879	2864
-2876	2858
-2871	2852
-2869	2847
-2870	2843
-2871	2839
-2870	2834
-2868	2829
-2867	2825
-2867	2820
-2866	2815
-2863	2810
-2862	2806
-2863	2802
-2862	2797
-2863	2793
-2862	2789
-2862	2784
-2860	2779
-2856	2774
-2855	2769
-2854	2764
-2854	2760
-2856	2757
-2856	2752
-2856	2748
-2854	2743
-2853	2739
-2853	2735
-2851	2730
-2850	2725
-2844	2719
-2845	2715
-2845	2711
-2843	2706
-2842	2702
-2840	2697
-2841	2693
-2842	2689
-2838	2684
-2834	2678
-2835	2674
-2838	2671
-2838	2667
-2838	2663
-2831	2657
-2833	2653
-2824	2646
-2823	2642
-2823	2638
-2824	2634
-2823	2629
-2821	2625
-2819	2620
-2817	2615
-2818	2612
-2819	2608
-2817	2603
-2815	2599
-2813	2594
-2811	2589
-2812	2586
-2811	2581
-2810	2577
-2809	2573
-2808	2569
-2806	2564
-2804	2559
-2804	2555
-2803	2551
-2803	2547
-2802	2543
-2801	2539
-2801	2535
-2801	2531
-2800	2527
-2800	2523
-2796	2518
-2796	2514
-2795	2510
-2795	2506
-2796	2502
-2795	2498
-2794	2493
-2791	2489
-2790	2485
-2790	2481
-2791	2477
-2790	2473
-2789	2469
-2790	2465
-2788	2461
-2780	2455
-2782	2451
-2782	2448
-2780	2443
-2778	2439
-2778	2435
-2780	2432
-2780	2428
-2780	2424
-2780	2420
-2781	2417
-2782	2413
-2782	2409
-2781	2405
-2780	2401
-2773	2396
-2771	2391
-2771	2388
-2773	2384
-2774	2381
-2775	2377
-2773	2373
-2771	2369
-2771	2365
-2772	2361
-2773	2358
-2770	2353
-2770	2349
-2766	2345
-2765	2341
-2760	2336
-2757	2331
-2755	2327
-2754	2323
-2755	2320
-2755	2316
-2752	2312
-2752	2308
-2752	2304
-2753	2301
-2752	2297
-2752	2293
-2753	2290
-2754	2286
-2751	2282
-2748	2277
-2747	2273
-2746	2270
-2744	2265
-2744	2262
-2746	2259
-2745	2255
-2741	2250
-2741	2246
-2741	2243
-2741	2239
-2740	2235
-2737	2231
-2735	2227
-2737	2224
-2737	2220
-2735	2216
-2733	2212
-2733	2208
-2732	2205
-2730	2201
-2731	2197
-2730	2193
-2727	2189
-2726	2185
-2727	2182
-2726	2178
-2723	2174
-2723	2170
-2722	2167
-2719	2162
-2718	2159
-2719	2155
-2720	2152
-2719	2148
-2717	2144
-2716	2140
-2716	2137
-2716	2133
-2716	2130
-2714	2126
-2713	2122
-2712	2118
-2710	2114
-2711	2111
-2709	2107
-2709	2104
-2709	2100
-2708	2096
-2707	2093
-2706	2089
-2706	2085
-2702	2081
-2701	2078
-2700	2074
-2698	2070
-2697	2067
-2698	2063
-2698	2060
-2697	2056
-2692	2052
-2693	2048
-2694	2045
-2695	2042
-2695	2038
-2697	2035
-2697	2031
-2698	2028
-2695	2024
-2693	2020
-2693	2017
-2693	2013
-2691	2010
-2690	2006
-2691	2003
-2689	1999
-2685	1995
-2686	1991
-2686	1988
-2686	1985
-2685	1981
-2683	1977
-2682	1974
-2680	1970
-2680	1966
-2679	1963
-2679	1960
-2678	1956
-2676	1952
-2676	1949
-2674	1945
-2673	1942
-2672	1938
-2672	1935
-2670	1931
-2669	1927
-2667	1924
-2665	1920
-2663	1917
-2663	1913
-2664	1910
-2664	1906
-2662	1903
-2661	1899
-2660	1896
-2653	1892
-2653	1888
-2653	1885
-2654	1882
-2654	1878
-2654	1875
-2652	1871
-2649	1868
-2646	1864
-2644	1860
-2644	1857
-2646	1854
-2648	1851
-2649	1847
-2646	1844
-2642	1840
-2642	1837
-2642	1833
-2642	1830
-2639	1826
-2637	1823
-2636	1819
-2636	1816
-2636	1813
-2639	1809
-2638	1806
-2635	1802
-2633	1799
-2634	1796
-2633	1792
-2633	1789
-2634	1785
-2629	1782
-2628	1779
-2630	1775
-2628	1772
-2627	1768
-2625	1765
-2625	1762
-2626	1758
-2626	1755
-2624	1752
-2621	1748
-2620	1745
-2619	1741
-2619	1738
-2618	1735
-2616	1731
-2614	1728
-2615	1725
-2614	1721
-2612	1718
-2612	1714
-2611	1711
-2611	1708
-2609	1704
-2609	1701
-2608	1698
-2608	1694
-2609	1691
-2608	1688
-2604	1684
-2605	1681
-2606	1678
-2605	1674
-2600	1671
-2596	1668
-2596	1665
-2596	1661
-2595	1658
-2594	1655
-2592	1651
-2593	1648
-2594	1645
-2593	1641
-2590	1638
-2590	1635
-2590	1631
-2589	1628
-2587	1625
-2585	1622
-2584	1618
-2583	1615
-2582	1612
-2582	1609
-2580	1605
-2580	1602
-2579	1599
-2579	1595
-2578	1592
-2576	1589
-2575	1586
-2573	1582
-2573	1579
-2571	1576
-2571	1573
-2569	1570
-2567	1566
-2566	1563
-2565	1560
-2564	1557
-2563	1553
-2562	1550
-2561	1547
-2560	1544
-2558	1541
-2558	1537
-2558	1534
-2556	1531
-2554	1528
-2552	1524
-2550	1521
-2550	1518
-2550	1515
-2550	1512
-2549	1508
-2548	1505
-2547	1502
-2547	1499
-2547	1495
-2544	1492
-2541	1489
-2541	1486
-2539	1483
-2539	1480
-2538	1477
-2535	1473
-2534	1470
-2533	1467
-2532	1464
-2531	1461
-2530	1458
-2530	1454
-2529	1451
-2527	1448
-2526	1445
-2525	1442
-2523	1439
-2522	1436
-2523	1432
-2522	1429
-2519	1426
-2518	1423
-2517	1420
-2516	1417
-2514	1414
-2513	1411
-2517	1407
-2514	1404
-2515	1401
-2509	1398
-2507	1395
-2507	1392
-2507	1389
-2504	1386
-2503	1383
-2502	1379
-2503	1376
-2501	1373
-2501	1370
-2502	1366
-2502	1363
-2502	1360
-2500	1357
-2498	1354
-2495	1351
-2492	1348
-2491	1345
-2488	1342
-2488	1339
-2488	1336
-2489	1333
-2488	1329
-2488	1326
-2488	1323
-2488	1320
-2490	1316
-2491	1313
-2490	1310
-2486	1307
-2485	1304
-2485	1301
-2482	1298
-2481	1295
-2481	1292
-2480	1288
-2479	1285
-2477	1282
-2476	1279
-2474	1276
-2473	1273
-2473	1270
-2471	1267
-2470	1264
-2468	1261
-2468	1258
-2466	1255
-2468	1252
-2467	1248
-2467	1245
-2465	1242
-2463	1239
-2462	1236
-2461	1233
-2461	1230
-2460	1227
-2458	1224
-2457	1221
-2456	1218
-2457	1215
-2455	1212
-2452	1209
-2450	1206
-2449	1203
-2450	1200
-2450	1196
-2447	1194
-2447	1191
-2445	1188
-2443	1185
-2443	1182
-2441	1179
-2441	1175
-2442	1172
-2439	1169
-2438	1166
-2438	1163
-2435	1160
-2435	1157
-2435	1154
-2434	1151
-2433	1148
-2429	1146
-2423	1144
-2422	1141
-2423	1137
-2422	1134
-2419	1132
-2417	1129
-2416	1126
-2416	1122
-2416	1119
-2416	1116
-2414	1113
-2412	1110
-2410	1108
-2409	1105
-2408	1102
-2407	1099
-2406	1096
-2407	1092
-2407	1089
-2404	1086
-2401	1084
-2399	1081
-2400	1078
-2400	1074
-2399	1071
-2401	1067
-2401	1064
-2398	1062
-2395	1059
-2395	1056
-2394	1053
-2392	1050
-2391	1047
-2392	1044
-2392	1040
-2388	1038
-2385	1036
-2383	1033
-2384	1030
-2383	1027
-2382	1024
-2382	1020
-2383	1017
-2382	1014
-2380	1011
-2379	1008
-2377	1005
-2378	1002
-2377	999
-2376	996
-2375	993
-2375	989
-2374	986
-2372	984
-2372	980
-2373	977
-2372	974
-2371	971
-2369	968
-2367	965
-2366	962
-2366	959
-2367	955
-2366	952
-2365	949
-2362	947
-2360	944
-2359	941
-2359	938
-2358	935
-2357	932
-2356	929
-2355	926
-2353	923
-2352	920
-2351	917
-2351	914
-2350	911
-2348	908
-2347	905
-2347	902
-2346	899
-2347	895
-2345	893
-2343	890
-2342	887
-2341	884
-2339	881
-2338	878
-2337	875
-2336	872
-2335	869
-2333	867
-2334	863
-2332	860
-2331	857
-2330	854
-2328	852
-2327	849
-2325	846
-2325	843
-2326	839
-2326	836
-2323	833
-2321	831
-2319	828
-2318	825
-2317	822
-2316	819
-2315	816
-2315	813
-2315	809
-2312	807
-2309	805
-2308	802
-2307	799
-2308	795
-2310	791
-2310	788
-2307	785
-2306	782
-2305	779
-2303	777
-2301	774
-2301	771
-2299	768
-2298	765
-2296	762
-2294	760
-2294	756
-2293	753
-2292	750
-2291	747
-2290	744
-2288	741
-2286	739
-2285	736
-2284	733
-2283	730
-2283	726
-2281	724
-2279	721
-2278	719
-2276	716
-2276	712
-2274	710
-2271	708
-2270	704
-2272	700
-2270	697
-2268	695
-2267	692
-2264	690
-2262	688
-2260	685
-2260	681
-2259	678
-2258	675
-2256	673
-2255	669
-2257	665
-2258	661
-2258	658
-2256	655
-2256	652
-2256	648
-2252	646
-2251	644
-2250	641
-2249	637
-2249	634
-2246	632
-2245	629
-2244	626
-2243	623
-2243	619
-2241	617
-2241	613
-2240	610
-2238	608
-2237	605
-2236	601
-2235	599
-2233	596
-2232	593
-2230	590
-2231	586
-2230	583
-2230	580
-2227	577
-2226	574
-2224	572
-2224	568
-2222	566
-2221	563
-2220	559
-2219	557
-2217	554
-2216	551
-2215	548
-2213	545
-2210	543
-2211	539
-2210	536
-2209	533
-2209	529
-2207	527
-2207	523
-2204	521
-2201	519
-2199	517
-2197	514
-2195	511
-2194	508
-2192	506
-2193	502
-2193	498
-2193	494
-2191	492
-2189	489
-2187	486
-2187	483
-2187	479
-2187	476
-2186	472
-2186	469
-2186	465
-2182	464
-2179	462
-2178	458
-2179	454
-2178	451
-2177	448
-2175	445
-2173	443
-2171	440
-2170	437
-2170	433
-2169	431
-2168	427
-2168	423
-2167	420
-2166	417
-2165	414
-2164	411
-2163	408
-2163	404
-2161	402
-2158	399
-2156	397
-2155	394
-2153	391
-2153	387
-2152	384
-2152	380
-2151	377
-2149	375
-2147	372
-2146	369
-2145	366
-2144	362
-2142	360
-2140	357
-2138	355
-2136	353
-2134	350
-2131	348
-2132	343
-2132	340
-2131	336
-2129	334
-2127	331
-2126	328
-2126	324
-2126	321
-2123	318
-2121	316
-2119	313
-2119	309
-2120	305
-2119	302
-2118	298
-2115	296
-2114	293
-2113	290
-2113	286
-2112	283
-2110	280
-2109	277
-2110	272
-2109	269
-2107	266
-2104	264
-2103	262
-2101	259
-2100	256
-2100	251
-2101	247
-2101	243
-2099	240
-2098	237
-2098	233
-2097	230
-2097	226
-2097	221
-2099	216
-2097	213
-2096	210
-2095	207
-2092	204
-2091	202
-2090	198
-2090	194
-2090	190
-2088	188
-2088	183
-2088	179
-2086	176
-2086	172
-2086	168
-2085	165
-2083	162
-2083	158
-2082	155
-2080	152
-2078	149
-2078	145
-2078	141
-2076	139
-2074	135
-2074	131
-2072	129
-2071	126
-2069	122
-2067	120
-2067	116
-2065	113
-2062	111
-2059	109
-2057	107
-2056	103
-2054	100
-2053	97
-2055	91
-2055	87
-2055	82
-2055	78
-2053	76
-2053	71
-2051	69
-2049	66
-2049	62
-2047	59
-2046	55
-2045	52
-2042	50
-2040	47
-2038	45
-2039	40
-2038	36
-2038	31
-2038	27
-2035	25
-2033	22
-2031	20
-2030	16
-2030	12
-2028	9
-2028	5
-2029	-1
-2028	-4
-2026	-8
-2025	-11
-2022	-13
-2023	-19
-2022	-22
-2021	-26
-2020	-30
-2020	-33
-2018	-37
-2015	-39
-2014	-42
-2012	-45
-2012	-50
-2011	-53
-2011	-58
-2009	-60
-2005	-62
-2004	-65
-2006	-71
-2004	-74
-2003	-78
-2003	-82
-2000	-84
-1999	-89
-1999	-93
-1998	-97
-1995	-99
-1995	-103
-1994	-107
-1993	-111
-1990	-113
-1989	-117
-1989	-121
-1991	-128
-1988	-130
-1984	-131
-1982	-134
-1982	-139
-1981	-142
-1981	-148
-1981	-152
-1979	-155
-1978	-159
-1976	-162
-1974	-165
-1971	-167
-1971	-172
-1967	-173
-1968	-178
-1967	-183
-1967	-187
-1963	-188
-1958	-188
-1955	-190
-1941	-181
-1935	-180
-1931	-181
-1928	-183
-1927	-186
-1926	-190
-1925	-195
-1924	-198
-1918	-197
-1915	-199
-1911	-200
-1905	-199
-1904	-202
-1905	-209
-1890	-198
-1881	-194
-1876	-193
-1871	-193
-1868	-195
-1864	-196
-1861	-198
-1855	-196
-1836	-181
-1827	-176
-1823	-177
-1819	-178
-1816	-180
-1813	-182
-1812	-185
-1810	-188
-1807	-189
-1804	-192
-1803	-195
-1801	-199
-1802	-204
-1808	-216
-1805	-217
-1802	-219
-1798	-220
-1787	-212
-1777	-207
-1770	-204
-1764	-203
-1759	-202
-1755	-202
-1750	-202
-1746	-202
-1741	-201
-1735	-199
-1728	-197
-1725	-198
-1721	-199
-1718	-201
-1715	-201
-1711	-203
-1707	-203
-1702	-202
-1696	-200
-1692	-201
-1693	-206
-1690	-208
-1686	-209
-1684	-212
-1678	-209
-1674	-209
-1672	-212
-1673	-218
-1671	-221
-1672	-227
-1650	-206
-1640	-199
-1638	-201
-1627	-194
-1624	-195
-1622	-198
-1620	-200
-1631	-219
-1630	-223
-1613	-206
-1606	-204
-1604	-206
-1602	-209
-1600	-211
-1595	-210
-1585	-202
-1579	-200
-1575	-201
-1573	-203
-1572	-206
-1570	-210
-1568	-212
-1564	-212
-1571	-226
-1574	-235
-1565	-229
-1571	-241
-1537	-203
-1532	-202
-1529	-204
-1532	-212
-1520	-201
-1514	-199
-1511	-200
-1506	-199
-1500	-196
-1496	-196
-1493	-197
-1491	-199
-1489	-202
-1487	-205
-1483	-205
-1475	-200
-1474	-203
-1469	-201
-1456	-189
-1452	-189
-1448	-189
-1445	-189
-1440	-188
-1434	-185
-1428	-182
-1425	-182
-1423	-186
-1422	-189
-1422	-194
-1430	-210
-1418	-199
-1415	-200
-1413	-203
-1417	-213
-1424	-229
-1406	-208
-1402	-208
-1398	-207
-1396	-210
-1394	-212
-1386	-206
-1384	-208
-1382	-211
-1381	-216
-1372	-208
-1366	-204
-1364	-206
-1363	-210
-1360	-211
-1352	-205
-1349	-206
-1348	-210
-1346	-212
-1344	-214
-1341	-215
-1339	-217
-1338	-221
-1330	-215
-1321	-207
-1317	-206
-1314	-207
-1283	-166
-1280	-166
-1279	-170
-1274	-168
-1269	-166
-1267	-167
-1265	-170
-1263	-171
-1257	-168
-1254	-169
-1251	-169
-1249	-171
-1246	-172
-1242	-171
-1239	-171
-1233	-169
-1229	-168
-1226	-167
-1223	-168
-1222	-171
-1219	-172
-1215	-171
-1211	-171
-1207	-170
-1203	-168
-1200	-169
-1198	-171
-1194	-171
-1191	-170
-1187	-169
-1184	-170
-1180	-170
-1177	-169
-1174	-170
-1172	-172
-1168	-171
-1164	-170
-1161	-171
-1157	-169
-1154	-169
-1151	-170
-1171	-210
-1171	-215
-1169	-218
-1167	-220
-1161	-216
-1133	-173
-1129	-172
-1126	-171
-1142	-206
-1139	-206
-1116	-170
-1112	-169
-1109	-171
-1107	-173
-1105	-174
-1102	-175
-1098	-173
-1094	-172
-1091	-172
-1088	-172
-1085	-174
-1083	-174
-1078	-172
-1075	-171
-1072	-172
-1068	-170
-1064	-169
-1062	-171
-1058	-170
-1055	-171
-1076	-214
-1071	-212
-1067	-210
-1064	-211
-1062	-213
-1051	-198
-1036	-175
-1034	-176
-1030	-175
-1026	-174
-1022	-171
-1018	-170
-1016	-171
-1014	-173
-1012	-177
-1010	-178
-1006	-177
-1002	-176
-1000	-176
-997	-177
-996	-180
-994	-182
-991	-183
-988	-184
-986	-186
-983	-186
-981	-188
-978	-189
-975	-188
-972	-187
-968	-187
-964	-184
-961	-184
-957	-181
-955	-184
-952	-185
-949	-183
-945	-181
-929	-154
-925	-153
-922	-151
-920	-153
-918	-156
-915	-157
-913	-159
-912	-162
-912	-169
-912	-176
-911	-179
-908	-179
-906	-180
-903	-181
-899	-178
-912	-215
-890	-171
-888	-174
-886	-176
-893	-198
-881	-177
-878	-178
-874	-174
-871	-173
-868	-175
-866	-176
-864	-178
-776	-3
-771	1
-768	2
-765	3
-762	3
-760	3
-757	3
-755	3
-752	4
-749	4
-747	2
-745	2
-743	2
-740	2
-737	2
-734	4
-732	3
-729	3
-727	3
-725	2
-723	0
-720	-1
-719	-3
-717	-6
-717	-12
-720	-25
-741	-138
-740	-141
-737	-141
-735	-142
-732	-143
-730	-144
-727	-144
-725	-145
-723	-146
-720	-147
-717	-147
-715	-148
-713	-149
-711	-151
-708	-151
-705	-151
-703	-152
-701	-154
-699	-155
-696	-157
-694	-156
-692	-160
-688	-155
-685	-155
-682	-155
-680	-155
-678	-157
-678	-166
-675	-166
-671	-162
-680	-197
-678	-200
-678	-207
-679	-218
-653	-148
-649	-144
-646	-142
-643	-141
-641	-141
-638	-141
-636	-142
-634	-143
-632	-146
-630	-149
-628	-150
-625	-151
-624	-154
-631	-188
-632	-197
-631	-204
-615	-159
-610	-151
-606	-147
-603	-146
-600	-144
-597	-145
-596	-148
-594	-151
-597	-172
-596	-178
-594	-178
-591	-178
-589	-179
-586	-178
-584	-179
-581	-180
-578	-179
-575	-177
-573	-177
-570	-178
-567	-176
-564	-173
-561	-175
-559	-176
-561	-194
-558	-193
-556	-193
-554	-195
-551	-196
-549	-197
-543	-185
-540	-183
-538	-183
-535	-185
-533	-186
-531	-189
-529	-190
-526	-190
-524	-190
-522	-192
-519	-191
-515	-188
-512	-184
-509	-184
-507	-185
-505	-186
-502	-187
-500	-187
-501	-203
-499	-205
-497	-208
-495	-211
-488	-191
-485	-192
-487	-214
-485	-216
-483	-217
-475	-192
-472	-189
-468	-186
-466	-189
-464	-189
-461	-189
-459	-188
-456	-189
-454	-189
-451	-191
-449	-190
-446	-189
-444	-189
-441	-191
-439	-193
-437	-194
-434	-191
-431	-190
-428	-189
-426	-190
-423	-189
-420	-189
-418	-189
-415	-188
-413	-188
-410	-190
-408	-189
-405	-189
-403	-189
-400	-188
-398	-189
-395	-189
-393	-190
-390	-190
-388	-190
-385	-190
-382	-189
-380	-188
-377	-188
-375	-190
-372	-188
-370	-189
-367	-189
-365	-188
-362	-188
-359	-186
-357	-186
-354	-187
-352	-187
-350	-188
-347	-189
-345	-190
-342	-190
-340	-191
-337	-191
-335	-189
-332	-188
-329	-188
-327	-188
-324	-186
-322	-186
-319	-186
-317	-186
-314	-187
-312	-188
-310	-188
-307	-190
-305	-189
-302	-188
-300	-189
-297	-188
-294	-187
-292	-187
-289	-186
-287	-185
-284	-185
-282	-186
-280	-187
-277	-188
-275	-191
-272	-191
-270	-189
-267	-188
-265	-188
-262	-188
-260	-190
-258	-193
-255	-193
-253	-191
-250	-191
-248	-192
-245	-189
-242	-188
-240	-188
-238	-190
-235	-190
-233	-190
-230	-190
-228	-190
-225	-192
-223	-190
-220	-190
-218	-191
-215	-191
-213	-191
-210	-190
-208	-190
-206	-194
-204	-199
-201	-198
-198	-195
-196	-194
-193	-195
-191	-196
-189	-198
-186	-197
-184	-197
-181	-196
-179	-195
-176	-193
-174	-194
-171	-196
-169	-197
-166	-197
-164	-194
-161	-192
-159	-191
-156	-193
-154	-193
-151	-191
-149	-191
-146	-191
-144	-191
-141	-188
-139	-187
-136	-187
-134	-188
-131	-189
-129	-190
-127	-190
-124	-190
-122	-190
-119	-189
-117	-188
-114	-188
-112	-188
-109	-187
-107	-186
-104	-186
-102	-187
-100	-187
-97	-186
-95	-187
-92	-187
-90	-188
-87	-187
-85	-187
-82	-187
-80	-187
-77	-188
-75	-188
-70	-186
-68	-186
-65	-187
-63	-188
-60	-188
-58	-188
-55	-188
-53	-187
-50	-187
-48	-187
-46	-187
-43	-187
-41	-187
-38	-187
-36	-188
-33	-189
-31	-187
-28	-187
-26	-185
-24	-186
-21	-187
-19	-188
-16	-188
-14	-188
-11	-188
-9	-187
-6	-188
-4	-187
-1	-187
1	-188
4	-188
6	-187
9	-189
11	-188
13	-186
16	-186
18	-187
21	-188
23	-189
26	-188
28	-188
30	-187
33	-185
35	-186
38	-186
40	-186
43	-186
45	-188
48	-188
50	-187
53	-186
55	-186
57	-185
60	-185
62	-187
65	-186
67	-186
70	-188
72	-187
75	-187
77	-186
80	-184
82	-186
85	-188
87	-188
90	-187
92	-187
95	-186
97	-188
100	-188
102	-187
104	-187
107	-188
109	-188
112	-188
114	-189
117	-186
119	-186
122	-187
124	-187
127	-186
129	-186
132	-187
134	-189
137	-187
139	-186
141	-186
144	-188
147	-188
149	-188
151	-187
154	-185
156	-187
159	-190
162	-191
164	-189
167	-189
169	-192
172	-191
174	-190
176	-188
179	-185
181	-185
184	-187
186	-186
189	-186
191	-187
194	-186
196	-187
199	-188
201	-187
204	-187
206	-186
209	-185
211	-186
214	-187
216	-187
219	-188
222	-189
224	-190
227	-189
229	-186
232	-188
235	-193
237	-192
240	-191
242	-190
244	-189
247	-188
249	-186
252	-187
254	-187
257	-187
259	-189
262	-191
264	-189
267	-187
269	-188
273	-192
275	-190
277	-187
280	-188
282	-188
284	-187
287	-188
290	-188
292	-189
295	-188
298	-190
300	-191
303	-192
305	-190
307	-188
310	-187
313	-189
316	-190
318	-190
320	-188
323	-187
325	-186
327	-186
330	-186
333	-189
336	-188
338	-187
340	-186
343	-187
345	-185
348	-185
350	-185
353	-184
355	-185
358	-185
361	-185
363	-184
365	-183
367	-181
370	-181
373	-182
376	-184
379	-185
381	-183
384	-185
388	-192
391	-192
393	-191
395	-189
398	-190
401	-191
403	-189
405	-188
408	-188
411	-188
413	-189
416	-189
419	-189
421	-189
424	-189
426	-186
428	-186
431	-187
435	-192
438	-194
440	-189
442	-186
445	-189
448	-191
450	-189
452	-188
455	-189
458	-188
460	-186
463	-187
465	-187
468	-188
471	-187
474	-189
476	-187
478	-186
481	-185
483	-184
485	-181
487	-180
490	-181
494	-184
497	-185
500	-185
502	-184
506	-189
508	-187
510	-185
513	-186
516	-186
519	-187
522	-187
524	-186
526	-186
529	-186
532	-185
534	-184
537	-184
540	-185
542	-183
545	-184
549	-190
552	-188
552	-183
554	-179
556	-177
558	-174
560	-173
562	-170
563	-164
563	-159
566	-157
568	-156
570	-155
573	-155
575	-154
578	-154
580	-152
597	-193
599	-191
590	-158
595	-163
599	-169
604	-173
607	-174
610	-175
614	-177
616	-177
619	-176
622	-177
624	-177
627	-177
629	-175
632	-174
635	-176
638	-176
640	-174
643	-174
646	-176
649	-177
651	-174
654	-173
657	-175
660	-176
663	-175
666	-176
668	-175
670	-173
672	-170
672	-164
672	-157
674	-154
677	-154
680	-156
684	-159
686	-157
688	-155
691	-154
694	-154
696	-154
700	-156
702	-154
705	-154
708	-154
710	-153
713	-152
715	-151
718	-150
720	-149
722	-148
725	-147
728	-147
730	-146
732	-145
735	-144
737	-143
740	-143
742	-142
744	-140
746	-137
747	-133
748	-128
749	-125
751	-122
752	-118
724	-20
723	-13
724	-9
725	-5
726	-1
728	1
730	2
733	1
735	1
738	1
740	2
743	3
747	-0
772	4
776	2
779	1
782	1
785	-0
866	-136
869	-136
872	-137
877	-140
882	-145
888	-151
893	-154
896	-154
897	-150
898	-146
899	-142
901	-140
903	-139
905	-136
909	-138
918	-150
936	-178
940	-178
943	-178
945	-177
948	-177
952	-177
954	-175
956	-173
957	-169
957	-164
959	-161
961	-159
964	-159
966	-157
969	-156
980	-172
985	-175
989	-176
993	-177
996	-176
998	-173
1001	-174
1003	-172
1006	-172
1010	-172
1013	-172
1017	-174
1021	-174
1023	-173
1026	-172
1029	-171
1032	-172
1036	-172
1040	-173
1043	-173
1047	-175
1051	-175
1054	-175
1057	-174
1061	-175
1064	-175
1068	-176
1072	-177
1075	-177
1078	-176
1080	-173
1083	-173
1086	-173
1090	-173
1093	-173
1096	-173
1099	-171
1100	-168
1103	-167
1107	-168
1111	-169
1115	-170
1119	-171
1122	-171
1125	-170
1127	-168
1128	-164
1131	-164
1134	-163
1135	-160
1137	-157
1141	-157
1144	-157
1150	-160
1156	-165
1163	-169
1167	-170
1170	-170
1174	-170
1178	-172
1183	-173
1187	-174
1191	-175
1195	-176
1199	-176
1203	-177
1206	-176
1210	-176
1213	-176
1217	-177
1220	-176
1223	-175
1228	-176
1234	-180
1240	-183
1244	-184
1248	-185
1250	-182
1252	-180
1255	-180
1259	-180
1264	-181
1270	-185
1279	-192
1283	-192
1286	-192
1289	-191
1291	-188
1293	-185
1295	-183
1299	-183
1305	-186
1308	-185
1311	-185
1320	-191
1324	-192
1326	-190
1329	-188
1331	-187
1334	-185
1338	-185
1345	-190
1350	-191
1349	-185
1351	-183
1353	-180
1356	-179
1362	-181
1371	-189
1382	-197
1386	-198
1391	-199
1395	-200
1400	-200
1403	-200
1403	-194
1399	-184
1398	-178
1400	-175
1401	-171
1403	-169
1419	-185
1421	-182
1424	-180
1427	-180
1433	-182
1438	-183
1443	-184
1446	-183
1451	-184
1458	-187
1465	-191
1468	-190
1472	-190
1475	-189
1478	-187
1486	-192
1493	-195
1501	-200
1506	-201
1510	-200
1512	-198
1513	-195
1514	-190
1516	-187
1517	-184
1520	-182
1525	-183
1532	-187
1534	-184
1535	-180
1537	-178
1540	-177
1543	-176
1548	-176
1553	-177
1562	-182
1567	-183
1565	-175
1575	-182
1586	-190
1594	-194
1597	-192
1600	-191
1603	-189
1605	-187
1609	-186
1613	-186
1618	-186
1622	-186
1628	-188
1634	-190
1640	-191
1647	-194
1651	-193
1654	-191
1656	-189
1659	-188
1666	-190
1665	-184
1667	-181
1673	-183
1682	-187
1686	-187
1674	-169
1698	-190
1701	-188
1704	-187
1707	-185
1708	-181
1709	-178
1711	-174
1712	-171
1714	-168
1716	-165
1721	-165
1729	-169
1738	-173
1748	-179
1757	-183
1761	-182
1765	-181
1764	-176
1765	-172
1768	-170
1771	-168
1775	-167
1782	-169
1792	-175
1801	-179
1801	-174
1803	-171
1808	-171
1812	-170
1816	-169
1821	-169
1825	-169
1831	-170
1837	-171
1840	-168
1843	-167
1848	-166
1851	-164
1855	-163
1861	-164
1868	-166
1877	-170
1882	-170
1888	-171
1894	-172
1898	-171
1901	-168
1902	-165
1906	-163
1909	-161
1913	-161
1919	-161
1921	-158
1926	-159
1929	-156
1932	-154
1934	-151
1937	-149
1944	-151
1953	-154
1959	-155
1967	-157
1972	-157
1976	-156
1984	-158
1986	-155
1989	-153
1993	-152
2001	-154
2006	-153
2010	-152
2013	-150
2017	-149
2021	-147
2025	-146
2028	-144
2031	-142
2036	-141
2041	-140
2042	-137
2046	-136
2050	-134
2053	-131
2056	-129
2060	-128
2065	-128
2076	-132
2087	-136
2093	-137
2095	-134
2097	-131
2098	-126
2099	-123
2100	-119
2099	-113
2102	-111
2112	-115
2123	-118
2135	-124
2137	-121
2140	-118
2142	-115
2145	-113
2148	-110
2149	-106
2154	-105
2162	-107
2172	-110
2186	-117
2198	-122
2201	-119
2210	-121
2214	-120
2216	-116
2216	-112
2212	-104
2212	-99
2216	-97
2220	-96
2224	-94
2228	-92
2237	-94
2248	-98
2264	-106
2269	-104
2274	-103
2286	-107
2291	-107
2298	-107
2303	-106
2305	-103
2310	-102
2311	-97
2313	-94
2315	-91
2317	-87
2319	-84
2321	-81
2320	-75
2319	-70
2318	-64
2316	-58
2314	-51
2316	-48
2313	-42
2316	-39
2317	-16
2315	-10
2318	-7
2317	-2
2321	0
2318	7
2317	12
2320	15
2314	23
2319	25
2317	31
2318	35
2320	38
2324	40
2328	42
2327	47
2327	52
2324	58
2320	65
2319	71
2322	73
2324	76
2325	81
2322	87
2323	91
2327	93
2328	96
2325	103
2327	106
2330	109
2330	113
2331	117
2330	122
2331	126
2329	131
2333	133
2331	139
2331	144
2337	144
2331	152
2331	157
2334	159
2333	165
2336	167
2339	169
2335	176
2337	180
2339	182
2340	187
2342	190
2342	194
2340	199
2332	209
2337	210
2339	213
2337	219
2336	223
2337	227
2338	231
2336	236
2335	242
2337	244
2342	246
2344	249
2342	254
2343	258
2346	260
2349	263
2348	268
2343	275
2343	279
2343	283
2347	285
2348	289
2343	296
2346	298
2348	301
2349	305
2350	309
2352	312
2353	315
2354	319
2350	325
2353	328
2354	332
2348	339
2347	344
2352	345
2353	349
2353	353
2352	357
2349	363
2355	364
2350	371
2353	373
2353	377
2355	380
2359	382
2359	386
2364	388
2371	388
2373	391
2379	392
2382	395
2384	398
2385	401
2387	404
2386	409
2384	414
2383	418
2384	422
2386	425
2386	429
2389	432
2391	435
2392	438
2394	441
2394	445
2393	450
2394	453
2397	456
2397	460
2396	465
2395	469
2397	472
2399	475
2401	478
2402	482
2403	485
2405	488
2405	492
2406	495
2407	499
2407	503
2407	507
2409	510
2410	513
2410	517
2411	521
2413	524
2415	527
2414	531
2413	536
2412	540
2413	543
2408	550
2407	554
2408	558
2409	561
2412	564
2415	566
2417	569
2417	573
2417	577
2420	580
2422	582
2422	586
2421	591
2422	594
2422	598
2424	601
2427	604
2429	607
2428	611
2426	616
2424	621
2426	623
2429	626
2431	629
2434	632
2435	635
2436	638
2437	642
2438	645
2440	648
2439	652
2441	656
2440	660
2440	663
2442	667
2443	670
2443	674
2442	678
2442	682
2445	684
2447	687
2446	691
2448	695
2448	698
2448	702
2449	706
2449	709
2450	713
2452	716
2451	720
2452	723
2453	727
2453	730
2452	734
2454	737
2455	741
2456	744
2457	748
2458	751
2458	755
2457	759
2458	762
2459	766
2460	769
2461	772
2463	775
2464	779
2464	783
2464	786
2464	790
2464	794
2466	797
2468	800
2469	803
2470	807
2471	810
2471	814
2472	817
2472	821
2472	824
2472	828
2474	831
2474	835
2475	838
2477	841
2478	845
2478	848
2479	852
2479	855
2480	859
2482	862
2482	865
2482	869
2482	873
2484	876
2485	879
2485	883
2487	886
2488	889
2490	892
2490	896
2491	899
2491	903
2491	906
2492	910
2494	913
2494	917
2495	920
2495	923
2496	927
2497	930
2497	934
2497	937
2499	941
2501	944
2500	948
2500	951
2501	954
2501	958
2501	962
2501	965
2502	969
2502	972
2504	975
2506	979
2506	982
2504	986
2503	990
2504	994
2505	997
2506	1000
2506	1004
2506	1007
2506	1011
2507	1014
2508	1018
2508	1021
2507	1025
2507	1029
2507	1032
2508	1035
2510	1039
2512	1042
2512	1045
2512	1049
2513	1052
2513	1056
2514	1059
2515	1062
2515	1066
2516	1069
2516	1073
2517	1076
2518	1079
2518	1083
2519	1086
2518	1090
2518	1094
2519	1097
2520	1100
2523	1103
2524	1107
2522	1111
2522	1114
2523	1118
2523	1121
2525	1124
2526	1127
2528	1131
2527	1134
2528	1138
2528	1141
2528	1145
2529	1148
2529	1152
2528	1155
2527	1159
2528	1162
2530	1166
2531	1169
2533	1172
2535	1175
2534	1179
2534	1182
2536	1186
2536	1189
2537	1192
2537	1196
2536	1200
2537	1203
2538	1206
2541	1209
2544	1212
2543	1216
2543	1219
2544	1223
2544	1226
2546	1229
2544	1233
2541	1237
2538	1241
2539	1245
2543	1248
2545	1251
2546	1254
2545	1258
2547	1261
2550	1264
2549	1268
2550	1271
2550	1274
2552	1278
2555	1281
2556	1284
2555	1288
2555	1291
2556	1294
2558	1298
2559	1301
2560	1304
2559	1308
2559	1312
2559	1315
2561	1318
2561	1322
2563	1325
2563	1328
2564	1332
2563	1335
2564	1339
2563	1342
2563	1346
2565	1349
2564	1353
2564	1356
2564	1360
2566	1363
2568	1366
2567	1370
2569	1373
2567	1377
2567	1380
2569	1384
2572	1387
2573	1390
2571	1394
2572	1397
2573	1401
2572	1404
2572	1408
2573	1411
2574	1414
2574	1418
2574	1421
2576	1425
2576	1428
2575	1432
2577	1435
2578	1439
2579	1442
2579	1445
2579	1449
2579	1452
2579	1456
2579	1459
2580	1463
2579	1466
2580	1470
2580	1473
2581	1477
2581	1480
2581	1484
2581	1487
2582	1490
2582	1494
2583	1497
2584	1501
2584	1504
2582	1508
2583	1511
2584	1515
2585	1518
2584	1522
2585	1525
2585	1528
2587	1532
2587	1535
2585	1539
2585	1542
2585	1546
2581	1550
2578	1553
2579	1557
2582	1560
2583	1563
2582	1567
2579	1570
2578	1574
2578	1577
2577	1581
2579	1584
2581	1588
2580	1591
2581	1595
2582	1598
2582	1601
2581	1605
2580	1608
2578	1612
2577	1615
2580	1619
2584	1622
2587	1626
2587	1629
2587	1633
2590	1636
2591	1639
2592	1643
2595	1646
2598	1650
2601	1653
2600	1657
2598	1660
2598	1664
