2620	1672
2621	1676
2622	1679
2622	1683
2622	1686
2622	1690
2624	1697
2622	1700
2621	1704
2621	1707
2620	1711
2620	1714
2620	1718
2619	1721
2618	1725
2619	1728
2619	1732
2620	1735
2620	1739
2619	1742
2620	1746
2623	1750
2628	1753
2631	1757
2631	1760
2631	1764
2631	1767
2630	1771
2630	1775
2631	1778
2631	1782
2632	1785
2631	1789
2630	1792
2631	1796
2634	1799
2635	1803
2635	1807
2635	1810
2634	1814
2634	1817
2634	1821
2634	1824
2634	1828
2634	1831
2634	1835
2635	1839
2637	1842
2638	1846
2638	1849
2639	1853
2640	1857
2641	1860
2641	1864
2639	1867
2639	1871
2640	1874
2642	1878
2644	1882
2645	1886
2644	1889
2645	1893
2644	1896
2643	1900
2641	1903
2648	1907
2649	1911
2648	1914
2648	1918
2646	1921
2648	1925
2650	1929
2650	1932
2652	1936
2655	1940
2656	1944
2657	1947
2658	1951
2659	1955
2662	1959
2661	1962
2660	1966
2660	1969
2660	1973
2659	1977
2659	1980
2655	1983
2660	1987
2661	1991
2660	1995
2659	1998
2657	2002
2658	2005
2656	2009
2657	2012
2659	2016
2662	2020
2663	2024
2663	2028
2665	2032
2664	2035
2666	2039
2662	2042
2660	2045
2661	2049
2663	2053
2662	2057
2662	2060
2661	2064
2666	2068
2664	2072
2666	2075
2664	2079
2663	2082
2663	2086
2664	2090
2666	2094
2668	2098
2668	2101
2671	2106
2672	2109
2671	2113
2670	2116
2669	2120
2669	2124
2672	2128
2669	2131
2672	2135
2675	2139
2675	2143
2675	2147
2674	2150
2674	2154
2672	2157
2671	2161
2671	2164
2674	2169
2676	2173
2677	2177
2679	2181
2679	2184
2679	2188
2678	2192
2681	2196
2682	2200
2682	2204
2681	2207
2684	2211
2683	2215
2679	2218
2679	2222
2681	2226
2682	2230
2682	2234
2688	2238
2687	2242
2684	2245
2685	2249
2685	2253
2686	2257
2689	2261
2689	2265
2690	2269
2693	2273
2696	2278
2697	2282
2697	2286
2697	2289
2698	2293
2699	2297
2699	2301
2700	2305
2700	2309
2701	2313
2701	2317
2702	2321
2701	2324
2702	2329
2701	2332
2700	2336
2700	2340
2700	2344
2700	2347
2701	2351
2700	2355
2699	2359
2699	2362
2699	2366
2700	2370
2700	2374
2701	2378
2703	2383
2702	2386
2699	2389
2698	2393
2698	2397
2697	2400
2698	2404
2698	2408
2698	2412
2700	2417
2702	2421
2702	2425
2703	2429
2702	2433
2701	2436
2701	2440
2701	2444
2701	2448
2701	2452
2702	2456
2702	2460
2702	2464
2704	2468
2705	2473
2706	2477
2706	2481
2706	2485
2704	2488
2703	2492
2702	2495
2702	2499
2705	2504
2707	2509
2706	2512
2707	2517
2709	2521
2709	2525
2708	2529
2709	2533
2709	2537
2709	2541
2709	2545
2709	2549
2710	2553
2712	2558
2712	2562
2711	2566
2711	2570
2712	2574
2713	2578
2713	2582
2714	2587
2715	2591
2715	2595
2714	2599
2714	2603
2715	2607
2716	2611
2716	2616
2716	2620
2715	2623
2714	2627
2713	2631
2714	2635
2714	2639
2713	2643
2713	2647
2713	2651
2711	2655
2712	2659
2715	2664
2715	2668
2716	2673
2716	2677
2715	2681
2714	2684
2712	2688
2711	2691
2712	2696
2709	2699
2706	2702
2705	2706
2708	2711
2709	2715
2708	2719
2708	2723
2706	2727
2704	2730
2706	2735
2707	2740
2708	2744
2708	2748
2707	2752
2706	2756
2708	2761
2707	2765
2707	2769
2711	2774
2708	2778
2707	2781
2709	2786
2712	2792
2711	2796
2710	2799
2708	2803
2708	2807
2709	2812
2711	2817
2711	2821
2710	2825
2709	2828
2708	2832
2711	2838
2711	2842
2711	2846
2711	2851
2712	2856
2713	2860
2714	2865
2714	2869
2714	2874
2714	2878
2714	2882
2715	2887
2716	2892
2717	2896
2717	2901
2716	2905
2715	2908
2714	2913
2713	2917
2712	2920
2710	2924
2710	2928
2710	2933
2711	2937
2711	2942
2715	2948
2717	2953
2717	2958
2718	2962
2719	2967
2717	2971
2717	2976
2717	2980
2714	2983
2716	2988
2717	2993
2716	2997
2716	3002
2717	3007
2715	3010
2713	3013
2714	3018
2715	3023
2715	3028
2716	3033
2716	3037
2715	3041
2716	3046
2717	3051
2718	3056
2717	3060
2717	3065
2718	3070
2718	3074
2717	3079
2717	3084
2717	3088
2717	3093
2718	3098
2721	3104
2722	3109
2722	3113
2722	3118
2720	3122
2721	3127
2721	3131
2721	3136
2723	3141
2724	3147
2723	3151
2721	3155
2721	3159
2711	3159
2672	3143
2666	3144
2660	3146
2652	3145
2644	3146
2642	3149
2641	3153
2639	3157
2639	3162
2642	3168
2730	3221
2730	3225
2722	3226
2724	3232
2723	3236
2724	3241
2724	3246
2722	3250
2722	3254
2721	3259
2719	3263
2718	3267
2716	3270
2715	3275
2715	3279
2714	3284
2714	3289
2716	3295
2717	3300
2718	3305
2718	3311
2727	3320
2723	3323
2719	3326
2717	3329
2717	3334
2717	3339
2716	3344
2715	3348
2714	3352
2714	3357
2714	3362
2714	3367
2712	3371
2709	3374
2710	3380
2713	3386
2715	3393
2716	3398
2716	3404
2715	3408
2713	3412
2713	3417
2716	3423
2716	3429
2714	3433
2715	3438
2714	3443
2715	3449
2717	3455
2717	3460
2715	3464
2715	3469
2714	3473
2715	3479
2716	3485
2716	3490
2714	3494
2712	3498
2711	3503
2711	3508
2710	3512
2707	3516
2706	3520
2706	3525
2709	3533
2710	3539
2710	3544
2709	3548
2708	3553
2708	3558
2706	3562
2706	3567
2706	3573
2706	3578
2706	3583
2704	3587
2702	3592
2703	3597
2702	3602
2701	3607
2701	3612
2700	3617
2700	3622
2701	3628
2700	3633
2698	3637
2698	3642
2699	3649
2700	3655
2699	3659
2698	3664
2697	3669
2694	3673
2692	3677
2689	3680
2688	3685
2689	3691
2688	3695
2685	3699
2684	3704
2682	3708
2682	3713
2681	3718
2680	3723
2678	3727
2676	3731
2673	3735
2671	3738
2670	3744
2670	3749
2668	3753
2666	3758
2665	3762
2664	3767
2661	3771
2659	3774
2657	3779
2656	3784
2657	3790
2657	3796
2655	3800
2652	3804
2650	3808
2651	3814
2649	3818
2647	3823
2645	3827
2644	3832
2642	3836
2640	3840
2640	3846
2640	3852
2639	3857
2638	3862
2636	3866
2635	3871
2633	3875
2630	3878
2636	3890
2637	3896
2637	3902
2638	3908
2636	3913
2640	3922
2640	3929
2626	3923
2624	3927
2624	3933
2625	3940
2625	3946
2627	3954
2628	3960
2628	3966
2631	3975
2635	3984
2635	3991
2635	3996
2635	4002
2635	4009
2632	4013
2630	4017
2629	4022
2627	4027
2624	4030
2622	4035
2620	4039
2618	4044
2617	4049
2617	4056
2616	4060
2613	4065
2610	4068
2607	4072
2606	4076
2604	4081
2602	4086
2601	4091
2600	4096
2599	4102
2596	4105
2592	4109
2591	4114
2589	4119
2587	4123
2586	4129
2583	4132
2582	4138
2578	4141
2574	4144
2574	4150
2575	4157
2574	4163
2497	4097
2493	4099
2489	4102
2486	4105
2485	4110
2486	4118
2485	4123
2484	4129
2483	4134
2482	4140
2482	4146
2481	4152
2481	4158
2484	4168
2486	4177
2485	4182
2483	4187
2481	4191
2478	4195
2471	4195
2466	4196
2468	4205
2473	4217
2471	4221
2399	4155
2395	4158
2393	4162
2386	4162
2370	4152
2353	4141
2344	4139
2343	4144
2341	4148
2339	4153
2334	4154
2324	4150
2310	4142
2291	4129
2274	4118
2261	4110
2245	4100
2234	4095
2226	4093
2220	4093
2212	4091
2206	4091
2202	4093
2196	4093
2192	4095
2188	4097
2191	4106
2191	4113
2193	4122
2194	4129
2193	4134
2192	4139
2191	4145
2189	4150
2187	4154
2186	4159
2184	4164
2184	4170
2182	4174
2180	4179
2174	4179
2169	4180
2166	4183
2164	4187
2162	4192
2404	4471
2402	4476
2401	4482
2398	4485
2394	4489
2390	4491
2387	4495
2384	4499
2380	4502
2377	4506
2374	4510
2371	4514
2368	4518
2367	4524
2367	4532
2364	4537
2363	4542
2358	4545
2354	4548
2353	4554
2351	4560
2346	4561
2342	4564
2340	4569
2340	4576
2335	4578
2333	4583
2328	4585
2323	4587
2325	4597
2323	4602
2320	4607
2316	4610
2310	4610
2304	4610
2299	4612
2295	4615
2292	4619
2289	4623
2287	4628
2285	4634
2283	4640
2281	4645
2276	4647
2271	4648
2266	4650
2262	4652
2259	4657
2256	4661
2252	4664
2248	4667
2246	4672
2249	4685
2237	4677
2235	4683
2234	4689
2230	4693
2228	4697
2226	4703
2222	4706
2217	4708
2212	4710
2208	4712
2203	4714
2198	4715
2193	4717
2191	4723
2189	4729
2185	4732
2182	4735
2186	4749
2174	4741
2168	4742
2166	4747
2162	4751
2158	4753
2157	4760
2156	4767
2153	4772
2147	4772
2143	4775
2139	4778
2137	4783
2135	4789
2126	4785
2120	4786
2115	4787
2111	4790
2108	4794
2104	4797
2101	4802
2099	4807
2096	4812
2092	4815
2088	4818
2084	4821
2081	4825
2078	4829
2072	4830
2069	4834
2067	4840
2063	4844
2060	4847
2056	4851
2053	4855
2050	4859
2046	4862
2042	4866
2038	4869
2034	4872
2030	4874
2024	4875
2019	4876
2016	4880
2012	4883
2008	4887
2005	4891
1999	4892
1995	4894
1990	4895
1986	4898
1982	4901
1978	4905
1975	4910
1972	4913
1967	4916
1963	4918
1958	4920
1954	4923
1949	4925
1944	4925
1939	4927
1936	4931
1933	4936
1930	4940
1925	4942
1921	4945
1917	4948
1913	4951
1908	4953
1904	4955
1899	4957
1894	4959
1889	4960
1887	4967
1883	4970
1879	4973
1875	4976
1870	4977
1866	4981
1862	4983
1858	4986
1853	4987
1849	4990
1844	4992
1840	4995
1835	4997
1831	4999
1827	5002
1825	5008
1820	5010
1816	5013
1814	5019
1810	5024
1805	5024
1800	5026
1795	5026
1790	5028
1784	5029
1780	5031
1776	5034
1771	5035
1766	5038
1761	5039
1758	5042
1754	5046
1750	5050
1746	5053
1743	5057
1739	5061
1735	5065
1732	5069
1728	5073
1724	5075
1719	5077
1714	5078
1709	5079
1705	5083
1702	5088
1698	5090
1694	5094
1690	5097
1687	5101
1682	5104
1678	5107
1673	5107
1668	5110
1664	5112
1659	5114
1655	5117
1652	5121
1648	5125
1643	5127
1639	5129
1634	5130
1629	5132
1624	5134
1621	5138
1616	5140
1612	5143
1607	5144
1602	5147
1598	5149
1594	5152
1590	5155
1586	5158
1582	5162
1576	5161
1569	5158
1564	5159
1559	5161
1554	5163
1550	5165
1545	5165
1540	5166
1535	5169
1532	5174
1527	5175
1524	5180
1520	5184
1515	5186
1511	5188
1507	5192
1503	5195
1498	5196
1493	5198
1490	5203
1485	5205
1481	5208
1477	5212
1473	5215
1467	5214
1461	5213
1457	5215
1451	5216
1447	5218
1441	5218
1437	5220
1433	5223
1429	5226
1424	5228
1421	5233
1416	5236
1412	5238
1407	5239
1402	5241
1397	5243
1394	5247
1389	5249
1384	5250
1378	5249
1373	5249
1368	5250
1364	5253
1360	5257
1356	5262
1352	5266
1348	5269
1343	5271
1339	5273
1334	5275
1329	5276
1324	5276
1319	5277
1313	5277
1309	5280
1305	5285
1301	5287
1296	5289
1292	5292
1287	5294
1283	5295
1277	5295
1272	5296
1268	5299
1264	5302
1259	5304
1254	5305
1249	5306
1244	5308
1240	5310
1235	5311
1230	5313
1226	5316
1221	5318
1216	5320
1211	5320
1206	5321
1201	5323
1197	5325
1192	5328
1188	5331
1184	5334
1180	5338
1175	5338
1170	5340
1165	5341
1160	5343
1155	5345
1151	5347
1146	5348
1141	5349
1136	5350
1131	5353
1127	5356
1123	5359
1118	5359
1113	5360
1107	5359
1102	5360
1097	5361
1091	5359
1085	5357
1079	5356
1074	5355
1069	5356
1064	5357
1060	5360
1055	5363
1051	5366
1046	5368
1042	5369
1037	5372
1033	5375
1028	5377
1023	5376
1017	5374
1012	5375
1007	5377
1002	5378
998	5380
994	5385
989	5388
985	5392
981	5395
975	5394
970	5395
966	5398
961	5401
957	5403
952	5406
947	5407
943	5409
938	5411
933	5413
928	5413
923	5414
918	5416
913	5417
909	5419
904	5422
900	5425
895	5427
891	5429
886	5430
881	5432
876	5433
871	5433
866	5434
861	5436
856	5436
850	5433
844	5432
839	5433
835	5435
830	5439
826	5443
822	5447
818	5450
813	5453
808	5455
804	5458
799	5459
794	5459
789	5461
784	5463
779	5463
774	5462
769	5464
764	5467
759	5469
755	5471
750	5473
745	5474
740	5475
735	5475
730	5475
725	5477
720	5479
715	5481
711	5484
706	5486
701	5488
696	5490
692	5492
687	5494
682	5495
677	5496
672	5497
667	5498
662	5498
657	5500
652	5501
647	5502
642	5503
637	5505
632	5505
627	5506
622	5505
617	5506
612	5508
607	5510
602	5511
597	5513
592	5513
586	5508
581	5507
576	5508
571	5509
566	5512
561	5513
556	5513
551	5513
546	5515
541	5516
536	5516
531	5517
526	5518
521	5520
516	5521
510	5517
505	5515
500	5514
495	5514
490	5515
485	5516
480	5516
475	5518
470	5519
465	5518
459	5517
454	5518
449	5518
444	5519
439	5522
434	5522
430	5524
425	5525
420	5527
415	5530
410	5532
405	5533
400	5533
395	5531
389	5529
384	5529
379	5528
374	5530
369	5530
364	5531
359	5532
354	5533
349	5532
344	5534
339	5536
334	5536
329	5534
324	5534
319	5535
314	5535
309	5536
304	5538
299	5538
293	5536
288	5536
283	5537
279	5544
274	5545
269	5547
264	5546
259	5546
254	5547
249	5547
243	5548
238	5549
233	5550
229	5553
224	5553
219	5555
213	5555
208	5553
203	5553
198	5552
193	5552
188	5553
183	5552
178	5551
173	5552
168	5553
162	5553
157	5554
152	5554
147	5554
142	5554
137	5552
132	5552
127	5552
122	5553
117	5552
112	5552
107	5552
101	5552
96	5552
91	5553
86	5553
81	5554
76	5555
71	5554
66	5555
61	5552
56	5548
51	5546
46	5548
41	5551
36	5551
31	5552
26	5561
-0	5038
-5	5041
-9	5042
-13	5039
-18	5035
-22	5035
-27	5036
-31	5032
-36	5023
-40	5019
-44	5018
-49	5018
-53	5016
-57	5016
-62	5017
-66	5016
-71	5017
-75	5019
-79	5020
-84	5028
-88	5035
-92	5035
-97	5035
-101	5039
-106	5041
-110	5042
-114	5038
-142	5550
-147	5549
-152	5545
-157	5547
-162	5549
-167	5550
-172	5549
-177	5547
-182	5545
-187	5547
-192	5545
-197	5544
-202	5544
-207	5545
-212	5545
-217	5545
-222	5545
-227	5543
-232	5543
-237	5544
-242	5540
-247	5541
-253	5541
-258	5542
-263	5544
-268	5541
-273	5540
-278	5541
-283	5541
-288	5541
-293	5540
-298	5539
-303	5539
-308	5540
-313	5541
-318	5539
-323	5538
-328	5538
-333	5536
-338	5536
-343	5536
-348	5535
-353	5533
-358	5530
-363	5531
-368	5531
-373	5531
-378	5530
-383	5529
-388	5526
-393	5523
-398	5520
-403	5519
-408	5517
-413	5518
-418	5518
-423	5515
-427	5513
-432	5510
-437	5507
-442	5505
-447	5505
-452	5503
-457	5503
-461	5499
-466	5497
-471	5493
-476	5491
-481	5489
-486	5489
-491	5488
-495	5487
-500	5485
-505	5482
-510	5482
-515	5481
-520	5480
-525	5478
-530	5478
-535	5481
-540	5481
-545	5481
-551	5484
-556	5485
-561	5485
-566	5486
-571	5487
-576	5489
-581	5488
-587	5488
-592	5489
-596	5486
-601	5485
-606	5484
-611	5479
-616	5480
-621	5479
-626	5478
-631	5477
-635	5475
-640	5473
-645	5469
-649	5466
-654	5466
-659	5467
-665	5470
-670	5472
-676	5472
-681	5473
-686	5471
-691	5471
-696	5470
-700	5469
-706	5469
-711	5468
-716	5468
-720	5466
-725	5465
-730	5465
-735	5463
-740	5462
-745	5461
-750	5460
-755	5460
-760	5458
-765	5458
-770	5458
-775	5458
-780	5458
-785	5457
-790	5456
-795	5453
-799	5451
-804	5449
-809	5448
-814	5448
-819	5446
-824	5446
-829	5446
-834	5447
-840	5449
-845	5447
-849	5444
-854	5444
-859	5443
-864	5442
-869	5440
-874	5439
-879	5439
-884	5439
-888	5436
-893	5434
-898	5434
-903	5434
-909	5435
-915	5437
-920	5437
-925	5437
-930	5436
-935	5436
-940	5437
-945	5435
-950	5434
-955	5434
-961	5436
-967	5439
-972	5439
-977	5439
-982	5438
-987	5439
-992	5437
-997	5436
-1002	5435
-1007	5435
-1013	5435
-1018	5435
-1023	5435
-1028	5434
-1033	5431
-1038	5432
-1043	5433
-1048	5431
-1053	5429
-1058	5429
-1063	5429
-1068	5427
-1073	5426
-1078	5425
-1083	5424
-1088	5424
-1094	5425
-1099	5423
-1103	5422
-1108	5419
-1112	5416
-1117	5415
-1122	5414
-1128	5415
-1133	5415
-1138	5415
-1144	5415
-1149	5415
-1155	5418
-1160	5417
-1166	5418
-1171	5416
-1175	5414
-1180	5412
-1185	5410
-1190	5409
-1195	5409
-1200	5409
-1205	5407
-1210	5404
-1216	5408
-1221	5408
-1226	5407
-1231	5404
-1236	5403
-1241	5402
-1246	5401
-1251	5400
-1255	5397
-1260	5395
-1265	5393
-1270	5393
-1275	5393
-1280	5392
-1286	5391
-1290	5389
-1295	5388
-1300	5386
-1305	5385
-1310	5384
-1315	5382
-1320	5382
-1326	5383
-1331	5381
-1336	5380
-1342	5382
-1347	5381
-1351	5377
-1356	5376
-1360	5373
-1365	5369
-1369	5367
-1374	5365
-1378	5362
-1382	5358
-1386	5354
-1391	5353
-1396	5352
-1401	5349
-1404	5344
-1408	5340
-1413	5337
-1417	5334
-1422	5334
-1426	5330
-1430	5326
-1435	5325
-1440	5324
-1445	5322
-1448	5316
-1452	5312
-1456	5308
-1460	5303
-1464	5300
-1468	5297
-1472	5294
-1477	5291
-1481	5289
-1486	5287
-1490	5284
-1495	5282
-1500	5281
-1505	5281
-1510	5279
-1515	5277
-1520	5276
-1525	5275
-1529	5273
-1534	5272
-1539	5269
-1543	5267
-1548	5265
-1552	5262
-1557	5260
-1562	5259
-1569	5264
-1575	5264
-1580	5263
-1585	5261
-1590	5259
-1595	5258
-1599	5254
-1603	5252
-1608	5250
-1613	5249
-1618	5247
-1622	5244
-1627	5242
-1632	5241
-1636	5238
-1641	5236
-1644	5232
-1649	5229
-1653	5227
-1659	5227
-1665	5228
-1669	5226
-1673	5222
-1677	5219
-1682	5217
-1686	5213
-1690	5209
-1695	5207
-1697	5200
-1700	5196
-1706	5196
-1714	5201
-1718	5198
-1722	5194
-1727	5192
-1731	5189
-1735	5186
-1739	5183
-1743	5179
-1748	5177
-1752	5175
-1758	5174
-1763	5173
-1768	5172
-1773	5170
-1777	5168
-1781	5165
-1786	5163
-1792	5164
-1798	5165
-1804	5165
-1808	5163
-1813	5160
-1816	5155
-1821	5154
-1826	5152
-1831	5151
-1836	5150
-1840	5147
-1844	5143
-1849	5141
-1853	5139
-1858	5136
-1863	5136
-1868	5134
-1872	5131
-1877	5129
-1881	5126
-1885	5122
-1889	5120
-1894	5118
-1898	5115
-1903	5113
-1905	5107
-1909	5103
-1914	5101
-1919	5100
-1924	5098
-1928	5096
-1932	5092
-1937	5090
-1942	5088
-1946	5085
-1950	5082
-1953	5077
-1957	5073
-1961	5071
-1966	5069
-1969	5065
-1973	5062
-1978	5059
-1981	5054
-1984	5050
-1987	5045
-1990	5040
-1995	5038
-2000	5036
-2005	5035
-2009	5032
-2012	5028
-2016	5023
-2020	5020
-2023	5017
-2025	5010
-2029	5006
-2033	5004
-2037	5000
-2042	4998
-2045	4993
-2049	4990
-2053	4987
-2057	4985
-2062	4983
-2065	4979
-2070	4977
-2075	4974
-2078	4971
-2081	4966
-2084	4961
-2089	4959
-2093	4956
-2098	4954
-2102	4952
-2105	4947
-2109	4944
-2113	4941
-2117	4937
-2120	4933
-2123	4929
-2128	4926
-2133	4925
-2140	4927
-2145	4925
-2147	4919
-2151	4916
-2155	4913
-2159	4910
-2162	4906
-2166	4902
-2170	4900
-2174	4896
-2178	4893
-2183	4892
-2188	4889
-2191	4885
-2194	4881
-2198	4878
-2203	4876
-2208	4875
-2212	4872
-2216	4869
-2219	4865
-2222	4860
-2226	4856
-2230	4853
-2232	4848
-2235	4843
-2238	4839
-2241	4834
-2245	4830
-2249	4828
-2253	4826
-2258	4823
-2262	4820
-2265	4815
-2268	4812
-2272	4808
-2276	4806
-2280	4802
-2284	4799
-2288	4796
-2293	4794
-2296	4790
-2299	4786
-2303	4783
-2308	4781
-2311	4777
-2315	4773
-2318	4770
-2322	4767
-2326	4763
-2329	4759
-2333	4756
-2337	4753
-2341	4750
-2345	4747
-2349	4744
-2353	4741
-2358	4740
-2363	4738
-2365	4732
-2367	4727
-2370	4722
-2373	4719
-2377	4716
-2381	4712
-2385	4709
-2390	4708
-2397	4708
-2400	4704
-2402	4699
-2404	4693
-2408	4690
-2413	4688
-2417	4686
-2421	4683
-2425	4680
-2429	4676
-2431	4671
-2436	4670
-2440	4667
-2443	4662
-2447	4659
-2451	4656
-2455	4653
-2459	4650
-2462	4645
-2464	4640
-2467	4636
-2471	4634
-2475	4630
-2478	4626
-2480	4621
-2483	4617
-2487	4614
-2493	4613
-2497	4610
-2500	4605
-2502	4601
-2505	4596
-2507	4591
-2510	4587
-2514	4584
-2519	4582
-2522	4578
-2526	4575
-2531	4573
-2531	4566
-2534	4562
-2537	4557
-2541	4554
-2545	4551
-2547	4547
-2550	4542
-2553	4538
-2555	4533
-2558	4529
-2561	4524
-2563	4519
-2565	4515
-2569	4511
-2573	4508
-2576	4504
-2578	4499
-2581	4495
-2584	4491
-2588	4488
-2592	4485
-2594	4480
-2597	4476
-2601	4473
-2606	4471
-2609	4467
-2610	4461
-2614	4458
-2618	4455
-2620	4450
-2623	4446
-2626	4442
-2627	4436
-2629	4431
-2633	4428
-2634	4422
-2637	4418
-2640	4413
-2643	4410
-2647	4407
-2650	4402
-2652	4398
-2655	4394
-2657	4389
-2660	4385
-2664	4382
-2667	4378
-2670	4374
-2672	4369
-2673	4363
-2673	4356
-2672	4348
-2670	4339
-2669	4331
-2670	4326
-2672	4321
-2675	4317
-2679	4314
-2681	4309
-2682	4303
-2683	4297
-2686	4294
-2690	4290
-2691	4285
-2692	4279
-2694	4274
-2696	4270
-2698	4265
-2702	4261
-2705	4258
-2709	4255
-2714	4253
-2716	4248
-2716	4241
-2716	4235
-2717	4229
-2721	4226
-2724	4223
-2727	4219
-2729	4214
-2729	4207
-2730	4202
-2735	4200
-2738	4196
-2740	4192
-2743	4188
-2746	4184
-2747	4179
-2750	4175
-2752	4170
-2754	4165
-2764	4168
-2759	4157
-2759	4150
-2773	4157
-2761	4139
-2763	4134
-2766	4131
-2768	4126
-2773	4124
-2775	4120
-2778	4116
-2780	4112
-2782	4107
-2782	4101
-2784	4096
-2788	4093
-2792	4091
-2795	4087
-2797	4082
-2798	4077
-2800	4072
-2800	4066
-2802	4061
-2806	4058
-2810	4055
-2811	4050
-2812	4045
-2810	4037
-2823	4042
-2804	4019
-2804	4013
-2806	4009
-2805	4002
-2805	3996
-2807	3991
-2807	3985
-2807	3979
-2808	3974
-2808	3968
-2808	3961
-2810	3957
-2814	3954
-2817	3951
-2820	3947
-2824	3944
-2823	3937
-2823	3932
-2826	3928
-2827	3923
-2827	3917
-2829	3912
-2832	3909
-2833	3904
-2835	3900
-2837	3895
-2839	3891
-2841	3886
-2843	3882
-2846	3878
-2846	3873
-2846	3867
-2846	3861
-2848	3856
-2849	3852
-2852	3848
-2855	3844
-2856	3839
-2857	3835
-2858	3830
-2860	3825
-2861	3820
-2863	3816
-2866	3812
-2868	3808
-2866	3800
-2865	3794
-2867	3790
-2871	3788
-2874	3784
-2877	3780
-2880	3777
-2882	3773
-2883	3768
-2879	3759
-2894	3764
-2894	3759
-2884	3746
-2887	3742
-2888	3737
-2891	3734
-2891	3729
-2889	3721
-2888	3715
-2888	3709
-2888	3704
-2902	3708
-2906	3705
-2903	3697
-2886	3680
-2886	3674
-2886	3669
-2887	3664
-2888	3659
-2890	3655
-2889	3649
-2888	3643
-2885	3635
-2885	3630
-2889	3627
-2894	3625
-2893	3619
-2892	3613
-2893	3608
-2896	3605
-2900	3602
-2903	3599
-2904	3594
-2905	3589
-2905	3584
-2904	3578
-2905	3573
-2905	3568
-2908	3564
-2910	3561
-2911	3556
-2912	3551
-2913	3547
-2915	3543
-2917	3539
-2919	3535
-2920	3530
-2920	3525
-2920	3520
-2921	3515
-2922	3510
-2923	3506
-2926	3502
-2926	3497
-2926	3492
-2927	3487
-2928	3482
-2928	3477
-2930	3473
-2931	3469
-2932	3464
-2934	3460
-2936	3456
-2938	3452
-2939	3447
-2935	3440
-2935	3435
-2935	3430
-2937	3426
-2940	3422
-2942	3419
-2944	3415
-2945	3410
-2945	3405
-2948	3402
-2949	3397
-2950	3393
-2954	3390
-2957	3387
-2960	3383
-2955	3375
-2952	3369
-2954	3365
-2956	3360
-2954	3355
-2959	3352
-2952	3343
-2951	3338
-2949	3332
-2948	3326
-2946	3320
-2949	3316
-2950	3312
-2949	3307
-2950	3302
-2948	3296
-2947	3291
-2946	3285
-2946	3280
-2948	3276
-2948	3272
-2948	3266
-2947	3261
-2947	3256
-2948	3252
-2950	3248
-2951	3244
-2950	3239
-2949	3233
-2949	3228
-2950	3224
-2959	3224
-2961	3220
-2947	3208
-2949	3204
-2951	3200
-2950	3195
-2948	3189
-2950	3185
-2950	3181
-2949	3175
-2957	3175
-2950	3166
-2949	3161
-2950	3157
-2945	3149
-2944	3144
-2944	3139
-2944	3135
-2945	3130
-2948	3127
-2949	3123
-2948	3118
-2948	3113
-2949	3109
-2948	3104
-2945	3098
-2945	3093
-2945	3088
-2945	3084
-2944	3078
-2946	3075
-2948	3071
-2948	3067
-2948	3062
-2948	3057
-2947	3052
-2946	3047
-2948	3043
-2948	3039
-2943	3032
-2947	3029
-2945	3024
-2941	3017
-2941	3012
-2936	3006
-2935	3001
-2936	2997
-2938	2993
-2939	2989
-2935	2982
-2931	2976
-2932	2972
-2933	2968
-2931	2963
-2929	2957
-2927	2952
-2926	2947
-2925	2942
-2926	2938
-2924	2933
-2924	2928
-2923	2924
-2922	2919
-2921	2914
-2920	2909
-2919	2904
-2918	2899
-2916	2894
-2917	2890
-2921	2887
-2924	2884
-2922	2879
-2918	2873
-2917	2868
-2916	2863
-2916	2859
-2918	2856
-2918	2851
-2918	2847
-2914	2841
-2911	2835
-2910	2831
-2912	2827
-2911	2822
-2908	2817
-2906	2812
-2906	2807
-2908	2804
-2910	2800
-2906	2795
-2907	2791
-2907	2786
-2906	2782
-2906	2778
-2908	2774
-2907	2769
-2906	2765
-2904	2759
-2903	2755
-2906	2752
-2909	2749
-2908	2744
-2904	2738
-2902	2733
-2901	2729
-2899	2724
-2896	2719
-2896	2714
-2895	2710
-2897	2706
-2896	2702
-2895	2697
-2896	2694
-2896	2690
-2893	2684
-2892	2680
-2895	2676
-2896	2673
-2893	2668
-2891	2663
-2886	2657
-2888	2653
-2888	2649
-2898	2649
-2898	2645
-2883	2635
-2884	2631
-2878	2625
-2877	2621
-2877	2617
-2876	2613
-2878	2609
-2878	2605
-2879	2601
-2874	2596
-2870	2590
-2873	2587
-2875	2584
-2870	2578
-2868	2573
-2864	2568
-2862	2563
-2868	2561
-2869	2558
-2868	2553
-2867	2549
-2867	2545
-2868	2541
-2861	2535
-2861	2531
-2859	2527
-2855	2521
-2852	2516
-2852	2513
-2853	2509
-2850	2504
-2849	2500
-2851	2496
-2853	2493
-2852	2489
-2848	2484
-2844	2479
-2844	2475
-2845	2471
-2846	2468
-2842	2462
-2840	2458
-2836	2453
-2836	2449
-2836	2445
-2835	2441
-2835	2437
-2836	2433
-2837	2430
-2838	2426
-2834	2421
-2834	2417
-2834	2414
-2834	2410
-2834	2406
-2832	2401
-2834	2398
-2832	2394
-2828	2389
-2831	2386
-2830	2382
-2830	2378
-2824	2372
-2822	2368
-2820	2364
-2820	2360
-2821	2356
-2823	2353
-2823	2349
-2822	2345
-2822	2341
-2821	2337
-2816	2332
-2817	2329
-2819	2325
-2817	2321
-2816	2317
-2816	2313
-2814	2309
-2813	2305
-2813	2301
-2811	2297
-2811	2293
-2811	2290
-2808	2285
-2807	2281
-2807	2278
-2803	2273
-2801	2269
-2805	2266
-2806	2262
-2805	2258
-2802	2254
-2798	2249
-2801	2246
-2799	2242
-2796	2238
-2795	2234
-2794	2230
-2792	2226
-2790	2222
-2791	2218
-2791	2215
-2790	2211
-2787	2206
-2784	2202
-2784	2199
-2788	2196
-2788	2192
-2784	2188
-2780	2183
-2780	2179
-2781	2176
-2784	2173
-2785	2169
-2776	2164
-2776	2160
-2778	2157
-2780	2154
-2777	2150
-2777	2146
-2774	2142
-2772	2138
-2770	2134
-2773	2131
-2775	2127
-2773	2124
-2770	2119
-2765	2115
-2764	2111
-2769	2108
-2767	2104
-2767	2101
-2766	2097
-2764	2093
-2761	2089
-2761	2085
-2761	2082
-2761	2078
-2760	2075
-2761	2071
-2759	2067
-2760	2064
-2758	2060
-2759	2056
-2757	2053
-2755	2049
-2752	2045
-2752	2041
-2752	2038
-2753	2034
-2749	2030
-2749	2026
-2748	2023
-2747	2019
-2744	2015
-2745	2012
-2744	2008
-2742	2004
-2742	2001
-2739	1997
-2734	1993
-2733	1989
-2736	1986
-2735	1982
-2728	1978
-2729	1975
-2732	1971
-2732	1968
-2732	1964
-2730	1961
-2730	1957
-2728	1953
-2728	1950
-2727	1946
-2721	1942
-2721	1939
-2724	1935
-2723	1932
-2723	1928
-2722	1925
-2719	1921
-2718	1917
-2717	1914
-2716	1910
-2715	1907
-2716	1903
-2714	1900
-2714	1896
-2713	1893
-2711	1889
-2710	1885
-2708	1882
-2705	1878
-2705	1875
-2704	1871
-2704	1868
-2704	1864
-2705	1861
-2703	1857
-2701	1853
-2700	1850
-2702	1847
-2702	1843
-2695	1839
-2692	1836
-2693	1832
-2694	1829
-2694	1825
-2692	1822
-2690	1818
-2687	1815
-2685	1811
-2687	1808
-2687	1804
-2688	1801
-2688	1798
-2686	1794
-2683	1791
-2681	1787
-2680	1784
-2679	1780
-2680	1777
-2679	1773
-2679	1770
-2677	1766
-2677	1763
-2677	1760
-2676	1756
-2675	1753
-2675	1749
-2675	1746
-2676	1742
-2676	1739
-2674	1736
-2673	1732
-2671	1729
-2670	1725
-2669	1722
-2668	1718
-2668	1715
-2668	1712
-2666	1708
-2664	1705
-2663	1701
-2661	1698
-2660	1695
-2661	1691
-2661	1688
-2660	1684
-2659	1681
-2656	1678
-2655	1674
-2655	1671
-2655	1668
-2655	1664
-2653	1661
-2650	1657
-2649	1654
-2649	1651
-2647	1647
-2648	1644
-2649	1641
-2647	1637
-2645	1634
-2646	1631
-2646	1627
-2644	1624
-2642	1621
-2641	1617
-2638	1614
-2638	1610
-2639	1607
-2639	1604
-2640	1600
-2639	1597
-2637	1594
-2636	1590
-2635	1587
-2632	1584
-2632	1580
-2631	1577
-2631	1574
-2631	1570
-2630	1567
-2628	1564
-2626	1561
-2625	1557
-2624	1554
-2624	1551
-2624	1547
-2623	1544
-2621	1541
-2621	1537
-2620	1534
-2620	1531
-2619	1527
-2618	1524
-2617	1521
-2615	1518
-2613	1514
-2612	1511
-2613	1508
-2613	1504
-2614	1501
-2613	1498
-2613	1494
-2614	1491
-2613	1488
-2609	1485
-2606	1481
-2606	1478
-2607	1475
-2603	1472
-2603	1468
-2601	1465
-2600	1462
-2599	1459
-2598	1455
-2598	1452
-2598	1449
-2597	1446
-2597	1442
-2595	1439
-2592	1436
-2590	1433
-2590	1430
-2587	1427
-2587	1423
-2587	1420
-2585	1417
-2583	1414
-2581	1410
-2581	1407
-2579	1404
-2575	1401
-2573	1398
-2574	1395
-2575	1391
-2574	1388
-2572	1385
-2569	1382
-2569	1379
-2567	1376
-2566	1372
-2567	1369
-2567	1366
-2568	1362
-2566	1359
-2564	1356
-2563	1353
-2564	1349
-2562	1346
-2558	1344
-2558	1340
-2559	1337
-2557	1334
-2555	1331
-2555	1327
-2553	1324
-2553	1321
-2552	1318
-2552	1315
-2551	1311
-2552	1308
-2554	1304
-2553	1301
-2550	1298
-2550	1295
-2548	1292
-2549	1288
-2548	1285
-2546	1282
-2545	1279
-2546	1276
-2546	1272
-2546	1269
-2545	1266
-2545	1263
-2543	1259
-2540	1257
-2538	1254
-2537	1250
-2536	1247
-2536	1244
-2535	1241
-2534	1238
-2533	1235
-2532	1231
-2530	1228
-2527	1226
-2525	1223
-2526	1219
-2526	1216
-2524	1213
-2525	1209
-2521	1207
-2519	1204
-2515	1201
-2513	1198
-2514	1195
-2514	1192
-2512	1189
-2511	1186
-2509	1183
-2508	1180
-2507	1176
-2506	1173
-2505	1170
-2503	1167
-2502	1164
-2502	1161
-2503	1157
-2503	1154
-2500	1151
-2499	1148
-2500	1145
-2496	1142
-2493	1139
-2492	1136
-2491	1133
-2490	1130
-2489	1127
-2489	1124
-2487	1121
-2486	1118
-2484	1115
-2482	1112
-2482	1109
-2483	1105
-2484	1101
-2481	1099
-2479	1096
-2479	1093
-2479	1089
-2478	1086
-2477	1083
-2476	1080
-2475	1077
-2475	1074
-2475	1070
-2473	1067
-2472	1064
-2471	1061
-2472	1058
-2471	1054
-2467	1052
-2464	1050
-2460	1047
-2457	1045
-2455	1042
-2454	1039
-2453	1036
-2452	1033
-2453	1029
-2454	1025
-2453	1022
-2451	1020
-2450	1016
-2450	1013
-2450	1010
-2450	1006
-2449	1003
-2449	1000
-2446	997
-2444	995
-2444	991
-2445	988
-2444	984
-2443	981
-2440	979
-2440	976
-2441	972
-2441	969
-2440	966
-2438	963
-2437	960
-2437	956
-2436	953
-2434	950
-2433	947
-2432	944
-2432	941
-2432	937
-2429	935
-2426	932
-2426	929
-2427	925
-2429	921
-2429	918
-2427	915
-2423	913
-2423	910
-2423	906
-2421	903
-2418	901
-2417	898
-2416	895
-2414	892
-2413	889
-2411	886
-2411	883
-2413	879
-2412	875
-2409	873
-2407	871
-2405	868
-2404	865
-2401	862
-2399	859
-2399	856
-2400	852
-2399	849
-2397	847
-2396	843
-2395	840
-2394	837
-2393	834
-2392	831
-2392	828
-2392	824
-2389	822
-2387	819
-2386	816
-2385	813
-2383	810
-2383	807
-2382	804
-2382	800
-2381	797
-2380	794
-2378	791
-2376	789
-2376	785
-2376	782
-2376	778
-2376	775
-2375	772
-2372	769
-2371	766
-2370	763
-2368	760
-2368	757
-2371	752
-2369	749
-2366	747
-2364	745
-2361	742
-2360	739
-2359	736
-2358	733
-2358	730
-2358	726
-2355	724
-2354	721
-2353	718
-2352	715
-2351	711
-2350	708
-2349	705
-2347	702
-2347	699
-2346	696
-2344	693
-2343	690
-2341	687
-2340	684
-2339	681
-2336	679
-2333	677
-2331	674
-2328	672
-2327	669
-2327	665
-2325	662
-2325	659
-2326	655
-2327	651
-2325	648
-2323	645
-2321	643
-2320	640
-2317	637
-2315	635
-2315	631
-2316	627
-2314	624
-2312	622
-2311	619
-2310	616
-2311	612
-2308	609
-2306	607
-2306	603
-2307	599
-2306	596
-2303	594
-2301	591
-2301	588
-2300	585
-2299	581
-2297	579
-2295	576
-2294	573
-2293	570
-2293	566
-2293	562
-2292	560
-2290	557
-2289	554
-2287	551
-2286	548
-2284	545
-2282	543
-2280	540
-2279	537
-2277	534
-2277	531
-2275	528
-2274	524
-2273	521
-2271	519
-2271	515
-2271	511
-2269	509
-2266	507
-2266	503
-2266	499
-2264	496
-2262	494
-2261	491
-2260	487
-2260	484
-2258	481
-2257	478
-2254	476
-2252	473
-2252	470
-2251	466
-2249	464
-2249	460
-2248	457
-2247	454
-2247	450
-2243	448
-2241	446
-2239	443
-2238	440
-2236	437
-2233	435
-2233	432
-2233	428
-2233	424
-2233	420
-2231	417
-2229	415
-2227	412
-2226	409
-2226	405
-2226	401
-2225	398
-2225	395
-2225	391
-2223	388
-2221	385
-2220	382
-2219	378
-2218	376
-2216	373
-2214	370
-2213	367
-2213	363
-2214	358
-2213	355
-2209	354
-2208	351
-2207	347
-2207	343
-2205	341
-2203	338
-2201	336
-2200	332
-2199	329
-2198	326
-2196	323
-2194	321
-2195	316
-2196	311
-2194	309
-2192	306
-2192	302
-2191	299
-2188	297
-2186	294
-2187	290
-2185	287
-2184	283
-2183	280
-2181	277
-2179	275
-2177	272
-2176	269
-2174	266
-2173	263
-2171	260
-2171	256
-2170	253
-2169	249
-2167	246
-2167	243
-2165	240
-2163	237
-2161	235
-2159	232
-2158	229
-2157	226
-2155	223
-2153	220
-2151	217
-2151	213
-2150	210
-2148	207
-2146	204
-2143	203
-2140	200
-2137	198
-2134	197
-2131	195
-2130	191
-2129	188
-2126	186
-2123	184
-2120	182
-2117	180
-2114	178
-2110	177
-2108	175
-2107	171
-2107	167
-2106	164
-2104	161
-2102	158
-2100	156
-2098	153
-2097	150
-2095	147
-2094	143
-2094	139
-2092	136
-2090	134
-2090	130
-2088	127
-2085	125
-2084	122
-2083	118
-2083	114
-2082	111
-2081	107
-2081	103
-2079	100
-2078	97
-2078	93
-2076	89
-2074	87
-2071	85
-2071	81
-2069	78
-2069	74
-2069	69
-2065	69
-2064	65
-2065	60
-2064	56
-2065	51
-2065	47
-2062	45
-2057	44
-2055	41
-2055	38
-2055	33
-2053	30
-2054	25
-2054	21
-2053	17
-2053	12
-2052	9
-2049	7
-2047	5
-2045	1
-2045	-3
-2045	-8
-2044	-11
-2042	-14
-2040	-17
-2037	-19
-2035	-21
-2034	-25
-2036	-31
-2034	-34
-2033	-38
-2033	-42
-2030	-44
-2027	-46
-2025	-49
-2024	-53
-2023	-56
-2022	-60
-2021	-64
-2021	-69
-2020	-72
-2017	-74
-2015	-77
-2014	-81
-2013	-84
-2011	-87
-2010	-90
-2008	-94
-2007	-98
-2008	-103
-2007	-107
-2003	-108
-2001	-110
-2000	-115
-2000	-119
-1997	-121
-1996	-125
-1995	-128
-1997	-135
-1995	-138
-1993	-141
-1990	-143
-1989	-147
-1988	-150
-1987	-154
-1985	-158
-1982	-159
-1981	-163
-1981	-168
-1980	-172
-1977	-174
-1977	-179
-1974	-181
-1973	-185
-1972	-189
-1971	-193
-1967	-193
-1966	-198
-1967	-204
-1964	-206
-1960	-207
-1957	-209
-1957	-213
-1958	-219
-1957	-224
-1955	-226
-1953	-229
-1951	-232
-1947	-234
-1939	-230
-1926	-221
-1919	-219
-1913	-218
-1908	-218
-1902	-217
-1900	-220
-1902	-227
-1905	-235
-1906	-241
-1900	-240
-1893	-238
-1885	-234
-1874	-228
-1869	-227
-1866	-229
-1862	-230
-1857	-230
-1849	-226
-1839	-220
-1830	-216
-1824	-213
-1817	-211
-1811	-210
-1807	-210
-1804	-212
-1802	-215
-1799	-216
-1795	-218
-1790	-217
-1788	-219
-1784	-220
-1747	-183
-1744	-185
-1742	-188
-1741	-192
-1740	-196
-1739	-200
-1738	-203
-1738	-209
-1738	-214
-1724	-203
-1716	-198
-1706	-192
-1696	-185
-1690	-183
-1685	-183
-1681	-183
-1671	-176
-1668	-178
-1664	-178
-1660	-178
-1657	-180
-1653	-180
-1649	-181
-1644	-180
-1637	-176
-1633	-176
-1632	-180
-1628	-180
-1624	-180
-1619	-179
-1615	-179
-1612	-181
-1609	-182
-1606	-183
-1602	-183
-1597	-182
-1593	-182
-1577	-167
-1574	-168
-1570	-169
-1566	-169
-1561	-168
-1558	-169
-1556	-171
-1552	-171
-1548	-171
-1543	-170
-1540	-172
-1539	-174
-1536	-176
-1533	-177
-1529	-178
-1526	-179
-1523	-180
-1519	-180
-1515	-179
-1509	-176
-1501	-172
-1496	-171
-1492	-170
-1488	-169
-1485	-171
-1482	-172
-1480	-174
-1478	-177
-1476	-179
-1473	-181
-1471	-183
-1470	-186
-1468	-188
-1461	-184
-1455	-182
-1452	-183
-1449	-184
-1447	-186
-1442	-184
-1438	-184
-1436	-186
-1435	-190
-1434	-194
-1431	-195
-1423	-189
-1415	-183
-1409	-180
-1405	-179
-1402	-181
-1401	-184
-1396	-183
-1392	-182
-1388	-182
-1385	-182
-1380	-180
-1377	-181
-1374	-182
-1371	-183
-1368	-185
-1365	-186
-1363	-187
-1356	-183
-1347	-174
-1342	-173
-1340	-174
-1337	-176
-1335	-179
-1335	-183
-1332	-184
-1326	-181
-1323	-181
-1321	-184
-1320	-188
-1317	-188
-1317	-193
-1315	-196
-1308	-191
-1299	-182
-1292	-177
-1287	-176
-1284	-175
-1281	-176
-1277	-175
-1273	-174
-1269	-174
-1266	-175
-1262	-173
-1258	-173
-1255	-174
-1252	-174
-1249	-175
-1247	-178
-1244	-178
-1240	-177
-1236	-176
-1233	-176
-1229	-176
-1226	-177
-1223	-177
-1220	-177
-1216	-176
-1212	-176
-1210	-177
-1207	-178
-1204	-178
-1201	-178
-1198	-179
-1195	-180
-1192	-180
-1187	-178
-1183	-177
-1179	-175
-1176	-176
-1173	-176
-1170	-177
-1165	-175
-1163	-175
-1159	-174
-1155	-174
-1152	-174
-1149	-175
-1146	-176
-1144	-177
-1140	-176
-1137	-175
-1134	-176
-1130	-175
-1125	-173
-1123	-174
-1121	-176
-1118	-177
-1115	-176
-1111	-175
-1107	-175
-1104	-175
-1101	-176
-1099	-178
-1094	-174
-1093	-177
-1089	-176
-1086	-177
-1084	-179
-1080	-178
-1078	-179
-1074	-178
-1070	-177
-1067	-176
-1064	-177
-1061	-177
-1059	-178
-1056	-179
-1052	-178
-1049	-177
-1046	-177
-1043	-178
-1040	-179
-1037	-179
-1034	-180
-1030	-177
-1027	-177
-1024	-176
-1020	-176
-1018	-178
-1015	-178
-1012	-179
-1010	-179
-1007	-179
-1003	-179
-999	-176
-995	-174
-993	-176
-990	-177
-988	-178
-985	-179
-982	-179
-980	-180
-975	-177
-971	-175
-969	-176
-965	-174
-955	-160
-956	-169
-955	-173
-952	-174
-952	-178
-948	-177
-945	-176
-940	-173
-940	-178
-935	-175
-929	-169
-927	-171
-925	-171
-922	-172
-919	-173
-918	-176
-916	-178
-912	-177
-909	-175
-907	-178
-874	-112
-871	-110
-868	-109
-864	-107
-861	-106
-857	-105
-855	-105
-852	-106
-851	-110
-850	-114
-847	-114
-844	-113
-841	-112
-838	-112
-780	1
-777	-0
-775	-2
-773	-2
-770	-0
-766	2
-764	2
-761	2
-758	3
-755	3
-754	1
-751	1
-748	1
-746	2
-743	2
-740	3
-738	2
-736	1
-733	1
-732	-3
-733	-12
-733	-17
-730	-16
-725	-11
-721	-6
-719	-9
-719	-15
-718	-19
-716	-20
-745	-125
-744	-129
-743	-134
-741	-138
-740	-141
-737	-141
-735	-142
-733	-144
-730	-145
-728	-146
-726	-147
-723	-148
-721	-148
-718	-149
-716	-149
-713	-150
-711	-151
-709	-154
-706	-153
-704	-154
-702	-155
-699	-155
-697	-156
-693	-155
-691	-155
-689	-156
-686	-156
-683	-157
-681	-158
-678	-156
-673	-150
-669	-144
-666	-143
-663	-144
-660	-143
-656	-139
-653	-137
-650	-135
-647	-133
-644	-134
-642	-137
-642	-143
-641	-149
-639	-150
-636	-150
-634	-151
-632	-153
-630	-155
-627	-153
-622	-148
-619	-147
-617	-149
-615	-150
-612	-149
-609	-146
-606	-147
-604	-147
-602	-149
-601	-155
-605	-178
-603	-179
-600	-181
-598	-180
-595	-180
-592	-179
-589	-177
-586	-176
-584	-177
-581	-178
-579	-179
-576	-179
-574	-179
-571	-178
-568	-179
-565	-178
-563	-177
-560	-178
-558	-178
-555	-177
-552	-177
-549	-176
-547	-176
-545	-180
-543	-184
-541	-184
-538	-184
-536	-184
-534	-186
-531	-185
-528	-185
-525	-184
-523	-185
-520	-185
-518	-184
-515	-183
-512	-183
-510	-184
-507	-184
-505	-185
-502	-184
-500	-185
-497	-184
-494	-184
-492	-185
-489	-184
-486	-183
-484	-182
-482	-184
-479	-185
-477	-185
-474	-184
-472	-185
-469	-186
-466	-185
-464	-185
-461	-183
-458	-183
-456	-182
-453	-183
-451	-183
-448	-184
-446	-183
-443	-185
-441	-185
-438	-186
-436	-184
-433	-184
-431	-184
-428	-185
-426	-185
-423	-185
-420	-183
-418	-184
-415	-185
-413	-184
-411	-186
-408	-185
-405	-184
-403	-184
-400	-184
-397	-183
-395	-184
-393	-184
-390	-184
-388	-184
-385	-183
-382	-184
-380	-184
-377	-184
-375	-184
-372	-183
-370	-182
-367	-182
-365	-182
-362	-182
-360	-181
-357	-182
-355	-183
-352	-183
-350	-184
-347	-184
-345	-185
-343	-185
-340	-185
-337	-185
-335	-184
-332	-183
-330	-184
-327	-184
-325	-184
-322	-184
-320	-184
-317	-183
-315	-184
-312	-183
-310	-183
-307	-184
-305	-184
-303	-184
-300	-184
-298	-184
-295	-184
-293	-184
-290	-184
-288	-183
-285	-183
-283	-184
-280	-184
-278	-185
-275	-185
-273	-185
-270	-185
-268	-184
-265	-183
-263	-184
-261	-185
-258	-184
-256	-184
-253	-185
-251	-184
-248	-184
-246	-184
-243	-184
-241	-184
-238	-184
-236	-184
-233	-185
-231	-184
-228	-183
-226	-183
-223	-183
-221	-185
-218	-184
-216	-184
-213	-183
-211	-182
-209	-183
-206	-183
-204	-184
-201	-184
-199	-184
-196	-184
-194	-184
-191	-184
-189	-185
-187	-185
-184	-185
-182	-184
-179	-184
-177	-184
-174	-184
-172	-184
-169	-184
-167	-184
-164	-184
-162	-184
-160	-185
-157	-185
-155	-185
-152	-185
-150	-185
-147	-184
-145	-184
-142	-184
-140	-184
-137	-184
-135	-185
-133	-185
-130	-185
-128	-185
-125	-184
-123	-184
-120	-184
-118	-185
-115	-185
-113	-185
-111	-185
-108	-185
-106	-183
-103	-183
-101	-184
-98	-185
-96	-186
-93	-185
-91	-185
-88	-184
-86	-183
-84	-183
-81	-183
-79	-182
-74	-184
-71	-184
-69	-184
-66	-185
-64	-184
-62	-185
-59	-185
-57	-185
-54	-185
-52	-185
-49	-186
-47	-185
-44	-185
-42	-184
-40	-183
-37	-184
-35	-184
-32	-185
-30	-184
-27	-185
-25	-186
-22	-185
-20	-184
-17	-185
-15	-186
-13	-186
-10	-185
-8	-185
-5	-185
-3	-185
-0	-184
2	-183
5	-183
7	-183
9	-184
12	-184
14	-183
17	-183
19	-184
22	-184
24	-185
27	-185
29	-185
32	-185
34	-185
36	-185
39	-184
41	-185
44	-186
46	-186
49	-185
51	-185
54	-185
56	-184
59	-184
61	-184
63	-184
66	-185
69	-186
71	-186
73	-185
76	-184
78	-184
81	-185
83	-184
86	-184
88	-184
91	-184
93	-185
96	-185
98	-185
101	-185
103	-185
105	-185
108	-184
110	-185
113	-185
115	-185
118	-184
120	-184
123	-184
125	-186
128	-186
130	-186
133	-185
135	-185
138	-184
140	-186
143	-186
145	-185
148	-185
150	-185
153	-187
155	-187
158	-187
160	-187
163	-186
165	-185
167	-185
170	-184
172	-185
175	-185
177	-185
180	-185
182	-184
185	-184
187	-184
190	-184
192	-183
195	-185
197	-185
200	-184
202	-185
205	-184
207	-183
210	-183
212	-184
215	-184
217	-186
220	-184
222	-184
225	-184
227	-182
230	-183
232	-183
235	-183
237	-185
240	-184
242	-184
245	-184
247	-185
250	-185
252	-184
255	-184
257	-184
260	-184
262	-183
265	-183
268	-185
270	-183
272	-184
275	-183
278	-184
280	-184
283	-185
285	-185
288	-186
291	-186
293	-187
296	-185
298	-184
300	-183
303	-183
306	-186
309	-187
311	-185
313	-185
316	-184
318	-185
321	-185
324	-185
326	-184
329	-185
331	-185
334	-185
336	-184
339	-184
342	-185
344	-185
346	-184
349	-185
352	-187
355	-186
357	-187
360	-185
362	-185
364	-183
367	-184
370	-185
372	-185
375	-185
378	-185
380	-184
383	-185
386	-186
388	-186
391	-185
393	-184
395	-184
398	-184
401	-184
403	-184
406	-183
408	-184
411	-183
414	-184
416	-185
419	-183
421	-182
424	-183
427	-184
429	-184
432	-185
435	-184
437	-183
440	-183
442	-182
445	-182
448	-184
451	-185
453	-184
456	-183
458	-184
461	-184
463	-183
466	-184
469	-185
472	-184
474	-182
477	-184
479	-184
482	-183
484	-182
487	-184
490	-184
493	-184
495	-183
498	-182
500	-182
503	-181
505	-181
508	-181
511	-181
514	-182
517	-183
519	-182
522	-182
525	-183
528	-184
530	-183
533	-182
535	-182
538	-182
540	-182
544	-184
547	-184
549	-183
551	-181
553	-179
556	-179
558	-178
561	-177
562	-174
564	-170
565	-167
567	-164
569	-161
571	-159
573	-158
576	-159
579	-160
584	-165
588	-170
592	-173
595	-174
598	-174
600	-172
603	-172
606	-173
609	-175
611	-173
613	-171
615	-169
617	-166
617	-158
627	-178
613	-135
614	-129
615	-126
617	-123
619	-121
621	-120
623	-118
625	-115
627	-114
630	-114
633	-114
635	-113
637	-112
640	-112
642	-111
645	-110
647	-109
650	-109
652	-109
656	-110
659	-111
662	-112
665	-113
668	-114
672	-116
675	-118
679	-121
684	-125
694	-142
700	-151
705	-154
707	-153
709	-152
712	-151
715	-151
717	-149
719	-148
721	-147
723	-145
726	-145
729	-145
732	-146
734	-144
737	-143
739	-142
741	-141
743	-139
745	-136
746	-132
748	-129
748	-124
749	-119
749	-113
749	-107
720	-20
720	-14
720	-9
721	-5
723	-2
724	-0
726	1
729	2
731	2
734	2
737	2
739	3
741	4
744	4
775	-2
775	1
778	2
780	3
785	-1
868	-147
865	-136
868	-136
872	-138
877	-142
881	-143
884	-142
886	-142
889	-141
892	-140
895	-140
897	-138
900	-138
903	-139
908	-142
927	-172
931	-173
935	-176
939	-177
943	-177
946	-177
948	-176
950	-174
954	-175
958	-177
963	-180
968	-184
972	-184
973	-180
973	-175
974	-171
977	-170
980	-170
984	-172
988	-173
993	-176
998	-179
1002	-180
1005	-180
1008	-179
1011	-179
1014	-179
1017	-179
1020	-178
1024	-179
1026	-176
1029	-176
1034	-179
1037	-178
1040	-178
1043	-178
1048	-180
1052	-181
1054	-180
1057	-179
1060	-178
1062	-177
1066	-178
1069	-177
1072	-177
1075	-176
1079	-176
1083	-177
1085	-175
1087	-173
1091	-173
1094	-174
1098	-175
1103	-177
1107	-177
1110	-178
1113	-177
1117	-177
1120	-176
1123	-176
1127	-177
1131	-178
1133	-175
1135	-173
1136	-170
1140	-170
1146	-175
1151	-177
1154	-176
1157	-176
1161	-176
1163	-174
1167	-175
1172	-177
1176	-178
1179	-177
1181	-174
1182	-170
1183	-166
1184	-163
1186	-160
1188	-158
1189	-155
1193	-156
1199	-160
1204	-161
1204	-156
1204	-151
1206	-148
1210	-149
1218	-156
1231	-169
1236	-171
1239	-171
1242	-169
1244	-166
1245	-164
1248	-163
1254	-165
1263	-172
1271	-179
1275	-180
1278	-179
1282	-179
1284	-176
1283	-170
1284	-167
1287	-166
1290	-164
1293	-163
1296	-163
1299	-162
1302	-160
1304	-157
1306	-156
1308	-153
1310	-151
1313	-150
1316	-149
1319	-147
1321	-145
1323	-143
1327	-143
1333	-146
1336	-145
1340	-145
1345	-146
1350	-148
1360	-156
1371	-166
1374	-164
1375	-161
1375	-156
1376	-152
1377	-149
1380	-148
1385	-148
1389	-149
1392	-147
1395	-146
1399	-146
1402	-145
1405	-144
1408	-142
1409	-140
1413	-139
1417	-140
1420	-139
1421	-135
1423	-132
1424	-128
1425	-125
1428	-123
1431	-123
1434	-122
1438	-121
1443	-122
1447	-123
1452	-124
1458	-126
1465	-129
1475	-136
1487	-146
1487	-140
1487	-135
1488	-132
1492	-132
1501	-138
1505	-137
1508	-136
1513	-137
1517	-137
1518	-133
1520	-131
1523	-129
1523	-125
1527	-124
1540	-134
1544	-134
1548	-134
1552	-134
1556	-133
1558	-131
1561	-129
1563	-127
1565	-125
1568	-122
1571	-121
1575	-121
1584	-126
1591	-129
1592	-125
1594	-123
1597	-121
1600	-120
1604	-119
1610	-121
1625	-132
1625	-127
1626	-124
1630	-123
1634	-123
1636	-120
1639	-118
1642	-117
1652	-123
1663	-130
1667	-129
1666	-124
1667	-120
1672	-120
1673	-116
1681	-120
1688	-122
1692	-121
1693	-118
1696	-116
1700	-116
1703	-114
1704	-111
1708	-110
1721	-119
1727	-119
1732	-120
1734	-117
1736	-114
1740	-113
1743	-112
1746	-111
1749	-108
1752	-107
1756	-106
1759	-105
1761	-101
1763	-98
1770	-101
1775	-101
1779	-100
1783	-99
1788	-100
1788	-95
1790	-92
1813	-109
1810	-101
1816	-102
1820	-102
1825	-102
1828	-101
1832	-99
1837	-99
1844	-101
1852	-104
1861	-107
1860	-102
1861	-98
1864	-96
1866	-93
1873	-95
1876	-93
1878	-91
1879	-87
1882	-84
1892	-89
1901	-93
1905	-91
1911	-92
1917	-93
1921	-92
1923	-89
1925	-86
1929	-84
1934	-84
1944	-88
1947	-87
1950	-84
1953	-82
1957	-82
1964	-82
1967	-81
1970	-78
1974	-78
1981	-79
1989	-81
2000	-86
2002	-83
2006	-81
2009	-80
2012	-78
2015	-76
2019	-74
2021	-71
2023	-68
2042	-79
2045	-77
2050	-76
2053	-74
2055	-71
2069	-78
2075	-78
2081	-78
2082	-75
2081	-69
2084	-67
2088	-66
2092	-64
2102	-68
2106	-66
2106	-61
2107	-57
2109	-54
2112	-52
2114	-49
2115	-45
2117	-42
2121	-41
2146	-56
2148	-52
2153	-51
2156	-49
2161	-48
2177	-56
2181	-55
2188	-55
2199	-59
2209	-62
2199	-50
2213	-55
2225	-60
2228	-58
2234	-57
2239	-56
2246	-57
2257	-61
2260	-58
2266	-57
2272	-57
2275	-55
2277	-51
2281	-49
2285	-48
2290	-47
2295	-45
2299	-44
2304	-43
2305	-39
2307	-35
2312	-34
2314	-31
2317	-28
2319	-25
2318	-20
2321	-17
2319	-11
2327	-12
2322	-4
2323	0
2321	6
2325	8
2327	12
2325	18
2326	21
2323	28
2324	32
2329	34
2323	42
2323	47
2324	50
2325	55
2328	57
2329	61
2331	64
2332	68
2332	72
2330	78
2326	85
2334	85
2339	86
2331	96
2332	100
2332	104
2331	109
2334	112
2339	113
2341	117
2341	121
2340	126
2340	131
2337	137
2350	133
2352	137
2351	141
2341	152
2355	148
2356	151
2347	162
2350	164
2352	167
2352	172
2348	178
2346	184
2352	185
2359	185
2352	194
2357	195
2358	199
2356	204
2354	210
2358	212
2365	212
2370	213
2369	218
2369	223
2368	228
2370	231
2364	239
2364	243
2363	248
2381	242
2379	247
2375	254
2370	261
2368	266
2371	269
2376	270
2377	274
2377	278
2378	282
2380	285
2383	287
2385	291
2388	293
2389	297
2390	301
2391	304
2393	307
2393	311
2394	315
2393	320
2392	325
2391	330
2401	328
2400	333
2404	335
2406	338
2407	342
2407	346
2406	351
2402	357
2406	359
2408	362
2409	366
2411	369
2413	372
2413	376
2413	380
2413	384
2413	388
2415	392
2415	396
2417	399
2419	402
2420	406
2422	409
2421	413
2420	418
2421	421
2421	426
2423	429
2424	432
2427	435
2427	439
2427	443
2426	447
2427	451
2429	454
2430	458
2431	461
2432	465
2434	468
2434	472
2432	477
2434	480
2433	484
2435	488
2436	491
2438	494
2440	498
2440	501
2442	505
2442	508
2443	512
2444	516
2443	520
2443	524
2445	527
2447	530
2449	533
2448	538
2449	541
2450	545
2452	548
2451	552
2450	556
2451	560
2452	563
2453	567
2454	571
2455	574
2457	577
2458	581
2457	585
2459	588
2460	592
2461	595
2462	599
2463	602
2464	606
2465	609
2465	613
2466	616
2467	620
2468	623
2469	627
2470	630
2471	634
2471	638
2471	642
2474	644
2475	648
2475	652
2476	655
2477	659
2477	663
2477	666
2479	670
2479	673
2480	677
2481	680
2481	684
2481	688
2482	692
2483	695
2488	697
2488	700
2488	705
2488	708
2488	712
2488	716
2491	719
2491	723
2490	727
2490	730
2491	734
2494	737
2495	740
2495	744
2498	747
2500	750
2498	754
2498	758
2500	761
2501	765
2499	769
2498	773
2502	775
2499	781
2499	784
2500	788
2502	791
2504	794
2505	797
2506	801
2505	805
2505	808
2509	811
2510	814
2510	818
2511	822
2511	825
2511	829
2509	833
2511	837
2513	840
2514	843
2515	847
2516	850
2516	854
2516	857
2516	861
2517	864
2518	868
2520	871
2519	875
2519	879
2520	882
2522	885
2523	889
2524	892
2524	896
2525	899
2523	903
2522	907
2524	910
2524	914
2524	918
2525	921
2528	924
2528	928
2527	932
2526	936
2526	939
2528	942
2530	946
2532	949
2534	952
2533	956
2534	959
2534	963
2536	966
2537	969
2536	973
2536	977
2536	981
2536	984
2537	988
2538	991
2536	995
2538	999
2539	1002
2538	1006
2538	1009
2540	1012
2542	1016
2544	1019
2545	1022
2546	1026
2546	1029
2545	1033
2547	1036
2547	1040
2547	1044
2547	1047
2549	1050
2550	1054
2551	1057
2552	1060
2551	1064
2552	1068
2553	1071
2550	1075
2550	1079
2552	1082
2553	1086
2555	1089
2554	1092
2554	1096
2556	1099
2557	1103
2556	1106
2557	1110
2558	1113
2559	1117
2560	1120
2559	1124
2560	1127
2561	1131
2560	1134
2561	1138
2563	1141
2562	1145
2561	1149
2564	1152
2566	1155
2567	1158
2566	1162
2566	1166
2566	1169
2566	1173
2565	1176
2565	1180
2567	1183
2569	1186
2569	1190
2569	1194
2570	1197
2570	1200
2571	1204
2572	1207
2573	1211
2573	1214
2573	1218
2572	1222
2572	1225
2571	1229
2573	1232
2575	1235
2575	1239
2576	1242
2576	1246
2577	1249
2578	1253
2579	1256
2579	1260
2578	1263
2578	1267
2578	1270
2579	1274
2579	1277
2580	1281
2581	1284
2583	1287
2583	1291
2585	1294
2585	1298
2585	1301
2585	1305
2586	1308
2585	1312
2585	1315
2586	1319
2587	1322
2586	1326
2587	1329
2587	1333
2587	1336
2585	1340
2585	1344
2585	1347
2586	1351
2586	1354
2587	1358
2589	1361
2589	1364
2589	1368
2589	1371
2589	1375
2589	1379
2589	1382
2591	1385
2590	1389
2593	1392
2595	1396
2594	1399
2595	1403
2596	1406
2597	1409
2599	1413
2600	1416
2600	1420
2599	1423
2600	1427
2601	1430
2601	1434
2600	1437
2601	1441
2602	1444
2602	1448
2602	1451
2601	1455
2599	1459
2600	1462
2601	1465
2603	1469
2602	1472
2603	1476
2605	1479
2606	1483
2605	1486
2604	1490
2605	1493
2605	1497
2606	1500
2606	1504
2606	1507
2606	1511
2607	1514
2608	1518
2609	1521
2607	1525
2607	1528
2608	1532
2609	1535
2610	1539
2610	1542
2609	1546
2608	1549
2608	1553
2608	1556
2612	1560
2612	1563
2612	1567
2612	1570
2612	1574
2614	1577
2615	1581
2618	1584
2619	1588
2616	1591
2614	1595
2614	1598
2614	1602
2617	1605
2619	1609
2622	1612
2623	1616
2621	1619
2621	1623
2620	1626
2619	1630
2620	1633
2619	1637
2619	1640
2620	1644
2620	1647
2618	1651
2618	1654
2620	1658
2621	1661
2622	1665
2621	1669
