3508	1658
3508	1663
3508	1668
3507	1672
3506	1677
3505	1682
3504	1691
3504	1696
3504	1700
3504	1705
3503	1710
3502	1714
3502	1719
3502	1724
3501	1728
3500	1733
3500	1738
3500	1742
3500	1747
3499	1752
3498	1756
3498	1761
3498	1766
3498	1770
3497	1775
3497	1779
3497	1784
3497	1789
3496	1793
3496	1798
3495	1803
3495	1807
3495	1812
3494	1817
3493	1821
3493	1826
3492	1831
3492	1835
3492	1840
3491	1845
3491	1849
3489	1854
3489	1858
3489	1863
3489	1868
3489	1872
3487	1877
3485	1882
3486	1886
3487	1891
3486	1896
3486	1900
3485	1905
3483	1909
3483	1914
3483	1919
3483	1923
3483	1928
3482	1933
3481	1937
3479	1942
3478	1946
3479	1951
3478	1956
3479	1960
3479	1965
3477	1970
3475	1974
3474	1979
3473	1983
3473	1988
3472	1992
3472	1997
3472	2002
3471	2006
3471	2011
3469	2016
3469	2020
3467	2025
3468	2029
3468	2034
3466	2039
3466	2043
3464	2048
3464	2052
3462	2057
3462	2061
3460	2066
3460	2071
3459	2075
3459	2080
3458	2084
3458	2089
3457	2094
3457	2098
3457	2103
3457	2108
3455	2112
3454	2117
3454	2121
3453	2126
3453	2130
3453	2135
3454	2140
3453	2145
3452	2149
3452	2154
3451	2158
3451	2163
3450	2168
3449	2172
3450	2177
3450	2182
3449	2186
3449	2191
3449	2196
3449	2200
3449	2205
3449	2210
3448	2214
3448	2219
3447	2223
3447	2228
3447	2233
3448	2238
3447	2242
3447	2247
3449	2252
3448	2257
3447	2261
3446	2266
3447	2270
3447	2275
3447	2280
3447	2285
3447	2290
3447	2294
3446	2299
3446	2303
3445	2308
3445	2313
3445	2317
3445	2322
3444	2327
3443	2331
3443	2336
3442	2341
3443	2346
3443	2350
3443	2355
3442	2360
3441	2364
3441	2369
3441	2374
3440	2378
3436	2382
3428	2385
3407	2386
3380	2385
3437	2402
3427	2404
3400	2403
3444	2417
3435	2420
3422	2422
3393	2421
3356	2418
3409	2434
3280	2411
3256	2410
3235	2410
3209	2409
3187	2409
3164	2408
3231	2427
3204	2426
2998	2384
2984	2385
2971	2386
3103	2421
3089	2422
3069	2421
3043	2420
3489	2529
2742	2357
2734	2359
2726	2361
2716	2362
2746	2373
2737	2375
2647	2357
2644	2360
2643	2363
2642	2367
2641	2370
2642	2374
2644	2379
2645	2383
2647	2387
2647	2391
2646	2394
2646	2398
2647	2402
2647	2406
2647	2410
2647	2413
2647	2417
2647	2421
2647	2425
2647	2429
2647	2433
2647	2436
2648	2440
2650	2445
2650	2449
2650	2452
2650	2456
2650	2460
2650	2464
2651	2468
2651	2472
2651	2476
2651	2479
2651	2483
2651	2487
2651	2491
2651	2495
2650	2499
2649	2502
2651	2507
2652	2511
2651	2514
2651	2518
2651	2522
2651	2526
2651	2530
2651	2534
2653	2538
2653	2542
2652	2546
2651	2549
2651	2553
2651	2557
2655	2562
2655	2566
2653	2570
2653	2574
2655	2578
2655	2582
2655	2586
2654	2590
2653	2593
2654	2597
2654	2601
2652	2605
2651	2608
2652	2613
2651	2616
2653	2621
2653	2625
2653	2629
2652	2633
2654	2637
2654	2641
2652	2645
2651	2648
2650	2652
2650	2656
2649	2660
2650	2664
2650	2668
2649	2672
2650	2676
2650	2680
2650	2684
2650	2688
2649	2692
2650	2696
2649	2700
2650	2704
2649	2708
2648	2712
2649	2716
2649	2720
2652	2725
2652	2729
2651	2733
2650	2737
2651	2741
2650	2745
2650	2749
2650	2753
2649	2757
2648	2760
2647	2764
2648	2769
2647	2772
2646	2776
2645	2780
2647	2785
2648	2789
2648	2793
2647	2797
2647	2801
2647	2805
2648	2810
2647	2814
2645	2817
2646	2821
2646	2826
2645	2830
2645	2834
2645	2838
2648	2843
2648	2847
2648	2852
2647	2856
2649	2860
2649	2865
2648	2869
2648	2873
2649	2877
2650	2882
2650	2887
2650	2890
2649	2894
2648	2898
2650	2903
2649	2907
2649	2911
2649	2916
2650	2921
2653	2926
2654	2931
2655	2935
2654	2939
2652	2943
2652	2947
2654	2952
2654	2957
2653	2961
2652	2965
2652	2969
2655	2975
2655	2979
2654	2983
2653	2987
2657	2993
2657	2997
2657	3002
2659	3007
2659	3011
2657	3015
2658	3020
2658	3024
2656	3028
2655	3032
2656	3037
2656	3041
2656	3046
2656	3050
2656	3055
2659	3060
2658	3064
2656	3068
2657	3073
2656	3077
2655	3081
2655	3085
2656	3090
2656	3095
2656	3099
2656	3104
2656	3108
2656	3113
2655	3117
2626	3106
2612	3103
2603	3103
2598	3105
2595	3108
2592	3111
2590	3114
2588	3117
2587	3121
2588	3126
2594	3134
2619	3152
2646	3171
2655	3181
2656	3186
2658	3192
2660	3198
2660	3202
2660	3207
2658	3210
2657	3215
2657	3219
2658	3224
2658	3229
2660	3235
2660	3240
2659	3244
2657	3248
2658	3253
2658	3258
2658	3262
2661	3269
2660	3273
2659	3277
2658	3282
2659	3287
2659	3292
2659	3296
2659	3301
2657	3305
2658	3310
2659	3316
2660	3321
2662	3327
2661	3332
2661	3336
2660	3341
2660	3345
2659	3349
2659	3355
2659	3360
2660	3365
2659	3369
2659	3374
2660	3380
2661	3385
2661	3391
2663	3396
2662	3401
2661	3405
2665	3413
2665	3417
2664	3422
2663	3427
2664	3432
2664	3437
2664	3442
2662	3446
2659	3449
2657	3453
2657	3458
2656	3462
2655	3467
2657	3473
2657	3478
2658	3484
2659	3489
2659	3495
2658	3499
2654	3502
2653	3506
2654	3512
2653	3517
2652	3521
2652	3526
2653	3532
2654	3538
2652	3542
2651	3546
2649	3550
2648	3555
2648	3560
2649	3566
2647	3570
2644	3573
2642	3577
2639	3580
2638	3584
2637	3589
2637	3595
2636	3599
2634	3603
2634	3608
2633	3613
2634	3619
2635	3625
2635	3630
2634	3635
2632	3639
2631	3643
2629	3648
2627	3651
2625	3655
2623	3659
2623	3665
2622	3669
2619	3672
2617	3676
2616	3681
2614	3685
2615	3691
2613	3695
2612	3700
2610	3704
2608	3708
2607	3713
2606	3717
2604	3722
2604	3727
2603	3732
2602	3736
2599	3740
2599	3745
2598	3750
2600	3758
2599	3762
2597	3766
2595	3770
2594	3775
2593	3780
2590	3783
2588	3787
2588	3793
2588	3799
2587	3803
2585	3808
2583	3812
2582	3816
2580	3820
2582	3828
2580	3832
2578	3836
2576	3840
2575	3845
2575	3851
2572	3854
2571	3859
2571	3865
2570	3870
2568	3874
2568	3880
2567	3885
2564	3888
2561	3891
2563	3899
2562	3904
2560	3908
2559	3913
2557	3917
2552	3920
2549	3922
2540	3920
2529	3917
2522	3917
2518	3920
2514	3922
2514	3928
2526	3944
2539	3961
2543	3971
2541	3975
2541	3981
2545	3991
2544	3996
2544	4002
2545	4009
2542	4012
2539	4016
2539	4022
2538	4027
2535	4031
2536	4038
2535	4044
2532	4047
2530	4051
2527	4054
2523	4057
2518	4058
2514	4061
2511	4065
2510	4070
2507	4074
2504	4077
2502	4081
2498	4084
2496	4089
2495	4094
2494	4100
2493	4105
2492	4110
2489	4114
2485	4116
2482	4120
2480	4124
2479	4129
2477	4134
2474	4137
2471	4141
2469	4145
2467	4150
2465	4155
2463	4159
2462	4164
2463	4172
2461	4177
2459	4181
2456	4185
2457	4192
2456	4198
2454	4202
2450	4205
2446	4208
2444	4212
2442	4217
2440	4221
2438	4226
2435	4230
2434	4235
2150	3964
2148	3967
2143	3969
2133	3964
2119	3956
2136	3979
2140	3989
2137	3992
2133	3994
2131	3997
2406	4307
2406	4314
2404	4319
2400	4321
2394	4322
2391	4325
2387	4329
2383	4331
2379	4334
2375	4336
2373	4341
2372	4347
2370	4352
2366	4355
2363	4358
2362	4364
2360	4369
2358	4373
2355	4378
2353	4383
2349	4385
2345	4387
2343	4392
2341	4397
2338	4401
2335	4405
2332	4409
2330	4413
2327	4418
2324	4421
2321	4425
2318	4429
2313	4430
2311	4436
2311	4442
2309	4447
2306	4451
2301	4452
2297	4455
2296	4462
2295	4467
2292	4471
2289	4475
2284	4477
2281	4481
2278	4484
2274	4487
2271	4491
2267	4494
2265	4499
2261	4502
2257	4505
2253	4507
2250	4511
2248	4515
2243	4518
2240	4521
2237	4525
2234	4529
2231	4533
2231	4540
2227	4543
2222	4545
2219	4548
2215	4552
2213	4556
2210	4561
2208	4565
2205	4569
2202	4573
2199	4577
2197	4582
2193	4585
2188	4587
2183	4588
2181	4594
2179	4598
2176	4602
2171	4604
2167	4607
2164	4611
2160	4613
2158	4618
2154	4622
2151	4625
2147	4627
2142	4629
2139	4633
2136	4638
2134	4643
2131	4646
2126	4648
2124	4653
2122	4659
2119	4662
2116	4667
2114	4673
2112	4677
2108	4681
2105	4685
2102	4688
2097	4690
2094	4694
2092	4699
2089	4704
2087	4710
2084	4713
2079	4714
2075	4717
2071	4721
2068	4724
2065	4728
2062	4732
2058	4736
2055	4740
2051	4743
2049	4748
2045	4751
2043	4756
2040	4761
2035	4762
2031	4766
2028	4770
2024	4773
2020	4775
2017	4779
2013	4783
2010	4786
2006	4789
2002	4792
1998	4795
1995	4799
1992	4804
1989	4808
1986	4812
1986	4820
1982	4824
1980	4829
1976	4832
1973	4837
1971	4843
1965	4843
1960	4843
1956	4846
1953	4851
1950	4856
1949	4863
1946	4867
1944	4873
1942	4880
1939	4884
1936	4888
1931	4890
1928	4895
1924	4897
1919	4899
1915	4902
1912	4906
1909	4911
1906	4915
1902	4918
1898	4921
1894	4924
1891	4928
1886	4931
1882	4932
1879	4937
1875	4940
1870	4942
1866	4944
1863	4949
1860	4954
1857	4958
1853	4961
1848	4964
1846	4970
1843	4974
1840	4978
1836	4982
1832	4986
1829	4989
1825	4993
1822	4998
1819	5002
1815	5006
1811	5008
1807	5012
1804	5016
1800	5020
1796	5022
1790	5022
1784	5022
1780	5024
1776	5027
1773	5033
1769	5036
1765	5039
1760	5040
1756	5043
1752	5046
1747	5048
1743	5051
1739	5055
1736	5059
1734	5065
1730	5069
1726	5071
1722	5074
1718	5078
1717	5088
1713	5090
1708	5091
1703	5092
1699	5096
1696	5100
1691	5103
1688	5108
1684	5111
1680	5113
1675	5115
1671	5119
1667	5121
1662	5122
1656	5122
1651	5124
1647	5126
1642	5128
1638	5131
1634	5135
1630	5137
1625	5139
1620	5140
1616	5144
1612	5147
1609	5152
1605	5155
1601	5158
1596	5160
1592	5163
1587	5165
1583	5168
1580	5172
1575	5174
1570	5176
1566	5179
1562	5182
1557	5184
1553	5188
1549	5190
1545	5193
1541	5196
1537	5200
1533	5204
1529	5207
1525	5211
1522	5215
1517	5216
1512	5219
1508	5222
1503	5224
1499	5226
1494	5229
1490	5232
1486	5235
1482	5239
1479	5244
1475	5249
1472	5254
1468	5257
1463	5259
1458	5260
1453	5262
1449	5264
1444	5266
1440	5270
1436	5272
1432	5276
1428	5280
1424	5283
1419	5286
1415	5288
1410	5290
1406	5292
1400	5293
1396	5295
1391	5297
1386	5298
1381	5300
1377	5304
1373	5307
1369	5310
1364	5313
1361	5318
1358	5323
1354	5327
1348	5328
1343	5328
1338	5329
1333	5332
1329	5334
1325	5337
1320	5340
1315	5340
1310	5342
1305	5343
1301	5348
1297	5352
1292	5353
1288	5356
1283	5357
1278	5358
1273	5360
1269	5363
1266	5370
1261	5372
1256	5374
1252	5378
1248	5381
1244	5386
1240	5389
1236	5392
1231	5396
1228	5400
1223	5404
1219	5407
1215	5410
1210	5413
1205	5414
1201	5418
1196	5420
1192	5423
1188	5427
1184	5433
1180	5435
1174	5434
1169	5436
1163	5436
1158	5437
1154	5439
1149	5440
1144	5442
1138	5441
1133	5441
1128	5444
1123	5445
1118	5447
1114	5449
1109	5452
1104	5453
1099	5453
1093	5454
1088	5455
1084	5458
1080	5462
1075	5463
1070	5465
1065	5466
1060	5469
1056	5471
1051	5475
1046	5476
1041	5478
1037	5480
1032	5484
1028	5488
1023	5490
1019	5492
1014	5495
1009	5497
1005	5499
1000	5501
994	5501
989	5503
984	5504
980	5506
975	5509
970	5512
965	5513
961	5516
956	5517
951	5519
946	5523
942	5526
937	5529
933	5532
928	5536
924	5538
919	5540
914	5543
909	5546
904	5545
899	5545
894	5547
889	5550
884	5551
879	5553
874	5555
869	5555
864	5557
859	5560
855	5565
850	5567
845	5565
839	5566
834	5567
829	5569
825	5572
819	5572
814	5572
809	5575
804	5577
799	5579
795	5581
790	5582
784	5583
779	5583
774	5584
769	5585
764	5588
760	5592
755	5597
750	5598
745	5600
740	5600
735	5601
730	5602
724	5601
719	5601
714	5601
708	5600
703	5599
697	5600
692	5602
688	5605
682	5605
677	5604
671	5603
666	5602
661	5602
656	5603
651	5605
646	5609
641	5610
636	5612
631	5613
626	5614
620	5614
616	5616
611	5620
606	5624
601	5623
596	5625
591	5625
585	5624
580	5625
575	5627
570	5629
565	5629
560	5629
554	5630
549	5630
544	5630
539	5632
534	5634
529	5637
524	5639
518	5637
513	5637
508	5637
503	5638
497	5638
493	5640
488	5642
482	5642
477	5643
472	5644
467	5644
461	5644
456	5644
451	5645
446	5647
441	5649
436	5649
430	5649
425	5649
420	5649
415	5649
409	5647
404	5646
399	5648
394	5650
389	5656
384	5657
379	5659
374	5660
369	5663
364	5666
359	5667
354	5667
348	5666
343	5666
338	5667
333	5670
328	5672
323	5674
318	5676
313	5678
307	5678
302	5680
297	5683
292	5686
287	5685
282	5687
277	5688
272	5690
267	5695
262	5700
257	5705
252	5708
247	5708
184	5011
180	5012
175	5012
171	5010
166	5005
162	5006
157	5005
153	5005
149	5003
144	4994
139	4988
134	4986
130	4985
126	4983
121	4984
117	4985
113	4986
109	4987
104	4990
101	4999
96	5006
92	5006
88	5005
83	5003
79	5005
75	5008
71	5009
66	5008
62	5014
85	5750
79	5746
74	5747
68	5746
63	5746
58	5746
52	5745
47	5744
42	5744
37	5743
31	5742
26	5743
21	5745
15	5745
10	5745
5	5745
-1	5743
-6	5740
-11	5738
-17	5737
-22	5737
-27	5736
-33	5737
-38	5740
-43	5743
-48	5745
-54	5747
-59	5748
-64	5751
-70	5756
-75	5763
-80	5766
-86	5768
-91	5768
-96	5770
-102	5773
-107	5774
-112	5774
-118	5773
-123	5772
-128	5772
-134	5772
-139	5775
-145	5778
-150	5780
-155	5782
-161	5783
-166	5783
-171	5783
-177	5782
-182	5782
-188	5782
-193	5781
-198	5781
-204	5781
-209	5782
-214	5783
-220	5781
-225	5779
-230	5777
-236	5778
-241	5777
-246	5775
-252	5775
-257	5775
-262	5776
-268	5776
-273	5777
-278	5774
-283	5769
-289	5764
-294	5763
-299	5762
-304	5760
-309	5749
-314	5747
-319	5745
-325	5745
-330	5745
-335	5744
-341	5744
-346	5745
-351	5745
-357	5745
-362	5745
-367	5743
-373	5743
-378	5743
-383	5744
-389	5750
-395	5753
-400	5754
-406	5754
-411	5758
-417	5758
-422	5758
-427	5758
-433	5760
-438	5760
-444	5761
-449	5760
-454	5760
-459	5757
-465	5754
-470	5752
-475	5752
-481	5753
-486	5755
-491	5754
-497	5753
-502	5753
-507	5751
-513	5752
-518	5751
-523	5752
-529	5753
-534	5753
-540	5753
-545	5749
-550	5747
-555	5747
-561	5746
-566	5746
-571	5743
-576	5742
-581	5741
-586	5738
-592	5736
-597	5735
-602	5736
-607	5732
-612	5728
-617	5728
-622	5725
-628	5723
-633	5721
-638	5720
-643	5719
-648	5717
-654	5718
-659	5717
-664	5715
-669	5714
-674	5712
-679	5711
-685	5709
-690	5706
-695	5704
-700	5703
-705	5703
-710	5701
-715	5699
-721	5698
-726	5697
-731	5696
-736	5695
-742	5695
-747	5694
-752	5694
-758	5694
-763	5691
-767	5687
-772	5685
-777	5681
-782	5680
-788	5680
-793	5679
-798	5677
-803	5675
-808	5674
-813	5672
-818	5671
-823	5669
-829	5669
-834	5668
-839	5666
-844	5664
-849	5661
-853	5657
-858	5655
-863	5652
-868	5649
-873	5647
-878	5645
-882	5640
-886	5635
-891	5631
-896	5628
-901	5626
-906	5625
-911	5624
-916	5623
-922	5622
-927	5621
-932	5620
-937	5619
-942	5616
-947	5615
-952	5613
-957	5613
-962	5612
-968	5612
-973	5610
-978	5609
-983	5608
-988	5607
-993	5606
-999	5606
-1004	5606
-1009	5604
-1014	5602
-1019	5598
-1023	5595
-1028	5593
-1033	5592
-1039	5591
-1044	5591
-1050	5592
-1055	5592
-1061	5592
-1066	5591
-1071	5589
-1075	5584
-1080	5582
-1085	5581
-1090	5579
-1095	5578
-1100	5577
-1105	5575
-1110	5573
-1115	5571
-1120	5568
-1125	5566
-1129	5564
-1135	5563
-1141	5565
-1146	5566
-1151	5563
-1156	5562
-1161	5561
-1166	5557
-1171	5556
-1176	5555
-1181	5551
-1185	5548
-1190	5545
-1195	5544
-1200	5541
-1204	5538
-1209	5536
-1213	5532
-1218	5529
-1222	5525
-1227	5522
-1231	5518
-1235	5513
-1239	5509
-1243	5505
-1248	5503
-1253	5501
-1258	5500
-1263	5497
-1268	5496
-1272	5493
-1277	5491
-1283	5491
-1288	5489
-1292	5486
-1297	5484
-1302	5482
-1308	5483
-1313	5482
-1318	5481
-1323	5481
-1327	5476
-1332	5474
-1337	5472
-1342	5470
-1347	5468
-1351	5466
-1356	5463
-1361	5461
-1365	5458
-1370	5455
-1374	5453
-1379	5451
-1384	5449
-1389	5446
-1393	5444
-1398	5442
-1403	5440
-1408	5437
-1412	5434
-1417	5431
-1421	5428
-1426	5426
-1430	5423
-1433	5417
-1438	5415
-1443	5411
-1447	5408
-1452	5407
-1457	5405
-1462	5403
-1467	5402
-1472	5401
-1477	5400
-1482	5399
-1487	5398
-1492	5396
-1497	5393
-1501	5389
-1505	5384
-1509	5382
-1513	5379
-1519	5378
-1524	5376
-1528	5374
-1533	5372
-1538	5370
-1542	5367
-1546	5364
-1551	5362
-1556	5360
-1561	5358
-1565	5355
-1570	5352
-1574	5349
-1578	5345
-1582	5341
-1587	5340
-1592	5337
-1597	5335
-1601	5332
-1606	5330
-1610	5328
-1615	5326
-1619	5322
-1624	5320
-1629	5318
-1633	5315
-1637	5311
-1639	5304
-1643	5300
-1648	5298
-1652	5295
-1657	5293
-1661	5290
-1666	5287
-1670	5284
-1675	5282
-1679	5280
-1684	5277
-1687	5273
-1692	5271
-1697	5268
-1700	5264
-1704	5260
-1708	5257
-1713	5254
-1717	5251
-1721	5247
-1726	5245
-1731	5245
-1737	5244
-1743	5245
-1749	5246
-1753	5243
-1758	5241
-1763	5240
-1768	5237
-1771	5232
-1775	5229
-1779	5226
-1784	5224
-1788	5221
-1793	5219
-1798	5217
-1803	5216
-1807	5213
-1811	5209
-1815	5206
-1820	5204
-1825	5202
-1829	5199
-1833	5195
-1836	5189
-1839	5184
-1843	5180
-1847	5177
-1852	5176
-1856	5173
-1861	5171
-1866	5169
-1871	5168
-1875	5166
-1879	5161
-1881	5155
-1885	5151
-1890	5149
-1894	5147
-1899	5144
-1902	5140
-1906	5136
-1910	5132
-1914	5128
-1919	5127
-1924	5127
-1930	5126
-1935	5126
-1940	5124
-1946	5124
-1952	5124
-1958	5124
-1964	5125
-1969	5123
-1973	5120
-1978	5118
-1982	5115
-1987	5113
-1991	5110
-1995	5106
-1999	5104
-2003	5100
-2006	5095
-2009	5090
-2012	5085
-2015	5080
-2018	5075
-2022	5070
-2026	5067
-2028	5061
-2031	5056
-2033	5050
-2036	5045
-2040	5041
-2044	5039
-2049	5036
-2054	5034
-2057	5029
-2060	5025
-2063	5020
-2067	5016
-2069	5011
-2072	5006
-2076	5002
-2079	4997
-2082	4993
-2087	4991
-2091	4988
-2095	4985
-2100	4983
-2103	4978
-2106	4973
-2109	4969
-2112	4964
-2115	4959
-2118	4955
-2123	4953
-2128	4951
-2131	4948
-2135	4944
-2139	4941
-2144	4939
-2147	4935
-2151	4931
-2154	4927
-2157	4923
-2161	4919
-2165	4915
-2169	4913
-2173	4909
-2177	4906
-2181	4903
-2184	4899
-2188	4896
-2191	4892
-2195	4887
-2198	4883
-2202	4880
-2207	4878
-2211	4876
-2217	4875
-2221	4873
-2225	4870
-2228	4865
-2230	4860
-2233	4855
-2238	4852
-2243	4851
-2249	4851
-2252	4847
-2255	4842
-2258	4837
-2262	4835
-2268	4834
-2271	4830
-2273	4825
-2277	4821
-2282	4820
-2288	4819
-2292	4817
-2295	4812
-2299	4808
-2302	4805
-2306	4802
-2308	4796
-2310	4790
-2314	4786
-2318	4783
-2322	4780
-2325	4776
-2327	4771
-2330	4766
-2334	4763
-2338	4760
-2342	4757
-2343	4751
-2346	4746
-2350	4742
-2354	4739
-2356	4734
-2359	4729
-2361	4725
-2365	4721
-2368	4717
-2372	4714
-2376	4711
-2380	4708
-2383	4704
-2387	4701
-2389	4695
-2390	4689
-2393	4685
-2399	4684
-2403	4681
-2406	4677
-2409	4673
-2413	4670
-2417	4667
-2421	4664
-2425	4661
-2429	4657
-2431	4653
-2434	4649
-2437	4644
-2440	4640
-2443	4636
-2446	4632
-2450	4629
-2453	4625
-2455	4619
-2458	4615
-2462	4612
-2466	4609
-2469	4604
-2471	4600
-2474	4595
-2477	4592
-2481	4588
-2484	4585
-2488	4581
-2491	4577
-2494	4573
-2498	4570
-2502	4567
-2505	4563
-2508	4559
-2511	4555
-2515	4552
-2517	4547
-2521	4544
-2524	4540
-2528	4537
-2532	4534
-2533	4528
-2535	4523
-2538	4519
-2541	4515
-2543	4509
-2547	4507
-2551	4504
-2555	4500
-2558	4496
-2560	4492
-2562	4487
-2566	4484
-2570	4481
-2574	4478
-2575	4471
-2577	4467
-2582	4464
-2585	4461
-2588	4457
-2590	4451
-2592	4446
-2594	4442
-2598	4438
-2602	4435
-2604	4431
-2607	4427
-2609	4421
-2608	4414
-2610	4408
-2613	4405
-2618	4402
-2623	4400
-2627	4398
-2631	4395
-2634	4391
-2635	4385
-2635	4378
-2637	4373
-2640	4370
-2644	4366
-2647	4363
-2650	4359
-2654	4355
-2657	4352
-2659	4347
-2660	4341
-2663	4337
-2667	4334
-2671	4331
-2674	4328
-2674	4320
-2677	4317
-2681	4313
-2683	4309
-2686	4305
-2689	4301
-2691	4296
-2693	4292
-2697	4289
-2701	4286
-2704	4282
-2706	4277
-2710	4274
-2712	4270
-2714	4265
-2714	4258
-2717	4254
-2719	4249
-2721	4245
-2723	4240
-2726	4236
-2728	4232
-2731	4227
-2734	4223
-2735	4218
-2737	4214
-2739	4209
-2741	4204
-2743	4199
-2745	4195
-2746	4188
-2747	4184
-2751	4181
-2755	4177
-2756	4172
-2758	4167
-2759	4162
-2762	4158
-2763	4152
-2764	4147
-2768	4144
-2770	4140
-2773	4136
-2774	4130
-2777	4126
-2778	4121
-2781	4117
-2783	4113
-2785	4108
-2786	4102
-2788	4098
-2792	4095
-2793	4090
-2795	4085
-2797	4081
-2800	4076
-2802	4072
-2803	4067
-2804	4061
-2806	4057
-2809	4053
-2812	4050
-2814	4045
-2814	4039
-2817	4035
-2818	4029
-2820	4025
-2822	4021
-2823	4015
-2826	4012
-2830	4009
-2832	4004
-2834	4000
-2837	3996
-2839	3992
-2839	3986
-2839	3979
-2841	3975
-2844	3971
-2847	3968
-2847	3962
-2850	3958
-2854	3956
-2857	3952
-2859	3947
-2861	3943
-2862	3938
-2861	3931
-2863	3926
-2866	3923
-2866	3917
-2870	3914
-2873	3910
-2876	3906
-2878	3902
-2880	3898
-2883	3894
-2886	3890
-2887	3886
-2888	3881
-2889	3876
-2891	3871
-2894	3868
-2894	3862
-2895	3857
-2896	3851
-2896	3846
-2897	3840
-2899	3836
-2900	3831
-2899	3825
-2900	3819
-2902	3815
-2903	3810
-2907	3807
-2911	3804
-2912	3799
-2912	3794
-2910	3787
-2911	3782
-2916	3779
-2917	3774
-2918	3769
-2920	3765
-2922	3761
-2925	3758
-2927	3753
-2927	3748
-2929	3743
-2931	3739
-2932	3734
-2934	3730
-2937	3726
-2939	3722
-2940	3717
-2937	3709
-2938	3705
-2941	3701
-2944	3697
-2947	3694
-2950	3690
-2948	3683
-2945	3676
-2944	3670
-2954	3670
-2953	3664
-2954	3659
-2947	3650
-2951	3647
-2957	3645
-2963	3644
-2967	3641
-2969	3637
-2971	3632
-2971	3627
-2971	3621
-2974	3618
-2976	3614
-2976	3608
-2975	3602
-2973	3596
-2974	3591
-2972	3584
-2971	3578
-2973	3573
-2973	3569
-2972	3563
-2971	3557
-2973	3552
-2970	3545
-2969	3539
-2971	3535
-2978	3534
-2983	3532
-2985	3528
-2985	3522
-2984	3516
-2985	3512
-2983	3505
-2979	3498
-2976	3491
-2980	3488
-2987	3487
-2992	3484
-2993	3479
-2995	3476
-2996	3471
-2995	3465
-2997	3461
-2998	3457
-2998	3451
-2997	3445
-2997	3440
-2995	3434
-2996	3429
-2997	3425
-2998	3420
-2999	3416
-3000	3411
-3000	3405
-2997	3399
-2995	3393
-3004	3392
-2996	3383
-3000	3380
-3001	3375
-3001	3371
-3003	3367
-3006	3363
-3008	3359
-3012	3356
-3013	3352
-3010	3345
-3008	3339
-3008	3334
-3011	3331
-3013	3327
-3014	3322
-3014	3317
-3015	3312
-3018	3309
-3021	3305
-3024	3302
-3027	3299
-3031	3296
-3032	3292
-3031	3286
-3030	3281
-3031	3276
-3032	3272
-3030	3265
-3026	3258
-3023	3252
-3024	3248
-3026	3244
-3026	3238
-3024	3233
-3024	3228
-3025	3223
-3024	3218
-3023	3213
-3024	3208
-3025	3203
-3024	3198
-3023	3193
-3023	3188
-3024	3184
-3023	3178
-3023	3173
-3024	3169
-3024	3164
-3025	3160
-3027	3156
-3029	3152
-3029	3148
-3028	3142
-3028	3138
-3029	3133
-3026	3127
-3026	3122
-3028	3118
-3029	3114
-3031	3110
-3033	3106
-3033	3101
-3032	3096
-3033	3092
-3034	3088
-3035	3083
-3035	3078
-3034	3073
-3033	3068
-3033	3063
-3033	3059
-3034	3054
-3034	3050
-3033	3045
-3032	3039
-3032	3035
-3032	3030
-3031	3025
-3032	3021
-3033	3017
-3034	3012
-3034	3008
-3033	3003
-3031	2997
-3031	2992
-3032	2988
-3032	2984
-3033	2980
-3034	2975
-3035	2971
-3036	2967
-3037	2963
-3039	2959
-3038	2954
-3036	2948
-3035	2944
-3037	2940
-3029	2932
-3032	2929
-3034	2925
-3035	2921
-3036	2917
-3036	2912
-3035	2907
-3034	2902
-3034	2898
-3033	2893
-3033	2888
-3034	2884
-3033	2879
-3032	2874
-3031	2869
-3027	2863
-3027	2859
-3027	2854
-3028	2850
-3029	2846
-3027	2841
-3025	2836
-3026	2831
-3026	2827
-3028	2823
-3027	2819
-3028	2814
-3027	2810
-3024	2804
-3021	2799
-3021	2794
-3021	2790
-3022	2786
-3020	2781
-3022	2777
-3023	2773
-3024	2769
-3023	2764
-3020	2759
-3019	2754
-3020	2750
-3019	2745
-3020	2741
-3018	2736
-3018	2732
-3017	2727
-3016	2722
-3015	2718
-3015	2713
-3015	2709
-3016	2705
-3017	2701
-3017	2697
-3017	2693
-3016	2688
-3014	2683
-3015	2679
-3018	2676
-3013	2670
-3010	2664
-3008	2660
-3008	2655
-3009	2651
-3010	2647
-3011	2643
-3010	2639
-3010	2635
-3009	2630
-3005	2624
-2999	2618
-2999	2614
-3000	2610
-3000	2606
-3001	2602
-3001	2598
-3002	2594
-2999	2589
-2999	2585
-2999	2580
-2999	2576
-2998	2572
-2999	2568
-2999	2564
-2997	2559
-2995	2554
-2994	2550
-2997	2546
-2995	2542
-2992	2537
-2992	2533
-2992	2528
-2992	2524
-2989	2519
-2987	2514
-2986	2510
-2984	2505
-2983	2501
-2983	2497
-2983	2493
-2981	2488
-2979	2483
-2977	2479
-2972	2473
-2971	2469
-2973	2466
-2973	2462
-2972	2457
-2970	2452
-2969	2448
-2968	2444
-2969	2440
-2968	2436
-2965	2431
-2963	2426
-2961	2422
-2960	2418
-2960	2414
-2959	2409
-2957	2405
-2956	2400
-2956	2396
-2958	2393
-2953	2388
-2951	2383
-2949	2379
-2948	2374
-2948	2370
-2944	2366
-2941	2361
-2942	2357
-2944	2354
-2944	2350
-2944	2346
-2947	2342
-2949	2339
-2950	2335
-2946	2330
-2942	2325
-2938	2321
-2933	2316
-2932	2312
-2933	2308
-2936	2305
-2937	2301
-2935	2296
-2932	2292
-2931	2288
-2933	2284
-2934	2281
-2933	2276
-2931	2272
-2928	2268
-2928	2264
-2924	2259
-2922	2255
-2921	2251
-2921	2247
-2921	2243
-2920	2239
-2919	2235
-2918	2231
-2918	2227
-2917	2223
-2916	2219
-2915	2215
-2915	2211
-2911	2206
-2910	2202
-2909	2198
-2910	2194
-2910	2191
-2911	2187
-2909	2183
-2907	2179
-2908	2175
-2905	2171
-2904	2167
-2905	2163
-2904	2159
-2902	2155
-2903	2151
-2903	2147
-2901	2143
-2897	2139
-2896	2135
-2898	2131
-2895	2127
-2894	2123
-2893	2119
-2892	2115
-2889	2111
-2889	2107
-2890	2104
-2888	2100
-2888	2096
-2887	2092
-2887	2088
-2885	2084
-2886	2080
-2887	2077
-2888	2073
-2887	2069
-2881	2065
-2877	2060
-2876	2057
-2876	2053
-2875	2049
-2876	2045
-2876	2042
-2876	2038
-2876	2034
-2874	2030
-2873	2026
-2871	2022
-2871	2019
-2864	2014
-2867	2011
-2867	2007
-2865	2003
-2864	1999
-2864	1996
-2863	1992
-2862	1988
-2859	1984
-2859	1980
-2858	1976
-2854	1972
-2853	1969
-2851	1965
-2849	1961
-2847	1957
-2846	1953
-2846	1949
-2844	1946
-2842	1942
-2842	1938
-2840	1934
-2839	1931
-2839	1927
-2839	1923
-2840	1920
-2840	1916
-2839	1912
-2838	1908
-2837	1905
-2837	1901
-2836	1897
-2835	1894
-2834	1890
-2833	1886
-2833	1883
-2831	1879
-2828	1875
-2826	1871
-2825	1867
-2823	1864
-2824	1860
-2822	1856
-2818	1853
-2813	1849
-2811	1845
-2811	1841
-2813	1838
-2814	1834
-2813	1831
-2813	1827
-2812	1823
-2811	1820
-2808	1816
-2806	1812
-2806	1809
-2805	1805
-2808	1802
-2809	1798
-2808	1794
-2808	1791
-2807	1787
-2805	1783
-2804	1780
-2804	1776
-2804	1773
-2804	1769
-2804	1765
-2804	1762
-2803	1758
-2797	1755
-2794	1751
-2796	1747
-2795	1744
-2795	1740
-2794	1737
-2793	1733
-2793	1729
-2790	1726
-2788	1722
-2788	1719
-2788	1715
-2789	1712
-2784	1708
-2781	1704
-2781	1701
-2780	1697
-2773	1694
-2771	1690
-2771	1687
-2772	1683
-2773	1679
-2772	1676
-2771	1672
-2770	1669
-2770	1665
-2770	1662
-2768	1658
-2767	1655
-2766	1651
-2764	1648
-2763	1644
-2760	1641
-2760	1637
-2758	1634
-2758	1630
-2758	1627
-2759	1623
-2756	1620
-2754	1616
-2754	1613
-2753	1609
-2751	1606
-2749	1602
-2749	1599
-2746	1595
-2746	1592
-2747	1588
-2746	1585
-2746	1581
-2743	1578
-2742	1574
-2742	1571
-2739	1567
-2737	1564
-2737	1561
-2736	1557
-2736	1554
-2736	1550
-2734	1547
-2734	1543
-2732	1540
-2731	1536
-2731	1533
-2729	1529
-2728	1526
-2727	1523
-2724	1519
-2725	1516
-2726	1512
-2723	1509
-2721	1505
-2722	1502
-2721	1499
-2719	1495
-2718	1492
-2716	1488
-2715	1485
-2715	1482
-2713	1478
-2713	1475
-2713	1471
-2711	1468
-2709	1465
-2708	1461
-2708	1458
-2707	1454
-2706	1451
-2706	1447
-2703	1444
-2700	1441
-2689	1439
-2678	1436
-2676	1433
-2674	1430
-2674	1426
-2677	1422
-2678	1419
-2679	1415
-2680	1412
-2680	1408
-2680	1405
-2681	1401
-2681	1398
-2683	1394
-2684	1390
-2682	1387
-2682	1384
-2683	1380
-2684	1377
-2683	1373
-2679	1370
-2677	1367
-2675	1364
-2675	1360
-2675	1357
-2674	1353
-2676	1350
-2675	1346
-2675	1343
-2674	1339
-2672	1336
-2669	1333
-2668	1330
-2667	1327
-2666	1323
-2666	1320
-2664	1317
-2662	1313
-2661	1310
-2661	1307
-2661	1303
-2660	1300
-2658	1297
-2659	1293
-2658	1290
-2657	1286
-2654	1283
-2653	1280
-2652	1277
-2651	1273
-2648	1270
-2647	1267
-2646	1264
-2644	1261
-2642	1258
-2638	1255
-2641	1251
-2639	1248
-2637	1244
-2637	1241
-2636	1238
-2635	1235
-2633	1231
-2633	1228
-2632	1225
-2630	1221
-2630	1218
-2628	1215
-2625	1212
-2625	1209
-2623	1205
-2622	1202
-2622	1199
-2622	1195
-2623	1192
-2621	1188
-2619	1185
-2618	1182
-2617	1179
-2616	1175
-2615	1172
-2612	1169
-2610	1166
-2611	1163
-2610	1159
-2609	1156
-2609	1153
-2605	1150
-2604	1147
-2604	1143
-2603	1140
-2602	1137
-2601	1133
-2602	1130
-2600	1127
-2599	1123
-2598	1120
-2597	1117
-2596	1114
-2596	1110
-2595	1107
-2594	1104
-2591	1101
-2588	1098
-2587	1095
-2588	1091
-2586	1088
-2586	1085
-2585	1081
-2582	1079
-2577	1076
-2575	1073
-2576	1070
-2575	1066
-2573	1063
-2571	1060
-2572	1057
-2572	1053
-2572	1050
-2572	1046
-2570	1043
-2569	1040
-2568	1037
-2567	1033
-2566	1030
-2565	1027
-2564	1024
-2562	1021
-2560	1018
-2559	1015
-2558	1011
-2556	1008
-2555	1005
-2554	1002
-2552	999
-2550	996
-2548	993
-2545	990
-2544	987
-2544	984
-2543	980
-2543	977
-2542	974
-2541	970
-2541	967
-2538	964
-2536	961
-2535	958
-2534	955
-2534	951
-2533	948
-2532	945
-2532	942
-2531	938
-2530	935
-2530	932
-2528	929
-2527	925
-2525	922
-2524	919
-2523	916
-2521	913
-2520	910
-2519	907
-2519	903
-2517	900
-2517	897
-2515	894
-2514	891
-2512	887
-2511	884
-2510	881
-2509	878
-2507	875
-2506	872
-2505	869
-2505	865
-2503	862
-2502	859
-2501	856
-2500	853
-2499	849
-2498	846
-2496	843
-2494	840
-2492	837
-2491	834
-2491	831
-2490	827
-2489	824
-2488	821
-2486	818
-2486	814
-2484	812
-2483	808
-2482	805
-2481	802
-2479	799
-2476	797
-2474	794
-2471	791
-2469	788
-2469	785
-2469	781
-2468	778
-2466	775
-2466	772
-2466	768
-2464	765
-2461	763
-2458	760
-2457	757
-2457	753
-2460	749
-2458	746
-2456	743
-2456	739
-2457	735
-2456	732
-2454	729
-2453	726
-2452	723
-2451	720
-2449	717
-2448	713
-2447	710
-2445	707
-2443	705
-2440	702
-2438	699
-2439	695
-2437	692
-2436	689
-2435	686
-2433	683
-2431	680
-2432	676
-2430	674
-2428	671
-2428	667
-2426	664
-2425	661
-2424	658
-2423	654
-2420	652
-2419	649
-2418	645
-2417	642
-2417	639
-2414	636
-2413	633
-2413	629
-2412	626
-2411	623
-2408	620
-2406	618
-2404	615
-2403	612
-2400	609
-2399	606
-2399	603
-2397	599
-2397	596
-2397	592
-2397	589
-2393	587
-2391	584
-2391	580
-2391	576
-2389	573
-2389	570
-2387	567
-2385	564
-2384	561
-2383	558
-2380	556
-2379	552
-2379	549
-2377	546
-2376	543
-2375	539
-2373	536
-2372	533
-2372	529
-2371	526
-2369	523
-2368	520
-2368	516
-2367	513
-2367	509
-2368	505
-2366	502
-2365	498
-2363	496
-2361	493
-2357	491
-2355	489
-2353	486
-2352	483
-2350	480
-2348	477
-2345	475
-2343	472
-2343	468
-2341	465
-2341	461
-2340	458
-2337	456
-2336	453
-2335	449
-2333	446
-2330	444
-2327	442
-2327	438
-2326	435
-2323	433
-2322	429
-2321	426
-2321	422
-2320	419
-2318	416
-2315	414
-2314	410
-2313	407
-2310	405
-2308	402
-2307	399
-2309	394
-2308	391
-2307	387
-2305	384
-2303	381
-2301	379
-2299	376
-2298	373
-2295	371
-2291	369
-2291	365
-2292	360
-2290	358
-2288	355
-2285	353
-2283	350
-2282	347
-2279	345
-2278	341
-2278	337
-2276	334
-2274	332
-2272	329
-2272	325
-2271	322
-2269	319
-2266	316
-2263	315
-2261	312
-2260	308
-2264	302
-2262	299
-2261	295
-2261	291
-2260	288
-2257	286
-2254	284
-2254	280
-2253	277
-2251	274
-2249	271
-2247	268
-2246	265
-2245	261
-2245	257
-2243	254
-2241	252
-2240	248
-2239	245
-2238	241
-2236	238
-2234	236
-2233	232
-2232	229
-2232	225
-2231	221
-2230	218
-2229	214
-2228	211
-2226	208
-2224	206
-2223	202
-2221	199
-2221	195
-2221	191
-2219	188
-2216	186
-2214	183
-2214	179
-2213	176
-2210	173
-2207	171
-2209	166
-2208	162
-2207	159
-2206	155
-2204	152
-2202	149
-2206	142
-2198	144
-2196	141
-2197	136
-2197	132
-2195	129
-2194	126
-2193	122
-2192	118
-2189	116
-2186	114
-2184	111
-2184	107
-2182	104
-2180	101
-2178	99
-2176	95
-2172	94
-2168	93
-2166	90
-2165	87
-2163	84
-2160	81
-2156	80
-2153	78
-2149	77
-2146	75
-2140	75
-2136	74
-2132	73
-2130	70
-2129	67
-2128	63
-2127	59
-2126	56
-2123	53
-2123	49
-2121	47
-2119	43
-2119	39
-2120	34
-2117	31
-2118	27
-2115	24
-2114	21
-2114	16
-2111	14
-2109	12
-2108	8
-2105	6
-2104	2
-2106	-4
-2105	-8
-2103	-11
-2104	-15
-2101	-18
-2100	-21
-2099	-25
-2098	-29
-2095	-31
-2094	-35
-2092	-37
-2091	-41
-2091	-46
-2090	-50
-2090	-54
-2088	-57
-2086	-60
-2086	-65
-2083	-67
-2083	-72
-2084	-77
-2082	-79
-2081	-84
-2081	-88
-2080	-92
-2080	-97
-2078	-100
-2076	-103
-2073	-105
-2070	-107
-2070	-112
-2069	-116
-2060	-112
-2052	-110
-2047	-110
-2044	-112
-2040	-113
-2034	-112
-2024	-108
-2021	-110
-2020	-114
-2019	-117
-2024	-127
-2019	-127
-2008	-121
-2004	-123
-1993	-117
-1989	-118
-1986	-120
-1984	-123
-1982	-126
-1984	-133
-1980	-133
-1976	-134
-1966	-130
-1964	-132
-1962	-135
-1963	-141
-1957	-140
-1947	-135
-1936	-129
-1935	-132
-1936	-138
-1936	-144
-1932	-145
-1931	-148
-1930	-152
-1925	-152
-1919	-151
-1915	-152
-1907	-149
-1903	-149
-1899	-150
-1894	-150
-1891	-152
-1887	-153
-1884	-155
-1882	-157
-1880	-160
-1872	-156
-1864	-153
-1861	-155
-1861	-159
-1853	-156
-1848	-156
-1845	-158
-1844	-162
-1840	-163
-1837	-164
-1831	-163
-1823	-159
-1811	-151
-1807	-152
-1804	-154
-1801	-155
-1795	-154
-1792	-155
-1780	-148
-1774	-145
-1772	-148
-1768	-149
-1765	-150
-1760	-150
-1756	-151
-1753	-152
-1751	-154
-1748	-156
-1747	-160
-1746	-163
-1744	-166
-1742	-169
-1740	-171
-1731	-167
-1727	-167
-1724	-169
-1719	-167
-1712	-165
-1707	-164
-1703	-165
-1700	-166
-1683	-151
-1671	-143
-1669	-145
-1666	-147
-1665	-150
-1664	-154
-1660	-154
-1655	-154
-1649	-151
-1640	-146
-1635	-145
-1633	-147
-1631	-150
-1630	-153
-1630	-158
-1630	-163
-1628	-166
-1626	-168
-1621	-167
-1616	-166
-1612	-167
-1608	-166
-1602	-164
-1599	-165
-1595	-166
-1590	-165
-1587	-166
-1583	-166
-1580	-167
-1576	-167
-1569	-164
-1563	-162
-1560	-163
-1557	-164
-1556	-168
-1553	-169
-1541	-159
-1531	-151
-1526	-149
-1523	-151
-1521	-153
-1520	-157
-1515	-156
-1513	-158
-1509	-159
-1506	-159
-1499	-155
-1494	-154
-1490	-153
-1486	-154
-1484	-156
-1481	-157
-1479	-159
-1474	-158
-1469	-157
-1464	-155
-1460	-154
-1458	-157
-1457	-160
-1451	-157
-1446	-156
-1440	-153
-1438	-155
-1435	-156
-1432	-158
-1431	-161
-1430	-165
-1420	-157
-1416	-156
-1414	-158
-1408	-155
-1402	-152
-1397	-150
-1392	-149
-1389	-150
-1387	-152
-1385	-153
-1382	-154
-1379	-155
-1377	-158
-1376	-162
-1375	-165
-1373	-168
-1371	-170
-1369	-172
-1365	-171
-1359	-169
-1352	-163
-1345	-159
-1341	-158
-1338	-159
-1336	-161
-1333	-162
-1330	-162
-1328	-165
-1326	-167
-1324	-169
-1322	-172
-1320	-175
-1313	-170
-1308	-167
-1304	-166
-1301	-167
-1299	-169
-1296	-170
-1293	-170
-1289	-170
-1287	-172
-1286	-176
-1283	-177
-1275	-169
-1266	-161
-1260	-158
-1257	-158
-1254	-159
-1252	-160
-1250	-163
-1249	-167
-1247	-169
-1245	-171
-1242	-172
-1240	-175
-1237	-175
-1231	-170
-1225	-166
-1220	-165
-1217	-164
-1213	-164
-1210	-164
-1206	-164
-1203	-164
-1200	-163
-1196	-163
-1193	-164
-1191	-166
-1188	-167
-1185	-167
-1184	-170
-1182	-173
-1178	-173
-1175	-172
-1172	-173
-1169	-173
-1164	-170
-1160	-169
-1156	-168
-1153	-168
-1150	-169
-1148	-171
-1145	-172
-1143	-173
-1140	-174
-1138	-176
-1135	-176
-1131	-176
-1128	-175
-1125	-177
-1122	-177
-1119	-177
-1116	-178
-1114	-179
-1109	-176
-1106	-176
-1103	-178
-1101	-179
-1098	-179
-1095	-179
-1090	-177
-1087	-177
-1083	-175
-1079	-173
-1075	-172
-1072	-172
-1069	-173
-1065	-172
-1062	-172
-1059	-171
-1056	-172
-1052	-170
-1049	-170
-1047	-173
-1044	-173
-1041	-173
-1037	-171
-1034	-172
-1031	-172
-1029	-174
-1026	-175
-1023	-175
-1019	-172
-1015	-171
-1012	-172
-1010	-174
-1008	-176
-1006	-178
-1001	-174
-996	-169
-993	-169
-990	-170
-986	-168
-984	-169
-981	-171
-980	-174
-977	-175
-975	-176
-971	-174
-967	-173
-963	-170
-959	-167
-954	-165
-952	-165
-949	-166
-942	-158
-937	-152
-933	-152
-931	-153
-928	-154
-926	-154
-924	-156
-922	-158
-920	-160
-917	-161
-915	-162
-912	-164
-898	-137
-895	-138
-880	-110
-876	-109
-872	-105
-869	-105
-866	-105
-863	-105
-860	-105
-858	-106
-855	-107
-852	-106
-850	-107
-848	-108
-845	-109
-843	-110
-840	-111
-781	3
-778	4
-775	4
-772	5
-769	5
-767	5
-764	5
-762	5
-759	4
-757	4
-754	5
-751	7
-748	6
-746	4
-744	4
-741	5
-738	5
-736	5
-734	3
-734	-3
-734	-10
-733	-14
-729	-11
-725	-5
-722	-4
-721	-8
-721	-15
-719	-18
-718	-22
-747	-126
-746	-131
-745	-135
-743	-137
-741	-138
-739	-140
-736	-141
-734	-143
-732	-144
-730	-144
-728	-146
-725	-147
-722	-147
-720	-147
-718	-149
-715	-150
-712	-150
-710	-150
-708	-152
-706	-153
-703	-153
-700	-153
-697	-153
-695	-154
-693	-155
-690	-155
-688	-156
-685	-156
-683	-158
-681	-161
-677	-157
-674	-154
-670	-150
-666	-148
-663	-146
-660	-145
-657	-143
-654	-144
-652	-144
-649	-143
-646	-141
-643	-140
-640	-140
-638	-142
-636	-144
-633	-144
-631	-146
-629	-149
-628	-151
-626	-155
-625	-159
-623	-162
-619	-159
-615	-152
-611	-148
-607	-146
-605	-145
-602	-145
-600	-146
-600	-157
-600	-167
-600	-174
-598	-177
-595	-176
-593	-177
-590	-177
-588	-177
-585	-176
-582	-175
-579	-175
-577	-175
-574	-175
-571	-174
-568	-173
-565	-172
-563	-173
-560	-174
-557	-172
-555	-173
-553	-174
-550	-173
-547	-174
-545	-175
-543	-175
-540	-176
-538	-176
-535	-176
-533	-178
-531	-180
-525	-166
-523	-168
-521	-170
-518	-172
-516	-172
-514	-174
-511	-175
-509	-177
-508	-181
-505	-182
-503	-185
-501	-185
-498	-185
-496	-184
-493	-185
-491	-186
-488	-185
-485	-185
-483	-185
-480	-186
-478	-186
-475	-186
-473	-186
-470	-185
-467	-185
-465	-185
-462	-186
-460	-186
-457	-187
-455	-187
-452	-187
-450	-186
-447	-186
-445	-186
-442	-186
-439	-185
-437	-185
-434	-185
-432	-186
-429	-186
-427	-186
-424	-185
-421	-185
-419	-185
-416	-186
-413	-183
-411	-183
-408	-183
-406	-184
-403	-184
-401	-185
-398	-185
-396	-185
-393	-185
-391	-184
-388	-186
-386	-186
-383	-186
-381	-186
-378	-186
-376	-186
-373	-186
-371	-186
-368	-186
-366	-185
-363	-185
-360	-183
-358	-184
-356	-185
-353	-186
-351	-187
-348	-187
-346	-185
-343	-185
-341	-185
-338	-186
-336	-185
-333	-185
-331	-186
-328	-186
-326	-186
-323	-186
-320	-184
-318	-184
-315	-185
-313	-185
-311	-186
-308	-186
-306	-186
-303	-186
-301	-186
-298	-185
-296	-186
-293	-186
-291	-186
-288	-185
-286	-185
-283	-186
-281	-185
-278	-185
-276	-187
-273	-187
-271	-186
-268	-185
-266	-185
-263	-185
-261	-186
-258	-185
-256	-185
-253	-184
-251	-184
-248	-184
-246	-186
-244	-187
-241	-187
-239	-187
-236	-188
-234	-187
-231	-186
-229	-186
-226	-187
-224	-185
-221	-185
-219	-186
-216	-185
-214	-186
-211	-186
-209	-186
-206	-186
-204	-186
-201	-187
-199	-186
-196	-185
-194	-186
-192	-186
-189	-186
-186	-185
-184	-186
-182	-186
-179	-187
-177	-186
-174	-186
-172	-186
-169	-186
-167	-185
-164	-186
-162	-186
-160	-187
-157	-186
-155	-185
-152	-185
-150	-187
-147	-187
-145	-187
-142	-187
-140	-185
-137	-184
-135	-184
-132	-184
-130	-184
-127	-185
-125	-186
-123	-186
-120	-186
-118	-186
-115	-185
-113	-183
-110	-182
-108	-183
-105	-184
-103	-185
-100	-185
-98	-184
-96	-186
-93	-186
-91	-186
-88	-186
-86	-186
-83	-185
-81	-186
-76	-188
-73	-187
-71	-187
-69	-186
-66	-186
-64	-187
-61	-187
-59	-186
-56	-186
-54	-186
-51	-185
-49	-184
-46	-185
-44	-186
-41	-185
-39	-185
-37	-185
-34	-185
-32	-186
-29	-187
-27	-188
-24	-187
-22	-188
-19	-187
-17	-186
-14	-185
-12	-184
-10	-185
-7	-186
-5	-187
-2	-187
0	-185
3	-185
5	-185
8	-185
10	-184
13	-184
15	-185
17	-185
20	-186
22	-187
25	-186
27	-185
30	-186
32	-186
35	-186
37	-186
40	-186
42	-186
45	-185
47	-185
50	-186
52	-187
55	-187
57	-187
59	-186
62	-186
64	-186
67	-186
69	-186
72	-186
74	-185
77	-185
79	-185
82	-185
84	-186
87	-187
89	-185
91	-185
94	-185
96	-185
99	-185
101	-185
104	-185
106	-185
109	-186
111	-185
114	-185
116	-186
119	-186
121	-185
124	-185
126	-185
129	-185
131	-185
134	-185
136	-185
138	-185
141	-185
144	-186
146	-186
149	-186
151	-185
154	-186
156	-186
158	-185
161	-185
163	-185
166	-185
168	-184
171	-184
173	-184
176	-185
178	-186
181	-186
183	-185
186	-186
188	-185
191	-185
193	-186
196	-187
199	-186
201	-187
204	-188
206	-186
208	-185
211	-185
213	-185
216	-186
218	-185
221	-186
224	-186
226	-185
228	-185
231	-186
233	-185
236	-185
239	-185
241	-185
244	-186
246	-185
249	-185
251	-184
254	-185
256	-185
259	-186
261	-186
264	-185
266	-186
269	-185
271	-185
274	-184
276	-184
279	-184
281	-184
284	-184
287	-185
289	-185
292	-185
294	-186
297	-185
299	-185
302	-184
304	-185
307	-184
309	-185
312	-185
315	-186
317	-185
320	-186
322	-185
325	-185
327	-185
330	-185
332	-184
334	-180
335	-174
337	-172
340	-173
343	-174
345	-173
348	-174
350	-173
353	-173
356	-174
358	-174
361	-174
363	-174
366	-174
368	-173
371	-173
374	-177
379	-184
381	-184
384	-185
387	-185
389	-185
391	-183
394	-182
397	-183
399	-183
402	-184
404	-183
407	-183
410	-184
412	-184
415	-184
418	-185
420	-184
423	-182
425	-183
428	-184
431	-185
434	-185
436	-184
439	-183
441	-184
444	-184
446	-183
449	-183
452	-183
455	-184
457	-184
460	-184
462	-184
465	-184
466	-179
467	-173
470	-172
473	-174
477	-179
480	-182
482	-179
484	-177
487	-177
490	-178
493	-179
496	-182
499	-183
501	-179
503	-177
505	-177
508	-177
510	-175
513	-173
515	-173
517	-172
520	-170
521	-167
523	-165
526	-165
528	-164
531	-164
533	-162
536	-164
539	-165
542	-166
545	-166
548	-165
550	-165
552	-164
554	-159
555	-157
558	-156
560	-155
562	-153
564	-149
565	-145
564	-135
565	-130
567	-129
570	-130
573	-129
575	-129
579	-131
583	-136
593	-155
598	-163
603	-168
605	-167
606	-161
605	-151
605	-143
606	-138
608	-136
610	-134
612	-132
614	-131
617	-132
621	-135
627	-144
632	-150
635	-151
637	-150
640	-149
642	-148
644	-147
647	-147
650	-146
654	-150
657	-151
660	-152
663	-152
666	-152
669	-153
672	-154
675	-155
677	-152
678	-147
679	-144
681	-142
684	-141
686	-140
689	-140
693	-143
698	-148
702	-152
705	-152
707	-150
710	-149
712	-148
714	-147
716	-145
720	-145
722	-145
725	-144
727	-143
730	-142
732	-141
734	-140
737	-139
739	-137
740	-134
742	-132
744	-129
745	-125
745	-119
745	-113
746	-108
717	-14
717	-10
719	-7
721	-6
726	-11
730	-13
732	-12
733	-7
732	0
733	4
735	5
737	6
740	5
745	1
751	-0
752	2
755	3
758	2
761	1
765	-0
771	3
774	4
777	3
779	3
864	-142
869	-146
874	-150
880	-155
884	-158
887	-157
889	-155
890	-150
890	-145
892	-143
894	-140
896	-139
899	-139
902	-139
906	-141
912	-146
918	-151
921	-151
922	-148
923	-143
924	-139
926	-137
926	-132
928	-130
934	-135
944	-148
957	-166
969	-182
972	-181
975	-181
978	-181
983	-184
985	-183
987	-180
989	-178
991	-175
993	-173
995	-171
998	-170
1000	-168
1002	-166
1004	-165
1007	-164
1010	-163
1013	-162
1017	-165
1023	-169
1032	-179
1033	-174
1034	-171
1037	-170
1040	-170
1043	-170
1047	-170
1051	-171
1054	-172
1058	-173
1062	-174
1067	-176
1071	-177
1073	-175
1075	-173
1080	-176
1085	-178
1089	-179
1091	-177
1092	-173
1093	-169
1094	-165
1095	-162
1096	-159
1098	-155
1099	-152
1100	-149
1103	-147
1106	-147
1109	-147
1117	-154
1124	-159
1133	-168
1143	-179
1147	-180
1150	-179
1154	-179
1157	-179
1160	-178
1164	-178
1167	-177
1170	-177
1174	-177
1176	-175
1177	-172
1180	-170
1182	-169
1185	-168
1190	-170
1197	-174
1201	-175
1202	-172
1204	-169
1206	-167
1207	-164
1210	-162
1213	-162
1221	-169
1231	-178
1235	-177
1240	-179
1241	-177
1244	-176
1249	-177
1252	-175
1255	-175
1258	-174
1261	-174
1269	-179
1272	-179
1276	-178
1279	-178
1282	-177
1286	-177
1289	-176
1291	-174
1294	-173
1298	-173
1303	-174
1305	-173
1308	-172
1312	-172
1319	-176
1324	-178
1329	-180
1331	-177
1332	-173
1334	-170
1337	-169
1341	-170
1345	-170
1348	-169
1352	-169
1355	-168
1358	-168
1367	-174
1370	-173
1374	-172
1378	-173
1383	-174
1387	-175
1391	-174
1394	-174
1399	-174
1403	-175
1408	-176
1409	-173
1412	-171
1418	-173
1426	-178
1425	-173
1426	-169
1431	-170
1436	-171
1441	-173
1447	-175
1448	-171
1451	-170
1452	-166
1454	-163
1460	-165
1464	-166
1470	-168
1481	-176
1485	-177
1490	-177
1493	-176
1501	-180
1508	-185
1516	-189
1515	-183
1514	-176
1515	-172
1517	-170
1519	-168
1522	-165
1525	-165
1528	-163
1530	-161
1533	-159
1538	-160
1543	-161
1548	-162
1554	-163
1557	-162
1563	-164
1571	-168
1576	-169
1580	-168
1585	-170
1590	-170
1593	-169
1597	-169
1601	-168
1604	-166
1605	-162
1606	-159
1612	-161
1626	-171
1632	-173
1634	-170
1637	-168
1638	-165
1641	-163
1645	-163
1663	-177
1670	-180
1673	-178
1679	-180
1686	-182
1690	-181
1692	-178
1695	-178
1700	-177
1702	-175
1704	-172
1707	-170
1710	-168
1714	-168
1718	-167
1733	-178
1736	-176
1737	-172
1737	-168
1741	-166
1743	-164
1745	-161
1747	-158
1754	-160
1762	-164
1767	-164
1769	-162
1775	-162
1781	-163
1783	-161
1789	-162
1791	-160
1793	-156
1796	-155
1800	-154
1803	-151
1805	-149
1812	-151
1828	-162
1832	-161
1836	-160
1840	-159
1844	-158
1846	-155
1849	-153
1855	-154
1862	-156
1869	-158
1871	-154
1871	-150
1872	-146
1874	-143
1875	-139
1877	-137
1881	-136
1886	-135
1890	-135
1900	-139
1921	-153
1925	-152
1929	-151
1935	-152
1939	-150
1942	-148
1943	-144
1941	-138
1940	-132
1939	-127
1942	-125
1944	-122
1951	-123
1967	-133
1973	-133
1982	-137
1993	-141
1994	-138
1996	-135
1998	-132
2001	-130
2005	-128
2008	-126
2011	-124
2015	-122
2019	-122
2023	-120
2028	-119
2034	-120
2042	-122
2054	-127
2063	-131
2073	-134
2078	-133
2084	-134
2093	-137
2096	-135
2100	-133
2104	-132
2109	-131
2113	-129
2116	-127
2121	-127
2126	-126
2134	-127
2149	-135
2152	-132
2160	-134
2165	-133
2169	-132
2174	-131
2178	-129
2182	-127
2187	-127
2190	-125
2193	-122
2197	-121
2204	-121
2211	-122
2217	-122
2225	-123
2236	-127
2251	-134
2261	-137
2267	-136
2274	-137
2277	-134
2279	-131
2282	-128
2284	-125
2289	-124
2293	-123
2297	-121
2300	-118
2300	-113
2301	-109
2299	-102
2302	-100
2304	-97
2304	-92
2303	-86
2305	-83
2307	-79
2306	-74
2306	-69
2309	-66
2308	-61
2306	-55
2307	-51
2309	-47
2312	-45
2309	-38
2310	-34
2311	-30
2310	-24
2313	-22
2313	-17
2316	-14
2318	-11
2316	-5
2316	-0
2317	4
2316	9
2317	13
2320	15
2320	20
2320	25
2320	29
2323	32
2324	36
2323	41
2323	46
2326	49
2328	52
2328	56
2329	60
2328	65
2325	72
2328	75
2333	76
2331	82
2330	87
2332	90
2335	93
2337	96
2339	99
2337	105
2340	108
2341	111
2341	115
2344	118
2346	121
2345	127
2348	129
2347	134
2347	139
2344	145
2344	149
2346	153
2348	156
2348	160
2347	165
2350	168
2352	171
2353	175
2354	178
2355	182
2357	186
2358	189
2359	193
2358	198
2361	201
2371	199
2375	201
2381	201
2388	202
2392	204
2396	206
2407	203
2412	205
2419	205
2424	206
2431	206
2433	210
2440	210
2443	213
2461	207
2470	206
2473	208
2478	210
2530	207
2537	207
2544	208
2855	247
2859	249
2894	247
2898	249
2908	249
2918	249
2989	259
2998	260
3004	262
3009	265
3016	266
3030	264
3030	269
3038	271
3060	271
3074	274
3083	275
3089	277
3096	279
3105	280
3240	287
3239	292
3250	293
3255	296
3263	297
3271	299
3286	298
3309	294
3316	296
3323	298
3333	299
3344	300
3352	302
3358	305
3366	307
3380	307
3396	305
3409	305
3419	307
3431	307
3445	307
3500	307
3509	309
3519	310
3520	315
3527	318
3540	318
3554	319
3561	321
3568	324
3576	326
3615	323
3620	327
3634	327
3640	330
3646	333
3652	337
3658	340
3663	344
3662	350
3661	355
3663	360
3664	365
3663	371
3661	377
3661	383
3660	389
3657	395
3658	400
3657	406
3656	412
3654	418
3655	423
3656	428
3656	434
3654	440
3653	445
3653	451
3651	457
3650	463
3648	469
3648	474
3646	480
3645	486
3645	491
3644	497
3643	502
3643	508
3643	513
3642	519
3640	525
3640	530
3640	535
3640	541
3639	547
3638	552
3638	558
3634	564
3634	569
3634	574
3634	580
3634	585
3633	591
3632	596
3630	602
3631	607
3630	613
3630	618
3629	623
3629	629
3628	634
3627	640
3625	645
3624	651
3623	656
3623	661
3623	667
3621	672
3620	678
3618	684
3617	689
3618	694
3617	699
3617	705
3618	710
3617	715
3616	720
3614	726
3613	731
3613	737
3613	742
3612	747
3611	752
3611	758
3610	763
3609	768
3609	773
3610	778
3608	784
3607	789
3606	795
3607	800
3603	806
3602	811
3601	816
3601	821
3602	826
3601	831
3599	837
3598	842
3599	847
3598	852
3598	857
3597	863
3597	868
3597	873
3598	877
3596	883
3595	888
3594	893
3593	899
3593	904
3594	909
3593	914
3593	919
3593	924
3591	929
3590	934
3589	939
3589	944
3588	950
3588	955
3587	960
3587	965
3587	970
3586	975
3584	980
3583	985
3584	990
3583	995
3582	1000
3582	1005
3582	1010
3581	1015
3581	1020
3580	1025
3580	1030
3578	1036
3578	1041
3577	1046
3576	1051
3576	1056
3577	1060
3577	1065
3576	1070
3575	1076
3574	1080
3574	1085
3573	1090
3573	1095
3573	1100
3572	1105
3571	1110
3571	1115
3569	1120
3568	1125
3568	1130
3568	1135
3568	1140
3566	1145
3566	1150
3566	1155
3566	1160
3565	1165
3565	1170
3566	1174
3562	1180
3562	1185
3562	1189
3560	1194
3560	1199
3560	1204
3559	1209
3559	1214
3559	1219
3558	1224
3558	1229
3557	1233
3556	1238
3555	1243
3554	1248
3553	1253
3552	1258
3551	1263
3551	1268
3551	1273
3552	1277
3550	1282
3550	1287
3549	1292
3549	1297
3548	1302
3548	1307
3546	1311
3546	1316
3545	1321
3544	1326
3544	1331
3544	1336
3543	1340
3542	1345
3541	1350
3541	1355
3541	1360
3540	1364
3539	1369
3538	1374
3538	1379
3537	1384
3537	1389
3537	1393
3535	1398
3535	1403
3534	1408
3533	1413
3534	1417
3534	1422
3534	1427
3533	1432
3532	1436
3532	1441
3530	1446
3530	1451
3530	1455
3530	1460
3529	1465
3528	1470
3528	1474
3528	1479
3526	1484
3526	1489
3525	1493
3525	1498
3524	1503
3525	1508
3524	1512
3523	1517
3522	1522
3523	1526
3523	1531
3521	1536
3520	1541
3519	1545
3519	1550
3519	1555
3518	1560
3517	1564
3517	1569
3517	1574
3517	1578
3517	1583
3516	1588
3515	1592
3514	1597
3514	1602
3514	1607
3513	1611
3513	1616
3513	1621
3512	1625
3512	1630
3511	1635
3510	1639
3509	1644
3509	1649
3508	1653
