2744	1674
2745	1677
2745	1681
2747	1685
2748	1688
2747	1692
2748	1699
2748	1703
2749	1707
2751	1711
2752	1714
2752	1718
2752	1722
2752	1725
2754	1729
2755	1733
2754	1736
2754	1740
2755	1744
2755	1748
2758	1751
2758	1755
2758	1759
2757	1762
2758	1766
2759	1770
2761	1774
2763	1777
2761	1781
2759	1785
2760	1788
2763	1792
2766	1796
2767	1800
2767	1804
2765	1807
2764	1811
2765	1815
2766	1818
2764	1822
2762	1826
2765	1829
2770	1833
2771	1837
2770	1841
2771	1845
2772	1848
2773	1852
2775	1856
2774	1860
2776	1864
2774	1867
2775	1871
2778	1875
2779	1879
2778	1883
2777	1886
2776	1890
2776	1894
2777	1897
2778	1901
2778	1905
2778	1909
2779	1913
2780	1916
2780	1920
2782	1924
2782	1928
2783	1932
2784	1936
2784	1939
2784	1943
2785	1947
2786	1951
2787	1955
2786	1958
2787	1962
2789	1966
2788	1970
2789	1974
2790	1978
2791	1981
2791	1985
2789	1989
2790	1993
2790	1997
2791	2000
2793	2004
2793	2008
2794	2012
2792	2016
2789	2019
2788	2023
2791	2027
2795	2031
2798	2035
2800	2039
2799	2043
2799	2047
2799	2051
2799	2054
2800	2059
2802	2063
2801	2066
2801	2070
2800	2074
2800	2078
2800	2081
2801	2085
2805	2090
2805	2094
2805	2097
2804	2101
2804	2105
2804	2109
2806	2113
2807	2117
2806	2121
2806	2125
2805	2128
2806	2132
2806	2136
2808	2140
2807	2144
2808	2148
2807	2152
2806	2155
2806	2159
2804	2163
2805	2167
2811	2172
2812	2176
2812	2180
2811	2183
2810	2187
2810	2191
2812	2195
2813	2199
2813	2203
2814	2207
2813	2211
2814	2215
2815	2219
2815	2223
2814	2227
2813	2230
2815	2235
2816	2239
2816	2243
2816	2247
2817	2251
2818	2255
2819	2259
2818	2263
2817	2267
2818	2271
2820	2275
2821	2279
2821	2283
2821	2287
2822	2291
2822	2295
2822	2299
2822	2303
2821	2307
2822	2311
2822	2315
2824	2319
2825	2323
2828	2328
2827	2332
2827	2336
2828	2340
2828	2344
2829	2348
2830	2352
2831	2357
2831	2361
2831	2365
2832	2369
2832	2373
2832	2377
2832	2381
2831	2385
2832	2389
2832	2393
2832	2397
2833	2401
2834	2406
2834	2410
2834	2414
2835	2418
2837	2423
2836	2426
2836	2430
2836	2434
2837	2439
2839	2443
2838	2447
2838	2451
2837	2455
2837	2459
2839	2464
2840	2468
2839	2472
2837	2475
2837	2479
2838	2484
2839	2488
2839	2492
2840	2496
2836	2499
2836	2504
2841	2509
2842	2514
2839	2517
2837	2520
2837	2524
2838	2529
2836	2532
2834	2536
2835	2541
2835	2545
2835	2549
2834	2553
2835	2557
2837	2562
2839	2567
2840	2571
2840	2575
2841	2580
2841	2584
2840	2588
2841	2592
2842	2597
2842	2601
2844	2606
2843	2610
2843	2614
2841	2617
2842	2622
2843	2626
2844	2631
2844	2635
2846	2640
2849	2645
2848	2649
2848	2653
2847	2657
2848	2662
2848	2666
2850	2671
2849	2675
2850	2679
2851	2684
2850	2688
2851	2693
2851	2697
2854	2702
2853	2706
2855	2711
2854	2715
2854	2719
2855	2724
2854	2728
2854	2732
2854	2737
2854	2741
2853	2745
2853	2749
2854	2754
2854	2758
2853	2762
2854	2767
2852	2771
2855	2776
2856	2781
2857	2785
2857	2790
2857	2794
2856	2798
2856	2802
2855	2807
2854	2811
2855	2815
2854	2820
2855	2824
2853	2828
2853	2832
2853	2837
2854	2842
2855	2846
2856	2851
2856	2856
2856	2860
2854	2864
2853	2868
2852	2872
2851	2876
2852	2881
2853	2885
2853	2890
2853	2895
2854	2900
2854	2904
2854	2908
2853	2913
2853	2917
2853	2921
2855	2927
2853	2931
2852	2935
2851	2939
2853	2944
2853	2949
2853	2953
2855	2958
2855	2963
2855	2968
2855	2972
2855	2977
2854	2981
2854	2986
2856	2991
2855	2995
2855	3000
2855	3004
2854	3009
2854	3013
2854	3018
2855	3023
2854	3027
2853	3031
2854	3036
2855	3041
2856	3046
2856	3051
2855	3055
2856	3060
2857	3065
2856	3070
2855	3074
2857	3079
2856	3084
2856	3088
2854	3092
2854	3097
2858	3104
2859	3109
2859	3114
2856	3117
2853	3120
2853	3125
2854	3130
2855	3135
2855	3140
2855	3145
2855	3150
2855	3155
2856	3160
2852	3163
2810	3146
2802	3147
2796	3148
2790	3150
2787	3154
2786	3157
2784	3162
2783	3166
2787	3172
2815	3192
2844	3212
2852	3221
2852	3226
2853	3231
2853	3236
2852	3240
2853	3246
2853	3251
2851	3254
2850	3259
2851	3264
2851	3269
2850	3274
2851	3279
2851	3284
2850	3288
2848	3293
2850	3298
2850	3304
2849	3308
2849	3313
2849	3318
2849	3323
2849	3328
2849	3333
2849	3338
2850	3344
2848	3348
2846	3352
2846	3356
2848	3363
2848	3368
2848	3373
2846	3377
2844	3381
2842	3385
2847	3393
2845	3397
2844	3401
2845	3407
2845	3412
2843	3416
2843	3421
2843	3427
2842	3431
2843	3437
2843	3442
2843	3447
2843	3452
2841	3457
2845	3464
2848	3471
2848	3476
2847	3481
2847	3486
2845	3490
2842	3494
2843	3500
2843	3505
2841	3509
2840	3514
2839	3519
2841	3525
2840	3530
2839	3534
2838	3539
2838	3545
2837	3550
2836	3554
2835	3559
2835	3564
2835	3570
2833	3574
2833	3579
2832	3584
2831	3589
2832	3595
2831	3600
2829	3604
2829	3609
2831	3616
2830	3621
2829	3626
2828	3631
2828	3636
2827	3640
2826	3645
2822	3649
2821	3653
2822	3660
2828	3669
2820	3669
2823	3677
2822	3682
2822	3687
2824	3694
2823	3699
2823	3705
2822	3709
2821	3714
2820	3720
2820	3725
2819	3730
2820	3736
2820	3742
2819	3747
2818	3752
2816	3757
2812	3759
2810	3764
2819	3776
2820	3782
2818	3787
2815	3791
2813	3795
2813	3800
2811	3805
2809	3809
2808	3814
2808	3820
2809	3826
2808	3832
2806	3836
2805	3841
2804	3846
2804	3852
2803	3857
2801	3862
2798	3866
2797	3871
2796	3876
2796	3882
2795	3887
2793	3891
2790	3895
2787	3898
2785	3903
2785	3909
2784	3914
2784	3920
2782	3925
2781	3930
2780	3936
2779	3941
2777	3945
2774	3949
2770	3952
2768	3956
2765	3960
2764	3965
2764	3971
2765	3978
2763	3983
2761	3987
2762	3994
2761	4000
2759	4004
2757	4009
2755	4013
2753	4018
2751	4023
2750	4028
2748	4033
2750	4040
2750	4046
2748	4051
2747	4056
2735	4053
2724	4050
2724	4056
2722	4061
2720	4066
2720	4071
2727	4084
2733	4095
2734	4102
2732	4107
2732	4114
2731	4119
2728	4123
2725	4127
2723	4132
2724	4138
2724	4145
2727	4154
2727	4161
2724	4165
2721	4169
2719	4174
2718	4179
2716	4184
2713	4188
2710	4192
2708	4197
2705	4201
2702	4204
2700	4209
2700	4216
2698	4221
2697	4226
2695	4231
2693	4236
2689	4239
2687	4244
2684	4248
2682	4253
2680	4258
2678	4263
2676	4267
2411	4036
2408	4040
2403	4041
2405	4050
2401	4052
2397	4055
2396	4060
2398	4067
2398	4074
2640	4329
2638	4334
2637	4340
2635	4345
2633	4350
2633	4356
2633	4363
2631	4368
2629	4374
2628	4380
2626	4385
2622	4388
2618	4391
2614	4394
2614	4401
2614	4408
2610	4411
2608	4416
2604	4420
2602	4425
2601	4431
2603	4440
2600	4444
2600	4451
2599	4458
2599	4465
2597	4470
2595	4475
2592	4479
2589	4484
2588	4490
2586	4495
2582	4498
2577	4500
2572	4502
2568	4506
2564	4509
2561	4512
2558	4517
2557	4524
2556	4529
2553	4534
2548	4536
2545	4540
2541	4544
2536	4546
2532	4548
2530	4553
2527	4558
2523	4562
2517	4562
2513	4565
2511	4571
2510	4577
2507	4581
2504	4586
2501	4590
2498	4594
2495	4599
2493	4604
2490	4608
2487	4612
2485	4617
2482	4622
2480	4627
2476	4630
2472	4634
2471	4640
2471	4648
2471	4656
2468	4661
2465	4665
2462	4669
2459	4674
2455	4677
2451	4680
2449	4686
2448	4693
2446	4699
2445	4705
2445	4713
2446	4722
2443	4726
2439	4730
2436	4734
2435	4742
2433	4747
2429	4750
2427	4756
2426	4763
2423	4768
2420	4772
2417	4777
2414	4782
2412	4787
2414	4798
2410	4801
2404	4802
2401	4807
2399	4813
2396	4818
2392	4821
2388	4824
2385	4828
2382	4833
2378	4836
2374	4840
2371	4844
2367	4848
2364	4853
2360	4856
2356	4859
2352	4863
2349	4867
2345	4871
2342	4875
2339	4880
2336	4885
2335	4892
2332	4897
2328	4901
2324	4903
2319	4906
2315	4910
2313	4916
2312	4922
2309	4928
2305	4932
2302	4936
2299	4940
2294	4944
2291	4948
2286	4951
2281	4952
2277	4956
2274	4961
2268	4961
2265	4966
2262	4971
2258	4974
2255	4979
2251	4983
2248	4987
2244	4992
2241	4995
2237	4999
2234	5005
2231	5009
2228	5014
2225	5019
2220	5022
2216	5025
2212	5028
2206	5029
2202	5033
2198	5036
2195	5040
2190	5042
2184	5044
2180	5047
2176	5050
2172	5054
2169	5059
2165	5063
2161	5066
2157	5069
2153	5073
2149	5077
2147	5083
2143	5088
2141	5094
2137	5098
2133	5101
2130	5106
2125	5109
2120	5111
2115	5113
2111	5116
2107	5119
2102	5122
2098	5125
2093	5127
2088	5130
2084	5133
2081	5139
2077	5143
2072	5144
2067	5146
2063	5150
2060	5155
2057	5161
2052	5163
2047	5164
2043	5168
2038	5171
2034	5174
2029	5176
2025	5180
2021	5184
2016	5186
2011	5187
2006	5189
2002	5193
1997	5196
1992	5197
1987	5199
1983	5203
1978	5205
1973	5207
1969	5211
1965	5214
1960	5217
1956	5220
1950	5220
1944	5220
1939	5222
1934	5225
1929	5227
1924	5228
1919	5230
1914	5233
1910	5235
1905	5237
1899	5239
1894	5241
1889	5241
1884	5244
1880	5247
1875	5250
1870	5252
1865	5253
1860	5255
1855	5256
1850	5259
1844	5259
1838	5259
1833	5260
1828	5263
1823	5264
1818	5267
1814	5270
1810	5274
1805	5276
1800	5278
1797	5284
1793	5287
1788	5289
1783	5292
1778	5293
1773	5295
1768	5296
1763	5300
1759	5302
1754	5305
1751	5310
1744	5309
1739	5310
1734	5311
1728	5312
1723	5313
1717	5313
1711	5313
1706	5316
1702	5319
1698	5323
1694	5326
1688	5326
1682	5326
1676	5325
1670	5326
1665	5328
1660	5329
1655	5331
1651	5335
1646	5337
1641	5339
1636	5340
1632	5344
1627	5345
1621	5345
1616	5348
1611	5350
1607	5352
1602	5354
1596	5354
1591	5357
1587	5359
1580	5358
1576	5362
1572	5365
1567	5367
1562	5370
1558	5373
1554	5376
1549	5379
1544	5381
1539	5382
1534	5383
1529	5384
1525	5388
1521	5394
1517	5397
1509	5393
1504	5394
1498	5394
1499	5410
1490	5402
1486	5406
1480	5406
1475	5406
1470	5407
1465	5410
1461	5413
1455	5414
1449	5413
1444	5415
1441	5420
1436	5423
1432	5426
1427	5428
1422	5430
1418	5434
1413	5436
1408	5437
1403	5438
1397	5439
1392	5440
1386	5440
1381	5440
1375	5441
1370	5441
1365	5443
1360	5446
1355	5447
1350	5449
1345	5450
1340	5451
1334	5451
1328	5451
1323	5452
1318	5453
1313	5455
1308	5455
1302	5456
1297	5457
1291	5457
1286	5458
1282	5460
1278	5465
1273	5467
1268	5468
1262	5469
1257	5469
1251	5469
1246	5470
1241	5471
1237	5475
1232	5477
1226	5477
1221	5478
1216	5478
1209	5476
1204	5478
1199	5478
1193	5477
1188	5479
1184	5482
1179	5485
1174	5485
1168	5485
1163	5487
1158	5489
1153	5489
1148	5491
1143	5491
1138	5492
1131	5489
1125	5488
1119	5486
1114	5486
1109	5486
1103	5485
1097	5485
1092	5485
1087	5488
1082	5488
1077	5491
1072	5493
1068	5495
1063	5496
1058	5499
1053	5500
1047	5499
1041	5498
1036	5497
1030	5496
1025	5498
1020	5500
1016	5504
1011	5507
1005	5504
1000	5505
995	5506
990	5509
985	5510
980	5510
975	5511
971	5515
966	5519
962	5523
957	5523
951	5523
946	5525
941	5524
935	5524
931	5527
926	5529
921	5530
916	5533
911	5535
907	5538
902	5540
897	5543
892	5543
887	5545
882	5547
877	5548
872	5549
867	5551
862	5553
857	5555
853	5558
848	5559
842	5559
837	5559
832	5560
827	5561
821	5561
816	5562
811	5564
807	5567
802	5568
797	5569
791	5571
786	5570
781	5572
776	5573
771	5574
766	5574
760	5573
755	5576
751	5578
745	5577
740	5579
735	5579
729	5579
724	5580
719	5582
714	5583
709	5583
704	5584
699	5584
694	5586
689	5588
684	5590
679	5593
674	5595
669	5596
664	5599
659	5600
654	5599
648	5598
643	5598
638	5597
633	5599
628	5601
623	5602
618	5604
613	5606
608	5607
602	5607
597	5608
592	5608
587	5610
582	5612
577	5612
572	5613
567	5615
562	5618
557	5619
552	5620
547	5621
541	5622
536	5621
531	5622
526	5623
521	5625
515	5625
510	5623
505	5624
500	5624
494	5624
489	5624
484	5625
479	5626
474	5627
469	5628
463	5629
458	5630
453	5629
447	5626
442	5627
437	5630
432	5631
427	5632
422	5631
417	5631
411	5632
406	5631
401	5631
395	5629
390	5630
385	5632
380	5633
375	5633
370	5632
364	5632
359	5634
354	5636
349	5637
344	5638
339	5639
334	5638
328	5637
323	5633
318	5637
312	5629
306	5627
301	5627
296	5630
291	5629
286	5630
281	5628
275	5627
270	5627
265	5625
259	5623
254	5623
249	5623
244	5620
238	5618
233	5615
228	5615
222	5616
217	5618
212	5619
207	5619
202	5618
197	5618
191	5616
186	5617
181	5620
176	5623
171	5623
166	5624
161	5622
156	5622
151	5624
145	5622
140	5620
135	5621
130	5623
125	5624
120	5622
114	5620
109	5620
104	5620
99	5620
93	5616
88	5617
83	5615
78	5615
73	5618
68	5622
63	5622
58	5623
52	5623
47	5625
42	5624
37	5625
32	5622
27	5619
21	5618
16	5620
11	5614
6	5613
1	5614
-4	5614
-9	5616
-15	5601
-20	5601
-25	5609
-30	5607
-35	5605
-40	5602
-46	5601
-51	5613
-62	5015
-66	5020
-71	5024
-75	5023
-80	5019
-84	5018
-88	5018
-93	5019
-97	5013
-101	5005
-106	5001
-110	5000
-114	4995
-118	4994
-123	4994
-127	4995
-132	4998
-136	5001
-140	5004
-145	5007
-149	5018
-154	5019
-158	5018
-162	5018
-167	5022
-171	5024
-176	5023
-180	5013
-214	5568
-219	5566
-224	5566
-229	5564
-234	5560
-238	5556
-243	5548
-248	5545
-253	5542
-258	5539
-263	5535
-268	5531
-273	5530
-278	5531
-283	5530
-288	5527
-292	5525
-297	5523
-302	5522
-307	5522
-313	5525
-318	5531
-324	5540
-329	5541
-334	5543
-339	5545
-345	5548
-350	5548
-355	5548
-360	5548
-365	5548
-370	5551
-375	5551
-380	5549
-385	5548
-390	5547
-395	5547
-401	5548
-406	5547
-411	5547
-416	5546
-421	5545
-426	5544
-431	5543
-436	5542
-441	5542
-446	5541
-451	5540
-456	5537
-461	5537
-466	5535
-471	5536
-476	5534
-480	5532
-485	5530
-490	5530
-496	5530
-501	5530
-506	5529
-510	5527
-515	5526
-520	5522
-525	5520
-530	5517
-534	5514
-539	5511
-544	5510
-549	5510
-554	5509
-559	5506
-563	5503
-568	5498
-573	5496
-577	5487
-581	5482
-586	5480
-590	5477
-595	5475
-600	5474
-605	5473
-610	5472
-615	5472
-620	5473
-625	5472
-630	5471
-635	5472
-640	5470
-645	5469
-650	5466
-654	5464
-659	5462
-664	5460
-669	5458
-673	5457
-678	5457
-684	5458
-689	5459
-694	5459
-699	5460
-705	5463
-710	5465
-715	5463
-720	5461
-725	5460
-730	5459
-735	5458
-739	5457
-744	5456
-749	5454
-754	5453
-759	5452
-764	5453
-769	5453
-775	5454
-780	5454
-784	5452
-789	5450
-794	5448
-799	5448
-804	5448
-809	5449
-814	5447
-819	5445
-823	5443
-828	5441
-833	5439
-838	5438
-842	5436
-847	5432
-851	5429
-856	5426
-861	5425
-865	5423
-870	5421
-875	5419
-879	5417
-884	5417
-889	5415
-894	5413
-899	5411
-904	5410
-908	5407
-912	5403
-917	5401
-921	5399
-926	5397
-931	5396
-936	5396
-941	5396
-947	5397
-952	5397
-956	5394
-961	5393
-966	5392
-971	5391
-976	5391
-981	5389
-985	5388
-991	5388
-995	5385
-1000	5384
-1005	5383
-1010	5383
-1015	5382
-1020	5380
-1024	5379
-1030	5380
-1035	5378
-1039	5376
-1044	5375
-1050	5377
-1055	5376
-1060	5375
-1065	5375
-1069	5373
-1075	5373
-1079	5371
-1084	5369
-1089	5368
-1094	5368
-1099	5367
-1104	5366
-1109	5365
-1114	5364
-1119	5365
-1124	5365
-1129	5365
-1135	5364
-1139	5362
-1144	5360
-1148	5358
-1153	5357
-1157	5354
-1161	5349
-1166	5347
-1170	5344
-1175	5342
-1180	5341
-1184	5339
-1189	5338
-1194	5337
-1199	5336
-1204	5333
-1208	5331
-1213	5330
-1218	5330
-1224	5330
-1229	5330
-1233	5328
-1238	5326
-1242	5323
-1246	5319
-1250	5314
-1253	5309
-1258	5305
-1263	5307
-1269	5308
-1274	5307
-1279	5307
-1283	5304
-1288	5304
-1294	5303
-1299	5302
-1303	5301
-1308	5299
-1313	5297
-1318	5296
-1322	5293
-1327	5292
-1332	5292
-1337	5291
-1342	5290
-1346	5288
-1351	5286
-1356	5284
-1361	5283
-1366	5282
-1370	5280
-1375	5278
-1379	5276
-1384	5275
-1389	5273
-1394	5273
-1399	5271
-1403	5268
-1408	5266
-1413	5266
-1418	5265
-1423	5263
-1427	5261
-1433	5261
-1437	5259
-1441	5256
-1446	5254
-1451	5253
-1456	5253
-1462	5252
-1466	5250
-1471	5249
-1476	5247
-1481	5247
-1486	5246
-1491	5244
-1495	5241
-1500	5239
-1505	5238
-1510	5238
-1514	5236
-1519	5235
-1524	5234
-1529	5233
-1534	5231
-1539	5229
-1544	5228
-1548	5226
-1554	5227
-1559	5226
-1564	5224
-1568	5222
-1573	5221
-1579	5221
-1584	5221
-1589	5219
-1594	5217
-1598	5215
-1603	5213
-1607	5211
-1611	5208
-1616	5206
-1621	5204
-1625	5201
-1629	5198
-1633	5195
-1637	5191
-1642	5189
-1647	5188
-1652	5187
-1657	5186
-1662	5184
-1666	5181
-1670	5178
-1674	5175
-1678	5172
-1683	5171
-1688	5169
-1692	5167
-1696	5164
-1701	5161
-1706	5159
-1710	5157
-1714	5153
-1717	5149
-1721	5144
-1725	5141
-1730	5140
-1736	5141
-1740	5138
-1744	5134
-1748	5132
-1752	5128
-1756	5126
-1763	5127
-1768	5127
-1772	5124
-1776	5121
-1781	5119
-1786	5118
-1790	5116
-1795	5114
-1799	5110
-1803	5107
-1807	5105
-1812	5102
-1814	5095
-1818	5093
-1823	5091
-1828	5090
-1832	5086
-1835	5081
-1837	5075
-1841	5071
-1846	5069
-1850	5066
-1853	5062
-1856	5056
-1858	5050
-1861	5045
-1864	5040
-1866	5034
-1871	5032
-1875	5030
-1880	5027
-1882	5021
-1884	5015
-1888	5011
-1891	5007
-1897	5008
-1901	5004
-1905	5001
-1908	4997
-1912	4993
-1916	4990
-1921	4989
-1927	4989
-1933	4991
-1937	4988
-1942	4987
-1946	4984
-1950	4980
-1954	4978
-1961	4979
-1967	4979
-1971	4976
-1976	4975
-1980	4972
-1985	4971
-1989	4967
-1993	4965
-1996	4961
-2000	4958
-2005	4956
-2009	4953
-2013	4950
-2017	4948
-2023	4947
-2027	4944
-2030	4940
-2035	4938
-2038	4934
-2042	4931
-2046	4927
-2049	4924
-2054	4921
-2054	4912
-2055	4905
-2058	4900
-2061	4895
-2062	4888
-2065	4883
-2068	4879
-2073	4877
-2077	4874
-2081	4871
-2086	4870
-2091	4869
-2096	4868
-2100	4865
-2104	4861
-2105	4855
-2109	4852
-2115	4852
-2119	4849
-2124	4846
-2127	4843
-2131	4840
-2135	4837
-2140	4836
-2144	4832
-2147	4828
-2151	4826
-2155	4822
-2158	4819
-2162	4816
-2167	4813
-2171	4810
-2175	4808
-2179	4806
-2183	4803
-2189	4802
-2193	4799
-2196	4795
-2201	4793
-2205	4791
-2207	4785
-2208	4778
-2211	4773
-2215	4771
-2219	4768
-2221	4762
-2225	4760
-2231	4759
-2240	4764
-2247	4764
-2251	4762
-2255	4759
-2260	4757
-2264	4754
-2267	4751
-2271	4748
-2276	4746
-2280	4744
-2284	4741
-2289	4739
-2294	4737
-2298	4734
-2300	4728
-2303	4724
-2307	4722
-2313	4721
-2318	4720
-2320	4714
-2317	4702
-2312	4687
-2314	4681
-2319	4680
-2324	4678
-2325	4672
-2328	4667
-2331	4663
-2335	4661
-2340	4659
-2345	4657
-2347	4652
-2349	4647
-2351	4642
-2354	4636
-2357	4633
-2361	4630
-2364	4626
-2369	4624
-2373	4622
-2377	4619
-2380	4615
-2384	4611
-2386	4607
-2391	4605
-2396	4604
-2400	4601
-2403	4597
-2407	4594
-2410	4590
-2414	4586
-2417	4582
-2421	4580
-2426	4579
-2431	4577
-2435	4574
-2439	4571
-2440	4565
-2443	4561
-2448	4558
-2451	4555
-2453	4550
-2455	4545
-2459	4542
-2463	4539
-2467	4537
-2472	4535
-2476	4531
-2480	4529
-2484	4526
-2488	4523
-2492	4520
-2493	4515
-2497	4511
-2500	4507
-2504	4504
-2506	4500
-2510	4496
-2512	4492
-2515	4488
-2520	4485
-2523	4481
-2526	4477
-2529	4474
-2534	4472
-2539	4470
-2542	4466
-2544	4461
-2546	4456
-2548	4452
-2551	4447
-2554	4444
-2557	4439
-2559	4434
-2562	4430
-2565	4426
-2568	4423
-2571	4419
-2575	4416
-2578	4412
-2583	4410
-2583	4404
-2585	4398
-2588	4395
-2592	4392
-2594	4387
-2597	4383
-2601	4380
-2606	4378
-2610	4375
-2611	4369
-2613	4364
-2616	4361
-2621	4359
-2627	4358
-2629	4353
-2631	4348
-2634	4344
-2636	4340
-2640	4337
-2645	4335
-2648	4331
-2649	4326
-2651	4321
-2655	4317
-2659	4315
-2663	4312
-2666	4308
-2667	4302
-2670	4298
-2673	4294
-2675	4289
-2678	4286
-2682	4283
-2684	4278
-2687	4274
-2690	4270
-2694	4267
-2697	4264
-2700	4261
-2703	4256
-2706	4252
-2709	4249
-2713	4246
-2716	4243
-2718	4238
-2721	4234
-2726	4231
-2730	4229
-2733	4225
-2734	4220
-2737	4215
-2741	4213
-2743	4208
-2747	4205
-2751	4202
-2755	4199
-2757	4194
-2758	4189
-2760	4185
-2764	4181
-2764	4175
-2769	4173
-2773	4170
-2776	4166
-2779	4163
-2782	4159
-2786	4156
-2787	4151
-2790	4147
-2794	4144
-2798	4141
-2799	4136
-2802	4132
-2806	4129
-2807	4123
-2809	4119
-2812	4115
-2816	4112
-2820	4109
-2823	4106
-2827	4102
-2827	4097
-2829	4092
-2833	4089
-2836	4085
-2839	4081
-2842	4077
-2843	4072
-2845	4067
-2847	4063
-2850	4059
-2856	4058
-2860	4055
-2862	4050
-2865	4047
-2870	4044
-2873	4041
-2877	4038
-2881	4035
-2884	4032
-2888	4029
-2891	4025
-2893	4021
-2896	4016
-2900	4014
-2903	4010
-2906	4006
-2908	4001
-2911	3998
-2913	3993
-2915	3988
-2918	3985
-2921	3981
-2927	3980
-2931	3976
-2935	3974
-2937	3970
-2939	3965
-2942	3961
-2947	3959
-2948	3953
-2950	3949
-2954	3946
-2958	3943
-2960	3939
-2964	3936
-2968	3932
-2971	3929
-2974	3925
-2975	3920
-2975	3914
-2971	3905
-2971	3899
-2968	3891
-2967	3884
-2956	3869
-2953	3861
-2953	3855
-2953	3849
-2954	3844
-2955	3840
-2957	3835
-2957	3829
-2951	3819
-2954	3815
-2954	3809
-2955	3804
-2955	3798
-2954	3792
-2956	3787
-2956	3782
-2955	3775
-2954	3769
-2955	3764
-2954	3757
-2952	3750
-2952	3744
-2954	3740
-2955	3735
-2956	3730
-2957	3725
-2956	3719
-2957	3714
-2958	3709
-2961	3705
-2960	3699
-2962	3695
-2963	3690
-2962	3683
-2962	3678
-2964	3674
-2963	3668
-2960	3660
-2961	3655
-2966	3653
-2963	3646
-2965	3641
-2967	3637
-2968	3633
-2970	3628
-2966	3620
-2966	3615
-2967	3610
-2968	3605
-2969	3600
-2968	3594
-2969	3589
-2969	3584
-2970	3579
-2970	3574
-2968	3567
-2968	3562
-2970	3557
-2970	3552
-2971	3547
-2969	3541
-2969	3535
-2970	3531
-2969	3525
-2969	3520
-2968	3514
-2966	3507
-2966	3502
-2964	3495
-2962	3488
-2963	3484
-2966	3481
-2967	3476
-2968	3471
-2967	3466
-2967	3460
-2966	3455
-2966	3449
-2966	3444
-2967	3439
-2968	3435
-2969	3430
-2968	3424
-2964	3417
-2963	3411
-2964	3406
-2965	3402
-2966	3398
-2966	3393
-2965	3387
-2963	3380
-2965	3377
-2965	3372
-2966	3367
-2965	3362
-2966	3357
-2964	3351
-2962	3344
-2962	3340
-2963	3335
-2963	3330
-2962	3325
-2964	3320
-2964	3316
-2964	3311
-2962	3305
-2964	3301
-2962	3295
-2961	3289
-2961	3284
-2962	3280
-2963	3276
-2964	3271
-2964	3266
-2964	3261
-2963	3256
-2963	3251
-2962	3245
-2959	3239
-2960	3234
-2955	3227
-2953	3221
-2953	3217
-2953	3211
-2953	3207
-2952	3201
-2951	3196
-2951	3191
-2950	3186
-2949	3180
-2948	3175
-2948	3171
-2948	3166
-2948	3161
-2948	3156
-2944	3150
-2943	3144
-2943	3140
-2943	3135
-2941	3129
-2941	3124
-2941	3120
-2940	3115
-2940	3110
-2940	3105
-2941	3101
-2941	3096
-2939	3091
-2938	3085
-2936	3080
-2933	3074
-2931	3068
-2930	3063
-2929	3058
-2928	3053
-2926	3048
-2926	3043
-2927	3039
-2928	3035
-2927	3030
-2926	3025
-2925	3020
-2924	3015
-2923	3010
-2922	3005
-2922	3000
-2924	2996
-2925	2992
-2926	2988
-2922	2982
-2922	2978
-2921	2973
-2920	2968
-2920	2963
-2918	2958
-2922	2955
-2922	2950
-2921	2946
-2918	2940
-2915	2934
-2913	2929
-2911	2924
-2908	2918
-2906	2913
-2905	2908
-2905	2903
-2906	2899
-2905	2895
-2903	2889
-2902	2884
-2903	2880
-2900	2875
-2897	2869
-2898	2865
-2897	2860
-2891	2854
-2891	2849
-2891	2845
-2891	2841
-2890	2836
-2886	2830
-2881	2824
-2879	2819
-2883	2816
-2882	2811
-2881	2807
-2879	2802
-2876	2796
-2871	2790
-2867	2784
-2863	2778
-2866	2775
-2867	2771
-2866	2767
-2863	2762
-2861	2757
-2862	2753
-2863	2749
-2861	2744
-2861	2740
-2859	2735
-2860	2731
-2861	2727
-2861	2723
-2856	2717
-2844	2708
-2845	2705
-2847	2702
-2850	2698
-2851	2695
-2849	2690
-2846	2685
-2844	2680
-2842	2675
-2840	2670
-2841	2666
-2839	2662
-2837	2657
-2835	2652
-2833	2647
-2834	2644
-2827	2637
-2825	2633
-2827	2629
-2825	2624
-2823	2620
-2825	2616
-2823	2612
-2823	2608
-2819	2602
-2820	2599
-2819	2594
-2815	2589
-2815	2585
-2814	2581
-2812	2576
-2810	2571
-2805	2566
-2807	2563
-2810	2560
-2804	2554
-2804	2550
-2801	2545
-2801	2541
-2801	2537
-2798	2532
-2797	2528
-2797	2524
-2794	2519
-2793	2515
-2793	2511
-2790	2506
-2788	2502
-2788	2498
-2788	2494
-2790	2491
-2791	2487
-2786	2482
-2782	2477
-2782	2473
-2782	2469
-2780	2465
-2778	2461
-2779	2457
-2776	2452
-2771	2447
-2770	2443
-2770	2439
-2769	2435
-2769	2431
-2769	2427
-2767	2423
-2769	2420
-2770	2416
-2770	2413
-2770	2409
-2769	2405
-2767	2400
-2765	2396
-2765	2392
-2764	2388
-2756	2382
-2755	2378
-2752	2374
-2751	2370
-2753	2367
-2754	2363
-2751	2359
-2753	2355
-2752	2351
-2745	2346
-2746	2342
-2747	2339
-2738	2333
-2738	2329
-2740	2326
-2744	2324
-2744	2320
-2742	2316
-2739	2311
-2737	2307
-2738	2304
-2738	2300
-2737	2296
-2736	2292
-2735	2288
-2734	2284
-2730	2280
-2726	2275
-2732	2273
-2730	2269
-2727	2265
-2726	2261
-2723	2257
-2723	2253
-2725	2250
-2725	2246
-2723	2242
-2721	2238
-2720	2234
-2722	2231
-2720	2227
-2719	2223
-2719	2219
-2721	2216
-2721	2213
-2717	2208
-2717	2205
-2716	2201
-2716	2197
-2713	2193
-2711	2189
-2710	2185
-2708	2181
-2708	2178
-2708	2174
-2710	2171
-2709	2167
-2708	2163
-2705	2159
-2703	2156
-2702	2152
-2702	2148
-2702	2145
-2702	2141
-2701	2137
-2698	2133
-2698	2130
-2698	2126
-2698	2123
-2698	2119
-2696	2115
-2694	2111
-2692	2108
-2691	2104
-2691	2100
-2688	2096
-2687	2093
-2686	2089
-2685	2085
-2684	2082
-2682	2078
-2680	2074
-2680	2071
-2680	2067
-2679	2063
-2677	2060
-2677	2056
-2675	2053
-2675	2049
-2674	2045
-2668	2041
-2667	2038
-2665	2034
-2663	2030
-2661	2026
-2659	2023
-2659	2019
-2660	2016
-2659	2012
-2662	2009
-2660	2006
-2658	2002
-2656	1998
-2656	1995
-2654	1991
-2651	1987
-2653	1984
-2654	1981
-2652	1977
-2651	1974
-2650	1970
-2650	1967
-2649	1963
-2648	1960
-2647	1956
-2645	1952
-2645	1949
-2643	1945
-2643	1942
-2644	1939
-2641	1935
-2639	1931
-2638	1928
-2638	1925
-2637	1921
-2637	1918
-2636	1914
-2634	1911
-2633	1907
-2631	1904
-2629	1900
-2627	1897
-2626	1893
-2625	1890
-2625	1886
-2625	1883
-2626	1880
-2624	1876
-2621	1873
-2622	1869
-2622	1866
-2619	1862
-2617	1859
-2615	1855
-2613	1852
-2614	1849
-2613	1845
-2613	1842
-2613	1839
-2615	1835
-2611	1832
-2609	1828
-2608	1825
-2607	1822
-2607	1818
-2609	1815
-2608	1812
-2603	1808
-2599	1804
-2599	1801
-2599	1798
-2599	1794
-2597	1791
-2595	1788
-2594	1784
-2592	1781
-2590	1778
-2589	1774
-2588	1771
-2589	1768
-2587	1764
-2587	1761
-2588	1758
-2587	1754
-2584	1751
-2582	1748
-2582	1744
-2583	1741
-2583	1738
-2580	1734
-2576	1731
-2575	1728
-2573	1725
-2571	1721
-2571	1718
-2571	1715
-2569	1711
-2565	1708
-2563	1705
-2564	1702
-2564	1698
-2564	1695
-2564	1692
-2563	1688
-2562	1685
-2562	1682
-2560	1679
-2559	1675
-2558	1672
-2556	1669
-2555	1666
-2555	1662
-2556	1659
-2554	1656
-2555	1653
-2552	1649
-2549	1646
-2546	1643
-2546	1640
-2546	1637
-2544	1633
-2544	1630
-2544	1627
-2546	1624
-2545	1620
-2543	1617
-2542	1614
-2542	1611
-2540	1608
-2539	1604
-2538	1601
-2538	1598
-2535	1595
-2534	1592
-2532	1588
-2531	1585
-2531	1582
-2527	1579
-2525	1576
-2525	1573
-2526	1569
-2526	1566
-2528	1563
-2528	1560
-2526	1556
-2526	1553
-2524	1550
-2522	1547
-2522	1544
-2521	1541
-2520	1537
-2520	1534
-2518	1531
-2517	1528
-2516	1525
-2512	1522
-2509	1519
-2509	1516
-2511	1512
-2510	1509
-2509	1506
-2508	1503
-2508	1500
-2507	1496
-2506	1493
-2507	1490
-2502	1487
-2503	1484
-2502	1481
-2502	1478
-2501	1475
-2498	1472
-2498	1468
-2497	1465
-2494	1462
-2491	1459
-2490	1456
-2491	1453
-2491	1450
-2490	1447
-2489	1444
-2487	1441
-2486	1438
-2485	1434
-2481	1432
-2478	1429
-2477	1426
-2475	1423
-2474	1420
-2473	1417
-2472	1413
-2471	1410
-2469	1408
-2467	1405
-2466	1402
-2465	1398
-2463	1395
-2462	1392
-2462	1389
-2462	1386
-2461	1383
-2460	1380
-2458	1377
-2456	1374
-2455	1371
-2453	1368
-2450	1365
-2449	1362
-2450	1359
-2451	1356
-2450	1353
-2452	1349
-2454	1346
-2452	1343
-2450	1340
-2448	1337
-2448	1334
-2446	1331
-2446	1328
-2447	1324
-2445	1322
-2444	1319
-2442	1316
-2443	1312
-2442	1309
-2440	1307
-2438	1304
-2437	1301
-2436	1298
-2436	1294
-2434	1292
-2433	1289
-2432	1286
-2433	1282
-2433	1279
-2432	1276
-2430	1273
-2429	1270
-2429	1267
-2428	1264
-2427	1261
-2426	1258
-2426	1255
-2424	1252
-2423	1249
-2424	1246
-2423	1242
-2422	1240
-2421	1236
-2420	1234
-2418	1231
-2416	1228
-2415	1225
-2413	1222
-2415	1219
-2416	1215
-2416	1212
-2415	1209
-2413	1206
-2412	1203
-2413	1200
-2412	1197
-2412	1194
-2410	1191
-2409	1188
-2408	1185
-2407	1182
-2406	1179
-2406	1176
-2404	1173
-2403	1170
-2403	1167
-2402	1164
-2400	1161
-2400	1158
-2399	1155
-2397	1152
-2397	1149
-2395	1146
-2395	1143
-2395	1140
-2394	1137
-2392	1134
-2391	1131
-2391	1128
-2392	1124
-2392	1121
-2392	1118
-2392	1114
-2392	1111
-2391	1108
-2390	1105
-2390	1102
-2392	1099
-2390	1096
-2386	1093
-2381	1091
-2379	1089
-2378	1086
-2378	1083
-2376	1080
-2376	1077
-2377	1073
-2376	1070
-2374	1067
-2373	1064
-2373	1061
-2372	1058
-2370	1056
-2370	1052
-2369	1049
-2368	1046
-2367	1044
-2367	1040
-2368	1037
-2365	1034
-2364	1031
-2364	1028
-2362	1025
-2361	1023
-2360	1020
-2359	1017
-2360	1013
-2360	1010
-2360	1007
-2359	1004
-2358	1001
-2358	997
-2357	994
-2356	992
-2354	989
-2354	986
-2353	983
-2353	979
-2352	976
-2351	973
-2348	971
-2347	968
-2346	965
-2345	962
-2345	959
-2344	956
-2343	953
-2343	949
-2342	946
-2341	943
-2340	941
-2340	937
-2338	935
-2337	932
-2335	929
-2335	926
-2335	923
-2334	919
-2333	916
-2332	913
-2330	911
-2329	908
-2329	905
-2327	902
-2326	899
-2324	896
-2322	894
-2322	890
-2324	887
-2322	884
-2320	881
-2318	879
-2319	875
-2318	872
-2318	869
-2317	866
-2316	863
-2315	860
-2313	857
-2312	854
-2311	851
-2311	848
-2310	845
-2308	842
-2307	839
-2307	836
-2305	834
-2304	831
-2304	827
-2304	824
-2303	821
-2302	818
-2302	815
-2300	812
-2297	810
-2297	806
-2296	803
-2294	801
-2292	798
-2291	795
-2290	792
-2290	789
-2290	785
-2289	783
-2287	780
-2286	777
-2285	774
-2286	770
-2284	768
-2283	764
-2284	761
-2283	758
-2282	755
-2282	751
-2281	748
-2281	745
-2279	743
-2277	740
-2277	736
-2277	733
-2276	730
-2274	727
-2272	725
-2270	722
-2270	719
-2269	716
-2270	712
-2268	709
-2266	707
-2266	703
-2265	701
-2264	697
-2264	694
-2264	690
-2262	688
-2261	685
-2260	682
-2260	678
-2259	676
-2256	673
-2255	670
-2253	668
-2252	665
-2251	662
-2251	658
-2250	655
-2251	651
-2249	649
-2248	646
-2247	643
-2244	640
-2243	638
-2243	634
-2243	631
-2241	628
-2240	625
-2240	622
-2238	619
-2238	615
-2237	612
-2237	609
-2235	606
-2234	603
-2233	600
-2232	597
-2230	595
-2229	591
-2229	588
-2228	585
-2227	582
-2225	579
-2225	576
-2223	573
-2223	570
-2224	566
-2223	562
-2222	560
-2220	557
-2219	554
-2217	551
-2215	549
-2213	546
-2213	543
-2214	538
-2213	535
-2212	532
-2209	530
-2209	527
-2208	524
-2207	520
-2205	518
-2203	515
-2204	511
-2202	509
-2202	505
-2200	503
-2198	500
-2199	495
-2198	493
-2197	489
-2197	486
-2196	483
-2193	481
-2192	478
-2193	474
-2191	471
-2190	468
-2190	464
-2186	462
-2184	460
-2183	457
-2182	454
-2181	451
-2182	447
-2182	443
-2179	441
-2177	438
-2175	436
-2175	432
-2176	427
-2176	424
-2176	420
-2174	418
-2171	416
-2166	415
-2167	410
-2169	406
-2168	402
-2166	400
-2166	396
-2165	393
-2166	389
-2164	386
-2162	383
-2161	380
-2160	377
-2159	374
-2158	371
-2157	367
-2155	365
-2155	361
-2153	358
-2152	355
-2152	352
-2149	349
-2148	346
-2147	343
-2146	340
-2146	336
-2144	333
-2144	330
-2142	327
-2143	323
-2140	321
-2139	317
-2139	314
-2139	310
-2137	307
-2134	305
-2134	301
-2133	298
-2131	295
-2129	293
-2128	290
-2127	286
-2126	283
-2125	280
-2123	277
-2123	273
-2122	270
-2122	266
-2120	263
-2118	261
-2117	257
-2117	253
-2114	251
-2111	250
-2111	246
-2111	241
-2109	239
-2107	237
-2106	233
-2108	228
-2106	225
-2105	222
-2103	219
-2102	215
-2102	212
-2100	209
-2098	206
-2096	204
-2094	201
-2094	197
-2093	194
-2090	192
-2088	189
-2086	187
-2087	182
-2084	180
-2082	177
-2082	173
-2082	169
-2082	165
-2080	163
-2078	159
-2075	158
-2070	158
-2066	156
-2065	153
-2065	149
-2064	146
-2062	143
-2061	140
-2059	137
-2058	133
-2056	131
-2054	128
-2055	123
-2055	119
-2053	116
-2053	112
-2053	108
-2050	106
-2048	103
-2047	100
-2047	96
-2044	94
-2042	91
-2041	88
-2040	84
-2039	81
-2038	77
-2036	75
-2034	72
-2032	70
-2030	66
-2030	63
-2029	59
-2028	56
-2025	54
-2026	48
-2024	45
-2024	41
-2021	40
-2019	36
-2019	33
-2017	30
-2015	27
-2015	22
-2014	19
-2013	15
-2012	12
-2010	9
-2007	8
-2007	3
-2006	-1
-2004	-3
-2002	-6
-2002	-11
-1999	-13
-1998	-16
-1999	-21
-1996	-24
-1993	-26
-1992	-29
-1990	-32
-1988	-34
-1986	-37
-1988	-44
-1986	-46
-1983	-48
-1982	-52
-1980	-54
-1977	-57
-1978	-62
-1977	-66
-1976	-70
-1976	-73
-1974	-77
-1973	-80
-1969	-82
-1967	-84
-1966	-87
-1965	-91
-1963	-94
-1962	-98
-1961	-102
-1958	-104
-1956	-106
-1955	-110
-1956	-115
-1955	-119
-1953	-122
-1951	-125
-1950	-129
-1947	-131
-1946	-134
-1945	-139
-1944	-143
-1943	-146
-1935	-143
-1932	-145
-1930	-148
-1935	-157
-1926	-154
-1921	-153
-1917	-154
-1914	-156
-1911	-158
-1908	-160
-1906	-162
-1902	-163
-1898	-164
-1896	-167
-1895	-171
-1883	-163
-1881	-166
-1881	-171
-1875	-170
-1863	-162
-1848	-151
-1834	-142
-1826	-139
-1821	-137
-1815	-137
-1809	-135
-1803	-133
-1799	-134
-1794	-134
-1790	-134
-1785	-133
-1780	-133
-1777	-135
-1776	-138
-1777	-144
-1781	-154
-1779	-156
-1775	-157
-1767	-152
-1763	-153
-1761	-155
-1761	-160
-1761	-165
-1756	-165
-1748	-160
-1737	-154
-1731	-151
-1729	-154
-1727	-157
-1723	-158
-1720	-159
-1717	-161
-1712	-160
-1704	-156
-1694	-149
-1687	-146
-1682	-145
-1678	-145
-1675	-147
-1673	-150
-1672	-153
-1670	-156
-1668	-159
-1666	-161
-1665	-164
-1664	-168
-1661	-170
-1655	-168
-1645	-161
-1642	-162
-1640	-165
-1639	-168
-1638	-173
-1637	-176
-1636	-181
-1634	-183
-1597	-143
-1590	-140
-1585	-139
-1581	-139
-1577	-139
-1573	-138
-1569	-139
-1567	-141
-1564	-143
-1562	-145
-1559	-146
-1556	-147
-1554	-149
-1551	-151
-1548	-152
-1542	-149
-1537	-148
-1533	-149
-1532	-152
-1531	-156
-1529	-158
-1527	-160
-1525	-163
-1525	-167
-1517	-163
-1510	-159
-1504	-155
-1499	-155
-1496	-156
-1495	-159
-1493	-162
-1491	-164
-1489	-166
-1486	-167
-1480	-165
-1476	-164
-1472	-165
-1467	-163
-1461	-160
-1457	-160
-1455	-161
-1453	-165
-1452	-168
-1450	-171
-1448	-173
-1444	-173
-1440	-171
-1436	-172
-1433	-173
-1430	-174
-1426	-173
-1421	-171
-1417	-171
-1413	-171
-1410	-172
-1405	-170
-1401	-169
-1396	-168
-1392	-168
-1389	-168
-1385	-168
-1380	-166
-1376	-165
-1372	-165
-1367	-163
-1363	-162
-1359	-162
-1354	-160
-1352	-162
-1351	-166
-1352	-172
-1351	-176
-1347	-176
-1345	-177
-1344	-182
-1342	-184
-1335	-178
-1332	-180
-1330	-182
-1327	-182
-1324	-183
-1316	-177
-1312	-176
-1308	-176
-1306	-178
-1305	-182
-1295	-171
-1287	-165
-1283	-164
-1280	-165
-1278	-167
-1275	-168
-1271	-167
-1268	-167
-1267	-171
-1262	-170
-1258	-169
-1255	-169
-1252	-170
-1250	-172
-1249	-175
-1248	-179
-1245	-180
-1244	-184
-1242	-185
-1238	-185
-1231	-180
-1228	-180
-1225	-181
-1222	-182
-1215	-176
-1212	-176
-1210	-178
-1207	-179
-1205	-180
-1204	-185
-1200	-184
-1196	-183
-1193	-183
-1190	-183
-1187	-185
-1181	-180
-1175	-175
-1168	-169
-1163	-166
-1160	-166
-1156	-166
-1153	-166
-1150	-167
-1149	-169
-1146	-171
-1143	-171
-1141	-173
-1140	-176
-1138	-179
-1135	-179
-1131	-178
-1129	-179
-1126	-180
-1124	-182
-1120	-181
-1116	-181
-1113	-180
-1109	-180
-1107	-180
-1104	-182
-1100	-180
-1096	-179
-1095	-182
-1091	-182
-1089	-183
-1086	-184
-1083	-184
-1080	-184
-1075	-181
-1072	-180
-1069	-181
-1066	-181
-1062	-180
-1060	-183
-1059	-187
-1057	-188
-1053	-187
-1050	-186
-1047	-186
-1043	-186
-1040	-186
-1036	-184
-1033	-184
-1030	-184
-1027	-185
-1024	-184
-1021	-184
-1019	-186
-1015	-186
-1011	-184
-1008	-184
-1005	-184
-1002	-184
-999	-185
-997	-185
-994	-185
-990	-184
-988	-186
-984	-184
-980	-183
-978	-184
-976	-186
-973	-187
-971	-188
-967	-187
-963	-186
-958	-180
-953	-176
-948	-172
-943	-167
-938	-162
-934	-162
-930	-159
-926	-157
-924	-159
-922	-161
-918	-157
-911	-148
-906	-144
-902	-142
-899	-143
-897	-144
-895	-146
-892	-147
-892	-152
-892	-158
-890	-161
-887	-161
-884	-159
-878	-154
-873	-149
-870	-148
-867	-148
-864	-147
-860	-146
-858	-146
-855	-147
-780	-2
-777	-1
-774	0
-771	0
-769	-1
-767	-1
-764	-1
-761	1
-758	2
-756	1
-753	1
-751	0
-748	0
-746	-1
-743	-0
-741	-0
-738	-0
-735	1
-735	-4
-735	-12
-736	-20
-733	-19
-728	-13
-723	-7
-720	-7
-721	-15
-720	-19
-720	-25
-748	-127
-746	-131
-745	-136
-744	-140
-743	-143
-740	-143
-738	-144
-735	-145
-733	-147
-731	-148
-728	-147
-726	-149
-723	-150
-721	-151
-719	-152
-716	-153
-714	-155
-711	-154
-709	-155
-707	-156
-704	-157
-702	-158
-699	-159
-697	-158
-694	-158
-691	-158
-688	-158
-686	-159
-684	-161
-682	-163
-679	-161
-675	-159
-673	-161
-672	-165
-672	-172
-670	-176
-669	-179
-666	-181
-664	-181
-661	-182
-659	-182
-656	-182
-653	-181
-650	-181
-648	-182
-645	-181
-643	-182
-640	-183
-637	-181
-634	-180
-631	-180
-629	-181
-627	-183
-623	-181
-620	-180
-618	-180
-616	-181
-613	-181
-610	-179
-607	-177
-603	-175
-601	-175
-598	-176
-585	-139
-582	-138
-579	-136
-576	-135
-574	-137
-572	-136
-568	-134
-566	-136
-565	-139
-564	-145
-563	-151
-562	-158
-560	-159
-558	-161
-557	-168
-556	-176
-555	-179
-552	-180
-549	-179
-547	-179
-545	-181
-543	-186
-541	-189
-538	-187
-536	-187
-533	-187
-531	-187
-528	-187
-525	-185
-522	-184
-520	-185
-517	-184
-514	-185
-512	-186
-509	-185
-507	-185
-504	-184
-501	-185
-499	-186
-497	-186
-494	-188
-491	-186
-489	-186
-486	-185
-483	-185
-481	-185
-478	-183
-475	-183
-473	-183
-470	-184
-468	-184
-466	-186
-463	-185
-461	-186
-458	-185
-456	-187
-453	-187
-451	-187
-448	-185
-445	-185
-443	-185
-440	-187
-438	-187
-435	-187
-432	-185
-430	-185
-427	-185
-425	-185
-422	-185
-420	-187
-418	-188
-415	-188
-412	-186
-409	-185
-407	-185
-405	-185
-402	-186
-399	-185
-397	-186
-395	-186
-392	-187
-389	-185
-387	-185
-384	-185
-382	-185
-379	-186
-377	-185
-374	-186
-372	-185
-369	-185
-366	-184
-364	-183
-361	-184
-359	-185
-357	-185
-354	-186
-352	-186
-349	-186
-347	-188
-344	-187
-342	-186
-339	-185
-336	-184
-334	-184
-331	-184
-329	-185
-327	-185
-324	-184
-322	-184
-319	-185
-316	-184
-314	-184
-311	-184
-309	-183
-306	-183
-304	-184
-302	-184
-299	-184
-297	-185
-294	-185
-292	-185
-290	-187
-287	-189
-284	-187
-282	-185
-279	-185
-277	-186
-275	-187
-272	-187
-270	-188
-267	-189
-265	-187
-262	-184
-259	-183
-257	-183
-254	-183
-252	-184
-250	-185
-247	-184
-245	-184
-242	-185
-240	-186
-237	-186
-235	-185
-232	-185
-230	-185
-227	-185
-225	-185
-223	-186
-220	-186
-218	-185
-215	-186
-213	-185
-210	-184
-208	-184
-205	-184
-203	-186
-200	-185
-198	-184
-195	-184
-193	-184
-190	-183
-188	-184
-185	-184
-183	-185
-181	-186
-178	-186
-176	-185
-173	-183
-171	-184
-168	-183
-166	-183
-163	-183
-161	-183
-158	-183
-156	-183
-153	-183
-151	-184
-149	-184
-146	-184
-144	-185
-141	-185
-139	-185
-136	-184
-134	-184
-131	-184
-129	-184
-126	-183
-124	-184
-122	-184
-119	-184
-117	-184
-114	-182
-112	-181
-109	-181
-107	-183
-104	-183
-102	-182
-100	-182
-97	-182
-95	-183
-92	-183
-90	-183
-87	-183
-85	-182
-82	-182
-80	-182
-78	-182
-73	-183
-70	-183
-68	-183
-65	-184
-63	-184
-60	-185
-58	-185
-55	-183
-53	-182
-51	-182
-48	-183
-46	-183
-43	-183
-41	-184
-38	-185
-36	-186
-33	-184
-31	-183
-29	-183
-26	-184
-24	-184
-21	-184
-19	-185
-16	-185
-14	-184
-11	-183
-9	-183
-6	-185
-4	-185
-2	-183
1	-182
3	-183
6	-185
8	-185
11	-186
13	-186
16	-186
18	-185
21	-184
23	-184
25	-184
28	-184
30	-184
33	-185
35	-184
38	-183
40	-182
43	-184
45	-184
47	-183
50	-183
52	-183
55	-184
57	-184
60	-184
62	-185
65	-185
67	-185
70	-184
72	-183
74	-182
77	-183
79	-182
82	-184
84	-184
87	-183
89	-183
92	-183
94	-183
97	-183
99	-184
102	-185
104	-185
107	-184
109	-184
112	-185
114	-184
117	-187
119	-187
122	-187
124	-185
127	-185
129	-185
131	-185
134	-184
136	-185
139	-185
141	-186
144	-186
146	-185
149	-185
151	-185
154	-186
157	-187
159	-186
161	-184
164	-184
166	-184
169	-184
171	-185
174	-184
176	-183
178	-183
181	-184
184	-184
186	-185
189	-186
191	-184
194	-185
196	-185
199	-184
201	-185
204	-185
206	-185
209	-185
211	-185
214	-186
216	-185
218	-183
221	-184
224	-186
227	-187
229	-186
231	-184
234	-184
236	-184
239	-184
241	-185
244	-184
247	-186
249	-187
252	-187
254	-187
257	-186
259	-186
262	-185
264	-184
266	-185
269	-187
272	-188
275	-187
277	-186
279	-186
282	-186
284	-185
287	-186
290	-187
292	-186
294	-184
297	-183
299	-184
302	-184
305	-184
307	-185
309	-183
312	-183
314	-183
317	-184
320	-184
323	-186
325	-186
328	-187
330	-186
333	-185
335	-183
338	-184
340	-184
343	-185
346	-185
348	-186
351	-188
354	-187
356	-187
358	-185
361	-186
363	-184
366	-183
368	-182
371	-182
374	-184
376	-183
379	-183
381	-183
383	-181
386	-181
389	-184
392	-183
394	-182
397	-183
400	-186
403	-189
406	-187
408	-186
410	-185
413	-184
415	-185
418	-184
421	-184
423	-184
426	-184
429	-185
431	-186
434	-185
437	-185
440	-187
442	-186
444	-185
447	-184
449	-184
452	-184
455	-183
458	-185
460	-185
463	-184
465	-185
468	-186
471	-186
474	-186
477	-187
479	-186
481	-185
484	-185
487	-185
489	-184
492	-183
495	-184
497	-185
500	-185
504	-188
506	-187
509	-187
512	-188
514	-188
517	-186
519	-186
522	-185
524	-184
527	-184
530	-185
532	-185
535	-185
538	-184
540	-185
543	-186
548	-192
551	-193
553	-191
550	-173
553	-173
556	-173
558	-172
560	-171
563	-170
565	-170
568	-169
570	-167
573	-169
577	-171
579	-171
582	-171
587	-176
591	-181
594	-180
595	-176
597	-175
600	-175
602	-173
602	-165
601	-154
602	-151
604	-148
606	-147
609	-147
612	-147
625	-175
628	-177
632	-178
634	-178
637	-177
645	-191
635	-158
637	-155
639	-155
642	-154
644	-154
648	-155
651	-156
673	-204
676	-207
672	-187
674	-185
675	-183
677	-179
678	-175
680	-174
683	-173
684	-168
684	-162
685	-157
688	-157
690	-156
693	-155
695	-154
698	-155
701	-155
704	-156
706	-154
709	-153
711	-153
714	-152
716	-151
719	-151
722	-150
724	-149
727	-148
729	-147
731	-146
734	-145
736	-143
738	-142
741	-142
743	-140
745	-138
745	-132
747	-130
749	-129
750	-125
718	-12
720	-10
721	-7
723	-4
724	-1
726	-0
728	1
731	1
734	1
737	0
739	1
742	1
744	3
768	-2
770	-1
773	-0
775	0
777	1
780	1
885	-176
889	-179
892	-178
895	-177
897	-177
900	-176
903	-176
907	-177
911	-179
914	-179
917	-178
920	-177
922	-176
925	-176
927	-174
930	-173
935	-176
938	-178
943	-180
960	-205
962	-203
964	-201
958	-185
962	-186
966	-188
969	-187
972	-186
974	-184
977	-185
981	-186
985	-186
987	-185
990	-184
992	-182
995	-182
998	-181
1001	-181
1005	-182
1008	-182
1011	-182
1014	-181
1017	-180
1019	-177
1022	-178
1027	-180
1031	-182
1034	-182
1038	-182
1041	-182
1044	-181
1050	-186
1053	-185
1053	-179
1055	-178
1059	-178
1062	-178
1066	-179
1071	-181
1074	-181
1077	-181
1080	-180
1083	-179
1088	-182
1092	-182
1094	-181
1095	-177
1096	-174
1100	-174
1104	-175
1108	-176
1111	-176
1115	-176
1119	-177
1123	-178
1126	-177
1128	-176
1131	-174
1133	-173
1136	-172
1139	-171
1143	-171
1148	-174
1153	-176
1158	-178
1161	-177
1164	-177
1167	-177
1171	-177
1174	-177
1178	-177
1181	-177
1184	-176
1191	-180
1194	-180
1197	-179
1200	-178
1203	-178
1206	-176
1208	-174
1211	-173
1214	-172
1217	-172
1220	-170
1220	-166
1223	-164
1244	-190
1247	-189
1252	-190
1256	-190
1257	-188
1262	-188
1264	-186
1267	-186
1271	-186
1276	-188
1280	-188
1284	-189
1290	-192
1299	-198
1298	-192
1298	-187
1296	-179
1301	-181
1315	-194
1323	-201
1326	-200
1330	-200
1335	-201
1335	-196
1336	-192
1339	-191
1340	-188
1338	-179
1337	-173
1339	-171
1345	-173
1353	-179
1366	-191
1370	-191
1373	-190
1374	-186
1375	-183
1377	-180
1379	-177
1382	-176
1386	-177
1390	-176
1393	-176
1399	-178
1406	-182
1414	-187
1417	-185
1424	-189
1435	-199
1439	-198
1435	-189
1432	-180
1433	-176
1436	-175
1439	-173
1441	-170
1442	-167
1444	-165
1447	-163
1452	-165
1460	-169
1465	-171
1477	-179
1480	-178
1483	-177
1485	-175
1481	-165
1484	-164
1488	-163
1493	-164
1500	-168
1508	-172
1517	-178
1526	-183
1529	-182
1531	-179
1534	-178
1539	-179
1543	-178
1546	-177
1549	-176
1551	-173
1554	-171
1556	-169
1560	-169
1564	-168
1568	-168
1575	-170
1579	-170
1582	-169
1585	-168
1588	-166
1594	-167
1597	-166
1619	-186
1628	-191
1626	-184
1627	-180
1631	-179
1633	-176
1637	-175
1641	-175
1643	-172
1647	-172
1652	-173
1659	-175
1665	-177
1665	-172
1668	-171
1671	-168
1674	-167
1677	-165
1681	-165
1689	-168
1694	-169
1695	-165
1697	-162
1702	-163
1706	-162
1712	-163
1717	-163
1723	-164
1731	-168
1732	-164
1733	-161
1739	-162
1747	-166
1745	-159
1746	-155
1749	-153
1753	-152
1756	-151
1769	-159
1774	-159
1805	-185
1794	-169
1790	-161
1797	-162
1802	-162
1806	-161
1807	-158
1810	-155
1814	-155
1821	-157
1824	-155
1828	-154
1830	-151
1833	-150
1850	-156
1854	-155
1854	-150
1861	-152
1870	-156
1875	-156
1882	-157
1884	-155
1887	-153
1891	-152
1895	-150
1899	-150
1904	-149
1906	-147
1907	-142
1908	-139
1914	-139
1920	-140
1926	-140
1935	-144
1939	-143
1941	-140
1943	-137
1949	-137
1960	-143
1972	-149
1975	-146
1978	-144
1980	-141
1980	-137
1980	-131
1990	-135
1995	-135
1999	-134
2002	-132
2004	-129
2007	-127
2018	-132
2022	-130
2026	-129
2031	-129
2037	-129
2042	-128
2046	-127
2051	-126
2058	-128
2065	-128
2066	-125
2068	-122
2073	-121
2076	-119
2078	-116
2082	-114
2090	-116
2100	-119
2106	-120
2108	-117
2111	-115
2114	-112
2135	-125
2139	-123
2142	-121
2145	-119
2151	-118
2154	-116
2157	-114
2161	-112
2163	-109
2167	-107
2170	-105
2173	-102
2178	-102
2183	-101
2187	-99
2191	-97
2197	-97
2206	-99
2213	-100
2222	-103
2222	-98
2221	-92
2223	-89
2227	-87
2234	-88
2236	-85
2238	-81
2240	-78
2242	-75
2247	-74
2257	-77
2298	-103
2303	-101
2306	-99
2313	-99
2317	-97
2323	-97
2327	-95
2333	-95
2345	-99
2342	-92
2344	-89
2347	-86
2350	-83
2352	-80
2355	-77
2358	-75
2362	-72
2365	-69
2367	-66
2371	-64
2376	-63
2382	-62
2387	-61
2390	-58
2391	-55
2393	-51
2393	-46
2392	-40
2393	-37
2392	-31
2392	-26
2392	-21
2390	-15
2394	-13
2395	-9
2387	1
2388	5
2390	8
2388	14
2386	20
2387	25
2387	29
2385	35
2386	39
2389	42
2392	44
2396	46
2400	48
2402	52
2403	56
2404	60
2406	63
2407	67
2407	72
2408	76
2409	80
2410	84
2410	88
2410	93
2410	97
2412	100
2415	104
2416	107
2417	111
2418	115
2420	118
2421	123
2422	126
2422	131
2423	135
2423	139
2425	143
2426	146
2428	150
2428	154
2431	157
2432	161
2428	167
2429	172
2431	175
2433	178
2435	182
2436	185
2438	189
2439	192
2441	196
2440	201
2441	204
2442	208
2443	212
2444	216
2445	220
2445	224
2446	228
2447	232
2448	236
2448	240
2449	244
2451	247
2452	251
2452	255
2454	258
2455	262
2454	267
2455	271
2456	275
2457	278
2455	284
2456	287
2458	291
2460	294
2460	298
2460	303
2461	306
2462	310
2464	314
2465	317
2466	321
2467	324
2469	328
2469	332
2470	336
2471	340
2471	344
2471	348
2473	351
2473	356
2474	359
2475	363
2477	366
2476	371
2476	375
2478	378
2479	382
2482	385
2483	388
2484	392
2483	397
2483	401
2483	405
2485	408
2487	412
2488	415
2489	419
2492	422
2493	425
2493	429
2494	433
2496	436
2499	439
2501	442
2505	444
2508	447
2509	451
2513	453
2516	456
2519	459
2517	463
2517	468
2518	471
2519	475
2521	478
2523	482
2523	485
2522	490
2524	493
2526	496
2526	501
2525	505
2524	509
2527	512
2528	516
2527	520
2531	523
2533	526
2535	529
2534	534
2533	538
2534	542
2538	544
2538	548
2539	552
2540	556
2541	559
2541	563
2542	567
2544	570
2541	575
2541	579
2541	583
2543	587
2544	590
2545	594
2546	597
2547	601
2544	606
2548	609
2549	612
2552	615
2553	619
2553	622
2554	626
2554	630
2557	633
2558	637
2559	640
2560	644
2558	648
2559	652
2562	655
2564	658
2566	661
2566	665
2566	669
2569	672
2569	676
2570	680
2571	683
2570	687
2571	691
2572	695
2574	698
2575	701
2577	705
2577	708
2577	712
2578	716
2579	719
2580	723
2581	727
2582	730
2583	734
2584	737
2585	741
2586	744
2587	748
2587	752
2588	756
2587	760
2585	764
2588	767
2592	770
2594	773
2594	777
2594	781
2595	784
2596	788
2598	791
2599	795
2599	798
2599	802
2601	806
2602	809
2603	813
2603	816
2603	820
2604	824
2605	827
2606	831
2606	835
2607	838
2607	842
2609	845
2611	849
2610	853
2610	857
2611	860
2613	864
2614	867
2614	871
2615	874
2615	878
2616	882
2616	885
2617	889
2618	892
2617	897
2617	900
2616	905
2616	909
2619	911
2620	915
2621	919
2623	922
2624	925
2624	929
2625	933
2624	937
2625	940
2626	944
2628	947
2630	950
2630	954
2629	958
2627	962
2627	966
2629	969
2632	972
2634	976
2634	979
2633	983
2633	987
2635	990
2637	994
2637	998
2636	1002
2637	1005
2638	1008
2639	1012
2639	1016
2639	1019
2641	1023
2643	1026
2644	1030
2646	1033
2644	1037
2643	1041
2645	1044
2648	1047
2649	1051
2650	1055
2649	1058
2649	1062
2649	1066
2652	1069
2654	1072
2654	1076
2655	1079
2655	1083
2655	1087
2655	1091
2656	1094
2657	1098
2656	1102
2657	1105
2659	1109
2660	1112
2661	1116
2662	1119
2663	1123
2662	1127
2664	1130
2666	1133
2667	1137
2667	1140
2666	1144
2666	1148
2666	1152
2669	1155
2672	1158
2672	1162
2673	1165
2675	1169
2674	1173
2673	1176
2673	1180
2672	1184
2673	1188
2674	1191
2674	1195
2674	1199
2674	1202
2673	1206
2676	1209
2677	1213
2679	1216
2679	1220
2680	1223
2679	1227
2677	1231
2678	1235
2682	1238
2681	1242
2680	1246
2682	1249
2681	1253
2680	1257
2680	1260
2685	1263
2685	1267
2685	1271
2683	1275
2683	1278
2684	1282
2686	1285
2691	1288
2693	1292
2694	1295
2693	1299
2694	1303
2694	1306
2694	1310
2691	1314
2693	1317
2696	1321
2698	1324
2700	1328
2700	1331
2701	1335
2701	1338
2702	1342
2702	1346
2704	1349
2704	1353
2706	1356
2706	1360
2706	1364
2708	1367
2708	1371
2709	1374
2710	1378
2710	1382
2710	1385
2710	1389
2712	1392
2713	1396
2714	1400
2714	1403
2714	1407
2714	1411
2716	1414
2717	1418
2717	1421
2716	1425
2716	1429
2717	1432
2717	1436
2718	1440
2720	1443
2722	1447
2722	1450
2722	1454
2723	1458
2724	1461
2724	1465
2726	1468
2726	1472
2728	1476
2728	1479
2728	1483
2729	1487
2727	1490
2728	1494
2728	1498
2728	1501
2728	1505
2728	1509
2729	1512
2729	1516
2729	1520
2729	1523
2728	1527
2728	1531
2729	1534
2729	1538
2730	1542
2731	1545
2731	1549
2730	1553
2730	1556
2727	1560
2729	1564
2727	1568
2728	1571
2731	1575
2727	1579
2725	1582
2728	1586
2727	1589
2727	1593
2730	1597
2732	1600
2731	1604
2732	1608
2733	1611
2735	1615
2736	1619
2738	1622
2739	1626
2739	1630
2738	1633
2738	1637
2742	1641
2743	1644
2743	1648
2743	1652
2744	1655
2743	1659
2744	1663
2745	1666
2744	1670
