2434	1640
2435	1643
2436	1646
2437	1650
2438	1653
2439	1656
2440	1663
2441	1666
2442	1669
2442	1672
2443	1676
2444	1679
2446	1682
2447	1685
2446	1689
2445	1692
2446	1695
2447	1699
2448	1702
2448	1705
2448	1708
2448	1712
2449	1715
2450	1718
2451	1722
2452	1725
2452	1728
2452	1731
2452	1735
2451	1738
2453	1741
2454	1745
2455	1748
2454	1751
2455	1754
2456	1758
2456	1761
2457	1764
2458	1768
2459	1771
2460	1774
2461	1778
2463	1781
2464	1784
2464	1788
2464	1791
2464	1794
2466	1798
2467	1801
2467	1804
2468	1808
2470	1811
2471	1814
2472	1818
2472	1821
2473	1824
2475	1828
2476	1831
2476	1835
2476	1838
2477	1841
2476	1845
2477	1848
2478	1851
2478	1855
2480	1858
2480	1861
2481	1865
2482	1868
2482	1872
2481	1875
2481	1878
2482	1882
2484	1885
2484	1888
2486	1892
2487	1895
2488	1899
2488	1902
2488	1905
2490	1909
2491	1912
2493	1916
2494	1919
2494	1923
2494	1926
2494	1929
2495	1933
2496	1936
2497	1940
2497	1943
2496	1947
2497	1950
2497	1953
2499	1957
2500	1960
2500	1964
2501	1967
2502	1971
2502	1974
2503	1978
2505	1981
2506	1985
2506	1988
2506	1992
2507	1995
2508	1999
2508	2002
2509	2006
2510	2009
2510	2012
2509	2016
2511	2019
2512	2023
2512	2026
2513	2030
2514	2034
2515	2037
2515	2041
2516	2044
2515	2047
2516	2051
2516	2054
2518	2058
2519	2062
2520	2065
2520	2069
2521	2072
2522	2076
2523	2079
2522	2083
2523	2086
2523	2090
2524	2093
2524	2097
2525	2100
2525	2104
2525	2107
2525	2111
2527	2115
2528	2118
2528	2122
2529	2125
2529	2129
2528	2132
2529	2136
2529	2139
2530	2143
2531	2147
2530	2150
2531	2154
2532	2157
2533	2161
2533	2164
2534	2168
2535	2172
2535	2175
2536	2179
2537	2183
2535	2186
2533	2189
2533	2192
2534	2196
2535	2200
2535	2203
2535	2207
2534	2210
2535	2214
2536	2218
2537	2222
2537	2225
2538	2229
2538	2232
2538	2236
2539	2240
2540	2243
2539	2247
2539	2250
2538	2254
2539	2257
2538	2261
2537	2264
2537	2268
2538	2271
2538	2275
2538	2279
2538	2282
2536	2285
2536	2289
2536	2292
2537	2296
2537	2300
2537	2303
2538	2307
2538	2311
2538	2314
2539	2318
2540	2322
2541	2326
2543	2330
2543	2334
2544	2337
2545	2341
2545	2345
2545	2348
2545	2352
2545	2356
2545	2359
2545	2363
2546	2367
2546	2371
2546	2374
2547	2378
2549	2382
2548	2385
2549	2389
2549	2393
2549	2397
2550	2401
2550	2404
2552	2409
2553	2412
2553	2416
2551	2419
2551	2423
2552	2427
2552	2431
2552	2434
2555	2439
2555	2443
2555	2446
2554	2450
2553	2453
2552	2457
2553	2461
2553	2464
2553	2468
2554	2472
2554	2476
2554	2479
2554	2483
2554	2487
2554	2491
2557	2495
2557	2499
2557	2503
2558	2507
2558	2511
2558	2514
2557	2518
2557	2521
2557	2526
2557	2529
2557	2533
2559	2537
2560	2541
2560	2545
2560	2549
2563	2554
2564	2558
2564	2562
2563	2565
2563	2569
2564	2573
2564	2577
2563	2580
2562	2584
2563	2588
2565	2593
2564	2596
2564	2600
2565	2604
2566	2608
2567	2613
2569	2617
2569	2621
2569	2625
2568	2628
2568	2632
2568	2636
2570	2641
2570	2644
2570	2649
2571	2653
2571	2657
2571	2661
2571	2664
2571	2669
2573	2673
2573	2677
2574	2681
2575	2685
2576	2690
2576	2694
2575	2698
2576	2702
2577	2706
2578	2710
2577	2714
2577	2718
2578	2722
2578	2726
2578	2730
2579	2735
2579	2739
2579	2743
2581	2747
2581	2751
2580	2755
2578	2758
2578	2762
2576	2766
2576	2769
2575	2773
2577	2778
2576	2782
2576	2785
2577	2790
2577	2794
2576	2798
2575	2802
2575	2805
2574	2809
2575	2813
2575	2818
2575	2822
2576	2826
2575	2830
2575	2834
2574	2838
2574	2842
2574	2846
2576	2851
2576	2855
2575	2859
2574	2862
2575	2867
2577	2872
2577	2876
2577	2880
2576	2884
2576	2888
2576	2892
2576	2896
2576	2900
2575	2904
2575	2908
2578	2914
2578	2918
2578	2923
2580	2927
2580	2932
2579	2935
2579	2940
2579	2944
2580	2948
2580	2953
2580	2957
2580	2961
2579	2965
2578	2969
2579	2974
2581	2979
2581	2983
2581	2987
2580	2991
2580	2996
2580	3000
2579	3004
2580	3009
2580	3013
2580	3017
2580	3022
2580	3026
2580	3030
2582	3036
2583	3040
2584	3045
2583	3049
2583	3053
2585	3059
2585	3063
2585	3067
2581	3070
2569	3068
2544	3059
2533	3058
2532	3061
2529	3064
2527	3068
2523	3070
2520	3072
2533	3084
2597	3123
2583	3120
2584	3125
2585	3130
2585	3134
2586	3139
2586	3144
2586	3148
2585	3152
2584	3156
2585	3161
2586	3166
2586	3171
2584	3174
2582	3178
2581	3182
2580	3186
2581	3191
2583	3196
2584	3202
2583	3206
2581	3209
2580	3213
2581	3218
2584	3225
2586	3231
2585	3235
2583	3238
2586	3244
2587	3250
2586	3254
2586	3258
2585	3263
2586	3268
2586	3272
2584	3276
2583	3280
2581	3284
2582	3289
2582	3294
2583	3299
2585	3305
2583	3309
2583	3313
2584	3319
2586	3324
2584	3328
2583	3332
2581	3336
2579	3340
2580	3345
2581	3350
2581	3355
2579	3359
2577	3362
2577	3367
2579	3373
2581	3380
2586	3387
2587	3393
2586	3398
2587	3403
2587	3408
2587	3413
2587	3417
2587	3423
2586	3427
2587	3432
2586	3437
2587	3442
2586	3447
2585	3451
2584	3456
2584	3461
2584	3465
2582	3469
2581	3473
2580	3478
2579	3482
2578	3486
2578	3492
2578	3497
2578	3502
2579	3508
2578	3512
2578	3517
2579	3522
2579	3528
2578	3532
2576	3536
2575	3540
2573	3544
2572	3549
2571	3553
2572	3559
2573	3565
2573	3570
2573	3575
2570	3579
2570	3584
2570	3589
2570	3594
2568	3598
2570	3605
2570	3610
2570	3615
2569	3620
2569	3625
2568	3630
2567	3634
2565	3638
2564	3643
2563	3647
2562	3652
2562	3657
2562	3663
2561	3667
2563	3674
2562	3679
2561	3683
2559	3687
2558	3692
2557	3697
2557	3702
2557	3707
2556	3712
2553	3715
2551	3719
2550	3724
2550	3729
2546	3732
2507	3706
2496	3704
2494	3707
2493	3711
2492	3716
2546	3765
2545	3770
2544	3774
2542	3779
2541	3783
2539	3788
2538	3792
2538	3797
2538	3803
2537	3808
2536	3813
2535	3818
2535	3823
2534	3829
2534	3834
2532	3839
2531	3843
2530	3848
2528	3852
2527	3857
2526	3862
2524	3866
2522	3870
2521	3875
2521	3881
2521	3886
2520	3892
2518	3896
2517	3900
2515	3905
2514	3910
2512	3914
2510	3918
2510	3924
2507	3928
2505	3932
2504	3937
2503	3942
2502	3947
2502	3952
2500	3956
2498	3961
2497	3966
2495	3971
2494	3976
2492	3980
2491	3985
2490	3990
2488	3995
2487	3999
2484	4003
2482	4007
2480	4011
2478	4015
2476	4020
2474	4024
2474	4030
2470	4032
2467	4036
2465	4040
2470	4051
2433	4110
2431	4114
2428	4118
2426	4123
2425	4128
2424	4133
2421	4137
2419	4141
2416	4144
2414	4148
2411	4152
2407	4155
2405	4159
2403	4163
2402	4169
2399	4173
2396	4176
2393	4180
2391	4184
2389	4188
2387	4193
2384	4197
2383	4201
2380	4205
2377	4209
2374	4212
2371	4216
2370	4221
2368	4226
2365	4229
2362	4233
2359	4237
2357	4241
2354	4245
2350	4247
2348	4251
2345	4255
2343	4260
2341	4264
2339	4269
2337	4274
2335	4278
2331	4281
2328	4284
2326	4289
2323	4293
2321	4297
2318	4301
2315	4304
2313	4309
2310	4313
2308	4317
2305	4320
2303	4325
2301	4330
2298	4333
2295	4337
2293	4342
2290	4346
2287	4349
2283	4352
2280	4356
2278	4360
2275	4363
2270	4365
2267	4369
2264	4372
2260	4375
2257	4378
2254	4382
2253	4388
2251	4393
2248	4397
2245	4400
2242	4404
2240	4409
2237	4412
2234	4416
2232	4421
2229	4424
2225	4427
2223	4432
2221	4437
2219	4442
2217	4447
2214	4451
2212	4455
2209	4459
2205	4462
2202	4466
2199	4469
2196	4473
2195	4478
2192	4483
2190	4487
2186	4490
2182	4493
2179	4497
2176	4501
2174	4505
2170	4507
2166	4510
2163	4515
2159	4517
2154	4518
2151	4522
2149	4526
2147	4532
2144	4536
2140	4539
2136	4541
2134	4545
2132	4551
2129	4555
2125	4558
2122	4562
2119	4565
2116	4569
2112	4572
2108	4574
2105	4578
2101	4581
2098	4584
2093	4586
2090	4589
2086	4592
2082	4595
2079	4598
2075	4601
2073	4606
2068	4608
2065	4611
2062	4615
2059	4618
2055	4622
2052	4625
2048	4628
2043	4629
2038	4630
2035	4634
2032	4638
2028	4641
2025	4645
2022	4649
2020	4654
2016	4657
2013	4661
2010	4665
2007	4668
2004	4672
2000	4675
1998	4680
1995	4684
1991	4687
1986	4689
1982	4691
1979	4695
1975	4697
1972	4701
1969	4705
1966	4710
1962	4712
1958	4715
1954	4717
1951	4722
1948	4725
1944	4729
1942	4733
1938	4736
1935	4740
1932	4744
1928	4748
1925	4751
1923	4756
1920	4760
1916	4764
1913	4768
1910	4771
1906	4774
1902	4777
1898	4780
1895	4784
1892	4788
1889	4793
1886	4796
1882	4799
1878	4802
1874	4805
1870	4808
1867	4811
1862	4813
1859	4816
1854	4819
1851	4822
1848	4826
1844	4830
1841	4834
1838	4837
1834	4841
1830	4844
1827	4847
1823	4850
1818	4852
1814	4855
1810	4857
1806	4860
1804	4865
1802	4871
1799	4876
1795	4879
1793	4884
1791	4890
1786	4893
1782	4895
1777	4897
1773	4898
1769	4901
1765	4904
1762	4908
1758	4912
1755	4915
1751	4919
1748	4923
1744	4926
1740	4929
1736	4932
1732	4935
1728	4937
1724	4939
1719	4941
1715	4943
1709	4944
1706	4947
1702	4950
1697	4951
1693	4955
1690	4960
1687	4964
1683	4967
1679	4969
1674	4970
1669	4971
1665	4973
1661	4976
1656	4978
1652	4980
1647	4980
1640	4979
1637	4983
1635	4989
1631	4993
1627	4996
1623	4998
1619	5001
1614	5002
1610	5005
1605	5006
1600	5007
1596	5008
1592	5011
1588	5015
1585	5019
1581	5023
1577	5025
1573	5029
1570	5034
1567	5039
1563	5042
1559	5045
1555	5047
1551	5049
1546	5051
1541	5052
1538	5056
1534	5060
1530	5063
1526	5066
1521	5067
1517	5070
1513	5072
1509	5075
1506	5080
1502	5083
1497	5084
1492	5086
1488	5089
1484	5092
1480	5094
1475	5096
1471	5099
1467	5102
1463	5105
1459	5107
1454	5109
1449	5109
1445	5111
1440	5114
1437	5118
1433	5120
1428	5122
1424	5124
1420	5127
1416	5131
1413	5136
1409	5139
1405	5142
1401	5145
1397	5149
1393	5152
1388	5153
1384	5155
1379	5158
1376	5162
1373	5167
1370	5173
1366	5177
1362	5180
1358	5184
1354	5188
1350	5191
1345	5191
1341	5193
1336	5196
1332	5198
1327	5200
1322	5201
1317	5201
1313	5203
1308	5205
1304	5208
1300	5211
1297	5217
1294	5223
1289	5225
1284	5226
1280	5228
1276	5231
1271	5234
1266	5234
1261	5235
1257	5237
1252	5240
1248	5242
1244	5244
1239	5247
1235	5249
1231	5252
1226	5255
1222	5258
1218	5261
1214	5263
1209	5266
1208	5276
1204	5281
1199	5283
1195	5286
1190	5287
1186	5290
1181	5291
1176	5292
1172	5296
1168	5300
1164	5302
1159	5302
1154	5304
1150	5308
1146	5311
1140	5311
1135	5311
1131	5315
1126	5315
1121	5316
1116	5316
1111	5317
1106	5318
1101	5319
1096	5319
1091	5320
1086	5322
1081	5323
1076	5324
1072	5326
1068	5330
1064	5333
1059	5335
1055	5338
1050	5338
1045	5340
1041	5343
1035	5343
1030	5342
1025	5343
1021	5346
1016	5348
1011	5350
1006	5350
1002	5354
998	5358
993	5357
987	5356
983	5358
977	5358
973	5360
968	5362
964	5364
959	5366
954	5368
949	5368
945	5371
941	5375
935	5374
930	5374
925	5376
920	5377
915	5377
910	5377
905	5377
900	5378
895	5378
890	5381
886	5383
881	5385
877	5388
872	5390
867	5391
862	5392
858	5394
853	5394
848	5395
843	5396
838	5398
833	5399
829	5402
824	5405
820	5408
816	5411
811	5414
807	5416
802	5419
798	5422
793	5425
788	5425
783	5425
778	5425
773	5425
767	5424
762	5424
758	5426
753	5428
748	5430
744	5433
740	5438
735	5441
730	5443
726	5445
720	5441
714	5440
710	5441
705	5444
700	5447
696	5449
691	5453
687	5456
683	5460
678	5461
672	5460
667	5461
663	5464
658	5467
654	5470
649	5471
643	5470
638	5469
633	5468
628	5468
623	5470
619	5474
614	5475
609	5476
604	5476
598	5476
593	5476
589	5478
584	5479
579	5480
574	5481
569	5483
564	5484
559	5482
553	5480
548	5478
543	5480
539	5484
534	5487
529	5489
524	5491
520	5492
515	5493
509	5493
505	5494
500	5495
495	5496
490	5498
485	5497
480	5498
475	5502
470	5503
465	5504
460	5504
455	5506
451	5509
446	5513
441	5514
436	5515
431	5518
427	5521
422	5524
417	5526
412	5527
407	5527
402	5528
397	5529
392	5528
387	5528
382	5528
377	5527
371	5524
366	5522
361	5521
356	5522
351	5526
346	5527
341	5528
336	5529
331	5528
326	5529
321	5529
316	5531
311	5531
306	5528
301	5528
296	5528
291	5530
285	5529
280	5528
275	5529
270	5531
265	5531
260	5532
256	5536
251	5539
246	5542
241	5544
236	5545
231	5549
226	5551
221	5554
217	5557
212	5558
207	5558
202	5560
197	5563
192	5568
187	5574
182	5578
177	5582
173	5587
168	5589
163	5590
158	5592
153	5596
148	5601
143	5602
138	5606
133	5609
128	5610
123	5612
118	5622
83	5012
79	5020
74	5020
70	5018
65	5016
61	5014
57	5015
52	5015
48	5012
43	4999
39	4997
34	4995
30	4993
26	4994
21	4994
17	4996
13	4997
8	4999
4	5002
-0	5011
-4	5015
-9	5015
-13	5014
-17	5014
-22	5017
-26	5019
-31	5012
-42	5606
-47	5606
-52	5608
-57	5608
-62	5607
-68	5605
-73	5604
-78	5604
-83	5605
-88	5605
-93	5603
-98	5602
-103	5599
-108	5598
-114	5599
-119	5599
-124	5599
-149	5600
-154	5595
-160	5593
-165	5593
-170	5588
-175	5586
-180	5585
-185	5586
-190	5586
-195	5588
-200	5589
-205	5591
-211	5591
-216	5591
-221	5591
-226	5590
-231	5591
-236	5592
-241	5593
-246	5591
-252	5591
-257	5590
-262	5588
-267	5587
-272	5588
-277	5589
-282	5588
-287	5589
-292	5589
-297	5587
-302	5586
-308	5585
-313	5584
-318	5581
-322	5579
-327	5576
-332	5574
-337	5574
-343	5574
-348	5575
-353	5575
-358	5574
-363	5574
-368	5573
-373	5573
-378	5574
-384	5574
-389	5574
-394	5573
-399	5573
-404	5572
-409	5570
-413	5565
-418	5562
-423	5559
-428	5558
-433	5557
-438	5557
-443	5556
-448	5556
-453	5554
-458	5553
-463	5551
-468	5550
-473	5550
-479	5551
-484	5551
-489	5551
-494	5551
-499	5551
-504	5551
-509	5548
-514	5546
-519	5543
-524	5543
-529	5545
-534	5544
-539	5544
-544	5543
-549	5543
-554	5543
-559	5541
-564	5540
-570	5541
-575	5543
-580	5545
-586	5546
-590	5543
-595	5539
-600	5537
-605	5539
-611	5540
-616	5539
-620	5537
-626	5538
-630	5535
-635	5532
-640	5532
-645	5532
-650	5531
-655	5530
-660	5528
-665	5527
-670	5525
-675	5525
-681	5526
-686	5526
-691	5524
-695	5523
-701	5525
-706	5527
-711	5526
-716	5523
-721	5520
-726	5519
-731	5520
-736	5521
-741	5519
-746	5517
-751	5515
-756	5515
-761	5515
-766	5514
-771	5511
-776	5509
-781	5507
-785	5504
-789	5499
-794	5498
-800	5500
-805	5499
-810	5498
-815	5497
-820	5496
-825	5495
-830	5495
-835	5494
-840	5493
-845	5492
-850	5490
-855	5489
-860	5489
-865	5489
-870	5488
-875	5488
-880	5486
-885	5485
-890	5483
-895	5482
-900	5482
-904	5479
-909	5477
-913	5472
-918	5468
-923	5468
-928	5468
-933	5468
-938	5468
-943	5464
-947	5460
-952	5457
-957	5457
-962	5459
-968	5460
-973	5460
-978	5459
-983	5456
-987	5452
-991	5449
-996	5447
-1000	5443
-1005	5440
-1010	5439
-1015	5440
-1020	5438
-1024	5435
-1029	5432
-1034	5433
-1039	5430
-1044	5429
-1049	5430
-1054	5428
-1059	5426
-1064	5425
-1069	5423
-1073	5422
-1079	5424
-1084	5423
-1089	5421
-1093	5419
-1098	5416
-1103	5416
-1109	5417
-1115	5419
-1119	5417
-1124	5413
-1128	5410
-1132	5405
-1136	5401
-1141	5399
-1145	5398
-1150	5395
-1155	5395
-1160	5395
-1165	5394
-1170	5391
-1174	5389
-1179	5387
-1185	5388
-1190	5387
-1195	5386
-1199	5383
-1204	5381
-1208	5377
-1213	5376
-1218	5374
-1222	5373
-1228	5372
-1232	5370
-1236	5366
-1241	5363
-1245	5361
-1250	5359
-1255	5357
-1258	5353
-1263	5350
-1268	5351
-1273	5347
-1277	5346
-1281	5342
-1286	5339
-1290	5336
-1295	5333
-1300	5333
-1305	5332
-1310	5332
-1315	5332
-1321	5332
-1326	5331
-1331	5330
-1336	5329
-1341	5328
-1346	5327
-1350	5325
-1354	5320
-1358	5316
-1363	5315
-1368	5313
-1373	5312
-1379	5314
-1383	5313
-1389	5312
-1394	5312
-1398	5308
-1403	5306
-1408	5307
-1413	5306
-1418	5305
-1424	5305
-1429	5304
-1434	5303
-1438	5300
-1442	5297
-1447	5296
-1452	5294
-1456	5290
-1461	5289
-1466	5288
-1472	5289
-1478	5289
-1482	5287
-1486	5284
-1492	5284
-1497	5283
-1501	5280
-1506	5278
-1511	5278
-1517	5278
-1522	5278
-1526	5274
-1530	5270
-1534	5268
-1540	5267
-1545	5267
-1550	5265
-1554	5263
-1559	5261
-1564	5259
-1568	5256
-1573	5254
-1577	5251
-1581	5249
-1585	5245
-1590	5242
-1595	5241
-1599	5239
-1604	5236
-1608	5233
-1612	5231
-1617	5229
-1622	5227
-1625	5223
-1630	5220
-1633	5215
-1636	5210
-1641	5207
-1644	5203
-1649	5200
-1653	5198
-1658	5196
-1663	5195
-1667	5191
-1670	5186
-1674	5182
-1678	5179
-1682	5176
-1687	5174
-1691	5171
-1695	5168
-1699	5166
-1704	5164
-1709	5163
-1714	5161
-1719	5160
-1724	5159
-1728	5156
-1732	5153
-1736	5149
-1741	5147
-1745	5145
-1748	5140
-1749	5130
-1752	5126
-1756	5122
-1760	5119
-1765	5116
-1768	5111
-1770	5106
-1774	5101
-1778	5098
-1782	5095
-1787	5093
-1790	5088
-1794	5086
-1798	5084
-1802	5080
-1806	5076
-1809	5072
-1814	5070
-1817	5066
-1821	5062
-1825	5059
-1830	5058
-1835	5057
-1840	5055
-1844	5052
-1846	5046
-1850	5042
-1854	5039
-1858	5035
-1863	5034
-1868	5034
-1874	5034
-1879	5032
-1883	5030
-1888	5028
-1893	5027
-1897	5025
-1901	5022
-1906	5019
-1910	5017
-1915	5015
-1919	5013
-1924	5010
-1927	5007
-1929	5000
-1931	4994
-1936	4991
-1940	4989
-1945	4987
-1949	4985
-1953	4982
-1957	4979
-1961	4975
-1965	4972
-1969	4969
-1973	4967
-1978	4964
-1981	4961
-1985	4958
-1990	4956
-1993	4951
-1996	4947
-2001	4945
-2005	4942
-2008	4938
-2011	4934
-2016	4931
-2020	4929
-2024	4925
-2027	4922
-2031	4918
-2035	4915
-2037	4910
-2042	4907
-2047	4907
-2050	4903
-2054	4899
-2057	4895
-2062	4892
-2066	4890
-2070	4887
-2074	4885
-2078	4882
-2082	4878
-2086	4875
-2089	4871
-2092	4867
-2096	4864
-2101	4862
-2105	4859
-2108	4855
-2112	4853
-2116	4849
-2120	4846
-2123	4842
-2126	4838
-2131	4836
-2134	4832
-2138	4829
-2142	4826
-2146	4822
-2150	4820
-2154	4817
-2159	4815
-2162	4811
-2166	4808
-2170	4805
-2173	4801
-2177	4798
-2181	4795
-2185	4792
-2188	4789
-2191	4784
-2195	4781
-2199	4778
-2203	4776
-2207	4773
-2211	4769
-2215	4767
-2219	4764
-2222	4759
-2227	4758
-2233	4758
-2236	4754
-2240	4751
-2242	4746
-2245	4741
-2249	4738
-2253	4735
-2255	4730
-2260	4728
-2264	4725
-2267	4722
-2270	4717
-2274	4713
-2277	4710
-2280	4706
-2284	4702
-2287	4698
-2290	4694
-2293	4690
-2297	4687
-2301	4684
-2304	4681
-2308	4678
-2311	4674
-2315	4671
-2319	4668
-2323	4665
-2327	4662
-2330	4657
-2335	4656
-2339	4654
-2342	4649
-2345	4645
-2349	4642
-2352	4639
-2354	4633
-2358	4630
-2361	4626
-2365	4623
-2370	4621
-2374	4618
-2376	4614
-2379	4610
-2383	4607
-2386	4602
-2389	4598
-2394	4597
-2397	4592
-2400	4588
-2403	4585
-2407	4582
-2411	4579
-2414	4575
-2417	4571
-2420	4567
-2425	4565
-2429	4563
-2433	4560
-2436	4556
-2441	4553
-2444	4550
-2447	4546
-2451	4543
-2455	4540
-2459	4537
-2464	4536
-2472	4537
-2474	4532
-2474	4525
-2476	4520
-2478	4514
-2480	4509
-2480	4503
-2483	4498
-2487	4495
-2491	4492
-2495	4489
-2497	4484
-2499	4480
-2503	4476
-2506	4473
-2509	4469
-2512	4465
-2515	4461
-2518	4457
-2521	4453
-2524	4449
-2527	4445
-2529	4440
-2530	4434
-2533	4430
-2538	4428
-2540	4424
-2544	4421
-2547	4417
-2550	4413
-2553	4409
-2555	4404
-2556	4398
-2558	4393
-2562	4390
-2564	4386
-2568	4382
-2571	4379
-2575	4376
-2578	4372
-2581	4368
-2583	4364
-2586	4360
-2589	4356
-2592	4352
-2593	4346
-2597	4343
-2599	4339
-2601	4333
-2604	4329
-2607	4326
-2610	4322
-2613	4318
-2616	4314
-2619	4311
-2623	4308
-2627	4305
-2630	4302
-2633	4297
-2635	4293
-2638	4289
-2642	4286
-2645	4282
-2647	4278
-2651	4274
-2654	4271
-2659	4269
-2662	4265
-2665	4261
-2668	4257
-2670	4253
-2672	4248
-2675	4245
-2678	4241
-2679	4235
-2682	4231
-2684	4226
-2686	4222
-2690	4219
-2692	4214
-2696	4211
-2700	4208
-2704	4205
-2707	4202
-2709	4198
-2713	4194
-2717	4192
-2721	4189
-2725	4186
-2728	4182
-2731	4179
-2735	4175
-2738	4172
-2741	4168
-2745	4166
-2747	4161
-2747	4154
-2747	4148
-2751	4145
-2755	4142
-2756	4136
-2755	4129
-2754	4123
-2754	4116
-2756	4111
-2759	4107
-2763	4105
-2767	4101
-2767	4095
-2771	4093
-2773	4088
-2771	4080
-2773	4076
-2776	4072
-2779	4068
-2780	4062
-2780	4057
-2783	4053
-2787	4050
-2791	4047
-2791	4041
-2793	4036
-2796	4033
-2797	4027
-2797	4021
-2798	4016
-2798	4009
-2799	4004
-2802	4001
-2804	3997
-2807	3992
-2810	3989
-2811	3984
-2812	3979
-2815	3975
-2817	3970
-2819	3966
-2821	3962
-2824	3958
-2827	3954
-2829	3950
-2830	3945
-2833	3941
-2834	3936
-2836	3931
-2838	3927
-2839	3922
-2841	3917
-2844	3914
-2847	3910
-2847	3905
-2848	3900
-2851	3895
-2853	3891
-2856	3887
-2858	3884
-2860	3879
-2861	3874
-2862	3869
-2864	3865
-2866	3860
-2868	3856
-2870	3851
-2872	3847
-2873	3842
-2875	3838
-2878	3834
-2881	3830
-2881	3825
-2883	3821
-2886	3817
-2888	3813
-2889	3808
-2890	3803
-2892	3798
-2893	3794
-2895	3789
-2897	3785
-2899	3781
-2901	3776
-2904	3773
-2905	3768
-2905	3762
-2905	3757
-2907	3752
-2909	3748
-2909	3742
-2910	3738
-2913	3734
-2914	3729
-2917	3725
-2917	3720
-2917	3714
-2919	3710
-2922	3706
-2922	3701
-2922	3695
-2925	3691
-2927	3688
-2929	3683
-2930	3678
-2930	3673
-2933	3669
-2934	3664
-2935	3659
-2936	3654
-2936	3649
-2937	3644
-2939	3640
-2942	3637
-2943	3632
-2944	3627
-2946	3623
-2947	3618
-2949	3614
-2950	3609
-2949	3603
-2950	3598
-2949	3592
-2950	3588
-2952	3583
-2954	3579
-2956	3575
-2958	3571
-2958	3566
-2958	3560
-2959	3556
-2962	3552
-2964	3548
-2966	3544
-2966	3539
-2963	3531
-2963	3526
-2965	3522
-2965	3517
-2965	3511
-2964	3505
-2964	3500
-2965	3495
-2966	3491
-2965	3485
-2964	3479
-2965	3474
-2966	3470
-2965	3464
-2964	3458
-2962	3452
-2963	3447
-2964	3442
-2963	3437
-2963	3432
-2964	3427
-2964	3422
-2966	3418
-2967	3413
-2968	3408
-2968	3404
-2969	3399
-2969	3394
-2970	3389
-2970	3384
-2967	3377
-2967	3372
-2966	3367
-2968	3362
-2969	3358
-2969	3353
-2970	3349
-2969	3343
-2970	3338
-2971	3334
-2971	3329
-2970	3324
-2970	3318
-2971	3314
-2972	3310
-2970	3303
-2969	3298
-2971	3294
-2971	3289
-2971	3284
-2973	3280
-2975	3276
-2977	3272
-2977	3268
-2976	3262
-2977	3258
-2976	3252
-2976	3247
-2978	3243
-2978	3238
-2975	3232
-2977	3228
-2977	3223
-2978	3219
-2976	3213
-2976	3208
-2975	3203
-2975	3198
-2976	3194
-2976	3189
-2977	3184
-2978	3180
-2978	3175
-2978	3171
-2979	3166
-2976	3160
-2977	3155
-2978	3151
-2978	3146
-2979	3142
-2979	3137
-2978	3132
-2978	3128
-2978	3123
-2978	3118
-2979	3114
-2979	3109
-2980	3105
-2981	3101
-2981	3096
-2981	3091
-2981	3087
-2978	3080
-2978	3075
-2980	3072
-2981	3067
-2982	3064
-2982	3059
-2981	3053
-2981	3049
-2980	3044
-2980	3039
-2979	3034
-2979	3030
-2980	3025
-2977	3019
-2977	3015
-2975	3009
-2972	3003
-2972	2998
-2973	2995
-2975	2991
-2974	2986
-2974	2981
-2975	2977
-2974	2972
-2974	2968
-2973	2963
-2973	2958
-2974	2954
-2973	2949
-2973	2944
-2971	2939
-2969	2934
-2969	2929
-2972	2926
-2971	2921
-2970	2916
-2971	2912
-2969	2907
-2970	2902
-2969	2898
-2967	2892
-2966	2887
-2966	2883
-2966	2879
-2966	2874
-2965	2869
-2964	2865
-2964	2860
-2964	2855
-2964	2851
-2964	2847
-2965	2843
-2964	2838
-2962	2833
-2962	2828
-2962	2824
-2962	2819
-2962	2815
-2960	2810
-2961	2806
-2961	2802
-2960	2797
-2961	2793
-2962	2789
-2960	2784
-2960	2780
-2960	2775
-2958	2770
-2958	2766
-2958	2762
-2957	2757
-2955	2752
-2955	2747
-2954	2743
-2953	2738
-2951	2733
-2949	2728
-2949	2724
-2946	2718
-2945	2714
-2944	2709
-2944	2705
-2944	2701
-2942	2696
-2939	2690
-2937	2686
-2939	2682
-2939	2678
-2939	2673
-2938	2669
-2938	2665
-2938	2660
-2935	2655
-2933	2650
-2931	2646
-2932	2642
-2933	2638
-2933	2634
-2931	2629
-2930	2624
-2929	2620
-2930	2616
-2930	2612
-2928	2607
-2928	2603
-2928	2599
-2928	2595
-2928	2591
-2925	2586
-2924	2581
-2924	2577
-2925	2573
-2925	2569
-2924	2565
-2924	2561
-2926	2557
-2925	2553
-2924	2548
-2920	2543
-2920	2539
-2921	2535
-2920	2531
-2919	2526
-2918	2522
-2918	2518
-2917	2514
-2916	2509
-2917	2505
-2918	2502
-2918	2498
-2918	2494
-2916	2489
-2914	2485
-2914	2481
-2912	2476
-2912	2472
-2910	2467
-2908	2463
-2909	2459
-2910	2455
-2911	2451
-2911	2447
-2911	2443
-2908	2439
-2906	2434
-2906	2430
-2905	2426
-2903	2421
-2901	2417
-2902	2413
-2901	2409
-2900	2405
-2900	2401
-2902	2397
-2902	2393
-2902	2389
-2900	2385
-2895	2380
-2892	2375
-2892	2371
-2893	2368
-2894	2364
-2894	2360
-2895	2356
-2890	2351
-2889	2347
-2890	2343
-2887	2339
-2886	2335
-2888	2331
-2887	2327
-2886	2323
-2886	2319
-2885	2315
-2884	2311
-2883	2307
-2884	2303
-2883	2299
-2883	2295
-2881	2291
-2880	2287
-2879	2283
-2877	2278
-2877	2274
-2877	2271
-2874	2266
-2873	2262
-2873	2258
-2874	2255
-2873	2251
-2871	2246
-2871	2242
-2868	2238
-2867	2234
-2867	2230
-2864	2226
-2864	2222
-2862	2218
-2860	2214
-2860	2210
-2861	2206
-2860	2202
-2859	2198
-2858	2194
-2855	2190
-2853	2186
-2855	2182
-2855	2179
-2854	2175
-2853	2171
-2854	2167
-2853	2163
-2853	2159
-2851	2155
-2849	2151
-2847	2147
-2846	2143
-2847	2140
-2845	2136
-2844	2132
-2843	2128
-2843	2124
-2842	2120
-2840	2116
-2839	2112
-2836	2108
-2835	2104
-2833	2100
-2831	2096
-2832	2092
-2833	2089
-2833	2085
-2831	2081
-2830	2077
-2827	2073
-2827	2070
-2827	2066
-2825	2062
-2823	2058
-2820	2054
-2819	2050
-2820	2046
-2820	2043
-2819	2039
-2818	2035
-2817	2031
-2815	2028
-2815	2024
-2813	2020
-2812	2016
-2812	2012
-2811	2009
-2810	2005
-2809	2001
-2808	1997
-2807	1994
-2806	1990
-2806	1986
-2806	1983
-2804	1979
-2802	1975
-2803	1971
-2803	1968
-2802	1964
-2801	1960
-2800	1956
-2796	1953
-2795	1949
-2796	1945
-2796	1942
-2797	1938
-2796	1934
-2795	1931
-2795	1927
-2795	1923
-2793	1920
-2792	1916
-2793	1912
-2792	1909
-2790	1905
-2789	1901
-2789	1898
-2789	1894
-2789	1891
-2788	1887
-2787	1883
-2786	1879
-2785	1876
-2784	1872
-2783	1869
-2783	1865
-2783	1861
-2783	1858
-2783	1854
-2782	1851
-2781	1847
-2779	1843
-2778	1840
-2776	1836
-2776	1832
-2776	1829
-2773	1825
-2772	1821
-2771	1818
-2771	1814
-2770	1811
-2768	1807
-2768	1803
-2769	1800
-2769	1796
-2767	1793
-2765	1789
-2764	1785
-2764	1782
-2763	1778
-2763	1775
-2762	1771
-2759	1767
-2759	1764
-2759	1760
-2759	1757
-2758	1753
-2758	1750
-2759	1746
-2759	1743
-2757	1739
-2755	1736
-2753	1732
-2753	1728
-2750	1725
-2750	1721
-2750	1718
-2749	1714
-2750	1711
-2750	1707
-2749	1704
-2748	1700
-2747	1697
-2747	1693
-2746	1690
-2746	1686
-2745	1683
-2744	1679
-2744	1675
-2743	1672
-2742	1668
-2741	1665
-2740	1661
-2739	1658
-2738	1654
-2738	1651
-2737	1647
-2735	1644
-2734	1640
-2733	1637
-2733	1633
-2732	1630
-2731	1626
-2730	1623
-2729	1619
-2728	1616
-2727	1613
-2725	1609
-2724	1606
-2723	1602
-2723	1599
-2721	1595
-2720	1592
-2720	1588
-2720	1585
-2720	1581
-2719	1578
-2718	1574
-2717	1571
-2715	1567
-2713	1564
-2713	1561
-2713	1557
-2713	1554
-2712	1550
-2712	1547
-2711	1543
-2711	1540
-2710	1536
-2709	1533
-2708	1529
-2708	1526
-2707	1523
-2705	1519
-2704	1516
-2703	1512
-2702	1509
-2701	1505
-2700	1502
-2699	1499
-2698	1495
-2697	1492
-2697	1488
-2697	1485
-2696	1482
-2694	1478
-2693	1475
-2693	1471
-2692	1468
-2691	1465
-2690	1461
-2690	1458
-2687	1454
-2686	1451
-2686	1448
-2685	1444
-2684	1441
-2683	1437
-2682	1434
-2682	1431
-2681	1427
-2679	1424
-2680	1420
-2673	1418
-2669	1415
-2668	1411
-2668	1408
-2669	1404
-2669	1401
-2669	1397
-2668	1394
-2666	1391
-2663	1387
-2663	1384
-2663	1381
-2661	1377
-2658	1374
-2653	1371
-2651	1368
-2650	1365
-2644	1362
-2644	1359
-2645	1355
-2645	1352
-2644	1348
-2644	1345
-2644	1342
-2644	1338
-2644	1335
-2644	1331
-2644	1328
-2642	1324
-2642	1321
-2642	1318
-2642	1314
-2640	1311
-2640	1308
-2640	1304
-2639	1301
-2639	1297
-2640	1294
-2638	1290
-2636	1287
-2635	1284
-2636	1280
-2634	1277
-2634	1274
-2632	1271
-2631	1267
-2629	1264
-2628	1261
-2627	1258
-2626	1254
-2625	1251
-2624	1248
-2624	1244
-2623	1241
-2622	1238
-2621	1234
-2620	1231
-2619	1228
-2617	1225
-2615	1222
-2615	1218
-2613	1215
-2612	1212
-2610	1209
-2610	1205
-2609	1202
-2607	1199
-2607	1195
-2607	1192
-2606	1189
-2604	1186
-2601	1183
-2598	1180
-2597	1177
-2597	1173
-2599	1169
-2598	1166
-2597	1163
-2595	1160
-2595	1156
-2593	1153
-2592	1150
-2589	1147
-2587	1144
-2587	1140
-2587	1137
-2587	1134
-2584	1131
-2582	1128
-2582	1124
-2583	1121
-2581	1117
-2579	1114
-2578	1111
-2578	1108
-2576	1105
-2574	1102
-2573	1099
-2571	1095
-2570	1092
-2569	1089
-2567	1086
-2567	1083
-2565	1079
-2563	1076
-2563	1073
-2562	1070
-2562	1066
-2558	1064
-2557	1061
-2557	1057
-2558	1053
-2558	1050
-2555	1047
-2553	1044
-2552	1041
-2551	1038
-2549	1035
-2549	1031
-2548	1028
-2546	1025
-2545	1022
-2544	1019
-2542	1016
-2541	1012
-2540	1009
-2539	1006
-2537	1003
-2535	1000
-2534	997
-2533	994
-2533	990
-2531	987
-2529	984
-2528	981
-2528	978
-2525	975
-2524	972
-2522	969
-2521	965
-2520	962
-2519	959
-2516	956
-2515	953
-2515	950
-2515	946
-2514	943
-2512	940
-2509	937
-2508	934
-2508	931
-2505	928
-2503	925
-2502	922
-2500	919
-2498	916
-2497	913
-2496	910
-2495	906
-2494	903
-2493	900
-2494	896
-2494	893
-2493	890
-2490	887
-2489	884
-2487	881
-2485	878
-2483	875
-2482	872
-2480	869
-2480	866
-2480	862
-2478	859
-2477	856
-2476	853
-2475	849
-2472	847
-2471	844
-2471	840
-2465	839
-2462	836
-2463	832
-2464	829
-2464	825
-2462	822
-2459	820
-2460	816
-2460	812
-2459	809
-2458	806
-2456	803
-2454	800
-2452	797
-2452	794
-2451	791
-2450	787
-2449	784
-2446	781
-2444	779
-2446	774
-2445	771
-2443	769
-2442	765
-2441	762
-2442	758
-2440	755
-2438	752
-2437	749
-2436	746
-2436	743
-2434	739
-2432	737
-2431	734
-2432	730
-2430	727
-2431	723
-2430	720
-2428	716
-2427	713
-2426	710
-2425	707
-2423	704
-2422	701
-2421	698
-2419	695
-2419	691
-2419	688
-2417	685
-2416	682
-2416	678
-2414	675
-2413	672
-2413	668
-2412	665
-2411	662
-2409	659
-2409	655
-2408	652
-2405	650
-2404	646
-2404	643
-2402	640
-2401	637
-2399	634
-2401	629
-2399	626
-2396	624
-2396	621
-2396	617
-2396	613
-2394	610
-2394	607
-2393	603
-2392	600
-2390	597
-2388	594
-2387	591
-2385	588
-2385	585
-2383	582
-2383	578
-2383	574
-2381	571
-2380	568
-2379	565
-2377	562
-2376	559
-2375	556
-2374	552
-2374	549
-2372	546
-2370	543
-2367	541
-2366	538
-2366	534
-2366	530
-2365	527
-2363	524
-2363	520
-2362	517
-2362	513
-2359	511
-2357	508
-2354	506
-2354	502
-2354	498
-2353	495
-2351	492
-2350	489
-2349	485
-2350	481
-2348	478
-2346	475
-2345	472
-2343	469
-2341	467
-2340	463
-2340	459
-2341	455
-2341	451
-2340	448
-2338	445
-2335	443
-2334	439
-2334	435
-2335	431
-2334	428
-2333	425
-2332	421
-2331	418
-2329	415
-2329	411
-2329	407
-2325	405
-2324	402
-2324	398
-2323	395
-2321	392
-2319	389
-2320	384
-2323	379
-2322	376
-2321	372
-2319	369
-2317	367
-2314	364
-2314	360
-2317	355
-2316	351
-2314	348
-2313	345
-2312	341
-2311	338
-2310	335
-2310	331
-2308	328
-2307	324
-2307	320
-2306	317
-2306	313
-2305	310
-2304	306
-2303	303
-2302	299
-2302	295
-2299	293
-2297	290
-2295	287
-2294	283
-2294	279
-2295	275
-2293	272
-2292	268
-2291	265
-2291	261
-2290	258
-2289	254
-2288	251
-2285	248
-2285	244
-2284	241
-2282	238
-2282	234
-2282	230
-2280	226
-2279	223
-2277	220
-2276	216
-2276	212
-2275	209
-2274	206
-2272	203
-2271	199
-2269	196
-2269	192
-2268	188
-2267	185
-2265	182
-2264	178
-2263	175
-2263	171
-2261	167
-2260	164
-2260	160
-2259	157
-2258	153
-2258	148
-2256	146
-2255	142
-2253	139
-2251	136
-2249	133
-2247	130
-2245	127
-2243	124
-2242	121
-2243	116
-2241	113
-2240	109
-2238	106
-2236	104
-2236	99
-2236	94
-2235	91
-2233	88
-2232	85
-2230	82
-2228	78
-2226	75
-2225	72
-2224	68
-2224	64
-2223	60
-2223	56
-2221	53
-2220	49
-2220	44
-2219	41
-2218	37
-2218	33
-2217	29
-2216	25
-2215	22
-2213	18
-2210	16
-2210	12
-2211	6
-2210	3
-2208	-1
-2208	-5
-2207	-9
-2207	-13
-2206	-17
-2204	-20
-2202	-23
-2201	-27
-2200	-31
-2199	-34
-2197	-37
-2196	-42
-2195	-45
-2196	-50
-2196	-55
-2193	-58
-2193	-62
-2192	-66
-2190	-69
-2188	-72
-2187	-76
-2186	-80
-2185	-84
-2185	-88
-2184	-92
-2183	-96
-2183	-101
-2181	-104
-2179	-107
-2179	-112
-2179	-116
-2178	-120
-2176	-124
-2175	-127
-2173	-131
-2171	-134
-2168	-136
-2166	-140
-2166	-144
-2163	-146
-2163	-151
-2162	-155
-2159	-157
-2157	-161
-2158	-166
-2156	-170
-2155	-173
-2148	-172
-2141	-171
-2135	-170
-2127	-168
-2110	-158
-2102	-155
-2095	-154
-2090	-154
-2085	-155
-2080	-155
-2077	-157
-2073	-158
-2069	-159
-2066	-161
-2062	-163
-2059	-164
-2055	-166
-2056	-172
-2055	-176
-2052	-178
-2049	-179
-2041	-177
-2032	-174
-2026	-173
-2018	-170
-2012	-169
-2005	-168
-2000	-168
-1988	-161
-1979	-158
-1975	-158
-1971	-159
-1967	-161
-1963	-161
-1959	-163
-1956	-164
-1952	-165
-1949	-167
-1944	-167
-1940	-168
-1938	-171
-1937	-175
-1939	-181
-1929	-177
-1924	-177
-1923	-180
-1921	-183
-1920	-187
-1905	-178
-1895	-172
-1891	-173
-1889	-176
-1886	-177
-1884	-180
-1883	-184
-1879	-185
-1870	-180
-1865	-181
-1861	-181
-1857	-182
-1854	-183
-1850	-184
-1846	-185
-1842	-186
-1838	-187
-1831	-184
-1827	-184
-1824	-187
-1820	-187
-1812	-184
-1806	-183
-1803	-184
-1800	-186
-1798	-189
-1795	-190
-1792	-192
-1785	-189
-1778	-187
-1769	-181
-1757	-174
-1761	-183
-1756	-183
-1752	-183
-1750	-185
-1747	-187
-1737	-181
-1729	-177
-1720	-171
-1716	-172
-1713	-173
-1707	-172
-1703	-172
-1699	-172
-1694	-172
-1690	-172
-1687	-174
-1683	-174
-1679	-175
-1676	-176
-1673	-177
-1666	-174
-1658	-170
-1653	-170
-1654	-175
-1652	-178
-1649	-180
-1646	-180
-1638	-176
-1634	-177
-1630	-177
-1625	-176
-1621	-175
-1616	-175
-1613	-176
-1589	-152
-1584	-151
-1581	-153
-1580	-156
-1583	-165
-1582	-169
-1574	-164
-1566	-159
-1560	-157
-1558	-159
-1557	-163
-1553	-163
-1550	-165
-1549	-167
-1547	-170
-1545	-173
-1542	-174
-1538	-174
-1525	-163
-1520	-162
-1517	-163
-1514	-164
-1511	-165
-1506	-163
-1501	-162
-1496	-161
-1492	-161
-1489	-161
-1485	-161
-1476	-155
-1470	-153
-1465	-151
-1461	-150
-1455	-148
-1453	-150
-1452	-154
-1450	-156
-1449	-160
-1448	-164
-1445	-164
-1441	-165
-1439	-166
-1436	-167
-1432	-168
-1427	-166
-1423	-165
-1420	-166
-1416	-166
-1412	-166
-1409	-166
-1408	-170
-1403	-168
-1400	-169
-1394	-166
-1388	-163
-1381	-159
-1375	-156
-1370	-153
-1366	-154
-1363	-154
-1359	-154
-1356	-154
-1348	-148
-1341	-143
-1337	-143
-1335	-144
-1333	-147
-1330	-148
-1328	-150
-1326	-152
-1323	-153
-1322	-157
-1321	-160
-1320	-164
-1321	-171
-1318	-172
-1313	-170
-1308	-168
-1305	-168
-1300	-167
-1296	-165
-1288	-159
-1281	-154
-1278	-154
-1275	-156
-1272	-156
-1269	-156
-1266	-157
-1263	-158
-1260	-158
-1257	-159
-1253	-159
-1250	-160
-1248	-161
-1243	-160
-1240	-159
-1236	-159
-1234	-160
-1231	-162
-1228	-162
-1225	-163
-1223	-165
-1220	-165
-1217	-167
-1215	-169
-1215	-174
-1212	-175
-1207	-172
-1203	-171
-1200	-172
-1199	-176
-1196	-175
-1190	-171
-1186	-170
-1183	-171
-1181	-173
-1178	-173
-1174	-173
-1171	-174
-1168	-174
-1165	-174
-1162	-175
-1159	-175
-1156	-176
-1154	-177
-1151	-178
-1147	-178
-1144	-177
-1140	-176
-1137	-177
-1133	-175
-1129	-174
-1127	-177
-1120	-170
-1114	-165
-1110	-163
-1106	-163
-1104	-164
-1101	-165
-1099	-167
-1097	-169
-1096	-173
-1094	-175
-1092	-178
-1089	-178
-1087	-179
-1084	-179
-1080	-179
-1077	-179
-1073	-178
-1070	-178
-1067	-178
-1064	-179
-1061	-178
-1058	-179
-1055	-180
-1049	-173
-1043	-169
-1040	-169
-1037	-168
-1034	-169
-1031	-169
-1027	-168
-1023	-166
-1020	-166
-1017	-165
-1014	-167
-1010	-165
-1006	-164
-1002	-162
-997	-157
-995	-159
-992	-160
-990	-162
-991	-169
-993	-179
-988	-176
-982	-170
-979	-169
-977	-172
-974	-172
-971	-173
-968	-173
-965	-171
-961	-171
-940	-134
-937	-134
-934	-134
-931	-133
-928	-133
-926	-134
-923	-134
-919	-133
-917	-135
-926	-159
-923	-159
-917	-153
-915	-155
-912	-155
-906	-148
-897	-136
-895	-137
-893	-138
-890	-139
-889	-142
-889	-149
-889	-156
-888	-160
-886	-161
-882	-159
-875	-151
-870	-146
-867	-146
-865	-146
-861	-146
-857	-143
-855	-143
-778	-3
-774	-0
-770	1
-768	1
-765	2
-762	3
-760	2
-757	1
-755	1
-751	4
-748	4
-746	3
-744	3
-741	2
-739	2
-736	2
-734	2
-732	1
-733	-8
-733	-15
-731	-16
-726	-11
-722	-7
-720	-7
-720	-14
-721	-23
-747	-125
-746	-131
-745	-135
-743	-138
-741	-140
-740	-142
-737	-143
-735	-144
-732	-145
-730	-146
-728	-147
-725	-148
-723	-149
-720	-149
-718	-150
-715	-150
-713	-152
-711	-153
-708	-154
-706	-154
-703	-154
-701	-154
-698	-154
-693	-149
-689	-144
-686	-145
-684	-145
-681	-146
-680	-149
-678	-153
-677	-156
-674	-156
-671	-155
-670	-159
-667	-160
-664	-159
-661	-157
-658	-156
-655	-154
-651	-150
-648	-150
-645	-150
-643	-151
-640	-150
-638	-151
-636	-153
-633	-154
-630	-152
-628	-152
-624	-150
-621	-149
-617	-143
-613	-141
-611	-141
-608	-141
-606	-142
-604	-144
-603	-148
-603	-158
-603	-166
-602	-172
-599	-171
-597	-175
-592	-166
-588	-160
-578	-134
-575	-135
-572	-134
-570	-134
-567	-134
-565	-134
-562	-135
-518	-9
-514	-5
-512	-5
-509	-4
-508	-7
-506	-10
-506	-19
-506	-29
-506	-38
-506	-47
-506	-55
-509	-76
-509	-86
-509	-96
-511	-156
-509	-158
-507	-161
-505	-162
-503	-165
-501	-167
-499	-168
-497	-170
-494	-170
-492	-171
-489	-171
-487	-172
-484	-171
-482	-171
-479	-172
-477	-172
-474	-173
-472	-172
-468	-168
-465	-164
-461	-158
-458	-156
-455	-154
-452	-152
-449	-152
-447	-153
-445	-156
-443	-156
-440	-157
-438	-157
-436	-160
-434	-164
-433	-169
-431	-172
-428	-170
-426	-171
-423	-172
-421	-172
-418	-170
-415	-170
-413	-173
-410	-171
-408	-171
-406	-172
-403	-172
-401	-173
-398	-173
-396	-174
-393	-173
-391	-172
-388	-173
-386	-173
-383	-171
-381	-173
-378	-174
-376	-173
-373	-174
-370	-172
-368	-172
-366	-174
-363	-174
-361	-174
-358	-172
-355	-171
-353	-173
-351	-173
-348	-175
-346	-174
-343	-172
-342	-183
-340	-185
-338	-186
-335	-187
-332	-185
-329	-180
-326	-178
-324	-180
-322	-183
-320	-186
-317	-186
-315	-187
-312	-186
-310	-184
-307	-185
-305	-185
-302	-185
-300	-186
-297	-186
-295	-186
-292	-180
-289	-178
-287	-178
-284	-182
-282	-183
-280	-185
-277	-184
-275	-185
-272	-185
-270	-185
-267	-185
-265	-185
-262	-185
-260	-185
-258	-186
-255	-186
-253	-185
-250	-186
-248	-185
-245	-185
-243	-184
-240	-185
-238	-185
-235	-186
-233	-185
-230	-186
-228	-187
-225	-185
-223	-185
-220	-185
-218	-187
-216	-187
-213	-186
-211	-186
-208	-185
-206	-186
-203	-185
-201	-185
-198	-185
-196	-184
-193	-185
-191	-184
-188	-185
-186	-186
-183	-186
-181	-185
-178	-185
-176	-185
-173	-185
-171	-185
-169	-185
-166	-185
-164	-185
-161	-185
-159	-185
-156	-185
-154	-186
-151	-185
-149	-185
-146	-186
-144	-186
-141	-186
-139	-186
-137	-186
-134	-184
-132	-184
-129	-184
-127	-185
-124	-187
-122	-186
-119	-186
-117	-185
-114	-185
-112	-184
-110	-185
-107	-185
-105	-185
-102	-185
-100	-185
-97	-184
-95	-184
-92	-185
-90	-185
-85	-186
-83	-186
-80	-185
-78	-186
-75	-186
-73	-185
-70	-185
-68	-186
-65	-185
-63	-182
-60	-178
-58	-175
-56	-172
-53	-168
-51	-165
-48	-162
-46	-158
-43	-158
-41	-160
-39	-161
-36	-163
-34	-166
-31	-170
-29	-173
-26	-176
-24	-178
-21	-180
-19	-184
-16	-185
-14	-183
-11	-184
-9	-185
-6	-185
-4	-185
-2	-185
1	-186
3	-186
6	-186
8	-186
11	-186
13	-185
16	-185
18	-185
21	-185
23	-185
26	-186
28	-186
30	-186
33	-185
35	-185
38	-186
40	-185
43	-185
45	-185
48	-186
50	-186
53	-186
55	-185
57	-185
60	-184
62	-184
65	-184
67	-184
70	-184
72	-185
75	-186
77	-185
80	-184
82	-185
85	-185
87	-185
89	-184
92	-184
94	-185
97	-185
99	-185
102	-185
104	-184
107	-185
109	-186
112	-186
114	-185
117	-185
119	-185
122	-186
124	-186
127	-185
129	-185
131	-185
134	-185
136	-185
139	-185
141	-184
144	-185
146	-184
149	-184
151	-185
154	-186
156	-185
159	-185
161	-185
164	-185
166	-185
169	-185
171	-186
174	-185
176	-186
179	-185
181	-185
184	-186
186	-186
189	-186
191	-185
194	-186
196	-186
199	-185
201	-186
204	-186
206	-186
209	-186
211	-184
214	-185
216	-185
219	-185
221	-185
224	-185
226	-185
229	-185
231	-185
234	-185
236	-186
239	-185
241	-185
244	-185
246	-185
249	-186
251	-185
254	-185
256	-186
259	-185
261	-186
264	-184
266	-185
269	-184
271	-185
274	-185
276	-184
279	-185
282	-185
284	-186
287	-185
289	-185
292	-184
294	-185
297	-186
300	-186
302	-186
304	-184
306	-182
308	-179
311	-179
313	-179
316	-181
319	-183
322	-185
325	-185
327	-185
330	-184
332	-185
335	-186
337	-184
339	-179
340	-174
342	-171
345	-171
347	-170
350	-170
352	-170
355	-171
357	-170
360	-171
363	-171
365	-170
368	-171
370	-169
373	-170
376	-171
378	-172
381	-171
383	-171
386	-172
388	-171
391	-171
393	-170
396	-170
399	-172
401	-171
404	-172
407	-173
409	-172
412	-172
414	-171
417	-172
420	-172
422	-172
425	-172
427	-169
428	-165
429	-159
431	-156
433	-153
435	-151
436	-147
438	-142
438	-136
440	-131
442	-129
444	-127
447	-128
449	-129
452	-130
457	-136
463	-150
469	-163
474	-170
477	-171
479	-171
482	-171
485	-172
487	-171
490	-170
492	-170
495	-169
497	-168
499	-167
501	-165
503	-162
505	-160
506	-154
507	-148
507	-140
507	-133
507	-124
506	-110
506	-102
506	-93
505	-85
506	-78
506	-70
506	-63
506	-55
506	-48
506	-41
507	-33
506	-25
506	-17
506	-9
508	-7
510	-5
512	-5
584	-189
569	-135
571	-135
574	-134
577	-134
579	-134
582	-135
586	-137
589	-139
594	-146
601	-158
604	-159
604	-151
605	-147
606	-143
609	-141
611	-139
613	-137
615	-138
618	-139
623	-142
627	-148
630	-148
633	-149
636	-150
639	-150
642	-150
644	-149
647	-149
650	-150
653	-151
656	-151
660	-154
663	-156
667	-157
669	-157
672	-157
675	-156
677	-156
679	-154
680	-147
681	-144
683	-143
686	-142
688	-142
692	-142
695	-145
700	-151
704	-153
707	-153
710	-152
712	-152
715	-151
717	-150
720	-149
722	-148
724	-147
727	-146
730	-146
732	-145
734	-144
737	-143
739	-142
742	-141
744	-139
745	-136
746	-132
748	-128
748	-123
748	-117
746	-106
720	-23
719	-15
720	-11
721	-7
724	-8
729	-13
732	-15
733	-11
733	-4
734	0
736	1
738	2
741	1
744	2
747	1
750	0
752	0
755	1
757	2
760	2
762	3
765	3
768	2
775	-7
775	-2
778	-1
779	1
865	-143
869	-144
874	-148
880	-154
885	-158
889	-160
891	-158
892	-154
892	-147
892	-142
894	-139
897	-139
900	-140
905	-144
912	-151
918	-157
922	-158
923	-155
924	-151
925	-146
926	-142
927	-139
928	-136
930	-134
933	-133
937	-134
967	-183
970	-184
974	-185
977	-185
980	-184
982	-182
985	-181
988	-182
992	-182
996	-183
998	-183
1001	-182
1004	-182
1007	-181
1010	-180
1013	-179
1017	-181
1019	-179
1021	-178
1024	-177
1028	-178
1031	-178
1035	-178
1038	-178
1042	-179
1045	-178
1048	-179
1051	-178
1053	-177
1057	-177
1061	-178
1064	-177
1068	-178
1071	-179
1074	-178
1078	-178
1081	-179
1086	-180
1089	-181
1092	-180
1096	-180
1098	-178
1099	-175
1102	-174
1107	-177
1111	-178
1115	-178
1118	-178
1122	-178
1126	-179
1129	-179
1132	-179
1137	-181
1141	-181
1144	-182
1147	-180
1150	-179
1153	-179
1155	-177
1160	-179
1163	-179
1167	-180
1171	-180
1175	-181
1179	-182
1183	-182
1186	-181
1189	-181
1192	-180
1196	-180
1198	-179
1201	-178
1204	-177
1209	-179
1214	-181
1217	-180
1221	-181
1225	-181
1229	-182
1233	-182
1236	-181
1238	-178
1242	-179
1248	-182
1251	-182
1255	-183
1258	-182
1261	-181
1265	-181
1268	-180
1272	-181
1276	-182
1279	-180
1282	-180
1286	-180
1291	-181
1296	-183
1302	-187
1310	-192
1315	-194
1317	-192
1320	-191
1324	-191
1327	-191
1334	-194
1328	-180
1331	-180
1340	-186
1337	-177
1335	-170
1361	-200
1364	-198
1368	-198
1371	-197
1373	-194
1376	-194
1376	-189
1379	-187
1384	-189
1388	-190
1391	-188
1395	-188
1403	-193
1404	-189
1407	-188
1411	-189
1414	-187
1415	-184
1418	-182
1420	-180
1424	-180
1428	-179
1432	-180
1448	-194
1453	-195
1457	-196
1461	-196
1462	-192
1462	-187
1463	-183
1465	-180
1465	-176
1467	-173
1467	-168
1469	-166
1473	-165
1478	-167
1486	-171
1493	-175
1500	-179
1501	-175
1504	-173
1511	-177
1515	-177
1517	-175
1520	-172
1522	-170
1526	-170
1532	-172
1538	-174
1542	-174
1545	-172
1548	-171
1551	-170
1556	-170
1561	-171
1568	-174
1573	-175
1574	-171
1574	-167
1576	-164
1577	-160
1579	-157
1582	-156
1587	-157
1593	-158
1600	-161
1604	-161
1610	-163
1617	-166
1623	-168
1628	-168
1632	-168
1634	-165
1637	-163
1640	-162
1643	-160
1646	-159
1649	-157
1653	-156
1657	-156
1662	-156
1667	-157
1673	-158
1679	-161
1684	-161
1689	-162
1693	-161
1697	-160
1699	-157
1700	-153
1702	-150
1704	-148
1708	-147
1712	-147
1715	-146
1718	-144
1723	-144
1727	-143
1729	-141
1732	-139
1745	-147
1748	-146
1751	-144
1756	-145
1765	-149
1768	-146
1773	-147
1781	-150
1784	-148
1785	-144
1785	-140
1785	-135
1786	-132
1789	-129
1793	-128
1802	-133
1806	-132
1808	-129
1810	-126
1813	-124
1816	-123
1819	-121
1825	-121
1832	-124
1839	-126
1850	-132
1855	-131
1857	-129
1860	-126
1864	-125
1867	-123
1870	-122
1875	-122
1881	-123
1888	-124
1895	-126
1902	-128
1905	-126
1908	-124
1909	-120
1911	-117
1915	-116
1918	-114
1921	-112
1922	-109
1929	-110
1938	-113
1943	-113
1948	-113
1954	-113
1959	-113
1963	-113
1967	-111
1972	-111
1974	-107
1980	-109
1989	-111
1992	-109
1992	-105
1993	-101
1993	-96
1993	-91
1996	-89
1999	-87
2003	-86
2007	-84
2010	-82
2014	-81
2019	-81
2026	-82
2033	-83
2047	-90
2057	-94
2060	-92
2066	-92
2072	-93
2074	-89
2077	-87
2083	-88
2087	-86
2088	-83
2090	-79
2093	-77
2100	-78
2106	-78
2107	-74
2107	-70
2109	-67
2114	-66
2118	-65
2131	-71
2128	-63
2131	-61
2136	-60
2149	-66
2156	-67
2162	-67
2164	-64
2169	-63
2178	-65
2185	-66
2187	-63
2190	-60
2181	-49
2189	-50
2189	-46
2191	-42
2195	-41
2198	-39
2198	-33
2198	-29
2193	-21
2200	-22
2195	-13
2195	-8
2194	-3
2193	2
2195	6
2198	8
2199	12
2197	18
2196	23
2198	26
2197	31
2198	35
2196	41
2198	44
2201	47
2202	50
2200	57
2200	61
2200	65
2201	69
2202	73
2200	79
2200	83
2202	86
2201	91
2201	96
2200	101
2200	105
2201	109
2201	113
2201	118
2201	122
2203	125
2204	129
2204	133
2203	138
2201	144
2201	148
2199	154
2200	158
2202	161
2202	165
2203	169
2201	174
2202	178
2204	181
2206	184
2208	186
2209	190
2211	193
2212	197
2211	201
2213	204
2215	207
2216	211
2217	214
2219	217
2223	219
2226	222
2226	226
2226	230
2229	232
2230	236
2231	239
2231	243
2230	248
2227	254
2229	257
2229	261
2229	266
2226	271
2226	275
2228	278
2230	281
2230	285
2230	290
2231	293
2231	297
2231	302
2230	306
2230	310
2229	315
2229	319
2230	322
2232	325
2234	328
2234	332
2235	336
2236	339
2236	343
2236	347
2237	351
2238	354
2238	358
2238	362
2238	366
2237	371
2237	375
2238	378
2238	382
2238	386
2237	391
2237	395
2238	398
2240	401
2243	403
2243	407
2243	411
2242	415
2242	419
2243	423
2242	427
2242	431
2243	435
2243	438
2244	441
2244	445
2244	449
2244	453
2245	457
2244	461
2245	464
2245	468
2246	472
2245	476
2245	480
2246	483
2247	487
2247	490
2246	494
2246	498
2248	501
2248	505
2249	508
2250	512
2252	514
2254	517
2253	521
2254	525
2255	528
2253	533
2250	538
2249	542
2250	546
2251	549
2253	552
2254	555
2254	559
2254	562
2255	565
2256	569
2255	573
2255	577
2255	581
2254	585
2255	588
2255	592
2255	595
2256	599
2257	602
2258	605
2259	608
2259	612
2259	616
2260	619
2261	622
2261	626
2261	629
2262	633
2262	636
2263	639
2262	644
2262	647
2262	651
2262	655
2263	658
2264	661
2266	664
2266	667
2266	671
2266	674
2265	678
2266	682
2266	685
2267	689
2268	692
2266	696
2267	699
2267	703
2268	706
2268	710
2268	713
2268	717
2269	720
2269	723
2270	727
2270	730
2270	734
2271	737
2272	740
2271	744
2269	748
2269	752
2269	755
2270	759
2272	761
2274	764
2272	768
2273	772
2272	775
2272	779
2272	782
2273	786
2273	789
2274	792
2274	795
2274	799
2275	802
2275	806
2275	809
2277	812
2276	816
2277	819
2277	822
2278	825
2278	829
2278	832
2279	835
2280	839
2281	842
2280	845
2280	849
2280	852
2280	856
2281	859
2281	862
2282	865
2282	869
2283	872
2284	875
2285	878
2284	882
2285	885
2286	888
2287	891
2288	894
2289	897
2289	901
2289	904
2289	907
2289	911
2290	914
2290	917
2291	920
2291	924
2292	927
2293	930
2294	933
2295	936
2295	939
2296	942
2296	946
2297	949
2298	952
2298	955
2299	958
2299	962
2299	965
2300	968
2301	971
2302	974
2302	978
2302	981
2302	984
2304	987
2305	990
2305	994
2305	997
2306	1000
2307	1003
2307	1006
2308	1009
2309	1013
2309	1016
2310	1019
2310	1022
2311	1025
2312	1029
2313	1032
2313	1035
2314	1038
2314	1041
2314	1045
2314	1048
2315	1051
2316	1054
2315	1058
2315	1061
2315	1064
2316	1067
2317	1070
2318	1074
2318	1077
2319	1080
2320	1083
2321	1086
2322	1089
2324	1092
2325	1095
2324	1098
2324	1102
2323	1105
2322	1109
2322	1112
2324	1115
2326	1118
2326	1121
2327	1124
2328	1127
2329	1130
2329	1133
2329	1137
2331	1140
2331	1143
2333	1146
2334	1149
2334	1152
2335	1155
2336	1158
2336	1161
2336	1165
2337	1168
2338	1171
2338	1174
2339	1177
2339	1180
2339	1184
2342	1186
2344	1189
2343	1193
2344	1196
2344	1199
2344	1202
2345	1205
2346	1208
2347	1211
2347	1215
2347	1218
2348	1221
2349	1224
2349	1227
2350	1230
2350	1234
2352	1237
2353	1240
2353	1243
2354	1246
2354	1249
2355	1252
2354	1256
2354	1259
2356	1262
2357	1265
2358	1268
2357	1271
2356	1275
2356	1278
2360	1281
2362	1284
2362	1287
2362	1290
2363	1293
2363	1296
2365	1299
2365	1302
2366	1306
2367	1309
2367	1312
2367	1315
2368	1318
2368	1321
2369	1325
2371	1328
2372	1331
2372	1334
2372	1337
2372	1340
2373	1344
2372	1347
2373	1350
2374	1353
2375	1356
2376	1359
2377	1362
2377	1366
2376	1369
2378	1372
2378	1375
2378	1378
2378	1382
2378	1385
2381	1388
2382	1391
2382	1394
2383	1397
2383	1400
2384	1404
2383	1407
2384	1410
2385	1413
2385	1416
2386	1419
2386	1423
2384	1426
2383	1429
2384	1433
2385	1436
2388	1439
2389	1442
2389	1445
2388	1448
2389	1452
2391	1455
2392	1458
2393	1461
2393	1464
2394	1467
2395	1470
2395	1474
2395	1477
2394	1480
2395	1483
2396	1486
2397	1489
2398	1493
2399	1496
2400	1499
2402	1502
2402	1505
2403	1508
2404	1512
2406	1515
2407	1518
2408	1521
2409	1524
2410	1527
2409	1531
2409	1534
2412	1537
2412	1540
2413	1543
2412	1547
2411	1550
2411	1553
2414	1556
2415	1559
2416	1563
2416	1566
2417	1569
2418	1572
2418	1575
2416	1579
2416	1582
2416	1585
2417	1588
2420	1592
2424	1595
2425	1598
2425	1601
2425	1604
2426	1608
2426	1611
2427	1614
2428	1617
2428	1621
2428	1624
2429	1627
2432	1630
2433	1633
2433	1637
