2633	1670
2635	1673
2638	1677
2636	1680
2638	1684
2636	1687
2635	1694
2637	1698
2638	1701
2636	1705
2635	1709
2635	1712
2637	1716
2637	1719
2636	1723
2636	1726
2637	1730
2638	1733
2638	1737
2640	1740
2641	1744
2640	1748
2640	1751
2641	1755
2642	1758
2642	1762
2642	1765
2641	1769
2644	1772
2644	1776
2645	1780
2641	1783
2642	1787
2642	1790
2643	1794
2645	1797
2641	1801
2640	1804
2638	1808
2644	1812
2645	1815
2646	1819
2647	1822
2646	1826
2647	1829
2647	1833
2648	1837
2649	1840
2649	1844
2649	1847
2648	1851
2649	1855
2650	1858
2651	1862
2651	1865
2651	1869
2651	1872
2652	1876
2652	1880
2651	1883
2651	1887
2652	1890
2651	1894
2651	1897
2651	1901
2654	1905
2654	1908
2654	1912
2655	1916
2654	1919
2654	1923
2654	1926
2654	1930
2655	1934
2655	1937
2655	1941
2658	1945
2662	1949
2661	1952
2657	1955
2653	1959
2651	1962
2656	1966
2659	1970
2661	1974
2662	1978
2661	1981
2659	1984
2660	1988
2661	1992
2662	1996
2665	2000
2666	2003
2664	2007
2668	2011
2667	2014
2665	2018
2665	2021
2667	2025
2669	2029
2667	2033
2666	2036
2666	2040
2668	2044
2668	2047
2667	2051
2665	2054
2664	2058
2667	2062
2668	2065
2667	2069
2669	2073
2668	2076
2669	2080
2669	2084
2672	2088
2673	2092
2674	2095
2672	2099
2670	2102
2669	2106
2670	2109
2670	2113
2667	2116
2672	2121
2673	2125
2675	2129
2675	2132
2673	2136
2673	2139
2673	2143
2676	2147
2679	2151
2678	2155
2677	2158
2676	2162
2677	2166
2678	2170
2677	2173
2678	2177
2676	2181
2674	2184
2672	2187
2673	2191
2678	2196
2680	2200
2679	2203
2678	2207
2678	2211
2679	2214
2678	2218
2680	2222
2682	2226
2682	2230
2681	2234
2681	2237
2683	2241
2686	2246
2687	2250
2687	2254
2685	2257
2687	2261
2686	2265
2686	2268
2686	2272
2688	2276
2689	2280
2690	2284
2689	2288
2688	2292
2688	2295
2690	2299
2689	2303
2687	2306
2686	2310
2687	2314
2688	2318
2689	2322
2689	2326
2690	2330
2690	2334
2690	2337
2688	2341
2685	2344
2688	2348
2690	2353
2691	2357
2692	2361
2691	2364
2691	2368
2691	2372
2690	2376
2690	2379
2689	2383
2690	2387
2691	2391
2691	2395
2689	2398
2692	2403
2692	2407
2693	2411
2694	2415
2694	2419
2695	2423
2697	2428
2699	2432
2699	2436
2699	2440
2698	2443
2700	2448
2700	2452
2700	2456
2700	2459
2701	2464
2701	2468
2702	2472
2702	2476
2702	2480
2701	2483
2701	2487
2703	2492
2706	2496
2707	2501
2706	2504
2705	2508
2704	2512
2704	2516
2701	2519
2704	2524
2705	2528
2705	2532
2706	2536
2707	2540
2706	2544
2704	2547
2703	2551
2703	2555
2704	2559
2706	2564
2706	2568
2706	2572
2706	2576
2707	2580
2709	2585
2709	2589
2708	2593
2709	2597
2709	2601
2709	2605
2708	2609
2707	2612
2709	2617
2710	2621
2710	2626
2712	2630
2712	2634
2715	2639
2716	2644
2717	2648
2717	2652
2717	2657
2718	2661
2714	2664
2713	2667
2715	2672
2718	2677
2719	2682
2719	2686
2717	2689
2716	2693
2717	2697
2717	2702
2718	2706
2716	2709
2716	2714
2717	2718
2716	2722
2717	2726
2717	2731
2717	2735
2717	2739
2717	2743
2717	2747
2720	2752
2721	2757
2721	2761
2720	2765
2719	2769
2723	2775
2722	2779
2723	2783
2723	2787
2724	2792
2723	2796
2723	2800
2724	2805
2723	2809
2723	2813
2721	2816
2722	2821
2723	2825
2724	2830
2725	2835
2724	2839
2723	2843
2724	2847
2723	2851
2723	2855
2724	2860
2722	2864
2722	2868
2721	2872
2720	2876
2720	2880
2719	2884
2719	2888
2720	2893
2725	2900
2726	2904
2728	2909
2727	2913
2725	2917
2725	2921
2726	2926
2726	2930
2726	2935
2728	2940
2728	2945
2728	2949
2726	2952
2725	2956
2727	2962
2727	2966
2726	2970
2726	2974
2727	2979
2728	2984
2728	2989
2727	2993
2725	2996
2727	3002
2727	3006
2727	3010
2727	3015
2727	3019
2728	3025
2729	3029
2731	3035
2731	3040
2731	3044
2731	3049
2732	3054
2731	3058
2730	3061
2729	3066
2729	3070
2729	3075
2729	3080
2730	3085
2730	3089
2731	3094
2731	3099
2732	3104
2723	3104
2697	3095
2674	3088
2664	3087
2659	3090
2657	3093
2654	3096
2651	3099
2648	3101
2646	3105
2645	3109
2646	3114
2650	3121
2728	3167
2727	3171
2729	3177
2730	3182
2730	3187
2730	3191
2730	3196
2730	3201
2729	3205
2730	3210
2729	3214
2728	3219
2727	3223
2726	3227
2725	3232
2724	3236
2728	3243
2727	3247
2727	3251
2727	3257
2727	3261
2727	3266
2727	3271
2724	3274
2722	3278
2722	3282
2723	3288
2724	3294
2723	3298
2720	3301
2719	3305
2723	3312
2722	3317
2721	3321
2721	3326
2721	3331
2721	3336
2720	3340
2719	3345
2719	3349
2717	3353
2716	3357
2715	3362
2715	3367
2715	3372
2718	3379
2719	3384
2719	3389
2718	3393
2718	3399
2718	3404
2718	3409
2716	3413
2716	3418
2716	3423
2715	3427
2716	3433
2717	3438
2714	3442
2714	3447
2716	3453
2716	3458
2715	3463
2715	3468
2714	3472
2712	3477
2713	3482
2714	3488
2715	3493
2713	3498
2712	3502
2711	3507
2709	3511
2709	3515
2709	3521
2712	3528
2710	3532
2708	3536
2709	3542
2709	3547
2709	3552
2708	3557
2707	3562
2707	3567
2707	3572
2705	3576
2704	3581
2703	3586
2702	3590
2701	3595
2702	3601
2704	3608
2705	3614
2702	3617
2699	3620
2698	3625
2698	3630
2699	3637
2700	3643
2699	3648
2697	3651
2696	3656
2692	3659
2691	3664
2692	3670
2694	3677
2692	3681
2690	3685
2689	3689
2687	3694
2685	3698
2685	3703
2685	3708
2684	3713
2682	3717
2681	3722
2680	3727
2678	3731
2676	3735
2676	3741
2679	3749
2678	3754
2674	3756
2671	3760
2668	3763
2667	3768
2668	3774
2666	3779
2665	3783
2666	3790
2666	3796
2665	3801
2664	3806
2664	3811
2665	3818
2665	3824
2664	3828
2661	3832
2660	3837
2658	3841
2656	3845
2654	3849
2652	3854
2652	3860
2651	3865
2652	3871
2652	3877
2651	3883
2650	3887
2650	3894
2650	3899
2648	3904
2648	3909
2646	3914
2645	3919
2644	3924
2641	3928
2642	3934
2641	3939
2640	3945
2640	3950
2639	3956
2637	3960
2635	3965
2635	3970
2633	3975
2632	3981
2633	3987
2632	3993
2630	3997
2629	4002
2626	4006
2623	4009
2619	4012
2617	4016
2616	4022
2616	4028
2615	4033
2613	4037
2612	4043
2609	4046
2606	4050
2604	4055
2603	4060
2603	4066
2603	4072
2600	4076
2597	4080
2597	4086
2596	4092
2591	4093
2569	4080
2548	4066
2540	4066
2543	4075
2540	4079
2539	4083
2534	4085
2535	4093
2532	4096
2531	4102
2527	4104
2529	4113
2547	4135
2563	4157
2567	4167
2567	4174
2566	4179
2565	4185
2566	4192
2564	4198
2563	4203
2559	4206
2559	4212
2558	4218
2557	4224
2555	4229
2553	4234
2553	4240
2553	4246
2551	4251
2549	4256
2548	4262
2546	4267
2543	4270
2540	4274
2536	4277
2533	4280
2529	4284
2525	4286
2522	4290
2519	4294
2517	4299
2516	4304
2512	4308
2510	4312
2255	4058
2252	4061
2252	4068
2251	4072
2247	4075
2249	4083
2246	4086
2242	4089
2243	4095
2239	4098
2239	4104
2237	4108
2232	4110
2231	4115
2227	4117
2225	4122
2469	4388
2467	4393
2463	4396
2459	4399
2457	4403
2455	4409
2453	4414
2449	4416
2445	4420
2442	4424
2441	4429
2438	4433
2434	4436
2432	4441
2430	4447
2428	4451
2427	4458
2424	4462
2422	4467
2420	4471
2417	4475
2414	4479
2410	4482
2406	4485
2404	4490
2402	4496
2399	4500
2397	4504
2395	4510
2393	4515
2390	4519
2387	4523
2384	4527
2380	4531
2377	4534
2374	4538
2371	4542
2367	4546
2363	4548
2361	4553
2359	4558
2356	4563
2352	4566
2349	4569
2344	4572
2341	4575
2337	4579
2334	4583
2330	4586
2328	4590
2323	4593
2319	4595
2315	4598
2313	4603
2310	4608
2308	4613
2306	4618
2303	4622
2299	4625
2293	4626
2291	4631
2289	4636
2287	4642
2284	4646
2281	4650
2278	4655
2276	4659
2272	4663
2267	4665
2263	4667
2259	4670
2257	4675
2255	4681
2250	4683
2246	4686
2243	4690
2240	4695
2237	4699
2234	4703
2232	4708
2229	4713
2225	4715
2221	4719
2217	4722
2214	4726
2211	4729
2206	4732
2202	4735
2199	4738
2195	4742
2192	4746
2191	4754
2189	4759
2186	4763
2103	4658
2099	4660
2095	4663
2092	4667
2091	4674
2160	4779
2156	4781
2152	4785
2148	4787
2144	4790
2139	4792
2135	4795
2131	4798
2127	4801
2123	4804
2119	4807
2114	4809
2111	4813
2108	4817
2105	4821
2101	4824
2098	4829
2094	4832
2091	4837
2088	4841
2084	4844
2081	4849
2078	4853
2074	4857
2070	4859
2066	4862
2063	4867
2059	4870
2056	4874
2052	4878
2049	4882
2047	4887
2044	4893
2041	4897
2037	4901
1958	4789
1955	4793
1950	4793
1944	4794
1940	4797
1937	4801
1934	4805
1932	4810
1930	4816
1927	4822
1925	4827
1925	4835
1992	4952
1988	4955
1985	4960
1983	4965
1979	4969
1975	4971
1971	4975
1966	4977
1962	4979
1958	4984
1955	4987
1951	4991
1945	4992
1941	4993
1937	4997
1933	5001
1930	5006
1926	5009
1922	5012
1917	5013
1913	5016
1909	5019
1906	5024
1902	5028
1898	5031
1893	5033
1889	5036
1884	5037
1880	5040
1875	5042
1871	5045
1866	5047
1861	5048
1858	5053
1854	5056
1850	5059
1846	5063
1842	5065
1838	5069
1834	5072
1830	5075
1827	5080
1823	5085
1819	5088
1814	5090
1807	5087
1794	5073
1765	5030
1755	5023
1750	5024
1746	5028
1743	5033
1740	5037
1735	5039
1731	5042
1768	5122
1763	5124
1758	5124
1753	5126
1717	5068
1725	5095
1735	5125
1738	5142
1735	5146
1731	5149
1727	5152
1722	5155
1718	5158
1714	5161
1710	5164
1706	5168
1702	5173
1699	5177
1695	5181
1690	5183
1686	5185
1682	5189
1678	5192
1675	5198
1670	5199
1666	5203
1663	5208
1659	5212
1654	5213
1648	5213
1644	5217
1640	5220
1635	5222
1630	5224
1627	5228
1622	5231
1613	5223
1602	5211
1593	5204
1586	5201
1581	5204
1578	5208
1574	5212
1572	5219
1570	5229
1570	5240
1569	5251
1566	5257
1562	5260
1558	5262
1553	5265
1549	5267
1544	5269
1538	5269
1534	5272
1529	5275
1525	5278
1521	5282
1516	5284
1512	5287
1508	5290
1504	5294
1500	5297
1495	5299
1490	5300
1485	5303
1481	5305
1477	5309
1474	5314
1470	5318
1464	5318
1460	5321
1455	5324
1451	5328
1447	5331
1441	5331
1436	5332
1431	5334
1427	5336
1422	5338
1418	5342
1415	5347
1412	5354
1407	5356
1402	5359
1398	5360
1393	5363
1388	5364
1383	5365
1378	5366
1373	5368
1368	5370
1363	5372
1358	5373
1353	5374
1348	5376
1343	5378
1339	5380
1334	5382
1329	5384
1324	5387
1320	5389
1315	5392
1311	5395
1306	5398
1302	5400
1297	5403
1292	5405
1288	5407
1283	5410
1279	5413
1274	5415
1270	5419
1266	5422
1260	5423
1255	5424
1251	5426
1246	5428
1241	5431
1237	5434
1233	5438
1228	5441
1224	5445
1219	5448
1215	5449
1210	5452
1205	5453
1200	5454
1195	5457
1190	5459
1186	5461
1181	5463
1176	5465
1172	5469
1167	5471
1162	5474
1158	5476
1153	5478
1148	5480
1143	5481
1138	5484
1133	5486
1128	5487
1123	5488
1118	5490
1113	5492
1108	5491
1102	5492
1098	5494
1093	5496
1088	5498
1083	5501
1079	5503
1073	5504
1068	5504
1063	5506
1058	5508
1054	5511
1049	5514
1044	5514
1039	5515
1034	5516
1028	5517
1023	5518
1018	5520
1013	5520
1008	5522
1004	5526
999	5528
994	5530
989	5531
984	5532
979	5534
974	5535
969	5537
964	5540
959	5542
954	5543
949	5545
944	5546
939	5547
934	5547
929	5548
924	5551
919	5553
913	5552
908	5553
903	5553
897	5553
892	5554
888	5558
884	5562
879	5564
873	5564
868	5565
863	5566
858	5568
853	5570
848	5569
842	5569
837	5571
834	5578
829	5580
823	5580
818	5580
813	5580
807	5580
802	5580
797	5583
792	5586
787	5585
782	5585
777	5587
772	5588
767	5590
761	5590
756	5592
751	5593
747	5596
742	5598
737	5600
731	5600
726	5601
722	5604
716	5606
711	5607
706	5607
701	5608
696	5609
690	5609
685	5611
680	5612
675	5611
670	5611
664	5611
659	5611
654	5611
649	5613
643	5613
638	5614
633	5613
628	5614
623	5615
617	5616
613	5619
607	5619
602	5618
596	5617
591	5616
586	5617
581	5618
576	5619
570	5620
565	5620
560	5622
555	5622
550	5622
544	5623
539	5623
534	5621
529	5623
524	5626
519	5628
514	5629
508	5629
503	5629
498	5630
493	5632
488	5634
483	5634
478	5635
473	5636
467	5636
462	5636
457	5636
452	5637
446	5638
441	5639
436	5640
431	5641
426	5640
420	5640
415	5640
410	5638
404	5638
399	5638
394	5640
389	5641
384	5640
379	5642
373	5641
368	5643
363	5645
358	5645
353	5644
347	5643
342	5643
337	5643
332	5644
326	5643
321	5643
316	5642
311	5642
305	5641
300	5643
295	5642
290	5642
285	5643
280	5645
275	5647
269	5648
264	5647
259	5647
254	5648
249	5649
243	5651
238	5650
233	5650
228	5651
223	5650
217	5651
212	5652
207	5653
202	5654
197	5654
192	5654
186	5654
181	5655
176	5655
171	5656
166	5656
160	5656
155	5656
150	5658
145	5658
140	5658
134	5660
129	5660
124	5658
119	5658
114	5659
108	5659
103	5659
98	5659
93	5660
88	5662
82	5662
77	5661
72	5658
67	5658
61	5660
56	5661
51	5661
46	5660
41	5661
35	5662
30	5661
25	5663
20	5663
15	5663
9	5663
4	5663
-1	5662
-6	5662
-11	5663
-17	5663
-22	5663
-27	5663
-32	5662
-37	5661
-43	5662
-48	5661
-53	5658
-58	5656
-63	5655
-69	5655
-74	5655
-79	5656
-84	5656
-89	5652
-95	5651
-100	5651
-105	5650
-110	5648
-112	5017
-116	5019
-120	5022
-125	5023
-129	5020
-133	5017
-138	5016
-142	5017
-146	5014
-151	5003
-155	5001
-159	5001
-164	5001
-168	5001
-172	5001
-177	5005
-181	5001
-185	5000
-190	5001
-194	5004
-199	5013
-203	5019
-208	5018
-212	5017
-217	5021
-221	5024
-225	5024
-230	5021
-234	5016
-277	5662
-281	5640
-286	5640
-292	5641
-297	5641
-302	5640
-307	5640
-312	5639
-317	5636
-322	5635
-327	5634
-333	5632
-338	5631
-343	5630
-348	5629
-353	5628
-358	5629
-364	5630
-369	5632
-374	5631
-379	5631
-384	5631
-389	5629
-395	5632
-400	5632
-405	5631
-410	5628
-415	5627
-420	5627
-426	5627
-431	5627
-436	5627
-441	5626
-446	5625
-451	5623
-456	5621
-461	5620
-466	5617
-471	5615
-476	5610
-481	5606
-486	5604
-491	5603
-496	5601
-501	5598
-506	5596
-511	5594
-516	5592
-520	5588
-525	5586
-530	5586
-535	5585
-541	5586
-546	5587
-552	5590
-557	5594
-563	5596
-568	5595
-573	5595
-578	5595
-584	5595
-589	5594
-594	5594
-599	5594
-604	5594
-609	5593
-614	5592
-619	5591
-625	5594
-630	5593
-635	5591
-640	5590
-645	5589
-650	5586
-655	5586
-660	5585
-666	5587
-671	5586
-676	5585
-681	5584
-686	5582
-691	5582
-696	5580
-701	5580
-706	5578
-711	5575
-716	5574
-721	5572
-726	5570
-731	5568
-736	5567
-741	5566
-746	5564
-751	5562
-756	5561
-761	5560
-766	5558
-770	5556
-775	5553
-780	5549
-784	5546
-790	5546
-795	5545
-800	5545
-805	5545
-810	5545
-816	5547
-821	5545
-826	5544
-831	5541
-836	5541
-841	5541
-846	5537
-850	5534
-855	5531
-859	5527
-864	5525
-869	5525
-875	5527
-880	5527
-885	5525
-890	5522
-896	5529
-902	5529
-907	5528
-912	5526
-917	5525
-921	5523
-926	5522
-932	5523
-938	5525
-943	5524
-948	5523
-953	5524
-959	5525
-964	5523
-968	5521
-973	5519
-979	5520
-984	5519
-989	5520
-994	5518
-1000	5518
-1005	5518
-1010	5517
-1015	5516
-1020	5514
-1025	5514
-1031	5514
-1036	5513
-1041	5511
-1045	5509
-1051	5508
-1056	5508
-1061	5507
-1066	5507
-1071	5505
-1076	5503
-1081	5504
-1087	5504
-1092	5502
-1096	5499
-1101	5496
-1106	5495
-1111	5494
-1117	5495
-1122	5494
-1126	5491
-1131	5489
-1136	5488
-1141	5487
-1146	5485
-1151	5483
-1157	5485
-1162	5484
-1167	5483
-1171	5479
-1175	5475
-1180	5473
-1185	5471
-1190	5469
-1194	5466
-1200	5466
-1205	5465
-1210	5466
-1215	5464
-1220	5462
-1225	5460
-1230	5458
-1234	5455
-1239	5454
-1244	5452
-1249	5451
-1254	5449
-1260	5449
-1265	5449
-1270	5447
-1275	5446
-1279	5443
-1284	5441
-1288	5438
-1293	5436
-1299	5436
-1304	5436
-1309	5434
-1314	5432
-1319	5430
-1323	5428
-1328	5426
-1333	5424
-1338	5425
-1344	5424
-1349	5422
-1353	5421
-1358	5419
-1363	5416
-1368	5414
-1373	5413
-1377	5409
-1381	5406
-1386	5404
-1391	5403
-1397	5403
-1402	5402
-1407	5402
-1411	5398
-1415	5393
-1419	5389
-1423	5384
-1428	5382
-1433	5382
-1438	5381
-1442	5377
-1447	5374
-1451	5372
-1456	5371
-1461	5369
-1466	5367
-1471	5366
-1476	5364
-1480	5361
-1484	5358
-1489	5355
-1493	5351
-1497	5348
-1502	5346
-1507	5345
-1512	5345
-1518	5344
-1522	5342
-1527	5339
-1532	5337
-1536	5335
-1542	5334
-1547	5333
-1551	5330
-1556	5327
-1560	5325
-1565	5323
-1570	5321
-1575	5319
-1580	5319
-1586	5319
-1591	5319
-1596	5317
-1601	5315
-1606	5314
-1611	5312
-1615	5310
-1620	5309
-1625	5307
-1630	5306
-1635	5304
-1640	5301
-1645	5300
-1650	5298
-1654	5295
-1659	5293
-1663	5291
-1669	5290
-1673	5288
-1678	5286
-1683	5284
-1688	5282
-1693	5282
-1698	5279
-1702	5277
-1707	5275
-1711	5272
-1716	5270
-1721	5268
-1726	5267
-1731	5265
-1735	5262
-1739	5258
-1743	5254
-1748	5251
-1752	5249
-1757	5247
-1762	5245
-1766	5243
-1771	5240
-1775	5238
-1780	5236
-1786	5235
-1790	5232
-1794	5228
-1798	5226
-1802	5222
-1805	5216
-1808	5211
-1812	5207
-1817	5205
-1821	5202
-1825	5198
-1829	5195
-1834	5193
-1838	5190
-1843	5188
-1847	5186
-1852	5184
-1856	5181
-1862	5180
-1866	5177
-1871	5176
-1876	5174
-1881	5172
-1886	5171
-1890	5168
-1895	5166
-1899	5163
-1904	5161
-1908	5157
-1911	5153
-1915	5148
-1918	5144
-1923	5142
-1927	5139
-1932	5137
-1937	5135
-1941	5133
-1946	5131
-1951	5130
-1956	5128
-1961	5127
-1965	5123
-1969	5120
-1974	5117
-1979	5116
-1983	5113
-1987	5110
-1991	5106
-1996	5104
-2000	5101
-2005	5099
-2009	5096
-2014	5095
-2019	5092
-2023	5089
-2028	5087
-2032	5084
-2035	5078
-2037	5073
-2040	5068
-2044	5064
-2047	5058
-2050	5054
-2054	5051
-2058	5048
-2062	5045
-2066	5041
-2071	5038
-2074	5034
-2078	5031
-2083	5029
-2088	5027
-2090	5022
-2093	5017
-2098	5015
-2102	5012
-2105	5006
-2109	5003
-2113	5000
-2117	4996
-2121	4994
-2125	4990
-2129	4987
-2133	4985
-2138	4983
-2142	4979
-2145	4975
-2148	4970
-2151	4965
-2156	4962
-2160	4961
-2165	4959
-2168	4954
-2172	4950
-2175	4946
-2178	4942
-2182	4937
-2185	4934
-2190	4931
-2193	4927
-2197	4924
-2202	4922
-2207	4920
-2210	4915
-2212	4910
-2217	4907
-2221	4905
-2227	4904
-2229	4899
-2232	4893
-2235	4890
-2241	4888
-2248	4890
-2252	4887
-2255	4882
-2257	4876
-2260	4872
-2263	4868
-2267	4864
-2272	4862
-2277	4860
-2281	4857
-2285	4854
-2289	4851
-2291	4845
-2294	4842
-2298	4839
-2302	4835
-2306	4831
-2309	4827
-2312	4823
-2316	4819
-2319	4814
-2321	4810
-2325	4806
-2329	4803
-2334	4801
-2339	4800
-2342	4795
-2345	4790
-2348	4786
-2350	4781
-2355	4778
-2359	4776
-2364	4774
-2367	4769
-2369	4764
-2372	4760
-2376	4757
-2380	4753
-2384	4750
-2384	4742
-2386	4737
-2390	4734
-2394	4731
-2398	4728
-2402	4725
-2407	4722
-2411	4720
-2415	4717
-2419	4713
-2422	4709
-2426	4706
-2432	4706
-2436	4703
-2439	4699
-2443	4695
-2446	4691
-2450	4688
-2455	4686
-2459	4683
-2462	4679
-2465	4675
-2468	4670
-2472	4667
-2476	4664
-2480	4661
-2483	4657
-2487	4654
-2490	4650
-2490	4642
-2492	4636
-2494	4630
-2496	4626
-2497	4619
-2497	4611
-2499	4605
-2502	4601
-2506	4598
-2509	4594
-2511	4589
-2515	4585
-2518	4581
-2522	4578
-2525	4574
-2528	4571
-2532	4568
-2537	4565
-2539	4561
-2540	4554
-2543	4550
-2546	4546
-2548	4541
-2551	4537
-2554	4532
-2557	4529
-2562	4526
-2565	4522
-2568	4518
-2572	4516
-2573	4509
-2576	4505
-2579	4501
-2581	4496
-2583	4490
-2584	4485
-2586	4479
-2589	4475
-2591	4470
-2593	4465
-2596	4461
-2600	4457
-2604	4455
-2607	4451
-2610	4447
-2613	4443
-2617	4440
-2619	4435
-2621	4430
-2624	4426
-2626	4421
-2628	4416
-2633	4414
-2635	4409
-2639	4406
-2643	4403
-2644	4397
-2645	4391
-2648	4387
-2652	4385
-2656	4381
-2661	4379
-2663	4375
-2664	4368
-2662	4359
-2660	4351
-2664	4347
-2668	4345
-2673	4343
-2677	4340
-2679	4335
-2679	4328
-2679	4321
-2681	4316
-2684	4312
-2684	4305
-2686	4300
-2690	4298
-2692	4293
-2695	4289
-2697	4284
-2698	4278
-2701	4275
-2704	4271
-2705	4265
-2707	4260
-2709	4255
-2712	4251
-2716	4248
-2719	4245
-2719	4239
-2721	4234
-2723	4228
-2723	4222
-2726	4218
-2729	4214
-2731	4209
-2733	4205
-2737	4202
-2741	4200
-2742	4194
-2744	4189
-2746	4184
-2747	4179
-2750	4175
-2752	4170
-2754	4166
-2757	4162
-2760	4158
-2762	4154
-2764	4149
-2764	4143
-2767	4138
-2770	4135
-2772	4130
-2773	4125
-2776	4121
-2779	4117
-2782	4114
-2785	4110
-2788	4106
-2789	4100
-2789	4094
-2788	4087
-2789	4082
-2792	4078
-2795	4075
-2798	4070
-2799	4065
-2802	4061
-2804	4057
-2803	4050
-2802	4043
-2802	4036
-2804	4032
-2806	4027
-2811	4026
-2814	4021
-2817	4018
-2820	4014
-2820	4009
-2822	4004
-2824	3999
-2825	3994
-2826	3988
-2825	3982
-2826	3977
-2829	3972
-2830	3968
-2832	3963
-2831	3956
-2832	3951
-2836	3949
-2839	3944
-2839	3939
-2838	3932
-2838	3926
-2839	3920
-2845	3919
-2842	3911
-2842	3905
-2846	3902
-2848	3898
-2852	3895
-2851	3888
-2850	3882
-2853	3878
-2852	3872
-2853	3867
-2854	3861
-2857	3857
-2860	3854
-2862	3850
-2864	3845
-2866	3841
-2868	3837
-2869	3832
-2870	3827
-2872	3823
-2873	3817
-2870	3809
-2873	3806
-2875	3802
-2876	3797
-2874	3790
-2876	3785
-2878	3781
-2878	3775
-2879	3770
-2881	3766
-2880	3759
-2883	3756
-2879	3747
-2882	3744
-2881	3737
-2878	3730
-2880	3725
-2882	3722
-2886	3719
-2888	3714
-2890	3711
-2890	3705
-2891	3700
-2888	3692
-2886	3685
-2890	3682
-2891	3677
-2891	3672
-2892	3667
-2893	3662
-2889	3654
-2894	3652
-2892	3646
-2891	3640
-2896	3637
-2895	3631
-2897	3627
-2893	3619
-2894	3614
-2895	3609
-2897	3605
-2899	3601
-2900	3597
-2901	3592
-2900	3586
-2897	3578
-2897	3573
-2896	3567
-2900	3564
-2898	3557
-2900	3554
-2900	3548
-2902	3545
-2903	3540
-2904	3535
-2902	3528
-2904	3524
-2908	3522
-2909	3517
-2903	3508
-2907	3505
-2907	3500
-2908	3495
-2909	3491
-2911	3487
-2907	3479
-2906	3474
-2906	3468
-2903	3461
-2902	3455
-2904	3451
-2904	3446
-2904	3441
-2904	3436
-2904	3431
-2902	3424
-2901	3419
-2898	3412
-2897	3406
-2898	3402
-2899	3397
-2902	3394
-2904	3390
-2902	3384
-2903	3379
-2904	3375
-2905	3370
-2905	3366
-2904	3360
-2906	3356
-2905	3351
-2903	3344
-2902	3339
-2903	3334
-2904	3330
-2904	3325
-2903	3319
-2900	3313
-2902	3309
-2905	3306
-2905	3301
-2907	3297
-2907	3292
-2906	3287
-2906	3282
-2902	3274
-2899	3268
-2900	3264
-2898	3258
-2898	3253
-2899	3249
-2899	3244
-2898	3239
-2898	3234
-2898	3229
-2898	3224
-2898	3219
-2900	3215
-2901	3211
-2903	3207
-2900	3201
-2899	3196
-2901	3192
-2899	3187
-2896	3180
-2894	3174
-2895	3170
-2896	3166
-2896	3161
-2895	3156
-2893	3150
-2893	3145
-2891	3140
-2888	3134
-2887	3128
-2887	3124
-2888	3119
-2886	3114
-2883	3108
-2882	3103
-2883	3098
-2884	3094
-2885	3090
-2886	3086
-2886	3081
-2887	3077
-2887	3073
-2887	3068
-2887	3064
-2886	3059
-2885	3054
-2884	3049
-2883	3044
-2882	3039
-2879	3033
-2878	3027
-2877	3022
-2877	3018
-2879	3015
-2879	3010
-2880	3006
-2879	3001
-2876	2995
-2879	2992
-2880	2988
-2871	2979
-2868	2974
-2868	2969
-2867	2964
-2867	2960
-2868	2956
-2868	2951
-2868	2947
-2867	2942
-2866	2937
-2869	2934
-2873	2932
-2868	2925
-2866	2920
-2863	2914
-2864	2910
-2864	2906
-2865	2902
-2863	2897
-2862	2892
-2858	2886
-2856	2881
-2857	2877
-2858	2873
-2855	2867
-2854	2862
-2854	2858
-2853	2853
-2850	2848
-2851	2844
-2844	2837
-2841	2831
-2842	2827
-2844	2824
-2846	2820
-2848	2817
-2848	2813
-2843	2806
-2841	2802
-2841	2797
-2841	2793
-2838	2788
-2837	2783
-2837	2779
-2839	2775
-2836	2770
-2827	2762
-2826	2758
-2828	2754
-2829	2751
-2827	2746
-2832	2744
-2828	2738
-2825	2733
-2823	2728
-2821	2723
-2828	2721
-2825	2716
-2824	2712
-2821	2707
-2815	2700
-2817	2697
-2816	2692
-2815	2688
-2815	2684
-2814	2679
-2807	2673
-2809	2670
-2809	2665
-2805	2660
-2806	2656
-2805	2652
-2809	2649
-2807	2645
-2799	2630
-2799	2626
-2798	2621
-2797	2617
-2797	2613
-2797	2609
-2797	2605
-2796	2601
-2793	2596
-2794	2592
-2791	2587
-2790	2583
-2792	2580
-2790	2575
-2784	2569
-2785	2565
-2783	2561
-2780	2556
-2778	2551
-2779	2548
-2781	2544
-2781	2541
-2778	2536
-2778	2532
-2780	2529
-2781	2525
-2777	2520
-2774	2515
-2774	2511
-2775	2508
-2766	2501
-2764	2497
-2766	2493
-2768	2490
-2766	2486
-2765	2482
-2763	2477
-2763	2473
-2764	2470
-2765	2466
-2764	2462
-2762	2458
-2760	2453
-2757	2449
-2758	2445
-2757	2441
-2755	2437
-2754	2432
-2752	2428
-2754	2425
-2754	2421
-2749	2416
-2750	2412
-2752	2409
-2751	2405
-2752	2402
-2749	2397
-2748	2393
-2747	2389
-2747	2385
-2745	2381
-2745	2377
-2747	2374
-2747	2370
-2740	2365
-2741	2361
-2741	2358
-2744	2355
-2742	2350
-2740	2346
-2736	2342
-2734	2337
-2732	2333
-2731	2329
-2731	2325
-2728	2321
-2726	2317
-2725	2313
-2726	2310
-2725	2306
-2724	2302
-2726	2299
-2727	2295
-2728	2292
-2728	2288
-2728	2284
-2724	2280
-2723	2276
-2723	2272
-2723	2269
-2721	2265
-2722	2261
-2718	2257
-2716	2253
-2713	2248
-2713	2245
-2716	2242
-2715	2238
-2712	2234
-2711	2230
-2713	2227
-2713	2223
-2713	2219
-2714	2216
-2716	2213
-2708	2208
-2710	2204
-2711	2201
-2709	2197
-2708	2193
-2707	2189
-2707	2186
-2708	2182
-2706	2178
-2704	2174
-2701	2170
-2697	2166
-2695	2162
-2695	2159
-2697	2155
-2695	2152
-2694	2148
-2693	2144
-2692	2140
-2693	2137
-2692	2133
-2689	2129
-2691	2126
-2691	2123
-2689	2119
-2690	2115
-2691	2112
-2690	2108
-2687	2104
-2686	2100
-2680	2096
-2683	2093
-2683	2090
-2680	2086
-2678	2082
-2678	2078
-2680	2075
-2679	2071
-2678	2068
-2677	2064
-2676	2060
-2675	2057
-2676	2053
-2675	2050
-2672	2046
-2669	2042
-2670	2039
-2669	2035
-2669	2032
-2668	2028
-2668	2025
-2667	2021
-2665	2017
-2664	2014
-2663	2010
-2662	2007
-2662	2003
-2663	2000
-2663	1996
-2662	1993
-2660	1989
-2660	1986
-2658	1982
-2655	1978
-2655	1975
-2657	1971
-2656	1968
-2656	1964
-2652	1961
-2650	1957
-2652	1954
-2652	1950
-2651	1947
-2649	1943
-2647	1940
-2645	1936
-2646	1933
-2646	1929
-2647	1926
-2647	1923
-2647	1919
-2646	1916
-2643	1912
-2641	1908
-2639	1905
-2638	1901
-2638	1898
-2638	1895
-2639	1891
-2637	1888
-2635	1884
-2635	1881
-2634	1877
-2632	1874
-2631	1870
-2630	1867
-2630	1864
-2630	1860
-2628	1857
-2625	1853
-2625	1850
-2625	1846
-2626	1843
-2624	1840
-2625	1836
-2623	1833
-2624	1829
-2622	1826
-2620	1823
-2618	1819
-2617	1816
-2618	1812
-2618	1809
-2617	1806
-2617	1802
-2619	1799
-2616	1796
-2616	1792
-2615	1789
-2615	1785
-2614	1782
-2611	1779
-2610	1775
-2610	1772
-2610	1769
-2610	1765
-2608	1762
-2607	1759
-2606	1755
-2606	1752
-2606	1749
-2604	1745
-2602	1742
-2602	1738
-2602	1735
-2602	1732
-2602	1728
-2599	1725
-2599	1722
-2599	1718
-2599	1715
-2599	1712
-2598	1709
-2597	1705
-2597	1702
-2597	1699
-2595	1695
-2592	1692
-2591	1689
-2590	1685
-2588	1682
-2585	1679
-2585	1675
-2586	1672
-2585	1669
-2584	1666
-2585	1662
-2583	1659
-2582	1656
-2581	1652
-2576	1649
-2574	1646
-2574	1643
-2576	1639
-2577	1636
-2576	1633
-2572	1629
-2571	1626
-2568	1623
-2567	1620
-2567	1616
-2567	1613
-2567	1610
-2566	1607
-2564	1603
-2563	1600
-2565	1597
-2560	1594
-2559	1591
-2560	1587
-2562	1584
-2560	1581
-2557	1578
-2555	1574
-2554	1571
-2554	1568
-2551	1565
-2549	1562
-2548	1558
-2548	1555
-2549	1552
-2549	1549
-2549	1545
-2547	1542
-2545	1539
-2543	1536
-2541	1533
-2539	1530
-2537	1527
-2535	1523
-2534	1520
-2533	1517
-2532	1514
-2532	1511
-2531	1507
-2530	1504
-2530	1501
-2530	1498
-2528	1495
-2526	1492
-2527	1488
-2525	1485
-2524	1482
-2523	1479
-2521	1476
-2519	1473
-2519	1469
-2518	1466
-2519	1463
-2519	1460
-2518	1457
-2519	1453
-2518	1450
-2517	1447
-2515	1444
-2513	1441
-2512	1438
-2513	1434
-2512	1431
-2510	1428
-2508	1425
-2509	1422
-2508	1419
-2507	1416
-2506	1412
-2506	1409
-2506	1406
-2506	1403
-2505	1400
-2504	1397
-2502	1394
-2502	1390
-2501	1387
-2499	1384
-2499	1381
-2497	1378
-2498	1375
-2498	1371
-2497	1368
-2495	1365
-2493	1362
-2492	1359
-2491	1356
-2491	1353
-2491	1350
-2492	1346
-2490	1343
-2489	1340
-2490	1337
-2490	1334
-2487	1331
-2485	1328
-2484	1325
-2484	1322
-2482	1319
-2482	1315
-2481	1312
-2481	1309
-2480	1306
-2480	1303
-2478	1300
-2479	1296
-2475	1294
-2474	1291
-2472	1288
-2473	1284
-2472	1281
-2472	1278
-2470	1275
-2468	1272
-2466	1269
-2464	1266
-2463	1263
-2462	1260
-2463	1257
-2464	1254
-2464	1250
-2457	1248
-2458	1245
-2458	1242
-2457	1239
-2455	1236
-2453	1233
-2453	1230
-2452	1227
-2451	1223
-2451	1220
-2449	1217
-2448	1214
-2447	1211
-2445	1208
-2443	1206
-2443	1202
-2443	1199
-2443	1196
-2442	1193
-2442	1190
-2441	1187
-2439	1184
-2439	1181
-2438	1178
-2436	1175
-2436	1172
-2435	1168
-2434	1165
-2433	1162
-2431	1160
-2429	1157
-2432	1153
-2434	1149
-2432	1146
-2431	1143
-2431	1140
-2428	1137
-2427	1134
-2429	1131
-2428	1128
-2425	1125
-2424	1122
-2424	1119
-2423	1116
-2422	1113
-2421	1110
-2418	1107
-2416	1104
-2415	1101
-2415	1098
-2412	1096
-2416	1091
-2414	1089
-2413	1085
-2413	1082
-2411	1080
-2407	1077
-2406	1074
-2407	1071
-2409	1067
-2408	1064
-2408	1061
-2407	1058
-2405	1055
-2402	1053
-2401	1049
-2401	1046
-2400	1043
-2398	1040
-2397	1037
-2397	1034
-2396	1031
-2397	1028
-2398	1024
-2395	1021
-2392	1019
-2393	1015
-2392	1012
-2391	1010
-2390	1006
-2390	1003
-2390	1000
-2389	997
-2387	994
-2384	992
-2383	989
-2383	985
-2383	982
-2382	979
-2380	976
-2377	974
-2377	971
-2377	967
-2377	964
-2377	961
-2378	957
-2376	954
-2374	952
-2372	949
-2371	946
-2369	943
-2367	940
-2365	938
-2364	935
-2364	931
-2364	928
-2362	925
-2361	922
-2360	919
-2360	916
-2359	913
-2357	910
-2356	907
-2357	904
-2357	900
-2357	897
-2357	894
-2354	891
-2351	889
-2349	886
-2348	883
-2345	881
-2345	878
-2344	875
-2342	872
-2342	869
-2341	866
-2339	863
-2340	860
-2339	856
-2339	853
-2336	851
-2333	848
-2332	845
-2334	841
-2332	839
-2329	836
-2329	833
-2328	830
-2327	827
-2325	824
-2327	820
-2327	817
-2325	814
-2324	811
-2322	809
-2320	806
-2320	802
-2320	799
-2320	796
-2319	793
-2317	790
-2316	787
-2316	784
-2316	780
-2316	777
-2315	774
-2312	772
-2310	769
-2310	766
-2310	762
-2308	759
-2306	757
-2305	754
-2305	751
-2304	747
-2303	744
-2302	741
-2300	739
-2299	736
-2298	733
-2297	730
-2298	726
-2298	722
-2297	719
-2296	716
-2294	714
-2292	711
-2291	708
-2290	705
-2289	702
-2289	699
-2288	696
-2286	693
-2286	689
-2286	686
-2284	683
-2283	680
-2284	676
-2282	674
-2280	671
-2278	668
-2278	665
-2277	662
-2274	660
-2273	657
-2272	654
-2272	650
-2271	647
-2270	644
-2268	641
-2267	638
-2267	635
-2267	631
-2264	629
-2263	626
-2263	623
-2260	620
-2259	617
-2258	614
-2256	612
-2256	608
-2254	606
-2254	602
-2252	599
-2251	597
-2250	593
-2249	590
-2247	588
-2247	584
-2246	581
-2246	578
-2244	575
-2241	573
-2241	569
-2239	567
-2238	564
-2237	560
-2236	558
-2234	555
-2233	552
-2230	550
-2230	546
-2232	542
-2230	539
-2225	538
-2223	535
-2221	533
-2221	529
-2221	526
-2220	522
-2219	519
-2218	516
-2220	511
-2217	510
-2213	508
-2212	505
-2211	502
-2211	498
-2211	495
-2211	491
-2210	487
-2209	485
-2207	482
-2207	478
-2207	475
-2206	471
-2206	468
-2204	465
-2204	462
-2203	458
-2200	456
-2198	454
-2196	451
-2196	447
-2195	444
-2193	442
-2192	438
-2193	434
-2191	432
-2189	429
-2188	426
-2188	422
-2188	418
-2186	416
-2185	412
-2186	408
-2186	404
-2185	401
-2184	398
-2182	395
-2180	393
-2178	390
-2175	388
-2174	385
-2173	382
-2172	379
-2172	375
-2172	371
-2171	368
-2170	365
-2170	361
-2171	356
-2168	354
-2166	352
-2166	348
-2165	345
-2164	342
-2165	337
-2164	334
-2161	332
-2160	328
-2158	326
-2157	322
-2154	321
-2150	320
-2147	318
-2144	315
-2140	314
-2136	313
-2131	313
-2127	311
-2124	310
-2120	308
-2117	306
-2113	305
-2112	302
-2108	301
-2104	300
-2099	299
-2095	298
-2092	296
-2091	293
-2091	289
-2090	285
-2090	282
-2090	278
-2091	273
-2090	270
-2089	266
-2085	265
-2083	263
-2084	258
-2084	254
-2086	249
-2086	245
-2078	247
-2078	243
-2080	237
-2080	234
-2078	230
-2077	227
-2075	224
-2074	221
-2072	219
-2071	215
-2071	212
-2070	208
-2069	205
-2068	201
-2068	198
-2066	195
-2064	192
-2063	189
-2063	185
-2063	181
-2063	177
-2062	174
-2060	171
-2058	169
-2056	166
-2054	163
-2054	159
-2054	155
-2054	151
-2053	148
-2051	145
-2049	142
-2048	138
-2048	135
-2047	131
-2046	128
-2045	124
-2043	122
-2042	119
-2041	115
-2039	112
-2037	110
-2037	105
-2035	103
-2035	99
-2034	95
-2031	93
-2029	90
-2029	86
-2029	82
-2028	79
-2027	75
-2026	71
-2026	67
-2024	65
-2024	60
-2023	56
-2024	51
-2024	47
-2022	44
-2021	41
-2020	38
-2019	34
-2018	30
-2018	26
-2017	22
-2016	19
-2010	19
-2006	19
-2005	15
-2008	8
-2010	2
-2008	-1
-2007	-4
-2007	-9
-2006	-13
-2005	-16
-2003	-19
-2001	-22
-2000	-26
-2000	-29
-1999	-33
-1998	-37
-1994	-38
-1991	-40
-1989	-43
-1990	-48
-1989	-52
-1987	-54
-1988	-60
-1988	-65
-1987	-68
-1985	-71
-1983	-74
-1982	-77
-1981	-81
-1979	-85
-1977	-87
-1974	-89
-1973	-92
-1973	-97
-1973	-102
-1972	-106
-1970	-109
-1969	-112
-1967	-115
-1967	-120
-1964	-122
-1949	-112
-1932	-100
-1924	-97
-1919	-98
-1916	-99
-1912	-100
-1909	-101
-1906	-104
-1904	-106
-1902	-109
-1899	-111
-1897	-113
-1894	-116
-1892	-118
-1892	-123
-1890	-126
-1886	-127
-1881	-126
-1877	-127
-1874	-128
-1867	-126
-1858	-122
-1848	-116
-1840	-113
-1834	-111
-1827	-110
-1823	-110
-1820	-111
-1816	-112
-1813	-114
-1810	-115
-1808	-118
-1806	-121
-1804	-124
-1801	-125
-1798	-127
-1794	-127
-1789	-127
-1781	-123
-1775	-121
-1769	-120
-1767	-123
-1767	-127
-1766	-131
-1761	-130
-1756	-129
-1751	-129
-1748	-131
-1745	-132
-1743	-135
-1744	-140
-1745	-146
-1744	-150
-1745	-157
-1738	-154
-1730	-150
-1718	-141
-1714	-141
-1710	-142
-1704	-140
-1701	-141
-1696	-141
-1689	-138
-1684	-137
-1680	-137
-1677	-139
-1676	-142
-1678	-150
-1671	-146
-1659	-137
-1651	-133
-1642	-128
-1639	-129
-1636	-130
-1632	-130
-1626	-128
-1622	-128
-1619	-130
-1617	-132
-1615	-134
-1613	-137
-1611	-139
-1607	-140
-1605	-142
-1602	-144
-1601	-147
-1597	-147
-1590	-144
-1585	-143
-1581	-143
-1579	-145
-1575	-145
-1571	-145
-1567	-145
-1563	-145
-1561	-147
-1559	-150
-1557	-153
-1553	-153
-1551	-155
-1541	-148
-1535	-145
-1533	-147
-1531	-149
-1528	-151
-1526	-153
-1523	-154
-1519	-155
-1514	-153
-1511	-154
-1507	-154
-1503	-154
-1499	-154
-1495	-153
-1492	-155
-1488	-155
-1482	-151
-1480	-154
-1477	-156
-1474	-157
-1471	-158
-1469	-160
-1466	-161
-1461	-158
-1456	-157
-1453	-159
-1447	-155
-1442	-154
-1438	-154
-1435	-155
-1434	-158
-1433	-163
-1429	-162
-1427	-164
-1426	-168
-1421	-166
-1416	-164
-1405	-155
-1399	-152
-1399	-156
-1398	-160
-1390	-154
-1385	-152
-1380	-150
-1376	-149
-1371	-148
-1369	-149
-1355	-135
-1351	-135
-1349	-136
-1346	-138
-1344	-140
-1343	-144
-1340	-145
-1337	-145
-1335	-147
-1338	-156
-1341	-167
-1334	-162
-1330	-161
-1322	-155
-1315	-149
-1308	-144
-1304	-144
-1301	-145
-1299	-146
-1298	-149
-1299	-157
-1302	-167
-1304	-174
-1301	-176
-1299	-177
-1296	-178
-1292	-178
-1288	-177
-1285	-178
-1282	-178
-1272	-169
-1268	-167
-1265	-168
-1262	-168
-1259	-169
-1256	-170
-1254	-172
-1251	-173
-1249	-174
-1246	-176
-1244	-178
-1241	-179
-1238	-179
-1233	-176
-1230	-177
-1227	-178
-1224	-179
-1221	-180
-1218	-180
-1214	-179
-1210	-178
-1207	-178
-1203	-177
-1200	-178
-1197	-179
-1195	-181
-1191	-180
-1187	-179
-1184	-179
-1181	-180
-1177	-178
-1174	-178
-1171	-179
-1168	-179
-1164	-179
-1161	-179
-1158	-179
-1154	-179
-1151	-179
-1148	-179
-1145	-179
-1142	-180
-1138	-179
-1134	-178
-1131	-179
-1128	-179
-1125	-179
-1122	-179
-1118	-178
-1115	-179
-1112	-179
-1109	-179
-1106	-179
-1102	-178
-1099	-179
-1096	-178
-1093	-179
-1090	-180
-1087	-180
-1084	-181
-1081	-180
-1076	-177
-1073	-178
-1070	-178
-1068	-180
-1066	-181
-1062	-180
-1057	-177
-1054	-176
-1051	-176
-1048	-178
-1045	-178
-1042	-178
-1038	-176
-1036	-177
-1034	-180
-1029	-177
-1026	-178
-1023	-176
-1019	-175
-1016	-176
-1014	-177
-1012	-179
-1009	-180
-1005	-178
-1002	-179
-997	-174
-990	-166
-984	-159
-979	-157
-976	-157
-974	-157
-971	-158
-968	-159
-966	-161
-963	-160
-960	-160
-956	-157
-950	-151
-941	-139
-935	-133
-932	-132
-929	-133
-927	-134
-925	-135
-923	-138
-921	-140
-918	-140
-916	-142
-916	-147
-916	-154
-914	-156
-907	-148
-901	-142
-898	-140
-895	-140
-893	-141
-890	-143
-889	-145
-887	-149
-886	-153
-885	-157
-882	-156
-879	-155
-875	-154
-871	-150
-867	-148
-863	-147
-861	-147
-858	-148
-855	-148
-853	-148
-777	-2
-774	-1
-771	-0
-768	1
-765	1
-763	-0
-760	1
-758	1
-755	2
-752	1
-750	-0
-747	1
-745	-0
-742	-0
-740	-0
-737	1
-734	1
-732	-0
-732	-6
-732	-14
-732	-18
-728	-17
-724	-11
-720	-7
-717	-8
-718	-15
-716	-18
-715	-22
-746	-131
-744	-135
-743	-138
-742	-142
-739	-142
-737	-143
-735	-145
-732	-145
-729	-144
-727	-145
-725	-147
-722	-148
-720	-149
-718	-151
-715	-152
-713	-152
-711	-154
-709	-155
-706	-156
-704	-157
-701	-158
-698	-156
-696	-158
-689	-144
-686	-144
-683	-145
-681	-144
-679	-146
-678	-152
-678	-159
-675	-158
-673	-161
-669	-159
-666	-158
-664	-158
-662	-160
-659	-161
-656	-158
-652	-153
-648	-151
-646	-151
-643	-150
-640	-150
-638	-151
-635	-152
-633	-152
-630	-151
-628	-154
-627	-159
-625	-162
-624	-165
-622	-167
-620	-169
-616	-166
-611	-157
-606	-151
-603	-149
-601	-150
-599	-151
-597	-156
-597	-163
-596	-170
-596	-177
-593	-178
-591	-180
-588	-179
-586	-179
-573	-145
-571	-145
-577	-178
-575	-178
-572	-178
-563	-153
-562	-159
-560	-161
-557	-162
-555	-163
-555	-172
-553	-175
-551	-178
-549	-179
-547	-181
-545	-184
-542	-184
-540	-184
-537	-184
-535	-184
-532	-186
-530	-185
-527	-186
-525	-186
-521	-183
-519	-185
-517	-185
-514	-184
-511	-184
-509	-184
-506	-184
-504	-185
-501	-186
-499	-186
-496	-184
-493	-183
-491	-184
-488	-186
-486	-187
-483	-186
-481	-186
-478	-184
-475	-184
-473	-184
-470	-185
-468	-185
-465	-185
-463	-186
-460	-185
-457	-185
-455	-185
-452	-186
-450	-187
-448	-187
-445	-186
-442	-186
-440	-186
-437	-186
-435	-186
-432	-185
-429	-184
-427	-185
-424	-185
-422	-186
-420	-188
-418	-189
-415	-190
-412	-187
-409	-187
-407	-187
-405	-189
-402	-187
-399	-187
-397	-186
-394	-186
-392	-186
-389	-186
-386	-185
-384	-185
-382	-186
-379	-186
-377	-187
-374	-187
-372	-186
-369	-185
-366	-186
-364	-187
-361	-186
-359	-185
-357	-187
-354	-187
-351	-187
-349	-187
-347	-188
-344	-190
-342	-187
-339	-186
-336	-187
-334	-187
-332	-187
-329	-186
-326	-186
-324	-187
-322	-188
-319	-187
-317	-188
-314	-188
-312	-187
-309	-187
-307	-187
-304	-187
-302	-186
-299	-186
-297	-186
-294	-187
-291	-186
-289	-186
-287	-186
-284	-186
-281	-185
-279	-185
-277	-185
-274	-186
-272	-185
-269	-184
-266	-179
-263	-174
-260	-172
-257	-164
-254	-163
-252	-159
-249	-155
-246	-153
-244	-153
-241	-152
-239	-150
-236	-149
-234	-149
-231	-149
-229	-151
-227	-154
-225	-156
-222	-157
-220	-156
-217	-156
-215	-156
-213	-160
-212	-178
-209	-177
-207	-175
-204	-173
-202	-173
-199	-174
-197	-175
-194	-176
-192	-172
-189	-173
-187	-175
-185	-175
-182	-174
-180	-176
-177	-179
-175	-178
-173	-181
-171	-185
-168	-185
-166	-186
-163	-186
-161	-186
-158	-186
-156	-183
-153	-181
-151	-181
-148	-183
-146	-184
-143	-182
-141	-181
-138	-180
-136	-178
-133	-175
-131	-170
-128	-167
-126	-167
-123	-169
-121	-167
-118	-165
-116	-164
-114	-164
-111	-165
-109	-165
-106	-164
-104	-167
-101	-165
-99	-165
-97	-166
-94	-165
-92	-164
-89	-163
-87	-162
-85	-164
-82	-167
-80	-168
-77	-168
-75	-169
-70	-181
-68	-183
-65	-184
-63	-184
-60	-182
-58	-177
-55	-173
-53	-171
-51	-172
-48	-174
-46	-174
-43	-173
-41	-172
-38	-170
-36	-168
-34	-166
-31	-162
-29	-163
-26	-164
-24	-164
-22	-165
-19	-166
-17	-164
-14	-160
-12	-158
-10	-158
-7	-158
-5	-156
-2	-156
-0	-157
2	-159
5	-158
7	-158
10	-158
12	-158
14	-158
17	-159
19	-160
22	-160
24	-161
27	-162
29	-162
32	-162
34	-162
36	-162
39	-162
41	-161
44	-159
46	-158
48	-158
51	-158
53	-158
56	-157
58	-155
60	-155
63	-156
65	-157
68	-157
70	-158
73	-159
75	-160
78	-161
80	-164
83	-172
86	-179
89	-177
91	-176
94	-176
96	-176
98	-176
101	-176
103	-176
106	-177
108	-176
111	-176
113	-177
116	-181
119	-186
121	-185
124	-185
126	-185
129	-184
131	-184
134	-184
136	-184
139	-185
141	-186
144	-186
146	-187
149	-186
151	-186
154	-185
156	-185
159	-185
161	-185
164	-185
166	-183
168	-184
171	-184
173	-184
176	-184
178	-185
181	-184
183	-185
186	-183
188	-182
191	-184
193	-185
196	-185
199	-186
201	-186
203	-184
206	-184
208	-185
211	-184
214	-186
216	-186
218	-185
221	-184
223	-183
226	-184
228	-185
231	-185
234	-186
236	-185
238	-185
241	-187
244	-186
246	-186
249	-185
251	-186
254	-186
256	-186
259	-187
261	-185
263	-184
266	-183
268	-183
271	-186
274	-187
276	-185
278	-181
280	-179
282	-177
285	-177
287	-176
290	-178
293	-181
297	-186
299	-186
302	-187
305	-188
307	-188
309	-185
312	-184
314	-183
317	-184
319	-184
322	-185
324	-184
327	-185
330	-184
332	-185
335	-186
338	-187
340	-186
343	-186
345	-185
348	-187
350	-186
353	-185
355	-186
358	-185
361	-187
363	-186
366	-186
368	-185
371	-185
373	-185
376	-186
379	-186
381	-186
384	-185
386	-184
388	-183
391	-184
394	-184
396	-184
399	-185
402	-185
405	-186
407	-185
409	-184
412	-185
415	-184
417	-183
420	-184
422	-184
425	-183
427	-183
430	-184
433	-183
435	-184
438	-184
441	-183
443	-184
446	-183
449	-184
452	-185
454	-185
457	-184
459	-184
462	-185
465	-186
467	-184
470	-184
472	-183
475	-183
477	-183
480	-183
483	-184
485	-183
488	-184
491	-186
494	-187
497	-186
499	-184
501	-184
505	-186
508	-186
510	-185
512	-182
513	-176
512	-167
513	-161
515	-158
517	-155
518	-152
520	-150
523	-149
526	-151
530	-156
536	-166
542	-175
546	-181
549	-180
552	-180
554	-179
555	-173
556	-168
557	-164
558	-160
560	-156
562	-155
564	-153
565	-149
570	-156
566	-135
567	-132
570	-133
573	-134
576	-134
579	-134
581	-133
584	-134
601	-175
604	-173
604	-166
604	-159
604	-152
606	-149
608	-148
611	-148
614	-149
619	-155
624	-161
628	-164
630	-163
632	-159
633	-156
635	-153
637	-152
639	-150
641	-149
645	-150
647	-150
650	-149
652	-148
655	-148
660	-155
663	-156
664	-149
665	-145
668	-146
670	-145
672	-143
674	-141
676	-140
678	-138
680	-135
681	-131
683	-129
686	-128
687	-125
689	-122
706	-156
708	-155
711	-155
713	-154
716	-153
718	-152
720	-151
723	-150
725	-149
728	-148
730	-146
732	-145
735	-145
737	-143
740	-142
742	-141
744	-140
745	-136
746	-132
747	-127
749	-124
749	-118
749	-113
722	-29
721	-21
720	-13
721	-9
722	-6
723	-3
726	-1
728	-0
730	-0
733	-0
736	-0
738	1
740	1
744	-0
774	-1
777	-1
779	0
783	-1
870	-145
875	-149
880	-154
886	-158
889	-158
891	-157
894	-156
895	-153
896	-148
896	-142
898	-141
901	-141
904	-139
906	-138
910	-140
917	-147
923	-154
924	-148
924	-143
924	-138
926	-135
929	-135
933	-136
940	-144
952	-161
961	-170
963	-169
966	-169
971	-171
973	-169
974	-166
978	-167
981	-167
984	-166
987	-166
991	-168
996	-171
1002	-176
1007	-179
1012	-181
1014	-180
1018	-180
1021	-180
1024	-179
1027	-179
1031	-180
1034	-181
1037	-179
1041	-181
1045	-182
1048	-182
1052	-182
1054	-180
1057	-179
1060	-179
1064	-180
1068	-182
1071	-181
1073	-179
1075	-177
1079	-177
1082	-177
1088	-181
1091	-180
1094	-180
1097	-179
1100	-179
1104	-179
1107	-180
1111	-181
1115	-181
1118	-181
1122	-181
1126	-181
1129	-181
1132	-181
1135	-180
1139	-181
1142	-180
1146	-180
1150	-181
1153	-181
1157	-182
1161	-182
1164	-181
1166	-179
1169	-178
1172	-177
1175	-177
1180	-179
1183	-179
1188	-180
1193	-183
1196	-182
1199	-181
1202	-180
1205	-180
1209	-181
1214	-182
1217	-182
1219	-179
1220	-175
1220	-170
1220	-165
1223	-163
1226	-162
1228	-161
1231	-161
1236	-161
1240	-163
1245	-164
1249	-165
1254	-167
1263	-174
1272	-181
1273	-179
1275	-175
1277	-173
1278	-169
1279	-166
1280	-163
1282	-159
1285	-158
1288	-157
1290	-156
1293	-155
1295	-153
1297	-149
1298	-147
1300	-143
1301	-141
1303	-138
1305	-136
1307	-133
1309	-131
1312	-130
1315	-129
1321	-131
1326	-134
1330	-134
1334	-134
1339	-135
1346	-140
1356	-147
1364	-153
1367	-152
1370	-151
1373	-150
1376	-149
1380	-149
1383	-148
1386	-147
1391	-149
1394	-147
1397	-146
1399	-144
1402	-142
1408	-145
1412	-145
1416	-144
1422	-147
1424	-145
1426	-143
1427	-139
1428	-136
1430	-133
1434	-132
1444	-140
1454	-148
1459	-149
1460	-144
1463	-143
1467	-144
1472	-145
1474	-143
1476	-139
1478	-137
1480	-135
1483	-133
1486	-132
1490	-132
1498	-137
1514	-150
1518	-150
1522	-150
1526	-149
1528	-147
1530	-145
1533	-143
1537	-143
1540	-142
1543	-140
1548	-140
1551	-140
1551	-135
1551	-130
1554	-128
1559	-130
1569	-135
1583	-146
1587	-146
1582	-136
1582	-131
1585	-129
1589	-130
1594	-130
1599	-130
1604	-131
1606	-129
1610	-128
1614	-128
1618	-127
1621	-125
1622	-122
1625	-120
1626	-117
1629	-115
1632	-114
1636	-113
1641	-113
1646	-114
1647	-111
1646	-105
1649	-104
1656	-106
1664	-109
1672	-114
1681	-118
1684	-116
1686	-114
1689	-112
1692	-111
1695	-108
1701	-110
1707	-112
1711	-111
1716	-111
1721	-112
1726	-112
1730	-111
1735	-111
1736	-108
1741	-108
1745	-107
1748	-105
1752	-105
1758	-106
1761	-104
1765	-103
1769	-102
1773	-102
1777	-101
1780	-99
1783	-98
1787	-97
1793	-98
1804	-104
1810	-104
1813	-103
1816	-101
1821	-101
1831	-106
1833	-103
1835	-100
1838	-98
1841	-96
1840	-91
1842	-88
1844	-85
1846	-83
1850	-82
1853	-80
1858	-80
1863	-80
1867	-79
1871	-78
1875	-77
1879	-76
1883	-74
1886	-73
1890	-72
1894	-71
1898	-69
1902	-69
1910	-71
1917	-72
1926	-76
1939	-83
1941	-80
1945	-79
1949	-78
1955	-78
1961	-79
1965	-78
1969	-76
1971	-74
1974	-71
1975	-68
1979	-66
1989	-70
1998	-73
1997	-68
2000	-66
2002	-63
2005	-61
2012	-62
2032	-74
2038	-74
2042	-73
2046	-72
2051	-71
2054	-69
2058	-67
2062	-67
2067	-66
2073	-66
2083	-70
2090	-71
2093	-68
2094	-64
2098	-63
2100	-60
2102	-57
2105	-55
2109	-53
2116	-54
2127	-58
2134	-59
2137	-57
2139	-54
2142	-52
2144	-48
2147	-46
2153	-46
2157	-44
2169	-49
2171	-46
2173	-43
2175	-40
2180	-39
2187	-40
2198	-43
2214	-51
2214	-46
2215	-42
2212	-35
2215	-33
2220	-32
2229	-34
2234	-33
2241	-33
2245	-31
2248	-30
2257	-31
2259	-28
2261	-25
2262	-21
2266	-19
2271	-18
2275	-16
2277	-13
2281	-11
2289	-12
2289	-8
2291	-4
2292	-0
2321	-17
2325	-15
2332	-15
2319	-1
2324	0
2335	-3
2341	-2
2346	-1
2342	6
2336	15
2342	15
2349	15
2352	18
2355	21
2353	26
2353	31
2355	34
2355	39
2355	43
2357	47
2358	51
2357	56
2357	61
2359	64
2362	67
2362	71
2363	76
2365	79
2363	85
2364	88
2363	94
2362	99
2362	103
2363	107
2364	111
2365	115
2365	119
2365	124
2364	129
2364	133
2363	139
2365	142
2365	146
2365	151
2365	155
2365	159
2366	164
2368	167
2370	170
2369	175
2369	179
2370	183
2368	188
2367	194
2369	197
2368	202
2367	206
2368	210
2371	213
2373	216
2375	219
2375	223
2376	227
2379	230
2382	232
2381	237
2381	241
2384	244
2385	248
2385	252
2376	262
2375	266
2378	269
2378	273
2374	280
2369	287
2371	290
2378	290
2388	289
2390	292
2390	296
2391	300
2392	304
2394	307
2395	311
2394	315
2391	321
2391	325
2394	328
2397	331
2397	334
2396	339
2396	344
2397	347
2398	351
2399	354
2399	358
2399	363
2401	366
2404	368
2405	372
2405	376
2405	380
2405	384
2406	388
2407	392
2408	395
2409	399
2410	402
2410	407
2409	411
2409	415
2410	419
2413	421
2415	425
2414	429
2415	432
2416	436
2416	440
2416	444
2415	449
2415	453
2416	456
2418	460
2419	463
2420	467
2420	471
2419	475
2418	479
2422	482
2422	485
2423	489
2422	494
2423	497
2424	501
2426	504
2425	508
2426	512
2427	515
2427	519
2427	523
2428	527
2429	530
2430	534
2430	537
2429	542
2429	546
2430	549
2433	552
2434	555
2435	559
2435	563
2439	565
2441	568
2442	571
2443	575
2444	578
2447	581
2448	585
2448	589
2446	594
2446	597
2447	601
2447	605
2447	609
2447	612
2448	616
2449	619
2450	623
2453	626
2453	629
2454	633
2458	635
2462	637
2462	641
2474	640
2472	644
2474	648
2479	650
2482	652
2483	656
2482	660
2480	665
2480	668
2482	671
2485	674
2485	678
2485	682
2488	685
2490	688
2491	691
2492	694
2493	698
2492	702
2492	706
2491	710
2493	713
2495	716
2496	720
2496	724
2497	727
2497	731
2498	735
2501	737
2502	741
2501	745
2501	749
2502	752
2503	756
2503	759
2501	764
2501	767
2503	771
2505	774
2506	777
2506	781
2507	784
2509	788
2510	791
2511	794
2511	798
2511	802
2510	806
2510	810
2510	814
2510	817
2511	821
2512	824
2512	828
2514	831
2513	835
2513	839
2515	842
2517	845
2518	848
2519	852
2521	855
2522	858
2521	862
2521	866
2522	869
2522	873
2522	877
2523	880
2524	884
2524	887
2524	891
2526	894
2527	898
2528	901
2525	906
2526	909
2526	913
2526	916
2528	920
2530	923
2532	926
2534	929
2534	933
2534	936
2535	940
2535	943
2536	947
2537	950
2540	953
2540	957
2540	960
2538	965
2538	968
2539	972
2540	975
2540	978
2538	983
2537	987
2539	990
2542	993
2545	995
2546	999
2546	1003
2547	1006
2549	1009
2549	1013
2549	1016
2549	1020
2550	1023
2551	1027
2552	1030
2553	1034
2554	1037
2553	1041
2554	1044
2554	1048
2554	1051
2554	1055
2555	1059
2553	1063
2551	1067
2552	1070
2553	1073
2555	1077
2556	1080
2556	1083
2558	1087
2559	1090
2558	1094
2558	1097
2559	1101
2560	1104
2560	1108
2562	1111
2566	1114
2568	1117
2569	1120
2569	1124
2569	1128
2570	1131
2571	1134
2571	1138
2571	1142
2571	1145
2571	1149
2572	1152
2573	1156
2573	1159
2573	1163
2574	1166
2574	1170
2574	1173
2575	1177
2575	1180
2574	1184
2575	1187
2576	1191
2576	1194
2575	1198
2575	1202
2576	1205
2579	1208
2580	1211
2581	1215
2579	1219
2579	1222
2579	1226
2580	1229
2581	1233
2582	1236
2582	1240
2583	1243
2584	1246
2586	1250
2585	1254
2585	1257
2586	1260
2584	1264
2585	1268
2586	1271
2584	1275
2584	1278
2586	1282
2587	1285
2588	1289
2588	1292
2586	1296
2589	1299
2590	1302
2590	1306
2587	1310
2585	1314
2587	1317
2590	1320
2593	1323
2593	1327
2594	1330
2594	1334
2594	1337
2593	1341
2595	1344
2596	1348
2597	1351
2598	1354
2596	1358
2600	1361
2600	1365
2600	1368
2600	1372
2603	1375
2604	1379
2604	1382
2604	1386
2603	1389
2601	1393
2601	1397
2603	1400
2607	1403
2608	1406
2608	1410
2607	1414
2607	1417
2608	1421
2609	1424
2608	1428
2607	1431
2608	1435
2608	1438
2608	1442
2609	1445
2611	1449
2612	1452
2612	1456
2614	1459
2614	1462
2613	1466
2615	1469
2614	1473
2613	1477
2615	1480
2615	1483
2616	1487
2617	1490
2615	1494
2615	1498
2615	1501
2613	1505
2614	1508
2614	1512
2614	1515
2614	1519
2617	1522
2619	1526
2619	1529
2623	1532
2622	1536
2621	1539
2622	1543
2622	1547
2623	1550
2623	1554
2623	1557
2625	1560
2624	1564
2620	1568
2618	1571
2628	1574
2628	1578
2623	1582
2622	1585
2624	1589
2627	1592
2627	1596
2627	1599
2624	1603
2626	1606
2629	1610
2630	1613
2631	1617
2629	1620
2630	1624
2633	1627
2631	1631
2632	1634
2634	1638
2634	1641
2631	1645
2630	1649
2633	1652
2633	1656
2634	1659
2632	1663
2632	1666
