2697	1668
2697	1672
2697	1676
2698	1679
2699	1683
2700	1686
2703	1694
2704	1697
2704	1701
2704	1704
2705	1708
2705	1712
2706	1715
2706	1719
2707	1723
2707	1726
2708	1730
2708	1734
2709	1737
2709	1741
2709	1744
2708	1748
2708	1752
2708	1755
2709	1759
2709	1763
2710	1766
2711	1770
2712	1774
2711	1777
2712	1781
2711	1785
2711	1788
2711	1792
2712	1795
2713	1799
2714	1803
2715	1807
2714	1810
2714	1814
2714	1817
2715	1821
2716	1825
2717	1828
2716	1832
2716	1836
2716	1839
2717	1843
2717	1847
2717	1850
2717	1854
2718	1858
2719	1862
2719	1865
2718	1869
2719	1873
2719	1876
2720	1880
2720	1884
2720	1887
2720	1891
2721	1895
2720	1898
2721	1902
2722	1906
2722	1909
2722	1913
2722	1917
2722	1920
2722	1924
2723	1928
2723	1931
2723	1935
2724	1939
2725	1943
2724	1946
2724	1950
2725	1954
2724	1957
2724	1961
2724	1965
2723	1968
2723	1972
2723	1976
2723	1979
2723	1983
2722	1987
2722	1990
2721	1994
2724	1998
2724	2002
2725	2006
2727	2009
2725	2013
2726	2017
2727	2020
2726	2024
2727	2028
2726	2032
2726	2035
2726	2039
2727	2043
2726	2046
2727	2050
2726	2054
2726	2058
2726	2061
2727	2065
2726	2069
2728	2073
2728	2076
2729	2080
2729	2084
2729	2088
2729	2092
2729	2095
2728	2099
2729	2103
2729	2106
2730	2110
2731	2114
2731	2118
2732	2122
2731	2126
2733	2129
2733	2133
2734	2137
2733	2141
2733	2145
2734	2148
2734	2152
2734	2156
2735	2160
2736	2164
2736	2168
2736	2171
2737	2175
2738	2179
2738	2183
2739	2187
2740	2191
2740	2195
2739	2199
2740	2202
2741	2206
2741	2210
2741	2214
2742	2218
2742	2222
2742	2226
2742	2229
2742	2233
2743	2237
2743	2241
2745	2245
2745	2249
2744	2253
2745	2257
2746	2261
2746	2265
2746	2269
2746	2272
2746	2276
2746	2280
2746	2284
2746	2288
2745	2291
2746	2295
2745	2299
2746	2303
2745	2307
2744	2310
2744	2314
2745	2318
2744	2322
2744	2326
2742	2329
2741	2333
2741	2337
2742	2341
2743	2345
2745	2349
2746	2353
2747	2358
2748	2362
2748	2366
2749	2370
2749	2374
2748	2377
2747	2381
2748	2385
2748	2389
2749	2393
2748	2397
2749	2401
2749	2405
2749	2409
2749	2413
2750	2417
2750	2421
2749	2424
2747	2428
2747	2432
2748	2436
2749	2440
2749	2444
2748	2448
2748	2452
2749	2456
2748	2460
2748	2464
2748	2468
2747	2472
2749	2476
2749	2480
2749	2484
2747	2487
2747	2491
2747	2495
2748	2500
2749	2504
2749	2508
2747	2511
2747	2515
2747	2519
2746	2523
2747	2527
2748	2532
2749	2536
2749	2540
2749	2544
2749	2548
2749	2552
2749	2556
2749	2560
2749	2564
2749	2568
2749	2572
2749	2576
2749	2580
2749	2584
2749	2588
2748	2592
2749	2596
2748	2600
2749	2605
2749	2609
2748	2613
2748	2617
2748	2621
2748	2625
2747	2629
2747	2633
2748	2637
2748	2641
2748	2645
2748	2649
2748	2653
2750	2658
2750	2662
2749	2666
2750	2671
2751	2675
2750	2679
2750	2683
2750	2687
2751	2692
2753	2696
2750	2700
2749	2703
2750	2708
2751	2713
2751	2717
2752	2721
2753	2726
2753	2730
2753	2734
2753	2738
2753	2743
2751	2746
2752	2751
2752	2755
2754	2760
2753	2764
2753	2768
2752	2772
2752	2776
2752	2780
2754	2785
2754	2790
2754	2794
2753	2798
2753	2802
2755	2807
2755	2811
2755	2815
2755	2820
2754	2824
2755	2828
2754	2832
2754	2836
2753	2841
2753	2845
2755	2850
2755	2854
2756	2859
2756	2863
2755	2867
2755	2872
2756	2876
2756	2881
2756	2885
2755	2889
2755	2893
2757	2899
2756	2903
2756	2907
2757	2912
2757	2916
2757	2921
2757	2925
2757	2929
2756	2933
2755	2937
2756	2942
2756	2946
2757	2951
2757	2956
2757	2960
2757	2965
2757	2969
2757	2973
2760	2979
2759	2983
2760	2988
2759	2992
2758	2997
2758	3001
2757	3005
2757	3009
2757	3014
2756	3018
2756	3023
2758	3028
2760	3033
2761	3038
2760	3042
2760	3047
2760	3052
2760	3056
2761	3061
2760	3065
2760	3070
2759	3074
2759	3079
2760	3084
2760	3088
2760	3093
2760	3097
2759	3102
2759	3106
2759	3111
2759	3116
2758	3120
2759	3125
2759	3130
2739	3124
2718	3118
2709	3118
2704	3120
2701	3123
2696	3125
2693	3128
2692	3132
2691	3136
2690	3140
2758	3180
2756	3185
2759	3191
2760	3196
2759	3200
2758	3205
2759	3210
2758	3214
2758	3218
2758	3224
2759	3229
2759	3233
2758	3238
2757	3242
2757	3247
2757	3252
2758	3257
2757	3261
2756	3266
2754	3270
2754	3274
2753	3279
2751	3282
2750	3286
2749	3291
2749	3296
2748	3300
2747	3305
2747	3309
2746	3313
2745	3318
2748	3325
2748	3330
2747	3334
2745	3338
2745	3343
2744	3347
2744	3352
2744	3357
2745	3362
2745	3368
2743	3371
2741	3375
2740	3380
2740	3384
2742	3391
2743	3396
2742	3401
2741	3405
2741	3411
2740	3415
2739	3419
2738	3424
2737	3428
2735	3432
2735	3437
2734	3442
2733	3446
2732	3450
2731	3455
2733	3462
2733	3466
2732	3471
2731	3476
2731	3480
2731	3486
2730	3490
2729	3495
2728	3499
2728	3505
2727	3509
2725	3513
2723	3517
2722	3522
2721	3526
2724	3533
2724	3539
2724	3544
2723	3549
2723	3554
2722	3559
2722	3563
2721	3568
2720	3573
2719	3578
2718	3583
2718	3587
2718	3593
2718	3598
2717	3603
2717	3609
2717	3613
2716	3618
2714	3622
2713	3627
2712	3632
2711	3637
2710	3642
2709	3646
2709	3652
2708	3656
2707	3661
2707	3666
2705	3670
2703	3674
2705	3682
2706	3688
2706	3693
2705	3698
2704	3703
2703	3707
2702	3713
2701	3718
2700	3722
2698	3727
2697	3731
2696	3736
2695	3741
2694	3746
2693	3751
2693	3756
2691	3760
2690	3765
2688	3769
2687	3774
2686	3779
2684	3784
2683	3788
2682	3793
2681	3798
2679	3802
2677	3807
2676	3811
2674	3816
2675	3822
2675	3828
2673	3832
2672	3837
2670	3841
2668	3846
2666	3850
2665	3855
2664	3860
2663	3865
2662	3870
2660	3875
2660	3880
2659	3885
2656	3889
2657	3895
2655	3900
2653	3904
2652	3909
2651	3914
2650	3919
2648	3924
2646	3928
2646	3934
2644	3939
2643	3943
2641	3948
2639	3952
2638	3957
2636	3962
2637	3968
2635	3973
2634	3978
2632	3983
2630	3987
2626	3990
2619	3990
2609	3988
2606	3991
2602	3993
2611	4007
2622	4023
2628	4034
2626	4039
2625	4044
2629	4054
2626	4058
2626	4063
2624	4068
2622	4073
2621	4078
2620	4083
2619	4089
2617	4094
2616	4099
2613	4103
2611	4107
2609	4112
2607	4117
2605	4121
2603	4125
2600	4129
2598	4134
2597	4139
2595	4144
2593	4149
2591	4153
2590	4158
2589	4164
2588	4169
2585	4173
2583	4178
2581	4182
2578	4187
2575	4190
2574	4196
2573	4201
2571	4206
2569	4211
2568	4216
2566	4221
2563	4225
2562	4230
2559	4234
2557	4239
2555	4244
2553	4249
2551	4253
2549	4258
2548	4264
2545	4268
2543	4272
2540	4276
2537	4280
2534	4284
2532	4289
2531	4294
2529	4300
2527	4304
2525	4309
2524	4315
2502	4375
2497	4377
2494	4381
2492	4386
2491	4392
2488	4396
2486	4401
2484	4406
2481	4410
2478	4414
2476	4419
2473	4423
2471	4428
2469	4433
2466	4437
2464	4441
2461	4446
2458	4450
2455	4454
2452	4458
2449	4462
2447	4466
2445	4472
2442	4476
2440	4481
2438	4486
2436	4491
2433	4495
2430	4499
2427	4504
2424	4508
2421	4512
2419	4517
2416	4521
2414	4526
2412	4531
2409	4535
2406	4539
2402	4542
2399	4547
2398	4552
2395	4557
2393	4562
2391	4567
2388	4572
2385	4575
2382	4580
2380	4585
2376	4589
2374	4593
2372	4599
2370	4604
2366	4608
2364	4612
2362	4618
2359	4622
2356	4626
2352	4630
2349	4633
2346	4637
2343	4641
2339	4645
2336	4649
2333	4653
2330	4658
2327	4662
2323	4664
2319	4668
2317	4673
2313	4676
2309	4679
2307	4684
2303	4688
2300	4692
2297	4696
2293	4700
2290	4704
2286	4707
2282	4710
2279	4714
2276	4718
2273	4722
2269	4726
2265	4729
2262	4733
2258	4736
2255	4740
2251	4744
2247	4747
2245	4751
2242	4756
2238	4760
2235	4764
2231	4767
2228	4771
2225	4775
2222	4780
2218	4783
2215	4787
2211	4790
2207	4794
2203	4797
2200	4801
2197	4805
2194	4810
2190	4813
2186	4817
2183	4820
2180	4825
2176	4829
2172	4832
2172	4839
2169	4844
2166	4849
2164	4855
2161	4860
2159	4866
2157	4871
2153	4875
2150	4880
2149	4886
2146	4892
2144	4897
2139	4900
2136	4903
2132	4907
2130	4913
2126	4917
2123	4922
2120	4926
2117	4930
2113	4933
2109	4937
2107	4943
2103	4946
2099	4950
2095	4954
2092	4958
2089	4963
2086	4967
2082	4971
2077	4972
2073	4975
2069	4978
2065	4982
2062	4986
2058	4990
2055	4995
2052	5000
2049	5005
2046	5009
2041	5011
2036	5013
2031	5015
2028	5019
2024	5023
2020	5026
2016	5030
2013	5034
2009	5038
2005	5040
2000	5043
1996	5046
1992	5050
1989	5054
1985	5057
1980	5060
1975	5062
1971	5064
1967	5068
1963	5071
1960	5076
1956	5080
1953	5085
1950	5090
1946	5093
1941	5096
1938	5099
1933	5102
1929	5105
1925	5108
1920	5110
1916	5113
1911	5116
1907	5118
1904	5124
1899	5126
1895	5129
1890	5131
1886	5134
1882	5137
1878	5141
1874	5145
1870	5147
1865	5149
1860	5152
1856	5155
1851	5158
1847	5160
1843	5163
1839	5167
1834	5168
1829	5171
1824	5172
1819	5174
1815	5177
1810	5180
1806	5182
1801	5185
1796	5186
1791	5187
1785	5187
1779	5187
1775	5190
1770	5191
1766	5195
1762	5199
1758	5202
1754	5205
1749	5208
1744	5210
1739	5211
1734	5212
1730	5215
1725	5219
1721	5221
1716	5222
1711	5224
1706	5227
1702	5229
1698	5233
1693	5236
1688	5237
1684	5240
1680	5243
1675	5246
1671	5248
1666	5250
1661	5252
1656	5253
1651	5255
1647	5259
1643	5262
1638	5264
1633	5265
1628	5267
1623	5270
1619	5273
1616	5278
1612	5281
1606	5282
1602	5284
1597	5287
1593	5290
1587	5289
1581	5289
1576	5291
1572	5294
1567	5295
1562	5297
1557	5299
1552	5301
1547	5302
1543	5305
1538	5308
1534	5310
1529	5312
1524	5313
1519	5316
1516	5321
1512	5325
1507	5328
1503	5330
1498	5331
1494	5337
1490	5340
1486	5344
1482	5346
1477	5348
1472	5349
1466	5351
1461	5352
1456	5354
1452	5356
1447	5358
1442	5360
1438	5363
1434	5366
1429	5368
1425	5372
1420	5375
1416	5379
1412	5382
1407	5383
1401	5384
1396	5384
1391	5386
1387	5389
1383	5393
1378	5396
1374	5399
1369	5401
1364	5403
1360	5406
1355	5409
1350	5411
1346	5413
1341	5415
1336	5417
1331	5419
1326	5421
1321	5423
1317	5425
1311	5425
1306	5426
1302	5429
1297	5433
1292	5435
1287	5433
1281	5433
1276	5435
1271	5438
1267	5440
1262	5441
1257	5443
1252	5446
1248	5449
1243	5452
1238	5454
1233	5454
1228	5456
1223	5458
1219	5460
1214	5462
1208	5463
1204	5465
1198	5465
1193	5467
1188	5469
1184	5471
1179	5474
1174	5474
1169	5476
1164	5478
1159	5478
1153	5479
1148	5479
1142	5476
1137	5479
1132	5480
1127	5482
1122	5484
1117	5484
1112	5488
1108	5492
1104	5495
1099	5496
1093	5496
1088	5496
1082	5496
1077	5496
1072	5497
1066	5497
1062	5500
1057	5502
1052	5505
1047	5505
1042	5507
1037	5509
1032	5510
1027	5510
1022	5511
1017	5512
1012	5516
1008	5521
1003	5523
999	5525
994	5528
989	5529
984	5531
980	5535
975	5538
970	5539
965	5540
959	5539
954	5538
948	5539
943	5538
937	5539
933	5541
928	5542
922	5543
917	5543
912	5543
907	5544
902	5546
896	5546
891	5546
886	5546
880	5545
875	5545
869	5545
865	5549
860	5551
855	5550
850	5551
844	5552
839	5554
835	5556
830	5558
825	5559
820	5560
815	5561
809	5562
804	5563
800	5566
794	5566
789	5566
784	5567
779	5571
775	5575
770	5576
765	5576
760	5578
754	5577
749	5577
743	5577
739	5579
733	5580
729	5583
724	5586
719	5588
714	5590
709	5592
704	5593
699	5595
694	5595
689	5595
683	5594
678	5592
672	5593
667	5594
662	5596
657	5596
652	5598
647	5600
642	5600
636	5598
631	5597
626	5598
621	5599
616	5601
611	5602
606	5603
600	5603
595	5603
590	5602
584	5602
579	5601
574	5601
569	5602
564	5604
558	5604
553	5603
548	5602
543	5604
537	5605
533	5607
528	5609
522	5609
517	5609
511	5606
506	5607
501	5606
495	5604
490	5603
485	5602
479	5600
474	5599
468	5597
463	5598
458	5597
453	5599
448	5602
443	5604
438	5607
433	5608
428	5610
424	5615
419	5619
414	5621
409	5623
404	5624
399	5625
394	5625
389	5627
383	5626
378	5626
373	5627
368	5628
363	5629
357	5628
352	5628
347	5629
342	5628
337	5629
332	5629
326	5631
321	5631
316	5633
311	5633
306	5634
301	5633
295	5632
290	5632
285	5633
280	5632
275	5633
269	5632
264	5632
259	5635
254	5634
249	5635
244	5637
239	5638
233	5639
179	5030
175	5036
170	5036
166	5035
161	5032
157	5031
152	5031
148	5031
143	5030
139	5022
134	5016
129	5013
125	5007
120	5007
116	5008
112	5011
107	5015
103	5016
99	5019
95	5029
91	5033
87	5033
82	5032
78	5031
73	5034
69	5038
65	5038
60	5035
72	5623
67	5620
62	5621
57	5621
51	5621
46	5624
41	5625
36	5626
31	5627
26	5626
21	5625
16	5625
10	5625
5	5626
-0	5623
-5	5624
-10	5626
-15	5628
-21	5631
-26	5632
-31	5630
-36	5628
-41	5627
-46	5628
-51	5629
-57	5629
-62	5629
-67	5627
-72	5624
-77	5622
-82	5621
-88	5621
-93	5621
-98	5621
-103	5620
-108	5622
-113	5623
-118	5622
-124	5621
-129	5619
-134	5617
-139	5616
-144	5615
-149	5616
-154	5613
-159	5611
-164	5610
-170	5610
-175	5608
-180	5607
-185	5605
-190	5604
-195	5604
-200	5604
-205	5603
-210	5601
-215	5599
-221	5600
-226	5600
-231	5600
-236	5601
-241	5600
-246	5601
-251	5602
-257	5601
-262	5597
-267	5596
-272	5596
-277	5599
-282	5599
-287	5598
-292	5595
-297	5592
-302	5590
-307	5589
-312	5589
-317	5590
-323	5590
-328	5586
-332	5584
-338	5584
-343	5584
-348	5587
-353	5586
-358	5583
-363	5582
-368	5582
-373	5581
-378	5579
-383	5578
-388	5579
-393	5577
-399	5577
-404	5576
-408	5573
-413	5572
-418	5570
-423	5568
-428	5564
-433	5563
-438	5563
-443	5563
-448	5558
-453	5555
-458	5552
-463	5552
-468	5552
-473	5551
-478	5549
-483	5549
-488	5548
-493	5549
-498	5548
-503	5548
-508	5548
-514	5550
-519	5551
-524	5549
-529	5548
-534	5548
-539	5548
-544	5549
-549	5548
-554	5545
-559	5542
-563	5535
-568	5532
-572	5529
-577	5523
-581	5520
-586	5517
-591	5513
-596	5511
-600	5506
-605	5505
-610	5505
-615	5503
-620	5502
-625	5502
-630	5503
-635	5504
-640	5504
-646	5505
-651	5508
-657	5513
-663	5515
-668	5519
-674	5524
-680	5528
-686	5532
-691	5531
-696	5530
-701	5529
-706	5528
-711	5527
-716	5528
-721	5528
-726	5527
-731	5525
-736	5524
-741	5524
-747	5524
-752	5523
-756	5521
-761	5520
-766	5519
-772	5519
-777	5521
-782	5521
-787	5520
-792	5519
-798	5519
-803	5518
-807	5516
-812	5514
-817	5511
-822	5511
-828	5513
-833	5512
-838	5511
-842	5508
-847	5505
-851	5502
-856	5499
-861	5497
-866	5496
-870	5492
-874	5486
-879	5483
-883	5480
-888	5478
-892	5473
-896	5469
-900	5462
-905	5460
-909	5457
-914	5454
-918	5451
-922	5447
-927	5444
-931	5441
-936	5437
-940	5434
-945	5431
-949	5428
-954	5426
-959	5426
-964	5426
-969	5425
-974	5422
-978	5419
-983	5418
-988	5418
-993	5419
-998	5416
-1002	5413
-1007	5412
-1013	5414
-1018	5414
-1023	5413
-1028	5412
-1034	5414
-1039	5415
-1045	5418
-1049	5415
-1054	5412
-1059	5411
-1064	5410
-1068	5407
-1073	5404
-1077	5401
-1081	5398
-1086	5396
-1091	5396
-1097	5397
-1102	5395
-1107	5395
-1111	5392
-1117	5393
-1122	5393
-1127	5392
-1132	5391
-1137	5389
-1141	5387
-1146	5386
-1151	5385
-1156	5385
-1161	5381
-1165	5377
-1169	5374
-1173	5369
-1177	5366
-1181	5362
-1186	5360
-1191	5362
-1197	5363
-1202	5362
-1206	5358
-1210	5354
-1214	5350
-1218	5347
-1222	5342
-1226	5337
-1230	5334
-1234	5330
-1239	5328
-1243	5325
-1247	5322
-1251	5318
-1256	5317
-1261	5315
-1266	5314
-1270	5310
-1274	5308
-1279	5305
-1283	5303
-1287	5300
-1292	5298
-1297	5296
-1302	5296
-1307	5297
-1312	5296
-1317	5295
-1322	5295
-1328	5295
-1333	5294
-1338	5293
-1343	5293
-1348	5291
-1352	5289
-1357	5288
-1362	5285
-1366	5282
-1370	5280
-1375	5277
-1380	5276
-1384	5274
-1389	5272
-1393	5268
-1397	5265
-1401	5263
-1406	5262
-1412	5264
-1418	5265
-1423	5264
-1428	5262
-1433	5261
-1437	5258
-1442	5258
-1448	5258
-1452	5256
-1456	5253
-1461	5252
-1466	5251
-1471	5248
-1475	5246
-1480	5245
-1485	5243
-1490	5242
-1495	5241
-1499	5239
-1504	5237
-1508	5234
-1512	5230
-1516	5227
-1521	5225
-1524	5221
-1529	5219
-1534	5217
-1538	5215
-1543	5214
-1548	5212
-1553	5211
-1558	5210
-1563	5208
-1567	5206
-1571	5201
-1574	5197
-1578	5193
-1582	5190
-1586	5187
-1590	5184
-1592	5175
-1594	5168
-1598	5164
-1602	5161
-1605	5157
-1610	5154
-1614	5151
-1619	5150
-1623	5148
-1628	5146
-1633	5145
-1637	5142
-1641	5139
-1645	5136
-1649	5134
-1656	5135
-1661	5134
-1665	5133
-1670	5132
-1674	5129
-1679	5126
-1683	5124
-1687	5120
-1691	5117
-1695	5114
-1700	5113
-1705	5112
-1710	5112
-1716	5112
-1722	5113
-1727	5111
-1732	5110
-1737	5109
-1741	5107
-1745	5104
-1750	5101
-1754	5099
-1759	5098
-1764	5096
-1768	5094
-1773	5093
-1778	5092
-1783	5089
-1787	5086
-1791	5083
-1794	5079
-1798	5076
-1803	5075
-1808	5073
-1812	5071
-1816	5067
-1819	5063
-1824	5061
-1828	5058
-1831	5053
-1835	5049
-1839	5047
-1843	5043
-1846	5039
-1848	5032
-1851	5027
-1854	5023
-1858	5019
-1862	5016
-1866	5012
-1869	5008
-1873	5005
-1877	5002
-1881	4999
-1885	4997
-1890	4994
-1894	4992
-1898	4990
-1903	4987
-1907	4984
-1911	4982
-1914	4977
-1918	4974
-1922	4972
-1927	4969
-1931	4967
-1936	4965
-1939	4962
-1943	4959
-1948	4957
-1952	4954
-1957	4952
-1959	4947
-1964	4944
-1967	4941
-1971	4937
-1974	4934
-1979	4931
-1983	4929
-1989	4929
-1993	4926
-1997	4923
-2000	4919
-2004	4916
-2008	4913
-2012	4911
-2016	4907
-2019	4903
-2023	4901
-2028	4899
-2031	4895
-2035	4891
-2039	4889
-2043	4886
-2049	4885
-2054	4884
-2059	4882
-2063	4880
-2067	4877
-2071	4875
-2076	4873
-2081	4871
-2085	4868
-2089	4867
-2094	4865
-2098	4862
-2102	4859
-2105	4854
-2108	4850
-2112	4846
-2115	4843
-2118	4839
-2121	4833
-2124	4830
-2128	4826
-2131	4822
-2134	4818
-2138	4815
-2142	4812
-2145	4808
-2149	4805
-2153	4801
-2157	4799
-2160	4795
-2164	4792
-2168	4789
-2172	4787
-2177	4785
-2181	4782
-2184	4778
-2187	4773
-2190	4770
-2194	4767
-2198	4764
-2203	4762
-2207	4759
-2209	4753
-2212	4749
-2216	4746
-2220	4743
-2222	4739
-2226	4735
-2230	4733
-2235	4731
-2237	4726
-2241	4722
-2244	4719
-2248	4716
-2252	4714
-2255	4708
-2260	4707
-2263	4703
-2267	4701
-2269	4694
-2271	4690
-2276	4689
-2281	4687
-2287	4686
-2292	4686
-2295	4681
-2299	4678
-2304	4676
-2306	4671
-2308	4666
-2310	4660
-2314	4657
-2319	4656
-2325	4655
-2328	4652
-2331	4648
-2334	4644
-2338	4641
-2342	4638
-2347	4636
-2350	4633
-2354	4630
-2359	4628
-2363	4625
-2369	4625
-2371	4619
-2374	4615
-2378	4612
-2382	4609
-2386	4606
-2388	4602
-2391	4597
-2394	4593
-2396	4589
-2400	4586
-2404	4583
-2406	4577
-2408	4572
-2411	4568
-2415	4566
-2417	4560
-2421	4557
-2425	4554
-2427	4550
-2429	4544
-2432	4540
-2436	4537
-2441	4536
-2446	4535
-2450	4531
-2452	4526
-2455	4522
-2457	4518
-2461	4515
-2465	4511
-2467	4507
-2471	4504
-2475	4501
-2478	4497
-2481	4493
-2484	4489
-2489	4487
-2492	4484
-2496	4481
-2498	4476
-2502	4473
-2506	4470
-2511	4468
-2515	4466
-2517	4461
-2520	4457
-2524	4454
-2528	4451
-2531	4447
-2534	4443
-2537	4439
-2540	4436
-2545	4433
-2547	4429
-2548	4423
-2549	4417
-2550	4411
-2554	4408
-2558	4405
-2562	4402
-2565	4399
-2568	4395
-2570	4390
-2572	4385
-2574	4380
-2575	4373
-2576	4368
-2580	4365
-2583	4361
-2586	4357
-2589	4353
-2592	4350
-2595	4346
-2598	4343
-2597	4334
-2598	4329
-2602	4325
-2605	4322
-2609	4319
-2612	4315
-2614	4311
-2616	4306
-2618	4301
-2621	4297
-2624	4293
-2626	4288
-2628	4284
-2632	4281
-2635	4277
-2635	4271
-2638	4267
-2642	4264
-2644	4259
-2646	4255
-2649	4251
-2652	4247
-2654	4243
-2657	4239
-2660	4234
-2662	4230
-2664	4226
-2667	4222
-2670	4218
-2673	4215
-2675	4209
-2677	4205
-2679	4200
-2681	4195
-2684	4192
-2688	4189
-2689	4184
-2690	4178
-2691	4173
-2695	4170
-2699	4167
-2701	4162
-2704	4158
-2706	4154
-2709	4150
-2708	4143
-2709	4138
-2711	4133
-2715	4130
-2717	4126
-2720	4122
-2721	4116
-2719	4109
-2720	4103
-2721	4097
-2723	4093
-2724	4087
-2725	4082
-2726	4077
-2729	4073
-2730	4068
-2733	4064
-2734	4059
-2735	4054
-2738	4050
-2741	4047
-2744	4043
-2745	4037
-2746	4032
-2749	4029
-2752	4025
-2754	4020
-2755	4016
-2756	4010
-2758	4006
-2761	4002
-2764	3998
-2766	3994
-2767	3989
-2767	3982
-2769	3978
-2770	3973
-2770	3967
-2772	3962
-2775	3959
-2778	3955
-2780	3951
-2783	3948
-2785	3943
-2786	3938
-2786	3932
-2788	3928
-2791	3925
-2794	3921
-2796	3917
-2797	3911
-2798	3906
-2799	3901
-2801	3897
-2803	3893
-2805	3889
-2807	3884
-2809	3879
-2811	3875
-2813	3871
-2812	3864
-2813	3860
-2814	3855
-2816	3850
-2818	3846
-2820	3841
-2820	3836
-2822	3832
-2823	3826
-2821	3820
-2823	3815
-2825	3811
-2827	3806
-2828	3802
-2830	3798
-2827	3789
-2826	3783
-2827	3778
-2830	3775
-2831	3770
-2829	3763
-2829	3757
-2831	3753
-2833	3748
-2835	3744
-2836	3739
-2835	3733
-2833	3726
-2833	3721
-2836	3717
-2838	3713
-2840	3709
-2841	3705
-2842	3700
-2843	3694
-2844	3690
-2846	3686
-2848	3682
-2848	3676
-2848	3671
-2850	3667
-2851	3662
-2852	3657
-2854	3653
-2855	3649
-2856	3644
-2861	3642
-2862	3637
-2862	3632
-2862	3626
-2862	3620
-2862	3615
-2863	3610
-2864	3605
-2865	3601
-2869	3598
-2870	3594
-2872	3590
-2873	3585
-2874	3581
-2873	3574
-2873	3569
-2875	3565
-2878	3562
-2880	3558
-2882	3554
-2884	3550
-2885	3545
-2885	3540
-2886	3536
-2887	3531
-2887	3525
-2889	3522
-2893	3519
-2893	3514
-2893	3508
-2896	3505
-2898	3501
-2899	3496
-2898	3490
-2900	3487
-2903	3484
-2905	3480
-2909	3477
-2911	3473
-2913	3469
-2914	3464
-2915	3460
-2916	3455
-2919	3452
-2921	3448
-2920	3442
-2919	3437
-2921	3432
-2921	3428
-2920	3422
-2922	3418
-2923	3413
-2924	3409
-2924	3404
-2923	3398
-2923	3393
-2922	3387
-2923	3383
-2923	3378
-2923	3373
-2924	3368
-2924	3363
-2925	3359
-2925	3354
-2925	3349
-2923	3343
-2922	3337
-2924	3333
-2923	3328
-2924	3323
-2925	3319
-2926	3315
-2927	3310
-2927	3305
-2924	3299
-2923	3293
-2925	3290
-2928	3286
-2929	3282
-2928	3276
-2929	3272
-2927	3266
-2926	3260
-2925	3255
-2927	3251
-2930	3248
-2931	3244
-2931	3239
-2930	3234
-2931	3229
-2931	3225
-2933	3221
-2935	3217
-2934	3212
-2932	3206
-2931	3200
-2930	3195
-2931	3191
-2934	3188
-2935	3183
-2936	3179
-2937	3175
-2937	3170
-2936	3165
-2935	3160
-2939	3157
-2940	3153
-2939	3147
-2939	3143
-2941	3139
-2941	3134
-2942	3130
-2942	3125
-2941	3120
-2935	3113
-2933	3107
-2934	3102
-2934	3098
-2934	3093
-2934	3089
-2934	3084
-2934	3079
-2934	3075
-2936	3071
-2936	3067
-2936	3062
-2937	3058
-2937	3053
-2936	3048
-2936	3044
-2937	3039
-2936	3034
-2934	3029
-2934	3024
-2933	3019
-2932	3014
-2931	3009
-2931	3005
-2931	3000
-2930	2995
-2928	2990
-2929	2986
-2931	2982
-2931	2977
-2929	2972
-2929	2967
-2928	2963
-2928	2958
-2928	2954
-2926	2948
-2926	2944
-2926	2939
-2925	2935
-2923	2929
-2923	2925
-2923	2920
-2922	2915
-2921	2910
-2920	2905
-2919	2901
-2920	2897
-2921	2893
-2921	2889
-2919	2883
-2919	2879
-2918	2874
-2914	2868
-2912	2863
-2914	2859
-2915	2855
-2914	2851
-2915	2847
-2913	2841
-2912	2837
-2912	2832
-2912	2828
-2912	2824
-2911	2819
-2911	2815
-2909	2810
-2909	2805
-2910	2802
-2910	2797
-2910	2793
-2908	2788
-2908	2783
-2906	2779
-2905	2774
-2904	2769
-2905	2765
-2903	2761
-2904	2756
-2903	2752
-2903	2748
-2901	2743
-2899	2738
-2900	2734
-2898	2729
-2896	2724
-2894	2719
-2895	2715
-2895	2711
-2894	2707
-2893	2702
-2891	2697
-2892	2693
-2891	2689
-2889	2684
-2888	2679
-2889	2675
-2888	2671
-2888	2667
-2887	2662
-2886	2658
-2885	2653
-2885	2649
-2883	2645
-2882	2640
-2881	2636
-2879	2631
-2879	2627
-2879	2623
-2876	2618
-2874	2613
-2873	2609
-2874	2605
-2875	2601
-2873	2596
-2871	2592
-2872	2588
-2872	2584
-2870	2579
-2870	2575
-2868	2570
-2866	2566
-2866	2562
-2866	2558
-2864	2553
-2864	2549
-2863	2545
-2858	2539
-2859	2536
-2858	2531
-2853	2526
-2853	2522
-2855	2519
-2856	2515
-2855	2511
-2854	2506
-2854	2502
-2854	2498
-2851	2494
-2852	2490
-2853	2486
-2852	2482
-2848	2477
-2844	2472
-2841	2467
-2843	2464
-2848	2461
-2849	2458
-2845	2453
-2842	2448
-2829	2440
-2834	2438
-2837	2435
-2837	2431
-2836	2427
-2836	2423
-2836	2419
-2832	2414
-2831	2410
-2831	2406
-2831	2402
-2829	2398
-2828	2394
-2827	2390
-2827	2386
-2828	2382
-2827	2378
-2826	2374
-2824	2370
-2821	2365
-2819	2361
-2820	2357
-2821	2354
-2818	2349
-2816	2345
-2819	2342
-2820	2338
-2820	2334
-2818	2330
-2815	2326
-2816	2322
-2817	2318
-2817	2315
-2816	2311
-2815	2307
-2815	2303
-2813	2299
-2812	2295
-2812	2291
-2811	2287
-2807	2282
-2807	2279
-2808	2275
-2809	2271
-2809	2268
-2806	2263
-2806	2260
-2806	2256
-2805	2252
-2804	2248
-2803	2244
-2803	2240
-2804	2237
-2803	2233
-2802	2229
-2802	2225
-2800	2221
-2797	2217
-2798	2213
-2800	2210
-2798	2206
-2797	2202
-2797	2198
-2796	2194
-2794	2190
-2794	2187
-2793	2183
-2790	2179
-2792	2175
-2792	2172
-2791	2168
-2791	2164
-2788	2160
-2788	2156
-2790	2153
-2788	2149
-2788	2145
-2788	2141
-2787	2138
-2785	2134
-2784	2130
-2785	2126
-2779	2122
-2780	2118
-2780	2115
-2778	2111
-2776	2107
-2773	2103
-2773	2099
-2772	2095
-2771	2092
-2771	2088
-2771	2084
-2768	2080
-2766	2076
-2763	2072
-2762	2069
-2759	2065
-2759	2061
-2757	2057
-2755	2053
-2756	2050
-2757	2046
-2758	2043
-2756	2039
-2756	2035
-2754	2032
-2753	2028
-2752	2024
-2751	2020
-2749	2017
-2747	2013
-2747	2009
-2747	2006
-2747	2002
-2746	1999
-2745	1995
-2743	1991
-2743	1988
-2745	1984
-2745	1981
-2744	1977
-2744	1974
-2742	1970
-2743	1966
-2743	1963
-2740	1959
-2738	1955
-2736	1951
-2736	1948
-2737	1944
-2736	1941
-2734	1937
-2736	1934
-2737	1930
-2735	1927
-2733	1923
-2731	1919
-2728	1916
-2728	1912
-2728	1909
-2728	1905
-2725	1901
-2726	1898
-2726	1894
-2724	1891
-2723	1887
-2722	1884
-2721	1880
-2719	1876
-2719	1873
-2719	1869
-2718	1866
-2717	1862
-2717	1859
-2718	1855
-2718	1852
-2716	1848
-2713	1845
-2713	1841
-2711	1838
-2710	1834
-2710	1831
-2709	1827
-2709	1824
-2710	1820
-2708	1817
-2708	1813
-2707	1810
-2705	1806
-2705	1803
-2707	1799
-2707	1796
-2702	1792
-2700	1789
-2700	1785
-2699	1782
-2699	1778
-2700	1775
-2700	1771
-2698	1768
-2696	1764
-2697	1761
-2697	1757
-2694	1754
-2692	1750
-2691	1747
-2690	1743
-2690	1740
-2688	1737
-2686	1733
-2685	1730
-2685	1726
-2685	1723
-2684	1719
-2684	1716
-2684	1713
-2684	1709
-2683	1706
-2683	1702
-2681	1699
-2679	1695
-2678	1692
-2676	1689
-2676	1685
-2676	1682
-2676	1678
-2676	1675
-2674	1671
-2673	1668
-2672	1665
-2671	1661
-2669	1658
-2668	1654
-2668	1651
-2669	1648
-2668	1644
-2668	1641
-2665	1637
-2664	1634
-2661	1631
-2661	1627
-2660	1624
-2659	1621
-2659	1617
-2659	1614
-2659	1610
-2659	1607
-2657	1604
-2657	1600
-2655	1597
-2655	1594
-2655	1590
-2654	1587
-2652	1584
-2651	1580
-2650	1577
-2649	1573
-2648	1570
-2647	1567
-2647	1563
-2646	1560
-2644	1557
-2643	1553
-2644	1550
-2643	1547
-2641	1543
-2640	1540
-2640	1537
-2638	1533
-2637	1530
-2636	1527
-2637	1523
-2635	1520
-2635	1517
-2634	1513
-2632	1510
-2630	1507
-2629	1504
-2629	1500
-2630	1497
-2629	1494
-2627	1490
-2625	1487
-2623	1484
-2621	1481
-2620	1477
-2620	1474
-2620	1471
-2618	1467
-2618	1464
-2617	1461
-2616	1458
-2617	1454
-2616	1451
-2611	1448
-2609	1445
-2610	1441
-2613	1438
-2612	1434
-2611	1431
-2609	1428
-2610	1424
-2609	1421
-2607	1418
-2607	1415
-2608	1411
-2605	1408
-2604	1405
-2605	1402
-2604	1398
-2602	1395
-2599	1392
-2598	1389
-2597	1386
-2593	1383
-2592	1379
-2592	1376
-2593	1373
-2592	1369
-2590	1366
-2590	1363
-2590	1360
-2589	1356
-2588	1353
-2587	1350
-2587	1347
-2587	1343
-2585	1340
-2584	1337
-2584	1334
-2581	1331
-2580	1327
-2580	1324
-2578	1321
-2578	1318
-2577	1314
-2577	1311
-2576	1308
-2577	1304
-2575	1301
-2573	1298
-2572	1295
-2571	1292
-2570	1289
-2570	1285
-2567	1282
-2564	1279
-2563	1276
-2561	1273
-2562	1270
-2562	1266
-2561	1263
-2560	1260
-2560	1257
-2561	1253
-2557	1250
-2554	1248
-2555	1244
-2556	1241
-2555	1237
-2554	1234
-2551	1231
-2547	1229
-2546	1226
-2546	1222
-2548	1218
-2547	1215
-2544	1212
-2543	1209
-2542	1206
-2542	1203
-2540	1200
-2540	1196
-2538	1193
-2538	1190
-2536	1187
-2535	1184
-2534	1181
-2534	1177
-2533	1174
-2529	1172
-2526	1169
-2526	1166
-2525	1162
-2525	1159
-2527	1155
-2524	1153
-2521	1150
-2521	1147
-2521	1143
-2519	1140
-2518	1137
-2518	1134
-2518	1130
-2517	1127
-2517	1124
-2517	1120
-2515	1117
-2512	1115
-2511	1112
-2511	1108
-2511	1105
-2509	1102
-2507	1099
-2506	1096
-2505	1093
-2503	1090
-2503	1086
-2503	1083
-2502	1080
-2500	1077
-2500	1074
-2498	1071
-2497	1068
-2496	1065
-2495	1061
-2494	1058
-2493	1055
-2491	1052
-2491	1049
-2491	1046
-2489	1043
-2487	1040
-2485	1037
-2484	1034
-2483	1031
-2482	1028
-2481	1024
-2480	1021
-2478	1018
-2477	1015
-2477	1012
-2476	1009
-2475	1006
-2475	1002
-2475	999
-2472	996
-2470	993
-2468	991
-2467	987
-2467	984
-2466	981
-2465	978
-2465	975
-2463	972
-2461	969
-2461	965
-2460	962
-2458	959
-2457	956
-2457	953
-2457	949
-2455	947
-2453	944
-2453	940
-2454	937
-2452	934
-2450	931
-2448	928
-2447	925
-2445	922
-2443	919
-2442	916
-2442	913
-2441	910
-2440	907
-2439	904
-2438	900
-2436	898
-2435	895
-2437	891
-2436	887
-2434	885
-2431	882
-2430	879
-2430	876
-2431	872
-2431	869
-2428	866
-2426	863
-2423	861
-2422	857
-2422	854
-2423	850
-2422	847
-2420	844
-2415	843
-2412	840
-2411	837
-2412	834
-2411	830
-2411	827
-2412	823
-2410	820
-2407	818
-2410	813
-2408	810
-2406	808
-2405	805
-2404	801
-2403	798
-2401	796
-2398	793
-2397	790
-2395	787
-2394	784
-2394	781
-2394	777
-2393	774
-2392	771
-2392	768
-2391	765
-2390	761
-2390	758
-2388	755
-2386	752
-2385	749
-2384	746
-2383	743
-2383	739
-2381	737
-2378	734
-2377	731
-2377	728
-2377	724
-2375	721
-2374	718
-2373	715
-2371	712
-2369	710
-2367	707
-2368	703
-2366	700
-2365	697
-2363	695
-2362	691
-2361	688
-2358	686
-2358	683
-2358	679
-2358	675
-2355	673
-2353	670
-2351	668
-2350	665
-2347	662
-2345	659
-2344	656
-2341	654
-2340	651
-2341	647
-2341	643
-2339	641
-2337	638
-2336	635
-2335	632
-2333	629
-2332	626
-2330	623
-2330	619
-2329	616
-2328	613
-2326	611
-2324	608
-2323	605
-2322	601
-2320	599
-2318	596
-2314	594
-2313	591
-2315	587
-2315	583
-2314	580
-2312	577
-2310	574
-2310	571
-2308	568
-2306	566
-2305	562
-2304	559
-2302	556
-2301	553
-2299	550
-2297	548
-2295	545
-2294	542
-2295	538
-2294	535
-2293	532
-2291	529
-2291	525
-2290	522
-2289	519
-2288	516
-2286	513
-2285	510
-2283	507
-2283	504
-2282	500
-2281	497
-2280	494
-2278	491
-2278	488
-2276	485
-2274	482
-2275	478
-2270	477
-2268	474
-2268	470
-2267	467
-2267	464
-2266	460
-2265	457
-2262	455
-2260	452
-2259	449
-2260	444
-2260	441
-2258	438
-2256	435
-2255	432
-2255	428
-2251	427
-2249	424
-2248	421
-2247	418
-2249	413
-2247	410
-2243	408
-2242	405
-2244	400
-2244	396
-2243	393
-2242	390
-2239	388
-2236	386
-2234	383
-2233	380
-2233	376
-2230	374
-2228	371
-2227	368
-2227	364
-2227	360
-2226	357
-2223	355
-2223	351
-2220	349
-2218	346
-2219	342
-2218	338
-2217	335
-2215	333
-2213	330
-2212	327
-2211	323
-2209	320
-2207	318
-2207	314
-2206	310
-2205	307
-2204	304
-2202	301
-2201	298
-2199	295
-2198	292
-2198	288
-2197	284
-2196	281
-2194	279
-2192	276
-2190	273
-2188	270
-2188	266
-2186	264
-2183	261
-2182	259
-2182	254
-2181	251
-2181	247
-2177	245
-2176	243
-2173	240
-2172	237
-2173	232
-2170	230
-2168	228
-2167	224
-2165	221
-2164	218
-2162	215
-2160	213
-2158	210
-2157	207
-2155	204
-2154	201
-2153	197
-2152	193
-2152	190
-2151	186
-2149	184
-2147	180
-2147	176
-2146	173
-2143	171
-2141	168
-2141	164
-2140	161
-2138	158
-2136	155
-2135	152
-2133	149
-2132	146
-2131	142
-2131	138
-2129	135
-2128	132
-2125	130
-2124	126
-2124	122
-2122	119
-2119	117
-2117	114
-2117	111
-2116	107
-2115	103
-2114	99
-2114	95
-2111	93
-2108	91
-2108	87
-2105	85
-2103	82
-2104	78
-2104	73
-2103	70
-2098	69
-2094	68
-2090	67
-2085	66
-2083	64
-2079	63
-2074	63
-2069	62
-2067	59
-2065	57
-2061	55
-2057	54
-2055	51
-2053	49
-2051	46
-2050	43
-2051	38
-2049	34
-2048	31
-2047	27
-2046	24
-2044	21
-2043	18
-2041	14
-2040	11
-2038	9
-2036	6
-2035	2
-2034	-2
-2032	-4
-2031	-8
-2030	-11
-2030	-16
-2028	-19
-2028	-23
-2026	-26
-2024	-29
-2023	-33
-2023	-37
-2022	-41
-2020	-44
-2018	-46
-2016	-49
-2014	-52
-2012	-55
-2011	-59
-2012	-64
-2011	-68
-2009	-70
-2006	-73
-2005	-77
-2005	-80
-2003	-84
-2001	-86
-1998	-89
-1998	-93
-1997	-97
-1997	-101
-1995	-104
-1993	-108
-1992	-111
-1990	-114
-1989	-118
-1989	-122
-1987	-126
-1985	-128
-1983	-131
-1981	-134
-1979	-136
-1977	-140
-1973	-141
-1958	-131
-1973	-150
-1971	-153
-1971	-158
-1969	-161
-1966	-163
-1945	-147
-1939	-146
-1938	-150
-1935	-151
-1934	-156
-1933	-160
-1927	-158
-1909	-146
-1898	-139
-1896	-142
-1894	-145
-1891	-147
-1887	-148
-1889	-154
-1875	-145
-1866	-141
-1862	-142
-1860	-144
-1857	-146
-1846	-139
-1842	-140
-1840	-142
-1836	-143
-1841	-154
-1839	-156
-1836	-158
-1832	-158
-1830	-161
-1827	-162
-1815	-155
-1809	-153
-1806	-155
-1807	-161
-1799	-157
-1794	-156
-1790	-157
-1785	-156
-1781	-158
-1777	-158
-1774	-160
-1766	-156
-1760	-154
-1752	-150
-1747	-150
-1744	-151
-1738	-150
-1735	-151
-1730	-150
-1726	-151
-1724	-153
-1722	-156
-1721	-159
-1721	-164
-1721	-170
-1680	-128
-1678	-131
-1677	-135
-1677	-139
-1673	-140
-1671	-142
-1665	-140
-1660	-139
-1656	-140
-1653	-140
-1653	-146
-1656	-154
-1654	-157
-1653	-160
-1648	-159
-1641	-156
-1639	-158
-1635	-159
-1632	-161
-1628	-160
-1617	-152
-1605	-142
-1593	-134
-1590	-135
-1588	-137
-1587	-140
-1580	-138
-1576	-137
-1573	-139
-1571	-141
-1569	-143
-1556	-132
-1550	-129
-1545	-129
-1542	-129
-1539	-130
-1534	-129
-1531	-130
-1528	-132
-1525	-133
-1522	-134
-1519	-135
-1516	-137
-1514	-139
-1511	-140
-1509	-142
-1505	-142
-1502	-143
-1500	-146
-1498	-148
-1495	-149
-1492	-151
-1481	-141
-1478	-142
-1475	-143
-1472	-145
-1464	-139
-1460	-138
-1458	-141
-1455	-142
-1452	-143
-1444	-137
-1439	-136
-1437	-138
-1435	-140
-1433	-143
-1432	-146
-1428	-146
-1426	-148
-1424	-151
-1425	-157
-1418	-152
-1412	-150
-1409	-151
-1403	-147
-1399	-147
-1395	-147
-1394	-149
-1392	-152
-1389	-153
-1384	-151
-1376	-145
-1371	-143
-1368	-144
-1365	-145
-1362	-146
-1360	-149
-1358	-150
-1356	-153
-1354	-155
-1351	-155
-1348	-157
-1346	-159
-1344	-160
-1341	-162
-1338	-163
-1336	-165
-1334	-167
-1333	-170
-1328	-170
-1325	-170
-1320	-168
-1315	-166
-1317	-174
-1314	-174
-1312	-176
-1309	-178
-1306	-179
-1303	-179
-1300	-179
-1296	-179
-1293	-180
-1287	-177
-1284	-176
-1281	-178
-1273	-170
-1269	-169
-1266	-170
-1263	-172
-1260	-173
-1258	-174
-1257	-177
-1254	-179
-1250	-178
-1247	-178
-1244	-179
-1241	-179
-1236	-176
-1231	-175
-1229	-176
-1226	-178
-1223	-178
-1217	-174
-1208	-164
-1202	-161
-1200	-163
-1199	-166
-1197	-169
-1196	-172
-1193	-173
-1191	-175
-1187	-174
-1181	-169
-1178	-170
-1176	-172
-1173	-173
-1171	-175
-1168	-176
-1166	-178
-1163	-177
-1160	-178
-1156	-178
-1153	-177
-1149	-176
-1145	-176
-1142	-176
-1138	-175
-1136	-177
-1133	-176
-1130	-177
-1127	-177
-1123	-176
-1119	-176
-1116	-176
-1113	-177
-1110	-176
-1107	-177
-1104	-177
-1101	-177
-1097	-177
-1092	-172
-1088	-171
-1085	-171
-1082	-171
-1079	-173
-1076	-173
-1073	-172
-1070	-172
-1067	-173
-1064	-173
-1061	-174
-1057	-171
-1052	-169
-1050	-171
-1050	-177
-1048	-179
-1045	-179
-1042	-178
-1039	-179
-1036	-179
-1032	-178
-1025	-170
-1018	-163
-1015	-163
-1012	-162
-1008	-162
-1005	-161
-1003	-162
-1001	-164
-998	-166
-995	-166
-992	-166
-990	-168
-984	-162
-982	-165
-980	-167
-978	-168
-976	-170
-974	-171
-970	-171
-967	-171
-965	-171
-962	-172
-959	-173
-955	-170
-952	-170
-950	-172
-948	-174
-942	-167
-936	-160
-932	-158
-928	-157
-926	-158
-924	-161
-924	-167
-919	-162
-910	-148
-904	-142
-901	-141
-898	-143
-896	-144
-893	-144
-891	-146
-889	-149
-890	-156
-887	-157
-884	-157
-881	-157
-878	-156
-873	-151
-868	-146
-865	-145
-862	-145
-858	-144
-856	-144
-853	-144
-860	-168
-781	-1
-778	0
-775	1
-773	0
-770	1
-767	1
-764	2
-762	2
-759	2
-756	2
-754	2
-751	2
-749	2
-746	3
-743	3
-741	2
-739	1
-737	1
-734	1
-732	-2
-733	-10
-732	-13
-729	-12
-724	-7
-721	-6
-720	-9
-719	-15
-718	-18
-717	-22
-746	-127
-745	-130
-744	-135
-742	-139
-741	-141
-738	-142
-736	-143
-734	-145
-731	-145
-728	-145
-726	-146
-724	-147
-722	-149
-719	-150
-717	-151
-714	-151
-712	-152
-709	-152
-707	-152
-705	-154
-703	-156
-698	-151
-694	-146
-690	-142
-687	-141
-684	-142
-682	-144
-680	-146
-678	-147
-677	-152
-675	-155
-673	-156
-671	-158
-668	-157
-665	-156
-662	-156
-659	-156
-656	-154
-653	-153
-651	-154
-648	-153
-645	-151
-642	-151
-639	-151
-637	-151
-635	-153
-632	-153
-628	-148
-623	-140
-619	-136
-616	-136
-614	-135
-611	-136
-609	-137
-606	-137
-604	-139
-603	-143
-602	-150
-602	-159
-602	-166
-598	-164
-594	-159
-590	-153
-586	-149
-582	-144
-578	-137
-573	-130
-570	-126
-567	-127
-565	-129
-565	-136
-563	-139
-561	-142
-560	-146
-558	-149
-557	-155
-555	-159
-555	-166
-553	-171
-552	-175
-549	-176
-548	-179
-545	-180
-542	-179
-539	-177
-536	-175
-533	-173
-530	-172
-528	-172
-526	-174
-524	-179
-522	-182
-520	-182
-517	-181
-515	-182
-512	-182
-509	-182
-507	-183
-504	-182
-502	-183
-499	-182
-496	-182
-494	-182
-491	-182
-489	-182
-486	-182
-484	-183
-481	-182
-478	-182
-476	-181
-473	-182
-471	-182
-468	-182
-466	-182
-463	-183
-461	-183
-458	-182
-456	-183
-453	-183
-450	-182
-448	-181
-445	-182
-443	-182
-440	-183
-438	-182
-435	-182
-432	-181
-430	-182
-427	-182
-425	-183
-422	-180
-419	-177
-416	-175
-414	-176
-411	-177
-409	-180
-407	-182
-404	-181
-402	-182
-400	-182
-397	-183
-394	-182
-392	-182
-389	-182
-387	-181
-384	-182
-382	-182
-380	-184
-377	-183
-375	-184
-372	-185
-370	-184
-367	-182
-364	-180
-362	-182
-359	-183
-357	-182
-354	-182
-352	-182
-349	-182
-347	-183
-344	-182
-342	-183
-339	-182
-337	-181
-334	-183
-332	-183
-329	-182
-327	-182
-324	-183
-322	-182
-319	-182
-317	-182
-314	-182
-312	-184
-309	-184
-307	-183
-305	-185
-302	-184
-299	-183
-297	-182
-294	-181
-292	-181
-289	-182
-287	-183
-284	-182
-282	-181
-279	-181
-277	-181
-274	-182
-272	-182
-269	-182
-267	-182
-265	-182
-262	-183
-260	-182
-257	-182
-255	-182
-252	-183
-250	-182
-247	-182
-245	-181
-242	-181
-240	-182
-237	-181
-235	-180
-232	-181
-230	-183
-228	-183
-225	-183
-222	-181
-220	-181
-218	-182
-215	-182
-213	-182
-210	-182
-208	-182
-205	-183
-203	-182
-200	-182
-198	-182
-195	-182
-193	-182
-190	-182
-188	-181
-186	-182
-183	-182
-181	-181
-178	-180
-176	-181
-173	-182
-171	-182
-168	-181
-166	-181
-163	-182
-161	-181
-158	-180
-156	-181
-154	-182
-151	-182
-149	-182
-146	-181
-144	-181
-141	-181
-139	-181
-136	-180
-134	-181
-132	-182
-129	-182
-127	-181
-124	-181
-122	-180
-119	-180
-117	-181
-114	-181
-112	-180
-109	-180
-107	-180
-105	-179
-102	-179
-100	-179
-97	-181
-95	-181
-92	-181
-90	-181
-87	-181
-85	-181
-83	-181
-80	-181
-75	-181
-73	-181
-70	-181
-68	-180
-65	-181
-63	-181
-60	-181
-58	-181
-56	-181
-53	-181
-51	-181
-48	-181
-46	-182
-43	-182
-41	-181
-38	-181
-36	-180
-34	-181
-31	-181
-29	-180
-26	-178
-24	-178
-21	-178
-19	-181
-16	-181
-14	-181
-12	-181
-9	-182
-7	-182
-4	-182
-2	-182
1	-181
3	-182
6	-181
8	-181
11	-182
13	-182
15	-181
18	-180
20	-181
23	-181
25	-181
28	-180
30	-180
33	-180
35	-182
38	-181
40	-182
43	-183
45	-181
47	-181
50	-180
52	-180
55	-182
57	-182
60	-181
62	-181
65	-180
67	-180
69	-180
72	-180
74	-181
77	-181
79	-182
82	-181
84	-180
87	-180
89	-180
92	-180
94	-181
97	-181
99	-182
102	-181
104	-181
106	-181
109	-180
111	-180
114	-180
116	-181
119	-182
121	-181
124	-181
126	-182
129	-182
131	-180
134	-181
136	-181
139	-182
141	-181
143	-180
146	-181
148	-181
151	-180
153	-181
156	-182
158	-180
161	-180
163	-181
166	-181
168	-181
171	-181
173	-182
176	-181
178	-181
181	-181
183	-180
186	-181
188	-182
191	-180
193	-181
196	-181
198	-179
201	-181
203	-181
206	-180
208	-180
211	-179
213	-180
216	-182
218	-180
221	-181
223	-182
226	-181
228	-181
231	-181
233	-181
236	-182
238	-181
241	-181
243	-180
246	-180
248	-181
251	-181
253	-180
256	-180
258	-180
261	-178
263	-178
265	-178
268	-178
271	-180
274	-181
276	-182
279	-181
281	-180
283	-178
286	-177
288	-177
290	-175
293	-176
296	-180
299	-181
302	-181
304	-182
307	-182
309	-183
312	-182
314	-182
317	-181
319	-181
322	-182
325	-182
327	-182
330	-181
332	-181
335	-180
337	-180
340	-181
342	-181
345	-181
348	-182
350	-182
353	-182
355	-182
358	-181
361	-182
363	-182
365	-181
368	-179
370	-179
373	-180
376	-180
378	-181
381	-181
384	-181
386	-181
389	-181
392	-182
394	-181
397	-181
399	-181
402	-181
404	-181
407	-181
409	-180
412	-180
415	-180
416	-176
418	-173
420	-172
423	-173
426	-173
428	-173
431	-174
434	-173
436	-173
439	-175
442	-175
445	-176
448	-177
451	-180
454	-181
457	-181
460	-182
462	-182
465	-182
467	-181
470	-181
472	-180
475	-180
478	-180
481	-181
483	-181
486	-181
488	-180
491	-181
494	-181
496	-180
499	-181
502	-180
505	-181
507	-181
510	-181
513	-181
515	-181
518	-180
520	-179
523	-179
526	-180
529	-181
531	-181
534	-181
537	-180
539	-179
542	-181
545	-181
548	-181
550	-180
553	-180
555	-179
558	-178
560	-178
563	-177
565	-177
568	-177
571	-178
574	-177
576	-177
579	-176
582	-178
585	-178
587	-176
590	-176
592	-176
596	-177
597	-174
599	-172
602	-171
602	-164
601	-155
602	-148
603	-146
606	-145
608	-144
612	-146
616	-151
622	-160
626	-162
627	-158
629	-154
631	-152
633	-151
635	-149
637	-147
638	-144
640	-142
643	-142
646	-142
649	-142
652	-143
655	-143
658	-145
661	-146
664	-147
667	-147
671	-149
675	-152
679	-156
683	-159
686	-159
688	-156
690	-155
693	-155
696	-155
698	-155
701	-154
704	-154
706	-153
709	-153
712	-152
714	-151
716	-150
719	-149
722	-149
724	-147
726	-146
729	-145
731	-144
734	-144
737	-144
739	-143
741	-141
743	-139
745	-138
746	-134
748	-131
748	-125
749	-120
749	-115
750	-110
721	-22
721	-16
721	-11
722	-8
724	-6
725	-3
728	-2
730	-1
732	0
734	1
737	2
740	2
742	2
745	2
749	-2
752	-1
754	1
756	2
760	-1
777	-7
775	1
777	4
780	3
783	2
907	-226
851	-109
853	-107
855	-106
858	-105
861	-106
864	-105
867	-105
870	-105
873	-106
876	-106
879	-106
883	-107
888	-111
925	-175
928	-174
931	-175
934	-174
937	-174
940	-174
943	-174
947	-174
950	-175
953	-175
957	-176
961	-177
966	-181
971	-184
975	-186
978	-186
981	-185
984	-184
987	-183
990	-183
993	-183
995	-182
999	-182
1001	-181
1005	-181
1008	-181
1011	-181
1014	-180
1017	-180
1020	-178
1023	-179
1027	-181
1030	-180
1034	-180
1038	-181
1041	-182
1044	-181
1048	-182
1051	-182
1054	-181
1057	-180
1061	-181
1064	-181
1067	-180
1071	-181
1073	-180
1077	-180
1080	-179
1083	-180
1087	-181
1091	-181
1094	-180
1097	-180
1101	-181
1105	-182
1108	-182
1111	-181
1114	-180
1116	-178
1120	-178
1125	-181
1129	-181
1131	-179
1136	-182
1140	-182
1143	-182
1147	-182
1150	-182
1154	-182
1157	-183
1161	-183
1163	-181
1167	-181
1170	-181
1174	-181
1177	-180
1180	-180
1184	-180
1188	-180
1191	-180
1194	-180
1198	-180
1202	-181
1207	-182
1210	-182
1214	-182
1218	-183
1221	-183
1225	-182
1228	-181
1232	-182
1236	-183
1239	-183
1244	-184
1247	-183
1250	-182
1254	-182
1257	-182
1262	-183
1266	-184
1269	-183
1272	-183
1276	-182
1280	-182
1286	-186
1294	-192
1298	-192
1301	-191
1303	-189
1306	-187
1307	-184
1309	-182
1311	-178
1313	-177
1317	-177
1324	-182
1336	-192
1342	-195
1344	-193
1347	-191
1350	-190
1354	-190
1357	-190
1361	-189
1363	-188
1368	-189
1372	-189
1374	-187
1379	-188
1384	-188
1384	-184
1386	-181
1388	-179
1390	-177
1393	-176
1398	-177
1407	-183
1409	-180
1416	-185
1421	-186
1427	-188
1432	-190
1433	-186
1434	-182
1436	-180
1439	-179
1444	-179
1449	-181
1454	-181
1459	-182
1467	-187
1476	-194
1478	-191
1481	-190
1485	-189
1489	-190
1494	-191
1497	-189
1500	-187
1506	-189
1510	-189
1513	-188
1514	-184
1516	-182
1518	-180
1523	-181
1529	-182
1532	-181
1543	-189
1546	-187
1549	-186
1556	-188
1561	-190
1567	-192
1570	-190
1573	-189
1576	-187
1578	-185
1583	-185
1590	-188
1592	-186
1594	-183
1595	-179
1598	-177
1601	-176
1605	-176
1608	-173
1611	-172
1617	-174
1629	-182
1641	-190
1645	-190
1650	-190
1654	-190
1658	-190
1663	-190
1667	-190
1671	-189
1682	-196
1686	-195
1689	-194
1693	-193
1696	-190
1699	-189
1703	-188
1707	-188
1710	-186
1714	-185
1719	-185
1724	-186
1730	-187
1734	-187
1737	-185
1743	-186
1746	-185
1750	-183
1754	-183
1759	-183
1763	-182
1767	-181
1772	-181
1778	-183
1786	-186
1797	-192
1800	-191
1804	-190
1809	-189
1813	-188
1815	-186
1819	-185
1827	-188
1830	-186
1831	-182
1835	-181
1836	-177
1839	-176
1846	-177
1851	-178
1855	-176
1861	-177
1867	-178
1871	-177
1872	-173
1875	-171
1880	-171
1885	-171
1894	-174
1900	-176
1906	-176
1912	-177
1919	-178
1923	-178
1927	-176
1931	-175
1933	-173
1933	-167
1935	-164
1942	-166
1956	-174
1960	-172
1962	-170
1964	-167
1968	-166
1972	-164
1976	-163
1977	-159
1977	-154
1976	-148
1978	-145
1978	-140
1978	-136
1979	-132
1981	-129
1990	-132
1997	-133
2002	-133
2007	-133
2011	-131
2072	-180
2075	-178
2076	-174
2077	-170
2083	-169
2089	-170
2091	-167
2092	-162
2093	-158
2096	-157
2107	-161
2113	-161
2121	-163
2130	-165
2136	-166
2141	-165
2147	-165
2152	-165
2163	-168
2169	-168
2166	-161
2164	-155
2168	-153
2173	-152
2176	-149
2180	-148
2185	-147
2193	-149
2198	-148
2200	-145
2201	-140
2203	-137
2209	-137
2215	-137
2223	-139
2232	-141
2244	-146
2254	-149
2258	-147
2260	-143
2259	-138
2261	-134
2267	-134
2280	-139
2283	-137
2289	-137
2290	-132
2294	-130
2297	-128
2296	-122
2300	-120
2315	-127
2315	-122
2318	-119
2321	-117
2323	-113
2324	-109
2326	-105
2327	-102
2330	-99
2331	-95
2335	-93
2341	-93
2346	-91
2351	-90
2360	-92
2372	-96
2379	-96
2382	-93
2382	-88
2383	-84
2383	-79
2385	-76
2385	-71
2389	-69
2390	-65
2391	-60
2388	-54
2387	-48
2387	-43
2388	-39
2391	-36
2392	-32
2391	-27
2388	-20
2391	-17
2391	-13
2389	-7
2387	-0
2390	3
2393	5
2393	10
2392	15
2393	19
2395	23
2395	27
2394	32
2395	37
2394	42
2394	47
2395	51
2395	55
2395	59
2394	65
2395	69
2396	73
2396	77
2396	82
2396	87
2399	90
2397	95
2398	99
2400	103
2400	107
2401	111
2401	116
2401	120
2403	124
2403	128
2403	132
2404	137
2404	141
2405	145
2406	148
2407	153
2407	157
2408	161
2409	165
2411	168
2410	173
2412	176
2412	181
2413	184
2413	189
2413	193
2414	197
2416	200
2416	205
2416	209
2417	213
2418	217
2418	221
2417	226
2419	229
2418	234
2419	238
2421	241
2422	245
2422	249
2423	253
2424	257
2425	261
2426	264
2427	268
2428	272
2429	276
2430	279
2431	283
2431	287
2429	293
2430	297
2430	301
2431	305
2433	308
2434	312
2435	315
2436	319
2436	323
2437	327
2439	330
2438	335
2440	338
2441	342
2442	345
2444	349
2446	352
2452	353
2455	355
2459	357
2466	358
2471	360
2474	362
2477	365
2478	369
2477	373
2475	379
2475	383
2475	387
2476	391
2477	394
2478	398
2481	401
2482	405
2481	409
2480	414
2480	418
2486	419
2487	423
2488	426
2487	431
2486	436
2488	439
2486	444
2488	447
2490	451
2489	455
2488	460
2490	463
2492	466
2493	469
2494	473
2494	477
2494	482
2494	485
2496	489
2497	492
2498	496
2499	500
2499	503
2500	507
2503	510
2503	514
2501	519
2498	524
2499	528
2502	531
2503	534
2503	538
2504	542
2504	546
2504	550
2504	554
2505	557
2506	561
2507	565
2509	568
2511	571
2511	575
2513	578
2513	582
2515	585
2516	589
2518	592
2518	596
2519	600
2519	603
2522	606
2524	609
2525	613
2525	617
2525	621
2526	624
2529	627
2531	630
2534	633
2535	637
2537	640
2537	644
2536	648
2537	652
2537	655
2538	659
2540	662
2541	666
2541	670
2541	674
2542	677
2543	681
2542	685
2543	689
2546	691
2546	695
2548	699
2549	702
2548	706
2549	710
2549	714
2550	717
2551	721
2552	724
2554	727
2554	731
2555	735
2556	738
2556	742
2557	746
2558	749
2558	753
2559	757
2561	760
2561	764
2562	767
2563	771
2564	774
2563	778
2564	782
2565	785
2564	789
2566	793
2566	797
2566	800
2566	804
2568	807
2570	811
2570	815
2572	818
2572	821
2572	825
2572	829
2572	833
2577	835
2577	839
2576	843
2577	847
2577	850
2577	854
2578	858
2579	861
2579	865
2581	868
2583	871
2584	875
2584	879
2584	882
2585	886
2588	889
2588	893
2589	896
2589	900
2589	904
2590	907
2590	911
2590	914
2591	918
2592	921
2593	925
2594	929
2594	932
2595	936
2596	939
2598	942
2598	946
2599	950
2599	953
2601	957
2601	960
2601	964
2602	968
2603	971
2603	975
2604	978
2605	982
2608	985
2608	989
2608	992
2609	996
2608	1000
2608	1004
2608	1007
2608	1011
2610	1014
2612	1017
2612	1021
2612	1025
2614	1028
2613	1032
2613	1036
2613	1039
2613	1043
2615	1046
2615	1050
2616	1054
2617	1057
2617	1061
2618	1064
2619	1068
2619	1071
2620	1075
2621	1078
2620	1082
2621	1086
2622	1089
2622	1093
2622	1097
2622	1100
2623	1104
2624	1107
2626	1111
2626	1114
2627	1118
2627	1121
2628	1125
2628	1128
2629	1132
2630	1135
2631	1139
2630	1143
2631	1146
2632	1150
2631	1153
2632	1157
2633	1161
2634	1164
2635	1167
2636	1171
2637	1174
2637	1178
2637	1182
2637	1185
2637	1189
2638	1193
2639	1196
2639	1200
2640	1203
2639	1207
2639	1211
2640	1214
2641	1217
2642	1221
2643	1225
2643	1228
2643	1232
2642	1236
2644	1239
2644	1243
2643	1246
2643	1250
2643	1254
2644	1257
2644	1261
2645	1264
2648	1267
2648	1271
2648	1275
2648	1278
2649	1282
2649	1285
2651	1289
2652	1292
2653	1296
2653	1299
2655	1303
2655	1306
2656	1310
2657	1313
2658	1317
2655	1321
2654	1325
2654	1328
2655	1332
2655	1335
2656	1339
2656	1342
2654	1346
2652	1350
2653	1354
2656	1357
2658	1360
2659	1364
2659	1367
2660	1371
2660	1375
2660	1378
2661	1382
2661	1385
2662	1389
2662	1392
2662	1396
2663	1400
2664	1403
2665	1407
2665	1410
2665	1414
2666	1417
2666	1421
2666	1424
2666	1428
2666	1432
2666	1435
2668	1439
2668	1442
2669	1446
2670	1449
2670	1453
2669	1457
2669	1460
2669	1464
2670	1467
2670	1471
2672	1475
2672	1478
2672	1482
2674	1485
2675	1489
2676	1492
2676	1496
2677	1499
2677	1503
2677	1507
2677	1510
2678	1514
2678	1517
2678	1521
2679	1524
2680	1528
2681	1532
2680	1535
2680	1539
2680	1542
2679	1546
2681	1550
2682	1553
2682	1557
2682	1560
2682	1564
2683	1568
2684	1571
2683	1575
2683	1578
2684	1582
2685	1585
2686	1589
2686	1593
2688	1596
2688	1600
2688	1603
2688	1607
2689	1611
2690	1614
2691	1618
2691	1621
2691	1625
2691	1629
2692	1632
2693	1636
2693	1639
2693	1643
2694	1647
2695	1650
2696	1654
2697	1657
2698	1661
2699	1665
