2653	1663
2656	1667
2656	1671
2657	1674
2656	1678
2658	1681
2662	1688
2660	1692
2660	1696
2661	1699
2661	1703
2661	1706
2662	1710
2663	1713
2663	1717
2663	1721
2663	1724
2664	1728
2665	1731
2665	1735
2663	1739
2664	1742
2665	1746
2666	1749
2666	1753
2667	1756
2668	1760
2668	1764
2668	1767
2667	1771
2665	1774
2666	1778
2666	1782
2666	1785
2665	1789
2666	1792
2668	1796
2670	1800
2673	1803
2674	1807
2673	1811
2672	1814
2671	1818
2670	1821
2672	1825
2671	1828
2669	1832
2665	1835
2667	1839
2670	1843
2675	1847
2675	1850
2673	1854
2671	1857
2671	1861
2673	1865
2675	1868
2676	1872
2676	1876
2677	1879
2677	1883
2676	1886
2675	1890
2676	1894
2676	1897
2681	1901
2682	1905
2681	1909
2681	1912
2681	1916
2683	1920
2685	1923
2685	1927
2685	1931
2684	1934
2686	1938
2688	1942
2690	1946
2691	1949
2690	1953
2689	1956
2692	1960
2695	1964
2701	1969
2702	1972
2703	1976
2704	1980
2704	1984
2705	1987
2705	1991
2704	1995
2706	1999
2704	2002
2704	2006
2706	2010
2707	2013
2707	2017
2706	2021
2706	2024
2702	2028
2703	2031
2711	2036
2713	2040
2713	2044
2713	2047
2709	2051
2709	2054
2711	2058
2713	2062
2715	2066
2716	2070
2716	2074
2717	2078
2718	2082
2717	2085
2715	2089
2714	2092
2717	2096
2719	2100
2718	2104
2718	2108
2720	2112
2718	2115
2716	2118
2719	2123
2722	2127
2721	2130
2722	2134
2723	2138
2720	2142
2721	2145
2722	2149
2723	2153
2724	2157
2723	2161
2721	2164
2723	2168
2724	2172
2723	2176
2727	2180
2730	2185
2729	2188
2729	2192
2731	2196
2731	2200
2733	2204
2731	2208
2730	2211
2730	2215
2730	2219
2731	2223
2731	2227
2734	2231
2735	2235
2737	2239
2737	2243
2738	2247
2738	2251
2736	2254
2735	2258
2735	2262
2739	2266
2740	2270
2740	2274
2740	2278
2739	2282
2742	2286
2740	2290
2739	2293
2742	2298
2744	2302
2747	2307
2751	2311
2753	2316
2755	2320
2755	2324
2754	2328
2753	2331
2754	2335
2757	2340
2758	2344
2759	2348
2759	2352
2760	2356
2763	2361
2762	2364
2761	2368
2762	2372
2764	2377
2765	2381
2766	2385
2769	2390
2772	2395
2774	2399
2774	2403
2774	2407
2774	2411
2774	2415
2771	2418
2770	2422
2768	2425
2768	2429
2772	2434
2776	2439
2776	2443
2775	2447
2777	2451
2777	2455
2777	2459
2776	2463
2775	2467
2775	2471
2777	2476
2780	2480
2781	2485
2781	2489
2782	2493
2783	2497
2781	2501
2781	2505
2786	2510
2787	2515
2787	2519
2788	2523
2787	2527
2788	2531
2788	2535
2788	2539
2790	2544
2791	2548
2791	2553
2791	2557
2792	2561
2794	2566
2794	2570
2793	2574
2793	2578
2793	2582
2792	2586
2793	2590
2795	2595
2797	2599
2797	2604
2795	2607
2795	2611
2795	2615
2793	2619
2792	2623
2796	2628
2800	2634
2805	2640
2804	2644
2804	2648
2804	2652
2803	2656
2804	2660
2806	2665
2811	2671
2816	2677
2817	2681
2820	2687
2819	2691
2818	2695
2819	2699
2820	2704
2823	2709
2824	2714
2825	2718
2825	2722
2825	2727
2827	2732
2829	2737
2827	2740
2826	2744
2828	2749
2829	2754
2828	2758
2826	2762
2826	2766
2824	2770
2825	2774
2826	2779
2828	2784
2832	2790
2833	2795
2832	2799
2832	2803
2831	2807
2830	2811
2832	2816
2834	2821
2834	2826
2833	2830
2834	2834
2835	2839
2836	2844
2838	2849
2840	2854
2838	2858
2836	2862
2837	2866
2836	2871
2836	2875
2839	2881
2843	2887
2846	2892
2847	2897
2850	2903
2852	2908
2851	2913
2851	2917
2852	2922
2854	2927
2854	2932
2852	2936
2851	2939
2852	2945
2862	2954
2860	2957
2859	2961
2860	2966
2861	2971
2858	2975
2857	2979
2857	2983
2855	2987
2853	2991
2851	2994
2849	2998
2849	3003
2853	3009
2857	3016
2856	3020
2853	3023
2851	3027
2849	3031
2849	3035
2846	3038
2846	3043
2849	3049
2849	3053
2847	3057
2845	3061
2846	3066
2848	3072
2850	3077
2853	3084
2859	3091
2859	3096
2857	3100
2855	3103
2855	3108
2856	3113
2856	3118
2852	3121
2829	3114
2802	3106
2787	3103
2779	3104
2774	3106
2772	3109
2770	3113
2771	3118
2775	3125
2787	3136
2854	3184
2857	3191
2858	3196
2860	3202
2861	3207
2860	3211
2863	3218
2861	3222
2860	3226
2860	3231
2865	3239
2865	3244
2865	3249
2864	3253
2862	3257
2860	3261
2860	3266
2860	3271
2857	3274
2854	3277
2852	3281
2852	3286
2851	3291
2853	3296
2852	3301
2854	3307
2854	3312
2855	3318
2856	3323
2855	3328
2852	3331
2851	3336
2852	3342
2855	3348
2856	3354
2857	3360
2858	3365
2857	3370
2857	3375
2856	3379
2857	3385
2856	3390
2856	3394
2856	3400
2857	3406
2858	3411
2858	3416
2858	3422
2859	3427
2859	3432
2858	3437
2858	3443
2857	3447
2854	3450
2860	3459
2859	3464
2859	3469
2856	3473
2857	3478
2858	3485
2859	3490
2860	3496
2859	3501
2858	3506
2859	3512
2860	3518
2860	3523
2860	3528
2861	3534
2863	3541
2863	3546
2859	3549
2858	3554
2859	3560
2860	3566
2860	3572
2860	3577
2858	3581
2861	3588
2863	3595
2863	3601
2863	3606
2865	3613
2866	3619
2868	3626
2868	3631
2870	3638
2871	3645
2871	3650
2871	3656
2872	3662
2873	3668
2873	3674
2873	3679
2874	3685
2874	3691
2873	3697
2872	3702
2873	3708
2879	3718
2878	3723
2877	3727
2876	3733
2877	3739
2878	3745
2878	3751
2878	3757
2877	3762
2876	3767
2877	3774
2875	3778
2874	3783
2874	3789
2876	3796
2879	3804
2879	3810
2879	3816
2878	3821
2876	3826
2873	3829
2871	3833
2872	3840
2873	3847
2873	3853
2870	3857
2869	3862
2870	3868
2870	3875
2868	3879
2872	3888
2871	3893
2871	3899
2872	3906
2872	3912
2872	3918
2873	3925
2871	3930
2869	3934
2869	3940
2866	3944
2865	3949
2864	3955
2862	3960
2861	3965
2859	3970
2860	3977
2860	3982
2861	3989
2858	3994
2856	3998
2855	4004
2857	4011
2857	4018
2855	4022
2855	4028
2853	4033
2852	4039
2851	4044
2856	4054
2852	4058
2850	4062
2846	4066
2844	4070
2841	4074
2840	4080
2843	4089
2845	4096
2845	4103
2843	4108
2841	4113
2838	4117
2836	4122
2835	4127
2835	4134
2834	4139
2834	4145
2835	4153
2834	4159
2832	4163
2827	4166
2824	4170
2825	4177
2823	4182
2820	4187
2821	4194
2821	4200
2820	4206
2819	4212
2821	4220
2817	4224
2815	4228
2812	4233
2811	4239
2811	4245
2810	4251
2806	4255
2801	4257
2799	4261
2798	4267
2793	4270
2799	4282
2798	4288
2796	4293
2793	4297
2798	4308
2785	4303
2785	4311
2782	4315
2778	4318
2775	4322
2773	4328
2772	4333
2770	4338
2768	4343
2765	4348
2763	4352
2761	4358
2758	4362
2759	4370
2764	4382
2764	4389
2766	4398
2449	4120
2448	4125
2442	4125
2444	4134
2442	4139
2442	4145
2437	4146
2732	4443
2729	4448
2728	4454
2726	4459
2723	4464
2719	4467
2716	4472
2715	4478
2713	4483
2711	4488
2709	4494
2707	4499
2704	4503
2701	4508
2699	4513
2698	4519
2696	4525
2694	4530
2690	4534
2687	4538
2685	4543
2682	4547
2679	4552
2676	4557
2673	4561
2669	4565
2666	4569
2663	4573
2660	4578
2657	4582
2653	4585
2651	4590
2648	4595
2645	4599
2641	4603
2639	4608
2636	4613
2633	4618
2631	4623
2626	4625
2622	4628
2617	4631
2614	4635
2611	4639
2608	4644
2606	4650
2603	4654
2599	4657
2596	4662
2593	4666
2590	4671
2586	4675
2584	4681
2582	4686
2578	4689
2576	4695
2575	4701
2571	4705
2567	4708
2563	4712
2560	4716
2557	4721
2554	4725
2550	4728
2546	4732
2542	4736
2540	4742
2538	4747
2535	4751
2531	4755
2527	4759
2525	4764
2522	4769
2521	4776
2522	4786
2525	4797
2522	4802
2518	4805
2513	4808
2509	4812
2506	4816
2506	4824
2506	4833
2504	4839
2501	4844
2498	4848
2495	4853
2491	4857
2489	4862
2488	4869
2484	4874
2480	4878
2477	4882
2475	4887
2472	4892
2468	4896
2463	4899
2458	4902
2455	4906
2452	4911
2449	4915
2445	4919
2440	4922
2438	4928
2435	4932
2431	4937
2428	4941
2422	4942
2415	4942
2410	4944
2407	4950
2404	4954
2399	4957
2393	4958
2389	4961
2386	4966
2383	4971
2380	4975
2376	4979
2374	4986
2371	4991
2367	4995
2364	4999
2360	5003
2356	5007
2352	5010
2348	5014
2346	5020
2343	5026
2340	5031
2336	5034
2332	5038
2328	5042
2324	5045
2321	5050
2317	5054
2313	5058
2308	5060
2304	5064
2300	5067
2296	5071
2291	5074
2286	5076
2282	5080
2278	5083
2272	5084
2269	5089
2264	5092
2255	5089
2250	5091
2246	5094
2242	5098
2238	5101
2233	5103
2229	5108
2225	5111
2219	5112
2214	5114
2209	5116
2204	5118
2199	5120
2194	5123
2189	5126
2184	5128
2180	5131
2176	5134
2172	5138
2167	5141
2163	5144
2158	5146
2154	5151
2151	5155
2147	5159
2142	5162
2138	5165
2133	5167
2129	5171
2125	5175
2122	5180
2117	5183
2112	5185
2107	5187
2102	5189
2097	5191
2092	5193
2087	5195
2083	5199
2079	5203
2075	5206
2070	5210
2067	5215
2063	5218
2058	5221
2055	5226
2051	5231
2047	5234
2041	5234
2035	5235
2030	5238
2026	5241
2022	5245
2018	5248
2014	5252
2010	5256
2004	5257
2000	5260
1996	5265
1991	5267
1986	5269
1980	5270
1975	5271
1970	5273
1965	5276
1962	5281
1957	5284
1953	5287
1949	5291
1945	5296
1941	5299
1937	5303
1932	5305
1927	5308
1921	5309
1917	5311
1913	5316
1909	5320
1904	5323
1900	5325
1894	5327
1890	5330
1886	5335
1882	5338
1878	5342
1873	5345
1868	5347
1864	5350
1858	5352
1852	5352
1846	5351
1840	5352
1835	5355
1831	5357
1824	5357
1819	5358
1815	5363
1811	5367
1807	5370
1802	5373
1798	5376
1793	5378
1788	5381
1783	5383
1777	5383
1773	5386
1770	5392
1766	5398
1761	5400
1756	5402
1752	5406
1748	5409
1743	5412
1738	5415
1732	5415
1727	5417
1722	5419
1718	5423
1714	5426
1709	5430
1704	5432
1699	5434
1695	5436
1690	5439
1684	5440
1679	5442
1674	5444
1669	5446
1664	5447
1658	5448
1651	5446
1645	5446
1640	5448
1634	5448
1629	5450
1624	5452
1619	5454
1614	5455
1608	5456
1602	5456
1597	5457
1591	5458
1586	5459
1581	5461
1576	5464
1571	5465
1565	5465
1560	5466
1554	5467
1548	5466
1542	5467
1538	5470
1533	5472
1528	5474
1523	5476
1517	5477
1513	5480
1508	5483
1504	5486
1499	5488
1494	5490
1488	5491
1483	5493
1479	5496
1475	5501
1471	5505
1466	5509
1461	5511
1456	5512
1450	5512
1445	5513
1439	5514
1435	5517
1430	5521
1425	5523
1420	5524
1415	5525
1410	5526
1404	5527
1399	5528
1393	5529
1388	5529
1383	5531
1378	5534
1372	5534
1366	5533
1361	5534
1355	5534
1350	5536
1346	5540
1341	5542
1335	5543
1330	5543
1324	5543
1319	5545
1313	5545
1307	5544
1301	5543
1294	5540
1288	5538
1282	5538
1278	5541
1273	5543
1268	5546
1263	5549
1259	5553
1255	5556
1249	5558
1244	5558
1239	5559
1234	5562
1229	5565
1224	5566
1218	5566
1213	5566
1207	5566
1202	5567
1197	5570
1192	5571
1187	5572
1182	5574
1176	5575
1171	5575
1166	5578
1161	5579
1155	5578
1149	5579
1143	5578
1138	5578
1133	5581
1128	5581
1122	5581
1116	5581
1111	5580
1106	5582
1101	5583
1095	5585
1091	5587
1086	5592
1081	5591
1075	5591
1070	5592
1064	5593
1059	5592
1053	5592
1048	5593
1043	5594
1038	5596
1032	5596
1027	5596
1021	5597
1016	5596
1009	5593
1004	5593
998	5593
993	5595
988	5598
983	5598
977	5598
972	5599
967	5600
962	5600
956	5598
950	5598
945	5600
940	5602
935	5604
931	5608
926	5609
920	5608
915	5610
910	5611
904	5611
899	5612
894	5615
889	5617
884	5618
879	5618
873	5618
868	5618
863	5620
858	5621
853	5624
847	5624
842	5624
837	5625
832	5626
827	5628
822	5630
816	5630
811	5631
806	5633
801	5635
796	5637
791	5638
785	5636
779	5634
774	5633
769	5637
764	5637
758	5636
753	5637
748	5638
742	5639
737	5639
732	5640
726	5639
721	5640
716	5640
710	5640
705	5640
700	5640
694	5639
689	5640
684	5643
679	5644
673	5643
668	5641
662	5641
657	5642
652	5643
647	5644
641	5644
636	5645
631	5647
626	5647
621	5647
615	5647
609	5645
604	5643
598	5642
593	5641
587	5640
582	5641
577	5642
572	5641
566	5640
561	5640
555	5640
550	5639
544	5638
538	5633
533	5632
528	5632
522	5632
517	5631
511	5628
506	5629
501	5630
496	5631
491	5631
485	5632
480	5633
475	5635
470	5635
465	5635
460	5636
455	5637
449	5636
444	5636
439	5637
434	5638
428	5639
423	5639
418	5641
413	5643
408	5643
403	5644
397	5643
392	5641
387	5642
382	5643
377	5645
371	5644
366	5642
360	5642
355	5643
350	5645
345	5646
340	5647
335	5645
329	5642
324	5640
319	5641
313	5642
308	5645
303	5645
298	5643
292	5639
287	5637
281	5635
276	5636
271	5637
266	5639
261	5639
256	5641
251	5641
245	5640
240	5641
235	5641
230	5642
225	5641
219	5641
214	5641
209	5641
204	5644
199	5646
194	5645
188	5644
183	5642
178	5642
173	5643
167	5644
162	5644
157	5642
151	5637
146	5637
141	5639
136	5640
131	5640
126	5639
120	5639
115	5639
110	5639
105	5638
100	5639
95	5640
89	5641
84	5640
79	5640
74	5640
69	5640
63	5639
58	5637
53	5636
48	5635
43	5636
37	5638
32	5641
27	5640
22	5638
17	5636
11	5636
6	5636
1	5634
-4	5629
-9	5628
-15	5626
-20	5625
-25	5624
-30	5625
-35	5632
-49	5018
-53	5023
-58	5025
-62	5024
-66	5020
-71	5019
-75	5020
-80	5018
-84	5011
-88	5005
-93	5003
-97	5003
-101	5002
-106	5003
-110	5002
-114	5001
-119	5002
-123	5002
-127	5004
-132	5011
-136	5019
-141	5021
-145	5020
-150	5023
-154	5026
-158	5026
-163	5025
-167	5021
-200	5601
-204	5595
-210	5592
-215	5590
-220	5588
-225	5588
-230	5589
-235	5587
-240	5587
-245	5587
-250	5585
-255	5579
-260	5575
-265	5571
-270	5568
-275	5565
-280	5564
-285	5564
-290	5564
-295	5563
-300	5564
-305	5565
-310	5564
-316	5567
-321	5567
-326	5565
-331	5565
-336	5565
-341	5564
-346	5567
-352	5571
-357	5574
-362	5577
-367	5576
-372	5575
-377	5574
-383	5574
-388	5577
-393	5576
-398	5576
-403	5575
-408	5575
-413	5575
-419	5575
-424	5576
-429	5575
-434	5575
-439	5572
-444	5570
-449	5568
-454	5568
-459	5566
-464	5565
-469	5564
-474	5562
-479	5561
-484	5563
-490	5566
-495	5564
-500	5564
-505	5565
-510	5564
-515	5561
-520	5560
-525	5560
-530	5558
-535	5556
-540	5553
-545	5552
-550	5550
-554	5546
-559	5543
-564	5539
-568	5537
-573	5534
-578	5529
-582	5526
-587	5523
-592	5520
-597	5519
-602	5517
-606	5515
-611	5515
-617	5514
-622	5514
-627	5513
-632	5515
-637	5516
-642	5515
-647	5512
-652	5512
-658	5515
-663	5519
-669	5521
-675	5524
-680	5523
-685	5523
-690	5525
-695	5526
-701	5526
-706	5526
-711	5527
-716	5528
-722	5529
-727	5531
-733	5531
-738	5530
-743	5530
-748	5530
-753	5529
-758	5527
-763	5525
-768	5526
-773	5526
-779	5527
-784	5526
-788	5524
-793	5523
-798	5522
-804	5523
-809	5524
-814	5522
-819	5520
-824	5518
-829	5518
-834	5517
-839	5514
-843	5512
-849	5512
-854	5511
-859	5510
-863	5507
-868	5504
-872	5501
-877	5499
-882	5497
-887	5495
-892	5494
-897	5493
-902	5493
-907	5492
-911	5487
-917	5487
-921	5485
-926	5482
-931	5480
-936	5479
-940	5477
-944	5471
-949	5471
-955	5472
-960	5472
-964	5468
-969	5466
-974	5464
-979	5462
-984	5461
-989	5461
-994	5461
-1000	5462
-1005	5462
-1010	5461
-1015	5462
-1021	5462
-1026	5461
-1031	5461
-1036	5459
-1041	5459
-1046	5457
-1051	5457
-1056	5456
-1062	5457
-1067	5456
-1071	5455
-1076	5453
-1082	5453
-1087	5452
-1091	5449
-1096	5447
-1101	5446
-1106	5446
-1111	5445
-1116	5444
-1121	5442
-1126	5441
-1131	5439
-1137	5441
-1142	5440
-1146	5438
-1151	5436
-1156	5435
-1161	5435
-1167	5434
-1172	5433
-1177	5432
-1182	5433
-1187	5432
-1192	5431
-1197	5428
-1201	5424
-1204	5417
-1209	5414
-1213	5411
-1218	5410
-1222	5407
-1227	5404
-1231	5400
-1236	5398
-1240	5395
-1245	5393
-1249	5390
-1254	5389
-1259	5387
-1264	5387
-1269	5385
-1274	5383
-1278	5380
-1283	5377
-1287	5376
-1292	5374
-1297	5374
-1303	5373
-1307	5371
-1313	5372
-1318	5371
-1323	5371
-1329	5371
-1334	5370
-1338	5367
-1343	5364
-1347	5362
-1352	5359
-1356	5357
-1360	5353
-1365	5350
-1370	5349
-1375	5349
-1380	5348
-1386	5348
-1391	5348
-1397	5350
-1402	5349
-1408	5349
-1413	5350
-1419	5349
-1423	5346
-1429	5348
-1434	5347
-1439	5345
-1444	5345
-1451	5348
-1457	5350
-1462	5349
-1467	5346
-1471	5344
-1477	5344
-1482	5344
-1487	5342
-1492	5340
-1497	5340
-1502	5338
-1507	5337
-1512	5335
-1517	5334
-1522	5333
-1527	5331
-1532	5329
-1537	5327
-1541	5325
-1546	5323
-1550	5320
-1555	5318
-1560	5317
-1565	5316
-1570	5314
-1574	5311
-1579	5308
-1583	5306
-1588	5305
-1594	5304
-1599	5304
-1604	5302
-1609	5299
-1613	5297
-1618	5295
-1623	5293
-1627	5290
-1631	5288
-1635	5283
-1640	5281
-1644	5279
-1649	5276
-1654	5274
-1658	5272
-1664	5271
-1669	5270
-1673	5267
-1677	5264
-1682	5261
-1686	5259
-1691	5257
-1696	5256
-1703	5258
-1709	5259
-1714	5258
-1720	5258
-1724	5255
-1729	5253
-1733	5250
-1738	5247
-1742	5244
-1746	5241
-1751	5239
-1755	5237
-1760	5235
-1765	5233
-1770	5232
-1776	5231
-1781	5230
-1785	5228
-1790	5226
-1795	5223
-1799	5220
-1803	5218
-1808	5216
-1814	5217
-1820	5216
-1824	5213
-1829	5211
-1833	5208
-1838	5205
-1843	5204
-1848	5203
-1853	5201
-1856	5195
-1859	5191
-1863	5188
-1868	5186
-1873	5184
-1879	5183
-1884	5182
-1888	5180
-1893	5177
-1898	5176
-1902	5173
-1907	5171
-1911	5168
-1916	5166
-1921	5164
-1925	5161
-1930	5159
-1934	5156
-1938	5152
-1941	5148
-1945	5145
-1950	5142
-1955	5141
-1959	5137
-1963	5134
-1968	5132
-1973	5131
-1977	5127
-1982	5125
-1986	5122
-1991	5121
-1996	5119
-2001	5116
-2005	5113
-2008	5109
-2012	5105
-2015	5100
-2020	5098
-2024	5094
-2028	5092
-2032	5089
-2037	5087
-2042	5085
-2046	5082
-2051	5080
-2056	5079
-2062	5079
-2067	5076
-2070	5072
-2074	5068
-2078	5066
-2082	5062
-2087	5060
-2093	5059
-2098	5058
-2103	5057
-2108	5055
-2113	5053
-2117	5050
-2122	5048
-2126	5044
-2130	5042
-2134	5038
-2138	5034
-2141	5030
-2146	5028
-2151	5027
-2156	5025
-2161	5023
-2165	5020
-2168	5015
-2171	5010
-2174	5006
-2178	5002
-2182	4998
-2184	4991
-2187	4988
-2191	4984
-2195	4981
-2199	4977
-2202	4972
-2206	4970
-2211	4967
-2214	4963
-2218	4960
-2222	4956
-2226	4952
-2230	4949
-2235	4947
-2239	4945
-2242	4940
-2246	4937
-2251	4934
-2255	4932
-2258	4927
-2262	4923
-2266	4920
-2270	4918
-2274	4915
-2278	4910
-2281	4906
-2285	4903
-2290	4901
-2295	4899
-2300	4897
-2305	4895
-2308	4891
-2312	4888
-2317	4886
-2322	4885
-2328	4884
-2333	4882
-2337	4879
-2342	4876
-2346	4873
-2350	4870
-2354	4867
-2359	4865
-2365	4865
-2371	4865
-2377	4864
-2378	4857
-2378	4849
-2379	4841
-2381	4834
-2383	4829
-2387	4825
-2390	4821
-2394	4818
-2398	4815
-2404	4814
-2409	4812
-2413	4809
-2417	4805
-2419	4801
-2422	4795
-2425	4791
-2429	4788
-2432	4784
-2436	4781
-2440	4777
-2444	4774
-2448	4770
-2452	4767
-2456	4765
-2459	4760
-2463	4757
-2467	4754
-2471	4751
-2475	4747
-2479	4744
-2482	4740
-2485	4736
-2489	4732
-2492	4728
-2496	4725
-2499	4721
-2503	4718
-2507	4714
-2509	4709
-2513	4706
-2517	4702
-2520	4698
-2524	4695
-2528	4691
-2531	4687
-2536	4685
-2540	4682
-2544	4678
-2547	4674
-2551	4671
-2554	4667
-2559	4665
-2563	4661
-2567	4658
-2571	4656
-2575	4652
-2579	4649
-2583	4646
-2585	4641
-2589	4637
-2592	4634
-2597	4631
-2601	4628
-2605	4624
-2609	4622
-2611	4616
-2612	4610
-2614	4604
-2618	4601
-2622	4598
-2624	4593
-2625	4586
-2628	4582
-2632	4579
-2635	4575
-2638	4570
-2641	4566
-2643	4561
-2647	4558
-2650	4554
-2653	4549
-2656	4545
-2660	4542
-2664	4539
-2668	4535
-2671	4531
-2672	4525
-2675	4520
-2677	4516
-2679	4511
-2682	4506
-2686	4502
-2690	4500
-2694	4496
-2697	4493
-2700	4489
-2702	4483
-2703	4477
-2706	4473
-2710	4470
-2714	4466
-2717	4463
-2720	4459
-2720	4451
-2723	4447
-2726	4442
-2728	4437
-2732	4435
-2736	4431
-2739	4427
-2742	4423
-2745	4419
-2747	4414
-2750	4410
-2752	4405
-2756	4402
-2760	4399
-2764	4396
-2764	4388
-2765	4383
-2769	4379
-2774	4378
-2779	4375
-2779	4368
-2781	4364
-2783	4359
-2787	4355
-2792	4353
-2794	4348
-2797	4344
-2801	4341
-2804	4337
-2809	4334
-2808	4327
-2810	4322
-2813	4318
-2816	4314
-2818	4309
-2821	4304
-2824	4301
-2827	4297
-2829	4292
-2831	4287
-2834	4283
-2835	4277
-2836	4271
-2838	4267
-2840	4261
-2837	4252
-2840	4248
-2842	4243
-2843	4238
-2845	4232
-2844	4225
-2845	4219
-2846	4214
-2849	4209
-2851	4204
-2855	4201
-2858	4198
-2861	4193
-2863	4188
-2864	4183
-2868	4180
-2871	4176
-2872	4170
-2873	4165
-2877	4162
-2880	4158
-2882	4153
-2883	4147
-2882	4140
-2882	4133
-2883	4128
-2889	4127
-2897	4127
-2900	4123
-2903	4119
-2900	4111
-2902	4106
-2905	4102
-2907	4097
-2908	4092
-2912	4089
-2915	4084
-2917	4080
-2922	4078
-2924	4073
-2926	4069
-2929	4064
-2931	4060
-2931	4054
-2932	4048
-2927	4038
-2929	4034
-2932	4029
-2933	4024
-2936	4020
-2935	4013
-2935	4007
-2936	4002
-2937	3996
-2939	3992
-2939	3985
-2939	3979
-2942	3975
-2939	3967
-2939	3961
-2941	3956
-2942	3951
-2944	3946
-2945	3941
-2946	3936
-2947	3930
-2948	3925
-2949	3920
-2950	3915
-2951	3910
-2952	3904
-2955	3900
-2955	3894
-2956	3889
-2957	3884
-2959	3879
-2961	3875
-2959	3868
-2961	3863
-2962	3858
-2963	3853
-2964	3847
-2963	3841
-2965	3836
-2964	3830
-2964	3824
-2965	3819
-2966	3814
-2967	3809
-2968	3804
-2970	3800
-2972	3795
-2974	3791
-2974	3785
-2973	3778
-2974	3773
-2976	3769
-2978	3765
-2980	3760
-2981	3755
-2981	3749
-2982	3744
-2982	3739
-2986	3735
-2986	3730
-2976	3718
-2978	3713
-2979	3708
-2979	3703
-2978	3696
-2977	3690
-2977	3684
-2978	3679
-2978	3674
-2976	3667
-2987	3669
-2978	3657
-2977	3651
-2976	3645
-2976	3639
-2974	3632
-2976	3628
-2976	3622
-2977	3617
-2978	3613
-2980	3609
-2982	3604
-2983	3600
-2984	3595
-2983	3589
-2986	3585
-2985	3579
-2982	3572
-2982	3566
-2982	3561
-2980	3554
-2980	3549
-2979	3543
-2979	3537
-2979	3532
-2978	3527
-2979	3522
-2980	3517
-2979	3511
-2979	3505
-2979	3501
-2981	3496
-2982	3491
-2980	3485
-2979	3479
-2976	3472
-2974	3466
-2972	3459
-2975	3456
-2978	3453
-2979	3448
-2977	3441
-2975	3435
-2974	3429
-2973	3423
-2971	3417
-2970	3412
-2972	3407
-2973	3403
-2974	3398
-2967	3389
-2969	3385
-2971	3381
-2972	3377
-2973	3372
-2974	3368
-2976	3363
-2972	3356
-2971	3351
-2973	3347
-2974	3342
-2975	3338
-2971	3331
-2968	3324
-2967	3318
-2966	3313
-2967	3308
-2965	3302
-2964	3297
-2965	3292
-2965	3287
-2964	3282
-2965	3277
-2964	3272
-2963	3267
-2963	3261
-2963	3257
-2963	3252
-2965	3248
-2965	3243
-2963	3237
-2962	3232
-2960	3226
-2962	3222
-2962	3217
-2959	3211
-2958	3205
-2959	3201
-2960	3197
-2959	3191
-2959	3186
-2962	3183
-2964	3179
-2963	3174
-2962	3169
-2958	3162
-2957	3157
-2954	3150
-2956	3147
-2949	3138
-2948	3133
-2946	3127
-2945	3122
-2946	3118
-2947	3114
-2946	3108
-2943	3102
-2942	3097
-2942	3093
-2944	3089
-2944	3084
-2941	3078
-2940	3073
-2938	3067
-2938	3063
-2939	3058
-2934	3052
-2930	3045
-2928	3039
-2928	3035
-2926	3029
-2922	3023
-2920	3018
-2920	3013
-2923	3010
-2927	3007
-2926	3002
-2924	2997
-2923	2992
-2923	2987
-2923	2983
-2920	2977
-2918	2972
-2918	2967
-2919	2963
-2917	2958
-2916	2953
-2915	2948
-2914	2943
-2913	2938
-2914	2934
-2914	2930
-2916	2926
-2918	2922
-2908	2914
-2909	2909
-2908	2905
-2906	2899
-2906	2895
-2907	2891
-2910	2888
-2910	2884
-2908	2878
-2907	2873
-2906	2869
-2900	2862
-2899	2857
-2900	2853
-2896	2847
-2895	2842
-2893	2837
-2891	2832
-2891	2828
-2891	2823
-2891	2819
-2894	2816
-2895	2812
-2893	2807
-2891	2802
-2885	2796
-2883	2791
-2881	2785
-2877	2780
-2876	2775
-2878	2772
-2877	2767
-2878	2763
-2879	2759
-2877	2754
-2876	2750
-2885	2749
-2870	2739
-2871	2735
-2869	2730
-2866	2725
-2863	2720
-2870	2718
-2875	2716
-2857	2701
-2859	2697
-2858	2693
-2857	2688
-2856	2684
-2854	2679
-2856	2676
-2854	2671
-2853	2666
-2853	2662
-2854	2659
-2854	2655
-2853	2650
-2851	2645
-2844	2639
-2842	2634
-2842	2630
-2842	2626
-2842	2622
-2839	2617
-2837	2612
-2839	2609
-2843	2606
-2842	2602
-2840	2597
-2840	2593
-2838	2588
-2834	2583
-2833	2579
-2831	2574
-2830	2570
-2829	2565
-2827	2561
-2824	2556
-2824	2552
-2828	2549
-2827	2545
-2828	2541
-2823	2536
-2823	2532
-2819	2527
-2819	2523
-2814	2517
-2812	2513
-2812	2509
-2812	2505
-2812	2501
-2812	2497
-2811	2493
-2802	2486
-2804	2483
-2810	2481
-2811	2477
-2811	2473
-2808	2469
-2805	2464
-2809	2461
-2805	2456
-2803	2452
-2802	2448
-2798	2443
-2794	2438
-2794	2434
-2793	2430
-2794	2426
-2794	2422
-2795	2419
-2788	2413
-2794	2411
-2795	2407
-2790	2402
-2791	2399
-2787	2394
-2786	2390
-2784	2385
-2787	2382
-2785	2378
-2783	2374
-2783	2370
-2783	2366
-2783	2362
-2782	2358
-2780	2354
-2778	2350
-2774	2345
-2772	2341
-2779	2339
-2770	2333
-2773	2330
-2775	2327
-2771	2322
-2770	2318
-2768	2314
-2767	2310
-2768	2306
-2767	2303
-2765	2298
-2761	2294
-2764	2291
-2763	2287
-2762	2283
-2760	2279
-2755	2274
-2753	2270
-2751	2266
-2752	2262
-2751	2258
-2748	2254
-2747	2250
-2747	2246
-2747	2243
-2748	2239
-2745	2235
-2745	2231
-2744	2228
-2743	2224
-2745	2220
-2733	2214
-2734	2211
-2735	2208
-2736	2204
-2735	2200
-2733	2196
-2734	2193
-2734	2189
-2730	2185
-2730	2181
-2728	2177
-2729	2174
-2729	2170
-2728	2166
-2728	2163
-2728	2159
-2725	2155
-2720	2151
-2718	2147
-2717	2143
-2715	2139
-2714	2135
-2715	2132
-2715	2128
-2714	2125
-2712	2121
-2713	2117
-2714	2114
-2714	2110
-2714	2107
-2708	2102
-2707	2099
-2706	2095
-2706	2091
-2703	2088
-2700	2083
-2700	2080
-2699	2076
-2699	2073
-2697	2069
-2696	2065
-2694	2062
-2692	2058
-2691	2054
-2688	2050
-2686	2046
-2687	2043
-2688	2040
-2688	2036
-2686	2032
-2686	2029
-2683	2025
-2681	2021
-2681	2018
-2681	2014
-2681	2011
-2680	2007
-2679	2004
-2677	2000
-2677	1996
-2674	1993
-2673	1989
-2674	1986
-2673	1982
-2671	1978
-2669	1975
-2667	1971
-2666	1968
-2664	1964
-2664	1960
-2664	1957
-2661	1953
-2658	1950
-2660	1946
-2659	1943
-2661	1940
-2658	1936
-2656	1932
-2655	1929
-2654	1925
-2653	1922
-2652	1918
-2652	1915
-2650	1911
-2648	1908
-2647	1904
-2646	1901
-2645	1897
-2647	1894
-2648	1891
-2642	1887
-2642	1883
-2639	1880
-2640	1877
-2640	1873
-2640	1870
-2637	1866
-2635	1863
-2634	1859
-2636	1856
-2636	1853
-2634	1849
-2632	1846
-2631	1842
-2630	1839
-2626	1835
-2625	1832
-2625	1828
-2624	1825
-2623	1821
-2621	1818
-2620	1815
-2618	1811
-2618	1808
-2617	1804
-2617	1801
-2615	1798
-2615	1794
-2616	1791
-2611	1787
-2610	1784
-2608	1781
-2607	1777
-2606	1774
-2604	1771
-2600	1767
-2599	1764
-2599	1760
-2598	1757
-2596	1754
-2596	1750
-2598	1747
-2597	1744
-2596	1740
-2595	1737
-2594	1734
-2590	1730
-2591	1727
-2590	1724
-2590	1721
-2589	1717
-2588	1714
-2588	1711
-2587	1707
-2583	1704
-2581	1701
-2580	1697
-2577	1694
-2575	1691
-2574	1687
-2574	1684
-2573	1681
-2573	1678
-2574	1674
-2573	1671
-2571	1668
-2572	1665
-2574	1661
-2574	1658
-2573	1655
-2571	1651
-2568	1648
-2567	1645
-2568	1642
-2569	1638
-2569	1635
-2568	1632
-2568	1629
-2565	1625
-2563	1622
-2561	1619
-2558	1616
-2558	1612
-2558	1609
-2557	1606
-2556	1603
-2555	1600
-2554	1596
-2550	1593
-2548	1590
-2546	1587
-2544	1584
-2547	1580
-2547	1577
-2545	1574
-2542	1571
-2540	1568
-2541	1564
-2541	1561
-2541	1558
-2541	1555
-2539	1551
-2535	1548
-2533	1545
-2532	1542
-2533	1539
-2531	1536
-2529	1533
-2529	1529
-2527	1526
-2526	1523
-2526	1520
-2525	1517
-2523	1514
-2521	1511
-2522	1507
-2522	1504
-2521	1501
-2520	1498
-2520	1494
-2519	1491
-2517	1488
-2514	1485
-2512	1482
-2511	1479
-2509	1476
-2506	1473
-2506	1470
-2507	1467
-2506	1463
-2504	1460
-2503	1457
-2503	1454
-2502	1451
-2501	1448
-2499	1445
-2495	1442
-2494	1439
-2493	1436
-2490	1433
-2489	1430
-2489	1427
-2490	1423
-2495	1419
-2492	1417
-2490	1414
-2491	1410
-2491	1407
-2491	1404
-2491	1401
-2490	1398
-2480	1396
-2480	1392
-2483	1389
-2484	1385
-2485	1382
-2483	1379
-2483	1376
-2481	1373
-2478	1370
-2477	1367
-2473	1364
-2472	1361
-2472	1358
-2470	1355
-2469	1352
-2469	1349
-2471	1345
-2468	1343
-2467	1340
-2466	1336
-2466	1333
-2465	1330
-2463	1327
-2464	1324
-2463	1321
-2462	1318
-2463	1315
-2463	1311
-2460	1309
-2458	1306
-2455	1303
-2450	1301
-2448	1298
-2448	1295
-2448	1291
-2447	1288
-2446	1285
-2445	1282
-2443	1279
-2442	1276
-2442	1273
-2443	1270
-2440	1267
-2438	1264
-2436	1261
-2437	1258
-2438	1255
-2436	1252
-2435	1249
-2433	1246
-2433	1243
-2432	1240
-2432	1237
-2432	1233
-2432	1230
-2432	1227
-2430	1224
-2431	1221
-2430	1218
-2427	1215
-2424	1212
-2420	1210
-2419	1207
-2417	1204
-2415	1201
-2415	1198
-2414	1195
-2415	1192
-2415	1189
-2413	1186
-2410	1183
-2408	1180
-2407	1177
-2406	1175
-2403	1172
-2401	1169
-2400	1166
-2399	1163
-2397	1160
-2393	1158
-2389	1156
-2388	1153
-2387	1150
-2387	1147
-2386	1144
-2385	1141
-2383	1138
-2379	1136
-2379	1133
-2377	1130
-2376	1127
-2377	1124
-2377	1120
-2376	1117
-2373	1115
-2372	1112
-2371	1109
-2369	1106
-2367	1104
-2365	1101
-2362	1098
-2360	1096
-2360	1093
-2361	1089
-2361	1086
-2360	1083
-2359	1080
-2358	1077
-2356	1074
-2355	1071
-2354	1068
-2353	1065
-2351	1063
-2350	1060
-2349	1057
-2349	1054
-2348	1051
-2347	1048
-2346	1045
-2345	1042
-2343	1039
-2342	1036
-2340	1034
-2340	1031
-2339	1028
-2338	1025
-2337	1022
-2335	1019
-2334	1016
-2333	1013
-2333	1010
-2332	1007
-2332	1004
-2331	1001
-2329	998
-2327	996
-2326	993
-2324	990
-2323	987
-2322	985
-2321	982
-2320	979
-2318	976
-2318	973
-2317	970
-2317	967
-2316	964
-2315	961
-2316	957
-2314	954
-2312	952
-2311	949
-2310	946
-2310	943
-2310	939
-2309	937
-2308	934
-2306	931
-2305	928
-2304	925
-2303	922
-2302	919
-2302	916
-2301	913
-2300	910
-2299	907
-2298	904
-2297	901
-2297	898
-2295	896
-2294	893
-2293	890
-2292	887
-2290	884
-2288	882
-2288	878
-2288	875
-2286	873
-2284	870
-2283	867
-2284	864
-2282	861
-2281	858
-2279	856
-2277	853
-2276	850
-2275	847
-2274	844
-2273	841
-2271	839
-2269	836
-2267	834
-2267	830
-2266	827
-2266	824
-2265	821
-2264	818
-2261	816
-2260	813
-2259	810
-2257	808
-2256	805
-2255	802
-2253	800
-2251	797
-2251	793
-2251	790
-2251	787
-2250	784
-2249	781
-2248	778
-2247	775
-2246	772
-2247	768
-2246	765
-2245	763
-2245	759
-2242	757
-2241	754
-2239	752
-2240	748
-2239	745
-2240	741
-2239	738
-2237	735
-2235	733
-2234	730
-2233	727
-2232	725
-2230	722
-2232	718
-2231	715
-2228	712
-2227	710
-2227	706
-2226	703
-2225	700
-2225	697
-2223	694
-2221	692
-2220	689
-2219	686
-2218	683
-2216	681
-2216	677
-2214	674
-2214	671
-2213	668
-2212	665
-2212	662
-2209	660
-2208	657
-2208	654
-2208	650
-2207	647
-2205	644
-2205	641
-2203	639
-2201	636
-2202	632
-2200	629
-2198	627
-2198	624
-2196	621
-2194	619
-2192	616
-2191	613
-2192	609
-2191	606
-2190	604
-2188	601
-2188	597
-2187	594
-2187	591
-2185	588
-2184	585
-2183	582
-2181	580
-2179	577
-2181	573
-2182	569
-2178	568
-2175	565
-2173	563
-2173	559
-2174	555
-2174	552
-2171	550
-2169	547
-2169	544
-2168	541
-2165	539
-2163	536
-2162	534
-2161	530
-2160	527
-2165	521
-2163	519
-2161	516
-2160	513
-2159	510
-2159	506
-2158	504
-2157	500
-2154	498
-2154	495
-2153	492
-2153	488
-2151	486
-2149	483
-2148	480
-2147	477
-2146	474
-2146	470
-2146	467
-2144	464
-2142	461
-2141	459
-2140	455
-2138	453
-2139	449
-2139	445
-2138	442
-2136	439
-2134	437
-2132	434
-2133	430
-2133	426
-2133	423
-2133	419
-2132	416
-2129	414
-2128	411
-2127	408
-2128	404
-2128	400
-2128	396
-2127	393
-2127	389
-2127	386
-2125	383
-2123	380
-2121	378
-2119	375
-2118	372
-2118	368
-2117	365
-2116	363
-2114	360
-2112	357
-2111	354
-2111	350
-2110	347
-2110	343
-2109	340
-2107	337
-2106	335
-2105	331
-2104	328
-2100	327
-2097	325
-2096	322
-2093	320
-2091	318
-2087	316
-2083	315
-2080	314
-2076	312
-2071	312
-2068	310
-2066	308
-2064	305
-2062	303
-2061	299
-2061	296
-2060	292
-2058	290
-2056	287
-2055	285
-2053	282
-2052	279
-2053	274
-2054	270
-2054	265
-2050	264
-2048	262
-2046	259
-2047	255
-2046	252
-2042	250
-2040	248
-2040	244
-2039	241
-2037	238
-2036	235
-2037	231
-2036	227
-2035	224
-2034	221
-2031	219
-2030	216
-2028	213
-2029	209
-2026	207
-2024	204
-2024	200
-2022	198
-2021	195
-2020	191
-2018	188
-2018	184
-2016	182
-2014	179
-2012	177
-2011	174
-2010	170
-2009	167
-2009	163
-2008	160
-2006	157
-2005	154
-2006	149
-2004	147
-2002	144
-2000	141
-1998	138
-1997	135
-1997	131
-1996	128
-1993	126
-1993	122
-1993	118
-1991	115
-1991	111
-1990	107
-1987	106
-1986	102
-1985	99
-1983	97
-1982	93
-1981	90
-1980	86
-1980	82
-1978	80
-1976	77
-1976	73
-1974	70
-1973	67
-1972	63
-1970	60
-1969	57
-1967	55
-1965	51
-1964	48
-1963	45
-1961	42
-1962	37
-1960	35
-1959	31
-1957	28
-1957	24
-1955	21
-1953	19
-1951	16
-1951	12
-1950	8
-1949	4
-1949	1
-1946	-2
-1944	-4
-1943	-7
-1943	-12
-1941	-15
-1941	-19
-1939	-22
-1937	-24
-1935	-28
-1933	-30
-1932	-34
-1931	-37
-1929	-39
-1926	-41
-1926	-46
-1928	-52
-1926	-55
-1923	-57
-1923	-61
-1921	-65
-1919	-67
-1919	-71
-1918	-75
-1917	-78
-1915	-81
-1913	-85
-1912	-88
-1910	-91
-1909	-94
-1907	-97
-1906	-101
-1905	-105
-1904	-108
-1903	-112
-1902	-116
-1902	-120
-1898	-121
-1897	-125
-1895	-128
-1893	-130
-1892	-134
-1891	-138
-1889	-141
-1888	-145
-1887	-148
-1886	-151
-1882	-153
-1879	-155
-1877	-157
-1872	-157
-1869	-158
-1866	-161
-1863	-162
-1854	-157
-1839	-148
-1838	-151
-1839	-157
-1836	-158
-1834	-161
-1830	-162
-1826	-163
-1823	-164
-1817	-163
-1814	-165
-1813	-168
-1814	-174
-1813	-178
-1807	-176
-1797	-171
-1793	-171
-1789	-171
-1781	-167
-1775	-166
-1772	-168
-1769	-170
-1766	-170
-1762	-172
-1759	-173
-1745	-162
-1741	-163
-1737	-164
-1731	-162
-1727	-162
-1724	-164
-1722	-166
-1714	-163
-1711	-164
-1710	-167
-1710	-172
-1707	-174
-1698	-169
-1690	-164
-1684	-163
-1682	-165
-1681	-169
-1679	-171
-1679	-176
-1679	-182
-1672	-178
-1666	-176
-1662	-176
-1660	-179
-1650	-172
-1636	-160
-1629	-157
-1624	-156
-1621	-157
-1616	-156
-1610	-154
-1608	-156
-1605	-158
-1603	-160
-1596	-157
-1585	-148
-1577	-144
-1573	-144
-1570	-145
-1567	-146
-1564	-148
-1563	-150
-1560	-152
-1557	-154
-1554	-155
-1550	-155
-1546	-155
-1543	-156
-1541	-159
-1540	-161
-1536	-162
-1533	-164
-1530	-164
-1525	-163
-1522	-165
-1519	-166
-1513	-162
-1501	-152
-1494	-148
-1489	-147
-1480	-140
-1476	-140
-1474	-142
-1471	-143
-1470	-147
-1470	-151
-1469	-155
-1468	-159
-1465	-161
-1462	-162
-1459	-163
-1458	-165
-1457	-169
-1454	-171
-1453	-174
-1450	-175
-1447	-176
-1444	-177
-1440	-177
-1438	-179
-1435	-180
-1429	-178
-1422	-173
-1414	-167
-1409	-166
-1406	-167
-1405	-169
-1399	-167
-1396	-168
-1390	-165
-1389	-168
-1387	-170
-1384	-171
-1381	-172
-1368	-159
-1360	-152
-1356	-152
-1354	-155
-1352	-157
-1352	-162
-1352	-167
-1350	-170
-1349	-173
-1347	-175
-1343	-174
-1339	-174
-1335	-174
-1332	-175
-1329	-175
-1326	-176
-1324	-178
-1323	-182
-1321	-184
-1316	-181
-1308	-176
-1303	-174
-1301	-176
-1299	-177
-1297	-180
-1295	-182
-1292	-184
-1286	-179
-1282	-178
-1277	-176
-1274	-177
-1271	-177
-1267	-177
-1264	-177
-1261	-179
-1256	-176
-1251	-173
-1245	-169
-1242	-170
-1240	-172
-1238	-174
-1236	-177
-1233	-177
-1225	-170
-1223	-171
-1221	-174
-1217	-173
-1214	-173
-1210	-172
-1208	-174
-1204	-174
-1200	-172
-1195	-170
-1192	-170
-1189	-171
-1187	-173
-1185	-175
-1180	-173
-1184	-184
-1180	-184
-1177	-184
-1175	-185
-1162	-170
-1160	-172
-1157	-172
-1155	-174
-1150	-172
-1147	-171
-1143	-170
-1139	-170
-1135	-169
-1132	-168
-1129	-168
-1126	-169
-1124	-171
-1122	-173
-1118	-172
-1118	-178
-1116	-179
-1111	-177
-1107	-175
-1104	-176
-1102	-177
-1095	-171
-1093	-173
-1091	-174
-1088	-176
-1085	-176
-1082	-176
-1079	-176
-1076	-176
-1072	-175
-1069	-176
-1066	-175
-1064	-177
-1061	-178
-1059	-179
-1055	-179
-1051	-177
-1048	-177
-1046	-178
-1042	-177
-1038	-176
-1036	-177
-1033	-177
-1030	-178
-1025	-174
-1018	-167
-1013	-162
-1010	-162
-1007	-163
-1005	-165
-1004	-168
-1001	-170
-998	-170
-995	-169
-992	-170
-991	-173
-989	-176
-987	-178
-986	-182
-985	-185
-981	-183
-978	-183
-975	-185
-972	-184
-968	-182
-964	-180
-961	-180
-958	-180
-955	-179
-951	-177
-945	-171
-938	-163
-935	-163
-932	-162
-928	-161
-925	-161
-924	-164
-923	-168
-921	-171
-922	-180
-919	-180
-916	-179
-912	-177
-909	-177
-907	-179
-904	-178
-901	-177
-898	-179
-895	-177
-891	-175
-889	-176
-886	-177
-883	-178
-880	-177
-877	-176
-873	-173
-869	-172
-866	-170
-782	1
-779	1
-776	2
-774	2
-771	2
-768	2
-766	2
-764	1
-761	1
-759	-0
-756	1
-753	1
-750	3
-748	2
-745	2
-743	1
-740	1
-738	1
-735	1
-734	-2
-735	-11
-734	-16
-732	-15
-726	-9
-723	-6
-721	-9
-720	-13
-720	-19
-719	-22
-748	-127
-747	-130
-747	-138
-745	-140
-742	-141
-740	-142
-737	-142
-735	-143
-733	-144
-731	-146
-728	-147
-725	-147
-723	-148
-721	-148
-719	-150
-716	-151
-714	-152
-711	-153
-709	-154
-706	-154
-704	-155
-701	-155
-698	-152
-693	-146
-690	-144
-687	-144
-684	-144
-682	-145
-680	-147
-678	-149
-679	-159
-675	-158
-672	-156
-669	-155
-667	-155
-665	-157
-663	-159
-660	-159
-656	-155
-652	-151
-650	-151
-647	-151
-644	-151
-641	-151
-638	-150
-636	-151
-634	-153
-633	-158
-631	-160
-629	-161
-625	-156
-620	-148
-615	-143
-613	-142
-610	-143
-608	-145
-606	-145
-603	-146
-602	-150
-603	-162
-604	-175
-600	-171
-596	-166
-599	-184
-595	-181
-592	-180
-579	-142
-575	-137
-572	-137
-570	-137
-568	-138
-566	-142
-565	-147
-565	-155
-563	-160
-560	-159
-558	-160
-556	-162
-555	-167
-554	-176
-552	-178
-550	-177
-547	-178
-545	-178
-542	-180
-540	-179
-537	-180
-535	-182
-533	-182
-530	-183
-528	-185
-526	-185
-523	-185
-520	-184
-518	-185
-515	-185
-513	-186
-510	-186
-508	-185
-505	-185
-502	-185
-500	-185
-497	-186
-495	-186
-492	-187
-490	-186
-487	-187
-485	-186
-482	-186
-480	-186
-477	-187
-474	-187
-472	-186
-469	-187
-467	-186
-464	-187
-462	-186
-459	-187
-457	-187
-454	-188
-451	-185
-449	-186
-446	-186
-444	-187
-441	-187
-439	-186
-436	-185
-434	-186
-431	-186
-429	-187
-426	-187
-424	-187
-421	-186
-418	-185
-415	-184
-413	-186
-411	-186
-408	-187
-406	-188
-403	-187
-401	-187
-398	-186
-396	-187
-393	-186
-391	-187
-388	-187
-386	-186
-383	-187
-381	-187
-378	-188
-376	-187
-373	-188
-371	-187
-368	-186
-366	-188
-363	-187
-361	-187
-358	-188
-356	-188
-353	-189
-351	-187
-348	-187
-345	-187
-343	-185
-340	-185
-338	-187
-335	-186
-333	-186
-331	-187
-328	-187
-326	-188
-323	-187
-320	-186
-318	-187
-316	-187
-313	-188
-311	-190
-308	-189
-306	-188
-303	-187
-301	-187
-298	-186
-295	-185
-292	-177
-289	-176
-287	-177
-285	-182
-283	-187
-281	-187
-278	-187
-276	-187
-273	-188
-271	-189
-269	-189
-266	-188
-263	-187
-261	-186
-258	-186
-256	-187
-254	-188
-251	-188
-249	-188
-246	-188
-244	-187
-241	-187
-239	-187
-236	-188
-234	-188
-231	-187
-229	-187
-226	-188
-224	-188
-222	-188
-219	-187
-216	-184
-214	-185
-211	-185
-209	-185
-206	-184
-204	-184
-202	-185
-199	-186
-197	-186
-194	-186
-192	-186
-189	-186
-187	-186
-185	-187
-182	-187
-180	-187
-177	-185
-175	-183
-172	-184
-170	-186
-167	-188
-165	-188
-163	-188
-160	-188
-158	-188
-155	-188
-153	-186
-150	-178
-147	-177
-145	-175
-142	-176
-140	-177
-138	-178
-135	-178
-133	-178
-130	-178
-128	-178
-125	-178
-123	-178
-121	-178
-118	-180
-116	-180
-113	-180
-111	-182
-108	-182
-106	-182
-104	-182
-101	-183
-99	-183
-96	-184
-94	-185
-91	-186
-89	-187
-87	-187
-84	-187
-82	-187
-77	-186
-74	-186
-72	-185
-69	-186
-67	-187
-64	-187
-62	-185
-60	-185
-57	-186
-55	-188
-52	-188
-50	-188
-47	-188
-45	-187
-42	-187
-40	-186
-38	-186
-35	-187
-33	-186
-30	-186
-28	-187
-25	-187
-23	-187
-20	-187
-18	-187
-16	-186
-13	-186
-11	-185
-8	-185
-6	-185
-3	-185
-1	-186
2	-186
4	-185
6	-184
9	-183
11	-182
14	-183
16	-185
19	-186
21	-186
24	-186
26	-185
28	-185
31	-186
33	-185
36	-185
38	-186
41	-185
43	-185
46	-185
48	-186
51	-186
53	-186
56	-186
58	-186
60	-186
63	-186
65	-185
68	-186
70	-186
73	-187
75	-187
78	-185
80	-185
83	-186
85	-186
88	-187
90	-187
92	-186
95	-186
97	-186
100	-186
102	-185
105	-185
107	-185
110	-185
112	-186
115	-187
117	-186
120	-186
122	-187
125	-186
127	-185
129	-185
132	-185
135	-187
137	-186
139	-186
142	-186
144	-186
147	-185
149	-187
152	-187
154	-186
157	-185
159	-184
162	-186
164	-187
167	-185
169	-185
172	-187
174	-188
177	-187
179	-186
181	-185
184	-184
186	-185
189	-186
191	-185
194	-185
196	-186
199	-186
202	-186
204	-185
207	-186
209	-186
211	-185
214	-186
216	-186
219	-184
221	-183
224	-184
227	-186
229	-186
231	-184
234	-184
236	-184
239	-184
241	-184
244	-184
246	-185
249	-183
251	-183
254	-185
257	-185
259	-186
262	-186
264	-186
267	-184
269	-184
272	-184
274	-184
277	-185
279	-186
282	-186
284	-184
286	-183
289	-182
292	-183
294	-183
297	-186
300	-185
302	-185
305	-185
307	-185
310	-185
312	-186
315	-184
317	-184
320	-184
323	-187
325	-187
328	-187
330	-186
333	-185
335	-183
338	-185
340	-185
343	-184
345	-185
348	-185
351	-185
353	-184
355	-184
358	-185
361	-185
363	-185
366	-183
368	-183
371	-183
373	-183
376	-183
379	-186
382	-187
384	-186
387	-186
389	-185
392	-185
395	-186
397	-186
400	-186
403	-187
405	-187
408	-186
410	-186
413	-185
416	-187
419	-189
421	-188
423	-186
426	-184
428	-185
431	-185
434	-185
436	-185
439	-185
441	-185
444	-184
446	-184
449	-184
452	-183
454	-183
457	-186
460	-185
463	-185
465	-185
468	-185
470	-184
473	-183
476	-185
478	-185
481	-183
483	-181
485	-182
488	-183
491	-183
494	-183
498	-187
500	-186
502	-185
505	-185
508	-184
510	-184
513	-185
516	-184
518	-183
521	-183
522	-180
524	-176
526	-173
528	-172
531	-174
535	-178
539	-183
542	-182
544	-181
547	-180
549	-179
552	-179
554	-178
556	-176
559	-175
561	-175
564	-176
567	-176
570	-177
572	-176
575	-175
578	-177
581	-178
584	-177
586	-176
589	-175
591	-176
594	-177
597	-177
600	-176
602	-174
603	-171
605	-168
607	-166
611	-169
615	-171
618	-174
621	-173
623	-171
623	-164
622	-156
624	-154
627	-154
629	-150
630	-146
632	-145
634	-143
637	-143
639	-142
642	-141
644	-140
647	-141
650	-142
652	-140
655	-139
658	-140
662	-144
667	-149
671	-153
674	-153
677	-155
682	-158
685	-158
687	-156
689	-154
691	-153
695	-155
697	-155
701	-156
703	-155
705	-153
707	-152
710	-152
713	-152
715	-151
717	-149
720	-148
722	-147
725	-147
727	-146
729	-144
733	-144
735	-143
737	-141
739	-140
742	-139
744	-137
746	-135
747	-131
747	-126
748	-121
748	-115
749	-111
750	-107
719	-21
719	-17
720	-12
721	-8
722	-5
724	-2
725	0
727	1
729	3
732	2
735	2
738	2
740	2
744	1
773	2
777	0
779	0
782	1
849	-108
852	-108
854	-106
857	-106
860	-106
862	-106
865	-105
868	-105
871	-105
874	-105
878	-106
882	-109
886	-110
892	-116
933	-188
924	-165
925	-161
927	-158
930	-158
933	-158
936	-158
939	-158
944	-162
952	-170
959	-177
966	-183
969	-183
973	-185
977	-187
980	-186
983	-186
986	-184
988	-182
990	-181
992	-178
994	-177
997	-176
1000	-176
1003	-175
1006	-175
1010	-176
1013	-176
1016	-176
1020	-176
1023	-176
1027	-177
1030	-176
1032	-175
1036	-175
1039	-175
1042	-176
1046	-176
1049	-176
1051	-174
1054	-172
1056	-170
1059	-169
1062	-170
1068	-173
1071	-173
1076	-175
1079	-175
1083	-176
1085	-174
1088	-174
1092	-175
1095	-174
1098	-174
1102	-175
1106	-176
1109	-175
1112	-174
1115	-173
1118	-172
1120	-171
1127	-176
1130	-176
1134	-176
1137	-176
1140	-175
1143	-174
1146	-173
1150	-174
1154	-174
1157	-174
1159	-173
1163	-173
1167	-174
1171	-175
1175	-175
1178	-174
1181	-174
1185	-175
1189	-175
1192	-174
1195	-174
1200	-175
1204	-175
1207	-175
1210	-175
1213	-174
1217	-174
1220	-173
1223	-173
1228	-174
1231	-174
1234	-173
1239	-174
1243	-175
1246	-174
1249	-173
1253	-173
1257	-174
1262	-176
1265	-174
1267	-173
1269	-170
1270	-167
1273	-165
1274	-162
1277	-161
1281	-161
1286	-164
1292	-167
1299	-170
1305	-173
1309	-174
1313	-174
1315	-172
1318	-170
1320	-168
1323	-167
1326	-166
1330	-166
1334	-167
1339	-168
1343	-169
1345	-166
1347	-163
1350	-162
1353	-162
1357	-162
1360	-161
1364	-161
1368	-162
1372	-161
1374	-159
1376	-157
1379	-155
1379	-151
1382	-149
1388	-152
1394	-154
1397	-153
1399	-151
1402	-150
1404	-147
1407	-145
1409	-144
1411	-141
1416	-142
1422	-145
1425	-144
1427	-141
1430	-140
1439	-146
1443	-146
1444	-143
1446	-140
1450	-140
1453	-139
1453	-134
1454	-131
1456	-128
1458	-125
1460	-123
1463	-122
1466	-121
1470	-120
1475	-121
1484	-128
1493	-132
1499	-135
1505	-137
1513	-142
1522	-147
1527	-148
1513	-128
1516	-125
1519	-125
1538	-141
1539	-137
1541	-135
1545	-135
1533	-117
1540	-120
1544	-119
1548	-119
1556	-123
1562	-126
1565	-124
1570	-124
1574	-124
1578	-124
1582	-123
1584	-121
1586	-118
1587	-114
1588	-111
1590	-108
1597	-111
1604	-114
1611	-117
1618	-120
1626	-124
1635	-129
1643	-132
1644	-128
1649	-129
1650	-125
1651	-121
1653	-119
1656	-117
1661	-117
1664	-117
1672	-119
1677	-120
1683	-122
1686	-120
1690	-120
1693	-118
1697	-117
1700	-115
1702	-113
1707	-114
1715	-117
1719	-116
1724	-116
1725	-113
1747	-130
1747	-121
1746	-115
1748	-112
1764	-118
1764	-114
1766	-111
1769	-109
1774	-109
1778	-109
1783	-108
1785	-106
1788	-104
1799	-109
1804	-110
1807	-108
1819	-115
1815	-107
1816	-103
1817	-99
1819	-96
1820	-93
1822	-90
1826	-88
1850	-106
1855	-107
1860	-106
1876	-116
1860	-92
1862	-90
1865	-88
1898	-113
1898	-108
1899	-105
1897	-98
1900	-96
1920	-110
1915	-100
1922	-102
1923	-98
1926	-96
1929	-94
1932	-92
1934	-89
1936	-86
1947	-91
1949	-88
1949	-84
1962	-91
1969	-92
1972	-90
1975	-88
1977	-85
1980	-82
1985	-82
1988	-80
1990	-77
2005	-85
2006	-81
2011	-81
2023	-86
2026	-84
2029	-82
2032	-80
2036	-79
2052	-87
2054	-85
2057	-82
2062	-81
2070	-84
2077	-84
2080	-82
2081	-79
2095	-85
2097	-82
2100	-80
2101	-76
2102	-72
2102	-67
2101	-62
2107	-62
2121	-68
2124	-66
2127	-64
2132	-63
2133	-59
2137	-58
2139	-55
2146	-55
2150	-54
2154	-53
2159	-52
2163	-50
2166	-48
2171	-47
2176	-46
2181	-45
2184	-43
2188	-41
2192	-40
2200	-41
2232	-60
2244	-65
2260	-72
2268	-74
2274	-73
2275	-69
2279	-67
2284	-66
2290	-66
2288	-60
2291	-57
2295	-55
2301	-55
2308	-55
2314	-55
2320	-54
2324	-53
2332	-54
2338	-53
2343	-52
2354	-55
2359	-54
2366	-54
2375	-56
2386	-58
2395	-60
2401	-59
2406	-58
2409	-55
2413	-53
2416	-51
2420	-49
2424	-47
2422	-40
2433	-43
2442	-44
2447	-43
2450	-41
2456	-40
2461	-38
2465	-36
2464	-30
2467	-28
2466	-23
2466	-18
2465	-12
2466	-8
2456	4
2457	8
2457	12
2459	16
2457	22
2458	26
2458	31
2456	37
2458	40
2461	43
2473	40
2453	57
2459	59
2456	65
2454	71
2454	75
2454	80
2454	85
2454	89
2451	96
2452	100
2452	104
2454	108
2456	111
2457	115
2457	120
2456	125
2456	129
2458	133
2457	138
2458	142
2459	146
2458	151
2458	155
2460	159
2462	162
2462	166
2461	172
2460	177
2462	180
2462	184
2462	189
2464	192
2466	196
2467	200
2467	204
2467	208
2469	212
2468	216
2468	221
2468	226
2468	230
2472	232
2474	235
2475	239
2472	245
2471	250
2474	253
2477	256
2475	261
2476	265
2477	269
2478	272
2479	276
2480	280
2482	283
2481	288
2480	293
2482	296
2482	300
2482	305
2485	308
2485	312
2485	316
2485	321
2487	324
2486	329
2487	332
2489	335
2489	340
2490	343
2492	347
2494	350
2494	354
2494	359
2492	364
2491	369
2492	372
2494	375
2496	379
2499	382
2498	386
2498	390
2498	394
2496	399
2498	403
2501	406
2503	409
2505	412
2507	415
2508	419
2510	422
2512	425
2512	429
2509	435
2511	438
2514	441
2514	445
2514	449
2515	453
2514	458
2514	462
2514	466
2515	470
2517	473
2516	477
2517	481
2518	485
2520	488
2521	492
2520	496
2521	500
2523	503
2524	506
2525	510
2525	514
2523	519
2520	524
2519	529
2522	532
2525	535
2526	538
2525	543
2527	546
2528	549
2528	554
2529	557
2530	561
2531	564
2531	568
2531	572
2531	576
2532	580
2531	584
2531	589
2533	592
2534	595
2536	598
2536	602
2534	607
2536	610
2537	614
2537	618
2538	622
2539	625
2542	628
2544	631
2545	634
2547	638
2544	643
2543	647
2545	650
2547	653
2548	657
2548	661
2550	664
2549	669
2550	672
2552	675
2552	679
2553	683
2554	686
2553	691
2554	694
2555	698
2555	702
2555	705
2554	710
2554	714
2555	717
2556	721
2557	724
2557	728
2558	732
2559	735
2560	739
2561	742
2563	746
2562	750
2562	753
2563	757
2565	760
2566	764
2567	767
2566	772
2565	776
2565	780
2566	783
2567	786
2569	790
2569	794
2569	797
2569	801
2569	805
2569	809
2568	813
2567	817
2568	821
2570	824
2569	828
2568	832
2568	836
2568	840
2569	843
2569	847
2570	850
2571	854
2572	858
2574	861
2574	865
2573	869
2573	872
2573	876
2574	880
2574	883
2575	887
2575	891
2577	894
2576	898
2576	902
2576	906
2577	909
2578	912
2579	916
2579	920
2580	923
2581	927
2581	930
2580	934
2580	938
2580	942
2582	945
2582	949
2582	952
2584	956
2583	960
2583	963
2585	967
2586	970
2586	974
2584	978
2584	982
2585	985
2587	988
2590	991
2592	994
2593	998
2593	1002
2593	1005
2595	1009
2596	1012
2596	1016
2597	1019
2597	1023
2598	1026
2598	1030
2599	1034
2598	1037
2599	1041
2598	1045
2598	1048
2599	1052
2599	1056
2599	1059
2600	1063
2601	1066
2601	1070
2601	1074
2603	1077
2604	1080
2603	1084
2604	1088
2605	1091
2606	1095
2606	1098
2606	1102
2605	1106
2606	1109
2606	1113
2606	1116
2607	1120
2608	1123
2607	1127
2606	1131
2606	1135
2606	1138
2607	1142
2606	1146
2606	1149
2608	1153
2608	1156
2609	1160
2610	1163
2610	1167
2611	1170
2610	1174
2607	1178
2607	1182
2607	1185
2607	1189
2610	1192
2613	1195
2612	1199
2612	1203
2611	1206
2610	1210
2611	1214
2611	1217
2610	1221
2610	1225
2612	1228
2614	1231
2614	1235
2615	1238
2616	1242
2615	1245
2617	1249
2619	1252
2621	1255
2620	1259
2621	1263
2621	1266
2620	1270
2619	1274
2619	1277
2622	1280
2621	1284
2620	1288
2622	1291
2624	1295
2624	1298
2624	1302
2623	1305
2625	1309
2625	1312
2625	1316
2625	1319
2626	1323
2626	1327
2628	1330
2628	1333
2626	1337
2624	1341
2625	1345
2626	1348
2627	1351
2627	1355
2626	1359
2627	1362
2627	1366
2627	1369
2628	1373
2628	1376
2629	1380
2628	1384
2627	1387
2628	1391
2627	1394
2627	1398
2628	1401
2628	1405
2628	1409
2629	1412
2630	1415
2631	1419
2631	1423
2631	1426
2632	1430
2632	1433
2633	1437
2634	1440
2633	1444
2631	1447
2633	1451
2634	1454
2634	1458
2635	1461
2635	1465
2635	1469
2636	1472
2636	1476
2636	1479
2637	1483
2640	1486
2641	1489
2641	1493
2642	1497
2643	1500
2642	1504
2641	1507
2641	1511
2641	1514
2644	1518
2644	1521
2645	1525
2645	1528
2645	1532
2647	1535
2646	1539
2645	1543
2646	1546
2648	1550
2645	1553
2644	1557
2644	1561
2643	1564
2643	1568
2645	1571
2645	1575
2645	1578
2647	1582
2649	1585
2650	1589
2649	1592
2648	1596
2647	1600
2646	1603
2648	1607
2648	1610
2648	1614
2648	1617
2648	1621
2649	1624
2648	1628
2648	1632
2649	1635
2650	1639
2651	1642
2651	1646
2652	1649
2652	1653
2653	1656
2652	1660
