2590	1673
2590	1676
2592	1680
2593	1683
2592	1687
2592	1690
2595	1697
2595	1701
2595	1704
2594	1708
2593	1711
2594	1714
2595	1718
2596	1721
2596	1725
2596	1728
2596	1732
2596	1735
2597	1739
2597	1742
2598	1746
2598	1749
2597	1753
2597	1756
2597	1760
2598	1763
2598	1767
2598	1770
2599	1774
2601	1777
2601	1781
2601	1784
2601	1788
2599	1791
2600	1795
2602	1798
2602	1802
2602	1805
2604	1809
2605	1813
2603	1816
2602	1819
2603	1823
2604	1826
2606	1830
2606	1834
2605	1837
2604	1841
2604	1844
2606	1848
2608	1851
2607	1855
2607	1858
2608	1862
2608	1865
2607	1869
2608	1872
2608	1876
2608	1879
2608	1883
2608	1886
2610	1890
2611	1894
2610	1897
2610	1901
2610	1904
2611	1908
2611	1911
2611	1915
2610	1918
2611	1922
2614	1926
2613	1929
2612	1933
2617	1937
2621	1940
2619	1944
2618	1947
2619	1951
2620	1955
2619	1958
2619	1962
2618	1965
2619	1969
2621	1972
2620	1976
2620	1979
2620	1983
2621	1987
2620	1990
2619	1994
2621	1997
2621	2001
2622	2005
2623	2008
2624	2012
2625	2016
2624	2019
2625	2023
2625	2026
2626	2030
2627	2034
2627	2037
2628	2041
2627	2045
2626	2048
2625	2052
2628	2055
2628	2059
2628	2063
2629	2066
2630	2070
2629	2074
2629	2077
2629	2081
2629	2084
2629	2088
2630	2092
2630	2095
2631	2099
2632	2103
2630	2106
2629	2110
2628	2113
2630	2117
2631	2121
2634	2125
2634	2129
2633	2132
2633	2136
2633	2139
2633	2143
2632	2146
2633	2150
2635	2154
2635	2158
2635	2161
2634	2165
2635	2169
2636	2172
2637	2176
2636	2180
2637	2184
2636	2187
2637	2191
2639	2195
2638	2199
2638	2202
2640	2206
2642	2210
2643	2214
2643	2218
2642	2221
2640	2225
2639	2228
2640	2232
2639	2235
2639	2239
2640	2243
2640	2247
2638	2250
2640	2254
2642	2258
2644	2262
2645	2266
2647	2270
2646	2274
2643	2277
2640	2280
2642	2284
2644	2288
2646	2293
2647	2297
2649	2301
2649	2304
2650	2308
2650	2312
2651	2316
2651	2320
2651	2324
2652	2327
2650	2331
2648	2334
2650	2338
2655	2343
2654	2347
2654	2351
2655	2355
2655	2358
2655	2362
2655	2366
2654	2369
2656	2374
2656	2377
2653	2381
2652	2384
2653	2388
2653	2392
2658	2397
2658	2401
2659	2405
2660	2409
2659	2413
2658	2416
2658	2420
2657	2424
2656	2427
2657	2431
2657	2435
2656	2439
2659	2443
2662	2448
2662	2452
2662	2456
2662	2459
2663	2463
2664	2468
2663	2471
2661	2474
2661	2478
2663	2483
2664	2487
2665	2491
2665	2495
2665	2499
2666	2503
2665	2507
2665	2511
2666	2515
2667	2519
2670	2524
2670	2528
2670	2532
2670	2536
2669	2539
2670	2544
2671	2548
2671	2552
2671	2556
2671	2559
2670	2563
2671	2567
2672	2572
2673	2576
2672	2580
2672	2584
2671	2587
2670	2591
2669	2594
2668	2598
2667	2602
2669	2606
2671	2611
2673	2616
2672	2619
2671	2623
2669	2627
2671	2631
2675	2637
2673	2640
2670	2643
2670	2647
2670	2651
2668	2654
2671	2659
2672	2664
2673	2668
2673	2672
2673	2676
2674	2680
2674	2685
2675	2689
2675	2693
2675	2697
2677	2702
2676	2706
2678	2710
2679	2715
2679	2719
2677	2723
2678	2727
2678	2731
2679	2735
2678	2739
2676	2743
2677	2747
2677	2751
2678	2756
2678	2760
2680	2765
2681	2769
2680	2773
2680	2777
2679	2781
2679	2785
2678	2789
2678	2793
2679	2798
2680	2802
2678	2806
2679	2810
2680	2815
2681	2819
2684	2825
2682	2828
2683	2833
2683	2837
2684	2842
2683	2846
2684	2850
2684	2854
2685	2859
2686	2864
2688	2869
2689	2874
2687	2877
2686	2881
2686	2885
2687	2890
2688	2895
2689	2899
2687	2903
2686	2907
2687	2911
2689	2916
2689	2921
2691	2926
2690	2930
2690	2935
2692	2940
2692	2944
2691	2948
2690	2952
2688	2955
2690	2960
2690	2965
2690	2969
2692	2975
2695	2980
2697	2986
2698	2991
2699	2996
2699	3000
2697	3003
2697	3008
2697	3012
2696	3016
2697	3021
2696	3025
2697	3030
2697	3035
2697	3039
2697	3044
2697	3048
2697	3052
2696	3056
2696	3061
2696	3065
2697	3071
2697	3075
2694	3078
2692	3082
2694	3087
2693	3091
2692	3095
2690	3099
2689	3103
2690	3108
2692	3113
2693	3119
2691	3122
2689	3126
2681	3126
2662	3121
2644	3116
2635	3116
2627	3116
2624	3119
2622	3122
2622	3127
2625	3133
2627	3139
2636	3148
2675	3173
2691	3187
2697	3195
2699	3200
2697	3205
2696	3209
2698	3214
2700	3220
2701	3225
2701	3230
2699	3234
2700	3239
2698	3243
2696	3246
2695	3250
2696	3256
2697	3261
2699	3267
2697	3271
2695	3274
2695	3280
2695	3284
2697	3290
2697	3295
2696	3299
2697	3305
2695	3308
2694	3312
2692	3316
2693	3322
2697	3329
2696	3333
2693	3337
2692	3341
2692	3346
2694	3351
2691	3355
2690	3359
2692	3365
2693	3371
2692	3375
2692	3380
2692	3385
2692	3390
2692	3395
2690	3399
2689	3403
2688	3407
2688	3412
2688	3418
2688	3423
2689	3428
2687	3432
2691	3440
2689	3444
2688	3448
2687	3452
2687	3457
2687	3462
2685	3466
2684	3471
2683	3475
2681	3479
2679	3483
2680	3489
2680	3494
2680	3499
2679	3504
2686	3513
2685	3518
2685	3523
2685	3528
2684	3533
2681	3536
2678	3539
2678	3545
2681	3552
2679	3556
2678	3560
2678	3565
2676	3569
2677	3575
2677	3580
2678	3587
2681	3594
2679	3598
2676	3601
2675	3606
2673	3610
2672	3614
2671	3619
2671	3624
2669	3628
2668	3633
2667	3638
2666	3642
2665	3647
2665	3653
2664	3657
2662	3661
2663	3667
2661	3672
2660	3676
2660	3682
2659	3686
2658	3691
2658	3696
2658	3702
2656	3706
2656	3711
2655	3716
2652	3720
2651	3724
2651	3730
2648	3733
2646	3737
2647	3743
2647	3749
2647	3755
2646	3760
2646	3765
2644	3770
2641	3773
2639	3777
2640	3783
2641	3790
2639	3794
2640	3801
2640	3806
2637	3810
2634	3813
2635	3819
2634	3825
2633	3829
2630	3833
2631	3840
2634	3847
2631	3851
2630	3856
2630	3862
2628	3866
2628	3871
2629	3878
2631	3886
2630	3891
2629	3896
2632	3904
2631	3910
2629	3914
2628	3919
2626	3923
2625	3928
2626	3935
2624	3939
2621	3943
2619	3947
2619	3953
2619	3959
2619	3965
2618	3970
2614	3973
2612	3977
2611	3982
2610	3988
2609	3993
2606	3997
2605	4001
2605	4008
2605	4014
2604	4019
2600	4022
2599	4027
2601	4035
2598	4039
2595	4043
2595	4048
2594	4054
2593	4059
2590	4063
2588	4067
2586	4072
2586	4078
2585	4084
2584	4089
2579	4091
2576	4094
2577	4101
2579	4109
2575	4112
2549	4095
2523	4077
2514	4075
2514	4081
2511	4085
2510	4090
2506	4092
2504	4097
2568	4163
2566	4168
2563	4172
2562	4178
2560	4182
2562	4190
2562	4197
2562	4203
2561	4209
2559	4214
2555	4217
2554	4223
2552	4227
2550	4232
2547	4236
2544	4239
2543	4245
2542	4251
2539	4255
2539	4261
2536	4265
2534	4269
2530	4273
2528	4278
2528	4284
2528	4291
2525	4295
2523	4300
2521	4304
2518	4309
2515	4312
2512	4316
2511	4321
2510	4328
2514	4339
2510	4342
2507	4346
2505	4351
2505	4357
2504	4363
2504	4370
2503	4376
2502	4382
2509	4397
2224	4103
2222	4107
2219	4110
2216	4114
2215	4119
2214	4131
2211	4134
2212	4141
2209	4145
2204	4146
2472	4450
2470	4455
2467	4459
2465	4464
2462	4469
2462	4476
2462	4483
2460	4488
2460	4495
2458	4501
2455	4504
2452	4508
2447	4511
2444	4514
2440	4517
2435	4520
2428	4519
2424	4522
2420	4525
2413	4525
2409	4527
2407	4532
2405	4537
2400	4539
2396	4542
2393	4546
2388	4548
2384	4551
2380	4554
2377	4558
2373	4561
2370	4565
2366	4568
2364	4573
2360	4577
2356	4579
2353	4583
2349	4586
2344	4588
2340	4590
2337	4595
2335	4600
2332	4604
2329	4609
2326	4612
2321	4614
2317	4617
2314	4621
2310	4625
2307	4628
2303	4632
2299	4635
2296	4639
2293	4642
2290	4646
2286	4649
2282	4652
2279	4657
2276	4661
2272	4664
2268	4667
2263	4668
2259	4672
2255	4675
2251	4678
2247	4681
2242	4682
2240	4687
2236	4691
2232	4693
2228	4696
2224	4700
2222	4705
2218	4708
2214	4711
2209	4711
2204	4713
2199	4715
2194	4717
2189	4719
2185	4721
2183	4726
2182	4733
2179	4738
2175	4740
2170	4743
2166	4746
2163	4749
2160	4754
2156	4757
2153	4761
2150	4766
2147	4769
2143	4772
2138	4774
2134	4777
2130	4780
2126	4783
2122	4787
2119	4790
2116	4795
2113	4799
2109	4802
2105	4805
2101	4808
2096	4810
2092	4813
2088	4815
2083	4817
2078	4819
2075	4822
2069	4824
2065	4825
2061	4829
2057	4832
2051	4832
2047	4834
2043	4837
2039	4840
2035	4844
2032	4848
2028	4851
2024	4853
2021	4857
2017	4861
2013	4864
2009	4867
2005	4870
2001	4874
1997	4876
1993	4879
1989	4883
1985	4884
1980	4887
1976	4890
1972	4892
1968	4896
1965	4899
1961	4902
1956	4904
1951	4906
1947	4909
1943	4912
1938	4914
1934	4916
1931	4920
1927	4923
1923	4926
1919	4929
1916	4933
1911	4936
1907	4938
1902	4940
1898	4943
1894	4946
1892	4952
1888	4956
1885	4960
1881	4963
1876	4964
1870	4964
1866	4966
1861	4968
1857	4972
1853	4974
1850	4979
1845	4979
1840	4981
1835	4983
1832	4987
1826	4987
1821	4989
1818	4993
1814	4997
1810	4999
1806	5002
1801	5004
1796	5006
1793	5009
1789	5012
1785	5016
1781	5019
1776	5020
1771	5022
1767	5025
1764	5028
1759	5031
1754	5032
1750	5036
1746	5038
1742	5041
1737	5043
1733	5046
1728	5047
1725	5051
1722	5056
1717	5057
1713	5060
1709	5064
1704	5066
1700	5068
1697	5073
1692	5075
1687	5076
1683	5078
1678	5081
1674	5083
1670	5086
1665	5087
1661	5091
1657	5093
1653	5097
1648	5098
1644	5101
1640	5104
1636	5107
1631	5110
1627	5112
1623	5115
1619	5119
1616	5123
1612	5126
1608	5129
1603	5131
1599	5134
1595	5138
1591	5141
1585	5140
1579	5140
1574	5141
1571	5145
1566	5147
1561	5148
1556	5149
1552	5152
1547	5154
1543	5157
1539	5160
1534	5162
1530	5164
1525	5166
1521	5168
1517	5171
1512	5173
1508	5175
1504	5179
1498	5179
1493	5180
1489	5182
1484	5184
1479	5186
1475	5189
1471	5192
1467	5194
1462	5196
1458	5200
1454	5203
1450	5206
1446	5209
1442	5212
1436	5212
1430	5209
1424	5208
1419	5210
1415	5214
1411	5218
1407	5221
1402	5222
1397	5222
1392	5224
1389	5228
1385	5232
1381	5235
1376	5236
1370	5235
1366	5238
1361	5241
1356	5242
1352	5244
1347	5245
1343	5248
1338	5250
1333	5251
1328	5253
1323	5254
1318	5255
1314	5256
1309	5259
1304	5260
1299	5261
1295	5264
1291	5267
1286	5269
1281	5270
1277	5271
1271	5271
1266	5272
1261	5274
1257	5276
1252	5277
1247	5278
1242	5280
1238	5282
1233	5282
1228	5284
1223	5287
1218	5287
1214	5290
1210	5294
1206	5297
1202	5300
1197	5303
1193	5306
1188	5308
1184	5309
1179	5311
1174	5311
1169	5312
1163	5312
1158	5312
1153	5312
1148	5314
1143	5315
1139	5317
1134	5319
1129	5320
1124	5322
1119	5321
1113	5320
1108	5321
1103	5321
1099	5324
1094	5325
1089	5327
1085	5330
1081	5334
1076	5336
1072	5338
1067	5340
1062	5341
1058	5344
1054	5347
1050	5351
1045	5353
1041	5355
1036	5358
1031	5359
1027	5362
1022	5364
1018	5366
1013	5368
1008	5370
1004	5373
999	5375
995	5378
990	5381
986	5383
981	5384
976	5386
971	5386
966	5387
962	5391
957	5393
952	5394
948	5396
943	5396
938	5398
933	5400
928	5402
924	5404
919	5406
914	5408
910	5410
905	5412
901	5414
896	5418
892	5421
887	5423
883	5425
877	5425
872	5426
868	5428
863	5431
859	5433
854	5435
849	5436
844	5436
839	5437
834	5438
829	5439
824	5441
819	5444
815	5446
810	5449
806	5453
801	5454
796	5455
791	5456
787	5459
782	5460
777	5460
772	5461
767	5462
762	5465
758	5468
752	5468
747	5466
742	5466
737	5467
732	5467
726	5468
722	5471
717	5473
713	5476
708	5477
703	5477
697	5476
692	5477
687	5477
682	5476
677	5477
672	5477
667	5478
662	5481
657	5483
653	5487
648	5489
643	5490
638	5490
633	5490
627	5487
622	5484
617	5486
613	5492
608	5494
603	5493
598	5495
593	5494
588	5496
583	5497
578	5499
573	5501
568	5502
563	5502
558	5504
553	5504
548	5504
543	5503
538	5504
533	5504
528	5503
522	5503
517	5503
513	5508
508	5508
503	5507
497	5505
492	5502
486	5501
482	5503
477	5504
472	5505
466	5504
461	5504
457	5506
452	5508
447	5509
442	5510
437	5512
432	5513
427	5515
422	5516
417	5517
412	5519
408	5521
402	5519
397	5519
392	5520
387	5520
382	5519
377	5521
372	5524
367	5524
362	5525
357	5525
352	5526
347	5526
342	5524
336	5520
331	5516
326	5514
321	5513
316	5515
311	5515
305	5515
300	5512
295	5510
290	5506
285	5509
280	5509
275	5511
270	5512
265	5513
260	5514
255	5515
250	5518
246	5524
241	5528
236	5530
231	5530
226	5533
221	5533
216	5536
212	5546
207	5548
202	5548
197	5550
192	5550
187	5550
182	5552
177	5552
172	5554
167	5556
162	5559
157	5561
152	5562
147	5562
142	5564
137	5566
132	5565
127	5566
122	5565
116	5561
111	5561
106	5561
101	5563
97	5573
91	5574
86	5559
81	5555
76	5555
71	5556
66	5567
61	5568
56	5569
51	5570
46	5569
40	5569
35	5568
30	5566
25	5566
20	5565
15	5565
10	5566
5	5567
-0	5567
-5	5566
-10	5565
-15	5566
-21	5565
-26	5564
-31	5563
-36	5564
-41	5565
-46	5570
-62	5019
-66	5023
-70	5023
-75	5021
-79	5018
-84	5021
-88	5021
-92	5017
-96	5006
-101	5000
-105	4999
-109	5000
-114	5005
-118	5006
-123	5006
-127	5003
-131	5000
-135	5001
-140	5008
-145	5017
-149	5018
-153	5018
-158	5018
-162	5021
-167	5024
-171	5024
-175	5020
-213	5543
-218	5542
-223	5540
-228	5540
-233	5540
-238	5542
-243	5543
-248	5544
-253	5547
-258	5549
-263	5551
-269	5550
-274	5550
-279	5550
-284	5550
-289	5551
-294	5551
-299	5550
-304	5550
-309	5551
-314	5552
-319	5552
-324	5552
-329	5550
-334	5545
-339	5543
-344	5544
-349	5545
-354	5545
-359	5545
-365	5546
-370	5549
-375	5549
-380	5550
-385	5551
-391	5553
-396	5554
-401	5551
-406	5551
-411	5548
-415	5546
-420	5541
-425	5536
-430	5533
-434	5532
-439	5531
-444	5527
-449	5525
-453	5519
-458	5515
-463	5512
-468	5511
-473	5509
-477	5506
-482	5502
-487	5499
-491	5494
-496	5490
-500	5487
-505	5484
-510	5482
-515	5479
-520	5478
-524	5473
-529	5470
-534	5471
-539	5469
-543	5467
-548	5465
-553	5463
-558	5463
-563	5462
-568	5462
-573	5463
-578	5462
-583	5462
-588	5462
-593	5461
-598	5461
-603	5462
-608	5461
-613	5459
-618	5457
-622	5456
-627	5455
-632	5454
-637	5455
-642	5454
-647	5452
-652	5451
-657	5450
-662	5451
-667	5450
-672	5451
-677	5453
-683	5453
-687	5452
-692	5451
-697	5451
-702	5450
-707	5449
-712	5448
-717	5447
-722	5447
-727	5447
-732	5445
-736	5442
-741	5442
-746	5441
-751	5442
-756	5440
-761	5438
-765	5435
-770	5434
-776	5435
-781	5435
-786	5437
-791	5438
-796	5436
-801	5434
-806	5434
-811	5434
-816	5434
-821	5434
-827	5435
-832	5436
-836	5433
-841	5432
-846	5431
-851	5430
-855	5427
-860	5423
-864	5418
-868	5414
-872	5410
-877	5408
-882	5408
-887	5407
-892	5405
-896	5404
-901	5404
-906	5403
-911	5400
-916	5399
-921	5398
-925	5396
-930	5393
-934	5391
-939	5388
-944	5387
-949	5387
-954	5386
-959	5386
-964	5388
-969	5387
-974	5384
-978	5381
-982	5377
-987	5377
-993	5378
-997	5377
-1002	5374
-1006	5369
-1011	5369
-1016	5369
-1021	5368
-1026	5368
-1031	5368
-1037	5369
-1042	5370
-1047	5370
-1052	5368
-1057	5366
-1061	5363
-1065	5360
-1070	5361
-1076	5361
-1081	5361
-1086	5362
-1091	5361
-1096	5358
-1100	5356
-1105	5354
-1110	5353
-1114	5350
-1118	5346
-1122	5343
-1127	5342
-1132	5341
-1137	5340
-1141	5337
-1146	5335
-1151	5334
-1156	5333
-1161	5333
-1165	5330
-1170	5327
-1174	5323
-1178	5321
-1183	5320
-1187	5317
-1192	5315
-1196	5312
-1201	5311
-1205	5308
-1210	5307
-1215	5304
-1219	5303
-1224	5301
-1229	5301
-1234	5300
-1239	5298
-1243	5295
-1248	5295
-1252	5292
-1257	5291
-1262	5291
-1267	5289
-1272	5288
-1277	5287
-1283	5288
-1288	5289
-1292	5286
-1297	5285
-1302	5283
-1306	5279
-1310	5277
-1315	5275
-1321	5277
-1327	5279
-1331	5277
-1336	5274
-1340	5271
-1344	5268
-1349	5267
-1355	5269
-1360	5269
-1365	5267
-1369	5264
-1372	5259
-1376	5255
-1381	5254
-1386	5252
-1390	5250
-1395	5248
-1399	5246
-1404	5244
-1408	5241
-1412	5237
-1415	5232
-1420	5230
-1425	5229
-1428	5224
-1432	5220
-1437	5219
-1442	5218
-1447	5217
-1452	5216
-1456	5214
-1461	5212
-1466	5211
-1470	5209
-1475	5208
-1479	5205
-1484	5204
-1489	5202
-1494	5200
-1498	5199
-1503	5197
-1507	5195
-1512	5193
-1516	5190
-1519	5184
-1523	5182
-1528	5179
-1532	5178
-1537	5177
-1542	5176
-1548	5177
-1553	5176
-1557	5173
-1561	5170
-1566	5167
-1570	5165
-1574	5162
-1578	5158
-1582	5155
-1587	5153
-1592	5154
-1598	5154
-1604	5155
-1608	5153
-1613	5151
-1617	5149
-1622	5147
-1626	5145
-1631	5143
-1635	5140
-1640	5138
-1644	5136
-1649	5135
-1654	5134
-1660	5135
-1665	5133
-1669	5131
-1674	5129
-1678	5127
-1683	5125
-1686	5121
-1690	5117
-1695	5115
-1698	5110
-1700	5104
-1703	5098
-1707	5096
-1712	5094
-1715	5089
-1718	5084
-1722	5080
-1726	5078
-1731	5076
-1735	5074
-1739	5071
-1743	5068
-1747	5064
-1750	5060
-1754	5056
-1758	5053
-1762	5051
-1767	5049
-1771	5045
-1774	5042
-1780	5043
-1785	5041
-1790	5040
-1794	5038
-1799	5035
-1802	5031
-1807	5029
-1811	5027
-1816	5026
-1821	5024
-1824	5020
-1828	5017
-1832	5014
-1837	5012
-1841	5010
-1844	5006
-1849	5003
-1853	5001
-1857	4999
-1862	4996
-1865	4993
-1869	4989
-1873	4986
-1877	4984
-1882	4982
-1886	4979
-1889	4975
-1894	4973
-1898	4970
-1902	4968
-1907	4967
-1911	4963
-1914	4958
-1918	4955
-1922	4953
-1926	4950
-1930	4948
-1934	4944
-1937	4940
-1942	4938
-1946	4935
-1950	4933
-1955	4932
-1961	4931
-1962	4925
-1963	4916
-1966	4911
-1969	4908
-1974	4906
-1978	4904
-1982	4900
-1986	4897
-1990	4894
-1994	4892
-1998	4889
-2002	4887
-2007	4884
-2010	4880
-2013	4877
-2018	4874
-2021	4871
-2025	4868
-2030	4865
-2034	4864
-2039	4862
-2043	4859
-2047	4856
-2050	4852
-2053	4847
-2056	4843
-2060	4840
-2064	4837
-2068	4834
-2073	4833
-2077	4831
-2080	4827
-2084	4823
-2088	4820
-2091	4817
-2095	4814
-2099	4812
-2104	4810
-2108	4806
-2112	4804
-2116	4802
-2121	4800
-2125	4797
-2128	4793
-2132	4790
-2136	4787
-2140	4784
-2144	4781
-2148	4778
-2152	4777
-2156	4773
-2159	4769
-2163	4767
-2167	4763
-2170	4760
-2174	4757
-2178	4754
-2183	4752
-2187	4749
-2191	4746
-2194	4742
-2198	4739
-2201	4736
-2205	4733
-2209	4730
-2212	4726
-2216	4723
-2220	4720
-2224	4717
-2227	4713
-2228	4707
-2230	4701
-2233	4696
-2237	4694
-2240	4690
-2243	4686
-2247	4683
-2250	4679
-2254	4677
-2258	4674
-2262	4671
-2265	4666
-2268	4662
-2271	4658
-2276	4657
-2282	4656
-2286	4653
-2289	4650
-2292	4646
-2295	4642
-2297	4636
-2300	4633
-2303	4629
-2308	4627
-2312	4624
-2315	4620
-2318	4616
-2322	4613
-2326	4611
-2329	4607
-2331	4602
-2337	4601
-2341	4598
-2344	4595
-2348	4592
-2350	4586
-2353	4583
-2357	4580
-2361	4577
-2365	4574
-2368	4571
-2371	4567
-2373	4561
-2376	4558
-2381	4556
-2385	4553
-2388	4549
-2391	4545
-2394	4542
-2398	4538
-2400	4533
-2404	4531
-2409	4529
-2412	4525
-2415	4521
-2419	4518
-2421	4513
-2424	4509
-2428	4507
-2433	4505
-2438	4503
-2441	4500
-2445	4497
-2449	4495
-2452	4491
-2453	4485
-2456	4480
-2455	4472
-2453	4462
-2454	4455
-2458	4453
-2463	4451
-2467	4449
-2470	4445
-2474	4443
-2479	4440
-2482	4437
-2486	4434
-2489	4430
-2490	4425
-2493	4421
-2497	4418
-2500	4414
-2503	4410
-2507	4407
-2511	4405
-2514	4401
-2517	4397
-2520	4393
-2523	4389
-2526	4386
-2530	4383
-2533	4379
-2535	4375
-2537	4369
-2540	4366
-2544	4363
-2547	4359
-2550	4355
-2553	4351
-2556	4348
-2560	4345
-2564	4342
-2566	4338
-2570	4334
-2574	4332
-2576	4328
-2579	4323
-2582	4320
-2585	4316
-2587	4312
-2591	4308
-2594	4305
-2597	4301
-2600	4298
-2603	4294
-2607	4290
-2610	4287
-2614	4284
-2615	4279
-2618	4275
-2622	4272
-2625	4268
-2627	4264
-2632	4262
-2634	4257
-2636	4253
-2639	4249
-2644	4247
-2646	4243
-2650	4239
-2654	4237
-2658	4234
-2662	4231
-2665	4228
-2667	4223
-2669	4219
-2673	4215
-2676	4212
-2679	4209
-2683	4205
-2686	4202
-2687	4196
-2688	4191
-2691	4187
-2695	4184
-2697	4180
-2701	4176
-2703	4172
-2706	4169
-2709	4165
-2711	4160
-2713	4156
-2716	4152
-2717	4147
-2721	4143
-2724	4140
-2727	4136
-2729	4132
-2731	4127
-2734	4124
-2738	4121
-2741	4117
-2742	4112
-2745	4108
-2746	4103
-2749	4099
-2753	4096
-2755	4092
-2757	4087
-2759	4083
-2762	4079
-2766	4076
-2769	4073
-2771	4068
-2771	4062
-2774	4058
-2780	4056
-2785	4055
-2787	4051
-2789	4046
-2790	4041
-2792	4036
-2795	4032
-2799	4030
-2802	4026
-2806	4023
-2810	4020
-2812	4016
-2814	4012
-2816	4007
-2820	4004
-2823	4001
-2825	3997
-2827	3992
-2830	3988
-2834	3985
-2837	3981
-2840	3978
-2842	3974
-2845	3970
-2848	3966
-2850	3962
-2852	3958
-2855	3954
-2858	3950
-2861	3947
-2864	3943
-2866	3939
-2868	3934
-2870	3930
-2872	3925
-2875	3922
-2876	3917
-2876	3911
-2879	3907
-2881	3903
-2883	3898
-2884	3893
-2887	3889
-2889	3885
-2893	3882
-2895	3878
-2896	3873
-2899	3869
-2901	3865
-2903	3860
-2904	3855
-2905	3850
-2907	3846
-2911	3843
-2914	3839
-2916	3835
-2920	3832
-2923	3828
-2927	3826
-2930	3822
-2931	3817
-2932	3812
-2934	3808
-2936	3804
-2938	3799
-2939	3794
-2941	3790
-2942	3784
-2942	3779
-2943	3774
-2946	3770
-2951	3768
-2955	3765
-2958	3762
-2957	3755
-2960	3752
-2961	3747
-2962	3742
-2966	3739
-2967	3734
-2968	3729
-2971	3725
-2973	3721
-2975	3717
-2979	3714
-2982	3710
-2985	3707
-2989	3704
-2993	3701
-2997	3698
-2999	3694
-3001	3690
-3002	3685
-3004	3680
-3005	3675
-3002	3667
-2999	3660
-2999	3655
-3000	3650
-3000	3644
-3003	3640
-3005	3637
-3006	3632
-3008	3627
-3010	3623
-3012	3619
-3012	3614
-3013	3609
-3014	3604
-3015	3599
-3016	3594
-3018	3590
-3016	3583
-3018	3579
-3019	3574
-3022	3571
-3024	3566
-3023	3560
-3023	3555
-3023	3550
-3026	3546
-3026	3540
-3025	3534
-3025	3530
-3028	3526
-3029	3521
-3031	3517
-3028	3510
-3029	3505
-3029	3499
-3028	3494
-3031	3490
-3031	3485
-3032	3480
-3035	3477
-3036	3472
-3037	3468
-3038	3463
-3038	3457
-3038	3452
-3039	3447
-3040	3443
-3041	3438
-3041	3433
-3040	3427
-3041	3422
-3042	3418
-3044	3414
-3042	3408
-3044	3403
-3045	3399
-3045	3394
-3044	3388
-3045	3383
-3047	3379
-3048	3375
-3049	3370
-3049	3365
-3052	3361
-3055	3358
-3055	3353
-3055	3348
-3057	3344
-3058	3339
-3060	3335
-3061	3331
-3062	3326
-3059	3319
-3056	3313
-3056	3308
-3058	3304
-3060	3300
-3057	3293
-3057	3288
-3058	3283
-3055	3277
-3052	3270
-3051	3265
-3054	3261
-3054	3256
-3052	3251
-3051	3245
-3052	3240
-3055	3237
-3056	3233
-3056	3228
-3056	3222
-3055	3217
-3054	3212
-3054	3207
-3055	3202
-3055	3197
-3054	3192
-3054	3187
-3054	3182
-3052	3176
-3052	3172
-3051	3166
-3050	3161
-3052	3157
-3053	3152
-3049	3146
-3047	3140
-3047	3135
-3047	3130
-3048	3126
-3050	3122
-3051	3118
-3049	3112
-3047	3106
-3048	3102
-3047	3097
-3048	3093
-3049	3088
-3048	3083
-3046	3077
-3045	3072
-3045	3067
-3045	3063
-3045	3058
-3044	3053
-3044	3048
-3043	3043
-3043	3038
-3044	3034
-3044	3029
-3043	3024
-3043	3019
-3043	3015
-3041	3009
-3037	3003
-3035	2997
-3036	2993
-3033	2987
-3030	2981
-3031	2977
-3032	2973
-3033	2969
-3032	2963
-3031	2959
-3030	2954
-3027	2948
-3028	2944
-3030	2940
-3028	2934
-3026	2929
-3025	2924
-3022	2918
-3019	2913
-3017	2907
-3016	2902
-3017	2898
-3016	2893
-3013	2888
-3012	2883
-3010	2877
-3009	2872
-3010	2868
-3012	2865
-3012	2860
-3010	2855
-3010	2850
-3007	2845
-3007	2840
-3006	2836
-3006	2831
-3005	2826
-3004	2822
-3005	2817
-3004	2813
-3002	2808
-2999	2802
-2998	2797
-2998	2793
-2995	2787
-2992	2782
-2991	2777
-2989	2772
-2988	2767
-2989	2763
-2988	2759
-2989	2755
-2988	2750
-2986	2745
-2986	2741
-2988	2737
-2987	2732
-2986	2728
-2982	2722
-2981	2717
-2981	2713
-2979	2708
-2978	2703
-2975	2698
-2972	2693
-2972	2688
-2972	2684
-2972	2680
-2971	2675
-2967	2670
-2965	2665
-2963	2660
-2964	2656
-2963	2652
-2962	2647
-2963	2643
-2963	2639
-2960	2634
-2962	2630
-2959	2625
-2957	2620
-2957	2616
-2954	2611
-2953	2607
-2954	2603
-2952	2598
-2949	2593
-2950	2589
-2948	2584
-2946	2580
-2945	2575
-2945	2571
-2946	2567
-2940	2561
-2940	2557
-2939	2553
-2939	2549
-2937	2544
-2935	2539
-2936	2535
-2936	2531
-2934	2527
-2933	2522
-2932	2518
-2931	2514
-2931	2509
-2929	2505
-2926	2500
-2923	2495
-2923	2491
-2922	2487
-2921	2482
-2920	2478
-2917	2473
-2914	2468
-2912	2464
-2911	2460
-2912	2456
-2914	2452
-2914	2449
-2912	2444
-2910	2440
-2910	2436
-2906	2430
-2905	2426
-2905	2422
-2904	2418
-2904	2414
-2904	2410
-2903	2406
-2903	2402
-2904	2398
-2903	2394
-2900	2389
-2898	2385
-2897	2381
-2896	2377
-2896	2373
-2892	2368
-2891	2364
-2891	2360
-2889	2355
-2888	2351
-2887	2347
-2886	2343
-2885	2339
-2885	2335
-2881	2330
-2876	2325
-2874	2321
-2873	2317
-2873	2313
-2875	2309
-2874	2305
-2873	2301
-2871	2297
-2870	2293
-2871	2289
-2871	2286
-2871	2282
-2871	2278
-2869	2274
-2868	2270
-2866	2265
-2865	2261
-2864	2257
-2863	2253
-2865	2250
-2863	2246
-2861	2241
-2858	2237
-2858	2233
-2857	2229
-2856	2225
-2855	2221
-2854	2217
-2853	2213
-2851	2209
-2851	2206
-2851	2202
-2850	2198
-2847	2194
-2847	2190
-2845	2186
-2844	2182
-2844	2178
-2843	2174
-2842	2170
-2841	2166
-2842	2163
-2839	2158
-2838	2154
-2838	2151
-2835	2146
-2834	2143
-2832	2139
-2831	2135
-2832	2131
-2829	2127
-2828	2123
-2825	2119
-2825	2115
-2826	2112
-2823	2108
-2822	2104
-2822	2100
-2823	2096
-2820	2092
-2820	2089
-2820	2085
-2818	2081
-2816	2077
-2814	2073
-2812	2069
-2812	2065
-2809	2061
-2805	2057
-2805	2053
-2807	2050
-2806	2046
-2802	2042
-2797	2038
-2792	2034
-2789	2030
-2789	2026
-2788	2022
-2788	2019
-2786	2015
-2782	2011
-2778	2007
-2778	2003
-2776	1999
-2776	1996
-2776	1992
-2775	1988
-2773	1985
-2772	1981
-2774	1978
-2775	1974
-2773	1970
-2773	1967
-2773	1963
-2772	1959
-2770	1956
-2768	1952
-2766	1948
-2766	1944
-2765	1941
-2764	1937
-2764	1934
-2761	1930
-2759	1926
-2759	1922
-2758	1919
-2757	1915
-2758	1912
-2759	1908
-2757	1905
-2752	1901
-2752	1897
-2750	1893
-2748	1890
-2747	1886
-2748	1883
-2746	1879
-2745	1875
-2744	1872
-2743	1868
-2742	1865
-2740	1861
-2740	1858
-2738	1854
-2736	1850
-2735	1847
-2734	1843
-2733	1840
-2733	1836
-2732	1832
-2731	1829
-2731	1825
-2729	1822
-2728	1818
-2728	1815
-2727	1811
-2726	1808
-2724	1804
-2721	1801
-2718	1797
-2718	1793
-2717	1790
-2717	1786
-2715	1783
-2714	1779
-2713	1776
-2711	1772
-2711	1769
-2710	1765
-2710	1762
-2710	1759
-2711	1755
-2709	1752
-2707	1748
-2706	1745
-2706	1741
-2702	1738
-2700	1734
-2700	1731
-2700	1727
-2700	1724
-2699	1720
-2699	1717
-2697	1713
-2696	1710
-2696	1706
-2695	1703
-2694	1700
-2693	1696
-2691	1693
-2690	1689
-2690	1686
-2688	1682
-2685	1679
-2682	1676
-2680	1672
-2679	1669
-2679	1665
-2678	1662
-2677	1659
-2677	1655
-2677	1652
-2676	1648
-2676	1645
-2675	1641
-2675	1638
-2670	1635
-2669	1631
-2667	1628
-2666	1625
-2665	1621
-2666	1618
-2664	1614
-2663	1611
-2662	1608
-2661	1604
-2659	1601
-2657	1598
-2655	1594
-2653	1591
-2650	1588
-2649	1584
-2648	1581
-2647	1578
-2647	1574
-2646	1571
-2644	1568
-2643	1564
-2640	1561
-2638	1558
-2636	1555
-2636	1551
-2635	1548
-2633	1545
-2632	1541
-2631	1538
-2629	1535
-2627	1532
-2626	1528
-2625	1525
-2623	1522
-2622	1518
-2622	1515
-2619	1512
-2618	1509
-2618	1505
-2617	1502
-2614	1499
-2613	1495
-2612	1492
-2611	1489
-2611	1486
-2611	1482
-2608	1479
-2606	1476
-2604	1473
-2603	1470
-2602	1466
-2601	1463
-2601	1460
-2599	1457
-2597	1453
-2595	1450
-2595	1447
-2595	1444
-2594	1440
-2591	1437
-2591	1434
-2591	1431
-2589	1427
-2585	1425
-2583	1421
-2583	1418
-2582	1415
-2580	1412
-2581	1408
-2582	1405
-2580	1402
-2577	1399
-2574	1396
-2572	1393
-2572	1389
-2571	1386
-2569	1383
-2568	1380
-2568	1376
-2567	1373
-2566	1370
-2565	1367
-2564	1364
-2562	1361
-2560	1358
-2558	1354
-2557	1351
-2555	1348
-2555	1345
-2554	1342
-2555	1338
-2553	1335
-2552	1332
-2552	1329
-2549	1326
-2549	1323
-2549	1319
-2548	1316
-2547	1313
-2546	1310
-2545	1307
-2545	1303
-2541	1301
-2539	1298
-2538	1294
-2539	1291
-2538	1288
-2537	1285
-2535	1282
-2536	1278
-2534	1275
-2532	1272
-2531	1269
-2529	1266
-2530	1263
-2528	1259
-2527	1256
-2526	1253
-2525	1250
-2523	1247
-2521	1244
-2521	1241
-2519	1238
-2518	1235
-2517	1232
-2516	1229
-2514	1226
-2513	1222
-2511	1220
-2508	1217
-2508	1214
-2508	1210
-2507	1207
-2506	1204
-2505	1201
-2503	1198
-2503	1195
-2501	1192
-2499	1189
-2497	1186
-2496	1183
-2495	1180
-2493	1177
-2493	1173
-2494	1170
-2495	1166
-2492	1164
-2491	1161
-2488	1158
-2486	1155
-2484	1152
-2482	1149
-2482	1146
-2481	1143
-2481	1139
-2480	1136
-2478	1133
-2477	1130
-2475	1128
-2473	1125
-2473	1121
-2474	1118
-2472	1115
-2471	1112
-2470	1109
-2470	1105
-2470	1102
-2469	1099
-2468	1096
-2468	1092
-2467	1090
-2465	1087
-2464	1083
-2462	1081
-2462	1077
-2460	1075
-2459	1071
-2459	1068
-2459	1065
-2459	1062
-2457	1059
-2458	1055
-2457	1052
-2454	1049
-2453	1046
-2454	1043
-2452	1040
-2449	1037
-2447	1034
-2445	1032
-2445	1028
-2445	1025
-2446	1021
-2445	1018
-2444	1015
-2443	1012
-2442	1009
-2443	1005
-2441	1002
-2439	1000
-2438	997
-2438	993
-2435	991
-2433	988
-2433	985
-2434	981
-2434	978
-2434	974
-2431	972
-2429	969
-2430	965
-2429	962
-2428	959
-2426	956
-2425	953
-2425	950
-2424	947
-2423	944
-2422	941
-2420	938
-2418	935
-2416	933
-2416	929
-2415	926
-2413	923
-2412	920
-2411	917
-2410	914
-2409	911
-2409	908
-2408	904
-2408	901
-2408	897
-2406	895
-2405	892
-2403	889
-2403	886
-2403	882
-2402	879
-2402	876
-2402	872
-2400	870
-2399	867
-2397	864
-2395	861
-2394	858
-2395	854
-2395	851
-2394	848
-2392	845
-2391	842
-2392	838
-2391	835
-2390	832
-2388	829
-2386	826
-2381	825
-2380	822
-2379	819
-2380	815
-2379	812
-2377	809
-2376	806
-2375	803
-2374	800
-2375	796
-2373	793
-2372	790
-2371	787
-2369	784
-2368	781
-2366	779
-2365	775
-2365	772
-2364	769
-2364	765
-2363	762
-2362	759
-2362	756
-2362	752
-2359	750
-2357	747
-2356	744
-2356	741
-2354	738
-2353	735
-2353	731
-2353	728
-2350	725
-2349	722
-2348	719
-2348	716
-2348	712
-2349	708
-2347	705
-2346	702
-2344	700
-2343	697
-2343	693
-2343	690
-2342	686
-2342	683
-2340	680
-2338	677
-2338	674
-2338	670
-2335	668
-2333	665
-2332	663
-2331	659
-2332	655
-2331	652
-2330	649
-2329	646
-2328	643
-2327	640
-2325	637
-2324	634
-2324	630
-2322	627
-2322	624
-2321	621
-2319	618
-2317	615
-2317	612
-2316	608
-2316	605
-2314	602
-2313	599
-2312	596
-2312	592
-2312	589
-2312	585
-2310	582
-2308	580
-2306	577
-2307	573
-2305	570
-2304	567
-2302	564
-2302	561
-2300	558
-2300	555
-2300	551
-2298	548
-2295	546
-2294	543
-2293	540
-2293	536
-2292	533
-2291	529
-2290	526
-2287	524
-2286	521
-2284	518
-2284	515
-2284	511
-2283	508
-2282	505
-2280	502
-2279	498
-2279	495
-2278	492
-2277	489
-2274	486
-2272	484
-2270	481
-2268	479
-2265	476
-2265	472
-2265	469
-2265	465
-2264	462
-2263	459
-2262	455
-2261	452
-2260	449
-2258	446
-2258	443
-2255	440
-2254	437
-2254	434
-2253	430
-2251	427
-2250	424
-2251	420
-2250	417
-2249	413
-2248	410
-2246	407
-2244	405
-2242	402
-2241	399
-2240	396
-2239	392
-2237	390
-2237	386
-2236	382
-2235	379
-2236	375
-2235	372
-2233	369
-2231	366
-2230	363
-2230	359
-2229	355
-2229	352
-2229	348
-2227	345
-2227	342
-2227	337
-2226	334
-2224	331
-2220	330
-2219	326
-2220	322
-2219	319
-2218	315
-2216	312
-2215	309
-2214	306
-2213	302
-2213	298
-2212	296
-2211	292
-2210	288
-2209	285
-2210	281
-2210	277
-2208	274
-2208	270
-2207	267
-2207	263
-2204	260
-2203	257
-2202	254
-2200	251
-2198	248
-2195	246
-2194	243
-2194	239
-2192	236
-2190	233
-2186	232
-2182	230
-2179	229
-2174	228
-2171	226
-2168	224
-2164	223
-2160	221
-2158	218
-2156	216
-2155	212
-2155	209
-2153	206
-2153	202
-2151	199
-2149	196
-2148	193
-2146	190
-2145	187
-2145	183
-2142	181
-2142	177
-2140	174
-2138	171
-2136	168
-2135	165
-2135	161
-2134	157
-2133	154
-2131	151
-2129	148
-2127	145
-2125	143
-2123	140
-2122	137
-2122	133
-2120	129
-2119	126
-2118	123
-2116	120
-2115	117
-2115	112
-2114	109
-2112	106
-2110	103
-2109	100
-2108	97
-2106	94
-2104	91
-2103	87
-2102	83
-2101	80
-2099	77
-2098	74
-2096	71
-2095	68
-2095	63
-2094	60
-2093	57
-2091	53
-2090	50
-2088	47
-2087	43
-2086	40
-2084	37
-2083	34
-2081	30
-2080	27
-2078	24
-2078	20
-2077	17
-2076	13
-2075	9
-2074	5
-2072	2
-2071	-1
-2070	-4
-2068	-8
-2067	-11
-2066	-15
-2064	-17
-2062	-21
-2061	-24
-2060	-28
-2058	-31
-2057	-34
-2055	-38
-2055	-42
-2053	-45
-2052	-49
-2052	-53
-2049	-55
-2049	-59
-2049	-64
-2046	-66
-2044	-69
-2043	-73
-2042	-77
-2041	-80
-2039	-83
-2038	-86
-2037	-90
-2037	-95
-2035	-98
-2033	-102
-2033	-105
-2031	-109
-2029	-111
-2026	-114
-2025	-118
-2024	-122
-2024	-126
-2022	-129
-2019	-131
-2016	-133
-2011	-133
-2001	-128
-1997	-129
-1992	-129
-1985	-127
-1979	-126
-1971	-123
-1965	-123
-1959	-122
-1956	-123
-1952	-124
-1949	-126
-1946	-128
-1938	-126
-1933	-125
-1928	-126
-1922	-125
-1919	-126
-1909	-121
-1902	-119
-1897	-119
-1893	-120
-1891	-122
-1888	-124
-1884	-124
-1879	-124
-1876	-126
-1872	-127
-1869	-129
-1867	-131
-1865	-134
-1865	-139
-1865	-144
-1863	-147
-1851	-139
-1843	-136
-1839	-136
-1835	-137
-1831	-137
-1826	-137
-1824	-139
-1821	-142
-1820	-145
-1817	-147
-1815	-150
-1814	-153
-1803	-147
-1801	-149
-1793	-146
-1780	-137
-1772	-133
-1767	-132
-1763	-132
-1757	-131
-1752	-131
-1751	-134
-1748	-135
-1745	-138
-1742	-139
-1739	-140
-1737	-143
-1729	-139
-1723	-137
-1719	-138
-1715	-138
-1711	-138
-1707	-139
-1704	-140
-1702	-143
-1700	-146
-1695	-145
-1691	-145
-1687	-145
-1682	-144
-1677	-144
-1673	-144
-1669	-144
-1663	-142
-1660	-144
-1658	-146
-1657	-150
-1658	-155
-1655	-157
-1648	-154
-1643	-153
-1638	-152
-1633	-151
-1631	-153
-1626	-153
-1622	-153
-1618	-153
-1615	-155
-1613	-157
-1612	-161
-1608	-161
-1604	-160
-1600	-161
-1595	-160
-1586	-154
-1581	-152
-1578	-154
-1575	-155
-1572	-157
-1570	-159
-1567	-161
-1565	-162
-1561	-162
-1547	-150
-1545	-152
-1542	-154
-1538	-154
-1534	-154
-1531	-155
-1527	-155
-1523	-155
-1520	-155
-1516	-156
-1513	-157
-1510	-159
-1506	-158
-1501	-157
-1498	-157
-1495	-159
-1490	-158
-1481	-151
-1477	-150
-1476	-154
-1475	-158
-1472	-159
-1469	-159
-1466	-160
-1462	-161
-1457	-159
-1453	-159
-1447	-156
-1444	-157
-1440	-157
-1435	-155
-1432	-156
-1431	-160
-1431	-164
-1428	-165
-1424	-166
-1423	-169
-1418	-168
-1414	-167
-1409	-166
-1405	-165
-1402	-166
-1400	-168
-1399	-171
-1396	-172
-1393	-173
-1388	-171
-1386	-174
-1387	-181
-1380	-176
-1374	-173
-1369	-171
-1366	-171
-1364	-174
-1368	-185
-1366	-188
-1362	-187
-1357	-185
-1353	-184
-1348	-182
-1344	-182
-1341	-183
-1340	-186
-1338	-188
-1337	-192
-1334	-193
-1329	-191
-1326	-192
-1320	-188
-1313	-183
-1308	-181
-1305	-181
-1302	-182
-1299	-183
-1296	-184
-1293	-184
-1288	-183
-1284	-182
-1280	-182
-1277	-182
-1274	-183
-1271	-183
-1267	-183
-1264	-183
-1261	-183
-1257	-183
-1254	-183
-1250	-183
-1247	-184
-1244	-184
-1240	-183
-1236	-182
-1233	-182
-1230	-183
-1226	-182
-1223	-183
-1219	-182
-1216	-182
-1212	-182
-1208	-181
-1204	-180
-1201	-180
-1198	-180
-1195	-181
-1192	-182
-1188	-180
-1185	-181
-1182	-182
-1178	-181
-1174	-180
-1171	-180
-1169	-182
-1167	-184
-1164	-184
-1160	-184
-1157	-185
-1153	-183
-1150	-183
-1147	-184
-1143	-183
-1140	-183
-1136	-182
-1133	-182
-1130	-183
-1127	-183
-1124	-183
-1121	-184
-1117	-183
-1114	-184
-1111	-183
-1108	-183
-1104	-183
-1101	-183
-1098	-184
-1095	-183
-1092	-184
-1088	-183
-1085	-183
-1082	-182
-1079	-183
-1076	-183
-1073	-184
-1069	-183
-1066	-183
-1063	-182
-1059	-182
-1055	-181
-1052	-180
-1049	-180
-1045	-179
-1042	-179
-1039	-180
-1036	-179
-1034	-181
-1032	-183
-1028	-181
-1024	-181
-1021	-180
-1019	-182
-1015	-181
-1012	-181
-1010	-182
-1007	-182
-1004	-182
-1000	-182
-998	-183
-995	-184
-993	-186
-991	-187
-988	-187
-981	-179
-973	-170
-968	-166
-966	-167
-963	-167
-960	-167
-957	-168
-955	-170
-953	-172
-951	-175
-949	-176
-947	-177
-942	-174
-937	-169
-933	-168
-931	-170
-929	-171
-926	-172
-924	-174
-923	-177
-920	-178
-917	-178
-915	-179
-913	-181
-910	-182
-877	-114
-873	-113
-869	-108
-866	-108
-863	-108
-859	-106
-856	-106
-854	-107
-852	-109
-850	-110
-847	-111
-845	-111
-842	-112
-840	-113
-837	-114
-835	-114
-776	-2
-773	-1
-770	-0
-767	1
-765	-0
-762	2
-760	-0
-758	-2
-755	-1
-752	-0
-750	-0
-747	1
-744	1
-742	0
-739	0
-737	0
-735	-1
-732	0
-730	-3
-730	-10
-730	-16
-729	-19
-725	-15
-720	-9
-717	-8
-717	-15
-716	-20
-714	-21
-743	-125
-742	-131
-741	-135
-740	-139
-738	-142
-736	-144
-734	-144
-731	-145
-729	-146
-726	-146
-723	-146
-721	-148
-719	-149
-717	-150
-714	-151
-712	-152
-709	-152
-707	-153
-705	-155
-703	-156
-700	-156
-698	-158
-695	-158
-692	-157
-689	-157
-687	-159
-685	-158
-682	-159
-680	-160
-678	-163
-675	-161
-670	-156
-666	-152
-664	-154
-661	-153
-658	-152
-655	-151
-652	-150
-649	-149
-646	-146
-643	-145
-641	-146
-639	-148
-636	-149
-634	-150
-631	-149
-628	-149
-626	-149
-623	-150
-621	-150
-618	-148
-614	-146
-612	-146
-609	-148
-607	-149
-605	-150
-611	-179
-608	-179
-605	-179
-602	-178
-600	-177
-597	-178
-595	-179
-592	-179
-589	-178
-587	-178
-585	-180
-582	-180
-579	-180
-577	-181
-575	-182
-572	-183
-569	-182
-567	-181
-563	-178
-560	-178
-558	-178
-555	-178
-553	-180
-550	-179
-548	-180
-546	-181
-544	-185
-542	-188
-539	-186
-536	-186
-534	-187
-532	-187
-529	-188
-526	-187
-524	-187
-521	-188
-518	-185
-515	-185
-513	-186
-510	-185
-508	-185
-505	-185
-503	-186
-500	-186
-497	-184
-495	-185
-492	-185
-489	-185
-487	-186
-485	-186
-482	-187
-479	-186
-477	-186
-474	-186
-472	-186
-469	-186
-467	-186
-464	-185
-461	-186
-459	-186
-456	-185
-454	-186
-451	-185
-448	-185
-446	-185
-443	-186
-441	-186
-438	-185
-436	-186
-433	-187
-431	-186
-428	-186
-425	-185
-423	-185
-421	-186
-418	-186
-415	-186
-413	-185
-411	-187
-408	-186
-405	-186
-403	-185
-400	-186
-398	-187
-395	-187
-393	-186
-390	-186
-388	-187
-385	-187
-383	-188
-380	-186
-378	-187
-375	-187
-373	-186
-370	-187
-368	-187
-365	-187
-363	-187
-360	-186
-357	-187
-355	-187
-352	-187
-350	-187
-347	-186
-345	-186
-342	-187
-340	-186
-337	-186
-335	-186
-332	-185
-330	-186
-327	-187
-325	-186
-322	-185
-319	-184
-317	-186
-315	-186
-312	-185
-310	-186
-307	-186
-305	-186
-302	-187
-300	-185
-297	-184
-295	-184
-292	-186
-290	-187
-287	-186
-285	-187
-282	-186
-280	-185
-277	-185
-275	-186
-272	-185
-270	-184
-267	-185
-265	-187
-262	-186
-260	-185
-257	-186
-255	-186
-253	-187
-250	-186
-248	-187
-245	-187
-243	-187
-240	-186
-238	-185
-235	-184
-232	-181
-229	-176
-227	-173
-224	-174
-222	-175
-219	-173
-217	-173
-214	-174
-212	-178
-210	-180
-208	-182
-205	-185
-203	-185
-200	-183
-198	-184
-196	-185
-193	-186
-191	-185
-188	-185
-186	-185
-183	-184
-181	-185
-178	-186
-176	-186
-173	-185
-171	-185
-168	-185
-166	-185
-164	-186
-161	-185
-159	-184
-156	-183
-154	-183
-151	-183
-148	-166
-145	-165
-143	-164
-141	-167
-138	-170
-136	-172
-134	-173
-131	-175
-129	-179
-127	-184
-124	-183
-122	-183
-119	-185
-117	-186
-114	-186
-112	-185
-109	-185
-107	-184
-105	-184
-102	-184
-100	-185
-97	-185
-95	-186
-92	-186
-90	-186
-87	-186
-85	-185
-82	-183
-80	-183
-78	-185
-73	-185
-70	-184
-68	-184
-65	-184
-63	-185
-60	-185
-58	-184
-55	-183
-53	-184
-51	-184
-48	-184
-46	-185
-43	-185
-41	-185
-38	-185
-36	-184
-33	-184
-31	-185
-28	-185
-26	-185
-24	-185
-21	-185
-19	-185
-16	-186
-14	-185
-11	-185
-9	-184
-6	-183
-4	-184
-1	-184
1	-185
3	-184
6	-184
8	-184
11	-184
13	-184
16	-185
18	-186
21	-185
23	-185
26	-185
28	-185
30	-185
33	-186
35	-186
38	-184
40	-182
43	-180
45	-178
47	-177
50	-177
52	-176
55	-175
57	-176
60	-178
62	-180
65	-183
67	-185
70	-185
72	-185
75	-185
77	-186
80	-187
82	-186
85	-186
87	-186
90	-187
92	-187
95	-186
97	-186
100	-187
102	-186
105	-187
107	-187
110	-187
112	-187
115	-187
117	-186
119	-186
122	-184
124	-183
127	-182
129	-181
131	-180
134	-180
136	-179
139	-179
141	-177
143	-176
145	-174
148	-175
150	-175
153	-177
156	-178
158	-178
161	-178
163	-178
166	-181
169	-182
171	-183
174	-185
177	-186
179	-185
182	-186
184	-186
187	-186
189	-186
192	-186
194	-186
197	-187
199	-188
202	-187
204	-187
207	-187
209	-187
212	-188
215	-189
217	-187
219	-186
222	-186
225	-188
227	-188
229	-187
232	-188
234	-186
237	-187
240	-189
242	-188
245	-188
247	-187
250	-188
252	-189
255	-188
257	-187
259	-185
262	-186
265	-187
267	-187
270	-187
272	-187
275	-189
278	-188
280	-188
283	-187
285	-189
288	-188
290	-188
293	-187
295	-187
298	-187
301	-188
303	-188
306	-188
308	-187
311	-187
314	-189
316	-191
319	-188
321	-189
323	-187
326	-186
328	-184
331	-186
334	-187
336	-188
339	-187
341	-188
344	-188
347	-189
349	-188
352	-188
355	-190
358	-190
360	-191
362	-189
365	-189
368	-190
370	-188
373	-188
375	-187
377	-187
380	-187
383	-188
385	-188
388	-187
390	-185
392	-184
396	-186
399	-189
402	-190
404	-190
406	-188
409	-186
411	-187
414	-187
416	-186
419	-187
422	-188
425	-188
428	-189
430	-188
432	-187
435	-187
438	-187
440	-187
443	-188
446	-188
448	-187
451	-188
453	-186
456	-185
458	-186
461	-187
464	-188
467	-187
469	-187
472	-187
475	-189
478	-188
480	-189
483	-188
485	-187
488	-186
490	-186
493	-186
495	-185
498	-186
501	-187
504	-188
507	-187
509	-186
512	-185
515	-187
518	-188
520	-187
523	-187
526	-187
528	-187
531	-187
534	-188
537	-190
540	-190
543	-189
545	-188
548	-189
550	-188
551	-183
553	-181
556	-180
558	-179
560	-177
563	-178
565	-175
566	-170
568	-167
570	-165
572	-164
574	-161
576	-159
580	-164
583	-165
586	-166
592	-173
596	-177
599	-178
602	-179
605	-179
607	-179
610	-179
613	-179
615	-178
618	-177
620	-175
618	-162
616	-149
615	-139
615	-133
617	-130
618	-126
620	-124
622	-122
624	-120
626	-119
629	-119
632	-119
634	-118
636	-115
638	-113
640	-112
643	-114
646	-114
648	-112
651	-112
654	-113
657	-114
660	-115
663	-115
666	-115
669	-117
673	-118
677	-122
681	-125
685	-128
690	-134
701	-154
705	-156
708	-156
710	-154
713	-154
715	-154
717	-152
720	-151
723	-151
725	-150
727	-149
729	-147
732	-146
735	-145
737	-145
740	-144
742	-142
744	-140
746	-138
747	-135
748	-130
749	-126
749	-120
749	-115
749	-108
721	-16
722	-12
723	-9
724	-4
726	-2
727	-1
730	0
732	1
735	1
738	1
741	0
743	0
747	-2
771	-1
775	-3
777	-2
779	-1
783	-2
786	-2
865	-137
869	-138
874	-142
878	-145
881	-143
884	-143
886	-142
889	-141
891	-140
893	-138
896	-138
921	-179
925	-180
928	-180
931	-179
933	-177
937	-179
940	-179
943	-179
946	-179
950	-179
953	-179
955	-178
959	-179
963	-180
968	-184
974	-189
977	-188
980	-188
982	-187
985	-185
987	-184
990	-183
994	-184
998	-185
1000	-184
1003	-184
1006	-182
1009	-183
1012	-182
1016	-182
1019	-182
1022	-182
1025	-182
1028	-180
1031	-181
1035	-183
1039	-183
1041	-181
1045	-182
1048	-182
1052	-182
1055	-182
1059	-183
1062	-182
1064	-181
1068	-181
1071	-180
1075	-181
1079	-182
1082	-183
1085	-182
1085	-177
1086	-172
1088	-171
1091	-169
1091	-164
1091	-159
1093	-156
1094	-153
1096	-151
1099	-151
1103	-152
1106	-151
1109	-149
1112	-150
1120	-156
1132	-169
1141	-178
1144	-178
1147	-177
1145	-169
1153	-175
1159	-179
1161	-177
1164	-176
1167	-175
1171	-176
1175	-178
1180	-178
1183	-178
1172	-156
1170	-149
1173	-148
1178	-150
1202	-180
1204	-178
1207	-177
1210	-177
1215	-178
1217	-176
1223	-179
1226	-178
1228	-177
1233	-177
1238	-181
1242	-181
1242	-176
1243	-171
1245	-169
1248	-169
1253	-170
1258	-172
1261	-172
1264	-171
1267	-169
1270	-169
1275	-170
1279	-171
1284	-173
1290	-175
1292	-173
1303	-183
1304	-179
1306	-177
1305	-171
1307	-168
1313	-170
1317	-171
1320	-170
1320	-165
1319	-158
1319	-153
1320	-150
1322	-148
1325	-146
1328	-145
1332	-146
1334	-144
1338	-144
1341	-143
1345	-142
1348	-142
1352	-143
1356	-142
1360	-142
1363	-141
1368	-142
1376	-148
1393	-165
1397	-165
1401	-165
1415	-178
1413	-170
1413	-165
1415	-162
1418	-161
1421	-160
1424	-159
1428	-159
1431	-158
1435	-158
1439	-157
1443	-158
1449	-160
1459	-168
1463	-167
1464	-164
1466	-161
1470	-161
1473	-160
1476	-158
1478	-156
1480	-154
1483	-152
1485	-150
1487	-147
1489	-145
1492	-144
1496	-143
1502	-145
1505	-144
1507	-142
1512	-142
1517	-143
1521	-143
1526	-144
1530	-144
1535	-144
1537	-142
1540	-140
1541	-137
1544	-135
1546	-133
1549	-132
1555	-134
1566	-141
1570	-140
1575	-141
1582	-145
1592	-151
1601	-156
1603	-153
1605	-151
1608	-150
1611	-147
1613	-145
1615	-142
1621	-144
1626	-144
1630	-144
1634	-144
1639	-144
1642	-143
1645	-141
1648	-140
1652	-138
1657	-139
1663	-140
1668	-142
1673	-142
1677	-142
1681	-141
1683	-138
1685	-135
1685	-131
1686	-126
1690	-126
1695	-126
1703	-130
1709	-132
1713	-131
1715	-128
1718	-127
1722	-126
1728	-127
1736	-130
1741	-131
1742	-127
1741	-121
1743	-118
1744	-115
1750	-116
1756	-117
1762	-118
1767	-118
1770	-117
1772	-114
1774	-112
1778	-110
1781	-109
1784	-107
1788	-106
1793	-107
1801	-109
1814	-117
1819	-117
1826	-119
1830	-118
1834	-117
1839	-117
1843	-116
1847	-115
1853	-116
1858	-117
1863	-116
1866	-114
1866	-109
1867	-106
1869	-103
1873	-101
1876	-100
1881	-100
1887	-101
1893	-101
1894	-97
1895	-94
1898	-92
1901	-90
1906	-90
1915	-93
1926	-98
1935	-101
1939	-100
1942	-98
1945	-96
1949	-96
1956	-97
1961	-96
1967	-97
1971	-96
1976	-95
1981	-95
1989	-97
1994	-97
1999	-97
2003	-95
2004	-92
2009	-91
2018	-94
2025	-95
2027	-92
2033	-92
2037	-91
2039	-88
2042	-86
2047	-86
2054	-87
2063	-89
2071	-91
2076	-91
2080	-89
2083	-87
2086	-85
2091	-84
2094	-82
2098	-81
2101	-79
2105	-77
2108	-75
2114	-75
2122	-76
2129	-78
2132	-75
2136	-74
2139	-72
2144	-71
2150	-71
2158	-72
2165	-73
2171	-73
2174	-71
2181	-71
2184	-69
2185	-65
2187	-62
2191	-60
2194	-58
2198	-56
2201	-53
2210	-56
2224	-62
2236	-66
2238	-63
2238	-58
2245	-58
2252	-59
2250	-53
2248	-47
2251	-45
2256	-43
2262	-43
2272	-46
2280	-47
2283	-45
2286	-42
2290	-40
2294	-39
2301	-38
2305	-37
2310	-36
2311	-32
2308	-25
2311	-22
2309	-16
2310	-12
2320	-15
2312	-4
2309	3
2311	6
2314	9
2317	11
2315	17
2318	20
2320	23
2320	27
2318	34
2314	41
2314	46
2315	49
2316	53
2317	57
2317	62
2320	64
2321	68
2319	74
2318	80
2317	85
2318	88
2316	94
2313	101
2315	104
2313	110
2315	113
2318	115
2321	118
2318	124
2320	128
2323	130
2325	133
2324	138
2324	143
2321	149
2323	153
2325	155
2325	160
2323	165
2325	169
2326	173
2328	176
2330	179
2331	183
2328	189
2328	193
2330	196
2331	200
2333	203
2336	206
2336	210
2337	213
2337	218
2334	224
2336	227
2338	230
2341	233
2343	236
2345	239
2343	244
2344	248
2346	251
2348	254
2347	259
2347	263
2351	265
2352	269
2351	274
2350	278
2348	284
2348	288
2350	291
2352	295
2353	298
2351	303
2348	310
2349	313
2355	314
2359	316
2361	319
2362	322
2363	326
2363	330
2361	335
2364	338
2366	341
2367	344
2367	349
2368	352
2370	355
2371	359
2372	363
2372	366
2374	370
2376	373
2375	377
2376	381
2378	384
2376	389
2377	393
2380	395
2382	399
2379	404
2380	408
2381	411
2383	414
2382	419
2385	421
2386	425
2386	429
2387	432
2386	437
2388	440
2388	444
2391	447
2392	450
2392	454
2391	459
2392	462
2394	465
2394	469
2396	472
2397	476
2395	481
2394	485
2399	487
2402	489
2405	492
2410	494
2413	496
2417	498
2422	499
2428	501
2429	504
2430	508
2429	512
2429	516
2427	521
2426	526
2427	529
2431	531
2434	534
2436	537
2434	542
2434	546
2434	550
2432	555
2431	559
2435	561
2439	563
2439	567
2439	571
2438	576
2438	579
2439	583
2439	587
2441	590
2439	594
2438	599
2440	602
2444	604
2446	607
2447	610
2449	614
2450	617
2451	621
2451	624
2454	627
2454	631
2457	634
2458	637
2458	641
2459	645
2454	650
2457	653
2459	656
2458	660
2457	665
2457	669
2459	671
2461	674
2462	678
2464	681
2463	685
2464	689
2465	692
2466	695
2467	699
2466	703
2466	707
2467	710
2466	715
2467	718
2468	721
2469	725
2470	728
2471	731
2471	735
2471	739
2471	743
2472	746
2474	749
2472	754
2472	758
2475	760
2474	764
2474	768
2477	771
2478	774
2478	778
2476	782
2478	786
2480	789
2480	792
2480	796
2480	800
2482	803
2483	806
2480	811
2481	814
2481	818
2482	822
2482	825
2483	829
2482	833
2484	836
2486	839
2487	842
2488	846
2490	849
2491	852
2492	855
2492	859
2490	863
2490	867
2491	870
2493	873
2493	877
2491	882
2491	885
2493	888
2493	892
2494	895
2495	899
2497	902
2498	905
2499	908
2499	912
2497	916
2498	920
2500	923
2502	926
2503	929
2503	933
2503	936
2503	940
2503	944
2503	947
2506	950
2509	953
2510	956
2510	960
2511	963
2511	967
2511	971
2509	975
2510	978
2513	981
2514	984
2515	988
2515	992
2515	995
2515	999
2517	1002
2516	1006
2515	1009
2516	1013
2516	1016
2516	1020
2516	1024
2517	1027
2517	1031
2516	1035
2515	1038
2515	1042
2517	1045
2519	1048
2519	1052
2520	1055
2521	1058
2522	1062
2522	1065
2522	1069
2522	1073
2522	1076
2523	1079
2525	1082
2525	1086
2525	1090
2526	1093
2527	1096
2527	1100
2527	1103
2528	1107
2528	1110
2530	1113
2530	1117
2529	1121
2528	1125
2528	1128
2528	1132
2529	1135
2530	1138
2531	1142
2532	1145
2533	1148
2533	1152
2533	1155
2533	1159
2531	1163
2531	1166
2531	1170
2532	1173
2534	1177
2538	1179
2539	1183
2538	1186
2538	1190
2540	1193
2539	1197
2537	1201
2538	1204
2541	1207
2542	1210
2541	1214
2541	1218
2543	1221
2543	1224
2542	1228
2543	1231
2545	1234
2545	1238
2544	1242
2544	1245
2544	1249
2546	1252
2548	1255
2549	1258
2550	1262
2550	1265
2550	1269
2551	1272
2553	1275
2551	1279
2553	1282
2553	1286
2554	1289
2554	1293
2555	1296
2555	1300
2555	1303
2555	1307
2554	1310
2556	1314
2556	1317
2556	1321
2556	1324
2555	1328
2553	1331
2552	1335
2554	1338
2556	1341
2557	1345
2557	1348
2558	1352
2556	1355
2557	1359
2558	1362
2560	1365
2561	1369
2559	1372
2559	1376
2559	1379
2562	1383
2560	1386
2559	1390
2561	1393
2563	1396
2561	1400
2561	1404
2560	1407
2560	1411
2561	1414
2561	1417
2562	1421
2562	1424
2563	1428
2562	1431
2562	1435
2564	1438
2564	1442
2564	1445
2565	1448
2566	1452
2567	1455
2567	1459
2567	1462
2568	1465
2567	1469
2568	1472
2570	1476
2570	1479
2570	1483
2572	1486
2571	1490
2571	1493
2571	1496
2572	1500
2572	1503
2572	1507
2574	1510
2577	1513
2577	1517
2576	1520
2575	1524
2575	1527
2576	1531
2577	1534
2577	1538
2575	1541
2574	1545
2574	1548
2577	1552
2580	1555
2580	1558
2578	1562
2576	1565
2579	1569
2580	1572
2581	1576
2581	1579
2580	1583
2579	1586
2585	1589
2587	1593
2588	1596
2588	1600
2589	1603
2589	1607
2588	1610
2588	1614
2589	1617
2590	1621
2590	1624
2590	1628
2590	1631
2591	1634
2590	1638
2591	1641
2590	1645
2589	1648
2589	1652
2589	1655
2590	1659
2589	1662
2589	1666
2591	1669
