2770	1673
2771	1677
2771	1681
2772	1684
2773	1688
2774	1692
2775	1699
2777	1703
2778	1707
2778	1710
2778	1714
2778	1718
2779	1722
2780	1725
2780	1729
2781	1733
2781	1736
2781	1740
2782	1744
2784	1748
2785	1751
2785	1755
2785	1759
2786	1763
2788	1766
2788	1770
2789	1774
2790	1778
2790	1782
2791	1785
2791	1789
2792	1793
2794	1797
2795	1800
2796	1804
2795	1808
2795	1812
2796	1815
2797	1819
2799	1823
2800	1827
2800	1831
2801	1835
2801	1838
2802	1842
2802	1846
2802	1850
2803	1853
2805	1857
2806	1861
2807	1865
2807	1869
2807	1873
2808	1876
2809	1880
2809	1884
2810	1888
2810	1892
2812	1896
2811	1899
2811	1903
2813	1907
2814	1911
2816	1915
2817	1919
2818	1923
2819	1926
2819	1930
2820	1934
2819	1938
2821	1942
2821	1946
2821	1949
2822	1953
2822	1957
2822	1961
2823	1965
2823	1969
2824	1973
2826	1977
2826	1980
2826	1984
2826	1988
2826	1992
2826	1996
2827	2000
2828	2004
2828	2008
2830	2012
2830	2015
2829	2019
2830	2023
2831	2027
2832	2031
2833	2035
2834	2039
2834	2043
2835	2047
2835	2051
2836	2055
2837	2059
2837	2062
2838	2066
2838	2070
2838	2074
2839	2078
2840	2082
2841	2086
2840	2090
2842	2094
2842	2098
2842	2102
2842	2106
2844	2110
2844	2114
2846	2118
2844	2122
2843	2125
2843	2129
2845	2133
2845	2137
2845	2141
2845	2145
2847	2149
2854	2154
2857	2159
2858	2163
2858	2167
2858	2171
2858	2175
2859	2179
2860	2183
2859	2187
2858	2190
2858	2194
2858	2198
2858	2202
2859	2206
2859	2210
2860	2214
2860	2218
2861	2222
2861	2226
2862	2231
2862	2235
2862	2239
2862	2243
2862	2247
2864	2251
2863	2255
2862	2258
2862	2262
2863	2266
2862	2270
2863	2275
2863	2279
2863	2283
2865	2287
2865	2291
2865	2295
2865	2299
2865	2303
2865	2307
2864	2311
2864	2315
2864	2319
2864	2323
2864	2327
2865	2331
2868	2336
2867	2339
2866	2343
2866	2347
2866	2351
2867	2356
2867	2360
2867	2364
2867	2368
2868	2372
2867	2376
2866	2380
2866	2384
2867	2388
2867	2392
2870	2397
2871	2401
2871	2405
2871	2409
2871	2413
2871	2417
2870	2421
2870	2425
2870	2429
2868	2433
2868	2437
2869	2441
2869	2446
2870	2450
2872	2455
2872	2459
2871	2462
2871	2467
2870	2470
2870	2475
2871	2479
2872	2484
2873	2488
2873	2492
2873	2496
2873	2500
2874	2505
2874	2509
2875	2513
2875	2517
2875	2522
2874	2525
2874	2530
2875	2534
2875	2538
2876	2543
2875	2547
2876	2551
2875	2555
2875	2559
2874	2563
2874	2567
2873	2571
2875	2576
2877	2581
2878	2585
2878	2589
2879	2594
2879	2598
2880	2602
2881	2607
2881	2611
2881	2616
2880	2620
2880	2624
2879	2628
2879	2632
2879	2636
2879	2641
2879	2645
2878	2649
2878	2653
2877	2657
2877	2661
2877	2666
2877	2670
2877	2674
2877	2678
2878	2683
2878	2687
2878	2691
2879	2696
2879	2700
2879	2705
2878	2709
2879	2713
2879	2718
2880	2722
2880	2727
2879	2731
2879	2735
2879	2739
2879	2744
2878	2748
2879	2752
2878	2757
2878	2761
2878	2765
2878	2770
2879	2774
2880	2779
2879	2783
2879	2787
2878	2792
2879	2796
2879	2801
2881	2806
2880	2810
2879	2814
2880	2819
2879	2823
2879	2827
2878	2831
2879	2836
2882	2842
2880	2845
2880	2850
2879	2854
2879	2858
2879	2863
2877	2866
2878	2871
2877	2875
2875	2879
2876	2884
2876	2888
2875	2893
2876	2898
2877	2902
2878	2907
2876	2911
2876	2915
2876	2920
2876	2925
2875	2929
2876	2933
2876	2938
2875	2942
2875	2947
2875	2951
2875	2956
2874	2960
2873	2964
2874	2969
2875	2974
2874	2978
2873	2982
2872	2987
2871	2991
2871	2995
2870	2999
2871	3005
2870	3009
2869	3013
2869	3018
2869	3022
2869	3027
2868	3031
2870	3036
2870	3041
2869	3045
2867	3049
2866	3053
2866	3058
2866	3063
2866	3067
2866	3072
2866	3077
2866	3082
2865	3086
2864	3090
2863	3094
2864	3100
2864	3104
2864	3109
2864	3114
2864	3118
2863	3123
2863	3127
2862	3132
2861	3136
2860	3140
2860	3145
2860	3150
2860	3154
2860	3159
2862	3165
2863	3170
2864	3176
2862	3180
2844	3175
2818	3167
2808	3166
2803	3169
2800	3172
2797	3175
2795	3179
2794	3183
2794	3188
2801	3196
2829	3216
2852	3233
2857	3240
2858	3246
2857	3250
2857	3255
2857	3260
2856	3264
2856	3269
2855	3274
2855	3278
2855	3284
2854	3288
2853	3292
2851	3297
2851	3301
2850	3306
2849	3310
2848	3315
2848	3319
2847	3324
2846	3329
2847	3334
2846	3339
2846	3343
2845	3348
2844	3353
2844	3357
2843	3362
2843	3367
2841	3371
2840	3376
2840	3380
2843	3387
2842	3392
2842	3397
2843	3403
2842	3408
2841	3412
2839	3416
2838	3420
2838	3425
2837	3430
2836	3435
2836	3440
2835	3445
2834	3449
2833	3454
2833	3459
2833	3464
2832	3469
2832	3474
2831	3478
2831	3484
2830	3489
2830	3494
2829	3498
2828	3503
2828	3508
2826	3512
2825	3517
2823	3521
2824	3527
2824	3532
2824	3538
2822	3542
2820	3545
2819	3550
2818	3555
2817	3560
2816	3565
2816	3570
2815	3575
2815	3580
2814	3585
2812	3589
2812	3594
2812	3600
2812	3605
2811	3610
2810	3615
2809	3619
2808	3624
2808	3630
2807	3635
2806	3640
2806	3645
2805	3650
2804	3654
2803	3659
2802	3664
2802	3669
2803	3676
2802	3681
2801	3686
2801	3691
2800	3696
2799	3701
2799	3707
2798	3711
2798	3717
2796	3721
2795	3726
2794	3731
2792	3735
2791	3740
2791	3746
2792	3752
2791	3757
2790	3762
2789	3767
2788	3772
2787	3777
2786	3783
2785	3787
2784	3792
2782	3797
2781	3802
2780	3807
2780	3813
2780	3818
2779	3824
2783	3832
2782	3837
2781	3843
2780	3848
2779	3853
2778	3858
2776	3862
2774	3867
2774	3872
2773	3878
2772	3883
2771	3888
2769	3893
2767	3897
2768	3903
2766	3908
2765	3913
2764	3918
2762	3923
2761	3928
2760	3933
2758	3938
2758	3943
2756	3948
2753	3952
2746	3952
2736	3951
2730	3952
2715	3945
2709	3946
2703	3947
2701	3952
2702	3959
2699	3963
2697	3967
2702	3977
2714	3993
2727	4010
2734	4022
2733	4027
2731	4032
2730	4037
2727	4042
2725	4046
2725	4052
2723	4056
2722	4062
2720	4066
2718	4071
2716	4076
2714	4080
2712	4085
2711	4090
2709	4095
2707	4100
2705	4105
2703	4109
2703	4115
2703	4122
2704	4129
2701	4133
2699	4138
2697	4142
2695	4147
2692	4151
2690	4155
2687	4160
2684	4163
2682	4168
2680	4173
2679	4178
2677	4183
2675	4188
2672	4191
2670	4196
2667	4200
2665	4205
2663	4210
2660	4214
2658	4218
2655	4222
2653	4227
2651	4232
2649	4237
2647	4242
2645	4246
2643	4251
2639	4254
2636	4258
2636	4265
2338	4042
2335	4044
2331	4047
2601	4320
2598	4323
2576	4308
2572	4312
2571	4317
2570	4323
2568	4328
2566	4333
2562	4336
2559	4340
2557	4345
2556	4351
2568	4370
2565	4374
2562	4378
2550	4373
2552	4382
2550	4387
2549	4392
2547	4398
2546	4404
2543	4408
2540	4411
2537	4416
2534	4420
2532	4424
2529	4428
2526	4432
2523	4437
2521	4441
2518	4446
2515	4450
2513	4455
2510	4459
2507	4463
2505	4468
2503	4473
2501	4478
2498	4482
2494	4485
2490	4489
2487	4492
2484	4496
2481	4500
2479	4506
2476	4510
2473	4514
2469	4517
2466	4521
2463	4525
2460	4529
2457	4533
2454	4538
2450	4541
2447	4545
2445	4550
2442	4554
2438	4558
2435	4562
2432	4566
2429	4570
2427	4575
2423	4578
2420	4582
2417	4586
2414	4591
2412	4595
2408	4599
2405	4603
2402	4607
2398	4611
2394	4614
2392	4619
2389	4623
2384	4625
2370	4616
2366	4618
2363	4622
2359	4626
2357	4631
2356	4638
2357	4647
2354	4651
2350	4654
2346	4657
2343	4662
2339	4665
2335	4667
2331	4670
2327	4673
2323	4676
2319	4680
2314	4682
2311	4685
2307	4689
2305	4694
2302	4698
2298	4701
2294	4704
2290	4708
2287	4711
2283	4715
2279	4718
2276	4722
2272	4725
2269	4730
2266	4735
2263	4738
2259	4741
2256	4745
2254	4752
2253	4758
2250	4763
2249	4769
2249	4778
2249	4787
2247	4793
2245	4798
2242	4802
2238	4805
2235	4811
2232	4815
2228	4818
2223	4820
2216	4819
2211	4821
2207	4824
2203	4827
2199	4831
2196	4834
2192	4837
2188	4840
2184	4844
2181	4848
2177	4851
2173	4855
2170	4859
2167	4864
2163	4866
2159	4869
2154	4872
2150	4875
2147	4879
2142	4881
2138	4885
2135	4889
2132	4893
2127	4896
2124	4899
2120	4902
2117	4908
2113	4911
2109	4914
2106	4918
2102	4922
2098	4925
2094	4928
2090	4932
2087	4935
2083	4939
2079	4943
2074	4945
2071	4948
2067	4952
2064	4956
2060	4960
2056	4964
2051	4966
2048	4969
2044	4973
2040	4976
2036	4979
2032	4982
2027	4984
2023	4987
2020	4992
2016	4995
2012	4998
2003	4994
1997	4994
1992	4995
1988	4999
1985	5003
1981	5007
1978	5012
1974	5015
1969	5017
1966	5022
1965	5029
1964	5038
1961	5042
1956	5045
1952	5048
1948	5051
1944	5055
1940	5058
1936	5062
1932	5064
1927	5066
1923	5069
1919	5072
1915	5075
1910	5078
1906	5082
1901	5083
1896	5085
1892	5088
1888	5091
1885	5095
1881	5100
1878	5104
1874	5107
1870	5111
1866	5115
1862	5117
1857	5120
1852	5121
1847	5123
1843	5127
1840	5131
1835	5133
1830	5135
1826	5137
1822	5141
1818	5145
1814	5147
1809	5150
1805	5153
1800	5156
1796	5158
1791	5161
1784	5159
1777	5155
1770	5154
1765	5155
1761	5158
1756	5160
1752	5162
1749	5168
1750	5182
1746	5185
1742	5189
1738	5192
1733	5194
1728	5195
1723	5196
1718	5199
1714	5202
1710	5205
1705	5207
1700	5208
1696	5211
1692	5214
1687	5218
1683	5221
1679	5223
1674	5225
1669	5228
1665	5230
1660	5232
1656	5235
1651	5238
1647	5240
1641	5241
1637	5244
1633	5247
1628	5249
1623	5250
1618	5251
1613	5254
1609	5257
1605	5261
1600	5262
1596	5265
1591	5267
1586	5269
1582	5272
1577	5274
1572	5275
1565	5272
1557	5268
1549	5263
1542	5259
1536	5257
1530	5258
1525	5259
1520	5260
1515	5262
1510	5263
1505	5264
1500	5265
1496	5268
1491	5271
1487	5273
1482	5274
1477	5276
1472	5278
1467	5280
1461	5279
1457	5281
1453	5285
1448	5288
1444	5290
1439	5292
1435	5295
1431	5299
1428	5305
1425	5310
1422	5318
1419	5324
1415	5327
1411	5331
1406	5332
1400	5330
1394	5330
1387	5328
1381	5326
1375	5325
1368	5321
1362	5319
1356	5318
1350	5317
1344	5316
1339	5316
1333	5315
1328	5316
1323	5317
1317	5316
1312	5316
1307	5319
1302	5320
1298	5323
1293	5324
1288	5324
1282	5324
1277	5325
1272	5326
1267	5328
1262	5329
1258	5331
1253	5334
1249	5336
1244	5338
1241	5346
1243	5364
1245	5388
1246	5404
1244	5414
1239	5416
1235	5419
1230	5421
1225	5422
1220	5424
1215	5425
1210	5426
1205	5429
1201	5432
1196	5433
1191	5435
1186	5437
1181	5438
1176	5440
1172	5442
1167	5444
1162	5446
1157	5447
1152	5448
1147	5450
1142	5451
1137	5453
1132	5454
1127	5457
1123	5460
1118	5462
1113	5463
1109	5467
1105	5472
1100	5474
1095	5474
1090	5476
1085	5478
1081	5482
1076	5483
1071	5485
1066	5486
1061	5488
1056	5488
1051	5491
1045	5490
1038	5483
1026	5460
1031	5495
1001	5411
995	5408
989	5404
983	5401
977	5401
973	5403
968	5405
963	5407
960	5413
955	5415
952	5425
955	5452
959	5487
959	5509
956	5515
951	5517
945	5517
940	5518
935	5521
930	5522
925	5521
920	5522
915	5524
910	5525
905	5527
900	5527
895	5528
890	5530
885	5530
879	5532
874	5533
870	5535
864	5535
859	5536
854	5536
849	5537
844	5539
839	5539
833	5540
829	5542
824	5544
819	5545
814	5545
809	5547
804	5549
799	5550
794	5551
788	5552
783	5553
779	5555
773	5555
768	5557
763	5558
759	5560
754	5562
749	5564
743	5564
738	5565
733	5566
728	5567
723	5568
718	5569
713	5570
708	5572
703	5573
698	5575
693	5577
688	5578
683	5578
678	5579
673	5580
667	5581
663	5583
658	5585
652	5585
647	5586
642	5585
637	5586
611	5469
605	5466
600	5465
595	5465
589	5465
582	5452
576	5446
571	5446
567	5450
563	5459
559	5464
554	5466
549	5467
565	5599
560	5598
481	5131
474	5121
469	5114
464	5113
460	5118
456	5121
452	5122
447	5123
443	5127
439	5133
435	5136
431	5137
426	5138
422	5138
417	5139
413	5138
408	5139
403	5139
399	5139
394	5139
390	5138
447	5616
442	5616
437	5615
432	5616
426	5616
421	5613
416	5614
411	5615
406	5617
401	5619
396	5620
390	5620
385	5619
380	5620
375	5621
370	5622
365	5624
360	5626
355	5627
350	5628
345	5629
339	5630
334	5630
329	5632
324	5631
319	5632
314	5633
309	5634
303	5634
298	5634
293	5635
288	5635
283	5636
278	5637
273	5639
267	5640
262	5640
257	5641
252	5642
247	5641
241	5640
236	5642
231	5641
226	5641
220	5638
215	5637
210	5638
205	5638
200	5639
195	5641
189	5641
184	5643
179	5646
174	5648
169	5646
164	5643
158	5637
152	5629
147	5622
142	5622
137	5623
132	5624
126	5625
121	5625
116	5627
111	5628
106	5630
101	5633
96	5636
91	5639
86	5644
58	5028
54	5031
49	5030
45	5026
40	5024
36	5027
32	5027
27	5025
23	5016
18	5011
14	5009
9	5007
5	5006
0	5003
-4	5003
-8	5004
-12	5008
-17	5010
-21	5016
-25	5025
-30	5027
-34	5027
-38	5026
-43	5030
-47	5032
-51	5032
-56	5029
-60	5142
-65	5139
-70	5660
-75	5658
-80	5656
-85	5651
-90	5652
-95	5651
-101	5650
-106	5649
-111	5648
-116	5647
-121	5647
-127	5648
-132	5646
-137	5648
-142	5648
-147	5646
-152	5645
-158	5644
-163	5644
-168	5645
-173	5644
-178	5644
-183	5644
-189	5644
-194	5642
-199	5642
-204	5642
-209	5641
-214	5639
-219	5637
-225	5636
-230	5636
-235	5636
-240	5634
-245	5635
-250	5634
-255	5633
-261	5632
-266	5632
-271	5633
-276	5633
-281	5631
-286	5629
-291	5627
-296	5625
-302	5623
-307	5623
-312	5622
-317	5621
-322	5619
-327	5617
-332	5617
-337	5617
-342	5617
-348	5617
-353	5617
-358	5615
-363	5615
-368	5614
-373	5612
-378	5612
-383	5611
-388	5610
-394	5610
-399	5607
-404	5606
-409	5605
-414	5604
-419	5602
-424	5602
-429	5601
-434	5601
-439	5595
-442	5575
-445	5551
-447	5521
-450	5505
-453	5485
-469	5592
-474	5585
-476	5559
-479	5537
-441	5141
-445	5138
-450	5137
-454	5136
-458	5126
-461	5119
-466	5117
-471	5122
-476	5130
-481	5133
-541	5582
-532	5470
-537	5469
-542	5468
-547	5469
-552	5469
-557	5470
-562	5469
-567	5468
-572	5469
-577	5469
-582	5467
-587	5466
-591	5462
-595	5455
-599	5448
-605	5455
-613	5471
-631	5564
-636	5564
-641	5562
-646	5560
-651	5559
-656	5559
-661	5557
-667	5557
-672	5557
-677	5556
-682	5555
-686	5552
-691	5548
-696	5546
-701	5545
-706	5545
-711	5542
-716	5541
-721	5540
-726	5540
-731	5540
-736	5539
-741	5538
-746	5537
-751	5537
-756	5535
-761	5534
-766	5532
-771	5530
-776	5529
-781	5528
-786	5526
-791	5525
-796	5522
-800	5521
-805	5520
-810	5518
-815	5516
-820	5514
-825	5512
-830	5511
-834	5509
-839	5508
-844	5506
-849	5503
-854	5502
-859	5501
-864	5500
-869	5498
-873	5496
-878	5495
-883	5493
-888	5491
-893	5489
-897	5486
-902	5485
-908	5485
-912	5482
-917	5479
-921	5476
-926	5474
-931	5473
-936	5471
-941	5470
-946	5471
-951	5470
-956	5469
-961	5466
-965	5464
-970	5462
-975	5461
-980	5461
-985	5461
-990	5460
-995	5457
-1000	5455
-1005	5454
-1010	5453
-1015	5452
-1019	5450
-1024	5448
-1029	5448
-1035	5448
-1039	5446
-1044	5444
-1049	5442
-1053	5438
-1058	5436
-1063	5435
-1068	5434
-1073	5432
-1077	5431
-1082	5429
-1087	5426
-1091	5424
-1096	5422
-1101	5421
-1106	5420
-1111	5419
-1116	5417
-1121	5417
-1126	5416
-1130	5412
-1135	5410
-1140	5409
-1145	5409
-1150	5408
-1154	5404
-1159	5402
-1164	5400
-1168	5399
-1173	5397
-1178	5394
-1182	5393
-1187	5391
-1192	5389
-1196	5385
-1201	5385
-1206	5383
-1211	5381
-1215	5379
-1220	5378
-1225	5375
-1230	5374
-1234	5371
-1239	5370
-1244	5368
-1249	5368
-1254	5368
-1259	5367
-1264	5364
-1268	5362
-1273	5360
-1278	5359
-1283	5357
-1287	5355
-1292	5353
-1296	5350
-1300	5347
-1305	5344
-1309	5341
-1314	5339
-1319	5338
-1324	5338
-1329	5336
-1333	5333
-1337	5330
-1342	5327
-1347	5325
-1351	5324
-1356	5323
-1361	5321
-1366	5319
-1370	5317
-1375	5315
-1380	5314
-1384	5310
-1388	5306
-1392	5304
-1397	5302
-1402	5300
-1406	5298
-1411	5297
-1416	5294
-1420	5292
-1425	5289
-1429	5287
-1433	5284
-1438	5281
-1442	5280
-1447	5278
-1452	5277
-1457	5274
-1461	5272
-1465	5269
-1470	5268
-1474	5264
-1478	5261
-1484	5260
-1488	5257
-1492	5254
-1496	5250
-1500	5247
-1505	5245
-1510	5244
-1514	5242
-1519	5240
-1523	5237
-1527	5234
-1531	5231
-1536	5229
-1541	5227
-1545	5224
-1549	5223
-1554	5221
-1558	5218
-1563	5215
-1566	5211
-1571	5209
-1576	5207
-1580	5204
-1584	5201
-1588	5198
-1592	5195
-1597	5194
-1602	5192
-1606	5189
-1610	5187
-1614	5183
-1618	5180
-1623	5178
-1627	5176
-1632	5174
-1637	5172
-1640	5168
-1645	5166
-1649	5164
-1654	5161
-1658	5158
-1662	5155
-1666	5152
-1670	5149
-1675	5148
-1680	5147
-1684	5144
-1688	5141
-1693	5138
-1697	5136
-1702	5134
-1706	5132
-1710	5129
-1714	5125
-1717	5120
-1721	5116
-1725	5113
-1729	5110
-1733	5107
-1737	5104
-1741	5101
-1746	5099
-1750	5097
-1754	5094
-1758	5091
-1762	5088
-1766	5084
-1770	5081
-1774	5077
-1778	5074
-1782	5072
-1787	5071
-1791	5068
-1795	5065
-1799	5062
-1803	5059
-1808	5057
-1812	5053
-1815	5049
-1819	5046
-1823	5043
-1827	5041
-1831	5037
-1835	5034
-1840	5032
-1844	5029
-1847	5026
-1852	5023
-1855	5019
-1859	5016
-1863	5013
-1868	5011
-1872	5008
-1875	5004
-1879	5001
-1883	4998
-1887	4995
-1891	4992
-1895	4989
-1900	4987
-1904	4984
-1908	4982
-1912	4978
-1915	4974
-1919	4970
-1922	4967
-1927	4966
-1933	4965
-1937	4962
-1941	4959
-1944	4955
-1948	4952
-1951	4948
-1955	4945
-1959	4942
-1963	4939
-1967	4936
-1971	4932
-1975	4930
-1979	4927
-1983	4925
-1987	4922
-1991	4918
-1995	4916
-1999	4913
-2004	4911
-2008	4908
-2012	4905
-2016	4903
-2019	4899
-2024	4896
-2027	4893
-2031	4890
-2037	4889
-2041	4887
-2044	4883
-2049	4881
-2052	4876
-2055	4872
-2058	4869
-2063	4866
-2067	4864
-2071	4862
-2075	4858
-2080	4856
-2084	4855
-2089	4853
-2092	4848
-2095	4844
-2100	4842
-2104	4840
-2107	4835
-2110	4830
-2113	4827
-2118	4825
-2123	4824
-2127	4821
-2130	4817
-2133	4812
-2137	4809
-2140	4805
-2144	4802
-2146	4796
-2150	4793
-2154	4791
-2159	4789
-2163	4786
-2166	4783
-2170	4779
-2174	4776
-2178	4774
-2182	4771
-2185	4767
-2189	4764
-2193	4761
-2196	4757
-2200	4754
-2202	4748
-2206	4746
-2210	4742
-2213	4738
-2217	4736
-2221	4733
-2225	4730
-2228	4726
-2232	4723
-2235	4719
-2238	4715
-2242	4712
-2247	4710
-2250	4707
-2253	4702
-2256	4698
-2259	4694
-2263	4690
-2266	4688
-2270	4684
-2274	4681
-2277	4677
-2281	4674
-2285	4671
-2289	4669
-2293	4666
-2296	4662
-2299	4657
-2303	4655
-2307	4652
-2310	4649
-2314	4645
-2317	4641
-2320	4637
-2323	4634
-2327	4630
-2330	4626
-2332	4622
-2336	4619
-2339	4615
-2342	4610
-2346	4607
-2350	4604
-2353	4601
-2355	4596
-2357	4591
-2361	4588
-2365	4585
-2368	4581
-2371	4577
-2374	4572
-2377	4569
-2381	4566
-2384	4562
-2388	4559
-2391	4555
-2393	4550
-2396	4546
-2397	4540
-2399	4534
-2401	4530
-2404	4526
-2407	4521
-2410	4517
-2413	4514
-2416	4510
-2419	4506
-2422	4502
-2425	4498
-2429	4495
-2431	4490
-2433	4486
-2436	4482
-2439	4478
-2442	4474
-2444	4468
-2447	4464
-2450	4461
-2453	4457
-2456	4453
-2458	4449
-2461	4445
-2464	4441
-2467	4436
-2469	4432
-2471	4427
-2474	4423
-2477	4419
-2479	4414
-2480	4408
-2483	4404
-2485	4400
-2488	4396
-2490	4391
-2493	4387
-2496	4383
-2499	4379
-2501	4375
-2504	4371
-2507	4367
-2510	4363
-2512	4359
-2515	4354
-2516	4349
-2517	4343
-2521	4340
-2524	4336
-2526	4332
-2529	4328
-2531	4324
-2534	4320
-2535	4314
-2537	4309
-2540	4305
-2542	4301
-2544	4296
-2546	4291
-2548	4286
-2550	4282
-2552	4277
-2554	4273
-2556	4268
-2559	4264
-2562	4260
-2564	4255
-2566	4251
-2568	4246
-2570	4242
-2572	4237
-2575	4233
-2577	4229
-2579	4225
-2582	4221
-2585	4217
-2584	4210
-2587	4206
-2590	4203
-2592	4198
-2595	4194
-2596	4188
-2598	4184
-2601	4180
-2604	4176
-2605	4172
-2607	4167
-2609	4162
-2610	4157
-2612	4152
-2612	4146
-2613	4140
-2615	4136
-2617	4131
-2618	4126
-2620	4122
-2622	4117
-2624	4112
-2625	4107
-2627	4103
-2629	4098
-2631	4094
-2634	4090
-2635	4085
-2636	4080
-2639	4076
-2376	3826
-2385	3830
-2391	3829
-2397	3829
-2402	3828
-2406	3825
-2405	3819
-2403	3812
-2407	3810
-2422	3818
-2434	3823
-2442	3824
-2448	3825
-2455	3825
-2460	3824
-2465	3823
-2473	3825
-2478	3824
-2486	3824
-2492	3824
-2497	3823
-2503	3823
-2509	3822
-2516	3822
-2521	3821
-2526	3820
-2532	3820
-2538	3819
-2544	3819
-2550	3818
-2555	3817
-2566	3821
-2572	3820
-2578	3819
-2583	3818
-2589	3818
-2595	3817
-2599	3815
-2600	3810
-2597	3802
-2596	3795
-2599	3792
-2607	3793
-2704	3868
-2641	3810
-2651	3812
-2661	3815
-2666	3814
-2672	3813
-2677	3812
-2681	3809
-2678	3801
-2676	3793
-2678	3790
-2686	3790
-2699	3795
-2702	3791
-2705	3788
-2707	3784
-2708	3780
-2705	3771
-2704	3765
-2706	3761
-2710	3758
-2717	3759
-2727	3761
-2731	3758
-2733	3754
-2735	3750
-2736	3745
-2738	3741
-2740	3737
-2743	3734
-2745	3730
-2748	3727
-2747	3720
-2748	3716
-2749	3711
-2751	3707
-2752	3702
-2753	3698
-2754	3693
-2755	3688
-2756	3683
-2756	3678
-2757	3673
-2757	3668
-2758	3663
-2760	3659
-2762	3655
-2762	3650
-2763	3645
-2764	3640
-2764	3635
-2765	3631
-2766	3626
-2768	3622
-2769	3617
-2770	3613
-2771	3608
-2772	3604
-2773	3599
-2774	3594
-2775	3590
-2776	3585
-2778	3581
-2779	3577
-2781	3573
-2782	3568
-2782	3563
-2783	3559
-2785	3554
-2786	3550
-2786	3545
-2787	3540
-2789	3536
-2790	3532
-2792	3528
-2794	3524
-2793	3519
-2794	3514
-2795	3509
-2796	3505
-2795	3499
-2796	3495
-2796	3489
-2797	3485
-2797	3480
-2798	3475
-2798	3470
-2799	3465
-2799	3461
-2800	3456
-2800	3451
-2801	3447
-2798	3440
-2798	3435
-2799	3430
-2798	3425
-2799	3420
-2799	3415
-2798	3410
-2799	3405
-2800	3401
-2801	3397
-2801	3392
-2801	3387
-2801	3382
-2800	3376
-2802	3372
-2800	3366
-2799	3361
-2801	3357
-2800	3352
-2799	3346
-2799	3341
-2800	3337
-2802	3333
-2803	3329
-2803	3324
-2803	3319
-2803	3314
-2803	3309
-2802	3304
-2802	3300
-2802	3294
-2801	3289
-2802	3285
-2802	3280
-2803	3276
-2802	3271
-2802	3266
-2803	3261
-2803	3257
-2803	3252
-2804	3248
-2803	3243
-2803	3238
-2803	3233
-2801	3227
-2799	3221
-2798	3216
-2799	3212
-2799	3207
-2800	3203
-2800	3199
-2800	3194
-2800	3189
-2800	3184
-2800	3180
-2799	3175
-2800	3170
-2800	3166
-2800	3161
-2800	3157
-2799	3151
-2799	3147
-2799	3142
-2800	3138
-2799	3133
-2799	3129
-2798	3124
-2799	3119
-2799	3115
-2799	3110
-2799	3106
-2799	3101
-2799	3097
-2799	3092
-2799	3088
-2797	3082
-2798	3078
-2799	3074
-2799	3070
-2800	3066
-2800	3061
-2800	3057
-2800	3052
-2799	3048
-2800	3044
-2800	3039
-2800	3035
-2801	3031
-2801	3026
-2799	3021
-2794	3014
-2793	3009
-2793	3005
-2793	3000
-2793	2996
-2794	2992
-2794	2988
-2794	2983
-2794	2979
-2794	2974
-2794	2970
-2793	2965
-2793	2961
-2792	2956
-2793	2952
-2793	2948
-2793	2943
-2791	2939
-2791	2934
-2792	2930
-2791	2925
-2792	2921
-2791	2917
-2791	2913
-2790	2908
-2790	2903
-2790	2899
-2789	2895
-2790	2891
-2790	2886
-2789	2882
-2790	2878
-2791	2874
-2790	2870
-2790	2865
-2790	2861
-2789	2857
-2789	2852
-2790	2848
-2790	2844
-2789	2840
-2789	2835
-2788	2831
-2787	2826
-2787	2822
-2785	2817
-2785	2813
-2786	2809
-2786	2805
-2785	2800
-2785	2796
-2785	2792
-2785	2788
-2784	2783
-2782	2778
-2781	2774
-2783	2770
-2783	2767
-2783	2762
-2782	2758
-2778	2752
-2778	2748
-2778	2744
-2779	2740
-2778	2736
-2778	2732
-2778	2728
-2779	2724
-2778	2719
-2778	2716
-2779	2712
-2778	2707
-2778	2703
-2776	2699
-2776	2694
-2774	2690
-2775	2686
-2774	2682
-2772	2677
-2772	2673
-2772	2669
-2772	2665
-2771	2660
-2770	2656
-2771	2652
-2770	2648
-2769	2644
-2769	2640
-2767	2635
-2767	2631
-2767	2627
-2766	2623
-2766	2619
-2766	2615
-2766	2611
-2765	2607
-2766	2603
-2765	2599
-2764	2595
-2764	2591
-2764	2587
-2763	2583
-2762	2578
-2761	2574
-2760	2570
-2760	2566
-2758	2561
-2757	2557
-2756	2553
-2755	2549
-2755	2545
-2754	2541
-2754	2537
-2754	2533
-2754	2529
-2753	2525
-2752	2521
-2752	2517
-2752	2513
-2752	2509
-2752	2505
-2750	2501
-2749	2497
-2749	2493
-2749	2489
-2749	2485
-2747	2481
-2747	2477
-2747	2473
-2748	2470
-2747	2466
-2747	2462
-2748	2458
-2747	2454
-2746	2450
-2744	2446
-2742	2442
-2742	2438
-2742	2434
-2742	2430
-2742	2426
-2741	2422
-2740	2418
-2735	2413
-2728	2408
-2725	2403
-2723	2399
-2722	2395
-2721	2391
-2721	2387
-2721	2383
-2719	2379
-2719	2375
-2719	2372
-2719	2368
-2719	2364
-2718	2360
-2717	2357
-2717	2353
-2717	2349
-2716	2345
-2715	2341
-2714	2337
-2714	2334
-2714	2330
-2714	2326
-2713	2322
-2713	2319
-2713	2315
-2713	2311
-2713	2308
-2713	2304
-2712	2300
-2712	2297
-2712	2293
-2712	2289
-2711	2285
-2711	2282
-2709	2278
-2708	2274
-2708	2270
-2707	2266
-2707	2263
-2705	2259
-2705	2255
-2705	2251
-2705	2248
-2704	2244
-2704	2240
-2703	2237
-2702	2233
-2702	2229
-2703	2226
-2702	2222
-2702	2218
-2701	2215
-2699	2211
-2699	2207
-2697	2203
-2696	2199
-2696	2196
-2695	2192
-2696	2189
-2695	2185
-2694	2181
-2694	2178
-2694	2174
-2693	2170
-2692	2167
-2692	2163
-2691	2159
-2691	2156
-2691	2152
-2689	2148
-2688	2145
-2687	2141
-2688	2137
-2687	2134
-2685	2130
-2686	2127
-2686	2123
-2686	2120
-2687	2116
-2687	2113
-2689	2109
-2688	2106
-2688	2102
-2687	2099
-2688	2095
-2686	2091
-2686	2088
-2685	2084
-2685	2081
-2684	2077
-2682	2073
-2681	2070
-2680	2066
-2679	2062
-2678	2059
-2678	2055
-2677	2052
-2675	2048
-2673	2044
-2673	2041
-2672	2037
-2671	2033
-2672	2030
-2672	2027
-2672	2023
-2670	2019
-2670	2016
-2669	2012
-2668	2009
-2667	2005
-2666	2002
-2666	1998
-2664	1995
-2663	1991
-2663	1987
-2662	1984
-2662	1980
-2660	1977
-2659	1973
-2658	1970
-2657	1966
-2658	1963
-2656	1959
-2655	1956
-2656	1952
-2655	1949
-2654	1945
-2654	1942
-2653	1938
-2652	1935
-2652	1931
-2651	1928
-2650	1924
-2649	1921
-2649	1918
-2648	1914
-2648	1911
-2647	1907
-2646	1904
-2645	1900
-2646	1897
-2645	1893
-2645	1890
-2645	1887
-2644	1883
-2642	1880
-2641	1876
-2640	1873
-2640	1869
-2640	1866
-2639	1862
-2639	1859
-2638	1856
-2638	1852
-2637	1849
-2637	1845
-2637	1842
-2634	1838
-2633	1835
-2633	1832
-2632	1828
-2631	1825
-2631	1821
-2631	1818
-2630	1815
-2630	1811
-2629	1808
-2629	1805
-2627	1801
-2626	1798
-2627	1794
-2625	1791
-2623	1788
-2619	1784
-2618	1781
-2618	1777
-2618	1774
-2617	1771
-2615	1767
-2615	1764
-2614	1760
-2613	1757
-2612	1754
-2611	1750
-2610	1747
-2611	1744
-2610	1740
-2609	1737
-2607	1734
-2606	1730
-2605	1727
-2603	1724
-2602	1720
-2603	1717
-2603	1714
-2602	1710
-2602	1707
-2602	1704
-2601	1700
-2600	1697
-2598	1694
-2597	1690
-2596	1687
-2596	1684
-2595	1680
-2594	1677
-2594	1674
-2593	1671
-2591	1667
-2590	1664
-2590	1661
-2591	1657
-2590	1654
-2589	1651
-2588	1647
-2587	1644
-2586	1641
-2585	1638
-2585	1634
-2582	1631
-2580	1628
-2579	1625
-2579	1621
-2579	1618
-2578	1615
-2578	1611
-2577	1608
-2577	1605
-2577	1602
-2574	1598
-2573	1595
-2571	1592
-2571	1589
-2571	1585
-2572	1582
-2570	1579
-2569	1576
-2568	1572
-2568	1569
-2567	1566
-2566	1563
-2566	1559
-2565	1556
-2563	1553
-2563	1550
-2562	1546
-2561	1543
-2559	1540
-2554	1537
-2554	1534
-2552	1531
-2552	1527
-2552	1524
-2550	1521
-2549	1518
-2548	1515
-2547	1511
-2546	1508
-2545	1505
-2544	1502
-2543	1499
-2542	1496
-2541	1492
-2540	1489
-2540	1486
-2539	1483
-2538	1480
-2537	1476
-2535	1473
-2534	1470
-2534	1467
-2533	1464
-2531	1461
-2530	1457
-2530	1454
-2529	1451
-2528	1448
-2529	1445
-2528	1441
-2526	1438
-2525	1435
-2523	1432
-2520	1429
-2519	1426
-2519	1423
-2517	1420
-2516	1417
-2515	1414
-2513	1410
-2514	1407
-2514	1404
-2513	1401
-2512	1398
-2510	1395
-2509	1392
-2507	1389
-2505	1385
-2505	1382
-2504	1379
-2503	1376
-2502	1373
-2500	1370
-2499	1367
-2498	1364
-2499	1360
-2498	1357
-2496	1354
-2495	1351
-2494	1348
-2493	1345
-2491	1342
-2490	1339
-2489	1336
-2489	1333
-2488	1330
-2487	1326
-2487	1323
-2486	1320
-2485	1317
-2483	1314
-2483	1311
-2482	1308
-2481	1305
-2480	1302
-2478	1299
-2477	1296
-2477	1292
-2475	1289
-2474	1286
-2473	1283
-2473	1280
-2472	1277
-2471	1274
-2469	1271
-2466	1268
-2466	1265
-2464	1262
-2465	1259
-2463	1256
-2463	1253
-2462	1250
-2461	1247
-2460	1243
-2459	1240
-2458	1237
-2454	1235
-2450	1232
-2447	1230
-2446	1227
-2446	1223
-2445	1220
-2444	1217
-2443	1214
-2442	1211
-2442	1208
-2440	1205
-2438	1202
-2437	1199
-2436	1196
-2436	1193
-2435	1190
-2434	1187
-2435	1184
-2434	1181
-2432	1178
-2431	1175
-2430	1172
-2429	1169
-2428	1166
-2427	1163
-2428	1159
-2426	1156
-2424	1154
-2423	1151
-2422	1148
-2421	1145
-2420	1141
-2419	1138
-2419	1135
-2418	1132
-2416	1129
-2415	1127
-2414	1123
-2414	1120
-2411	1118
-2410	1115
-2408	1112
-2407	1109
-2406	1106
-2406	1103
-2405	1100
-2404	1097
-2402	1094
-2400	1091
-2399	1088
-2397	1085
-2396	1082
-2397	1079
-2396	1076
-2395	1073
-2393	1070
-2391	1067
-2390	1065
-2389	1062
-2388	1058
-2386	1056
-2386	1052
-2385	1049
-2384	1047
-2383	1044
-2382	1041
-2381	1038
-2379	1035
-2378	1032
-2377	1029
-2376	1026
-2374	1023
-2373	1020
-2372	1017
-2371	1014
-2369	1011
-2369	1008
-2367	1006
-2367	1002
-2366	999
-2365	996
-2362	994
-2361	991
-2360	988
-2357	985
-2357	982
-2355	980
-2354	977
-2353	974
-2352	971
-2351	968
-2350	965
-2348	962
-2346	959
-2345	956
-2345	953
-2344	950
-2343	947
-2341	945
-2339	942
-2338	939
-2336	936
-2335	933
-2334	931
-2333	928
-2332	925
-2332	921
-2330	918
-2329	915
-2329	912
-2328	909
-2326	907
-2324	904
-2323	901
-2323	898
-2321	895
-2320	892
-2319	889
-2317	887
-2317	883
-2316	880
-2314	878
-2313	875
-2312	872
-2310	869
-2309	866
-2308	863
-2307	860
-2306	858
-2305	855
-2303	852
-2303	848
-2301	846
-2300	843
-2298	840
-2297	837
-2296	834
-2295	832
-2295	828
-2293	825
-2292	822
-2290	820
-2288	817
-2287	814
-2286	812
-2285	809
-2285	805
-2285	802
-2284	799
-2283	796
-2281	793
-2280	791
-2278	788
-2277	785
-2276	782
-2275	779
-2274	776
-2272	774
-2271	770
-2269	768
-2268	765
-2269	761
-2267	758
-2266	755
-2266	752
-2266	749
-2265	746
-2264	743
-2263	740
-2261	737
-2258	735
-2255	733
-2253	730
-2251	728
-2250	725
-2249	722
-2248	719
-2247	716
-2245	714
-2243	711
-2242	708
-2242	705
-2240	702
-2240	699
-2239	696
-2237	693
-2235	690
-2234	688
-2233	685
-2231	682
-2230	679
-2230	675
-2229	673
-2228	670
-2227	667
-2226	664
-2226	660
-2225	657
-2225	654
-2223	651
-2222	648
-2220	646
-2219	643
-2218	640
-2217	637
-2216	634
-2215	631
-2214	628
-2214	624
-2213	621
-2212	618
-2210	616
-2210	612
-2208	610
-2208	606
-2206	603
-2205	601
-2204	597
-2203	595
-2202	591
-2202	588
-2201	585
-2199	583
-2198	580
-2198	576
-2197	573
-2196	570
-2194	568
-2191	565
-2191	562
-2191	558
-2189	556
-2188	553
-2187	550
-2185	547
-2183	544
-2181	542
-2180	539
-2180	536
-2179	532
-2179	529
-2177	526
-2175	524
-2175	520
-2173	518
-2173	514
-2170	512
-2169	509
-2169	506
-2168	502
-2167	500
-2165	497
-2163	495
-2161	492
-2160	489
-2161	485
-2160	482
-2159	478
-2157	476
-2155	474
-2153	471
-2154	467
-2153	464
-2152	461
-2151	458
-2150	455
-2149	451
-2149	448
-2147	445
-2147	442
-2145	439
-2144	436
-2143	433
-2141	430
-2139	428
-2139	424
-2138	421
-2136	418
-2135	415
-2134	412
-2134	409
-2134	405
-2134	401
-2133	398
-2131	395
-2129	392
-2127	390
-2125	388
-2124	384
-2123	381
-2123	378
-2124	373
-2124	369
-2122	367
-2121	364
-2120	361
-2118	358
-2118	354
-2119	350
-2119	346
-2116	344
-2115	341
-2113	338
-2112	335
-2111	332
-2110	329
-2108	326
-2107	323
-2106	320
-2105	317
-2103	314
-2103	310
-2102	307
-2101	304
-2101	300
-2099	297
-2098	294
-2098	290
-2096	288
-2094	285
-2094	281
-2095	277
-2094	274
-2092	271
-2090	268
-2089	265
-2090	261
-2089	257
-2088	254
-2090	249
-2089	245
-2087	243
-2084	241
-2078	241
-2074	240
-2070	239
-2066	238
-2062	236
-2059	235
-2055	233
-2052	232
-2047	231
-2041	232
-2038	230
-2034	229
-2029	229
-2027	227
-2024	225
-2020	224
-2015	223
-2011	222
-2007	221
-2005	219
-2003	217
-2002	213
-2000	211
-1999	208
-1997	205
-1996	202
-1995	198
-1994	195
-1994	192
-1992	188
-1991	185
-1989	183
-1989	179
-1988	175
-1988	171
-1986	169
-1986	165
-1984	163
-1982	160
-1981	156
-1980	153
-1979	150
-1978	146
-1977	143
-1976	140
-1974	138
-1972	135
-1970	133
-1968	130
-1967	126
-1966	123
-1965	120
-1963	117
-1961	115
-1960	111
-1959	108
-1958	105
-1957	101
-1956	98
-1956	94
-1955	90
-1954	87
-1952	85
-1950	81
-1949	78
-1948	75
-1946	72
-1944	70
-1943	67
-1941	64
-1939	61
-1941	55
-1940	51
-1939	48
-1938	45
-1937	41
-1936	38
-1935	35
-1933	31
-1932	28
-1931	25
-1929	22
-1928	18
-1928	15
-1926	12
-1924	9
-1924	5
-1923	1
-1922	-2
-1920	-5
-1920	-9
-1919	-13
-1918	-17
-1916	-19
-1914	-22
-1913	-25
-1913	-30
-1911	-33
-1910	-36
-1908	-39
-1907	-43
-1907	-47
-1907	-51
-1904	-54
-1903	-57
-1902	-60
-1902	-65
-1900	-68
-1899	-71
-1897	-74
-1895	-77
-1895	-81
-1893	-84
-1891	-87
-1889	-90
-1888	-93
-1888	-98
-1886	-101
-1884	-103
-1882	-106
-1880	-109
-1879	-113
-1879	-117
-1879	-122
-1877	-125
-1875	-128
-1874	-131
-1873	-135
-1872	-138
-1870	-141
-1869	-145
-1871	-153
-1866	-152
-1851	-142
-1839	-134
-1834	-133
-1831	-136
-1828	-137
-1825	-139
-1824	-142
-1822	-145
-1818	-146
-1814	-146
-1809	-146
-1805	-146
-1800	-145
-1797	-148
-1796	-151
-1794	-154
-1792	-157
-1789	-158
-1786	-160
-1785	-164
-1779	-162
-1774	-161
-1769	-161
-1759	-155
-1752	-152
-1749	-154
-1746	-155
-1739	-152
-1732	-149
-1729	-151
-1726	-152
-1722	-153
-1720	-156
-1719	-159
-1717	-162
-1714	-164
-1714	-168
-1709	-168
-1707	-170
-1701	-168
-1694	-166
-1696	-172
-1694	-175
-1689	-174
-1677	-166
-1668	-160
-1663	-159
-1657	-157
-1651	-155
-1648	-156
-1644	-157
-1642	-159
-1640	-161
-1638	-164
-1636	-167
-1626	-160
-1622	-159
-1618	-160
-1613	-160
-1612	-162
-1609	-164
-1606	-165
-1601	-165
-1595	-162
-1590	-161
-1586	-161
-1583	-163
-1576	-158
-1570	-157
-1567	-157
-1564	-159
-1562	-162
-1559	-162
-1557	-166
-1546	-157
-1539	-153
-1537	-155
-1534	-156
-1531	-157
-1528	-158
-1525	-159
-1522	-161
-1518	-161
-1514	-160
-1511	-162
-1508	-163
-1505	-165
-1501	-164
-1494	-160
-1490	-160
-1487	-161
-1484	-161
-1480	-162
-1476	-162
-1473	-162
-1470	-163
-1467	-164
-1463	-164
-1458	-163
-1450	-157
-1437	-145
-1432	-144
-1429	-145
-1426	-145
-1422	-145
-1419	-145
-1414	-144
-1411	-145
-1407	-145
-1405	-146
-1406	-153
-1403	-154
-1395	-148
-1390	-146
-1388	-149
-1386	-151
-1383	-152
-1379	-151
-1373	-148
-1369	-148
-1367	-149
-1362	-148
-1357	-146
-1354	-147
-1352	-149
-1349	-150
-1348	-153
-1344	-153
-1342	-155
-1341	-159
-1339	-160
-1332	-156
-1325	-151
-1323	-154
-1321	-156
-1321	-161
-1318	-161
-1314	-160
-1311	-162
-1309	-164
-1305	-164
-1302	-164
-1298	-163
-1292	-159
-1284	-152
-1279	-150
-1274	-147
-1269	-145
-1264	-143
-1260	-143
-1259	-146
-1259	-151
-1261	-160
-1266	-173
-1262	-172
-1257	-169
-1252	-167
-1249	-167
-1244	-164
-1240	-163
-1236	-163
-1233	-164
-1231	-165
-1228	-167
-1228	-172
-1225	-173
-1222	-173
-1218	-172
-1215	-172
-1211	-172
-1208	-172
-1204	-171
-1201	-171
-1198	-173
-1196	-174
-1192	-173
-1187	-170
-1183	-170
-1180	-171
-1176	-169
-1172	-168
-1169	-168
-1165	-168
-1162	-167
-1159	-168
-1156	-169
-1154	-170
-1150	-170
-1146	-169
-1143	-168
-1140	-169
-1138	-170
-1135	-171
-1131	-169
-1128	-171
-1126	-172
-1123	-174
-1121	-176
-1119	-177
-1116	-178
-1113	-178
-1107	-174
-1101	-168
-1098	-168
-1096	-170
-1093	-171
-1090	-171
-1086	-170
-1083	-171
-1081	-173
-1079	-175
-1078	-177
-1074	-177
-1072	-178
-1069	-180
-1067	-181
-1064	-181
-1060	-181
-1057	-179
-1053	-179
-1049	-178
-1046	-177
-1042	-175
-1040	-177
-1037	-178
-1030	-170
-1026	-168
-1022	-166
-1018	-166
-1015	-165
-1013	-167
-1012	-171
-1010	-173
-1008	-176
-1006	-178
-1005	-181
-1002	-182
-999	-182
-997	-183
-994	-184
-986	-175
-982	-172
-977	-168
-972	-164
-967	-161
-961	-154
-957	-151
-954	-151
-952	-153
-949	-154
-947	-155
-944	-155
-942	-157
-939	-157
-936	-157
-932	-156
-930	-157
-927	-157
-925	-158
-923	-160
-921	-162
-919	-165
-918	-170
-915	-168
-907	-157
-899	-146
-894	-141
-890	-141
-888	-142
-886	-143
-883	-144
-866	-112
-863	-111
-860	-110
-857	-111
-854	-110
-851	-110
-849	-111
-847	-113
-845	-114
-843	-116
-841	-119
-865	-181
-781	-2
-778	-1
-775	-0
-772	-0
-769	1
-766	2
-764	1
-761	1
-758	2
-756	1
-753	1
-750	2
-748	2
-746	1
-743	0
-741	0
-738	1
-735	1
-733	0
-732	-4
-733	-14
-733	-18
-729	-16
-725	-12
-721	-7
-719	-10
-719	-16
-719	-22
-717	-24
-746	-128
-745	-132
-744	-137
-742	-140
-740	-143
-738	-144
-735	-144
-733	-145
-731	-146
-728	-147
-726	-148
-723	-149
-721	-150
-719	-151
-716	-152
-714	-153
-712	-154
-709	-154
-706	-154
-704	-155
-702	-156
-699	-156
-696	-157
-694	-157
-689	-152
-683	-141
-676	-129
-672	-125
-669	-124
-664	-116
-661	-115
-658	-114
-655	-114
-653	-114
-650	-114
-647	-113
-645	-113
-642	-114
-640	-114
-637	-114
-635	-115
-632	-115
-630	-116
-628	-116
-625	-117
-625	-124
-624	-130
-625	-141
-625	-150
-622	-149
-619	-148
-616	-148
-614	-148
-611	-148
-609	-148
-607	-151
-606	-157
-607	-169
-607	-178
-604	-178
-602	-180
-600	-180
-596	-178
-593	-177
-591	-177
-588	-177
-585	-175
-582	-174
-579	-171
-576	-172
-574	-174
-572	-175
-569	-175
-567	-177
-565	-178
-562	-178
-560	-179
-557	-179
-555	-180
-552	-181
-550	-181
-548	-183
-546	-185
-543	-187
-541	-186
-538	-186
-535	-186
-533	-186
-530	-186
-528	-186
-525	-184
-522	-185
-519	-185
-517	-184
-514	-185
-512	-185
-509	-185
-506	-184
-504	-184
-501	-185
-499	-185
-497	-187
-494	-187
-491	-186
-489	-186
-486	-186
-484	-187
-481	-185
-478	-185
-476	-185
-473	-185
-471	-186
-468	-186
-466	-186
-463	-186
-460	-185
-457	-181
-454	-180
-452	-180
-449	-181
-446	-179
-444	-179
-441	-179
-439	-181
-437	-182
-434	-183
-432	-182
-429	-183
-427	-183
-424	-185
-422	-185
-420	-186
-417	-186
-415	-187
-412	-186
-409	-186
-407	-186
-404	-186
-402	-186
-399	-185
-397	-186
-394	-186
-392	-186
-389	-186
-387	-186
-384	-186
-382	-186
-379	-186
-377	-186
-374	-186
-371	-185
-369	-186
-366	-186
-364	-184
-361	-185
-359	-185
-356	-185
-354	-186
-351	-184
-349	-184
-346	-184
-344	-184
-341	-185
-339	-185
-336	-185
-334	-186
-331	-185
-329	-185
-326	-187
-324	-188
-322	-187
-319	-188
-317	-188
-314	-187
-311	-187
-309	-187
-306	-186
-304	-185
-301	-185
-299	-186
-296	-187
-294	-186
-292	-187
-289	-188
-287	-187
-284	-186
-281	-185
-279	-186
-277	-187
-274	-187
-272	-187
-269	-186
-267	-186
-264	-186
-262	-188
-259	-187
-257	-186
-254	-185
-252	-186
-249	-187
-247	-187
-244	-186
-242	-185
-239	-185
-237	-186
-234	-186
-232	-186
-229	-187
-227	-187
-224	-186
-222	-186
-220	-186
-217	-187
-215	-187
-212	-186
-210	-186
-207	-185
-205	-187
-202	-186
-200	-186
-197	-187
-195	-187
-192	-186
-190	-189
-188	-188
-185	-186
-182	-183
-180	-185
-178	-186
-175	-187
-173	-188
-170	-188
-168	-186
-165	-185
-163	-185
-160	-185
-158	-185
-155	-186
-153	-187
-150	-187
-148	-186
-146	-186
-143	-187
-141	-186
-138	-186
-136	-187
-133	-187
-131	-186
-128	-187
-126	-187
-123	-187
-121	-187
-119	-187
-116	-186
-114	-185
-111	-185
-109	-186
-106	-187
-104	-186
-101	-186
-99	-185
-96	-185
-94	-187
-91	-187
-89	-187
-87	-186
-84	-186
-82	-187
-79	-187
-77	-186
-72	-187
-69	-187
-67	-190
-64	-190
-62	-190
-60	-189
-57	-187
-55	-186
-52	-186
-50	-186
-47	-186
-45	-185
-42	-186
-40	-188
-37	-187
-35	-186
-33	-186
-30	-185
-28	-184
-25	-185
-23	-186
-20	-187
-18	-186
-15	-185
-13	-185
-10	-186
-8	-187
-6	-186
-3	-185
-1	-186
2	-186
4	-186
7	-188
9	-187
12	-187
14	-187
17	-186
19	-186
21	-185
24	-185
26	-185
29	-186
31	-186
34	-186
36	-187
39	-187
41	-186
44	-187
46	-186
49	-185
51	-185
53	-185
56	-186
59	-188
61	-187
63	-186
66	-186
68	-184
71	-183
73	-182
75	-180
78	-180
80	-180
83	-180
85	-179
87	-177
90	-176
92	-177
95	-177
97	-178
100	-176
102	-176
105	-177
107	-178
110	-177
112	-178
115	-179
118	-184
120	-186
123	-187
125	-187
128	-186
130	-185
133	-186
135	-185
138	-187
140	-187
143	-186
145	-185
147	-186
150	-186
152	-185
155	-187
157	-184
159	-177
161	-175
164	-177
166	-177
169	-178
171	-178
174	-175
176	-174
178	-173
181	-173
183	-173
186	-173
188	-173
191	-175
194	-179
197	-181
200	-183
202	-184
205	-183
207	-182
209	-182
212	-182
215	-185
217	-184
220	-185
222	-185
225	-184
227	-185
230	-185
233	-187
236	-189
238	-187
240	-187
243	-186
245	-186
248	-186
250	-185
253	-186
255	-185
258	-185
260	-185
263	-184
265	-183
268	-184
271	-187
273	-186
275	-186
278	-185
281	-186
283	-185
285	-183
287	-182
290	-181
293	-183
296	-186
298	-186
301	-185
303	-186
306	-185
309	-187
311	-187
314	-186
316	-184
318	-184
321	-183
324	-185
326	-185
329	-185
331	-185
334	-186
337	-187
339	-185
341	-184
344	-183
347	-186
349	-185
352	-185
354	-184
357	-186
359	-184
362	-182
364	-182
367	-184
370	-185
373	-185
375	-184
378	-186
380	-185
383	-185
386	-185
388	-185
391	-184
393	-182
395	-183
393	-162
395	-162
398	-163
402	-166
404	-167
407	-168
410	-170
413	-171
416	-172
419	-172
422	-175
425	-176
428	-176
430	-177
434	-180
437	-181
439	-180
441	-178
444	-177
447	-180
450	-183
453	-181
454	-178
456	-175
459	-174
462	-176
464	-175
466	-173
469	-172
471	-172
473	-171
476	-172
481	-179
485	-183
488	-184
490	-184
493	-184
496	-184
498	-183
501	-183
504	-184
507	-184
509	-183
512	-184
515	-184
516	-181
518	-178
520	-177
523	-176
526	-176
528	-174
530	-172
532	-171
534	-170
537	-169
540	-170
543	-172
546	-174
549	-174
551	-172
554	-171
556	-170
558	-169
561	-168
564	-171
569	-176
572	-176
574	-176
577	-175
579	-175
582	-175
585	-176
588	-176
589	-171
590	-166
591	-162
593	-158
594	-155
597	-155
600	-156
604	-158
608	-162
612	-166
615	-166
614	-156
614	-149
616	-147
618	-146
621	-145
624	-146
619	-127
620	-122
623	-121
625	-119
627	-118
629	-116
631	-114
633	-113
635	-111
637	-109
639	-108
643	-110
646	-111
649	-111
651	-111
654	-110
656	-110
659	-111
663	-113
666	-113
669	-114
672	-115
677	-119
682	-127
690	-138
697	-148
702	-154
705	-154
707	-153
709	-151
712	-150
715	-150
717	-150
720	-149
722	-148
725	-147
727	-146
729	-145
732	-144
734	-143
737	-141
739	-140
741	-139
743	-137
745	-134
745	-129
746	-123
747	-119
747	-115
748	-110
721	-19
719	-10
720	-6
721	-3
725	-5
727	-3
729	-2
730	1
732	2
735	3
737	4
740	3
743	2
747	-0
750	-1
753	-2
754	1
758	-0
761	-0
773	2
776	3
778	4
782	0
866	-142
851	-106
853	-106
856	-106
860	-106
863	-107
866	-107
871	-111
889	-139
892	-139
894	-138
896	-137
901	-139
924	-176
927	-177
931	-178
934	-178
937	-177
940	-177
943	-177
947	-178
949	-176
950	-172
951	-169
954	-168
956	-167
958	-165
960	-162
963	-161
965	-159
967	-157
971	-160
977	-164
981	-165
984	-164
987	-164
992	-168
999	-174
1004	-177
1007	-177
1011	-177
1011	-173
1012	-169
1013	-165
1016	-164
1018	-163
1021	-161
1023	-160
1027	-161
1031	-162
1036	-165
1044	-174
1050	-177
1053	-177
1056	-177
1060	-177
1063	-178
1067	-178
1070	-177
1073	-177
1075	-175
1079	-176
1083	-176
1087	-177
1090	-178
1093	-176
1095	-174
1098	-173
1101	-172
1104	-172
1107	-172
1110	-171
1113	-170
1115	-169
1118	-168
1121	-167
1123	-165
1125	-162
1126	-159
1126	-154
1127	-150
1128	-146
1130	-143
1132	-142
1133	-138
1132	-132
1133	-128
1135	-125
1138	-125
1141	-124
1144	-124
1147	-123
1151	-123
1155	-124
1158	-123
1162	-124
1165	-124
1168	-123
1172	-123
1175	-123
1179	-124
1183	-124
1186	-124
1190	-124
1194	-125
1200	-128
1207	-133
1214	-139
1225	-150
1233	-155
1241	-162
1248	-167
1254	-171
1260	-174
1264	-174
1266	-172
1271	-173
1273	-171
1274	-167
1275	-164
1278	-162
1280	-161
1284	-160
1293	-168
1298	-170
1300	-167
1303	-165
1306	-164
1310	-166
1319	-172
1325	-175
1327	-172
1330	-171
1336	-175
1344	-180
1347	-179
1349	-177
1351	-175
1355	-175
1358	-174
1361	-172
1362	-169
1364	-166
1366	-164
1370	-164
1375	-166
1379	-166
1383	-165
1386	-164
1389	-163
1393	-163
1398	-164
1403	-166
1409	-169
1415	-171
1419	-171
1421	-168
1422	-165
1425	-164
1429	-164
1432	-163
1437	-164
1443	-166
1448	-168
1453	-169
1459	-171
1466	-174
1467	-171
1467	-166
1468	-162
1470	-160
1473	-158
1474	-155
1478	-154
1483	-155
1492	-161
1495	-160
1502	-163
1507	-164
1511	-164
1517	-166
1522	-167
1526	-167
1528	-164
1530	-162
1532	-159
1536	-158
1542	-161
1549	-164
1552	-162
1556	-162
1561	-163
1562	-159
1564	-156
1567	-155
1572	-156
1579	-159
1584	-159
1585	-156
1585	-151
1585	-146
1585	-141
1586	-138
1588	-135
1591	-133
1594	-132
1599	-133
1605	-135
1612	-137
1622	-144
1625	-141
1629	-141
1636	-144
1645	-149
1651	-150
1657	-152
1664	-154
1669	-156
1674	-156
1678	-156
1686	-158
1689	-157
1693	-157
1700	-159
1705	-159
1707	-156
1711	-156
1715	-155
1719	-155
1724	-155
1729	-155
1733	-154
1735	-152
1741	-153
1743	-150
1745	-147
1749	-146
1753	-146
1758	-146
1761	-145
1766	-144
1770	-144
1774	-143
1780	-144
1784	-143
1786	-141
1788	-138
1791	-136
1795	-135
1797	-132
1800	-131
1806	-132
1817	-138
1823	-138
1830	-140
1840	-145
1846	-146
1850	-145
1858	-148
1866	-151
1869	-149
1874	-149
1879	-149
1885	-149
1890	-150
1893	-148
1897	-146
1898	-142
1899	-139
1907	-142
1913	-142
1917	-140
1921	-140
1926	-139
1927	-135
1927	-131
1928	-127
1931	-125
1939	-128
1948	-130
1950	-128
1953	-126
1955	-122
1962	-124
1979	-134
1986	-136
1989	-134
1992	-132
2003	-136
2008	-136
2015	-137
2018	-135
2020	-133
2027	-134
2030	-131
2035	-131
2036	-127
2035	-121
2038	-119
2046	-121
2056	-125
2059	-123
2064	-122
2072	-124
2077	-123
2081	-122
2085	-120
2090	-120
2097	-121
2103	-122
2108	-121
2112	-119
2118	-119
2124	-119
2134	-123
2144	-126
2148	-124
2152	-123
2158	-123
2156	-116
2157	-112
2162	-112
2168	-112
2171	-110
2175	-108
2181	-108
2190	-110
2200	-114
2208	-115
2211	-113
2214	-110
2218	-108
2222	-107
2233	-110
2244	-114
2257	-119
2265	-120
2266	-116
2264	-110
2264	-105
2264	-100
2263	-95
2264	-91
2268	-89
2272	-87
2276	-86
2282	-85
2282	-80
2282	-75
2283	-72
2286	-69
2291	-68
2296	-66
2304	-68
2315	-71
2328	-76
2330	-72
2330	-68
2330	-63
2329	-57
2329	-52
2330	-48
2332	-45
2335	-43
2339	-40
2342	-38
2345	-36
2349	-33
2352	-31
2354	-27
2358	-25
2362	-23
2365	-21
2368	-18
2372	-16
2374	-13
2377	-10
2381	-8
2383	-5
2384	-1
2384	4
2385	8
2387	11
2391	13
2391	18
2393	21
2395	25
2395	29
2395	34
2395	38
2396	43
2396	47
2395	52
2394	58
2395	62
2395	66
2394	72
2394	76
2396	79
2398	83
2400	86
2400	91
2401	95
2402	99
2403	103
2403	107
2405	111
2404	116
2405	120
2405	124
2405	128
2405	133
2403	139
2403	143
2404	147
2406	150
2408	154
2409	157
2410	162
2411	166
2412	169
2412	174
2411	179
2412	183
2413	186
2414	190
2416	193
2416	198
2417	201
2419	205
2421	208
2421	212
2423	216
2424	219
2425	223
2426	227
2427	231
2426	236
2427	240
2428	243
2430	247
2432	250
2434	253
2435	257
2437	260
2437	265
2437	269
2437	273
2438	277
2439	281
2441	284
2442	288
2442	292
2444	295
2446	298
2446	303
2447	306
2449	309
2452	312
2452	316
2452	321
2453	324
2454	328
2455	332
2456	336
2456	340
2456	344
2456	348
2456	353
2456	356
2457	360
2458	364
2460	367
2461	371
2461	375
2461	380
2462	383
2463	387
2464	390
2465	394
2465	398
2465	402
2464	407
2463	411
2465	415
2466	419
2467	422
2467	426
2468	430
2471	433
2472	436
2473	440
2474	444
2475	447
2476	451
2478	454
2479	458
2478	462
2480	465
2482	469
2482	472
2483	476
2484	480
2485	483
2485	487
2485	492
2486	495
2487	499
2489	502
2488	506
2491	509
2490	513
2490	518
2491	521
2492	525
2493	528
2494	532
2495	536
2495	540
2495	543
2497	547
2498	550
2500	554
2500	557
2501	561
2502	564
2503	568
2503	572
2504	576
2505	579
2506	583
2506	587
2505	591
2507	595
2508	598
2510	601
2512	604
2511	608
2512	612
2512	616
2514	619
2515	623
2515	627
2516	630
2517	634
2518	637
2519	641
2520	644
2520	648
2522	652
2522	655
2523	659
2524	663
2524	666
2526	670
2525	674
2526	677
2528	681
2528	684
2530	687
2531	691
2531	695
2532	698
2534	702
2535	705
2536	709
2537	712
2538	716
2538	719
2539	723
2539	727
2540	730
2540	734
2542	738
2543	741
2544	744
2544	748
2545	752
2546	755
2547	759
2549	762
2551	765
2551	769
2550	773
2550	777
2552	780
2553	784
2554	787
2553	791
2552	795
2555	798
2557	801
2557	805
2558	809
2560	812
2561	815
2562	819
2562	823
2563	826
2562	830
2563	834
2563	837
2565	841
2566	844
2566	848
2567	852
2569	855
2570	858
2570	862
2571	865
2572	869
2573	872
2573	876
2574	879
2576	883
2578	886
2578	890
2579	893
2579	897
2580	900
2581	904
2582	907
2583	911
2584	914
2585	918
2585	922
2586	925
2586	929
2586	933
2587	936
2588	939
2589	943
2589	947
2590	950
2591	954
2592	957
2593	961
2594	964
2595	968
2597	971
2598	974
2599	978
2598	981
2599	985
2599	989
2600	992
2601	996
2602	999
2603	1003
2605	1006
2606	1009
2608	1013
2608	1016
2609	1020
2611	1023
2612	1026
2613	1030
2613	1034
2614	1037
2615	1041
2615	1044
2617	1048
2619	1051
2621	1054
2622	1058
2622	1061
2623	1065
2623	1068
2624	1072
2626	1075
2628	1079
2628	1082
2629	1086
2629	1089
2631	1093
2631	1096
2632	1100
2634	1103
2635	1107
2636	1110
2636	1114
2637	1117
2639	1120
2640	1124
2640	1128
2641	1131
2642	1135
2642	1138
2644	1142
2645	1145
2646	1149
2646	1152
2648	1156
2650	1159
2650	1162
2651	1166
2652	1170
2652	1173
2654	1177
2655	1180
2655	1184
2657	1187
2657	1191
2658	1194
2659	1198
2660	1201
2661	1205
2662	1208
2662	1212
2663	1215
2665	1219
2664	1223
2666	1226
2666	1230
2667	1233
2669	1237
2669	1240
2669	1244
2669	1247
2671	1251
2673	1254
2673	1258
2675	1261
2675	1265
2676	1268
2676	1272
2677	1276
2678	1279
2681	1282
2683	1286
2685	1289
2686	1293
2688	1296
2688	1300
2690	1303
2689	1307
2690	1310
2691	1314
2692	1318
2693	1321
2695	1325
2696	1328
2697	1332
2697	1335
2698	1339
2698	1342
2699	1346
2699	1350
2700	1353
2701	1357
2701	1360
2703	1364
2703	1368
2704	1371
2705	1375
2707	1378
2708	1382
2708	1385
2709	1389
2708	1393
2709	1396
2709	1400
2710	1404
2712	1407
2712	1411
2712	1414
2713	1418
2715	1421
2715	1425
2716	1429
2717	1432
2717	1436
2718	1440
2719	1443
2719	1447
2720	1450
2721	1454
2722	1458
2723	1461
2723	1465
2724	1468
2723	1472
2724	1476
2725	1479
2726	1483
2728	1487
2729	1490
2730	1494
2731	1497
2732	1501
2733	1505
2734	1508
2734	1512
2736	1515
2737	1519
2737	1523
2738	1526
2738	1530
2740	1534
2741	1537
2741	1541
2741	1545
2741	1548
2743	1552
2745	1555
2745	1559
2745	1563
2745	1567
2746	1570
2748	1574
2748	1577
2748	1581
2751	1585
2750	1588
2751	1592
2753	1596
2754	1599
2757	1603
2756	1607
2756	1610
2758	1614
2758	1618
2759	1621
2760	1625
2762	1629
2763	1632
2763	1636
2764	1640
2765	1644
2766	1647
2767	1651
2768	1655
2767	1658
2767	1662
2768	1666
2769	1669
