2568	1666
2569	1669
2569	1672
2570	1676
2571	1679
2570	1683
2571	1690
2572	1693
2572	1697
2573	1700
2574	1703
2573	1707
2572	1710
2574	1714
2575	1717
2575	1721
2575	1724
2575	1728
2575	1731
2574	1735
2576	1738
2577	1742
2577	1745
2577	1748
2578	1752
2579	1755
2580	1759
2581	1762
2580	1766
2579	1769
2580	1773
2580	1776
2580	1780
2580	1783
2582	1787
2585	1790
2585	1794
2584	1797
2584	1801
2585	1804
2586	1808
2587	1811
2586	1815
2587	1818
2587	1822
2588	1825
2588	1829
2588	1832
2588	1836
2587	1839
2587	1843
2587	1846
2588	1850
2588	1853
2587	1856
2589	1860
2591	1864
2591	1867
2590	1871
2590	1874
2591	1878
2592	1881
2592	1885
2593	1888
2593	1892
2593	1895
2593	1899
2594	1902
2595	1906
2594	1909
2595	1913
2596	1917
2597	1920
2597	1924
2597	1927
2599	1931
2600	1935
2601	1938
2602	1942
2601	1945
2601	1949
2601	1952
2600	1956
2600	1959
2600	1963
2601	1966
2602	1970
2602	1974
2603	1977
2604	1981
2605	1984
2606	1988
2606	1992
2610	1996
2611	1999
2611	2003
2612	2006
2613	2010
2613	2014
2612	2017
2612	2021
2613	2024
2613	2028
2613	2031
2612	2035
2612	2038
2611	2042
2612	2046
2611	2049
2613	2053
2612	2056
2612	2060
2612	2064
2613	2067
2614	2071
2615	2075
2614	2078
2614	2082
2613	2085
2613	2089
2613	2092
2614	2096
2613	2099
2613	2103
2614	2107
2615	2110
2613	2114
2612	2117
2612	2121
2612	2124
2613	2128
2613	2132
2612	2135
2612	2139
2612	2142
2613	2146
2612	2150
2611	2153
2611	2157
2612	2160
2611	2164
2610	2167
2609	2171
2609	2174
2608	2178
2607	2181
2609	2185
2609	2189
2607	2192
2608	2196
2612	2200
2613	2204
2613	2208
2612	2211
2614	2215
2614	2219
2614	2222
2614	2226
2614	2230
2615	2234
2615	2237
2615	2241
2613	2244
2614	2248
2615	2252
2615	2256
2614	2259
2615	2263
2616	2267
2616	2271
2615	2274
2616	2278
2617	2282
2618	2286
2619	2290
2618	2293
2617	2297
2617	2300
2618	2304
2618	2308
2619	2312
2619	2316
2618	2319
2618	2323
2620	2327
2619	2330
2620	2334
2620	2338
2620	2342
2621	2346
2621	2349
2619	2353
2619	2356
2619	2360
2620	2364
2620	2368
2620	2372
2620	2375
2620	2379
2620	2383
2621	2387
2620	2390
2621	2394
2621	2398
2622	2402
2621	2406
2620	2409
2620	2413
2620	2417
2620	2421
2619	2424
2619	2428
2620	2432
2623	2436
2622	2440
2621	2443
2621	2447
2621	2451
2620	2455
2621	2459
2623	2463
2624	2467
2624	2471
2623	2474
2623	2478
2622	2482
2622	2486
2621	2489
2622	2493
2624	2498
2625	2502
2624	2505
2623	2509
2623	2513
2623	2517
2623	2521
2623	2524
2622	2528
2622	2532
2623	2536
2624	2540
2624	2544
2624	2548
2626	2552
2626	2556
2626	2560
2625	2564
2626	2568
2626	2572
2625	2575
2625	2579
2624	2583
2627	2588
2628	2592
2628	2596
2626	2599
2626	2603
2626	2607
2626	2611
2628	2616
2629	2620
2628	2624
2629	2628
2630	2632
2630	2636
2630	2640
2630	2644
2630	2648
2630	2652
2629	2656
2628	2659
2626	2663
2626	2667
2628	2671
2626	2675
2625	2678
2625	2682
2625	2686
2626	2690
2626	2695
2626	2699
2625	2702
2625	2706
2626	2711
2625	2714
2625	2718
2625	2723
2626	2727
2631	2733
2632	2737
2633	2742
2632	2746
2633	2750
2633	2754
2634	2758
2636	2763
2638	2768
2637	2772
2638	2776
2637	2780
2637	2784
2638	2789
2636	2792
2638	2797
2639	2802
2639	2806
2640	2810
2639	2814
2638	2818
2637	2822
2637	2826
2637	2830
2637	2834
2636	2838
2636	2842
2636	2846
2636	2850
2637	2855
2637	2859
2640	2864
2641	2869
2639	2873
2639	2877
2639	2881
2637	2885
2638	2889
2637	2893
2638	2898
2638	2902
2638	2906
2638	2910
2638	2915
2640	2920
2640	2924
2640	2929
2642	2934
2642	2938
2643	2943
2643	2947
2643	2951
2642	2955
2643	2960
2642	2964
2644	2969
2643	2973
2642	2977
2641	2981
2645	2987
2644	2991
2643	2995
2643	2999
2642	3003
2641	3007
2640	3011
2641	3016
2642	3021
2643	3025
2642	3029
2642	3034
2641	3038
2641	3042
2642	3047
2647	3054
2647	3058
2647	3063
2647	3067
2646	3071
2647	3076
2647	3081
2647	3086
2647	3090
2647	3094
2647	3099
2645	3102
2644	3106
2644	3111
2647	3117
2630	3112
2617	3110
2610	3111
2606	3113
2603	3116
2600	3119
2598	3122
2595	3125
2592	3128
2590	3132
2590	3136
2591	3141
2624	3164
2649	3182
2656	3191
2662	3199
2662	3203
2662	3208
2663	3213
2662	3217
2661	3222
2663	3227
2664	3232
2663	3237
2664	3242
2664	3247
2664	3252
2664	3256
2663	3261
2662	3265
2663	3270
2662	3274
2662	3279
2664	3285
2665	3290
2664	3294
2663	3299
2663	3303
2662	3308
2662	3313
2662	3317
2660	3321
2660	3326
2659	3330
2659	3335
2658	3339
2657	3344
2655	3347
2655	3352
2654	3356
2653	3361
2651	3365
2650	3369
2649	3373
2647	3377
2646	3381
2645	3385
2644	3390
2644	3394
2643	3399
2642	3403
2641	3408
2641	3413
2640	3417
2638	3421
2638	3426
2637	3430
2636	3434
2636	3439
2635	3444
2635	3449
2633	3453
2633	3457
2630	3461
2632	3467
2632	3472
2632	3477
2631	3482
2630	3486
2629	3490
2628	3495
2627	3499
2627	3504
2626	3509
2625	3514
2625	3518
2625	3523
2624	3528
2623	3533
2623	3538
2621	3541
2622	3547
2622	3552
2622	3558
2622	3563
2622	3568
2622	3573
2622	3579
2621	3583
2620	3588
2619	3593
2618	3597
2617	3602
2616	3606
2616	3612
2618	3618
2618	3624
2618	3629
2618	3634
2616	3638
2613	3642
2612	3646
2611	3650
2610	3655
2608	3659
2607	3664
2607	3669
2606	3674
2605	3679
2604	3684
2603	3689
2603	3694
2602	3699
2601	3703
2600	3708
2598	3712
2596	3716
2595	3721
2594	3726
2594	3731
2594	3736
2593	3741
2592	3746
2590	3750
2587	3753
2586	3758
2585	3763
2584	3768
2585	3774
2585	3780
2585	3785
2583	3790
2582	3794
2580	3799
2578	3803
2576	3807
2575	3811
2575	3817
2576	3823
2575	3829
2574	3833
2572	3838
2571	3842
2569	3847
2567	3851
2566	3856
2563	3859
2560	3862
2558	3867
2559	3873
2559	3879
2559	3885
2558	3889
2558	3895
2558	3901
2557	3907
2556	3912
2555	3916
2551	3919
2543	3919
2535	3917
2528	3918
2527	3922
2536	3936
2544	3949
2546	3957
2546	3963
2543	3966
2541	3970
2538	3974
2536	3978
2533	3982
2532	3986
2530	3991
2527	3995
2527	4000
2526	4005
2524	4009
2521	4013
2518	4017
2516	4021
2515	4026
2513	4031
2513	4036
2510	4040
2508	4044
2506	4049
2503	4053
2502	4058
2500	4062
2497	4065
2494	4069
2491	4073
2490	4077
2487	4081
2485	4085
2482	4090
2481	4094
2479	4099
2477	4103
2474	4107
2472	4112
2471	4117
2470	4122
2467	4126
2465	4130
2464	4135
2461	4139
2458	4142
2456	4146
2452	4150
2451	4154
2451	4161
2448	4165
2446	4169
2443	4173
2441	4178
2440	4183
2439	4189
2438	4194
2436	4199
2434	4203
2432	4207
2428	4211
2426	4215
2424	4220
2423	4225
2422	4231
2424	4239
2141	3961
2138	3964
2131	3963
2121	3958
2125	3969
2128	3977
2128	3984
2123	3984
2391	4287
2376	4277
2373	4281
2370	4285
2368	4289
2365	4292
2361	4296
2358	4299
2355	4302
2352	4306
2348	4309
2346	4313
2342	4316
2339	4320
2337	4324
2334	4328
2332	4332
2329	4336
2326	4339
2323	4343
2321	4348
2318	4352
2316	4357
2313	4361
2311	4365
2308	4369
2306	4373
2303	4377
2300	4381
2298	4386
2296	4391
2293	4394
2290	4399
2288	4403
2285	4407
2282	4411
2278	4413
2275	4417
2273	4421
2271	4427
2269	4431
2267	4436
2264	4441
2262	4445
2260	4450
2257	4454
2253	4457
2251	4462
2249	4466
2247	4471
2244	4475
2240	4478
2238	4482
2235	4486
2230	4488
2227	4492
2225	4497
2222	4500
2219	4505
2216	4509
2213	4513
2213	4519
2211	4525
2209	4530
2205	4533
2201	4536
2198	4539
2194	4542
2190	4545
2187	4549
2183	4552
2180	4555
2177	4558
2174	4563
2171	4567
2168	4570
2166	4575
2163	4579
2159	4582
2155	4585
2152	4589
2149	4593
2145	4595
2141	4598
2138	4602
2135	4606
2133	4611
2129	4614
2125	4617
2122	4620
2118	4624
2116	4628
2112	4632
2109	4636
2105	4638
2102	4642
2099	4646
2096	4649
2093	4654
2090	4657
2086	4661
2083	4665
2079	4668
2076	4671
2072	4675
2070	4679
2067	4684
2064	4688
2061	4692
2057	4695
2054	4699
2051	4702
2048	4707
2045	4711
2040	4713
2037	4717
2034	4720
2031	4725
2028	4729
2025	4733
2021	4736
2019	4741
2015	4745
2013	4749
2009	4752
2005	4755
2002	4759
1999	4764
1996	4768
1992	4771
1989	4775
1985	4778
1982	4782
1979	4787
1977	4792
1975	4798
1972	4803
1969	4806
1965	4810
1962	4813
1959	4817
1956	4822
1951	4824
1947	4827
1944	4831
1941	4835
1938	4840
1934	4843
1930	4846
1927	4850
1924	4855
1920	4857
1917	4861
1913	4865
1911	4870
1908	4875
1904	4878
1900	4880
1896	4884
1893	4888
1891	4893
1888	4898
1885	4903
1883	4909
1879	4912
1877	4918
1874	4923
1871	4927
1867	4931
1862	4932
1857	4933
1854	4937
1851	4943
1847	4945
1843	4948
1839	4952
1836	4956
1833	4961
1830	4965
1825	4967
1821	4970
1818	4974
1815	4979
1811	4982
1808	4986
1804	4990
1801	4994
1797	4997
1793	5001
1790	5005
1786	5008
1781	5010
1777	5013
1773	5016
1769	5018
1764	5020
1759	5021
1754	5022
1749	5024
1745	5027
1742	5032
1737	5033
1732	5035
1729	5039
1725	5043
1721	5046
1717	5049
1714	5053
1710	5057
1706	5059
1701	5061
1697	5063
1692	5066
1688	5068
1684	5070
1680	5074
1675	5076
1671	5079
1667	5082
1663	5084
1659	5088
1655	5092
1651	5094
1647	5097
1642	5098
1637	5100
1632	5102
1628	5104
1624	5107
1619	5109
1615	5113
1610	5113
1606	5116
1602	5119
1597	5121
1593	5123
1588	5125
1583	5126
1579	5129
1577	5136
1573	5139
1568	5141
1563	5143
1559	5146
1555	5149
1552	5153
1549	5159
1545	5162
1540	5165
1537	5169
1532	5170
1527	5172
1523	5176
1520	5181
1519	5190
1515	5194
1511	5197
1508	5202
1504	5206
1500	5209
1495	5211
1491	5214
1487	5216
1482	5219
1479	5224
1475	5227
1470	5230
1466	5233
1462	5237
1460	5243
1456	5247
1452	5252
1448	5254
1443	5257
1439	5259
1435	5264
1432	5269
1428	5274
1424	5276
1419	5279
1415	5282
1411	5284
1406	5287
1402	5290
1398	5294
1394	5297
1389	5299
1385	5302
1381	5305
1376	5306
1371	5308
1366	5310
1362	5314
1358	5317
1353	5318
1348	5319
1343	5321
1339	5324
1334	5327
1330	5329
1325	5330
1319	5330
1315	5332
1309	5333
1304	5334
1300	5337
1295	5339
1290	5340
1285	5340
1280	5342
1275	5343
1269	5342
1264	5343
1260	5345
1255	5347
1250	5349
1246	5353
1242	5357
1238	5360
1233	5363
1229	5365
1224	5367
1220	5371
1215	5372
1211	5375
1206	5378
1202	5381
1198	5385
1193	5387
1189	5391
1185	5395
1181	5398
1177	5403
1173	5409
1169	5412
1164	5413
1159	5415
1155	5418
1151	5422
1146	5425
1141	5427
1137	5429
1132	5431
1128	5434
1123	5437
1118	5439
1114	5442
1109	5443
1104	5445
1099	5446
1094	5448
1089	5449
1085	5452
1080	5455
1075	5457
1070	5458
1066	5461
1060	5460
1056	5464
1051	5467
1047	5470
1042	5473
1037	5474
1033	5477
1028	5479
1023	5480
1018	5482
1013	5482
1008	5485
1003	5486
998	5487
993	5489
988	5490
984	5493
979	5495
974	5495
968	5496
963	5497
959	5499
953	5500
948	5499
943	5500
938	5503
933	5505
928	5506
923	5506
918	5507
913	5508
908	5509
903	5512
899	5515
894	5518
890	5522
885	5524
880	5526
875	5528
870	5530
866	5532
861	5534
856	5536
851	5538
846	5541
841	5541
836	5542
831	5545
827	5548
822	5550
817	5551
812	5552
807	5554
802	5556
797	5558
792	5558
786	5558
781	5559
776	5560
771	5562
766	5563
762	5565
757	5568
752	5570
747	5573
743	5576
738	5579
733	5582
728	5584
723	5586
718	5587
713	5589
709	5592
704	5595
699	5596
694	5597
689	5600
684	5601
679	5602
674	5603
669	5604
664	5606
659	5609
654	5611
649	5613
644	5614
639	5616
634	5618
629	5619
624	5620
619	5624
614	5627
609	5630
604	5630
599	5630
593	5630
588	5632
583	5633
578	5635
573	5635
568	5636
563	5638
558	5639
553	5639
548	5641
542	5642
537	5643
532	5644
527	5646
522	5648
517	5649
512	5650
507	5650
502	5652
497	5655
492	5658
487	5661
482	5663
476	5661
471	5660
466	5664
461	5665
455	5663
450	5663
445	5664
440	5663
434	5663
429	5664
424	5665
419	5667
414	5669
409	5669
404	5672
398	5672
393	5669
387	5667
382	5666
376	5666
371	5666
366	5668
361	5671
356	5670
351	5670
345	5669
340	5670
335	5671
330	5673
325	5676
320	5677
314	5674
309	5675
304	5676
299	5678
293	5678
288	5680
283	5679
278	5679
272	5679
267	5678
262	5679
257	5680
251	5680
246	5681
241	5684
181	5009
176	5008
172	5010
168	5009
163	5005
159	5002
154	5002
150	5002
145	5002
141	4996
136	4987
131	4985
127	4983
122	4976
118	4976
114	4979
110	4984
105	4984
101	4987
97	4994
93	4999
89	5000
84	5000
80	4999
76	5001
72	5004
67	5006
63	5006
59	5006
75	5732
70	5734
64	5734
59	5735
54	5736
49	5741
43	5744
38	5744
33	5744
28	5745
22	5746
17	5747
12	5749
6	5752
1	5756
-4	5759
-9	5762
-15	5759
-20	5757
-26	5754
-31	5752
-36	5752
-41	5752
-47	5751
-52	5748
-57	5746
-63	5744
-68	5742
-73	5740
-79	5741
-84	5742
-89	5744
-95	5748
-100	5750
-105	5750
-111	5751
-116	5753
-121	5757
-127	5760
-132	5762
-137	5763
-143	5763
-148	5764
-153	5762
-159	5762
-164	5762
-169	5761
-175	5760
-180	5759
-185	5759
-191	5760
-196	5761
-202	5763
-207	5764
-212	5764
-218	5763
-223	5762
-228	5763
-234	5766
-239	5770
-245	5772
-250	5775
-256	5775
-261	5768
-266	5762
-271	5760
-276	5760
-282	5762
-287	5763
-292	5763
-298	5761
-303	5760
-308	5761
-314	5761
-319	5761
-324	5761
-330	5761
-335	5761
-340	5761
-346	5760
-351	5759
-356	5758
-362	5756
-367	5755
-372	5755
-377	5754
-383	5754
-388	5753
-394	5756
-399	5756
-404	5756
-410	5755
-415	5752
-420	5751
-425	5750
-431	5750
-436	5750
-442	5751
-447	5749
-452	5748
-457	5749
-463	5752
-469	5753
-474	5752
-479	5750
-484	5748
-489	5745
-494	5743
-500	5743
-505	5742
-510	5743
-516	5742
-521	5741
-526	5740
-531	5738
-537	5736
-542	5735
-547	5735
-553	5735
-558	5734
-563	5734
-568	5728
-573	5723
-578	5722
-583	5720
-588	5718
-594	5719
-599	5718
-604	5717
-609	5713
-614	5712
-620	5713
-625	5712
-630	5712
-635	5711
-641	5710
-646	5707
-651	5706
-656	5705
-661	5703
-666	5701
-671	5699
-677	5700
-682	5700
-688	5700
-693	5699
-698	5695
-703	5694
-708	5696
-713	5694
-718	5691
-723	5687
-728	5685
-733	5685
-739	5683
-743	5680
-748	5678
-754	5679
-759	5679
-765	5679
-770	5678
-775	5676
-780	5673
-785	5672
-791	5673
-797	5676
-802	5676
-807	5673
-811	5669
-816	5667
-822	5666
-827	5665
-832	5665
-838	5664
-843	5662
-848	5661
-853	5660
-858	5658
-863	5657
-868	5655
-873	5652
-878	5649
-883	5646
-888	5644
-893	5643
-898	5642
-903	5641
-908	5638
-913	5635
-918	5633
-923	5633
-929	5634
-934	5635
-941	5639
-946	5639
-951	5637
-955	5632
-959	5626
-964	5621
-969	5618
-974	5618
-980	5619
-985	5621
-990	5619
-995	5614
-1000	5612
-1005	5610
-1010	5611
-1016	5613
-1021	5612
-1027	5612
-1032	5611
-1037	5611
-1043	5613
-1049	5613
-1053	5609
-1058	5607
-1063	5606
-1069	5604
-1074	5604
-1079	5604
-1084	5601
-1089	5599
-1095	5600
-1100	5599
-1105	5599
-1111	5598
-1116	5596
-1121	5595
-1126	5593
-1131	5593
-1137	5593
-1142	5593
-1147	5592
-1152	5590
-1158	5590
-1163	5587
-1168	5585
-1172	5582
-1177	5578
-1182	5578
-1187	5576
-1192	5574
-1197	5572
-1202	5572
-1208	5572
-1213	5571
-1218	5568
-1223	5566
-1227	5562
-1232	5560
-1236	5557
-1241	5552
-1244	5545
-1248	5540
-1253	5539
-1258	5536
-1263	5534
-1267	5531
-1272	5528
-1277	5525
-1281	5523
-1286	5521
-1292	5521
-1297	5519
-1301	5515
-1306	5513
-1310	5510
-1314	5504
-1318	5500
-1323	5498
-1329	5498
-1334	5499
-1339	5496
-1344	5495
-1349	5493
-1353	5490
-1358	5488
-1363	5485
-1368	5483
-1373	5482
-1378	5479
-1383	5478
-1388	5476
-1392	5473
-1397	5470
-1401	5467
-1406	5464
-1411	5462
-1416	5460
-1420	5457
-1424	5453
-1429	5451
-1435	5451
-1440	5451
-1445	5448
-1450	5448
-1455	5447
-1460	5445
-1465	5443
-1470	5443
-1476	5442
-1481	5440
-1486	5438
-1490	5436
-1496	5436
-1502	5438
-1508	5438
-1513	5435
-1517	5432
-1522	5431
-1526	5427
-1530	5423
-1536	5423
-1541	5420
-1544	5414
-1548	5409
-1552	5407
-1557	5406
-1563	5406
-1567	5402
-1571	5397
-1575	5394
-1580	5392
-1584	5387
-1588	5383
-1592	5379
-1596	5376
-1601	5375
-1605	5371
-1609	5367
-1614	5365
-1620	5364
-1624	5361
-1628	5356
-1631	5350
-1635	5346
-1639	5342
-1643	5339
-1648	5337
-1653	5336
-1658	5334
-1662	5331
-1665	5325
-1669	5321
-1673	5316
-1677	5313
-1682	5311
-1687	5309
-1692	5308
-1697	5306
-1701	5303
-1705	5300
-1709	5296
-1713	5292
-1718	5290
-1722	5287
-1726	5283
-1730	5280
-1735	5277
-1738	5273
-1743	5270
-1748	5269
-1752	5266
-1757	5264
-1761	5261
-1766	5258
-1771	5256
-1776	5255
-1780	5252
-1783	5247
-1788	5245
-1793	5242
-1797	5240
-1802	5237
-1806	5234
-1810	5230
-1815	5229
-1819	5226
-1824	5224
-1829	5221
-1833	5219
-1837	5216
-1841	5213
-1845	5208
-1848	5203
-1853	5201
-1858	5199
-1861	5195
-1865	5191
-1870	5188
-1874	5185
-1878	5182
-1883	5180
-1888	5179
-1892	5176
-1896	5172
-1900	5169
-1904	5165
-1907	5160
-1911	5156
-1915	5152
-1918	5148
-1923	5145
-1927	5143
-1931	5140
-1936	5137
-1940	5135
-1945	5132
-1950	5131
-1955	5130
-1960	5128
-1964	5124
-1968	5122
-1973	5120
-1975	5113
-1979	5109
-1982	5105
-1986	5100
-1989	5095
-1992	5091
-1996	5088
-2000	5083
-2003	5079
-2007	5075
-2012	5073
-2018	5073
-2022	5071
-2026	5068
-2030	5064
-2034	5060
-2039	5059
-2044	5058
-2048	5055
-2052	5051
-2056	5047
-2060	5044
-2065	5042
-2069	5040
-2072	5035
-2076	5032
-2081	5029
-2085	5026
-2089	5024
-2092	5019
-2094	5012
-2098	5008
-2101	5004
-2104	4998
-2107	4994
-2111	4991
-2114	4986
-2117	4982
-2121	4978
-2125	4975
-2129	4971
-2132	4968
-2136	4964
-2140	4961
-2145	4959
-2147	4953
-2151	4950
-2155	4946
-2159	4943
-2162	4939
-2166	4936
-2170	4932
-2174	4929
-2178	4926
-2181	4921
-2184	4917
-2188	4914
-2192	4911
-2197	4908
-2201	4906
-2204	4902
-2209	4899
-2212	4895
-2216	4892
-2219	4887
-2221	4881
-2225	4878
-2229	4875
-2234	4873
-2238	4870
-2241	4865
-2244	4862
-2248	4859
-2253	4856
-2255	4851
-2260	4849
-2263	4844
-2266	4840
-2270	4837
-2274	4834
-2278	4831
-2282	4828
-2286	4825
-2290	4822
-2295	4820
-2300	4818
-2304	4815
-2309	4813
-2313	4811
-2319	4809
-2323	4806
-2323	4798
-2324	4792
-2328	4789
-2332	4786
-2335	4781
-2339	4777
-2343	4774
-2346	4771
-2349	4766
-2351	4760
-2354	4756
-2356	4751
-2360	4748
-2365	4745
-2368	4742
-2372	4738
-2375	4734
-2379	4731
-2382	4727
-2385	4722
-2387	4716
-2391	4714
-2393	4708
-2394	4702
-2397	4697
-2401	4694
-2406	4692
-2410	4689
-2413	4685
-2414	4678
-2416	4672
-2418	4668
-2421	4663
-2424	4659
-2428	4655
-2431	4652
-2434	4647
-2437	4644
-2442	4641
-2447	4640
-2451	4637
-2454	4633
-2457	4629
-2462	4626
-2466	4623
-2469	4619
-2471	4614
-2474	4610
-2478	4607
-2481	4603
-2483	4598
-2487	4595
-2492	4593
-2496	4590
-2500	4587
-2503	4583
-2506	4578
-2509	4574
-2511	4570
-2514	4566
-2519	4564
-2523	4561
-2527	4557
-2531	4554
-2533	4550
-2536	4545
-2537	4539
-2539	4534
-2541	4528
-2543	4524
-2546	4519
-2547	4513
-2550	4508
-2554	4506
-2558	4503
-2559	4497
-2562	4492
-2566	4490
-2570	4487
-2573	4483
-2576	4479
-2579	4475
-2582	4471
-2585	4466
-2589	4464
-2593	4461
-2594	4455
-2597	4450
-2599	4446
-2602	4441
-2605	4437
-2608	4434
-2611	4430
-2615	4427
-2619	4424
-2622	4420
-2626	4417
-2628	4412
-2629	4406
-2631	4401
-2634	4397
-2636	4393
-2639	4388
-2641	4384
-2644	4380
-2648	4377
-2651	4372
-2653	4368
-2656	4363
-2658	4358
-2660	4353
-2662	4349
-2665	4345
-2668	4341
-2670	4336
-2673	4332
-2676	4329
-2681	4326
-2683	4321
-2687	4319
-2692	4316
-2694	4312
-2697	4308
-2701	4305
-2704	4301
-2706	4296
-2708	4292
-2709	4286
-2710	4280
-2713	4276
-2717	4273
-2721	4270
-2724	4266
-2727	4263
-2730	4259
-2733	4255
-2735	4250
-2737	4246
-2741	4242
-2744	4239
-2747	4235
-2749	4230
-2751	4225
-2754	4221
-2758	4219
-2761	4215
-2761	4208
-2762	4202
-2761	4195
-2763	4190
-2766	4186
-2767	4181
-2770	4177
-2772	4173
-2776	4169
-2779	4166
-2782	4162
-2784	4157
-2786	4153
-2788	4148
-2790	4143
-2792	4138
-2795	4135
-2797	4130
-2800	4126
-2802	4122
-2805	4118
-2806	4113
-2808	4108
-2810	4104
-2812	4099
-2813	4093
-2815	4088
-2818	4085
-2821	4081
-2823	4076
-2825	4072
-2824	4065
-2825	4059
-2828	4056
-2829	4050
-2831	4046
-2835	4043
-2840	4041
-2843	4037
-2844	4031
-2844	4026
-2844	4020
-2845	4014
-2846	4009
-2847	4004
-2848	3998
-2850	3994
-2850	3988
-2852	3983
-2853	3978
-2854	3972
-2853	3965
-2854	3960
-2854	3954
-2856	3950
-2859	3946
-2859	3940
-2854	3930
-2855	3925
-2860	3922
-2862	3918
-2862	3912
-2865	3909
-2869	3906
-2870	3901
-2872	3897
-2874	3892
-2877	3889
-2879	3884
-2881	3879
-2884	3876
-2883	3870
-2884	3865
-2886	3860
-2889	3856
-2891	3852
-2893	3847
-2892	3841
-2893	3836
-2893	3830
-2894	3825
-2896	3821
-2898	3816
-2900	3812
-2901	3807
-2901	3801
-2904	3798
-2907	3795
-2909	3790
-2909	3784
-2909	3779
-2912	3775
-2913	3770
-2915	3766
-2918	3762
-2920	3758
-2922	3753
-2922	3748
-2924	3743
-2926	3740
-2928	3735
-2928	3730
-2930	3725
-2930	3719
-2932	3715
-2934	3711
-2936	3707
-2938	3703
-2939	3698
-2941	3693
-2940	3687
-2943	3684
-2949	3683
-2951	3678
-2950	3672
-2952	3668
-2952	3662
-2953	3658
-2957	3655
-2959	3651
-2962	3647
-2966	3644
-2969	3640
-2969	3635
-2969	3629
-2972	3626
-2972	3621
-2974	3616
-2975	3611
-2976	3606
-2976	3601
-2976	3596
-2977	3591
-2979	3587
-2981	3583
-2983	3579
-2985	3574
-2984	3568
-2985	3564
-2987	3560
-2988	3555
-2989	3550
-2987	3543
-2981	3535
-2978	3527
-2980	3523
-2982	3519
-2982	3513
-2984	3510
-2988	3507
-2991	3504
-2993	3499
-2994	3494
-2991	3487
-2992	3482
-2995	3479
-2997	3475
-2999	3472
-3000	3467
-3000	3461
-2998	3455
-2997	3449
-2999	3445
-3001	3441
-3002	3436
-3001	3430
-3003	3427
-3004	3422
-3005	3417
-3006	3413
-3006	3408
-3004	3401
-3005	3396
-3008	3393
-3008	3388
-3007	3382
-3007	3378
-3010	3374
-3013	3370
-3014	3366
-3015	3362
-3017	3358
-3018	3353
-3018	3348
-3018	3343
-3017	3337
-3019	3333
-3020	3329
-3021	3324
-3022	3319
-3021	3314
-3022	3309
-3023	3305
-3024	3301
-3027	3297
-3028	3293
-3029	3288
-3027	3282
-3028	3278
-3028	3273
-3028	3268
-3029	3263
-3029	3258
-3029	3253
-3028	3248
-3030	3244
-3029	3238
-3029	3234
-3031	3230
-3031	3224
-3030	3219
-3030	3214
-3028	3208
-3027	3203
-3028	3199
-3030	3195
-3031	3190
-3030	3185
-3031	3180
-3031	3176
-3030	3170
-3029	3165
-3029	3160
-3029	3155
-3028	3150
-3029	3146
-3031	3142
-3030	3137
-3028	3131
-3028	3126
-3028	3121
-3030	3118
-3030	3112
-3030	3108
-3030	3103
-3030	3098
-3031	3094
-3030	3089
-3031	3084
-3033	3080
-3032	3075
-3033	3071
-3031	3065
-3031	3061
-3032	3056
-3032	3052
-3032	3047
-3032	3043
-3032	3038
-3033	3034
-3035	3030
-3033	3024
-3031	3019
-3031	3014
-3031	3009
-3033	3005
-3034	3001
-3032	2996
-3032	2991
-3034	2987
-3036	2984
-3036	2979
-3036	2975
-3037	2970
-3037	2966
-3037	2961
-3038	2957
-3036	2952
-3037	2947
-3038	2943
-3039	2939
-3038	2934
-3036	2929
-3037	2924
-3034	2919
-3033	2914
-3034	2909
-3035	2905
-3036	2901
-3036	2896
-3035	2892
-3035	2887
-3034	2882
-3033	2877
-3033	2873
-3034	2869
-3035	2865
-3029	2858
-3028	2853
-3029	2849
-3029	2844
-3029	2840
-3029	2835
-3028	2831
-3028	2826
-3029	2822
-3028	2817
-3028	2813
-3028	2808
-3029	2804
-3028	2800
-3028	2795
-3024	2789
-3023	2784
-3024	2780
-3023	2776
-3021	2770
-3022	2766
-3023	2762
-3024	2758
-3024	2754
-3022	2749
-3021	2744
-3021	2740
-3021	2735
-3020	2731
-3018	2726
-3017	2721
-3015	2716
-3015	2712
-3017	2708
-3017	2704
-3016	2699
-3013	2694
-3014	2690
-3012	2685
-3009	2679
-3008	2675
-3008	2671
-3008	2666
-3009	2662
-3010	2658
-3011	2654
-3004	2648
-3002	2643
-2999	2638
-3001	2634
-3005	2631
-3005	2627
-3004	2622
-3002	2618
-3000	2613
-2996	2607
-2995	2602
-2993	2598
-2991	2593
-2989	2588
-2988	2584
-2988	2579
-2988	2575
-2988	2571
-2987	2567
-2987	2562
-2982	2557
-2983	2553
-2982	2548
-2981	2544
-2982	2540
-2983	2536
-2982	2532
-2982	2528
-2983	2524
-2984	2520
-2983	2516
-2980	2511
-2980	2507
-2980	2503
-2981	2498
-2978	2494
-2977	2489
-2976	2485
-2975	2481
-2975	2476
-2976	2473
-2974	2468
-2972	2463
-2972	2459
-2971	2455
-2971	2451
-2971	2447
-2970	2442
-2969	2438
-2967	2434
-2966	2429
-2965	2425
-2966	2421
-2966	2417
-2965	2413
-2965	2409
-2961	2404
-2961	2400
-2959	2395
-2956	2391
-2953	2386
-2959	2383
-2957	2379
-2956	2374
-2957	2371
-2956	2366
-2954	2362
-2952	2358
-2949	2353
-2947	2349
-2949	2345
-2951	2341
-2951	2337
-2948	2333
-2946	2328
-2947	2325
-2952	2322
-2954	2318
-2955	2315
-2953	2310
-2950	2306
-2946	2301
-2945	2297
-2945	2293
-2945	2289
-2945	2285
-2947	2281
-2945	2277
-2942	2273
-2942	2269
-2942	2265
-2941	2260
-2938	2256
-2937	2252
-2932	2247
-2924	2242
-2923	2237
-2926	2234
-2929	2231
-2929	2227
-2929	2223
-2929	2219
-2927	2215
-2926	2211
-2924	2207
-2923	2203
-2923	2199
-2923	2195
-2919	2190
-2915	2186
-2914	2182
-2913	2178
-2913	2174
-2913	2170
-2914	2166
-2915	2163
-2912	2158
-2907	2154
-2905	2150
-2905	2146
-2903	2142
-2903	2138
-2903	2134
-2901	2130
-2901	2126
-2900	2122
-2900	2118
-2898	2114
-2897	2110
-2894	2106
-2894	2102
-2895	2099
-2894	2095
-2894	2091
-2891	2087
-2887	2082
-2885	2078
-2886	2075
-2887	2071
-2888	2067
-2887	2064
-2885	2060
-2884	2056
-2884	2052
-2881	2048
-2879	2044
-2877	2040
-2876	2036
-2875	2032
-2874	2028
-2871	2024
-2872	2020
-2873	2017
-2873	2013
-2874	2010
-2870	2005
-2866	2001
-2862	1997
-2860	1993
-2860	1989
-2860	1986
-2860	1982
-2860	1978
-2860	1975
-2858	1971
-2853	1967
-2852	1963
-2849	1959
-2848	1955
-2849	1951
-2847	1948
-2846	1944
-2845	1940
-2843	1936
-2840	1932
-2840	1929
-2840	1925
-2840	1921
-2840	1918
-2839	1914
-2838	1910
-2837	1906
-2835	1903
-2834	1899
-2832	1895
-2833	1891
-2833	1888
-2833	1884
-2829	1880
-2826	1876
-2826	1873
-2824	1869
-2824	1865
-2825	1862
-2825	1858
-2821	1854
-2819	1851
-2819	1847
-2818	1843
-2817	1840
-2816	1836
-2815	1832
-2815	1829
-2816	1825
-2813	1821
-2813	1818
-2812	1814
-2807	1810
-2805	1807
-2807	1803
-2809	1800
-2808	1796
-2805	1792
-2804	1789
-2804	1785
-2804	1781
-2803	1778
-2801	1774
-2799	1771
-2800	1767
-2795	1763
-2791	1760
-2791	1756
-2791	1752
-2794	1749
-2793	1745
-2791	1742
-2791	1738
-2792	1735
-2793	1731
-2794	1727
-2794	1724
-2793	1720
-2793	1717
-2793	1713
-2794	1710
-2793	1706
-2792	1702
-2792	1699
-2792	1695
-2791	1692
-2790	1688
-2788	1685
-2783	1681
-2782	1677
-2782	1674
-2780	1670
-2778	1667
-2777	1663
-2777	1660
-2778	1656
-2776	1653
-2775	1649
-2775	1646
-2773	1642
-2771	1639
-2769	1635
-2769	1632
-2766	1628
-2765	1625
-2762	1621
-2762	1618
-2761	1614
-2760	1610
-2758	1607
-2756	1604
-2756	1600
-2756	1597
-2755	1593
-2752	1590
-2751	1586
-2750	1583
-2749	1579
-2747	1576
-2747	1572
-2748	1569
-2746	1565
-2745	1562
-2744	1558
-2742	1555
-2739	1551
-2737	1548
-2735	1545
-2734	1541
-2733	1538
-2733	1534
-2730	1531
-2728	1528
-2727	1524
-2727	1521
-2726	1517
-2725	1514
-2724	1510
-2723	1507
-2722	1503
-2720	1500
-2719	1497
-2718	1493
-2716	1490
-2716	1486
-2713	1483
-2712	1480
-2713	1476
-2714	1473
-2713	1469
-2714	1466
-2713	1462
-2711	1459
-2710	1455
-2710	1452
-2709	1449
-2708	1445
-2708	1442
-2708	1438
-2707	1435
-2706	1431
-2706	1428
-2705	1425
-2704	1421
-2703	1418
-2702	1414
-2702	1411
-2699	1408
-2697	1404
-2695	1401
-2690	1398
-2691	1395
-2691	1391
-2690	1388
-2688	1385
-2686	1381
-2684	1378
-2683	1375
-2682	1371
-2681	1368
-2680	1365
-2680	1361
-2680	1358
-2679	1354
-2678	1351
-2676	1348
-2677	1344
-2676	1341
-2676	1337
-2674	1334
-2673	1331
-2672	1328
-2669	1324
-2669	1321
-2667	1318
-2666	1314
-2665	1311
-2666	1307
-2664	1304
-2663	1301
-2661	1298
-2661	1294
-2660	1291
-2659	1288
-2657	1284
-2657	1281
-2655	1278
-2654	1275
-2653	1271
-2652	1268
-2651	1265
-2650	1261
-2650	1258
-2650	1254
-2648	1251
-2645	1248
-2646	1245
-2645	1241
-2644	1238
-2642	1235
-2641	1231
-2640	1228
-2638	1225
-2637	1222
-2636	1218
-2635	1215
-2634	1212
-2630	1209
-2628	1206
-2626	1203
-2626	1199
-2628	1196
-2627	1192
-2626	1189
-2626	1186
-2624	1182
-2623	1179
-2622	1176
-2622	1172
-2621	1169
-2622	1166
-2620	1162
-2618	1159
-2616	1156
-2613	1153
-2614	1150
-2614	1146
-2613	1143
-2610	1140
-2609	1137
-2610	1133
-2609	1130
-2608	1126
-2608	1123
-2607	1120
-2605	1117
-2604	1113
-2604	1110
-2603	1107
-2603	1103
-2602	1100
-2599	1097
-2598	1094
-2597	1091
-2595	1088
-2594	1084
-2593	1081
-2588	1079
-2586	1076
-2584	1073
-2585	1069
-2585	1066
-2584	1062
-2584	1059
-2583	1055
-2581	1052
-2580	1049
-2578	1046
-2578	1043
-2576	1040
-2575	1036
-2574	1033
-2572	1030
-2570	1027
-2567	1025
-2566	1021
-2565	1018
-2567	1014
-2566	1011
-2566	1007
-2565	1004
-2563	1001
-2561	998
-2560	995
-2560	991
-2557	989
-2556	985
-2553	983
-2552	980
-2550	977
-2549	973
-2548	970
-2547	967
-2547	963
-2546	960
-2545	957
-2542	954
-2540	951
-2540	948
-2539	944
-2539	941
-2539	937
-2538	934
-2535	932
-2533	929
-2532	925
-2531	922
-2529	919
-2528	916
-2527	913
-2527	909
-2526	906
-2524	903
-2522	900
-2521	897
-2521	893
-2520	890
-2518	887
-2516	884
-2513	882
-2510	879
-2508	876
-2509	872
-2509	869
-2508	866
-2507	863
-2506	859
-2506	856
-2505	853
-2502	850
-2502	846
-2502	843
-2501	840
-2500	836
-2500	833
-2499	830
-2498	826
-2495	824
-2494	820
-2492	818
-2491	814
-2490	811
-2490	808
-2490	804
-2489	801
-2488	798
-2487	794
-2486	791
-2486	788
-2483	785
-2482	782
-2480	779
-2478	776
-2476	773
-2474	770
-2474	767
-2471	764
-2470	761
-2469	758
-2467	755
-2467	752
-2465	748
-2464	745
-2461	743
-2461	739
-2458	737
-2457	733
-2457	730
-2456	727
-2454	724
-2454	720
-2453	717
-2452	714
-2448	712
-2447	708
-2446	705
-2445	702
-2444	699
-2442	696
-2442	692
-2442	689
-2443	685
-2440	682
-2439	679
-2437	676
-2435	673
-2433	670
-2435	666
-2432	663
-2431	660
-2429	658
-2427	654
-2426	651
-2426	648
-2427	644
-2427	640
-2424	637
-2423	634
-2419	632
-2417	629
-2417	626
-2417	622
-2415	619
-2415	616
-2412	613
-2412	610
-2412	606
-2411	603
-2408	600
-2407	597
-2405	594
-2403	591
-2402	588
-2402	584
-2402	581
-2400	578
-2400	574
-2400	570
-2398	568
-2396	565
-2393	563
-2391	559
-2390	556
-2388	553
-2388	550
-2386	547
-2384	544
-2383	541
-2384	537
-2383	533
-2381	531
-2378	528
-2377	525
-2377	521
-2378	517
-2378	513
-2374	511
-2372	509
-2369	506
-2364	505
-2362	502
-2366	496
-2368	491
-2367	488
-2365	485
-2364	482
-2365	478
-2363	475
-2363	471
-2360	469
-2358	466
-2358	462
-2357	459
-2357	455
-2354	453
-2350	451
-2347	449
-2346	445
-2346	442
-2346	438
-2344	435
-2341	432
-2339	430
-2336	427
-2335	424
-2333	422
-2332	418
-2332	414
-2331	411
-2327	409
-2326	406
-2326	402
-2325	399
-2324	395
-2324	391
-2322	389
-2320	386
-2318	383
-2317	380
-2317	376
-2316	373
-2314	370
-2312	367
-2311	363
-2310	360
-2310	356
-2308	354
-2306	351
-2303	348
-2302	345
-2301	342
-2300	338
-2298	335
-2298	331
-2296	329
-2294	326
-2293	323
-2292	319
-2290	316
-2289	313
-2287	310
-2285	307
-2285	303
-2284	300
-2283	297
-2282	293
-2281	290
-2280	286
-2277	284
-2275	281
-2274	278
-2275	273
-2273	270
-2271	267
-2268	265
-2267	262
-2266	258
-2264	256
-2263	252
-2262	249
-2261	245
-2259	242
-2258	239
-2256	237
-2255	233
-2254	229
-2253	226
-2251	223
-2249	220
-2247	217
-2246	214
-2247	209
-2246	206
-2246	202
-2244	198
-2243	195
-2241	192
-2239	189
-2237	186
-2235	184
-2235	180
-2234	176
-2233	173
-2231	170
-2229	167
-2228	164
-2226	161
-2224	157
-2222	155
-2221	151
-2218	149
-2216	147
-2212	145
-2210	142
-2209	139
-2207	136
-2205	133
-2203	130
-2204	125
-2203	122
-2198	121
-2196	118
-2195	115
-2194	111
-2193	107
-2193	103
-2191	100
-2191	96
-2189	93
-2188	89
-2187	86
-2184	84
-2180	82
-2177	81
-2173	79
-2168	79
-2166	76
-2162	74
-2158	73
-2155	71
-2152	69
-2149	67
-2146	65
-2144	62
-2141	60
-2138	58
-2136	55
-2135	51
-2135	47
-2134	44
-2132	41
-2134	35
-2133	31
-2131	28
-2129	25
-2128	22
-2127	18
-2125	15
-2125	11
-2122	8
-2119	6
-2119	2
-2119	-2
-2118	-6
-2115	-8
-2115	-12
-2115	-17
-2113	-20
-2111	-23
-2110	-27
-2109	-31
-2107	-33
-2107	-37
-2104	-40
-2102	-43
-2101	-47
-2101	-51
-2099	-54
-2098	-58
-2097	-62
-2096	-65
-2097	-70
-2094	-73
-2094	-77
-2091	-80
-2090	-83
-2090	-88
-2089	-92
-2088	-96
-2086	-99
-2085	-102
-2082	-105
-2081	-108
-2078	-111
-2078	-115
-2076	-118
-2074	-121
-2074	-126
-2073	-129
-2070	-132
-2069	-136
-2068	-140
-2068	-145
-2066	-147
-2056	-143
-2042	-135
-2033	-131
-2030	-133
-2026	-134
-2021	-134
-2010	-129
-2000	-124
-1997	-126
-1994	-129
-1992	-131
-1990	-134
-1989	-138
-1987	-141
-1983	-142
-1978	-142
-1975	-144
-1973	-147
-1971	-150
-1969	-152
-1964	-153
-1953	-146
-1949	-147
-1949	-153
-1946	-154
-1937	-151
-1929	-147
-1922	-145
-1916	-144
-1912	-145
-1910	-147
-1907	-150
-1904	-151
-1895	-147
-1883	-140
-1878	-139
-1873	-140
-1870	-141
-1867	-143
-1865	-146
-1864	-149
-1859	-149
-1855	-149
-1850	-150
-1847	-151
-1842	-151
-1834	-147
-1827	-145
-1820	-143
-1816	-143
-1811	-142
-1806	-142
-1800	-141
-1794	-139
-1787	-137
-1783	-137
-1780	-139
-1777	-141
-1773	-141
-1768	-141
-1765	-141
-1758	-139
-1751	-136
-1747	-136
-1744	-138
-1740	-138
-1736	-139
-1733	-141
-1730	-142
-1726	-143
-1723	-144
-1721	-146
-1719	-149
-1716	-151
-1709	-148
-1703	-146
-1698	-145
-1694	-145
-1689	-145
-1685	-145
-1682	-146
-1680	-149
-1677	-150
-1674	-152
-1664	-146
-1653	-138
-1648	-137
-1645	-138
-1642	-140
-1640	-142
-1639	-145
-1638	-149
-1638	-154
-1635	-155
-1629	-154
-1625	-153
-1621	-154
-1617	-154
-1614	-155
-1609	-155
-1602	-151
-1598	-150
-1594	-151
-1590	-151
-1586	-151
-1584	-153
-1580	-153
-1575	-153
-1573	-155
-1571	-157
-1566	-156
-1561	-155
-1555	-153
-1551	-153
-1549	-155
-1547	-158
-1546	-160
-1542	-162
-1536	-158
-1526	-151
-1522	-150
-1517	-150
-1513	-149
-1511	-152
-1510	-155
-1506	-155
-1502	-155
-1499	-156
-1495	-156
-1492	-157
-1489	-159
-1481	-153
-1472	-146
-1468	-145
-1465	-147
-1462	-148
-1460	-150
-1457	-151
-1453	-151
-1451	-153
-1448	-155
-1446	-157
-1443	-158
-1440	-159
-1442	-166
-1440	-169
-1431	-162
-1420	-151
-1414	-148
-1411	-150
-1409	-153
-1407	-155
-1406	-159
-1406	-163
-1400	-160
-1396	-160
-1393	-161
-1389	-161
-1383	-157
-1377	-154
-1374	-154
-1371	-155
-1367	-155
-1363	-155
-1360	-155
-1357	-156
-1354	-157
-1351	-158
-1348	-159
-1346	-161
-1344	-163
-1343	-167
-1340	-168
-1337	-169
-1333	-168
-1330	-168
-1325	-167
-1321	-166
-1316	-163
-1312	-163
-1309	-164
-1306	-164
-1303	-166
-1301	-168
-1300	-171
-1299	-176
-1299	-180
-1294	-179
-1290	-177
-1286	-176
-1283	-177
-1280	-178
-1276	-177
-1272	-177
-1269	-177
-1266	-178
-1263	-178
-1260	-179
-1255	-177
-1251	-176
-1249	-178
-1246	-179
-1243	-180
-1240	-180
-1235	-178
-1232	-178
-1228	-177
-1225	-177
-1222	-178
-1219	-179
-1215	-178
-1211	-177
-1208	-178
-1205	-179
-1201	-178
-1198	-178
-1195	-178
-1192	-179
-1188	-177
-1183	-175
-1179	-174
-1175	-172
-1171	-171
-1168	-173
-1165	-173
-1163	-174
-1161	-177
-1158	-177
-1155	-178
-1152	-179
-1149	-178
-1145	-178
-1142	-178
-1140	-179
-1136	-179
-1133	-179
-1130	-179
-1126	-179
-1123	-179
-1119	-178
-1116	-178
-1113	-177
-1109	-177
-1106	-177
-1103	-177
-1100	-178
-1096	-177
-1091	-173
-1087	-172
-1085	-174
-1083	-176
-1080	-176
-1077	-176
-1074	-176
-1071	-177
-1068	-177
-1064	-176
-1061	-175
-1057	-175
-1054	-175
-1052	-176
-1048	-175
-1046	-176
-1038	-169
-1035	-167
-1033	-169
-1032	-174
-1027	-170
-1025	-173
-1023	-175
-1021	-177
-1018	-177
-1014	-176
-1011	-176
-1008	-175
-1005	-176
-1002	-175
-999	-176
-997	-178
-995	-181
-993	-182
-990	-182
-987	-182
-983	-180
-979	-179
-977	-181
-976	-184
-972	-183
-968	-180
-963	-176
-959	-174
-954	-171
-949	-166
-943	-159
-939	-157
-935	-155
-933	-157
-930	-158
-928	-159
-924	-157
-922	-158
-918	-156
-913	-152
-907	-144
-901	-138
-897	-137
-894	-136
-878	-108
-875	-106
-872	-106
-868	-105
-866	-106
-863	-106
-860	-105
-857	-104
-855	-105
-852	-106
-850	-107
-847	-107
-845	-108
-843	-110
-841	-111
-781	3
-778	4
-775	5
-772	4
-770	5
-767	6
-764	6
-762	5
-759	5
-757	5
-754	6
-751	5
-749	5
-746	5
-743	6
-741	6
-738	6
-736	6
-733	5
-734	-2
-734	-9
-733	-14
-730	-13
-725	-6
-721	-3
-720	-5
-719	-11
-719	-15
-718	-20
-746	-123
-746	-128
-744	-132
-743	-136
-741	-138
-739	-140
-737	-141
-734	-141
-732	-143
-730	-144
-727	-145
-725	-145
-722	-146
-720	-147
-718	-148
-715	-149
-712	-149
-710	-151
-708	-152
-706	-153
-703	-153
-700	-153
-697	-152
-695	-153
-693	-154
-690	-155
-688	-155
-685	-155
-683	-157
-681	-160
-678	-157
-674	-155
-671	-153
-668	-151
-663	-146
-660	-145
-657	-144
-654	-142
-651	-141
-648	-141
-645	-140
-643	-139
-641	-142
-639	-146
-637	-147
-635	-149
-633	-150
-631	-153
-629	-155
-627	-157
-625	-160
-623	-162
-620	-159
-615	-152
-611	-147
-608	-146
-605	-145
-603	-145
-600	-146
-599	-150
-601	-168
-600	-174
-598	-175
-595	-175
-593	-174
-589	-172
-586	-168
-582	-165
-579	-164
-576	-162
-573	-162
-572	-165
-570	-169
-569	-173
-567	-175
-564	-175
-562	-176
-559	-177
-557	-178
-554	-179
-552	-180
-549	-177
-546	-177
-544	-178
-542	-180
-540	-182
-537	-181
-534	-181
-532	-181
-529	-182
-526	-180
-523	-179
-521	-181
-519	-181
-516	-182
-514	-183
-511	-181
-508	-181
-506	-180
-503	-181
-501	-182
-498	-183
-496	-184
-494	-184
-491	-183
-488	-181
-485	-181
-483	-182
-480	-182
-478	-182
-475	-181
-472	-182
-470	-182
-467	-182
-465	-181
-462	-183
-460	-183
-458	-184
-455	-183
-452	-182
-449	-182
-447	-182
-444	-181
-442	-182
-439	-182
-437	-181
-434	-182
-432	-181
-429	-180
-426	-180
-424	-182
-421	-181
-419	-181
-416	-182
-414	-182
-411	-182
-409	-181
-406	-181
-403	-180
-401	-182
-399	-182
-396	-182
-394	-181
-391	-182
-389	-183
-386	-182
-384	-183
-381	-182
-379	-182
-376	-182
-373	-180
-371	-180
-368	-181
-366	-181
-363	-180
-361	-180
-358	-181
-356	-181
-353	-177
-350	-174
-347	-171
-344	-170
-342	-169
-339	-170
-337	-172
-335	-173
-333	-176
-331	-182
-328	-181
-326	-181
-323	-181
-321	-181
-318	-182
-316	-182
-314	-182
-311	-182
-309	-182
-306	-182
-304	-182
-301	-182
-299	-182
-296	-181
-293	-181
-291	-182
-289	-182
-286	-182
-284	-181
-281	-180
-279	-181
-276	-181
-274	-180
-271	-179
-269	-180
-266	-181
-264	-181
-261	-181
-259	-182
-256	-181
-254	-182
-252	-182
-249	-183
-247	-183
-244	-183
-242	-181
-239	-182
-237	-182
-234	-182
-232	-181
-229	-181
-227	-180
-224	-181
-222	-181
-219	-181
-217	-182
-215	-183
-212	-184
-210	-183
-207	-181
-205	-183
-202	-183
-200	-182
-197	-181
-195	-181
-192	-182
-190	-183
-187	-182
-185	-180
-182	-180
-180	-181
-178	-181
-175	-182
-173	-182
-170	-183
-168	-183
-165	-182
-163	-182
-161	-183
-158	-182
-156	-182
-153	-181
-151	-182
-148	-181
-146	-182
-143	-182
-141	-181
-138	-181
-136	-181
-133	-182
-131	-181
-129	-181
-126	-182
-124	-181
-121	-180
-119	-180
-116	-180
-114	-181
-111	-182
-109	-181
-107	-182
-104	-182
-102	-182
-99	-183
-97	-183
-94	-182
-92	-182
-89	-182
-87	-183
-85	-184
-82	-183
-80	-183
-75	-182
-72	-183
-70	-182
-67	-182
-65	-182
-63	-181
-60	-181
-58	-182
-55	-183
-53	-183
-50	-182
-48	-182
-45	-182
-43	-182
-40	-181
-38	-182
-36	-182
-33	-183
-31	-183
-28	-182
-26	-180
-23	-180
-21	-180
-18	-180
-16	-180
-14	-181
-11	-182
-9	-182
-6	-182
-4	-182
-1	-182
1	-181
4	-181
6	-181
8	-181
11	-181
13	-181
16	-181
18	-183
21	-183
23	-183
26	-181
28	-182
31	-181
33	-180
35	-181
38	-181
40	-182
43	-181
45	-181
48	-180
50	-180
53	-182
55	-184
58	-183
60	-184
63	-183
65	-182
67	-181
70	-181
72	-182
75	-183
77	-182
80	-183
82	-182
85	-182
87	-184
90	-182
92	-181
94	-180
97	-180
99	-180
102	-180
104	-180
107	-180
109	-182
112	-183
114	-183
117	-183
119	-181
121	-181
124	-180
126	-181
129	-182
131	-181
134	-180
136	-180
139	-179
141	-178
143	-176
146	-175
148	-175
150	-174
153	-175
155	-175
158	-176
160	-175
163	-175
165	-175
168	-174
170	-174
173	-174
175	-174
177	-173
180	-175
183	-180
186	-181
188	-181
191	-181
193	-181
196	-181
198	-179
201	-178
203	-179
206	-180
209	-182
211	-182
214	-182
216	-181
218	-181
221	-181
224	-182
226	-181
229	-182
231	-182
234	-182
236	-182
239	-182
241	-182
244	-183
246	-182
249	-183
251	-183
254	-182
256	-182
259	-182
261	-182
264	-182
266	-183
269	-182
272	-183
274	-182
277	-183
279	-184
281	-182
284	-182
287	-182
289	-182
292	-182
294	-181
296	-180
299	-180
301	-180
304	-180
307	-180
309	-182
312	-182
314	-182
317	-181
320	-182
322	-182
325	-182
327	-181
330	-181
332	-181
335	-182
337	-182
340	-183
342	-181
345	-182
348	-183
350	-182
353	-182
355	-182
358	-181
360	-181
363	-184
366	-183
368	-181
371	-182
374	-183
376	-183
379	-182
381	-182
384	-182
386	-180
389	-181
391	-180
394	-180
396	-181
399	-180
401	-180
404	-180
407	-181
409	-180
412	-180
415	-182
417	-182
420	-182
423	-182
426	-183
428	-182
431	-183
433	-183
436	-182
439	-182
441	-182
443	-181
446	-180
448	-180
451	-180
453	-176
454	-173
458	-177
462	-180
464	-180
467	-181
470	-181
472	-180
474	-179
477	-178
479	-177
482	-177
484	-176
487	-175
489	-175
493	-178
496	-180
498	-179
501	-179
504	-180
507	-181
510	-183
513	-183
515	-181
518	-180
520	-180
523	-180
525	-180
528	-179
530	-178
533	-179
536	-181
539	-181
543	-183
544	-179
545	-175
547	-173
550	-172
553	-172
555	-171
558	-172
561	-173
564	-173
566	-171
567	-167
568	-162
569	-156
570	-152
573	-152
576	-153
578	-152
581	-152
584	-153
588	-157
591	-159
594	-160
597	-160
600	-161
601	-156
601	-149
603	-145
605	-143
607	-142
610	-143
615	-148
621	-158
625	-161
627	-160
629	-158
631	-155
633	-152
635	-150
637	-149
639	-148
642	-148
644	-147
647	-146
649	-144
653	-147
656	-148
659	-149
662	-150
666	-151
668	-151
672	-152
674	-152
678	-154
681	-155
682	-151
683	-145
684	-142
686	-140
688	-139
692	-140
694	-139
698	-140
703	-146
707	-149
709	-148
712	-147
715	-147
717	-146
719	-145
722	-144
724	-143
727	-143
729	-142
731	-140
734	-139
737	-139
739	-138
741	-136
743	-133
744	-130
745	-126
746	-122
747	-117
747	-110
747	-105
717	-16
718	-11
719	-8
720	-3
723	-6
729	-13
733	-14
735	-12
734	-4
733	3
734	6
737	5
739	6
742	6
756	1
756	5
758	7
763	2
771	2
774	3
775	5
778	5
783	1
894	-201
853	-114
854	-112
856	-109
858	-108
861	-107
864	-108
867	-107
869	-105
872	-106
876	-107
879	-108
883	-108
887	-111
918	-164
917	-157
919	-155
922	-154
925	-153
927	-152
929	-150
933	-151
936	-151
940	-152
944	-154
949	-158
957	-166
965	-175
971	-181
975	-181
978	-182
981	-180
984	-181
987	-179
990	-179
993	-179
996	-179
997	-176
999	-172
1001	-171
1005	-171
1008	-171
1011	-172
1016	-175
1020	-176
1024	-177
1027	-176
1031	-177
1035	-178
1037	-177
1041	-177
1044	-176
1047	-177
1050	-177
1053	-176
1057	-177
1060	-177
1064	-177
1067	-176
1069	-174
1069	-169
1071	-167
1073	-165
1075	-162
1077	-161
1079	-158
1083	-159
1086	-159
1090	-160
1095	-163
1109	-180
1112	-178
1113	-174
1114	-171
1116	-169
1121	-172
1127	-175
1132	-177
1135	-177
1139	-178
1143	-179
1146	-178
1147	-174
1147	-169
1148	-165
1149	-161
1149	-156
1150	-153
1154	-153
1158	-154
1162	-154
1166	-156
1178	-168
1182	-169
1187	-171
1193	-174
1198	-177
1201	-177
1206	-178
1210	-178
1214	-179
1216	-177
1218	-175
1222	-175
1220	-168
1220	-163
1222	-160
1225	-159
1228	-157
1231	-157
1238	-162
1249	-172
1255	-176
1259	-177
1263	-177
1266	-176
1269	-175
1272	-174
1276	-174
1279	-173
1280	-170
1282	-167
1284	-165
1291	-170
1298	-174
1299	-170
1301	-168
1304	-167
1308	-166
1311	-165
1314	-164
1318	-166
1326	-171
1334	-177
1339	-178
1342	-177
1346	-177
1349	-176
1351	-174
1352	-170
1352	-165
1355	-163
1358	-163
1363	-164
1366	-163
1370	-163
1373	-162
1377	-162
1380	-161
1384	-161
1388	-162
1392	-161
1395	-160
1397	-158
1400	-156
1403	-156
1409	-158
1416	-162
1429	-174
1435	-175
1439	-175
1442	-175
1447	-175
1452	-177
1458	-179
1462	-179
1469	-183
1472	-181
1475	-180
1480	-181
1485	-182
1488	-181
1491	-179
1494	-178
1499	-179
1503	-179
1508	-180
1513	-181
1517	-180
1519	-178
1523	-178
1529	-179
1546	-194
1552	-197
1553	-193
1554	-189
1557	-187
1559	-185
1562	-184
1565	-182
1568	-180
1571	-179
1574	-177
1578	-177
1582	-176
1584	-174
1586	-171
1589	-170
1593	-169
1596	-167
1601	-168
1611	-174
1616	-175
1622	-177
1635	-186
1636	-183
1638	-180
1641	-179
1649	-182
1652	-181
1653	-177
1656	-176
1666	-182
1672	-182
1675	-181
1676	-178
1680	-176
1683	-175
1687	-174
1696	-179
1699	-177
1702	-176
1705	-174
1709	-173
1713	-172
1716	-171
1719	-169
1724	-170
1729	-170
1733	-169
1737	-168
1742	-168
1749	-171
1761	-178
1766	-179
1769	-176
1772	-175
1776	-174
1780	-173
1784	-172
1787	-171
1788	-167
1790	-164
1792	-161
1794	-158
1796	-155
1797	-151
1799	-148
1801	-146
1804	-144
1807	-142
1813	-143
1829	-153
1839	-158
1842	-157
1850	-160
1862	-166
1865	-164
1868	-162
1872	-161
1876	-160
1881	-160
1886	-160
1892	-161
1897	-161
1903	-161
1906	-159
1908	-157
1911	-155
1914	-153
1918	-152
1926	-154
1939	-161
1949	-166
1952	-164
1955	-162
1960	-161
1962	-158
1964	-155
1967	-153
1970	-150
1974	-150
1979	-149
1981	-146
1984	-144
1988	-143
1994	-144
2003	-146
2004	-143
2008	-141
2012	-140
2019	-141
2026	-143
2033	-144
2035	-141
2038	-138
2040	-135
2044	-134
2049	-133
2056	-135
2073	-145
2071	-138
2075	-136
2080	-136
2085	-135
2089	-134
2094	-134
2101	-134
2106	-134
2110	-132
2114	-131
2122	-133
2129	-133
2133	-132
2138	-131
2147	-133
2163	-142
2167	-140
2179	-146
2182	-143
2186	-141
2182	-133
2183	-129
2187	-128
2203	-135
2203	-131
2204	-126
2209	-126
2220	-130
2234	-136
2235	-132
2237	-128
2247	-131
2255	-133
2261	-133
2264	-130
2268	-128
2274	-128
2279	-127
2284	-126
2290	-125
2297	-126
2300	-124
2300	-119
2303	-116
2303	-111
2302	-106
2298	-98
2299	-93
2301	-90
2300	-85
2305	-84
2304	-78
2306	-74
2307	-70
2307	-66
2306	-60
2307	-56
2308	-52
2309	-48
2310	-44
2307	-37
2308	-33
2307	-27
2309	-24
2312	-22
2311	-16
2309	-10
2308	-5
2310	-1
2312	2
2312	6
2312	11
2314	14
2316	18
2315	23
2314	28
2315	32
2315	37
2316	41
2317	45
2319	48
2319	52
2320	56
2320	61
2321	65
2321	69
2320	75
2319	80
2320	84
2319	89
2321	92
2325	94
2327	97
2328	101
2326	107
2326	111
2326	116
2328	119
2331	121
2334	124
2335	128
2334	133
2334	138
2332	143
2333	147
2328	155
2328	159
2333	160
2336	162
2338	166
2339	170
2338	174
2339	178
2341	181
2338	188
2339	191
2340	195
2341	199
2345	201
2349	203
2349	207
2353	209
2359	210
2360	213
2361	217
2365	219
2369	221
2371	224
2372	228
2374	231
2376	234
2376	238
2375	243
2377	246
2377	251
2378	255
2379	258
2380	262
2378	267
2376	273
2377	277
2380	279
2379	284
2378	289
2378	293
2379	297
2380	300
2380	305
2378	310
2379	313
2380	317
2380	321
2381	325
2383	328
2383	332
2382	337
2382	341
2383	345
2383	349
2384	353
2384	357
2383	362
2383	366
2384	369
2385	373
2381	379
2382	383
2382	386
2384	390
2386	393
2390	395
2394	397
2394	401
2396	404
2398	407
2399	411
2399	414
2401	418
2402	421
2403	425
2402	429
2404	432
2405	436
2405	440
2405	444
2405	448
2406	452
2408	455
2408	459
2407	463
2407	467
2408	471
2408	475
2408	479
2410	482
2411	486
2410	490
2412	493
2413	497
2415	500
2415	504
2413	509
2412	513
2414	516
2416	519
2417	522
2418	526
2417	530
2419	533
2419	537
2420	541
2421	544
2421	548
2423	551
2422	555
2422	560
2423	563
2423	567
2425	570
2427	573
2427	577
2427	581
2427	585
2427	588
2428	592
2426	597
2427	600
2427	604
2428	608
2428	612
2429	615
2429	619
2431	622
2432	625
2433	629
2432	633
2434	636
2435	639
2435	643
2436	647
2434	651
2435	655
2435	658
2436	662
2438	665
2438	669
2439	672
2438	676
2439	680
2439	684
2439	687
2440	691
2440	695
2441	698
2442	701
2443	705
2443	708
2444	712
2444	716
2445	719
2448	722
2447	726
2447	730
2448	733
2448	737
2448	740
2450	744
2451	747
2450	751
2451	754
2451	758
2452	762
2454	765
2453	769
2453	773
2453	776
2453	780
2454	783
2455	787
2456	790
2455	794
2457	797
2458	800
2459	804
2459	808
2458	811
2458	815
2459	818
2461	822
2462	825
2463	828
2463	832
2463	836
2462	840
2463	843
2464	846
2465	850
2464	854
2464	857
2466	860
2466	864
2465	868
2465	871
2467	875
2468	878
2469	881
2469	885
2470	888
2470	892
2471	895
2471	899
2471	903
2472	906
2472	909
2473	913
2473	916
2474	920
2474	923
2475	927
2475	930
2476	934
2477	937
2478	940
2478	944
2479	947
2478	951
2478	955
2480	958
2480	961
2481	965
2481	968
2481	972
2481	975
2481	979
2482	982
2484	985
2485	989
2485	992
2484	996
2484	1000
2484	1003
2484	1007
2486	1010
2488	1013
2489	1016
2489	1020
2490	1023
2490	1027
2489	1031
2489	1034
2489	1038
2491	1041
2492	1044
2493	1047
2494	1051
2493	1055
2492	1058
2492	1062
2493	1065
2494	1068
2494	1072
2495	1075
2495	1079
2496	1082
2495	1086
2496	1089
2498	1092
2497	1096
2496	1100
2497	1103
2500	1106
2500	1109
2500	1113
2500	1117
2501	1120
2500	1124
2501	1127
2502	1130
2503	1134
2503	1137
2503	1140
2503	1144
2505	1147
2505	1151
2505	1154
2505	1158
2504	1161
2505	1165
2506	1168
2506	1172
2507	1175
2510	1178
2509	1181
2507	1185
2508	1189
2509	1192
2511	1195
2513	1198
2512	1202
2513	1205
2514	1208
2513	1212
2513	1216
2513	1219
2514	1222
2513	1226
2513	1229
2514	1233
2515	1236
2515	1239
2516	1243
2517	1246
2518	1249
2518	1253
2519	1256
2520	1260
2520	1263
2522	1266
2521	1270
2522	1273
2521	1277
2522	1280
2522	1283
2522	1287
2522	1290
2523	1294
2523	1297
2523	1301
2525	1304
2525	1307
2525	1311
2525	1314
2527	1317
2528	1321
2527	1324
2527	1328
2527	1331
2528	1335
2527	1338
2528	1341
2529	1345
2530	1348
2531	1351
2532	1355
2533	1358
2532	1362
2532	1365
2532	1369
2533	1372
2533	1375
2534	1379
2534	1382
2534	1386
2533	1389
2533	1393
2535	1396
2538	1399
2538	1402
2538	1406
2538	1409
2538	1413
2539	1416
2540	1419
2540	1423
2538	1426
2538	1430
2540	1433
2542	1436
2542	1440
2541	1443
2542	1447
2543	1450
2542	1454
2543	1457
2543	1460
2543	1464
2544	1467
2545	1471
2545	1474
2545	1477
2547	1481
2548	1484
2548	1487
2548	1491
2549	1494
2548	1498
2547	1501
2548	1505
2550	1508
2550	1511
2550	1515
2550	1518
2552	1522
2553	1525
2551	1529
2552	1532
2552	1535
2554	1539
2555	1542
2554	1546
2554	1549
2554	1552
2555	1556
2557	1559
2557	1563
2557	1566
2556	1570
2557	1573
2557	1576
2556	1580
2558	1583
2559	1587
2559	1590
2560	1593
2561	1597
2561	1600
2560	1604
2561	1607
2562	1611
2562	1614
2562	1617
2562	1621
2563	1624
2564	1628
2564	1631
2565	1635
2565	1638
2565	1641
2565	1645
2565	1648
2568	1652
2569	1655
2568	1659
2568	1662
