2631	1668
2633	1671
2633	1675
2631	1678
2632	1682
2634	1685
2636	1692
2636	1696
2636	1699
2636	1703
2637	1706
2638	1710
2638	1713
2639	1717
2639	1721
2639	1724
2638	1728
2640	1731
2641	1735
2640	1738
2640	1742
2641	1745
2643	1749
2644	1753
2644	1756
2645	1760
2645	1763
2646	1767
2647	1770
2649	1774
2649	1778
2649	1781
2648	1785
2648	1788
2649	1792
2651	1795
2652	1799
2652	1803
2651	1806
2651	1810
2651	1813
2652	1817
2653	1820
2655	1824
2654	1828
2655	1831
2657	1835
2658	1838
2657	1842
2655	1845
2657	1849
2659	1853
2659	1856
2658	1860
2659	1864
2659	1867
2660	1871
2661	1874
2661	1878
2661	1882
2663	1885
2665	1889
2664	1893
2664	1896
2664	1900
2665	1903
2665	1907
2665	1911
2667	1914
2667	1918
2669	1922
2670	1925
2670	1929
2671	1933
2672	1936
2671	1940
2671	1944
2672	1947
2673	1951
2675	1955
2677	1959
2677	1962
2678	1966
2677	1970
2678	1973
2678	1977
2677	1980
2677	1984
2677	1988
2676	1991
2677	1995
2678	1999
2680	2002
2682	2006
2687	2011
2689	2014
2690	2018
2689	2022
2686	2025
2685	2029
2687	2033
2688	2036
2687	2040
2685	2043
2683	2047
3512	2160
3511	2164
3512	2169
3511	2174
3510	2178
3510	2183
2687	2073
2688	2077
2690	2081
2695	2085
2697	2089
2696	2093
2697	2096
2698	2100
2699	2104
2699	2108
2699	2111
2698	2115
2699	2119
2700	2123
2701	2127
2702	2130
2700	2134
2701	2138
2701	2141
2701	2145
2703	2149
2703	2153
2703	2157
2703	2160
2704	2164
2704	2168
2704	2172
2703	2175
2704	2179
2705	2183
2704	2187
2704	2190
2704	2194
2703	2198
2704	2202
2704	2205
2705	2209
2705	2213
2706	2217
2706	2221
2704	2224
2705	2228
2706	2232
2708	2236
2708	2240
2708	2244
2707	2247
2705	2251
2706	2255
2710	2259
2711	2263
2707	2266
2705	2270
2707	2274
2708	2278
2709	2282
2710	2286
2708	2289
2709	2293
2709	2297
2711	2301
2712	2305
2711	2309
2711	2313
2712	2317
2713	2321
2712	2324
2712	2328
2711	2332
2711	2336
2711	2340
2713	2344
2713	2347
2713	2351
2712	2355
2713	2359
2713	2363
2713	2367
2712	2370
2712	2374
2713	2378
2714	2383
2712	2386
2710	2389
2710	2393
2711	2397
2709	2400
2712	2405
2713	2409
2712	2413
2711	2417
2710	2420
2711	2424
2714	2429
2713	2433
2712	2436
2714	2441
2715	2445
2715	2449
2712	2452
2712	2456
2711	2459
2714	2464
2713	2468
2711	2471
2709	2475
2711	2479
2710	2483
2709	2486
2710	2491
2713	2495
2714	2500
2710	2502
2709	2506
2712	2511
2710	2514
2709	2518
2708	2522
2709	2526
2708	2529
2709	2534
2710	2538
2711	2542
2710	2546
2708	2549
2710	2554
2712	2558
2710	2562
2710	2566
2711	2570
2711	2574
2710	2578
2711	2582
2712	2587
2711	2590
2711	2594
2709	2598
2708	2601
2708	2605
2710	2610
2711	2614
2710	2618
2710	2622
2710	2626
2710	2630
2710	2634
2708	2637
2707	2641
2708	2646
2709	2650
2708	2654
2709	2658
2710	2663
2708	2666
2708	2670
2709	2674
2709	2679
2711	2683
2709	2687
2709	2691
2709	2695
2709	2699
2709	2703
2709	2708
2711	2712
2712	2717
2711	2721
2709	2724
2708	2728
2710	2732
2710	2737
2709	2740
2715	2747
2710	2749
2712	2754
2711	2758
2710	2762
2711	2766
2712	2771
2714	2776
2715	2780
2715	2785
2716	2789
2716	2793
2716	2797
2715	2801
2715	2805
2713	2809
2713	2813
2713	2818
2714	2822
2715	2827
2718	2832
2717	2836
2717	2840
2716	2844
2716	2849
2718	2853
2717	2857
2717	2862
2717	2866
2717	2870
2717	2875
2716	2878
2715	2882
2714	2886
2716	2891
2714	2895
2714	2899
2714	2904
2715	2908
2714	2912
2713	2916
2714	2921
2713	2925
2714	2930
2714	2934
2713	2938
2715	2943
2715	2948
2714	2952
2716	2957
2714	2960
2713	2964
2712	2968
2713	2973
2712	2977
2710	2981
2711	2986
2712	2991
2713	2995
2713	3000
2712	3004
2710	3007
2708	3011
2707	3014
2710	3021
2713	3026
2713	3031
2711	3034
2710	3038
2709	3042
2708	3046
2708	3051
2709	3056
2709	3060
2707	3064
2708	3069
2709	3074
2710	3079
2709	3083
2713	3090
2712	3094
2711	3098
2710	3102
2711	3107
2715	3113
2713	3117
2712	3121
2712	3126
2714	3132
2713	3136
2713	3140
2714	3145
2710	3148
2677	3135
2665	3133
2661	3136
2657	3138
2654	3141
2653	3145
2652	3149
2653	3155
2660	3163
2688	3183
2706	3197
2716	3207
2716	3212
2715	3216
2716	3221
2717	3227
2720	3233
2719	3238
2719	3242
2718	3246
2719	3252
2721	3258
2721	3263
2721	3267
2722	3273
2722	3278
2722	3282
2723	3288
2724	3293
2723	3297
2720	3301
2722	3307
2724	3313
2725	3318
2725	3323
2724	3328
2727	3334
2727	3339
2727	3344
2727	3349
2727	3354
2727	3359
2726	3363
2724	3367
2723	3371
2725	3378
2726	3383
2725	3387
2722	3391
2720	3395
2722	3400
2723	3406
2721	3410
2720	3415
2718	3418
2718	3423
2719	3429
2718	3434
2718	3439
2716	3443
2715	3447
2714	3452
2715	3457
2714	3462
2712	3466
2712	3470
2711	3475
2711	3480
2711	3485
2709	3489
2708	3493
2706	3498
2705	3502
2704	3507
2706	3513
2705	3518
2702	3521
2700	3525
2700	3530
2700	3535
2700	3540
2698	3544
2699	3550
2698	3555
2698	3560
2696	3564
2694	3568
2692	3572
2693	3578
2694	3584
2696	3591
2696	3596
2696	3601
2696	3606
2695	3612
2694	3616
2693	3621
2692	3625
2692	3631
2691	3635
2690	3640
2689	3645
2687	3649
2686	3654
2687	3660
2686	3665
2686	3670
2688	3677
2691	3684
2690	3689
2685	3691
2684	3696
2684	3702
2682	3706
2681	3711
2683	3717
2684	3724
2684	3729
2683	3734
2682	3739
2684	3746
2682	3750
2681	3755
2679	3759
2677	3763
2676	3768
2673	3772
2670	3775
2667	3778
2666	3783
2668	3791
2669	3797
2668	3802
2664	3804
2660	3807
2658	3812
2657	3816
2658	3822
2660	3830
2661	3836
2659	3841
2656	3844
2654	3848
2650	3851
2654	3860
2650	3863
2648	3867
2647	3872
2645	3876
2647	3884
2647	3890
2648	3896
2647	3901
2646	3907
2645	3912
2642	3915
2641	3920
2639	3925
2639	3931
2639	3936
2636	3940
2635	3945
2634	3950
2634	3956
2634	3962
2633	3967
2628	3969
2627	3974
2627	3980
2626	3986
2624	3990
2614	3988
2598	3980
2592	3981
2590	3985
2587	3989
2585	3993
2583	3997
2582	4003
2605	4029
2616	4045
2618	4053
2618	4059
2622	4069
2620	4073
2619	4079
2617	4084
2616	4089
2616	4095
2615	4101
2614	4106
2613	4112
2613	4117
2610	4122
2609	4127
2608	4133
2608	4139
2606	4144
2604	4148
2602	4153
2602	4160
2601	4165
2599	4169
2597	4174
2594	4178
2593	4183
2592	4189
2591	4195
2590	4200
2590	4207
2590	4214
2589	4219
2587	4224
2585	4229
2584	4234
2582	4239
2580	4244
2579	4250
2577	4255
2577	4261
2575	4266
2571	4269
2570	4275
2574	4286
2570	4289
2570	4295
2568	4300
2293	4040
2291	4043
2287	4045
2284	4049
2287	4058
2285	4075
2283	4078
2279	4081
2277	4085
2277	4091
2548	4377
2546	4382
2543	4386
2542	4391
2540	4397
2539	4403
2537	4408
2535	4413
2531	4416
2529	4420
2527	4426
2525	4431
2523	4436
2522	4442
2520	4447
2517	4451
2512	4454
2509	4458
2507	4463
2503	4466
2501	4471
2500	4476
2497	4480
2493	4484
2490	4488
2488	4493
2484	4496
2481	4500
2481	4508
2480	4513
2477	4518
2476	4524
2472	4528
2469	4532
2467	4537
2464	4541
2460	4544
2456	4547
2453	4551
2450	4555
2449	4561
2446	4566
2443	4570
2443	4578
2441	4583
2437	4586
2432	4588
2429	4592
2427	4598
2426	4604
2424	4610
2422	4614
2419	4618
2416	4623
2413	4627
2410	4632
2408	4637
2406	4643
2406	4651
2404	4656
2400	4659
2397	4664
2395	4668
2391	4672
2387	4675
2383	4678
2380	4682
2377	4687
2374	4691
2370	4695
2368	4699
2365	4704
2362	4709
2358	4712
2356	4717
2352	4721
2348	4724
2344	4727
2341	4731
2338	4735
2335	4740
2331	4744
2327	4747
2323	4750
2321	4754
2317	4758
2313	4762
2310	4766
2306	4769
2303	4773
2299	4776
2295	4779
2292	4784
2289	4788
2285	4792
2282	4796
2279	4801
2275	4804
2271	4807
2268	4811
2265	4816
2262	4820
2259	4825
2256	4830
2253	4834
2249	4837
2245	4840
2241	4844
2239	4849
2236	4854
2234	4861
2233	4868
2231	4874
2228	4878
2225	4883
2223	4889
2220	4893
2218	4899
2215	4904
2212	4909
2210	4916
2208	4921
2205	4926
2201	4929
2196	4931
2192	4935
2187	4937
2183	4939
2179	4943
2175	4946
2173	4952
2169	4956
2166	4961
2163	4965
2158	4968
2154	4971
2151	4976
2148	4980
2144	4984
2141	4988
2137	4992
2134	4997
2131	5002
2129	5009
2126	5012
2121	5015
2118	5020
2115	5025
2112	5030
2109	5034
2105	5039
2102	5043
2099	5048
2097	5054
2094	5059
2090	5064
2086	5067
2083	5072
2079	5075
2075	5078
2070	5081
2068	5087
2064	5091
2061	5095
2057	5100
2054	5104
2049	5106
2045	5110
2042	5114
2038	5119
2034	5122
2030	5126
2026	5130
2023	5134
2019	5138
2014	5140
2011	5146
2008	5150
2003	5152
1998	5154
1993	5156
1990	5161
1986	5165
1982	5170
1980	5176
1977	5181
1973	5185
1969	5188
1964	5191
1959	5192
1954	5195
1950	5199
1947	5203
1944	5208
1940	5212
1936	5216
1931	5218
1926	5220
1923	5225
1918	5227
1913	5230
1910	5234
1906	5239
1901	5240
1896	5243
1892	5246
1888	5251
1884	5253
1879	5257
1875	5260
1871	5263
1867	5267
1863	5271
1858	5274
1853	5275
1849	5279
1845	5283
1841	5286
1837	5290
1832	5293
1828	5296
1824	5301
1820	5304
1815	5306
1811	5309
1805	5310
1799	5310
1795	5313
1791	5317
1787	5321
1783	5325
1779	5329
1774	5332
1770	5335
1765	5338
1761	5341
1757	5344
1752	5347
1748	5352
1745	5357
1742	5363
1739	5369
1735	5372
1730	5375
1725	5377
1720	5379
1715	5381
1711	5385
1706	5387
1700	5386
1695	5389
1690	5391
1686	5394
1681	5397
1676	5400
1672	5402
1667	5404
1662	5407
1658	5411
1653	5413
1648	5415
1643	5417
1638	5419
1633	5421
1629	5424
1624	5426
1619	5428
1613	5430
1609	5432
1604	5434
1599	5437
1595	5440
1590	5443
1586	5446
1581	5449
1577	5453
1572	5456
1567	5459
1563	5462
1558	5465
1554	5468
1548	5468
1543	5469
1539	5473
1534	5476
1529	5479
1525	5482
1520	5484
1515	5487
1511	5491
1507	5495
1503	5499
1498	5502
1493	5505
1489	5508
1484	5511
1480	5514
1475	5516
1470	5520
1466	5523
1461	5525
1456	5527
1451	5530
1447	5533
1442	5536
1437	5539
1432	5541
1427	5542
1422	5545
1417	5548
1413	5553
1408	5555
1403	5556
1398	5557
1393	5559
1387	5559
1382	5562
1377	5564
1372	5565
1366	5566
1361	5566
1355	5567
1350	5569
1345	5572
1341	5574
1337	5580
1332	5583
1327	5585
1323	5589
1319	5593
1314	5597
1309	5599
1304	5600
1299	5603
1294	5606
1289	5606
1284	5608
1278	5609
1273	5610
1268	5612
1262	5612
1257	5615
1252	5616
1246	5617
1241	5617
1236	5618
1230	5620
1226	5622
1221	5625
1216	5629
1213	5635
1208	5638
1203	5640
1199	5645
1195	5650
1191	5656
1185	5657
1181	5660
1174	5657
1168	5657
1163	5659
1158	5660
1153	5662
1148	5665
1143	5667
1138	5669
1133	5670
1128	5673
1123	5675
1118	5678
1112	5680
1107	5680
1102	5682
1097	5685
1092	5687
1087	5688
1082	5693
1078	5699
1074	5703
1069	5705
1063	5706
1058	5708
1053	5709
1048	5711
1042	5711
1037	5712
1032	5715
1027	5718
1022	5719
1016	5720
1010	5720
1005	5719
999	5720
994	5721
988	5719
982	5718
975	5714
969	5712
964	5713
959	5717
954	5718
949	5720
944	5724
939	5728
934	5730
929	5732
924	5735
919	5737
913	5736
908	5738
903	5739
897	5739
892	5739
885	5735
880	5736
875	5738
869	5739
864	5740
859	5742
853	5743
848	5744
843	5746
838	5749
833	5751
828	5755
824	5760
819	5763
813	5764
808	5766
803	5768
798	5771
793	5772
787	5772
782	5774
777	5776
771	5777
766	5779
761	5782
756	5782
750	5781
745	5782
739	5783
734	5782
728	5782
722	5782
717	5783
712	5785
592	5179
588	5181
584	5182
579	5182
575	5184
571	5193
674	5792
669	5795
664	5798
658	5794
653	5795
648	5799
642	5800
637	5802
569	5429
565	5439
621	5805
616	5805
499	5123
494	5122
488	5117
483	5110
478	5108
473	5109
469	5111
465	5112
460	5113
456	5117
452	5122
448	5123
443	5124
439	5125
434	5125
430	5125
425	5125
421	5124
416	5124
411	5124
407	5125
402	5125
398	5125
393	5128
389	5129
385	5130
380	5129
375	5125
369	5116
364	5116
361	5127
358	5133
353	5134
349	5135
344	5135
339	5134
335	5133
329	5125
324	5116
319	5119
316	5128
312	5133
307	5135
303	5136
298	5135
294	5135
289	5133
284	5130
279	5122
274	5118
270	5126
266	5134
262	5137
257	5136
253	5136
248	5134
243	5130
239	5129
234	5129
230	5130
225	5130
221	5129
216	5130
211	5130
207	5131
203	5133
198	5132
193	5131
189	5130
184	5130
180	5131
175	5131
171	5130
166	5130
162	5131
157	5132
153	5131
148	5131
144	5131
139	5131
135	5130
130	5131
126	5131
121	5125
116	5112
110	5102
103	5032
98	5032
94	5031
89	5028
85	5025
80	5026
76	5027
72	5026
67	5019
62	5012
58	5009
53	5006
49	5002
45	5001
40	5003
36	5009
32	5010
27	5011
23	5016
19	5025
15	5028
10	5027
6	5026
2	5028
-3	5033
-7	5034
-11	5034
-15	5104
-19	5110
-23	5125
-28	5136
-32	5140
-37	5140
-41	5141
-46	5141
-50	5141
-55	5141
-59	5141
-64	5141
-68	5140
-73	5141
-77	5142
-82	5142
-87	5142
-91	5142
-96	5142
-100	5142
-105	5143
-109	5143
-114	5144
-118	5145
-123	5145
-127	5144
-132	5143
-136	5143
-141	5143
-145	5146
-150	5147
-155	5147
-159	5146
-164	5146
-168	5146
-173	5147
-177	5149
-182	5150
-186	5149
-191	5149
-195	5149
-200	5150
-205	5150
-209	5150
-214	5152
-218	5153
-223	5153
-227	5154
-232	5160
-272	5863
-277	5861
-283	5860
-288	5863
-294	5865
-299	5862
-305	5864
-310	5864
-316	5863
-321	5862
-327	5862
-332	5863
-338	5864
-343	5865
-349	5865
-354	5865
-360	5865
-365	5864
-371	5863
-376	5861
-382	5861
-387	5861
-392	5858
-398	5857
-403	5857
-409	5857
-414	5855
-419	5854
-425	5854
-430	5854
-436	5853
-441	5853
-447	5852
-441	5729
-447	5741
-463	5850
-469	5850
-474	5849
-409	5147
-414	5145
-418	5143
-422	5134
-425	5128
-430	5127
-435	5130
-440	5139
-446	5146
-529	5845
-534	5842
-497	5475
-502	5474
-507	5473
-512	5473
-517	5472
-522	5473
-527	5473
-532	5473
-537	5473
-542	5473
-547	5472
-552	5473
-557	5472
-562	5471
-615	5828
-620	5827
-625	5824
-630	5822
-636	5821
-641	5816
-646	5814
-651	5812
-656	5812
-662	5810
-667	5806
-672	5804
-677	5804
-683	5804
-688	5802
-693	5800
-699	5798
-704	5795
-708	5791
-713	5786
-717	5778
-722	5775
-727	5771
-732	5769
-737	5765
-743	5764
-748	5761
-753	5758
-757	5755
-763	5754
-768	5755
-774	5756
-779	5755
-784	5753
-790	5751
-795	5749
-801	5751
-806	5751
-811	5749
-816	5747
-821	5744
-826	5742
-831	5739
-836	5735
-841	5730
-845	5725
-850	5722
-855	5721
-860	5719
-866	5720
-872	5723
-878	5725
-883	5722
-888	5720
-893	5718
-899	5718
-904	5717
-909	5716
-915	5717
-921	5718
-926	5718
-931	5717
-936	5713
-941	5711
-946	5709
-952	5708
-957	5708
-962	5707
-968	5706
-973	5705
-978	5703
-983	5702
-989	5701
-994	5699
-999	5696
-1004	5696
-1009	5695
-1014	5692
-1019	5689
-1024	5688
-1029	5685
-1034	5683
-1039	5681
-1045	5680
-1050	5678
-1055	5676
-1060	5675
-1066	5675
-1071	5673
-1076	5670
-1080	5667
-1085	5664
-1090	5662
-1095	5659
-1100	5658
-1105	5656
-1110	5653
-1115	5650
-1119	5646
-1124	5645
-1130	5645
-1135	5643
-1140	5642
-1145	5641
-1151	5641
-1156	5640
-1161	5636
-1166	5635
-1171	5633
-1175	5627
-1179	5623
-1184	5620
-1189	5617
-1193	5614
-1198	5611
-1204	5612
-1209	5610
-1214	5609
-1219	5606
-1224	5604
-1229	5600
-1233	5598
-1238	5594
-1243	5592
-1248	5591
-1255	5596
-1261	5596
-1266	5594
-1271	5593
-1276	5590
-1281	5589
-1286	5588
-1292	5587
-1296	5585
-1302	5584
-1307	5582
-1312	5581
-1317	5577
-1322	5575
-1326	5573
-1332	5572
-1337	5571
-1342	5569
-1346	5565
-1351	5564
-1357	5563
-1362	5560
-1366	5557
-1371	5554
-1375	5549
-1379	5545
-1384	5542
-1388	5539
-1393	5538
-1399	5537
-1403	5533
-1408	5530
-1412	5527
-1417	5524
-1422	5521
-1427	5522
-1433	5521
-1437	5518
-1442	5516
-1447	5513
-1452	5511
-1456	5508
-1461	5505
-1465	5501
-1469	5495
-1474	5493
-1478	5490
-1483	5487
-1488	5487
-1493	5485
-1498	5482
-1502	5479
-1507	5475
-1510	5471
-1515	5467
-1519	5464
-1524	5461
-1528	5458
-1533	5455
-1537	5452
-1542	5450
-1547	5448
-1552	5446
-1557	5444
-1562	5443
-1567	5442
-1572	5439
-1576	5435
-1580	5431
-1586	5430
-1591	5429
-1596	5427
-1601	5427
-1607	5426
-1612	5425
-1618	5426
-1624	5425
-1628	5422
-1632	5418
-1636	5413
-1640	5409
-1645	5407
-1649	5405
-1654	5403
-1660	5402
-1664	5399
-1668	5395
-1673	5392
-1678	5390
-1683	5388
-1687	5386
-1691	5382
-1696	5378
-1700	5376
-1705	5374
-1710	5373
-1715	5370
-1718	5365
-1722	5360
-1726	5356
-1730	5353
-1735	5350
-1740	5347
-1744	5344
-1748	5341
-1752	5337
-1756	5332
-1759	5327
-1764	5324
-1767	5320
-1772	5318
-1777	5316
-1782	5313
-1786	5309
-1790	5306
-1794	5302
-1798	5299
-1802	5295
-1806	5291
-1810	5287
-1814	5284
-1819	5281
-1823	5278
-1827	5275
-1831	5271
-1835	5267
-1840	5265
-1843	5260
-1847	5255
-1851	5252
-1855	5249
-1858	5244
-1861	5238
-1862	5228
-1866	5224
-1870	5221
-1874	5218
-1878	5214
-1883	5212
-1887	5209
-1890	5204
-1894	5199
-1898	5195
-1902	5192
-1906	5189
-1910	5185
-1914	5182
-1917	5177
-1920	5171
-1924	5167
-1928	5164
-1933	5163
-1938	5160
-1942	5157
-1946	5154
-1950	5150
-1954	5148
-1959	5146
-1963	5143
-1968	5140
-1971	5134
-1975	5132
-1979	5128
-1982	5123
-1985	5118
-1989	5115
-1993	5111
-1997	5107
-2002	5106
-2006	5103
-2010	5100
-2014	5096
-2018	5092
-2020	5087
-2023	5081
-2026	5076
-2029	5070
-2034	5069
-2040	5069
-2046	5069
-2048	5063
-2051	5058
-2055	5055
-2059	5051
-2064	5049
-2067	5045
-2071	5041
-2074	5037
-2078	5033
-2082	5030
-2086	5026
-2089	5022
-2092	5016
-2096	5013
-2100	5009
-2103	5005
-2107	5002
-2111	4999
-2114	4995
-2118	4991
-2121	4986
-2125	4982
-2129	4979
-2133	4977
-2136	4972
-2140	4968
-2143	4964
-2147	4961
-2150	4956
-2154	4953
-2157	4948
-2161	4945
-2164	4940
-2167	4935
-2169	4930
-2174	4927
-2177	4923
-2181	4920
-2185	4917
-2190	4915
-2194	4912
-2198	4909
-2201	4904
-2203	4898
-2207	4895
-2211	4892
-2215	4888
-2218	4884
-2222	4881
-2225	4877
-2228	4873
-2231	4867
-2234	4863
-2237	4858
-2241	4855
-2245	4853
-2249	4849
-2252	4845
-2255	4840
-2258	4835
-2261	4832
-2265	4828
-2268	4824
-2272	4821
-2275	4817
-2278	4812
-2281	4808
-2285	4804
-2288	4800
-2292	4797
-2296	4794
-2299	4790
-2303	4786
-2306	4782
-2310	4780
-2314	4777
-2317	4771
-2319	4766
-2323	4763
-2329	4763
-2335	4762
-2338	4758
-2340	4753
-2344	4749
-2346	4744
-2349	4740
-2352	4735
-2354	4729
-2355	4723
-2359	4719
-2363	4716
-2366	4712
-2369	4708
-2373	4704
-2377	4701
-2380	4698
-2382	4692
-2385	4688
-2388	4684
-2392	4682
-2395	4677
-2398	4672
-2400	4667
-2401	4661
-2405	4657
-2408	4653
-2411	4649
-2414	4645
-2418	4641
-2420	4636
-2422	4631
-2424	4625
-2426	4620
-2429	4616
-2431	4611
-2435	4607
-2438	4603
-2440	4599
-2442	4593
-2445	4589
-2448	4585
-2451	4581
-2452	4575
-2454	4569
-2457	4564
-2460	4561
-2463	4557
-2467	4554
-2470	4550
-2471	4544
-2475	4540
-2477	4536
-2478	4529
-2478	4522
-2482	4518
-2485	4515
-2487	4510
-2490	4506
-2493	4501
-2495	4497
-2495	4490
-2495	4482
-2497	4476
-2498	4471
-2501	4467
-2504	4462
-2505	4456
-2505	4449
-2507	4444
-2510	4440
-2510	4434
-2510	4426
-2512	4421
-2517	4419
-2521	4417
-2522	4411
-2524	4405
-2526	4401
-2528	4395
-2529	4390
-2529	4383
-2531	4377
-2534	4373
-2536	4369
-2537	4363
-2538	4357
-2542	4355
-2546	4351
-2547	4346
-2548	4340
-2551	4336
-2553	4332
-2554	4326
-2556	4320
-2559	4317
-2563	4314
-2564	4308
-2564	4301
-2566	4297
-2566	4290
-2567	4284
-2568	4279
-2570	4274
-2572	4269
-2574	4264
-2576	4260
-2579	4256
-2580	4251
-2582	4245
-2583	4240
-2585	4236
-2589	4232
-2591	4228
-2593	4223
-2594	4218
-2595	4212
-2595	4206
-2599	4203
-2601	4199
-2603	4194
-2604	4188
-2605	4183
-2607	4178
-2609	4174
-2611	4169
-2612	4163
-2614	4159
-2617	4155
-2617	4149
-2618	4144
-2619	4138
-2620	4133
-2622	4128
-2623	4123
-2626	4119
-2627	4114
-2628	4108
-2628	4102
-2629	4096
-2379	3857
-2386	3857
-2391	3856
-2396	3855
-2403	3856
-2409	3856
-2414	3855
-2419	3853
-2425	3853
-2431	3853
-2436	3852
-2442	3851
-2447	3851
-2452	3850
-2459	3850
-2464	3849
-2469	3848
-2475	3847
-2481	3847
-2489	3848
-2495	3848
-2500	3847
-2506	3847
-2511	3845
-2517	3845
-2523	3844
-2528	3843
-2533	3842
-2540	3842
-2545	3841
-2551	3840
-2557	3840
-2563	3839
-2568	3838
-2576	3839
-2583	3839
-2589	3838
-2594	3837
-2600	3836
-2606	3836
-2612	3835
-2617	3834
-2624	3834
-2630	3833
-2636	3832
-2641	3831
-2647	3831
-2653	3830
-2660	3830
-2669	3831
-2675	3830
-2680	3829
-2683	3825
-2680	3818
-2679	3811
-2681	3807
-2685	3805
-2699	3810
-2707	3811
-2707	3805
-2707	3800
-2708	3794
-2709	3790
-2708	3783
-2708	3778
-2712	3775
-2718	3774
-2723	3773
-2724	3768
-2723	3761
-2723	3756
-2726	3752
-2728	3748
-2730	3745
-2732	3741
-2732	3735
-2734	3731
-2733	3725
-2734	3720
-2737	3716
-2738	3712
-2738	3706
-2739	3702
-2741	3698
-2743	3694
-2743	3688
-2744	3684
-2744	3678
-2746	3674
-2749	3671
-2750	3666
-2751	3661
-2752	3657
-2752	3652
-2755	3648
-2755	3643
-2754	3637
-2755	3632
-2757	3628
-2759	3624
-2760	3619
-2760	3614
-2761	3610
-2765	3607
-2767	3603
-2765	3597
-2768	3593
-2770	3590
-2770	3584
-2771	3580
-2772	3575
-2773	3571
-2775	3567
-2777	3563
-2777	3558
-2777	3553
-2778	3548
-2780	3544
-2779	3538
-2780	3533
-2781	3529
-2782	3524
-2783	3520
-2784	3516
-2786	3512
-2788	3508
-2791	3505
-2796	3503
-2798	3499
-2799	3494
-2801	3491
-2802	3486
-2802	3481
-2804	3477
-2805	3473
-2806	3468
-2806	3463
-2807	3459
-2806	3453
-2806	3448
-2807	3443
-2807	3439
-2806	3433
-2807	3428
-2807	3424
-2808	3419
-2807	3413
-2806	3408
-2809	3404
-2812	3401
-2812	3396
-2811	3391
-2811	3386
-2808	3379
-2809	3375
-2811	3371
-2811	3366
-2812	3362
-2812	3357
-2813	3352
-2808	3345
-2804	3337
-2804	3332
-2806	3329
-2806	3324
-2808	3320
-2808	3315
-2809	3311
-2809	3306
-2807	3300
-2804	3293
-2801	3287
-2803	3284
-2806	3281
-2808	3276
-2807	3271
-2807	3266
-2806	3261
-2805	3256
-2806	3252
-2804	3246
-2804	3241
-2804	3236
-2803	3231
-2805	3227
-2804	3222
-2802	3217
-2803	3212
-2802	3207
-2801	3202
-2803	3198
-2805	3194
-2806	3190
-2806	3186
-2804	3180
-2804	3176
-2805	3171
-2805	3167
-2805	3162
-2806	3158
-2805	3153
-2804	3148
-2803	3143
-2804	3138
-2806	3135
-2809	3132
-2809	3127
-2809	3123
-2806	3117
-2800	3109
-2801	3105
-2802	3101
-2799	3095
-2792	3087
-2794	3083
-2797	3080
-2798	3076
-2796	3071
-2794	3065
-2793	3060
-2791	3055
-2789	3049
-2787	3044
-2785	3039
-2787	3035
-2791	3032
-2792	3028
-2786	3021
-2783	3016
-2782	3010
-2781	3005
-2784	3003
-2786	2999
-2784	2994
-2785	2990
-2786	2986
-2785	2981
-2784	2977
-2783	2971
-2781	2966
-2782	2962
-2785	2959
-2785	2955
-2782	2949
-2783	2945
-2782	2941
-2779	2935
-2777	2930
-2775	2924
-2778	2922
-2778	2917
-2776	2912
-2775	2907
-2774	2903
-2775	2899
-2775	2895
-2771	2889
-2777	2887
-2776	2882
-2771	2876
-2771	2872
-2768	2866
-2768	2862
-2771	2859
-2772	2855
-2769	2850
-2768	2845
-2771	2842
-2768	2837
-2770	2833
-2769	2829
-2769	2825
-2769	2820
-2767	2816
-2767	2811
-2766	2807
-2769	2804
-2762	2797
-2765	2794
-2766	2790
-2767	2787
-2768	2783
-2769	2779
-2771	2776
-2768	2771
-2769	2767
-2767	2762
-2768	2758
-2755	2749
-2757	2746
-2755	2741
-2751	2735
-2753	2732
-2754	2728
-2751	2723
-2747	2718
-2748	2714
-2746	2709
-2745	2705
-2746	2701
-2747	2697
-2752	2695
-2748	2690
-2749	2686
-2748	2682
-2743	2676
-2745	2673
-2746	2669
-2746	2665
-2743	2660
-2743	2656
-2743	2652
-2742	2648
-2741	2643
-2743	2640
-2742	2636
-2739	2631
-2740	2627
-2740	2624
-2735	2618
-2735	2614
-2736	2610
-2738	2607
-2738	2603
-2737	2599
-2736	2595
-2737	2591
-2737	2587
-2737	2583
-2737	2580
-2739	2576
-2737	2572
-2735	2567
-2736	2564
-2735	2559
-2736	2556
-2732	2551
-2732	2547
-2732	2543
-2732	2539
-2730	2535
-2731	2531
-2736	2529
-2730	2523
-2732	2520
-2734	2517
-2732	2512
-2728	2507
-2728	2503
-2728	2500
-2728	2496
-2729	2492
-2730	2489
-2728	2484
-2726	2480
-2724	2476
-2724	2472
-2725	2468
-2725	2465
-2726	2461
-2726	2457
-2725	2453
-2723	2449
-2725	2446
-2728	2443
-2727	2439
-2725	2434
-2727	2431
-2728	2428
-2724	2423
-2724	2419
-2723	2415
-2721	2411
-2716	2406
-2716	2402
-2720	2399
-2720	2395
-2720	2392
-2718	2388
-2716	2383
-2717	2380
-2716	2376
-2714	2372
-2711	2367
-2712	2364
-2712	2360
-2711	2356
-2711	2352
-2710	2349
-2707	2344
-2707	2340
-2707	2337
-2707	2333
-2705	2329
-2703	2325
-2702	2321
-2705	2318
-2706	2315
-2706	2311
-2705	2307
-2705	2303
-2705	2300
-2705	2296
-2702	2292
-2701	2288
-2701	2284
-2700	2281
-2701	2277
-2700	2273
-2697	2269
-2697	2265
-2697	2262
-2697	2258
-2697	2254
-2696	2251
-2694	2247
-2694	2243
-2694	2239
-2695	2236
-2694	2232
-2693	2228
-2693	2225
-2693	2221
-2692	2218
-2688	2213
-2688	2209
-2688	2206
-2686	2202
-2686	2198
-2686	2195
-2685	2191
-2684	2187
-2684	2184
-2683	2180
-2683	2177
-2683	2173
-2682	2169
-2681	2166
-2680	2162
-2678	2158
-2678	2154
-2677	2151
-2677	2147
-2677	2144
-2675	2140
-2675	2136
-2676	2133
-2675	2129
-2674	2125
-2674	2122
-2673	2118
-2671	2115
-2672	2111
-2672	2108
-2669	2104
-2670	2100
-2674	2097
-2677	2094
-2677	2091
-2677	2087
-2676	2084
-2676	2080
-2676	2077
-2677	2073
-2676	2070
-2675	2066
-2673	2062
-2673	2059
-2671	2055
-2668	2051
-2667	2048
-2668	2044
-2668	2041
-2666	2037
-2662	2033
-2660	2029
-2661	2026
-2663	2023
-2662	2019
-2661	2016
-2657	2012
-2655	2008
-2656	2005
-2659	2002
-2657	1998
-2657	1994
-2656	1991
-2654	1987
-2652	1984
-2653	1980
-2653	1977
-2653	1973
-2653	1970
-2652	1966
-2652	1963
-2649	1959
-2647	1956
-2648	1952
-2647	1949
-2645	1945
-2645	1942
-2645	1938
-2643	1935
-2644	1931
-2644	1928
-2644	1925
-2643	1921
-2643	1918
-2642	1914
-2639	1910
-2640	1907
-2639	1904
-2639	1900
-2640	1897
-2638	1893
-2637	1890
-2635	1886
-2635	1883
-2633	1880
-2632	1876
-2632	1873
-2632	1869
-2632	1866
-2630	1862
-2630	1859
-2630	1856
-2629	1852
-2628	1849
-2628	1845
-2626	1842
-2625	1839
-2625	1835
-2622	1832
-2621	1828
-2622	1825
-2622	1822
-2622	1818
-2623	1815
-2622	1811
-2620	1808
-2618	1805
-2619	1801
-2620	1798
-2619	1795
-2617	1791
-2615	1788
-2614	1784
-2614	1781
-2616	1778
-2618	1774
-2619	1771
-2619	1768
-2618	1764
-2616	1761
-2617	1758
-2618	1754
-2619	1751
-2618	1748
-2615	1744
-2610	1741
-2606	1737
-2606	1734
-2604	1731
-2603	1727
-2603	1724
-2602	1721
-2598	1717
-2597	1714
-2597	1711
-2598	1707
-2597	1704
-2596	1701
-2595	1697
-2596	1694
-2594	1691
-2590	1687
-2589	1684
-2590	1681
-2591	1678
-2589	1674
-2586	1671
-2586	1668
-2587	1664
-2588	1661
-2585	1658
-2582	1654
-2581	1651
-2581	1648
-2582	1645
-2582	1641
-2578	1638
-2577	1635
-2576	1632
-2577	1628
-2575	1625
-2574	1622
-2574	1618
-2575	1615
-2574	1612
-2573	1609
-2572	1605
-2571	1602
-2570	1599
-2569	1596
-2570	1592
-2568	1589
-2565	1586
-2565	1583
-2565	1579
-2565	1576
-2564	1573
-2564	1570
-2563	1566
-2562	1563
-2562	1560
-2561	1557
-2558	1553
-2558	1550
-2559	1547
-2559	1544
-2557	1540
-2555	1537
-2553	1534
-2550	1531
-2548	1528
-2549	1525
-2550	1521
-2548	1518
-2548	1515
-2548	1512
-2547	1508
-2545	1505
-2545	1502
-2545	1499
-2546	1495
-2543	1492
-2543	1489
-2542	1486
-2541	1483
-2541	1479
-2541	1476
-2541	1473
-2539	1470
-2539	1466
-2538	1463
-2538	1460
-2538	1457
-2537	1454
-2537	1450
-2535	1447
-2533	1444
-2533	1441
-2531	1438
-2531	1435
-2532	1431
-2530	1428
-2532	1425
-2532	1421
-2532	1418
-2530	1415
-2526	1412
-2524	1409
-2525	1406
-2526	1403
-2524	1399
-2523	1396
-2518	1394
-2517	1390
-2517	1387
-2517	1384
-2517	1381
-2515	1378
-2513	1375
-2513	1371
-2510	1369
-2509	1365
-2508	1362
-2508	1359
-2506	1356
-2502	1353
-2502	1350
-2501	1347
-2499	1344
-2498	1341
-2499	1338
-2500	1334
-2499	1331
-2498	1328
-2497	1325
-2498	1321
-2498	1318
-2496	1315
-2493	1312
-2492	1309
-2491	1306
-2491	1303
-2489	1300
-2488	1297
-2488	1294
-2489	1290
-2488	1287
-2485	1284
-2484	1281
-2485	1278
-2483	1275
-2481	1272
-2480	1269
-2479	1266
-2477	1263
-2476	1260
-2477	1256
-2478	1253
-2476	1250
-2472	1247
-2472	1244
-2471	1241
-2471	1238
-2470	1235
-2470	1232
-2470	1228
-2469	1225
-2468	1222
-2467	1219
-2466	1216
-2467	1213
-2465	1210
-2463	1207
-2461	1204
-2460	1201
-2460	1198
-2460	1194
-2459	1191
-2457	1188
-2456	1185
-2455	1182
-2456	1179
-2456	1176
-2454	1173
-2454	1170
-2453	1166
-2452	1163
-2452	1160
-2451	1157
-2450	1154
-2449	1151
-2448	1148
-2448	1145
-2446	1142
-2445	1139
-2442	1136
-2441	1133
-2441	1130
-2443	1126
-2443	1123
-2441	1120
-2439	1117
-2438	1114
-2437	1111
-2436	1108
-2436	1105
-2438	1101
-2438	1098
-2435	1095
-2435	1092
-2440	1087
-2435	1085
-2431	1083
-2428	1080
-2427	1077
-2426	1074
-2424	1071
-2422	1069
-2422	1065
-2421	1062
-2421	1059
-2420	1056
-2419	1053
-2417	1050
-2416	1047
-2415	1044
-2415	1041
-2415	1037
-2413	1035
-2411	1032
-2410	1029
-2410	1025
-2408	1023
-2407	1020
-2407	1017
-2405	1014
-2405	1010
-2404	1007
-2403	1004
-2403	1001
-2403	998
-2402	995
-2402	991
-2403	988
-2402	985
-2401	982
-2401	978
-2399	976
-2397	973
-2395	970
-2395	967
-2395	963
-2392	961
-2391	958
-2391	954
-2388	952
-2386	949
-2386	946
-2387	942
-2387	939
-2385	936
-2383	934
-2380	931
-2379	928
-2381	924
-2380	921
-2380	918
-2378	915
-2377	912
-2378	908
-2379	905
-2378	902
-2376	899
-2375	896
-2374	893
-2373	890
-2373	886
-2372	883
-2370	881
-2369	878
-2370	874
-2368	871
-2368	868
-2367	865
-2366	862
-2367	858
-2368	854
-2367	851
-2365	849
-2362	846
-2359	844
-2358	841
-2359	837
-2358	834
-2355	832
-2357	827
-2356	824
-2354	822
-2354	818
-2353	815
-2353	812
-2352	809
-2350	806
-2350	803
-2349	800
-2347	797
-2346	794
-2344	791
-2342	789
-2343	785
-2342	782
-2341	779
-2341	775
-2340	772
-2339	769
-2336	767
-2333	764
-2332	761
-2331	758
-2331	755
-2330	752
-2328	749
-2327	746
-2329	742
-2325	740
-2322	738
-2323	734
-2325	729
-2326	726
-2325	723
-2323	720
-2321	717
-2321	714
-2321	711
-2318	708
-2315	706
-2314	703
-2314	700
-2313	696
-2313	693
-2310	691
-2310	687
-2310	684
-2308	681
-2307	678
-2307	674
-2305	671
-2303	669
-2302	666
-2300	663
-2299	660
-2300	656
-2300	653
-2297	651
-2296	647
-2296	644
-2297	640
-2297	636
-2295	634
-2294	630
-2294	627
-2294	623
-2292	621
-2289	619
-2286	616
-2286	613
-2284	610
-2283	607
-2282	604
-2282	600
-2280	598
-2279	595
-2278	592
-2276	589
-2276	585
-2277	581
-2276	578
-2274	575
-2272	573
-2270	570
-2270	567
-2270	563
-2269	560
-2268	557
-2267	553
-2267	550
-2265	547
-2263	545
-2260	542
-2259	539
-2259	536
-2259	532
-2259	529
-2257	526
-2255	523
-2253	520
-2252	518
-2252	514
-2251	510
-2250	508
-2251	503
-2249	500
-2249	497
-2246	495
-2244	492
-2244	488
-2244	485
-2243	481
-2242	478
-2241	475
-2239	473
-2236	470
-2235	468
-2234	464
-2233	461
-2232	458
-2230	455
-2229	452
-2228	449
-2227	446
-2226	442
-2225	439
-2224	436
-2222	433
-2220	431
-2220	427
-2221	422
-2221	419
-2217	417
-2217	413
-2215	411
-2211	409
-2210	407
-2211	402
-2213	397
-2213	393
-2211	390
-2209	388
-2208	384
-2207	381
-2205	378
-2205	375
-2203	372
-2203	368
-2202	365
-2202	361
-2202	357
-2202	353
-2200	351
-2197	349
-2196	346
-2194	343
-2191	341
-2189	338
-2189	334
-2189	330
-2189	327
-2186	325
-2185	321
-2183	318
-2183	315
-2181	312
-2179	309
-2179	305
-2178	302
-2177	299
-2175	296
-2171	295
-2170	291
-2172	286
-2172	282
-2171	279
-2167	278
-2164	275
-2166	270
-2166	266
-2165	263
-2165	259
-2162	257
-2160	254
-2160	250
-2160	246
-2157	244
-2156	241
-2156	237
-2156	233
-2150	233
-2146	231
-2147	227
-2151	220
-2149	217
-2147	215
-2144	213
-2144	209
-2137	209
-2135	207
-2131	205
-2129	203
-2127	200
-2125	198
-2120	197
-2116	196
-2112	194
-2110	192
-2105	191
-2103	189
-2101	187
-2095	187
-2090	186
-2085	186
-2082	184
-2078	183
-2075	181
-2064	185
-2060	184
-2058	181
-2057	178
-2056	175
-2054	172
-2056	167
-2055	163
-2052	161
-2050	159
-2048	156
-2047	152
-2048	147
-2047	144
-2047	140
-2045	138
-2043	135
-2041	133
-2041	128
-2040	124
-2038	122
-2036	120
-2035	116
-2035	112
-2033	109
-2032	106
-2032	101
-2031	98
-2028	96
-2027	93
-2025	90
-2025	86
-2023	83
-2022	80
-2022	76
-2020	73
-2018	70
-2015	68
-2013	65
-2013	62
-2013	57
-2011	54
-2009	51
-2009	47
-2009	43
-2008	39
-2006	37
-2004	34
-2002	32
-2000	28
-2000	24
-2000	20
-1997	18
-1995	15
-1996	10
-1996	6
-1995	2
-1993	-0
-1990	-2
-1988	-5
-1990	-11
-1990	-16
-1989	-20
-1987	-22
-1983	-23
-1981	-26
-1982	-32
-1979	-34
-1978	-37
-1979	-43
-1978	-46
-1976	-49
-1975	-52
-1975	-57
-1974	-61
-1972	-64
-1970	-66
-1968	-69
-1965	-71
-1964	-75
-1964	-80
-1963	-83
-1961	-86
-1961	-90
-1959	-93
-1957	-96
-1956	-100
-1955	-103
-1954	-108
-1953	-111
-1950	-113
-1950	-117
-1948	-120
-1946	-123
-1943	-125
-1943	-130
-1940	-132
-1937	-134
-1924	-126
-1920	-126
-1915	-126
-1909	-126
-1905	-126
-1902	-128
-1899	-130
-1896	-131
-1892	-133
-1889	-134
-1885	-135
-1882	-137
-1881	-140
-1877	-141
-1869	-138
-1863	-137
-1861	-140
-1850	-133
-1841	-129
-1835	-127
-1830	-127
-1824	-125
-1818	-123
-1811	-121
-1806	-121
-1802	-121
-1799	-123
-1796	-125
-1792	-126
-1789	-127
-1788	-131
-1786	-133
-1779	-131
-1775	-131
-1772	-133
-1769	-134
-1765	-135
-1759	-133
-1755	-133
-1754	-137
-1750	-138
-1746	-139
-1743	-139
-1733	-133
-1718	-122
-1706	-114
-1702	-114
-1700	-116
-1697	-118
-1694	-120
-1692	-122
-1690	-125
-1688	-127
-1686	-130
-1684	-133
-1683	-136
-1680	-137
-1677	-139
-1674	-140
-1671	-142
-1667	-142
-1660	-139
-1652	-134
-1644	-130
-1639	-129
-1635	-129
-1632	-131
-1630	-133
-1628	-135
-1626	-138
-1624	-140
-1622	-143
-1620	-145
-1617	-146
-1612	-146
-1610	-148
-1609	-152
-1609	-157
-1606	-158
-1602	-159
-1593	-153
-1584	-146
-1577	-142
-1571	-140
-1567	-140
-1566	-144
-1564	-147
-1564	-151
-1555	-146
-1551	-145
-1545	-142
-1541	-143
-1541	-148
-1541	-152
-1537	-153
-1527	-145
-1520	-141
-1517	-142
-1511	-139
-1503	-134
-1496	-130
-1492	-131
-1490	-132
-1487	-134
-1484	-135
-1483	-138
-1484	-145
-1481	-146
-1479	-148
-1473	-145
-1467	-143
-1463	-143
-1461	-145
-1457	-144
-1453	-143
-1449	-144
-1445	-143
-1441	-143
-1438	-144
-1435	-145
-1430	-144
-1427	-144
-1423	-143
-1413	-136
-1408	-133
-1404	-133
-1401	-134
-1399	-136
-1396	-138
-1396	-142
-1396	-148
-1395	-151
-1394	-155
-1391	-156
-1390	-160
-1387	-161
-1382	-158
-1377	-156
-1375	-159
-1371	-159
-1364	-153
-1357	-149
-1353	-148
-1349	-147
-1345	-147
-1342	-148
-1340	-150
-1337	-152
-1335	-153
-1334	-157
-1331	-158
-1328	-158
-1324	-158
-1321	-159
-1317	-158
-1314	-158
-1311	-159
-1308	-160
-1305	-161
-1302	-161
-1298	-161
-1295	-161
-1292	-162
-1289	-163
-1286	-165
-1283	-164
-1279	-164
-1275	-163
-1272	-164
-1274	-172
-1276	-180
-1269	-176
-1260	-167
-1254	-163
-1251	-163
-1249	-165
-1246	-167
-1243	-167
-1238	-165
-1234	-164
-1232	-165
-1228	-165
-1224	-164
-1222	-166
-1220	-168
-1218	-169
-1215	-171
-1212	-172
-1208	-170
-1205	-170
-1201	-169
-1198	-170
-1195	-171
-1193	-173
-1190	-173
-1187	-175
-1184	-176
-1180	-174
-1178	-175
-1175	-176
-1173	-178
-1170	-179
-1163	-173
-1158	-169
-1154	-168
-1150	-168
-1147	-168
-1145	-171
-1144	-173
-1142	-175
-1139	-177
-1137	-179
-1133	-178
-1131	-179
-1128	-181
-1125	-181
-1122	-180
-1119	-180
-1115	-180
-1112	-180
-1108	-179
-1105	-179
-1099	-174
-1093	-169
-1089	-167
-1086	-169
-1084	-171
-1082	-172
-1079	-172
-1076	-173
-1073	-174
-1070	-174
-1066	-173
-1062	-170
-1059	-171
-1058	-175
-1057	-179
-1055	-181
-1051	-180
-1045	-174
-1043	-175
-1042	-179
-1038	-179
-1032	-173
-1029	-173
-1027	-174
-1023	-172
-1019	-172
-1016	-172
-1013	-172
-1011	-173
-999	-156
-991	-147
-988	-146
-986	-148
-984	-149
-981	-150
-980	-153
-977	-154
-972	-150
-968	-148
-965	-147
-962	-148
-960	-150
-957	-150
-954	-150
-951	-151
-949	-151
-945	-150
-942	-150
-940	-151
-938	-154
-937	-158
-934	-158
-933	-162
-932	-165
-924	-155
-917	-146
-913	-144
-911	-145
-907	-143
-903	-140
-899	-140
-897	-140
-894	-141
-892	-142
-890	-144
-889	-150
-889	-155
-886	-156
-881	-151
-877	-147
-873	-144
-869	-143
-867	-143
-863	-143
-860	-142
-857	-142
-855	-143
-853	-144
-780	0
-777	2
-774	1
-771	2
-768	3
-766	2
-764	2
-761	2
-758	2
-756	2
-753	3
-750	3
-747	4
-745	3
-742	4
-740	2
-738	2
-736	1
-733	2
-732	-1
-732	-9
-732	-15
-729	-15
-725	-11
-721	-7
-720	-10
-720	-18
-718	-19
-716	-21
-745	-125
-744	-130
-743	-134
-741	-137
-739	-139
-738	-142
-735	-142
-733	-143
-730	-144
-728	-146
-726	-146
-724	-148
-721	-148
-718	-149
-716	-149
-714	-151
-711	-152
-709	-153
-706	-153
-704	-153
-701	-153
-698	-153
-696	-155
-694	-155
-691	-156
-688	-156
-686	-158
-684	-157
-682	-159
-680	-162
-677	-161
-673	-158
-670	-157
-668	-158
-667	-164
-666	-169
-665	-174
-663	-176
-661	-178
-658	-177
-655	-178
-652	-177
-650	-178
-648	-179
-644	-176
-641	-176
-639	-177
-636	-177
-634	-177
-631	-177
-628	-176
-625	-176
-623	-176
-620	-176
-617	-175
-615	-176
-613	-178
-610	-178
-608	-179
-604	-176
-602	-177
-599	-177
-596	-175
-591	-168
-587	-162
-583	-158
-580	-155
-577	-155
-575	-155
-573	-157
-570	-157
-567	-156
-565	-157
-562	-158
-560	-158
-558	-159
-557	-165
-555	-170
-554	-174
-552	-177
-550	-180
-548	-182
-546	-184
-544	-185
-541	-184
-538	-186
-536	-186
-533	-186
-530	-185
-528	-184
-525	-186
-523	-186
-520	-185
-518	-186
-515	-185
-512	-185
-510	-184
-507	-185
-505	-186
-502	-185
-499	-185
-497	-185
-494	-186
-492	-186
-489	-184
-486	-182
-483	-183
-481	-184
-479	-184
-476	-185
-474	-185
-471	-185
-468	-185
-466	-184
-463	-185
-461	-185
-459	-187
-456	-186
-453	-187
-451	-185
-448	-185
-445	-185
-443	-186
-440	-185
-438	-185
-435	-185
-433	-186
-430	-186
-428	-186
-425	-186
-423	-186
-420	-185
-417	-184
-415	-184
-412	-185
-409	-183
-407	-184
-405	-184
-402	-184
-400	-185
-397	-184
-394	-184
-392	-183
-389	-185
-387	-185
-384	-185
-382	-184
-379	-184
-377	-184
-374	-184
-372	-185
-370	-186
-367	-185
-364	-185
-362	-185
-359	-185
-357	-185
-354	-184
-352	-185
-349	-184
-347	-185
-344	-185
-341	-183
-339	-182
-336	-180
-333	-177
-330	-174
-328	-173
-325	-174
-323	-175
-321	-177
-319	-181
-317	-186
-314	-186
-312	-186
-309	-186
-307	-185
-304	-184
-302	-184
-299	-184
-297	-184
-294	-184
-292	-184
-289	-184
-287	-184
-284	-184
-282	-184
-279	-185
-277	-186
-274	-185
-272	-184
-269	-186
-267	-186
-265	-186
-262	-186
-260	-186
-257	-185
-255	-185
-252	-185
-250	-185
-247	-184
-244	-183
-242	-183
-240	-186
-237	-187
-235	-186
-232	-186
-230	-187
-227	-187
-225	-186
-222	-185
-220	-185
-217	-186
-215	-186
-213	-185
-210	-185
-208	-184
-205	-185
-203	-184
-200	-183
-198	-182
-195	-183
-193	-184
-190	-185
-188	-185
-185	-185
-183	-183
-180	-183
-178	-183
-176	-185
-173	-185
-171	-184
-168	-184
-166	-184
-163	-184
-161	-184
-158	-186
-156	-187
-153	-186
-151	-185
-148	-184
-146	-182
-144	-183
-141	-183
-139	-184
-136	-185
-134	-185
-131	-185
-129	-184
-126	-183
-124	-183
-121	-184
-119	-185
-117	-183
-114	-182
-112	-182
-109	-183
-107	-183
-104	-184
-102	-185
-99	-185
-97	-185
-95	-185
-92	-185
-90	-184
-87	-183
-85	-181
-82	-182
-80	-183
-77	-184
-72	-184
-70	-183
-68	-184
-65	-185
-63	-185
-60	-186
-58	-185
-55	-185
-53	-186
-50	-187
-48	-185
-45	-183
-43	-182
-41	-182
-38	-183
-36	-183
-33	-183
-31	-183
-28	-183
-26	-183
-23	-184
-21	-184
-18	-185
-16	-185
-14	-185
-11	-184
-9	-185
-6	-186
-4	-186
-1	-185
1	-183
4	-183
6	-183
8	-183
11	-182
13	-183
16	-184
18	-183
21	-183
23	-184
26	-184
28	-185
31	-185
33	-183
35	-183
38	-184
40	-184
43	-185
45	-185
48	-184
50	-184
53	-185
55	-185
58	-185
60	-185
63	-185
65	-186
68	-185
70	-186
73	-186
75	-186
77	-184
80	-183
82	-183
85	-183
87	-183
90	-184
92	-185
95	-185
97	-184
99	-184
102	-184
104	-183
107	-183
109	-184
112	-183
114	-183
117	-183
119	-184
122	-184
124	-184
127	-184
129	-185
132	-186
134	-185
137	-184
139	-183
141	-182
144	-183
146	-183
149	-185
151	-184
154	-184
157	-185
159	-185
161	-185
164	-184
167	-185
169	-186
172	-185
174	-185
176	-184
179	-183
181	-183
184	-183
186	-183
189	-183
191	-183
194	-183
196	-184
199	-185
201	-184
204	-184
206	-185
209	-185
211	-185
214	-185
216	-184
219	-184
221	-182
224	-183
226	-185
229	-184
231	-184
234	-185
236	-184
239	-184
241	-184
244	-184
246	-184
249	-183
251	-183
254	-183
256	-183
259	-184
262	-184
264	-184
266	-183
269	-183
272	-183
274	-184
277	-184
279	-185
282	-184
284	-183
287	-183
289	-183
292	-184
295	-184
297	-185
300	-184
302	-184
305	-183
307	-185
310	-185
312	-185
315	-184
318	-185
320	-183
322	-183
325	-184
328	-185
330	-185
332	-183
335	-182
338	-183
340	-184
343	-184
346	-185
348	-184
351	-185
353	-183
356	-183
358	-184
361	-184
364	-185
366	-185
369	-185
371	-184
374	-185
376	-183
379	-182
381	-182
384	-182
387	-183
389	-183
392	-183
394	-183
397	-183
400	-184
402	-184
405	-184
408	-185
410	-184
412	-181
415	-181
417	-181
420	-182
423	-183
426	-183
428	-183
431	-183
433	-182
436	-182
439	-183
441	-183
444	-183
447	-183
449	-182
451	-180
454	-181
457	-181
459	-178
462	-180
465	-184
467	-182
470	-180
472	-180
475	-179
477	-178
479	-177
481	-175
484	-175
487	-176
490	-178
493	-179
496	-180
499	-180
502	-181
505	-182
507	-182
510	-182
513	-181
515	-182
518	-182
521	-182
523	-182
526	-182
529	-182
532	-183
534	-181
536	-180
539	-180
542	-182
546	-185
550	-187
552	-188
555	-187
557	-186
560	-186
562	-184
565	-183
567	-183
568	-179
570	-176
572	-175
575	-173
577	-171
580	-172
585	-179
589	-183
591	-182
595	-184
599	-188
601	-187
603	-183
604	-179
606	-177
608	-174
610	-172
612	-170
614	-169
610	-150
612	-147
614	-145
616	-144
619	-144
622	-145
625	-146
628	-146
631	-147
635	-150
638	-152
641	-153
643	-151
654	-171
656	-171
659	-170
662	-170
665	-170
668	-172
672	-173
674	-173
678	-175
681	-176
684	-175
685	-171
685	-166
686	-159
687	-156
690	-155
692	-154
695	-154
698	-154
700	-154
703	-154
706	-154
708	-153
711	-152
713	-151
716	-151
718	-150
721	-149
723	-147
726	-147
728	-146
731	-145
733	-144
735	-142
738	-141
740	-140
742	-139
744	-137
746	-133
747	-130
748	-126
748	-120
749	-115
749	-109
720	-16
721	-11
721	-6
723	-3
724	-1
726	0
728	2
731	2
734	2
736	3
738	3
741	3
745	1
749	-2
751	0
753	0
755	2
758	2
761	1
775	2
777	3
780	2
784	-0
880	-168
883	-168
886	-167
889	-167
892	-167
895	-168
900	-170
904	-172
907	-173
911	-174
915	-176
920	-179
924	-181
928	-183
932	-185
935	-184
939	-186
942	-186
946	-188
950	-188
952	-187
955	-185
958	-185
961	-186
965	-187
967	-185
969	-183
971	-181
974	-180
977	-180
982	-183
986	-184
988	-183
991	-181
993	-180
995	-178
997	-175
999	-173
1002	-173
1005	-172
1010	-176
1015	-178
1018	-177
1021	-178
1025	-178
1027	-177
1024	-166
1026	-164
1029	-163
1035	-167
1045	-180
1049	-180
1051	-179
1055	-180
1059	-180
1062	-180
1065	-180
1068	-179
1072	-180
1076	-180
1079	-180
1082	-180
1085	-179
1088	-178
1091	-177
1093	-175
1096	-176
1099	-175
1102	-174
1105	-173
1108	-172
1111	-172
1114	-172
1118	-172
1121	-172
1125	-172
1128	-172
1132	-172
1135	-172
1138	-172
1142	-172
1145	-172
1149	-173
1153	-173
1158	-175
1161	-175
1164	-174
1168	-175
1172	-175
1175	-175
1179	-175
1182	-175
1188	-177
1191	-177
1195	-178
1198	-177
1201	-176
1200	-170
1203	-169
1209	-173
1214	-175
1216	-172
1216	-168
1218	-164
1219	-161
1221	-158
1224	-158
1227	-157
1230	-157
1234	-157
1237	-156
1241	-156
1245	-157
1251	-160
1256	-162
1261	-163
1264	-163
1268	-163
1271	-163
1276	-164
1279	-164
1283	-163
1286	-163
1291	-165
1295	-165
1299	-165
1306	-169
1308	-167
1309	-164
1313	-164
1316	-163
1320	-163
1324	-163
1326	-161
1328	-159
1330	-157
1332	-154
1335	-153
1339	-154
1344	-154
1348	-155
1352	-155
1357	-157
1361	-157
1365	-157
1368	-157
1372	-156
1375	-155
1377	-153
1379	-150
1382	-150
1385	-148
1389	-148
1392	-147
1395	-146
1399	-146
1402	-144
1405	-143
1408	-143
1413	-144
1418	-144
1422	-145
1427	-146
1432	-147
1435	-147
1438	-145
1440	-143
1443	-141
1446	-140
1450	-140
1454	-140
1458	-140
1462	-139
1469	-144
1480	-152
1482	-149
1482	-144
1484	-142
1487	-140
1491	-140
1494	-139
1499	-140
1509	-147
1514	-148
1518	-148
1520	-145
1520	-141
1521	-137
1524	-135
1526	-133
1528	-130
1530	-128
1532	-125
1536	-125
1542	-127
1554	-136
1567	-145
1568	-142
1569	-138
1571	-136
1576	-136
1580	-136
1585	-137
1590	-138
1596	-139
1598	-136
1600	-134
1604	-133
1610	-135
1616	-137
1622	-139
1628	-140
1637	-146
1642	-146
1644	-144
1649	-144
1654	-144
1656	-142
1657	-138
1658	-134
1659	-131
1662	-129
1665	-128
1671	-129
1675	-128
1679	-127
1683	-127
1689	-129
1691	-126
1687	-117
1689	-114
1692	-112
1696	-112
1700	-112
1704	-110
1707	-109
1710	-108
1714	-107
1719	-107
1722	-106
1725	-104
1729	-103
1753	-122
1764	-128
1767	-127
1768	-123
1777	-127
1782	-128
1785	-126
1789	-124
1792	-123
1797	-123
1802	-123
1806	-122
1804	-116
1798	-105
1800	-102
1810	-108
1816	-109
1822	-110
1830	-113
1839	-116
1848	-120
1856	-123
1860	-122
1864	-121
1868	-120
1873	-120
1877	-119
1879	-115
1882	-114
1883	-110
1883	-106
1885	-102
1887	-99
1888	-96
1891	-93
1894	-92
1898	-91
1903	-90
1908	-91
1913	-90
1919	-91
1931	-97
1937	-98
1941	-97
1945	-96
1949	-94
1954	-94
1961	-96
1970	-99
1974	-98
1979	-98
1984	-97
1988	-95
1991	-93
1995	-92
2000	-92
2009	-95
2018	-98
2022	-97
2025	-94
2032	-95
2035	-93
2035	-89
2036	-85
2039	-82
2041	-80
2042	-76
2043	-72
2049	-73
2061	-78
2079	-88
2086	-89
2092	-89
2096	-88
2089	-77
2089	-72
2091	-69
2092	-66
2096	-64
2099	-62
2102	-59
2105	-58
2113	-59
2128	-66
2142	-73
2144	-69
2147	-67
2152	-67
2162	-70
2168	-70
2169	-66
2174	-65
2179	-65
2184	-63
2191	-64
2203	-69
2217	-75
2223	-75
2218	-66
2216	-60
2218	-57
2221	-54
2223	-51
2224	-47
2227	-45
2244	-53
2249	-52
2256	-52
2263	-53
2267	-51
2272	-50
2275	-48
2285	-50
2298	-55
2308	-57
2312	-56
2319	-56
2326	-56
2330	-54
2335	-54
2329	-44
2314	-29
2314	-24
2322	-25
2334	-29
2346	-33
2352	-32
2354	-29
2356	-25
2355	-20
2355	-15
2357	-12
2357	-7
2357	-2
2356	3
2356	7
2358	11
2358	16
2357	21
2359	25
2359	29
2360	33
2360	37
2362	41
2364	44
2364	49
2363	54
2363	59
2363	63
2361	69
2362	73
2364	77
2363	81
2365	85
2367	88
2368	92
2367	97
2368	101
2371	104
2372	108
2374	111
2371	117
2367	124
2368	128
2369	132
2368	137
2370	140
2372	143
2373	148
2374	151
2372	157
2373	161
2373	165
2375	168
2376	172
2376	176
2377	181
2379	184
2380	187
2378	193
2379	196
2378	202
2377	207
2377	211
2377	215
2376	220
2377	224
2378	228
2388	226
2383	234
2384	237
2384	241
2385	245
2386	249
2384	255
2386	258
2387	262
2387	266
2388	269
2392	272
2394	274
2394	279
2394	283
2394	288
2395	291
2396	295
2395	300
2395	304
2397	307
2399	310
2401	313
2402	317
2403	320
2403	325
2404	328
2405	332
2405	336
2405	340
2406	344
2405	349
2404	353
2404	358
2406	361
2408	364
2410	367
2412	370
2412	374
2412	378
2412	383
2413	386
2416	389
2418	392
2418	396
2418	400
2417	405
2416	409
2416	413
2418	416
2420	420
2419	424
2419	428
2419	432
2421	435
2421	440
2422	443
2423	447
2425	450
2427	453
2429	456
2430	460
2431	463
2432	467
2432	471
2432	474
2431	479
2431	483
2433	486
2433	490
2434	494
2435	497
2435	501
2437	504
2438	508
2439	511
2439	516
2438	520
2440	523
2442	526
2443	529
2441	534
2442	538
2444	541
2445	545
2444	549
2446	552
2447	555
2448	559
2448	563
2448	567
2449	571
2450	574
2451	578
2450	582
2451	585
2452	589
2454	592
2454	596
2455	599
2455	603
2456	607
2455	611
2456	614
2457	618
2459	621
2460	624
2460	628
2461	632
2461	635
2462	639
2463	642
2463	646
2463	650
2463	654
2463	658
2464	661
2466	665
2467	668
2467	672
2467	676
2468	679
2469	682
2471	686
2470	690
2471	693
2471	697
2471	701
2473	704
2473	708
2474	711
2475	715
2476	718
2475	722
2476	726
2477	729
2478	732
2479	736
2480	739
2479	743
2479	747
2480	751
2481	754
2482	757
2482	761
2484	764
2484	768
2483	772
2482	776
2484	779
2485	783
2486	786
2487	789
2487	793
2488	797
2489	800
2489	804
2490	807
2490	811
2491	814
2492	818
2493	821
2493	825
2493	828
2493	832
2495	835
2496	839
2497	842
2497	846
2498	849
2498	853
2498	857
2498	860
2499	864
2500	867
2501	871
2502	874
2502	878
2503	881
2503	885
2503	888
2504	892
2505	895
2506	898
2506	902
2506	906
2507	909
2508	912
2509	916
2510	919
2509	923
2510	927
2511	930
2512	933
2513	937
2512	941
2513	944
2514	947
2515	951
2516	954
2516	958
2515	962
2515	965
2517	968
2517	972
2517	976
2518	979
2519	982
2520	986
2520	989
2521	993
2521	996
2522	1000
2522	1003
2523	1007
2523	1010
2523	1014
2526	1017
2527	1020
2528	1023
2527	1027
2527	1031
2529	1034
2530	1038
2529	1041
2530	1045
2530	1048
2531	1052
2531	1055
2532	1059
2531	1062
2532	1066
2532	1069
2533	1073
2534	1076
2536	1079
2535	1083
2536	1086
2537	1090
2539	1093
2538	1096
2537	1100
2538	1104
2541	1107
2542	1110
2541	1114
2543	1117
2543	1121
2543	1124
2542	1128
2542	1131
2544	1135
2546	1138
2547	1141
2548	1144
2548	1148
2547	1152
2548	1155
2549	1159
2548	1162
2550	1165
2552	1169
2552	1172
2553	1175
2554	1179
2554	1182
2554	1186
2556	1189
2556	1193
2557	1196
2556	1200
2556	1203
2557	1207
2558	1210
2558	1214
2559	1217
2560	1220
2560	1224
2561	1227
2560	1231
2561	1234
2562	1238
2562	1241
2563	1245
2563	1248
2564	1251
2564	1255
2565	1258
2568	1261
2569	1265
2569	1268
2568	1272
2569	1275
2568	1279
2569	1282
2570	1286
2571	1289
2571	1293
2572	1296
2572	1300
2574	1303
2574	1306
2574	1310
2574	1313
2576	1317
2575	1320
2576	1324
2577	1327
2578	1330
2578	1334
2579	1337
2579	1341
2580	1344
2580	1348
2582	1351
2582	1355
2582	1358
2583	1362
2583	1365
2584	1368
2584	1372
2585	1375
2585	1379
2586	1382
2587	1386
2587	1389
2587	1393
2587	1396
2586	1400
2587	1403
2587	1407
2587	1410
2589	1414
2590	1417
2591	1420
2593	1424
2593	1427
2593	1431
2595	1434
2595	1437
2595	1441
2596	1444
2597	1448
2597	1451
2597	1455
2596	1458
2595	1462
2598	1465
2599	1469
2599	1472
2600	1476
2602	1479
2602	1482
2601	1486
2602	1490
2601	1493
2601	1497
2601	1500
2604	1503
2605	1507
2605	1510
2605	1514
2605	1517
2607	1521
2608	1524
2609	1528
2609	1531
2612	1535
2612	1538
2612	1542
2612	1545
2613	1548
2613	1552
2614	1555
2614	1559
2613	1563
2613	1566
2614	1569
2615	1573
2617	1576
2617	1580
2618	1583
2618	1587
2618	1590
2619	1594
2620	1597
2620	1601
2621	1604
2622	1608
2623	1611
2623	1615
2623	1618
2623	1622
2624	1625
2625	1629
2624	1632
2624	1636
2625	1639
2627	1643
2629	1646
2631	1650
2632	1653
2632	1657
2631	1661
2629	1664
