2579	1696
2580	1700
2579	1703
2577	1707
2577	1710
2581	1714
2586	1721
2586	1724
2586	1728
2587	1731
2589	1735
2589	1738
2588	1741
2587	1745
2587	1748
2588	1752
2589	1755
2589	1759
2589	1762
2585	1766
2586	1769
2588	1773
2588	1776
2589	1780
2591	1783
2591	1787
2591	1790
2592	1794
2591	1797
2592	1801
2591	1804
2591	1808
2593	1812
2594	1815
2594	1819
2594	1822
2594	1826
2594	1829
2594	1833
2594	1836
2594	1840
2594	1843
2593	1847
2594	1850
2595	1854
2596	1857
2595	1861
2595	1864
2595	1868
2596	1871
2596	1875
2596	1878
2595	1882
2597	1885
2599	1889
2598	1893
2597	1896
2599	1900
2599	1903
2601	1907
2601	1910
2600	1914
2599	1917
2601	1921
2598	1924
2597	1928
2600	1931
2603	1935
2604	1939
2604	1942
2605	1946
2605	1950
2606	1953
2605	1957
2604	1960
2606	1964
2608	1968
2607	1971
2605	1974
2606	1978
2608	1982
2608	1985
2607	1989
2607	1992
2607	1996
2606	1999
2606	2003
2605	2006
2605	2010
2607	2014
2608	2017
2608	2021
2607	2024
2609	2028
2611	2032
2612	2036
2610	2039
2608	2042
2609	2046
2609	2050
2611	2053
2611	2057
2610	2060
2610	2064
2612	2068
2611	2071
2612	2075
2614	2079
2614	2083
2614	2086
2614	2090
2612	2093
2610	2096
2613	2100
2616	2105
2617	2108
2615	2112
2615	2115
2616	2119
2618	2123
2618	2126
2618	2130
2618	2134
2617	2137
2619	2141
2619	2145
2618	2148
2620	2152
2619	2156
2621	2160
2622	2163
2627	2168
2630	2172
2630	2176
2628	2179
2630	2183
2632	2187
2633	2191
2633	2195
2633	2198
2632	2202
2631	2205
2631	2209
2631	2213
2631	2216
2633	2220
2633	2224
2632	2228
2633	2231
2633	2235
2633	2239
2631	2242
2632	2246
2631	2249
2632	2253
2631	2257
2632	2261
2633	2265
2633	2268
2632	2272
2636	2276
2638	2281
2639	2284
2638	2288
2635	2291
2635	2295
2632	2298
2631	2301
2633	2306
2639	2311
2638	2314
2639	2318
2641	2322
2641	2326
2641	2330
2641	2334
2638	2337
2638	2340
2641	2345
2641	2348
2638	2352
2638	2355
2640	2360
2639	2363
2637	2366
2640	2371
2643	2376
2644	2380
2641	2383
2639	2386
2640	2390
2643	2395
2645	2399
2647	2403
2646	2407
2646	2410
2644	2414
2646	2418
2649	2423
2648	2426
2645	2429
2644	2433
2645	2437
2647	2441
2648	2446
2648	2449
2650	2454
2649	2457
2647	2461
2646	2464
2646	2468
2646	2472
2646	2476
2648	2480
2649	2484
2648	2488
2648	2492
2649	2496
2648	2499
2648	2503
2648	2507
2648	2511
2649	2515
2649	2519
2650	2523
2649	2527
2649	2531
2649	2535
2651	2539
2649	2543
2650	2547
2653	2552
2649	2554
2648	2558
2650	2563
2650	2566
2650	2570
2650	2574
2656	2580
2656	2584
2655	2588
2654	2592
2651	2594
2647	2597
2647	2601
2648	2605
2651	2610
2655	2616
2655	2619
2653	2623
2653	2627
2654	2631
2654	2635
2654	2639
2654	2643
2653	2647
2654	2651
2653	2655
2655	2660
2654	2663
2654	2667
2657	2672
2661	2678
2659	2681
2657	2685
2656	2688
2656	2692
2657	2697
2657	2701
2656	2705
2658	2709
2658	2713
2660	2718
2664	2724
2665	2728
2663	2732
2662	2735
2660	2739
2661	2743
2662	2748
2664	2752
2663	2756
2663	2760
2662	2764
2663	2769
2661	2772
2661	2776
2660	2780
2662	2785
2661	2789
2660	2792
2659	2796
2660	2801
2661	2805
2663	2810
2665	2815
2663	2819
2663	2823
2663	2827
2663	2831
2665	2836
2666	2841
2664	2844
2666	2849
2668	2854
2666	2858
2665	2861
2664	2865
2666	2871
2666	2875
2664	2878
2666	2883
2666	2888
2668	2893
2670	2898
2669	2902
2669	2906
2670	2911
2672	2916
2672	2920
2671	2924
2669	2928
2672	2933
2668	2936
2669	2941
2669	2945
2669	2949
2670	2954
2674	2960
2672	2964
2669	2967
2668	2970
2672	2977
2671	2980
2669	2984
2669	2989
2669	2993
2670	2998
2672	3003
2671	3007
2671	3012
2672	3017
2673	3021
2672	3025
2679	3033
2678	3037
2677	3041
2681	3047
2681	3052
2680	3056
2680	3060
2677	3064
2673	3066
2663	3065
2644	3060
2631	3059
2625	3060
2621	3062
2618	3065
2618	3070
2617	3074
2609	3074
2606	3077
2604	3080
2601	3083
2598	3086
2597	3090
2597	3094
2597	3099
2601	3105
2610	3115
2612	3120
2611	3124
2612	3129
2619	3137
2686	3178
2684	3182
2685	3187
2685	3191
2683	3195
2683	3200
2682	3204
2683	3209
2683	3214
2682	3218
2682	3223
2684	3229
2682	3232
2679	3235
2678	3239
2679	3245
2680	3250
2679	3255
2680	3260
2677	3263
2677	3267
2678	3273
2681	3280
2680	3284
2678	3287
2678	3292
2678	3297
2679	3302
2678	3307
2677	3311
2674	3314
2674	3319
2677	3325
2677	3330
2677	3335
2679	3341
2678	3346
2677	3350
2676	3354
2676	3359
2676	3364
2675	3368
2676	3374
2675	3378
2673	3382
2672	3387
2679	3395
2676	3399
2674	3403
2674	3407
2674	3412
2673	3417
2674	3423
2674	3427
2674	3433
2673	3437
2673	3442
2672	3447
2672	3451
2669	3455
2667	3459
2668	3464
2668	3470
2667	3474
2663	3476
2659	3479
2657	3483
2657	3488
2658	3493
2656	3497
2655	3502
2655	3507
2652	3510
2650	3514
2648	3518
2648	3523
2650	3530
2649	3534
2648	3538
2649	3544
2649	3549
2646	3553
2644	3557
2642	3561
2642	3565
2641	3570
2640	3575
2639	3579
2637	3584
2634	3587
2634	3592
2634	3597
2634	3602
2632	3607
2630	3610
2630	3615
2629	3620
2628	3625
2629	3631
2625	3634
2624	3638
2622	3642
2621	3646
2622	3653
2623	3659
2623	3664
2624	3670
2621	3674
2618	3677
2617	3682
2617	3687
2619	3694
2618	3699
2616	3702
2615	3707
2614	3712
2612	3716
2611	3721
2609	3725
2607	3729
2606	3734
2609	3741
2608	3746
2606	3750
2606	3756
2603	3759
2603	3765
2603	3770
2601	3775
2603	3782
2603	3787
2602	3792
2602	3798
2601	3803
2598	3806
2598	3812
2596	3816
2595	3821
2595	3826
2595	3832
2594	3837
2592	3841
2589	3845
2587	3849
2587	3855
2588	3861
2587	3866
2585	3870
2583	3875
2581	3879
2582	3886
2580	3890
2578	3894
2578	3900
2577	3905
2573	3908
2570	3910
2570	3916
2573	3925
2575	3932
2573	3937
2570	3941
2568	3945
2566	3949
2563	3952
2565	3960
2563	3964
2560	3968
2559	3973
2558	3978
2559	3985
2556	3989
2554	3993
2556	4000
2553	4004
2550	4008
2550	4014
2550	4020
2547	4024
2542	4025
2540	4030
2540	4035
2539	4041
2536	4045
2535	4049
2533	4054
2530	4058
2528	4062
2526	4066
2524	4071
2524	4077
2517	4077
2529	4094
2526	4098
2522	4100
2536	4119
2530	4120
2512	4117
2511	4122
2510	4127
2507	4131
2505	4135
2502	4139
2500	4144
2499	4149
2497	4153
2495	4158
2493	4163
2492	4168
2489	4172
2486	4175
2484	4180
2484	4186
2480	4189
2474	4190
2472	4194
2473	4201
2469	4204
2467	4209
2466	4215
2465	4220
2464	4226
2461	4230
2459	4234
2458	4240
2456	4244
2452	4247
2448	4250
2446	4255
2444	4259
2443	4265
2440	4269
2440	4276
2440	4282
2437	4286
2434	4290
2432	4294
2429	4298
2429	4305
2426	4309
2425	4314
2422	4318
2170	4059
2168	4063
2165	4067
2164	4072
2163	4076
2158	4078
2159	4085
2159	4091
2156	4094
2152	4097
2151	4102
2153	4110
2149	4112
2396	4388
2394	4392
2392	4398
2385	4397
2384	4403
2383	4409
2380	4413
2379	4418
2376	4422
2371	4424
2366	4426
2362	4428
2359	4433
2358	4438
2355	4443
2351	4446
2348	4449
2345	4453
2342	4457
2339	4460
2335	4464
2332	4468
2329	4471
2326	4475
2322	4478
2320	4483
2318	4488
2314	4491
2311	4495
2309	4499
2306	4503
2301	4505
2297	4508
2294	4512
2291	4516
2288	4520
2285	4523
2283	4529
2278	4530
2273	4532
2269	4534
2266	4538
2264	4543
2263	4550
2260	4554
2258	4560
2256	4565
2251	4566
2246	4568
2244	4573
2242	4578
2238	4581
2235	4585
2232	4589
2229	4592
2224	4595
2222	4599
2218	4602
2214	4605
2211	4610
2208	4613
2203	4615
2200	4619
2196	4622
2193	4625
2189	4628
2186	4632
2183	4636
2180	4640
2177	4644
2173	4648
2170	4651
2166	4654
2163	4658
2161	4664
2158	4668
2154	4670
2150	4673
2145	4675
2141	4678
2138	4682
2135	4686
2130	4688
2126	4690
2123	4694
2120	4699
2118	4704
2111	4703
2106	4704
2102	4707
2099	4711
2095	4714
2091	4717
2087	4719
2083	4722
2080	4726
2077	4731
2076	4737
2072	4740
2069	4744
2061	4741
2054	4740
2053	4748
2051	4752
2047	4755
2043	4758
2039	4760
2036	4765
2033	4769
2030	4774
2025	4775
2020	4777
2017	4780
2014	4786
2011	4790
2008	4793
2004	4797
2001	4801
1993	4798
1990	4803
1988	4808
1986	4813
1983	4817
1978	4820
1973	4821
1970	4825
1969	4832
1966	4837
1961	4839
1957	4841
1952	4843
1948	4845
1944	4848
1941	4852
1936	4854
1932	4856
1927	4858
1924	4862
1920	4866
1916	4868
1912	4871
1908	4874
1904	4876
1900	4880
1897	4884
1893	4887
1890	4891
1886	4894
1882	4897
1877	4898
1872	4900
1868	4903
1864	4905
1860	4908
1856	4911
1850	4910
1845	4912
1841	4915
1837	4918
1833	4920
1828	4921
1823	4924
1819	4926
1815	4929
1811	4931
1806	4932
1801	4934
1798	4937
1793	4939
1787	4939
1782	4940
1780	4946
1777	4951
1773	4954
1768	4955
1762	4955
1759	4958
1755	4962
1751	4965
1747	4967
1742	4968
1737	4970
1733	4973
1728	4973
1723	4976
1719	4978
1715	4981
1712	4985
1708	4989
1703	4990
1699	4992
1695	4996
1691	4998
1686	4999
1681	5001
1676	5002
1671	5003
1666	5004
1662	5007
1660	5012
1655	5014
1651	5017
1646	5018
1641	5019
1635	5019
1632	5022
1627	5024
1623	5027
1618	5029
1615	5032
1610	5034
1605	5035
1600	5035
1595	5036
1591	5039
1587	5042
1582	5044
1578	5047
1574	5050
1570	5052
1565	5053
1561	5056
1557	5058
1552	5060
1547	5061
1543	5063
1539	5066
1535	5069
1531	5073
1527	5077
1524	5081
1519	5083
1515	5084
1511	5087
1506	5090
1503	5094
1498	5094
1493	5095
1489	5098
1483	5098
1479	5100
1474	5102
1469	5102
1464	5103
1459	5105
1455	5108
1451	5111
1446	5112
1442	5115
1437	5116
1433	5119
1429	5122
1425	5124
1422	5129
1418	5132
1413	5133
1408	5133
1403	5136
1400	5140
1396	5143
1391	5145
1387	5146
1382	5147
1377	5149
1373	5152
1371	5160
1367	5162
1361	5162
1356	5163
1351	5164
1347	5166
1344	5171
1339	5172
1333	5172
1328	5172
1323	5174
1318	5174
1315	5180
1311	5182
1303	5176
1300	5180
1297	5186
1293	5191
1287	5189
1282	5190
1278	5192
1274	5195
1270	5199
1266	5202
1261	5202
1256	5203
1252	5206
1247	5208
1242	5207
1237	5208
1232	5210
1228	5212
1223	5213
1218	5214
1213	5216
1209	5218
1204	5219
1200	5221
1196	5225
1192	5229
1187	5231
1183	5232
1178	5234
1173	5235
1169	5237
1164	5240
1159	5238
1154	5238
1149	5241
1145	5243
1141	5246
1136	5248
1132	5250
1127	5252
1122	5253
1118	5256
1114	5258
1110	5262
1105	5264
1101	5266
1095	5265
1090	5265
1085	5265
1080	5265
1075	5267
1070	5268
1066	5271
1061	5272
1057	5274
1052	5277
1049	5281
1045	5287
1041	5290
1036	5290
1031	5290
1026	5290
1021	5292
1017	5295
1012	5298
1007	5298
1003	5300
999	5303
994	5303
989	5304
984	5304
979	5305
974	5307
969	5307
963	5306
959	5307
953	5306
948	5305
943	5306
939	5310
934	5310
929	5310
924	5310
919	5310
913	5309
908	5310
903	5310
898	5310
894	5312
888	5311
883	5310
878	5310
873	5310
868	5309
863	5308
858	5310
853	5310
848	5310
843	5310
838	5310
832	5309
828	5310
823	5310
818	5311
813	5313
809	5315
804	5315
799	5316
794	5318
789	5317
785	5319
780	5320
775	5322
771	5324
766	5327
762	5328
757	5328
751	5327
747	5328
742	5330
737	5331
733	5333
728	5334
723	5336
719	5340
715	5344
711	5347
707	5350
702	5352
698	5355
693	5359
689	5362
683	5358
678	5357
674	5364
669	5364
665	5366
659	5361
654	5363
649	5363
644	5363
639	5362
634	5364
630	5365
624	5363
619	5362
614	5363
610	5365
605	5369
600	5368
595	5367
590	5367
585	5367
580	5367
575	5368
571	5371
566	5372
561	5372
556	5369
550	5367
546	5369
541	5371
537	5373
532	5375
528	5379
523	5381
518	5381
513	5381
509	5383
504	5385
499	5387
494	5388
490	5390
485	5391
480	5391
475	5388
470	5389
465	5389
460	5388
455	5392
451	5398
447	5400
442	5401
437	5405
433	5408
428	5407
423	5408
418	5409
414	5411
409	5412
404	5413
399	5413
394	5414
389	5414
384	5413
379	5409
374	5410
369	5414
365	5417
360	5418
355	5416
350	5414
344	5410
339	5408
334	5408
329	5409
324	5409
319	5408
315	5409
310	5412
305	5413
300	5413
295	5414
291	5414
286	5414
281	5415
276	5417
271	5419
266	5419
262	5420
257	5419
252	5419
247	5418
242	5419
237	5420
232	5420
227	5421
222	5418
217	5415
212	5414
207	5413
202	5417
198	5419
193	5419
188	5419
183	5420
178	5421
173	5417
168	5413
163	5417
158	5420
154	5422
149	5421
144	5421
139	5420
134	5418
129	5417
124	5417
119	5417
114	5420
110	5425
105	5430
100	5428
95	5432
91	5434
86	5436
81	5437
76	5437
71	5438
66	5438
61	5438
56	5438
51	5438
47	5438
42	5439
37	5438
32	5440
27	5438
22	5436
17	5436
12	5437
7	5439
2	5440
-2	5443
-7	5446
-12	5448
-17	5451
-37	5015
-41	5018
-46	5018
-50	5012
-54	5012
-59	5013
-63	5013
-67	5008
-72	4998
-76	4995
-80	4993
-85	4992
-89	4990
-93	4989
-98	4989
-102	4992
-106	4996
-111	4997
-115	5001
-119	5014
-124	5013
-128	5013
-132	5012
-137	5015
-141	5018
-146	5018
-150	5015
-179	5440
-184	5438
-189	5438
-194	5437
-199	5439
-204	5441
-209	5440
-213	5439
-218	5437
-223	5437
-228	5437
-233	5436
-238	5437
-243	5438
-248	5437
-253	5436
-257	5435
-262	5431
-267	5429
-272	5429
-277	5428
-282	5428
-287	5431
-292	5435
-297	5438
-302	5436
-307	5437
-312	5438
-317	5438
-322	5438
-327	5438
-331	5436
-336	5436
-341	5435
-346	5436
-351	5436
-356	5436
-361	5436
-366	5437
-371	5436
-376	5435
-380	5434
-385	5434
-390	5434
-395	5434
-400	5435
-405	5435
-410	5432
-415	5435
-420	5435
-425	5435
-430	5435
-435	5434
-440	5435
-445	5437
-450	5436
-455	5437
-460	5438
-465	5438
-470	5438
-475	5439
-480	5437
-485	5437
-490	5437
-494	5436
-499	5433
-504	5433
-509	5433
-514	5434
-519	5433
-524	5433
-529	5433
-534	5431
-538	5429
-543	5429
-548	5427
-553	5428
-558	5426
-562	5424
-567	5424
-572	5423
-577	5422
-582	5420
-586	5415
-591	5414
-596	5415
-601	5412
-605	5409
-610	5408
-615	5406
-619	5404
-624	5403
-629	5402
-634	5403
-639	5402
-644	5401
-649	5402
-654	5401
-658	5399
-663	5398
-668	5398
-674	5404
-679	5404
-682	5390
-689	5402
-694	5402
-699	5402
-703	5396
-707	5394
-712	5391
-716	5388
-721	5387
-726	5388
-731	5388
-736	5386
-741	5387
-746	5387
-751	5386
-756	5386
-761	5386
-766	5386
-770	5384
-775	5383
-780	5381
-785	5379
-789	5379
-794	5379
-799	5379
-804	5379
-809	5378
-814	5375
-818	5371
-822	5366
-826	5363
-831	5362
-836	5363
-841	5362
-846	5360
-851	5362
-856	5362
-861	5360
-865	5356
-870	5354
-874	5352
-879	5350
-883	5348
-888	5347
-893	5346
-897	5344
-902	5341
-906	5339
-911	5337
-916	5335
-920	5333
-925	5332
-929	5330
-934	5329
-939	5329
-944	5329
-949	5330
-955	5330
-960	5333
-965	5332
-970	5331
-974	5329
-979	5325
-983	5321
-987	5319
-992	5318
-996	5315
-1000	5311
-1005	5309
-1009	5306
-1014	5305
-1019	5304
-1024	5305
-1029	5306
-1034	5306
-1039	5306
-1045	5306
-1050	5306
-1054	5303
-1058	5302
-1063	5301
-1068	5301
-1073	5301
-1079	5302
-1084	5301
-1088	5297
-1092	5295
-1097	5295
-1103	5297
-1108	5296
-1112	5294
-1117	5293
-1123	5294
-1127	5293
-1132	5291
-1138	5294
-1143	5292
-1148	5294
-1154	5295
-1159	5296
-1163	5293
-1168	5291
-1173	5289
-1178	5289
-1182	5287
-1187	5285
-1192	5285
-1197	5286
-1202	5284
-1206	5282
-1210	5279
-1215	5277
-1220	5278
-1225	5276
-1230	5274
-1234	5271
-1239	5270
-1243	5268
-1248	5266
-1252	5263
-1256	5261
-1261	5259
-1266	5258
-1270	5256
-1275	5254
-1279	5251
-1284	5250
-1289	5250
-1294	5249
-1298	5247
-1303	5244
-1307	5242
-1312	5241
-1317	5239
-1321	5237
-1326	5235
-1331	5236
-1336	5235
-1340	5233
-1345	5230
-1349	5229
-1354	5226
-1358	5223
-1363	5222
-1367	5220
-1372	5219
-1377	5219
-1382	5219
-1387	5217
-1391	5214
-1396	5213
-1401	5212
-1406	5211
-1410	5209
-1415	5208
-1420	5208
-1425	5207
-1430	5205
-1434	5203
-1439	5202
-1444	5201
-1449	5201
-1454	5200
-1459	5198
-1463	5196
-1468	5194
-1473	5192
-1478	5192
-1483	5192
-1489	5192
-1494	5192
-1499	5191
-1504	5190
-1508	5189
-1513	5188
-1519	5188
-1524	5187
-1528	5184
-1532	5181
-1537	5179
-1541	5176
-1546	5175
-1550	5173
-1555	5171
-1559	5168
-1562	5163
-1565	5158
-1569	5155
-1573	5152
-1577	5148
-1582	5146
-1586	5145
-1591	5143
-1595	5140
-1600	5138
-1604	5136
-1608	5133
-1613	5131
-1617	5128
-1621	5126
-1625	5123
-1629	5120
-1634	5118
-1639	5117
-1644	5116
-1649	5115
-1654	5114
-1658	5112
-1662	5109
-1667	5106
-1671	5104
-1676	5104
-1681	5102
-1685	5099
-1689	5096
-1694	5095
-1699	5094
-1704	5093
-1709	5093
-1715	5093
-1720	5092
-1725	5091
-1730	5090
-1735	5088
-1739	5087
-1745	5087
-1750	5086
-1754	5083
-1758	5080
-1762	5078
-1767	5076
-1771	5074
-1776	5072
-1781	5070
-1786	5069
-1790	5067
-1795	5065
-1799	5062
-1804	5061
-1808	5058
-1813	5057
-1817	5055
-1821	5051
-1825	5047
-1828	5043
-1833	5042
-1837	5040
-1842	5037
-1846	5034
-1849	5030
-1852	5025
-1856	5022
-1860	5019
-1864	5016
-1868	5013
-1872	5010
-1876	5007
-1879	5002
-1884	5000
-1887	4997
-1891	4994
-1896	4991
-1900	4990
-1905	4987
-1909	4985
-1913	4982
-1916	4977
-1920	4974
-1924	4972
-1928	4968
-1932	4965
-1935	4960
-1938	4957
-1945	4959
-1951	4959
-1955	4956
-1959	4953
-1963	4951
-1967	4947
-1971	4944
-1975	4941
-1979	4939
-1984	4937
-1988	4934
-1993	4932
-1997	4930
-2001	4927
-2004	4923
-2008	4921
-2013	4918
-2016	4914
-2020	4911
-2025	4909
-2029	4907
-2033	4904
-2037	4902
-2043	4901
-2048	4900
-2052	4897
-2055	4893
-2059	4890
-2065	4891
-2069	4888
-2074	4885
-2079	4885
-2084	4883
-2087	4878
-2090	4874
-2093	4870
-2097	4867
-2101	4864
-2105	4861
-2108	4857
-2112	4855
-2117	4853
-2120	4849
-2124	4846
-2127	4841
-2131	4839
-2136	4836
-2140	4833
-2144	4831
-2148	4828
-2152	4825
-2156	4822
-2160	4820
-2164	4817
-2168	4814
-2172	4811
-2176	4808
-2180	4804
-2183	4801
-2187	4797
-2191	4795
-2195	4792
-2199	4790
-2203	4787
-2207	4784
-2211	4781
-2215	4779
-2220	4776
-2224	4773
-2227	4769
-2231	4767
-2235	4764
-2239	4760
-2243	4757
-2247	4754
-2250	4751
-2253	4746
-2257	4743
-2261	4741
-2266	4739
-2271	4737
-2274	4734
-2277	4729
-2281	4726
-2285	4724
-2290	4723
-2293	4718
-2297	4715
-2301	4712
-2305	4710
-2310	4707
-2314	4705
-2318	4702
-2322	4699
-2326	4697
-2329	4693
-2333	4689
-2336	4685
-2339	4681
-2341	4676
-2344	4672
-2347	4668
-2351	4665
-2355	4661
-2359	4659
-2365	4658
-2368	4654
-2371	4651
-2375	4647
-2378	4644
-2382	4641
-2384	4635
-2387	4632
-2391	4629
-2395	4626
-2398	4622
-2402	4619
-2405	4615
-2409	4611
-2412	4607
-2415	4603
-2418	4600
-2423	4597
-2427	4595
-2431	4592
-2433	4587
-2437	4583
-2442	4582
-2445	4579
-2450	4576
-2453	4573
-2455	4567
-2457	4562
-2460	4558
-2465	4556
-2470	4555
-2474	4551
-2476	4547
-2479	4543
-2482	4539
-2487	4537
-2490	4533
-2493	4529
-2498	4527
-2499	4522
-2502	4518
-2506	4514
-2509	4510
-2512	4507
-2517	4504
-2520	4500
-2523	4496
-2527	4494
-2529	4489
-2530	4483
-2533	4478
-2537	4476
-2541	4472
-2544	4469
-2548	4466
-2551	4463
-2555	4460
-2558	4456
-2562	4452
-2567	4451
-2570	4447
-2572	4442
-2575	4438
-2578	4434
-2582	4431
-2585	4427
-2589	4425
-2594	4423
-2598	4420
-2602	4417
-2605	4413
-2604	4404
-2605	4399
-2609	4396
-2616	4397
-2619	4393
-2620	4386
-2623	4383
-2628	4380
-2630	4376
-2633	4372
-2636	4368
-2639	4364
-2642	4361
-2645	4357
-2649	4354
-2653	4351
-2655	4346
-2656	4340
-2660	4337
-2663	4334
-2667	4330
-2669	4326
-2672	4322
-2675	4318
-2678	4314
-2682	4311
-2685	4308
-2688	4304
-2691	4299
-2694	4296
-2698	4293
-2702	4290
-2703	4285
-2705	4280
-2707	4275
-2710	4271
-2713	4268
-2717	4264
-2719	4260
-2723	4257
-2726	4253
-2730	4250
-2733	4246
-2735	4241
-2738	4238
-2741	4234
-2744	4230
-2748	4227
-2751	4223
-2753	4219
-2754	4213
-2757	4209
-2761	4206
-2764	4203
-2768	4199
-2770	4195
-2773	4192
-2778	4189
-2781	4186
-2782	4180
-2784	4175
-2785	4169
-2785	4163
-2787	4158
-2788	4152
-2790	4148
-2792	4143
-2793	4138
-2795	4134
-2796	4128
-2793	4118
-2793	4112
-2797	4109
-2801	4106
-2804	4103
-2807	4099
-2809	4095
-2808	4088
-2808	4081
-2810	4077
-2813	4073
-2814	4068
-2818	4064
-2821	4061
-2824	4057
-2826	4053
-2828	4049
-2829	4043
-2831	4038
-2832	4033
-2835	4030
-2840	4027
-2842	4023
-2845	4019
-2844	4013
-2843	4005
-2844	4000
-2847	3996
-2850	3993
-2854	3990
-2856	3986
-2859	3981
-2861	3977
-2865	3974
-2867	3970
-2868	3964
-2869	3959
-2869	3953
-2871	3949
-2873	3945
-2875	3940
-2878	3937
-2880	3932
-2881	3927
-2884	3923
-2887	3919
-2890	3916
-2891	3911
-2893	3907
-2896	3903
-2897	3897
-2900	3894
-2898	3886
-2899	3881
-2899	3876
-2899	3870
-2896	3862
-2897	3856
-2901	3853
-2903	3849
-2902	3843
-2903	3837
-2905	3833
-2908	3830
-2909	3824
-2908	3818
-2909	3813
-2908	3806
-2910	3802
-2913	3798
-2913	3793
-2914	3787
-2914	3782
-2915	3777
-2915	3772
-2916	3766
-2917	3761
-2919	3757
-2920	3753
-2922	3748
-2923	3743
-2923	3737
-2923	3732
-2925	3728
-2928	3724
-2929	3719
-2926	3712
-2926	3706
-2926	3700
-2927	3695
-2930	3692
-2931	3687
-2933	3683
-2935	3679
-2938	3675
-2939	3671
-2941	3666
-2940	3660
-2940	3655
-2943	3651
-2944	3646
-2945	3641
-2947	3638
-2946	3631
-2947	3627
-2950	3623
-2952	3619
-2951	3613
-2950	3607
-2952	3602
-2954	3599
-2954	3593
-2951	3585
-2952	3581
-2951	3575
-2953	3571
-2956	3567
-2956	3562
-2957	3557
-2959	3553
-2962	3550
-2961	3544
-2961	3538
-2961	3533
-2961	3528
-2961	3522
-2961	3517
-2959	3510
-2960	3506
-2960	3501
-2958	3494
-2960	3490
-2963	3487
-2966	3484
-2968	3480
-2969	3475
-2969	3470
-2972	3466
-2973	3461
-2971	3455
-2970	3449
-2968	3443
-2969	3439
-2971	3435
-2972	3430
-2974	3426
-2976	3422
-2975	3417
-2977	3412
-2977	3407
-2974	3401
-2974	3395
-2976	3391
-2980	3389
-2981	3384
-2982	3380
-2982	3375
-2980	3368
-2981	3364
-2983	3360
-2982	3354
-2983	3350
-2982	3344
-2983	3340
-2985	3336
-2984	3330
-2984	3325
-2986	3321
-2988	3318
-2989	3313
-2988	3308
-2989	3303
-2987	3297
-2987	3292
-2988	3287
-2990	3284
-2992	3280
-2992	3275
-2994	3271
-2996	3267
-2993	3261
-2991	3255
-2989	3249
-2988	3243
-2988	3238
-2989	3234
-2990	3229
-2991	3225
-2992	3221
-2992	3216
-2991	3211
-2993	3207
-2994	3203
-2996	3199
-2995	3193
-2994	3188
-2993	3183
-2992	3177
-2989	3171
-2990	3167
-2991	3163
-2993	3159
-2993	3154
-2994	3150
-2999	3147
-2998	3142
-2997	3137
-2997	3132
-2996	3127
-2997	3123
-2997	3118
-2996	3113
-2997	3108
-3000	3105
-2999	3100
-2998	3095
-3001	3091
-2999	3086
-2996	3080
-2995	3074
-2995	3070
-2997	3066
-2998	3062
-2997	3057
-2999	3053
-3001	3049
-3003	3045
-3003	3041
-3002	3036
-3001	3031
-3001	3026
-3001	3022
-3000	3017
-3001	3012
-3003	3009
-3004	3004
-3002	2999
-3001	2994
-3001	2989
-3000	2984
-3000	2980
-3001	2976
-3003	2972
-3003	2967
-3005	2964
-3007	2960
-3008	2956
-3006	2950
-3006	2946
-3007	2942
-3009	2938
-3008	2933
-3009	2929
-3009	2924
-3009	2920
-3009	2916
-3012	2912
-3008	2906
-3004	2900
-3002	2895
-3002	2890
-3001	2885
-2998	2880
-2998	2875
-2995	2869
-2990	2863
-2989	2858
-2991	2855
-2993	2851
-2990	2845
-2991	2841
-2993	2838
-2993	2833
-2990	2828
-2988	2822
-2987	2818
-2990	2814
-2992	2811
-2993	2807
-2995	2803
-2994	2799
-2991	2793
-2989	2788
-2987	2783
-2988	2779
-2988	2774
-2988	2770
-2987	2765
-2987	2761
-2988	2757
-2988	2753
-2989	2749
-2988	2744
-2986	2739
-2985	2735
-2987	2731
-2987	2727
-2986	2722
-2984	2717
-2981	2712
-2980	2707
-2981	2703
-2982	2699
-2983	2695
-2982	2691
-2981	2686
-2979	2681
-2978	2677
-2977	2672
-2977	2668
-2976	2663
-2976	2659
-2978	2656
-2980	2652
-2977	2647
-2977	2642
-2977	2638
-2977	2634
-2976	2630
-2975	2625
-2975	2621
-2976	2617
-2973	2612
-2971	2607
-2970	2603
-2970	2598
-2970	2594
-2970	2590
-2969	2586
-2968	2581
-2967	2577
-2967	2573
-2968	2569
-2968	2565
-2968	2560
-2965	2556
-2964	2551
-2962	2547
-2961	2542
-2961	2538
-2960	2534
-2959	2529
-2959	2525
-2958	2521
-2959	2517
-2960	2513
-2960	2509
-2960	2505
-2958	2500
-2955	2495
-2953	2491
-2954	2487
-2954	2483
-2951	2478
-2951	2474
-2951	2470
-2950	2466
-2946	2461
-2945	2456
-2947	2453
-2947	2449
-2945	2444
-2944	2440
-2944	2436
-2944	2432
-2944	2428
-2944	2424
-2944	2420
-2942	2416
-2943	2412
-2941	2407
-2938	2403
-2937	2398
-2937	2394
-2935	2390
-2935	2386
-2937	2382
-2938	2379
-2939	2375
-2937	2370
-2936	2366
-2934	2362
-2933	2358
-2926	2352
-2924	2348
-2923	2344
-2924	2340
-2926	2337
-2926	2333
-2924	2328
-2922	2324
-2923	2320
-2924	2316
-2922	2312
-2920	2308
-2919	2304
-2919	2300
-2918	2296
-2914	2291
-2916	2288
-2918	2284
-2920	2281
-2920	2277
-2919	2272
-2916	2268
-2917	2264
-2915	2260
-2914	2256
-2914	2252
-2913	2248
-2911	2244
-2910	2240
-2905	2235
-2906	2231
-2901	2227
-2902	2223
-2903	2219
-2900	2215
-2899	2211
-2900	2207
-2900	2204
-2900	2200
-2899	2196
-2895	2191
-2893	2187
-2893	2183
-2892	2179
-2891	2175
-2889	2171
-2887	2167
-2885	2163
-2885	2159
-2886	2156
-2885	2152
-2883	2147
-2881	2143
-2881	2140
-2877	2135
-2877	2131
-2878	2128
-2878	2124
-2876	2120
-2873	2116
-2872	2112
-2875	2109
-2874	2105
-2872	2101
-2871	2097
-2871	2093
-2871	2089
-2872	2086
-2872	2082
-2872	2078
-2869	2074
-2866	2070
-2867	2066
-2867	2063
-2865	2059
-2863	2055
-2860	2051
-2860	2047
-2859	2043
-2858	2039
-2859	2036
-2860	2032
-2861	2029
-2858	2025
-2855	2020
-2851	2016
-2854	2013
-2855	2009
-2855	2006
-2853	2002
-2850	1998
-2850	1994
-2849	1990
-2849	1987
-2848	1983
-2845	1979
-2844	1975
-2844	1971
-2844	1968
-2843	1964
-2843	1960
-2842	1957
-2839	1953
-2838	1949
-2836	1945
-2835	1941
-2836	1938
-2836	1934
-2834	1930
-2831	1926
-2827	1922
-2823	1919
-2824	1915
-2823	1911
-2823	1908
-2823	1904
-2823	1900
-2823	1897
-2822	1893
-2820	1889
-2819	1886
-2819	1882
-2818	1878
-2818	1875
-2814	1871
-2814	1867
-2813	1864
-2811	1860
-2811	1856
-2810	1853
-2808	1849
-2809	1845
-2811	1842
-2809	1838
-2808	1835
-2806	1831
-2805	1827
-2804	1824
-2803	1820
-2802	1816
-2802	1813
-2801	1809
-2799	1806
-2798	1802
-2797	1798
-2796	1795
-2795	1791
-2796	1788
-2794	1784
-2792	1780
-2793	1777
-2791	1773
-2792	1770
-2791	1766
-2790	1763
-2791	1759
-2788	1755
-2786	1752
-2784	1748
-2783	1745
-2781	1741
-2781	1737
-2782	1734
-2781	1730
-2780	1727
-2778	1723
-2773	1720
-2772	1716
-2772	1713
-2772	1709
-2773	1706
-2773	1702
-2771	1699
-2771	1695
-2771	1691
-2770	1688
-2769	1684
-2769	1681
-2768	1677
-2768	1674
-2768	1670
-2764	1667
-2763	1663
-2762	1660
-2761	1656
-2761	1653
-2760	1649
-2759	1646
-2757	1642
-2756	1639
-2755	1635
-2755	1632
-2754	1628
-2754	1625
-2753	1621
-2751	1618
-2749	1614
-2748	1611
-2747	1607
-2747	1604
-2745	1601
-2745	1597
-2745	1594
-2744	1590
-2743	1587
-2742	1583
-2742	1580
-2742	1576
-2742	1573
-2739	1569
-2738	1566
-2738	1562
-2738	1559
-2736	1556
-2734	1552
-2731	1549
-2731	1545
-2731	1542
-2730	1538
-2730	1535
-2729	1531
-2725	1528
-2721	1525
-2722	1521
-2724	1518
-2721	1515
-2722	1511
-2721	1508
-2721	1504
-2720	1501
-2720	1497
-2719	1494
-2717	1491
-2717	1487
-2716	1484
-2715	1480
-2712	1477
-2711	1474
-2710	1470
-2710	1467
-2708	1463
-2705	1460
-2706	1457
-2705	1453
-2705	1450
-2705	1446
-2703	1443
-2700	1440
-2700	1436
-2696	1433
-2695	1430
-2695	1427
-2693	1423
-2693	1420
-2692	1416
-2691	1413
-2689	1410
-2690	1406
-2687	1403
-2683	1400
-2680	1397
-2678	1394
-2678	1390
-2677	1387
-2678	1383
-2678	1380
-2676	1377
-2675	1373
-2671	1370
-2669	1367
-2669	1364
-2667	1361
-2667	1357
-2665	1354
-2663	1351
-2662	1347
-2662	1344
-2660	1341
-2659	1338
-2658	1334
-2656	1331
-2655	1328
-2656	1324
-2655	1321
-2652	1318
-2652	1314
-2651	1311
-2652	1308
-2652	1304
-2651	1301
-2650	1297
-2649	1294
-2647	1291
-2646	1288
-2644	1285
-2644	1281
-2643	1278
-2642	1275
-2642	1271
-2641	1268
-2641	1264
-2638	1261
-2638	1258
-2637	1255
-2637	1251
-2636	1248
-2635	1245
-2634	1241
-2632	1238
-2632	1235
-2630	1232
-2629	1229
-2626	1226
-2625	1222
-2625	1219
-2625	1215
-2623	1212
-2620	1209
-2618	1206
-2618	1203
-2617	1200
-2616	1196
-2616	1193
-2615	1190
-2614	1186
-2614	1183
-2613	1180
-2612	1176
-2610	1174
-2608	1170
-2607	1167
-2607	1164
-2604	1161
-2603	1158
-2603	1154
-2602	1151
-2601	1148
-2600	1145
-2599	1141
-2597	1138
-2596	1135
-2596	1132
-2594	1128
-2592	1125
-2591	1122
-2590	1119
-2589	1116
-2587	1113
-2583	1110
-2580	1107
-2579	1104
-2581	1100
-2581	1097
-2580	1094
-2579	1090
-2578	1087
-2577	1084
-2574	1081
-2572	1078
-2572	1075
-2571	1071
-2571	1068
-2570	1065
-2569	1062
-2568	1058
-2568	1055
-2568	1051
-2567	1048
-2567	1045
-2565	1042
-2564	1039
-2562	1036
-2561	1032
-2560	1029
-2559	1026
-2560	1022
-2560	1019
-2556	1016
-2553	1014
-2551	1011
-2550	1007
-2549	1004
-2548	1001
-2547	998
-2546	995
-2545	991
-2544	988
-2543	985
-2542	982
-2541	979
-2539	976
-2537	973
-2535	970
-2536	966
-2534	963
-2533	960
-2533	957
-2533	953
-2532	950
-2532	946
-2532	943
-2530	940
-2528	937
-2528	933
-2528	930
-2525	927
-2521	925
-2520	922
-2519	919
-2520	915
-2518	912
-2516	909
-2515	906
-2514	903
-2513	899
-2513	896
-2511	893
-2511	889
-2510	886
-2508	883
-2506	880
-2504	878
-2503	874
-2502	871
-2500	868
-2498	865
-2498	862
-2498	858
-2498	855
-2495	852
-2493	850
-2492	846
-2490	843
-2488	840
-2486	838
-2483	835
-2482	832
-2482	829
-2483	825
-2481	822
-2480	819
-2478	816
-2477	812
-2475	810
-2474	806
-2474	803
-2474	800
-2473	796
-2471	793
-2470	790
-2469	787
-2467	784
-2466	781
-2464	778
-2464	774
-2463	771
-2463	768
-2463	764
-2461	761
-2460	758
-2460	755
-2459	751
-2458	748
-2459	744
-2458	741
-2458	737
-2457	734
-2456	731
-2456	727
-2456	724
-2454	720
-2454	717
-2453	714
-2452	711
-2451	707
-2451	704
-2450	700
-2451	696
-2451	693
-2450	689
-2449	686
-2448	683
-2446	680
-2448	676
-2446	673
-2444	670
-2441	668
-2440	665
-2438	661
-2439	658
-2439	654
-2440	650
-2438	647
-2437	644
-2437	640
-2436	637
-2436	633
-2434	630
-2432	627
-2432	623
-2431	620
-2429	617
-2429	614
-2428	611
-2427	607
-2427	604
-2425	601
-2423	598
-2420	595
-2420	592
-2420	588
-2420	584
-2417	582
-2415	579
-2414	576
-2412	573
-2411	570
-2409	567
-2407	564
-2406	561
-2405	558
-2402	555
-2401	552
-2400	549
-2398	546
-2395	543
-2392	541
-2390	539
-2388	536
-2386	533
-2385	530
-2386	525
-2385	522
-2383	519
-2383	516
-2382	512
-2381	509
-2381	505
-2380	502
-2378	499
-2376	496
-2374	494
-2373	490
-2370	488
-2369	485
-2368	481
-2366	479
-2365	475
-2364	472
-2364	468
-2363	465
-2360	462
-2359	459
-2359	455
-2358	452
-2357	448
-2356	445
-2355	442
-2354	439
-2352	436
-2350	433
-2349	430
-2349	426
-2349	422
-2350	418
-2348	415
-2346	412
-2345	408
-2344	405
-2342	402
-2340	399
-2339	396
-2337	393
-2335	391
-2334	387
-2334	384
-2331	381
-2329	378
-2328	375
-2327	372
-2325	369
-2325	365
-2323	362
-2321	359
-2320	356
-2320	352
-2317	350
-2316	346
-2314	343
-2314	339
-2313	336
-2313	332
-2313	328
-2311	325
-2311	322
-2311	317
-2310	314
-2308	311
-2306	308
-2306	304
-2304	301
-2302	298
-2300	296
-2299	292
-2297	289
-2298	285
-2296	282
-2294	279
-2292	277
-2290	274
-2289	270
-2289	266
-2289	262
-2288	258
-2287	255
-2286	251
-2286	247
-2284	244
-2283	241
-2282	238
-2282	234
-2280	231
-2277	228
-2277	224
-2277	220
-2276	217
-2275	213
-2273	210
-2271	207
-2269	205
-2269	200
-2269	196
-2267	193
-2267	189
-2265	186
-2263	183
-2262	180
-2260	177
-2259	173
-2256	171
-2256	167
-2256	163
-2255	159
-2252	157
-2250	155
-2250	150
-2250	146
-2250	141
-2249	138
-2248	134
-2246	131
-2244	129
-2241	126
-2242	121
-2241	117
-2239	115
-2236	112
-2236	108
-2237	103
-2235	100
-2234	97
-2232	94
-2231	90
-2232	85
-2229	83
-2224	82
-2222	79
-2218	78
-2215	76
-2210	75
-2206	74
-2205	70
-2204	67
-2202	64
-2200	61
-2200	57
-2198	53
-2197	50
-2196	46
-2195	43
-2193	40
-2193	35
-2191	32
-2190	28
-2189	25
-2185	23
-2182	21
-2182	17
-2183	12
-2181	9
-2180	5
-2180	1
-2177	-1
-2176	-5
-2174	-8
-2172	-11
-2172	-16
-2172	-20
-2170	-24
-2169	-27
-2167	-30
-2167	-34
-2164	-37
-2164	-41
-2161	-44
-2160	-47
-2159	-51
-2158	-55
-2155	-57
-2152	-59
-2152	-63
-2154	-70
-2152	-73
-2150	-76
-2149	-80
-2146	-82
-2144	-85
-2144	-90
-2144	-94
-2142	-98
-2141	-101
-2140	-105
-2137	-108
-2136	-112
-2136	-116
-2134	-119
-2131	-121
-2130	-125
-2130	-130
-2128	-133
-2126	-136
-2123	-138
-2123	-143
-2123	-148
-2120	-150
-2118	-153
-2118	-158
-2116	-161
-2113	-163
-2112	-167
-2112	-172
-2110	-175
-2109	-179
-2108	-183
-2107	-187
-2106	-191
-2105	-195
-2104	-199
-2101	-201
-2099	-205
-2098	-209
-2097	-212
-2094	-215
-2093	-219
-2093	-223
-2092	-227
-2088	-229
-2082	-229
-2078	-229
-2074	-231
-2070	-232
-2066	-233
-2062	-234
-2060	-237
-2060	-242
-2055	-242
-2048	-241
-2045	-243
-2045	-247
-2043	-251
-2039	-252
-2035	-253
-2030	-253
-2026	-255
-2022	-256
-2018	-257
-2014	-258
-2010	-258
-2001	-255
-2002	-261
-1998	-262
-1992	-261
-1986	-260
-1982	-261
-1976	-260
-1970	-259
-1966	-260
-1967	-266
-1966	-270
-1960	-269
-1955	-269
-1951	-270
-1946	-270
-1941	-270
-1935	-268
-1926	-264
-1919	-262
-1913	-261
-1911	-263
-1910	-267
-1908	-270
-1902	-269
-1890	-262
-1878	-253
-1870	-251
-1865	-250
-1861	-251
-1857	-252
-1854	-253
-1851	-256
-1844	-253
-1838	-251
-1835	-253
-1834	-258
-1831	-258
-1826	-258
-1822	-259
-1818	-260
-1815	-262
-1811	-262
-1805	-261
-1800	-260
-1794	-258
-1787	-256
-1782	-256
-1778	-256
-1769	-250
-1758	-243
-1752	-241
-1749	-243
-1747	-245
-1745	-248
-1741	-249
-1735	-247
-1727	-243
-1717	-236
-1709	-232
-1704	-231
-1700	-232
-1697	-233
-1694	-234
-1700	-247
-1693	-243
-1680	-233
-1671	-228
-1665	-226
-1661	-225
-1656	-224
-1652	-225
-1647	-225
-1643	-224
-1641	-226
-1639	-229
-1638	-234
-1639	-240
-1639	-245
-1610	-215
-1605	-214
-1601	-213
-1597	-213
-1592	-213
-1589	-213
-1585	-213
-1581	-214
-1568	-202
-1560	-197
-1556	-197
-1551	-196
-1546	-194
-1540	-192
-1535	-190
-1529	-188
-1525	-188
-1521	-187
-1529	-204
-1527	-205
-1525	-208
-1522	-210
-1520	-212
-1488	-176
-1483	-173
-1479	-173
-1476	-175
-1474	-177
-1486	-198
-1482	-198
-1478	-197
-1473	-197
-1469	-195
-1463	-192
-1459	-193
-1457	-195
-1455	-198
-1449	-195
-1442	-190
-1438	-190
-1435	-190
-1432	-192
-1429	-193
-1427	-195
-1424	-197
-1422	-199
-1420	-202
-1419	-204
-1417	-208
-1418	-214
-1419	-221
-1418	-224
-1411	-220
-1406	-219
-1402	-218
-1399	-219
-1396	-219
-1391	-218
-1384	-213
-1378	-210
-1374	-209
-1370	-209
-1368	-211
-1366	-214
-1364	-216
-1360	-216
-1358	-217
-1354	-217
-1352	-220
-1350	-222
-1346	-222
-1343	-222
-1340	-223
-1338	-226
-1336	-229
-1337	-235
-1300	-184
-1296	-184
-1293	-183
-1289	-183
-1285	-182
-1281	-182
-1277	-181
-1274	-182
-1271	-183
-1267	-182
-1264	-183
-1261	-183
-1258	-183
-1254	-183
-1251	-183
-1247	-183
-1244	-183
-1241	-183
-1237	-183
-1234	-183
-1231	-184
-1226	-181
-1222	-181
-1220	-182
-1216	-182
-1213	-182
-1210	-182
-1207	-183
-1203	-183
-1200	-182
-1196	-181
-1192	-181
-1189	-181
-1185	-181
-1183	-182
-1180	-183
-1176	-181
-1173	-181
-1169	-181
-1166	-181
-1162	-180
-1159	-181
-1155	-180
-1152	-180
-1149	-181
-1146	-181
-1144	-182
-1141	-182
-1138	-183
-1134	-183
-1130	-181
-1127	-181
-1124	-181
-1120	-181
-1118	-182
-1114	-181
-1110	-180
-1106	-179
-1103	-178
-1100	-179
-1097	-178
-1094	-179
-1091	-180
-1088	-180
-1086	-183
-1083	-182
-1079	-181
-1076	-181
-1073	-181
-1069	-180
-1066	-180
-1062	-180
-1060	-180
-1057	-180
-1054	-181
-1051	-181
-1047	-181
-1045	-182
-1042	-182
-1038	-181
-1035	-180
-1032	-180
-1029	-180
-1026	-181
-1023	-181
-1020	-181
-1017	-182
-1016	-185
-1013	-185
-1009	-184
-1006	-185
-1003	-183
-1001	-186
-998	-187
-995	-187
-991	-185
-987	-182
-983	-181
-981	-184
-979	-186
-976	-186
-973	-185
-970	-185
-967	-186
-964	-184
-937	-135
-933	-132
-930	-132
-928	-134
-925	-133
-922	-132
-920	-136
-920	-143
-922	-152
-921	-157
-920	-160
-916	-158
-910	-151
-902	-139
-896	-134
-893	-132
-890	-132
-887	-133
-886	-136
-885	-141
-886	-148
-886	-156
-884	-159
-879	-153
-874	-148
-870	-146
-867	-146
-864	-145
-861	-144
-858	-145
-856	-146
-853	-146
-779	-1
-775	1
-773	1
-770	0
-768	0
-765	0
-763	0
-760	0
-757	1
-754	3
-751	2
-749	1
-747	2
-744	2
-742	1
-739	1
-737	-0
-734	1
-732	-1
-730	-1
-727	0
-725	-1
-723	-2
-721	-5
-720	-8
-720	-14
-718	-17
-718	-23
-746	-126
-744	-129
-744	-137
-742	-139
-740	-141
-738	-143
-736	-144
-733	-145
-731	-145
-728	-146
-726	-147
-724	-149
-721	-149
-719	-150
-717	-152
-715	-153
-712	-154
-710	-154
-707	-155
-705	-156
-702	-156
-699	-155
-697	-156
-694	-157
-692	-157
-689	-157
-686	-158
-685	-160
-683	-163
-681	-166
-677	-163
-673	-159
-671	-160
-670	-165
-669	-171
-668	-176
-658	-152
-654	-149
-651	-147
-648	-146
-645	-145
-642	-144
-640	-144
-637	-144
-635	-145
-633	-147
-631	-150
-628	-151
-627	-154
-625	-158
-624	-162
-622	-163
-618	-160
-613	-153
-610	-149
-607	-148
-604	-147
-602	-149
-599	-150
-598	-153
-598	-163
-598	-173
-597	-179
-592	-171
-588	-163
-584	-160
-581	-159
-578	-158
-576	-158
-574	-160
-572	-163
-569	-163
-567	-166
-566	-171
-565	-176
-562	-176
-560	-178
-558	-180
-556	-182
-553	-181
-550	-181
-548	-181
-546	-184
-543	-184
-541	-185
-539	-186
-536	-186
-533	-186
-531	-187
-529	-187
-526	-186
-523	-186
-520	-185
-518	-185
-515	-185
-512	-185
-510	-185
-507	-186
-505	-187
-503	-187
-500	-187
-497	-185
-494	-185
-492	-185
-489	-186
-487	-186
-484	-186
-482	-186
-480	-189
-477	-188
-474	-185
-471	-186
-469	-186
-466	-187
-464	-187
-461	-187
-459	-187
-456	-187
-453	-185
-451	-185
-448	-186
-446	-185
-443	-185
-440	-185
-438	-184
-436	-186
-433	-186
-431	-187
-428	-186
-425	-186
-423	-185
-420	-185
-417	-184
-415	-185
-412	-185
-410	-183
-407	-184
-405	-184
-402	-184
-400	-184
-397	-185
-395	-184
-392	-183
-389	-183
-387	-183
-384	-184
-382	-184
-380	-185
-377	-186
-375	-185
-372	-186
-370	-185
-367	-183
-364	-184
-362	-184
-359	-185
-357	-186
-355	-185
-352	-184
-349	-183
-347	-183
-344	-184
-342	-185
-339	-185
-337	-185
-334	-184
-332	-183
-329	-184
-327	-185
-324	-185
-322	-185
-319	-184
-317	-183
-314	-184
-312	-184
-309	-184
-307	-185
-304	-185
-302	-185
-304	-223
-301	-220
-298	-217
-298	-233
0	0
0	0
0	0
0	0
0	0
0	0
0	0
0	0
0	0
0	0
0	0
0	0
-257	-157
-255	-159
-252	-160
-250	-161
-248	-166
-246	-167
-243	-166
-241	-166
-238	-167
-236	-168
-233	-168
-231	-168
-229	-169
-226	-168
-224	-168
-221	-168
-219	-168
-216	-168
-214	-168
-211	-168
-209	-168
-207	-168
-204	-167
-202	-168
-199	-169
-197	-168
-194	-167
-192	-167
-189	-168
-187	-168
-184	-168
-182	-169
-180	-168
-177	-167
-175	-167
-172	-167
-170	-168
-167	-168
-165	-168
-163	-168
-160	-168
-158	-167
-155	-167
-153	-168
-150	-168
-148	-169
-145	-168
-143	-168
-141	-168
-138	-169
-136	-168
-133	-168
-131	-169
-128	-169
-126	-168
-123	-167
-121	-168
-119	-169
-116	-170
-114	-170
-111	-169
-109	-172
-107	-175
-104	-171
-102	-169
-99	-169
-97	-170
-94	-170
-92	-168
-89	-168
-87	-170
-85	-173
-82	-182
-80	-182
-77	-182
-75	-183
-72	-183
-67	-183
-65	-182
-63	-182
-60	-183
-58	-182
-55	-182
-53	-182
-50	-183
-48	-184
-45	-184
-43	-183
-40	-183
-38	-182
-36	-182
-33	-181
-31	-181
-28	-181
-26	-182
-23	-182
-21	-182
-18	-182
-16	-181
-13	-181
-11	-182
-9	-183
-6	-183
-4	-182
-1	-181
1	-181
4	-180
6	-181
9	-181
11	-183
14	-183
16	-184
19	-184
21	-183
23	-183
26	-184
28	-184
31	-184
33	-183
36	-183
38	-183
41	-182
43	-182
46	-182
48	-182
50	-182
53	-183
55	-181
58	-181
60	-182
63	-183
65	-184
68	-184
70	-184
73	-183
75	-183
78	-184
80	-186
83	-184
85	-184
88	-184
90	-184
93	-183
95	-184
98	-184
100	-185
103	-185
105	-183
107	-183
110	-184
112	-184
115	-183
117	-183
120	-183
122	-183
124	-172
126	-170
128	-171
131	-172
133	-171
136	-170
138	-170
141	-169
143	-170
146	-171
148	-171
151	-170
153	-171
155	-169
158	-169
161	-171
163	-172
166	-171
168	-171
170	-170
173	-169
175	-169
178	-170
180	-170
183	-171
185	-172
188	-170
190	-170
193	-170
195	-170
198	-170
200	-170
203	-171
205	-172
208	-171
210	-171
213	-172
215	-170
218	-171
220	-171
223	-171
225	-171
228	-170
230	-172
233	-172
236	-172
238	-171
240	-170
242	-169
245	-169
248	-169
250	-171
253	-171
256	-172
258	-171
260	-171
263	-171
265	-171
268	-171
270	-170
273	-172
275	-170
278	-169
280	-170
283	-170
285	-166
287	-166
289	-163
292	-165
294	-163
298	-168
300	-166
302	-164
304	-163
307	-163
310	-165
0	0
0	0
0	0
0	0
0	0
0	0
0	0
0	0
0	0
0	0
0	0
0	0
360	-183
362	-183
365	-183
368	-183
370	-182
372	-181
375	-182
378	-183
380	-182
383	-184
386	-183
389	-183
391	-184
394	-183
396	-183
399	-184
402	-183
404	-183
407	-183
409	-183
412	-183
415	-183
417	-183
420	-184
422	-183
425	-182
428	-183
430	-183
433	-182
435	-183
438	-184
441	-182
443	-182
446	-183
449	-183
452	-183
454	-184
457	-185
460	-184
462	-183
465	-183
467	-182
470	-182
473	-184
475	-183
478	-183
481	-183
484	-184
486	-184
489	-183
492	-184
494	-183
497	-184
499	-183
502	-182
504	-181
507	-182
510	-183
513	-184
516	-184
518	-183
521	-184
524	-185
527	-185
529	-184
532	-183
535	-184
538	-186
541	-186
544	-187
547	-189
550	-188
550	-179
552	-180
554	-176
555	-170
556	-166
558	-163
560	-161
562	-159
563	-156
565	-153
565	-146
566	-141
567	-136
570	-135
572	-135
574	-132
578	-135
581	-138
598	-177
601	-176
601	-170
600	-160
600	-152
602	-149
604	-148
607	-148
609	-147
612	-148
616	-151
622	-159
626	-164
629	-163
630	-158
631	-154
634	-153
636	-153
639	-153
641	-151
643	-149
645	-148
648	-148
652	-150
656	-153
660	-156
663	-156
665	-156
669	-157
671	-157
674	-157
678	-159
681	-160
681	-154
682	-148
684	-145
686	-144
688	-142
690	-141
692	-140
696	-141
700	-144
705	-149
709	-153
712	-152
714	-151
717	-151
719	-149
722	-149
724	-148
727	-148
729	-147
732	-145
734	-144
737	-143
739	-142
742	-141
742	-137
743	-133
745	-130
746	-126
746	-119
746	-114
747	-108
747	-103
721	-21
721	-16
721	-11
722	-6
722	-1
724	0
727	1
729	1
732	1
735	1
737	2
739	3
743	1
747	-3
755	-1
772	-2
774	-0
776	1
779	0
782	-0
908	-223
868	-140
872	-142
877	-147
883	-151
887	-153
888	-150
888	-144
889	-141
891	-138
894	-138
898	-138
901	-139
906	-142
912	-149
918	-153
920	-151
922	-149
923	-146
923	-140
925	-137
927	-135
929	-133
931	-131
933	-130
936	-129
940	-130
947	-139
961	-157
974	-175
980	-180
983	-179
986	-179
989	-179
993	-180
998	-183
1001	-183
1003	-181
1006	-180
1010	-180
1013	-180
1016	-180
1020	-180
1023	-181
1026	-180
1029	-180
1031	-177
1034	-177
1038	-179
1042	-179
1045	-178
1050	-181
1054	-182
1057	-182
1060	-181
1064	-182
1067	-182
1070	-182
1073	-181
1077	-182
1080	-180
1082	-179
1085	-178
1088	-178
1091	-177
1094	-177
1099	-178
1102	-177
1104	-177
1108	-177
1112	-178
1116	-178
1119	-177
1121	-176
1123	-173
1125	-172
1128	-171
1132	-171
1135	-171
1139	-171
1144	-173
1150	-178
1154	-178
1157	-178
1162	-179
1165	-179
1167	-177
1166	-170
1164	-161
1163	-154
1165	-152
1170	-155
1181	-166
1191	-175
1196	-178
1200	-178
1203	-178
1207	-178
1212	-179
1216	-181
1221	-182
1225	-183
1229	-184
1233	-185
1236	-184
1240	-183
1243	-183
1248	-184
1253	-186
1257	-187
1260	-186
1263	-186
1267	-185
1270	-184
1274	-185
1279	-186
1282	-186
1286	-186
1293	-190
1303	-199
1311	-204
1315	-205
1318	-203
1320	-201
1323	-200
1327	-201
1342	-216
1345	-214
1346	-211
1348	-207
1349	-204
1349	-199
1351	-197
1355	-196
1361	-199
1365	-200
1369	-199
1372	-198
1376	-199
1381	-199
1382	-196
1385	-194
1387	-192
1391	-192
1396	-193
1397	-190
1399	-187
1401	-184
1403	-182
1405	-179
1407	-177
1409	-175
1412	-173
1413	-170
1416	-169
1423	-172
1432	-178
1436	-179
1444	-184
1456	-193
1456	-187
1459	-187
1466	-190
1470	-190
1472	-187
1474	-185
1476	-182
1479	-180
1482	-179
1487	-180
1487	-176
1490	-174
1493	-172
1496	-171
1499	-170
1501	-168
1504	-166
1507	-165
1512	-165
1516	-165
1521	-166
1524	-165
1529	-165
1534	-167
1547	-176
1549	-174
1552	-173
1556	-172
1561	-173
1566	-174
1570	-173
1572	-170
1575	-169
1577	-167
1580	-165
1585	-166
1594	-171
1607	-180
1613	-183
1617	-181
1620	-180
1629	-185
1631	-183
1635	-182
1639	-181
1642	-179
1646	-179
1649	-177
1654	-178
1665	-185
1672	-187
1677	-188
1680	-186
1683	-184
1687	-184
1691	-183
1696	-184
1700	-183
1707	-185
1713	-187
1721	-190
1726	-190
1730	-189
1733	-188
1736	-186
1738	-183
1741	-181
1744	-179
1747	-178
1751	-177
1758	-179
1766	-182
1772	-184
1773	-180
1773	-175
1774	-171
1777	-169
1779	-166
1781	-163
1783	-161
1787	-160
1791	-158
1797	-160
1803	-161
1816	-169
1830	-178
1839	-181
1842	-179
1845	-178
1848	-176
1852	-175
1855	-173
1860	-172
1866	-174
1870	-173
1875	-172
1882	-175
1888	-175
1892	-174
1898	-174
1902	-173
1907	-173
1909	-170
1913	-169
1918	-169
1923	-169
1929	-169
1930	-165
1930	-161
1932	-158
1935	-155
1939	-155
1948	-158
1958	-162
1963	-162
1960	-154
1963	-152
1967	-151
1971	-150
1975	-148
1978	-146
1984	-147
1992	-149
2003	-154
2007	-153
2010	-150
2014	-149
2019	-148
2027	-151
2033	-151
2036	-149
2040	-147
2043	-145
2047	-144
2050	-142
2053	-139
2063	-143
2078	-151
2087	-154
2092	-154
2099	-154
2108	-157
2119	-161
2126	-162
2135	-165
2139	-163
2141	-160
2141	-155
2142	-151
2143	-147
2147	-145
2153	-145
2159	-146
2179	-157
2165	-141
2168	-138
2170	-135
2175	-134
2183	-136
2188	-135
2188	-130
2191	-127
2193	-124
2198	-123
2203	-122
2206	-120
2210	-119
2214	-117
2219	-116
2227	-117
2229	-113
2233	-112
2229	-104
2230	-100
2232	-97
2228	-89
2230	-86
2232	-82
2232	-78
2234	-74
2234	-69
2235	-66
2238	-63
2232	-53
2235	-51
2239	-49
2238	-44
2244	-44
2235	-32
2237	-29
2240	-26
2242	-23
2243	-20
2245	-16
2248	-14
2250	-11
2251	-7
2248	0
2250	3
2250	8
2250	13
2250	18
2244	26
2250	27
2262	23
2261	28
2243	45
2241	51
2243	55
2242	59
2243	64
2244	67
2247	70
2249	73
2246	80
2245	85
2248	87
2250	90
2252	94
2252	98
2245	107
2248	110
2252	111
2253	115
2255	118
2255	122
2256	126
2257	130
2259	133
2259	137
2261	141
2262	145
2261	149
2262	153
2262	158
2262	162
2262	166
2261	172
2262	175
2263	179
2264	182
2266	186
2267	189
2268	193
2268	197
2267	202
2272	204
2273	207
2275	210
2273	215
2272	220
2274	223
2275	227
2275	231
2277	235
2278	238
2277	243
2277	247
2277	252
2276	256
2278	259
2276	264
2277	268
2279	271
2282	274
2283	277
2287	279
2292	280
2293	284
2295	287
2299	289
2301	292
2304	294
2307	296
2310	299
2315	300
2320	301
2326	302
2329	305
2333	307
2334	310
2335	314
2336	318
2336	322
2336	326
2336	330
2336	334
2338	337
2339	341
2341	344
2343	347
2343	351
2342	356
2342	360
2344	363
2346	366
2349	368
2350	372
2351	376
2351	379
2353	382
2352	387
2353	391
2357	393
2359	396
2360	399
2361	403
2362	407
2362	410
2363	414
2359	420
2361	423
2365	425
2366	429
2366	433
2366	437
2364	442
2367	444
2366	449
2366	453
2368	456
2369	459
2372	462
2374	465
2372	470
2371	474
2373	477
2375	481
2376	484
2377	488
2377	492
2376	496
2375	500
2377	503
2377	507
2376	512
2378	515
2379	518
2383	520
2385	523
2383	528
2382	533
2384	535
2385	539
2387	542
2388	545
2384	551
2386	554
2389	557
2391	560
2393	563
2393	566
2393	571
2394	574
2395	577
2392	583
2391	587
2393	590
2394	593
2396	596
2397	600
2396	604
2398	607
2399	611
2399	614
2401	617
2400	622
2402	625
2404	628
2404	631
2402	636
2403	640
2405	643
2404	647
2404	651
2403	655
2407	657
2411	659
2411	663
2413	666
2413	670
2413	673
2414	677
2414	681
2415	684
2413	689
2414	692
2416	695
2417	698
2417	702
2418	706
2416	710
2417	714
2419	717
2420	720
2421	723
2423	726
2425	729
2423	734
2424	737
2425	741
2425	744
2427	747
2430	750
2432	753
2431	757
2430	761
2432	764
2433	767
2434	771
2434	774
2435	778
2436	781
2437	785
2436	789
2435	793
2438	795
2439	799
2439	802
2441	805
2441	809
2442	812
2443	816
2442	820
2442	823
2443	827
2444	830
2446	833
2446	837
2447	840
2446	844
2447	848
2448	851
2450	854
2451	857
2448	862
2447	866
2448	869
2449	873
2452	875
2453	879
2454	882
2454	885
2455	889
2455	892
2456	896
2456	900
2457	903
2459	906
2460	909
2460	913
2460	916
2460	920
2461	923
2461	927
2461	931
2463	934
2463	937
2465	940
2468	943
2467	947
2466	951
2467	954
2466	958
2466	962
2468	965
2469	968
2469	972
2469	975
2470	979
2471	982
2471	985
2471	989
2471	992
2472	996
2474	999
2476	1002
2476	1006
2476	1009
2476	1013
2477	1016
2476	1020
2478	1023
2476	1027
2476	1030
2477	1034
2479	1037
2480	1040
2482	1043
2481	1047
2481	1051
2481	1054
2481	1058
2482	1061
2484	1064
2484	1068
2483	1072
2482	1075
2480	1079
2480	1083
2480	1086
2481	1090
2483	1093
2484	1096
2486	1099
2488	1102
2490	1105
2490	1109
2490	1112
2492	1115
2492	1119
2492	1122
2494	1125
2493	1129
2494	1133
2492	1136
2492	1140
2492	1144
2493	1147
2495	1150
2496	1153
2496	1157
2496	1160
2498	1163
2500	1166
2500	1170
2501	1173
2501	1177
2499	1181
2499	1184
2502	1187
2504	1190
2504	1194
2504	1197
2504	1201
2504	1204
2505	1208
2505	1211
2506	1214
2506	1218
2506	1221
2506	1225
2506	1228
2508	1231
2510	1235
2511	1238
2511	1241
2510	1245
2511	1248
2512	1252
2511	1255
2513	1258
2512	1262
2514	1265
2514	1269
2515	1272
2514	1276
2515	1279
2516	1282
2516	1286
2517	1289
2517	1293
2518	1296
2519	1299
2521	1302
2522	1306
2523	1309
2523	1312
2524	1316
2523	1319
2524	1323
2525	1326
2527	1329
2526	1333
2525	1337
2524	1340
2524	1344
2525	1347
2526	1350
2525	1354
2522	1358
2529	1360
2531	1363
2532	1367
2533	1370
2531	1374
2532	1377
2532	1381
2534	1384
2535	1387
2535	1391
2536	1394
2536	1397
2536	1401
2536	1404
2538	1408
2539	1411
2538	1415
2537	1418
2537	1422
2538	1425
2540	1428
2540	1432
2541	1435
2542	1438
2541	1442
2542	1445
2543	1449
2545	1452
2544	1455
2545	1459
2545	1462
2545	1466
2545	1469
2546	1473
2547	1476
2547	1479
2548	1483
2549	1486
2548	1490
2548	1493
2549	1496
2549	1500
2549	1503
2549	1507
2552	1510
2554	1513
2554	1517
2555	1520
2555	1524
2556	1527
2557	1531
2557	1534
2557	1537
2558	1541
2559	1544
2560	1548
2561	1551
2561	1555
2558	1558
2558	1562
2558	1565
2558	1568
2559	1572
2559	1575
2560	1579
2561	1582
2564	1586
2564	1589
2565	1592
2566	1596
2566	1599
2567	1603
2567	1606
2568	1610
2570	1613
2570	1616
2570	1620
2570	1623
2570	1627
2571	1630
2571	1634
2570	1637
2569	1641
2570	1644
2571	1648
2571	1651
2572	1655
2573	1658
2573	1661
2572	1665
2573	1668
2574	1672
2577	1675
2579	1679
2579	1682
2579	1686
2579	1689
2579	1693
