3576	1660
3575	1664
3575	1669
3575	1674
3575	1679
3574	1683
3574	1693
3574	1698
3573	1702
3573	1707
3572	1712
3571	1717
3571	1721
3571	1726
3571	1731
3571	1736
3569	1740
3569	1745
3569	1750
3566	1755
3565	1759
3564	1764
3564	1769
3565	1774
3565	1778
3565	1783
3565	1788
3565	1793
3564	1797
3563	1802
3562	1807
3562	1812
3562	1816
3563	1821
3561	1826
3561	1831
3561	1835
3561	1840
3560	1845
3557	1849
3558	1854
3559	1859
3559	1864
3559	1868
3558	1873
3558	1878
3557	1883
3556	1887
3556	1892
3555	1897
3554	1901
3553	1906
3553	1911
3553	1916
3553	1920
3551	1925
3550	1930
3550	1934
3549	1939
3550	1944
3549	1949
3547	1953
3548	1958
3548	1963
3547	1968
3547	1972
3546	1977
3545	1982
3544	1986
3543	1991
3543	1996
3541	2000
3540	2005
3540	2010
3540	2015
3540	2019
3539	2024
3539	2029
3537	2033
3537	2038
3538	2043
3537	2048
3537	2052
3535	2057
3535	2062
3535	2066
3534	2071
3533	2076
3532	2080
3531	2085
3532	2090
3531	2094
3530	2099
3529	2104
3528	2108
3528	2113
3526	2118
3526	2122
3526	2127
3526	2132
3524	2137
3523	2141
3524	2146
3523	2151
3524	2156
3523	2160
3522	2165
3522	2170
3521	2174
3520	2179
3520	2184
3519	2188
3519	2193
3518	2198
3517	2202
3518	2207
3516	2212
3515	2217
3513	2221
3512	2226
3512	2230
3512	2235
3512	2240
3512	2245
3512	2250
3512	2254
3512	2259
3511	2264
3511	2269
3512	2274
3513	2278
3512	2283
3511	2288
3510	2293
3509	2297
3509	2302
3510	2307
3510	2312
3509	2316
3509	2321
3509	2326
3510	2331
3510	2336
3509	2341
3509	2345
3508	2350
3507	2355
3507	2360
3506	2364
3507	2369
3507	2374
3506	2379
3506	2383
3505	2388
3506	2393
3506	2398
3506	2403
3506	2408
3506	2413
3505	2417
3505	2422
3504	2427
3503	2432
3501	2436
3496	2440
3479	2441
3505	2452
3504	2456
3495	2459
3476	2460
3452	2459
3502	2475
3492	2478
3467	2477
3443	2477
3498	2494
3487	2496
3497	2503
3486	2506
3125	2440
3105	2440
2827	2402
2813	2402
2799	2403
2784	2403
2976	2456
2750	2402
2734	2402
2725	2404
2724	2407
2722	2411
2720	2414
2719	2418
2719	2422
2718	2425
2718	2429
2719	2433
2719	2437
2719	2441
2719	2445
2718	2449
2718	2453
2717	2456
2718	2461
2720	2465
2720	2469
2720	2473
2718	2476
2718	2480
2711	2482
2709	2486
2715	2491
2717	2496
2717	2500
2718	2504
2718	2508
2717	2512
2717	2516
2717	2520
2718	2524
2717	2527
2717	2531
2718	2536
2718	2540
2718	2544
2718	2548
2718	2552
2718	2556
2718	2559
2718	2564
2718	2568
2718	2572
2718	2576
2718	2579
2718	2584
2718	2588
2718	2592
2718	2596
2718	2600
2717	2603
2717	2607
2717	2611
2717	2616
2718	2620
2717	2624
2715	2627
2716	2631
2717	2636
2716	2640
2719	2645
2719	2649
2717	2652
2717	2656
2718	2661
2717	2664
2718	2669
2718	2673
2716	2676
2716	2680
2715	2684
2714	2688
2713	2692
2713	2696
2713	2700
2718	2706
2717	2710
2716	2713
2715	2717
2716	2722
2716	2726
2715	2730
2715	2734
2714	2738
2715	2742
2716	2747
2717	2751
2716	2755
2716	2759
2714	2763
2717	2768
2717	2772
2717	2776
2715	2780
2716	2784
2716	2788
2715	2792
2714	2796
2713	2800
2714	2804
2714	2809
2714	2813
2712	2816
2713	2821
2714	2826
2715	2830
2716	2835
2716	2839
2716	2844
2716	2848
2715	2852
2715	2856
2716	2860
2716	2865
2715	2869
2717	2874
2717	2878
2716	2882
2716	2886
2718	2891
2718	2896
2718	2900
2718	2905
2718	2909
2718	2913
2719	2918
2720	2923
2720	2927
2721	2932
2721	2936
2720	2940
2719	2944
2720	2949
2722	2954
2724	2960
2724	2964
2723	2968
2724	2973
2725	2978
2727	2983
2726	2987
2724	2991
2725	2995
2725	3000
2724	3004
2722	3008
2721	3012
2722	3017
2722	3021
2722	3026
2721	3029
2720	3033
2719	3037
2718	3041
2719	3046
2719	3051
2718	3055
2715	3058
2714	3062
2714	3067
2714	3071
2714	3076
2713	3080
2714	3085
2714	3090
2713	3094
2711	3097
2711	3101
2711	3106
2711	3111
2710	3115
2710	3119
2711	3124
2713	3130
2714	3135
2718	3142
2718	3147
2712	3148
2671	3131
2663	3132
2659	3134
2656	3137
2653	3140
2651	3143
2649	3147
2649	3152
2652	3157
2659	3166
2679	3182
2701	3198
2717	3212
2718	3217
2717	3221
2717	3226
2719	3232
2721	3238
2720	3242
2720	3247
2719	3251
2719	3255
2720	3261
2719	3265
2718	3270
2719	3275
2719	3280
2718	3284
2718	3289
2718	3294
2718	3299
2721	3305
2722	3311
2722	3316
2722	3320
2722	3325
2723	3331
2722	3335
2722	3340
2720	3344
2718	3348
2719	3353
2719	3358
2718	3362
2717	3367
2718	3372
2716	3376
2717	3381
2717	3387
2717	3392
2716	3396
2714	3400
2713	3404
2713	3409
2712	3414
2712	3419
2712	3424
2710	3428
2709	3432
2707	3436
2707	3441
2704	3444
2704	3449
2703	3454
2703	3459
2703	3464
2702	3469
2702	3473
2700	3477
2699	3482
2698	3486
2696	3490
2695	3495
2695	3500
2695	3505
2696	3511
2695	3516
2695	3521
2695	3526
2693	3530
2692	3534
2692	3539
2692	3544
2691	3549
2690	3554
2691	3560
2691	3565
2690	3570
2689	3575
2689	3579
2688	3585
2688	3589
2688	3595
2689	3601
2688	3605
2687	3610
2687	3615
2687	3621
2685	3625
2683	3629
2681	3633
2681	3638
2682	3644
2682	3650
2683	3656
2686	3663
2685	3669
2687	3675
2687	3681
2684	3684
2683	3689
2684	3695
2684	3700
2683	3706
2681	3710
2680	3715
2679	3719
2680	3725
2678	3730
2678	3735
2679	3741
2678	3746
2676	3750
2676	3756
2674	3760
2672	3764
2670	3768
2670	3774
2669	3779
2667	3783
2667	3789
2666	3794
2664	3798
2663	3803
2662	3808
2662	3813
2662	3819
2660	3823
2659	3828
2657	3833
2656	3837
2655	3842
2654	3848
2653	3852
2652	3857
2650	3862
2649	3867
2647	3871
2645	3875
2647	3882
2646	3888
2644	3892
2643	3897
2642	3902
2643	3909
2642	3914
2640	3919
2639	3923
2637	3928
2636	3933
2635	3938
2633	3943
2633	3948
2633	3954
2639	3966
2636	3969
2628	3969
2606	3955
2598	3955
2596	3959
2594	3963
2589	3965
2582	3965
2577	3967
2575	3971
2573	3975
2572	3981
2570	3986
2569	3990
2571	3998
2576	4009
2580	4018
2587	4031
2599	4048
2614	4067
2616	4075
2615	4080
2615	4087
2614	4093
2613	4098
2610	4102
2609	4107
2608	4112
2606	4117
2606	4124
2604	4128
2603	4133
2601	4138
2600	4143
2597	4147
2595	4151
2594	4158
2595	4165
2593	4169
2591	4174
2589	4179
2588	4185
2587	4190
2585	4195
2585	4201
2584	4207
2583	4212
2581	4217
2578	4221
2576	4226
2577	4233
2575	4238
2573	4243
2570	4247
2567	4250
2565	4255
2563	4260
2563	4266
2566	4277
2574	4291
2295	4034
2292	4037
2290	4041
2287	4044
2287	4063
2284	4067
2283	4072
2281	4076
2548	4355
2546	4359
2544	4365
2542	4370
2540	4375
2538	4379
2536	4384
2534	4389
2531	4394
2529	4399
2526	4402
2523	4406
2521	4411
2517	4414
2516	4420
2513	4425
2512	4430
2510	4435
2507	4439
2503	4443
2499	4445
2497	4450
2494	4455
2492	4460
2489	4464
2486	4468
2483	4472
2482	4478
2481	4484
2478	4489
2475	4493
2472	4497
2469	4501
2467	4506
2466	4512
2464	4517
2460	4521
2456	4523
2454	4528
2453	4534
2450	4538
2447	4542
2443	4546
2440	4551
2438	4555
2436	4561
2433	4565
2430	4569
2428	4574
2425	4578
2422	4583
2422	4590
2419	4595
2416	4599
2413	4603
2411	4609
2408	4613
2405	4617
2402	4621
2399	4625
2397	4630
2397	4638
2395	4643
2393	4649
2391	4655
2390	4662
2388	4667
2385	4672
2378	4670
2371	4670
2365	4671
2361	4674
2359	4680
2357	4685
2355	4690
2361	4706
2359	4712
2354	4714
2351	4718
2347	4722
2345	4726
2341	4730
2338	4734
2334	4737
2331	4741
2327	4744
2323	4748
2320	4752
2316	4756
2314	4761
2310	4764
2306	4768
2303	4772
2299	4775
2294	4777
2290	4780
2287	4785
2285	4790
2282	4795
2279	4799
2275	4802
2272	4807
2268	4810
2264	4814
2259	4816
2257	4821
2254	4825
2251	4830
2247	4833
2242	4836
2238	4839
2235	4843
2234	4850
2229	4852
2225	4855
2222	4859
2219	4865
2217	4870
2214	4875
2212	4880
2212	4890
2210	4896
2206	4900
2203	4904
2200	4909
2198	4914
2195	4920
2192	4924
2188	4927
2184	4931
2181	4935
2178	4940
2176	4947
2173	4951
2171	4957
2168	4963
2165	4967
2161	4971
2158	4976
2156	4981
2152	4985
2149	4990
2145	4994
2140	4995
2135	4996
2130	4999
2128	5005
2125	5010
2122	5015
2118	5018
2113	5021
2111	5026
2108	5032
2104	5035
2100	5039
2096	5043
2093	5046
2088	5049
2085	5054
2082	5058
2078	5062
2075	5067
2071	5071
2067	5074
2064	5079
2060	5083
2058	5090
2055	5095
2053	5101
2050	5106
2045	5109
2041	5112
2036	5115
2032	5118
2030	5124
2026	5128
2023	5133
2020	5138
2013	5136
2009	5140
2008	5149
2006	5156
2002	5160
1998	5163
1994	5166
1988	5167
1984	5171
1981	5176
1977	5180
1973	5183
1969	5187
1964	5189
1955	5184
1945	5178
1941	5181
1937	5184
1932	5187
1928	5189
1924	5193
1920	5198
1917	5202
1912	5204
1908	5208
1904	5213
1901	5217
1896	5220
1892	5222
1888	5227
1885	5233
1881	5236
1877	5239
1874	5245
1869	5248
1864	5249
1859	5250
1855	5255
1853	5262
1849	5267
1845	5269
1840	5272
1835	5273
1830	5276
1826	5279
1822	5283
1819	5289
1817	5297
1815	5304
1810	5306
1805	5307
1800	5310
1796	5314
1791	5316
1787	5320
1782	5322
1778	5325
1774	5330
1771	5335
1767	5339
1763	5344
1760	5349
1756	5354
1753	5360
1749	5363
1745	5367
1740	5370
1736	5373
1732	5377
1728	5381
1724	5385
1719	5388
1715	5391
1710	5393
1705	5397
1702	5402
1697	5405
1692	5406
1687	5409
1683	5412
1678	5415
1674	5418
1669	5421
1665	5425
1661	5428
1656	5431
1652	5435
1648	5439
1643	5441
1637	5442
1632	5443
1627	5444
1622	5446
1617	5449
1612	5452
1608	5456
1603	5458
1599	5461
1595	5466
1590	5468
1585	5471
1581	5474
1576	5476
1571	5478
1566	5482
1562	5485
1557	5487
1551	5487
1546	5489
1541	5492
1537	5495
1533	5499
1528	5502
1523	5504
1517	5504
1512	5506
1508	5509
1503	5512
1498	5515
1494	5519
1490	5522
1485	5524
1479	5526
1475	5530
1471	5533
1466	5535
1459	5534
1454	5535
1449	5537
1444	5539
1439	5542
1434	5544
1429	5546
1424	5548
1419	5549
1414	5552
1408	5552
1403	5553
1397	5554
1392	5554
1385	5553
1380	5553
1375	5555
1370	5557
1363	5556
1357	5555
1352	5555
1347	5557
1342	5561
1338	5565
1333	5568
1328	5570
1323	5571
1317	5570
1310	5567
1304	5566
1299	5568
1293	5567
1297	5594
1292	5597
1287	5600
1282	5601
1277	5604
1263	5580
1259	5583
1254	5585
1249	5588
1244	5591
1239	5592
1234	5594
1229	5598
1225	5600
1219	5601
1215	5604
1210	5608
1205	5610
1201	5613
1196	5617
1190	5617
1185	5618
1181	5622
1175	5623
1170	5623
1165	5625
1159	5626
1155	5631
1151	5634
1153	5662
1148	5664
1143	5667
1139	5670
1134	5673
1128	5673
1116	5651
1113	5658
1108	5662
1104	5667
1100	5673
1096	5679
1092	5684
1088	5689
1083	5693
1079	5697
1074	5701
1069	5704
1064	5705
1058	5706
1053	5707
1048	5708
1042	5710
1037	5712
1032	5713
1026	5712
1020	5712
1015	5714
1009	5712
1004	5713
999	5716
994	5718
989	5720
984	5722
978	5724
973	5727
969	5730
963	5730
957	5729
951	5728
946	5730
941	5732
935	5730
930	5732
924	5732
918	5731
912	5730
907	5730
901	5729
901	5751
895	5750
889	5748
883	5748
878	5748
872	5746
866	5747
861	5748
855	5749
850	5749
845	5751
839	5752
835	5760
830	5760
825	5762
820	5764
814	5766
809	5768
804	5772
799	5774
794	5777
789	5778
784	5780
778	5781
773	5783
768	5784
762	5784
757	5785
752	5786
747	5790
742	5792
736	5792
731	5793
725	5795
720	5796
715	5797
709	5798
704	5799
699	5801
693	5803
688	5805
683	5807
678	5808
672	5807
666	5805
660	5804
655	5804
649	5804
644	5806
639	5808
633	5809
628	5808
623	5810
617	5812
611	5808
605	5807
600	5809
595	5811
590	5811
584	5811
579	5812
573	5813
568	5814
563	5815
557	5816
552	5816
546	5815
540	5815
535	5818
530	5822
526	5828
521	5831
515	5832
510	5837
506	5843
500	5844
494	5839
489	5840
485	5857
480	5855
473	5845
467	5846
463	5855
456	5846
442	5778
437	5781
440	5850
435	5853
429	5854
423	5841
419	5856
413	5852
407	5853
402	5854
397	5855
391	5859
386	5864
381	5867
376	5869
370	5870
365	5873
360	5875
355	5877
349	5878
344	5881
339	5883
333	5884
328	5885
322	5887
317	5888
311	5889
306	5889
300	5891
295	5890
289	5891
284	5892
278	5893
273	5895
268	5897
262	5896
256	5892
251	5893
245	5892
239	5889
234	5887
228	5887
223	5887
217	5888
212	5890
206	5891
201	5894
196	5898
190	5900
185	5900
179	5901
174	5901
168	5903
163	5904
157	5904
108	5034
103	5032
99	5033
94	5031
90	5028
85	5026
81	5027
76	5027
72	5026
67	5018
63	5011
58	5008
54	5005
49	5004
45	5004
41	5005
37	5009
32	5010
28	5012
24	5019
20	5028
15	5029
11	5028
6	5027
2	5030
-2	5033
-7	5033
-11	5033
-2	5933
-8	5933
-14	5931
-19	5928
-25	5927
-30	5928
-36	5930
-41	5925
-47	5918
-53	5914
-58	5915
-64	5918
-69	5920
-75	5922
-80	5921
-86	5919
-91	5917
-97	5915
-102	5914
-108	5912
-113	5908
-119	5901
-124	5896
-130	5893
-135	5893
-141	5894
-146	5893
-152	5892
-157	5892
-163	5891
-168	5891
-174	5891
-179	5895
-185	5898
-190	5899
-196	5901
-202	5901
-207	5901
-213	5901
-218	5901
-224	5903
-229	5902
-235	5901
-240	5899
-246	5899
-251	5898
-257	5899
-262	5900
-268	5901
-273	5900
-279	5901
-284	5902
-290	5900
-295	5897
-301	5893
-306	5885
-311	5878
-317	5885
-322	5890
-328	5892
-334	5893
-339	5894
-345	5893
-350	5892
-355	5886
-360	5872
-365	5866
-371	5877
-377	5882
-383	5881
-388	5882
-394	5883
-399	5882
-404	5877
-408	5858
-413	5847
-420	5865
-426	5877
-432	5878
-438	5879
-443	5877
-448	5876
-454	5876
-460	5876
-465	5876
-471	5881
-477	5881
-482	5877
-449	5494
-454	5498
-459	5500
-464	5502
-469	5497
-473	5491
-478	5489
-483	5489
-488	5490
-493	5489
-498	5489
-503	5488
-508	5487
-513	5486
-518	5481
-523	5481
-527	5477
-532	5472
-536	5471
-542	5475
-548	5479
-553	5480
-558	5478
-562	5477
-568	5477
-573	5477
-578	5477
-582	5474
-587	5470
-643	5839
-648	5836
-654	5833
-659	5831
-664	5826
-669	5822
-674	5820
-679	5818
-684	5815
-689	5811
-694	5807
-699	5803
-704	5800
-709	5796
-714	5793
-718	5788
-724	5785
-729	5782
-733	5778
-738	5775
-743	5772
-749	5770
-754	5769
-759	5767
-764	5764
-769	5763
-775	5761
-780	5759
-785	5757
-790	5756
-795	5755
-801	5755
-806	5754
-812	5754
-817	5752
-822	5750
-827	5749
-833	5750
-839	5752
-844	5752
-850	5751
-855	5750
-860	5748
-865	5746
-870	5744
-876	5744
-881	5741
-886	5737
-891	5735
-896	5733
-901	5732
-906	5731
-912	5730
-918	5731
-923	5730
-928	5729
-934	5729
-939	5729
-944	5728
-950	5726
-955	5725
-960	5724
-966	5724
-971	5723
-976	5720
-981	5717
-986	5716
-992	5715
-997	5715
-1002	5712
-1006	5707
-1011	5704
-1017	5704
-1022	5703
-1026	5698
-1031	5693
-1036	5690
-1041	5688
-1046	5686
-1051	5683
-1055	5680
-1060	5678
-1066	5677
-1071	5676
-1076	5675
-1081	5672
-1085	5667
-1090	5663
-1095	5661
-1100	5658
-1106	5660
-1111	5659
-1116	5656
-1121	5654
-1126	5651
-1130	5648
-1136	5648
-1140	5644
-1145	5639
-1149	5636
-1154	5633
-1159	5631
-1164	5630
-1169	5628
-1175	5627
-1180	5625
-1185	5624
-1190	5622
-1195	5622
-1201	5620
-1206	5619
-1211	5617
-1216	5617
-1222	5616
-1227	5615
-1231	5611
-1236	5609
-1241	5607
-1247	5606
-1252	5604
-1257	5603
-1262	5601
-1267	5599
-1271	5595
-1276	5592
-1280	5588
-1286	5587
-1291	5588
-1297	5588
-1303	5587
-1308	5587
-1313	5585
-1318	5582
-1323	5581
-1328	5580
-1334	5580
-1339	5578
-1343	5573
-1348	5572
-1353	5569
-1357	5564
-1361	5560
-1366	5557
-1370	5554
-1375	5551
-1380	5550
-1385	5548
-1391	5548
-1396	5547
-1401	5545
-1407	5544
-1412	5544
-1418	5544
-1423	5543
-1428	5541
-1433	5538
-1437	5535
-1442	5532
-1446	5528
-1451	5524
-1455	5521
-1460	5519
-1466	5519
-1471	5518
-1475	5513
-1479	5510
-1485	5510
-1491	5512
-1495	5507
-1500	5503
-1504	5498
-1508	5495
-1513	5493
-1518	5491
-1523	5490
-1528	5487
-1533	5485
-1537	5482
-1542	5479
-1547	5478
-1554	5480
-1559	5478
-1563	5475
-1568	5472
-1572	5469
-1576	5465
-1581	5462
-1586	5460
-1591	5458
-1596	5457
-1601	5454
-1605	5450
-1609	5446
-1613	5443
-1617	5438
-1621	5434
-1625	5430
-1629	5426
-1633	5421
-1637	5418
-1642	5415
-1646	5410
-1649	5405
-1653	5401
-1658	5399
-1663	5396
-1667	5393
-1672	5390
-1675	5385
-1679	5381
-1684	5378
-1689	5376
-1693	5374
-1698	5372
-1702	5367
-1706	5364
-1710	5359
-1713	5354
-1717	5348
-1721	5346
-1727	5345
-1732	5344
-1736	5341
-1741	5338
-1745	5334
-1750	5332
-1754	5329
-1759	5328
-1764	5326
-1768	5322
-1773	5319
-1777	5317
-1782	5314
-1786	5311
-1790	5308
-1795	5304
-1799	5302
-1804	5300
-1807	5294
-1810	5289
-1814	5284
-1817	5279
-1822	5276
-1827	5274
-1832	5273
-1836	5271
-1841	5267
-1845	5263
-1849	5261
-1854	5259
-1858	5255
-1862	5252
-1867	5249
-1871	5246
-1874	5242
-1879	5239
-1883	5235
-1887	5232
-1891	5228
-1895	5224
-1899	5220
-1903	5217
-1907	5214
-1911	5209
-1914	5205
-1918	5200
-1921	5195
-1924	5190
-1928	5186
-1932	5182
-1935	5178
-1939	5174
-1943	5170
-1946	5165
-1949	5160
-1952	5155
-1956	5152
-1962	5151
-1967	5150
-1970	5144
-1974	5140
-1976	5134
-1980	5130
-1983	5126
-1987	5122
-1991	5119
-1995	5115
-1999	5111
-2003	5108
-2007	5104
-2010	5100
-2014	5097
-2019	5094
-2023	5091
-2026	5086
-2030	5083
-2034	5080
-2039	5078
-2042	5073
-2045	5068
-2048	5063
-2052	5061
-2057	5059
-2061	5055
-2065	5052
-2070	5049
-2074	5047
-2077	5042
-2080	5037
-2084	5033
-2087	5029
-2092	5027
-2097	5025
-2097	5016
-2100	5011
-2105	5008
-2109	5006
-2112	5001
-2115	4997
-2119	4993
-2123	4989
-2126	4985
-2130	4982
-2135	4980
-2139	4977
-2143	4974
-2146	4969
-2148	4963
-2150	4956
-2154	4953
-2157	4949
-2161	4945
-2164	4941
-2167	4936
-2171	4933
-2175	4929
-2178	4925
-2182	4921
-2185	4917
-2189	4913
-2192	4910
-2196	4906
-2199	4902
-2203	4898
-2206	4893
-2209	4890
-2212	4885
-2216	4882
-2220	4878
-2223	4874
-2227	4871
-2231	4867
-2234	4863
-2238	4860
-2242	4857
-2245	4853
-2249	4850
-2252	4845
-2254	4839
-2257	4834
-2260	4831
-2264	4828
-2269	4825
-2272	4821
-2276	4817
-2279	4814
-2282	4809
-2286	4805
-2289	4802
-2292	4797
-2295	4793
-2299	4790
-2302	4786
-2305	4781
-2308	4777
-2312	4773
-2316	4770
-2320	4768
-2324	4765
-2328	4762
-2332	4759
-2337	4757
-2342	4755
-2345	4751
-2348	4746
-2351	4742
-2353	4737
-2356	4732
-2360	4729
-2364	4726
-2368	4723
-2370	4718
-2374	4714
-2374	4707
-2372	4696
-2373	4689
-2378	4687
-2384	4687
-2390	4687
-2392	4681
-2394	4676
-2398	4673
-2402	4670
-2401	4660
-2404	4656
-2406	4651
-2409	4647
-2414	4645
-2419	4643
-2422	4640
-2424	4634
-2426	4629
-2428	4623
-2430	4618
-2433	4613
-2435	4609
-2438	4604
-2442	4601
-2443	4595
-2444	4588
-2446	4582
-2448	4577
-2451	4574
-2456	4571
-2459	4567
-2462	4563
-2464	4559
-2468	4556
-2473	4553
-2475	4549
-2476	4542
-2479	4538
-2481	4533
-2484	4529
-2488	4527
-2492	4523
-2493	4517
-2496	4513
-2499	4509
-2501	4504
-2501	4497
-2499	4487
-2500	4481
-2503	4477
-2506	4472
-2506	4465
-2508	4460
-2511	4456
-2513	4451
-2514	4445
-2515	4439
-2516	4432
-2517	4427
-2520	4422
-2520	4415
-2520	4408
-2522	4404
-2525	4400
-2527	4394
-2528	4389
-2530	4383
-2532	4379
-2531	4371
-2533	4366
-2536	4362
-2537	4356
-2537	4349
-2538	4343
-2541	4339
-2547	4339
-2542	4327
-2544	4322
-2548	4319
-2551	4316
-2552	4309
-2553	4304
-2556	4300
-2557	4295
-2559	4290
-2561	4285
-2562	4279
-2562	4273
-2565	4269
-2570	4267
-2573	4263
-2575	4258
-2577	4254
-2580	4250
-2579	4243
-2581	4238
-2584	4235
-2585	4229
-2587	4224
-2587	4218
-2588	4212
-2592	4209
-2596	4207
-2598	4202
-2597	4195
-2600	4191
-2603	4187
-2606	4183
-2608	4179
-2609	4174
-2612	4170
-2614	4165
-2614	4159
-2610	4149
-2613	4145
-2616	4141
-2617	4136
-2629	4141
-2630	4136
-2632	4131
-2615	4109
-2619	4106
-2622	4102
-2623	4097
-2624	4092
-2626	4087
-2628	4083
-2631	4079
-2631	4073
-2632	4068
-2632	4062
-2633	4056
-2633	4050
-2632	4043
-2635	4039
-2639	4037
-2641	4033
-2643	4028
-2643	4022
-2643	4016
-2644	4011
-2647	4008
-2648	4002
-2650	3998
-2653	3994
-2655	3990
-2656	3985
-2659	3981
-2661	3977
-2662	3973
-2664	3968
-2665	3963
-2665	3957
-2668	3953
-2671	3950
-2673	3946
-2674	3941
-2676	3936
-2679	3933
-2681	3929
-2681	3923
-2684	3919
-2686	3916
-2688	3911
-2689	3906
-2689	3900
-2691	3896
-2696	3894
-2699	3891
-2701	3887
-2702	3882
-2703	3877
-2705	3872
-2705	3867
-2709	3864
-2710	3859
-2710	3853
-2710	3847
-2710	3842
-2711	3837
-2713	3833
-2713	3827
-2714	3822
-2717	3819
-2719	3815
-2719	3809
-2719	3804
-2720	3798
-2718	3791
-2718	3786
-2719	3781
-2720	3776
-2722	3772
-2728	3771
-2730	3767
-2729	3760
-2728	3755
-2729	3749
-2731	3745
-2732	3740
-2734	3736
-2735	3732
-2736	3727
-2737	3722
-2739	3718
-2741	3715
-2741	3709
-2741	3703
-2743	3699
-2746	3696
-2747	3691
-2748	3687
-2751	3683
-2752	3679
-2752	3673
-2753	3669
-2750	3661
-2750	3656
-2753	3652
-2754	3647
-2755	3643
-2757	3639
-2758	3635
-2758	3629
-2759	3624
-2760	3620
-2763	3616
-2765	3613
-2767	3609
-2765	3602
-2764	3596
-2765	3591
-2767	3588
-2770	3584
-2772	3581
-2774	3576
-2773	3571
-2775	3566
-2777	3563
-2779	3559
-2780	3554
-2781	3550
-2784	3546
-2784	3541
-2784	3536
-2787	3533
-2789	3529
-2791	3525
-2789	3519
-2791	3515
-2792	3511
-2792	3505
-2792	3500
-2793	3496
-2796	3492
-2797	3488
-2798	3484
-2801	3481
-2803	3476
-2805	3473
-2807	3469
-2806	3463
-2804	3457
-2802	3450
-2804	3447
-2806	3443
-2804	3437
-2802	3431
-2802	3425
-2802	3420
-2799	3413
-2799	3408
-2801	3405
-2803	3401
-2806	3397
-2808	3394
-2808	3389
-2807	3384
-2804	3377
-2802	3371
-2798	3363
-2797	3358
-2799	3354
-2802	3351
-2806	3349
-2803	3341
-2801	3336
-2804	3333
-2807	3329
-2807	3324
-2806	3319
-2807	3315
-2809	3311
-2808	3305
-2805	3299
-2807	3295
-2806	3290
-2805	3284
-2806	3280
-2807	3276
-2807	3271
-2807	3267
-2807	3262
-2808	3257
-2809	3253
-2809	3249
-2810	3244
-2810	3240
-2807	3233
-2803	3226
-2801	3220
-2802	3216
-2804	3213
-2805	3209
-2806	3204
-2806	3200
-2805	3195
-2805	3190
-2805	3185
-2806	3181
-2807	3177
-2807	3172
-2808	3168
-2809	3164
-2809	3160
-2809	3155
-2811	3152
-2814	3148
-2818	3146
-2819	3142
-2819	3137
-2817	3132
-2820	3129
-2817	3122
-2815	3117
-2812	3111
-2805	3102
-2803	3097
-2798	3089
-2796	3084
-2797	3080
-2798	3076
-2798	3072
-2799	3067
-2800	3063
-2800	3059
-2798	3054
-2794	3047
-2793	3042
-2793	3038
-2793	3034
-2793	3029
-2794	3025
-2790	3018
-2788	3013
-2794	3012
-2782	3002
-2784	2998
-2786	2995
-2785	2990
-2784	2985
-2783	2980
-2782	2975
-2783	2972
-2786	2968
-2788	2965
-2791	2962
-2793	2959
-2789	2952
-2786	2947
-2787	2943
-2786	2938
-2788	2935
-2784	2929
-2784	2924
-2785	2920
-2783	2915
-2786	2912
-2786	2908
-2786	2904
-2786	2899
-2784	2894
-2781	2889
-2780	2884
-2780	2880
-2780	2875
-2783	2873
-2785	2869
-2785	2865
-2786	2861
-2787	2858
-2789	2854
-2788	2849
-2793	2847
-2793	2843
-2777	2832
-2777	2828
-2778	2824
-2779	2821
-2782	2817
-2782	2813
-2785	2810
-2787	2807
-2787	2803
-2787	2799
-2787	2794
-2788	2791
-2794	2789
-2790	2783
-2789	2779
-2786	2774
-2773	2764
-2773	2760
-2772	2756
-2762	2748
-2762	2743
-2761	2739
-2759	2734
-2760	2731
-2761	2727
-2760	2723
-2761	2719
-2761	2715
-2761	2711
-2759	2706
-2759	2702
-2756	2697
-2756	2693
-2758	2689
-2754	2684
-2755	2680
-2755	2676
-2756	2672
-2757	2669
-2756	2665
-2755	2660
-2754	2656
-2753	2652
-2753	2648
-2752	2643
-2753	2640
-2754	2636
-2754	2632
-2753	2628
-2754	2624
-2753	2620
-2751	2615
-2750	2611
-2751	2607
-2752	2604
-2753	2600
-2752	2596
-2750	2591
-2749	2587
-2749	2583
-2748	2579
-2750	2576
-2749	2572
-2748	2568
-2751	2564
-2753	2561
-2747	2555
-2743	2550
-2742	2546
-2742	2542
-2742	2538
-2744	2535
-2745	2532
-2747	2528
-2747	2524
-2747	2520
-2747	2517
-2746	2513
-2742	2508
-2739	2503
-2740	2499
-2738	2495
-2738	2491
-2738	2487
-2739	2484
-2738	2480
-2738	2476
-2740	2473
-2737	2468
-2736	2464
-2736	2460
-2736	2456
-2735	2452
-2734	2448
-2732	2444
-2731	2440
-2731	2436
-2731	2432
-2732	2429
-2732	2425
-2731	2421
-2730	2417
-2730	2413
-2730	2409
-2728	2405
-2725	2401
-2723	2396
-2724	2393
-2726	2390
-2724	2385
-2725	2382
-2726	2378
-2727	2375
-2727	2371
-2728	2368
-2727	2364
-2726	2360
-2725	2356
-2723	2352
-2714	2346
-2714	2342
-2713	2338
-2713	2334
-2715	2331
-2716	2328
-2716	2324
-2716	2320
-2715	2317
-2715	2313
-2713	2309
-2710	2304
-2709	2300
-2708	2297
-2707	2293
-2704	2289
-2703	2285
-2704	2281
-2705	2278
-2705	2274
-2702	2270
-2701	2266
-2702	2263
-2703	2259
-2703	2255
-2701	2252
-2698	2247
-2696	2243
-2698	2240
-2698	2237
-2700	2233
-2701	2230
-2702	2226
-2699	2222
-2696	2218
-2694	2214
-2694	2211
-2694	2207
-2694	2203
-2693	2200
-2691	2196
-2691	2192
-2691	2188
-2691	2185
-2690	2181
-2689	2177
-2688	2174
-2689	2170
-2690	2167
-2690	2163
-2690	2160
-2689	2156
-2691	2153
-2693	2150
-2691	2146
-2690	2142
-2690	2139
-2690	2135
-2692	2132
-2691	2128
-2693	2125
-2692	2121
-2690	2117
-2690	2114
-2689	2110
-2690	2107
-2689	2103
-2686	2099
-2680	2095
-2679	2091
-2682	2088
-2683	2085
-2684	2081
-2683	2078
-2683	2074
-2681	2070
-2679	2066
-2678	2063
-2677	2059
-2677	2056
-2677	2052
-2675	2049
-2673	2045
-2672	2041
-2673	2038
-2672	2034
-2672	2031
-2672	2027
-2669	2023
-2666	2019
-2664	2016
-2665	2012
-2665	2009
-2664	2005
-2660	2001
-2658	1998
-2659	1994
-2658	1991
-2656	1987
-2654	1984
-2654	1980
-2654	1977
-2654	1973
-2655	1970
-2653	1966
-2652	1963
-2653	1959
-2652	1956
-2651	1952
-2651	1949
-2646	1945
-2647	1942
-2645	1938
-2644	1935
-2645	1931
-2646	1928
-2645	1924
-2645	1921
-2644	1918
-2642	1914
-2640	1910
-2641	1907
-2640	1904
-2635	1900
-2635	1896
-2633	1893
-2633	1889
-2633	1886
-2632	1883
-2632	1879
-2632	1876
-2630	1872
-2627	1869
-2626	1865
-2629	1862
-2626	1859
-2626	1855
-2627	1852
-2626	1848
-2625	1845
-2623	1842
-2625	1838
-2626	1835
-2623	1831
-2622	1828
-2623	1825
-2622	1821
-2621	1818
-2618	1814
-2616	1811
-2615	1808
-2615	1804
-2617	1801
-2615	1798
-2614	1794
-2615	1791
-2612	1787
-2612	1784
-2610	1781
-2609	1777
-2610	1774
-2609	1771
-2608	1767
-2608	1764
-2607	1761
-2605	1757
-2605	1754
-2602	1750
-2599	1747
-2598	1744
-2598	1740
-2598	1737
-2599	1734
-2596	1730
-2594	1727
-2593	1724
-2594	1720
-2594	1717
-2594	1714
-2593	1710
-2593	1707
-2592	1704
-2593	1700
-2591	1697
-2590	1694
-2588	1691
-2584	1687
-2584	1684
-2584	1681
-2583	1677
-2582	1674
-2581	1671
-2581	1667
-2581	1664
-2582	1661
-2580	1658
-2579	1654
-2578	1651
-2579	1648
-2577	1644
-2576	1641
-2574	1638
-2575	1635
-2576	1631
-2573	1628
-2571	1625
-2571	1622
-2571	1618
-2571	1615
-2569	1612
-2570	1608
-2570	1605
-2566	1602
-2564	1599
-2564	1596
-2564	1592
-2565	1589
-2564	1586
-2564	1582
-2564	1579
-2563	1576
-2562	1573
-2561	1569
-2562	1566
-2562	1563
-2562	1560
-2560	1556
-2558	1553
-2556	1550
-2554	1547
-2554	1544
-2552	1540
-2551	1537
-2552	1534
-2552	1531
-2551	1527
-2551	1524
-2550	1521
-2550	1518
-2550	1514
-2548	1511
-2546	1508
-2545	1505
-2546	1502
-2547	1498
-2547	1495
-2544	1492
-2544	1489
-2542	1486
-2539	1483
-2539	1479
-2541	1476
-2541	1473
-2539	1469
-2536	1467
-2535	1463
-2535	1460
-2534	1457
-2534	1454
-2534	1450
-2533	1447
-2534	1444
-2534	1441
-2532	1437
-2529	1435
-2526	1432
-2525	1428
-2525	1425
-2526	1422
-2526	1419
-2527	1415
-2526	1412
-2522	1409
-2521	1406
-2521	1403
-2520	1400
-2520	1396
-2516	1394
-2513	1391
-2513	1388
-2512	1384
-2512	1381
-2509	1378
-2509	1375
-2509	1372
-2507	1369
-2507	1365
-2507	1362
-2506	1359
-2504	1356
-2503	1353
-2504	1350
-2504	1346
-2502	1343
-2501	1340
-2500	1337
-2500	1334
-2501	1330
-2500	1327
-2499	1324
-2497	1321
-2494	1318
-2494	1315
-2493	1312
-2494	1309
-2495	1305
-2495	1302
-2491	1299
-2490	1296
-2489	1293
-2489	1290
-2487	1287
-2485	1284
-2483	1281
-2484	1278
-2483	1275
-2481	1272
-2480	1269
-2479	1265
-2481	1262
-2480	1259
-2478	1256
-2474	1253
-2473	1250
-2473	1247
-2473	1244
-2473	1241
-2472	1237
-2470	1235
-2468	1232
-2468	1229
-2468	1225
-2468	1222
-2468	1219
-2466	1216
-2466	1212
-2466	1209
-2464	1206
-2466	1203
-2464	1200
-2462	1197
-2461	1194
-2460	1191
-2458	1188
-2458	1185
-2457	1182
-2457	1178
-2458	1175
-2457	1172
-2454	1169
-2452	1166
-2450	1163
-2449	1160
-2450	1157
-2448	1154
-2445	1151
-2445	1148
-2444	1145
-2443	1142
-2443	1139
-2443	1136
-2444	1132
-2443	1129
-2442	1126
-2440	1123
-2438	1120
-2438	1117
-2437	1114
-2435	1111
-2433	1108
-2432	1105
-2432	1102
-2432	1099
-2432	1095
-2433	1092
-2432	1089
-2429	1086
-2424	1084
-2421	1082
-2421	1079
-2421	1075
-2422	1072
-2420	1069
-2419	1066
-2419	1062
-2420	1059
-2417	1057
-2417	1053
-2417	1050
-2417	1046
-2416	1043
-2416	1040
-2414	1038
-2413	1034
-2412	1031
-2410	1029
-2410	1025
-2409	1022
-2409	1019
-2406	1017
-2405	1013
-2404	1010
-2402	1008
-2401	1005
-2400	1002
-2399	998
-2400	995
-2399	992
-2398	989
-2398	986
-2396	983
-2395	980
-2394	977
-2393	974
-2393	970
-2392	967
-2390	965
-2389	962
-2387	959
-2386	956
-2385	953
-2385	949
-2385	946
-2384	943
-2383	940
-2382	937
-2380	934
-2379	931
-2379	928
-2379	925
-2378	922
-2377	919
-2375	916
-2374	913
-2373	910
-2371	907
-2371	904
-2369	901
-2368	898
-2366	895
-2366	892
-2365	889
-2364	886
-2362	883
-2363	879
-2362	876
-2360	874
-2359	871
-2359	867
-2359	864
-2357	861
-2355	859
-2354	856
-2353	852
-2352	849
-2350	847
-2349	844
-2349	840
-2349	837
-2349	834
-2347	831
-2346	828
-2346	824
-2345	821
-2344	818
-2343	815
-2341	813
-2340	810
-2339	807
-2337	804
-2336	801
-2335	798
-2335	795
-2335	791
-2333	788
-2330	786
-2330	783
-2330	779
-2330	776
-2327	773
-2326	771
-2326	767
-2325	764
-2323	762
-2320	759
-2318	756
-2319	753
-2319	749
-2317	746
-2316	744
-2315	741
-2313	738
-2312	735
-2310	732
-2308	730
-2307	727
-2308	723
-2307	720
-2307	716
-2305	714
-2304	710
-2305	707
-2304	703
-2303	700
-2302	697
-2300	695
-2299	692
-2298	689
-2296	686
-2293	684
-2291	681
-2289	679
-2289	675
-2290	671
-2290	667
-2289	664
-2288	662
-2287	658
-2288	654
-2287	651
-2287	648
-2284	646
-2281	643
-2282	640
-2282	636
-2282	632
-2281	629
-2280	626
-2279	623
-2277	620
-2276	617
-2273	615
-2272	612
-2272	609
-2271	605
-2271	602
-2272	598
-2270	595
-2268	593
-2265	591
-2264	587
-2265	583
-2265	580
-2264	577
-2261	574
-2258	572
-2259	568
-2259	565
-2257	562
-2256	559
-2255	556
-2254	552
-2253	550
-2251	547
-2250	544
-2249	541
-2249	537
-2247	534
-2245	532
-2244	529
-2244	525
-2244	522
-2241	519
-2241	516
-2239	513
-2239	509
-2239	506
-2238	503
-2238	499
-2237	496
-2236	493
-2235	489
-2234	486
-2233	483
-2231	480
-2231	477
-2231	473
-2229	470
-2227	468
-2224	466
-2223	463
-2222	459
-2220	457
-2219	454
-2218	450
-2217	447
-2217	443
-2217	440
-2215	437
-2213	435
-2211	432
-2210	429
-2208	426
-2208	423
-2207	419
-2207	415
-2205	413
-2205	409
-2204	406
-2203	403
-2202	399
-2200	397
-2199	394
-2197	391
-2196	388
-2194	385
-2192	383
-2191	379
-2191	375
-2190	372
-2189	369
-2187	367
-2186	363
-2187	359
-2186	355
-2187	351
-2186	347
-2187	343
-2185	340
-2183	338
-2181	335
-2179	332
-2179	329
-2178	325
-2177	322
-2177	318
-2176	315
-2174	313
-2171	310
-2169	308
-2168	304
-2168	300
-2167	297
-2164	295
-2163	292
-2162	288
-2161	285
-2160	282
-2159	279
-2157	276
-2155	274
-2154	270
-2152	267
-2152	264
-2151	260
-2150	256
-2150	253
-2148	250
-2145	248
-2144	245
-2143	242
-2142	238
-2141	235
-2141	231
-2139	228
-2136	226
-2135	223
-2133	220
-2132	217
-2130	214
-2128	212
-2125	210
-2123	207
-2119	205
-2116	204
-2115	201
-2113	198
-2108	197
-2105	195
-2102	193
-2098	192
-2095	190
-2092	188
-2090	186
-2086	185
-2082	183
-2078	183
-2073	182
-2068	181
-2066	179
-2065	176
-2065	172
-2061	170
-2058	168
-2057	165
-2058	161
-2056	158
-2054	155
-2055	150
-2053	148
-2050	146
-2050	142
-2049	138
-2046	136
-2044	134
-2044	130
-2044	125
-2044	121
-2042	119
-2039	117
-2036	115
-2035	111
-2036	107
-2034	103
-2035	99
-2034	95
-2031	93
-2029	91
-2029	86
-2028	83
-2027	80
-2025	77
-2024	73
-2023	70
-2020	68
-2018	66
-2020	59
-2020	55
-2017	53
-2015	50
-2015	47
-2013	43
-2010	42
-2007	39
-2013	30
-2008	30
-2009	25
-2009	21
-2008	17
-2007	13
-2005	11
-2002	9
-2002	4
-2000	2
-1996	1
-1993	-1
-1993	-6
-1993	-10
-1993	-15
-1992	-18
-1988	-19
-1986	-22
-1986	-26
-1985	-29
-1985	-35
-1985	-39
-1983	-42
-1982	-46
-1980	-48
-1978	-51
-1978	-55
-1977	-59
-1972	-59
-1970	-62
-1970	-66
-1971	-72
-1970	-76
-1968	-79
-1968	-83
-1966	-86
-1963	-88
-1961	-91
-1963	-97
-1961	-100
-1958	-102
-1955	-104
-1955	-109
-1954	-112
-1952	-115
-1949	-117
-1946	-119
-1944	-122
-1942	-125
-1938	-125
-1935	-127
-1932	-129
-1924	-126
-1920	-127
-1917	-129
-1916	-132
-1905	-126
-1900	-126
-1898	-129
-1898	-133
-1895	-136
-1892	-137
-1881	-131
-1875	-130
-1872	-131
-1869	-133
-1866	-135
-1863	-137
-1858	-136
-1854	-137
-1848	-136
-1844	-136
-1838	-135
-1832	-134
-1828	-134
-1824	-135
-1824	-140
-1825	-146
-1829	-155
-1824	-154
-1817	-152
-1810	-149
-1795	-138
-1790	-138
-1788	-140
-1784	-141
-1780	-142
-1776	-142
-1773	-143
-1770	-145
-1768	-148
-1763	-147
-1754	-142
-1741	-133
-1731	-126
-1720	-120
-1711	-115
-1705	-113
-1701	-113
-1699	-116
-1696	-117
-1692	-118
-1689	-118
-1685	-119
-1683	-121
-1680	-123
-1678	-125
-1675	-128
-1668	-124
-1668	-129
-1670	-135
-1669	-139
-1665	-140
-1663	-142
-1658	-142
-1655	-143
-1649	-140
-1642	-138
-1639	-139
-1634	-138
-1631	-139
-1628	-140
-1625	-142
-1624	-146
-1622	-148
-1617	-147
-1612	-146
-1607	-145
-1599	-140
-1595	-140
-1589	-138
-1582	-135
-1574	-130
-1571	-131
-1571	-136
-1570	-139
-1566	-140
-1562	-139
-1559	-141
-1555	-141
-1553	-143
-1551	-146
-1548	-147
-1542	-145
-1540	-147
-1536	-146
-1530	-144
-1526	-144
-1523	-146
-1522	-148
-1520	-151
-1519	-155
-1518	-158
-1516	-161
-1512	-161
-1507	-159
-1501	-157
-1495	-154
-1486	-148
-1482	-147
-1476	-145
-1471	-143
-1466	-142
-1462	-141
-1457	-139
-1454	-140
-1451	-142
-1449	-144
-1445	-143
-1439	-141
-1436	-142
-1433	-142
-1427	-140
-1422	-138
-1419	-138
-1411	-134
-1407	-132
-1404	-133
-1402	-136
-1399	-137
-1395	-137
-1390	-134
-1386	-134
-1382	-134
-1379	-135
-1377	-137
-1375	-139
-1373	-141
-1364	-133
-1360	-133
-1361	-139
-1360	-143
-1358	-146
-1357	-148
-1355	-151
-1352	-152
-1349	-153
-1346	-154
-1342	-154
-1336	-150
-1331	-147
-1324	-142
-1321	-143
-1318	-145
-1315	-145
-1312	-145
-1309	-146
-1306	-147
-1302	-147
-1297	-144
-1291	-141
-1288	-142
-1286	-143
-1284	-145
-1282	-148
-1279	-149
-1276	-150
-1274	-151
-1273	-155
-1270	-156
-1268	-159
-1267	-161
-1265	-164
-1262	-164
-1259	-165
-1256	-166
-1249	-161
-1242	-155
-1239	-155
-1235	-155
-1231	-154
-1227	-153
-1224	-154
-1221	-154
-1217	-153
-1214	-154
-1213	-157
-1209	-155
-1205	-154
-1201	-154
-1199	-156
-1198	-160
-1195	-160
-1192	-161
-1189	-161
-1187	-163
-1180	-157
-1175	-155
-1172	-155
-1169	-155
-1166	-157
-1164	-158
-1162	-160
-1160	-163
-1155	-160
-1151	-158
-1147	-157
-1143	-155
-1137	-152
-1133	-150
-1131	-152
-1131	-157
-1128	-157
-1125	-158
-1121	-157
-1118	-157
-1115	-158
-1112	-158
-1109	-158
-1106	-159
-1105	-162
-1104	-167
-1101	-166
-1097	-164
-1093	-164
-1090	-165
-1087	-165
-1085	-165
-1082	-166
-1079	-166
-1074	-163
-1070	-162
-1066	-161
-1062	-159
-1059	-159
-1056	-158
-1052	-157
-1047	-155
-1044	-154
-1041	-154
-1037	-153
-1036	-156
-1036	-162
-1036	-169
-1033	-168
-1024	-157
-1020	-156
-1018	-158
-1016	-159
-1014	-161
-1012	-163
-1008	-163
-1006	-164
-1003	-164
-1000	-165
-994	-159
-989	-154
-984	-151
-980	-148
-977	-148
-973	-147
-971	-148
-969	-150
-966	-151
-963	-151
-961	-152
-958	-153
-956	-155
-955	-158
-952	-158
-949	-158
-946	-158
-943	-157
-939	-157
-937	-157
-932	-154
-929	-153
-928	-158
-925	-158
-922	-157
-919	-157
-915	-156
-913	-156
-910	-156
-906	-155
-902	-153
-899	-152
-896	-152
-894	-153
-891	-153
-888	-153
-885	-152
-880	-148
-877	-147
-873	-145
-869	-144
-866	-142
-863	-141
-860	-141
-856	-140
-853	-138
-849	-137
-857	-160
-777	1
-774	1
-771	1
-768	2
-766	2
-764	1
-761	1
-759	1
-755	3
-753	3
-750	3
-747	4
-745	3
-743	3
-741	1
-738	2
-735	3
-732	3
-731	-0
-732	-8
-732	-16
-730	-18
-725	-12
-721	-7
-718	-6
-718	-13
-717	-18
-716	-21
-745	-126
-744	-129
-743	-134
-742	-139
-740	-141
-738	-142
-735	-143
-733	-144
-730	-145
-728	-145
-725	-145
-723	-146
-721	-148
-719	-150
-716	-150
-714	-151
-711	-151
-709	-152
-706	-153
-704	-154
-701	-154
-697	-150
-693	-144
-689	-142
-687	-143
-684	-143
-682	-144
-679	-145
-677	-145
-675	-149
-676	-158
-673	-157
-670	-156
-667	-156
-664	-156
-662	-156
-659	-155
-656	-153
-652	-151
-649	-150
-646	-150
-643	-149
-641	-149
-638	-149
-636	-150
-633	-149
-628	-142
-623	-133
-619	-130
-617	-130
-614	-131
-612	-130
-609	-131
-607	-134
-606	-136
-604	-141
-604	-147
-604	-159
-605	-171
-604	-177
-601	-176
-597	-169
-592	-160
-588	-156
-585	-154
-581	-150
-577	-144
-572	-138
-569	-134
-566	-134
-564	-136
-563	-141
-562	-148
-561	-153
-559	-157
-557	-158
-555	-160
-555	-167
-554	-175
-552	-176
-549	-176
-546	-176
-544	-177
-542	-179
-539	-180
-537	-179
-534	-179
-532	-179
-529	-181
-527	-182
-524	-181
-522	-183
-519	-182
-516	-181
-514	-180
-511	-178
-508	-178
-505	-177
-502	-176
-500	-176
-496	-173
-493	-170
-491	-171
-488	-171
-487	-175
-485	-180
-483	-183
-481	-182
-478	-183
-476	-182
-473	-183
-471	-183
-468	-182
-465	-182
-463	-183
-461	-185
-458	-185
-456	-185
-453	-184
-450	-183
-447	-181
-445	-181
-442	-180
-439	-178
-436	-175
-432	-171
-430	-171
-427	-171
-425	-172
-423	-173
-420	-172
-418	-174
-416	-176
-414	-179
-412	-181
-409	-183
-407	-184
-404	-183
-402	-183
-399	-183
-397	-185
-395	-185
-392	-185
-389	-183
-386	-182
-384	-182
-382	-183
-379	-185
-377	-185
-374	-185
-372	-184
-369	-184
-367	-184
-364	-184
-362	-185
-359	-184
-357	-184
-354	-183
-351	-183
-349	-184
-347	-185
-344	-184
-342	-184
-338	-175
-335	-177
-334	-181
-331	-178
-329	-183
-327	-184
-324	-185
-322	-185
-319	-184
-317	-185
-314	-185
-311	-183
-309	-182
-307	-184
-304	-185
-302	-184
-299	-184
-297	-184
-294	-186
-292	-185
-289	-184
-287	-184
-284	-184
-282	-184
-279	-182
-276	-181
-274	-182
-272	-182
-269	-182
-267	-182
-264	-184
-262	-184
-259	-184
-257	-181
-254	-180
-252	-180
-249	-181
-247	-182
-244	-183
-242	-185
-240	-185
-237	-184
-235	-186
-232	-186
-230	-185
-227	-185
-225	-185
-222	-185
-220	-183
-217	-183
-215	-184
-212	-184
-210	-185
-208	-185
-205	-183
-203	-183
-200	-184
-198	-183
-195	-183
-193	-185
-190	-187
-188	-187
-186	-186
-183	-183
-180	-179
-177	-176
-175	-173
-172	-171
-170	-173
-168	-176
-165	-179
-163	-181
-161	-183
-158	-185
-156	-185
-154	-186
-151	-186
-149	-187
-146	-188
-144	-186
-141	-186
-139	-186
-136	-184
-134	-183
-131	-183
-129	-183
-126	-182
-124	-182
-121	-183
-119	-184
-117	-183
-114	-183
-112	-183
-109	-182
-107	-182
-104	-182
-102	-183
-99	-183
-97	-183
-95	-184
-92	-184
-90	-184
-87	-183
-85	-182
-82	-181
-80	-181
-77	-181
-72	-182
-70	-183
-68	-183
-65	-183
-63	-183
-60	-182
-58	-181
-55	-182
-53	-183
-50	-182
-48	-182
-46	-182
-43	-182
-41	-182
-38	-182
-36	-183
-33	-182
-31	-182
-28	-182
-26	-183
-23	-183
-21	-184
-19	-183
-16	-184
-14	-183
-11	-183
-9	-183
-6	-183
-4	-183
-1	-183
1	-183
3	-182
6	-182
8	-182
11	-182
13	-183
16	-185
18	-185
21	-185
23	-184
26	-183
28	-184
30	-184
33	-184
35	-183
38	-182
40	-182
43	-182
45	-182
48	-182
50	-182
53	-183
55	-184
58	-184
60	-183
62	-183
65	-183
67	-184
70	-184
72	-184
75	-183
77	-183
80	-183
82	-183
84	-180
87	-181
90	-184
92	-186
95	-185
97	-184
99	-183
102	-183
104	-183
107	-185
109	-184
112	-183
114	-183
117	-184
119	-184
122	-183
124	-184
127	-185
129	-185
131	-183
134	-183
136	-183
139	-183
141	-183
144	-183
146	-183
149	-182
151	-182
154	-182
156	-183
159	-182
161	-182
164	-183
166	-183
169	-183
171	-182
174	-182
176	-183
179	-184
181	-184
184	-183
186	-184
189	-184
191	-183
194	-183
196	-184
199	-183
201	-183
203	-183
206	-182
208	-182
211	-181
213	-181
216	-182
218	-181
221	-181
223	-182
226	-181
228	-182
231	-183
233	-182
236	-183
239	-182
241	-183
244	-182
246	-183
249	-183
251	-182
254	-182
256	-182
259	-182
261	-183
264	-183
266	-184
269	-184
272	-184
274	-183
277	-184
279	-183
281	-182
284	-181
286	-181
289	-182
291	-182
294	-183
297	-183
300	-185
302	-184
305	-185
307	-184
309	-182
312	-181
314	-183
317	-183
320	-184
322	-183
325	-183
327	-182
330	-183
332	-183
335	-184
338	-183
340	-183
342	-182
345	-181
348	-183
350	-183
353	-184
355	-183
358	-183
361	-183
363	-182
366	-183
368	-183
371	-183
374	-183
376	-184
378	-182
381	-182
384	-183
386	-182
389	-183
391	-180
393	-177
395	-174
397	-172
399	-171
402	-171
405	-174
409	-179
412	-180
414	-179
417	-179
418	-176
421	-175
424	-177
428	-183
431	-183
433	-183
436	-184
439	-183
441	-182
443	-181
446	-180
449	-182
451	-182
454	-182
457	-182
460	-183
462	-183
465	-182
467	-183
470	-183
473	-183
475	-182
478	-182
481	-182
483	-182
486	-182
489	-183
491	-182
494	-182
497	-183
499	-182
502	-183
505	-182
507	-182
510	-183
512	-181
515	-181
518	-181
520	-181
523	-181
526	-183
529	-183
531	-182
534	-182
537	-183
539	-181
541	-179
544	-179
547	-180
548	-174
549	-171
551	-169
554	-170
557	-169
559	-167
561	-166
564	-165
566	-164
568	-164
571	-164
574	-164
577	-164
580	-166
583	-165
585	-163
587	-162
589	-161
592	-160
594	-160
597	-161
602	-165
607	-172
611	-175
614	-175
615	-173
617	-170
620	-171
624	-173
625	-169
627	-167
630	-167
631	-162
632	-157
632	-150
631	-142
631	-133
631	-125
631	-120
633	-117
635	-115
637	-114
639	-112
642	-112
645	-112
648	-113
650	-113
653	-113
656	-113
659	-113
662	-114
665	-115
668	-116
671	-117
674	-119
679	-122
685	-131
692	-142
700	-154
703	-153
706	-153
708	-153
711	-152
713	-151
716	-150
718	-150
721	-149
723	-148
726	-147
728	-146
730	-145
733	-144
736	-144
738	-143
740	-142
742	-139
744	-137
746	-134
747	-131
748	-126
749	-123
749	-117
750	-111
749	-104
720	-16
721	-11
722	-8
723	-5
724	-2
726	-0
728	2
730	3
732	4
735	3
738	3
741	4
743	4
748	0
752	-3
753	1
756	1
757	3
760	3
763	1
776	-2
778	0
780	2
783	2
850	-110
853	-109
855	-108
858	-107
860	-106
863	-106
868	-109
874	-115
888	-137
891	-136
894	-136
897	-136
901	-138
908	-145
921	-164
930	-175
933	-176
937	-176
940	-177
944	-177
947	-178
950	-178
953	-178
956	-177
960	-177
963	-179
967	-179
969	-177
971	-176
974	-175
977	-175
981	-175
984	-175
987	-175
991	-176
996	-179
999	-179
1003	-181
1006	-180
1009	-180
1012	-180
1015	-179
1018	-179
1021	-178
1024	-178
1026	-175
1029	-175
1034	-178
1037	-178
1040	-177
1044	-178
1047	-178
1051	-178
1054	-179
1057	-178
1061	-179
1065	-179
1068	-179
1070	-177
1074	-178
1078	-179
1081	-179
1085	-180
1089	-181
1092	-180
1096	-180
1099	-180
1102	-180
1105	-179
1109	-180
1112	-179
1116	-180
1119	-179
1122	-179
1124	-177
1127	-176
1130	-176
1135	-178
1138	-177
1140	-176
1142	-172
1145	-172
1149	-173
1152	-172
1155	-172
1159	-172
1165	-175
1169	-177
1172	-175
1173	-172
1175	-170
1177	-168
1180	-167
1183	-166
1187	-166
1189	-165
1192	-164
1196	-164
1200	-165
1208	-171
1216	-178
1220	-179
1224	-180
1227	-179
1231	-179
1235	-179
1239	-179
1244	-182
1247	-181
1251	-181
1252	-178
1256	-178
1260	-179
1263	-177
1263	-173
1264	-169
1266	-166
1270	-167
1275	-169
1283	-174
1283	-170
1284	-166
1286	-163
1288	-161
1291	-160
1293	-158
1296	-157
1299	-156
1303	-156
1307	-157
1312	-158
1316	-158
1320	-159
1325	-160
1332	-164
1339	-169
1344	-170
1348	-171
1353	-172
1355	-170
1358	-168
1360	-166
1364	-166
1367	-165
1370	-165
1373	-164
1376	-162
1379	-161
1383	-161
1386	-160
1390	-160
1393	-158
1396	-158
1399	-156
1401	-154
1404	-153
1409	-154
1419	-162
1422	-161
1423	-157
1427	-157
1430	-156
1432	-154
1435	-152
1437	-150
1441	-149
1451	-157
1452	-153
1453	-149
1456	-148
1459	-147
1464	-147
1469	-149
1473	-149
1477	-148
1480	-148
1485	-148
1488	-147
1490	-145
1494	-145
1502	-149
1504	-146
1508	-146
1512	-146
1514	-144
1517	-142
1520	-141
1525	-142
1532	-145
1537	-146
1542	-146
1546	-147
1548	-144
1554	-145
1555	-143
1559	-142
1562	-141
1568	-143
1575	-145
1580	-146
1584	-146
1589	-146
1594	-147
1596	-145
1597	-141
1600	-140
1605	-140
1611	-142
1620	-146
1621	-143
1622	-140
1625	-138
1626	-134
1630	-134
1635	-135
1638	-133
1642	-132
1646	-132
1650	-132
1653	-130
1658	-130
1658	-125
1655	-118
1656	-114
1658	-112
1661	-110
1664	-108
1670	-110
1675	-110
1682	-112
1691	-117
1696	-117
1699	-116
1703	-115
1709	-117
1714	-117
1719	-118
1723	-116
1725	-114
1727	-111
1729	-108
1732	-107
1742	-112
1754	-120
1757	-117
1761	-116
1764	-115
1767	-114
1771	-113
1776	-112
1777	-109
1779	-106
1783	-106
1788	-105
1793	-106
1798	-105
1803	-106
1812	-110
1816	-109
1821	-110
1828	-111
1835	-113
1841	-114
1850	-117
1858	-120
1860	-117
1862	-115
1866	-114
1870	-113
1875	-113
1879	-111
1882	-110
1890	-112
1898	-115
1903	-115
1903	-110
1907	-109
1911	-108
1916	-108
1921	-108
1929	-110
1934	-110
1939	-109
1946	-111
1953	-113
1955	-110
1961	-110
1965	-109
1969	-108
1973	-107
1979	-108
1986	-109
1992	-109
1996	-108
1992	-99
1992	-95
1996	-94
2001	-93
2005	-92
2010	-92
2016	-92
2022	-92
2035	-99
2038	-96
2041	-94
2045	-93
2049	-92
2055	-92
2058	-90
2062	-89
2067	-88
2072	-87
2077	-87
2082	-86
2087	-86
2091	-84
2095	-83
2099	-81
2103	-80
2108	-79
2117	-82
2120	-80
2122	-76
2124	-73
2127	-71
2131	-70
2140	-72
2158	-81
2170	-86
2176	-87
2182	-86
2186	-85
2190	-83
2191	-79
2197	-79
2203	-79
2210	-80
2223	-85
2236	-90
2243	-91
2245	-88
2248	-85
2246	-79
2247	-74
2251	-73
2258	-73
2265	-74
2282	-82
2292	-85
2296	-83
2295	-77
2295	-73
2298	-70
2302	-69
2306	-67
2309	-64
2311	-60
2317	-60
2319	-57
2321	-53
2322	-50
2313	-38
2321	-39
2327	-39
2334	-39
2344	-41
2352	-43
2353	-38
2358	-37
2362	-35
2365	-33
2366	-28
2364	-22
2364	-17
2365	-13
2366	-9
2368	-6
2369	-2
2369	2
2368	8
2370	11
2373	14
2371	20
2370	25
2373	28
2375	32
2373	38
2372	42
2374	46
2374	50
2376	54
2373	60
2375	64
2377	67
2377	71
2379	75
2379	79
2380	84
2379	89
2380	93
2381	97
2382	100
2385	103
2384	108
2383	113
2385	116
2379	125
2380	129
2380	134
2382	136
2381	142
2381	146
2383	150
2385	153
2386	157
2387	160
2387	165
2389	168
2384	176
2390	176
2391	180
2389	186
2391	189
2393	192
2393	196
2392	201
2392	205
2393	209
2393	214
2392	219
2392	223
2393	227
2393	231
2392	236
2391	241
2392	245
2396	247
2399	250
2401	253
2403	256
2404	260
2403	264
2406	267
2408	270
2432	265
2438	266
2444	267
2447	269
2452	271
2475	271
2482	272
2486	274
3081	327
3092	328
3102	328
3113	328
3124	329
3132	330
3140	332
3216	335
3223	337
3233	338
3244	338
3255	339
3265	340
3274	342
3278	345
3291	345
3305	344
3335	348
3345	349
3351	352
3371	354
3381	356
3388	358
3397	360
3407	361
3417	363
3426	365
3434	367
3444	368
3457	369
3474	368
3489	367
3503	367
3520	366
3595	371
3605	373
3620	373
3632	374
3642	376
3653	378
3685	383
3692	386
3697	390
3702	394
3706	398
3710	402
3712	407
3711	413
3709	419
3709	424
3709	430
3709	435
3707	441
3707	447
3706	453
3706	458
3703	464
3703	470
3702	476
3702	481
3701	487
3699	493
3698	499
3697	504
3698	510
3698	515
3699	520
3699	526
3699	531
3699	536
3698	542
3695	548
3694	554
3692	560
3692	565
3690	571
3691	576
3691	582
3689	588
3690	593
3689	598
3688	604
3687	609
3687	615
3687	620
3686	625
3685	631
3684	637
3685	642
3684	647
3684	653
3683	658
3682	664
3682	669
3681	674
3681	680
3681	685
3680	691
3678	696
3677	702
3678	707
3676	713
3675	718
3675	723
3674	729
3673	734
3673	740
3672	745
3672	750
3671	755
3671	761
3671	766
3670	771
3668	777
3666	783
3666	788
3667	793
3666	798
3666	803
3665	809
3664	814
3663	819
3662	825
3662	830
3661	835
3661	840
3660	846
3660	851
3660	856
3660	861
3660	866
3657	872
3657	877
3657	882
3656	888
3656	893
3656	898
3655	903
3654	908
3654	913
3653	919
3653	924
3653	929
3652	934
3652	939
3652	944
3650	950
3649	955
3648	960
3647	965
3647	970
3647	975
3647	980
3647	985
3647	991
3647	996
3647	1001
3647	1006
3646	1011
3646	1016
3646	1021
3643	1026
3643	1031
3643	1036
3642	1042
3643	1046
3642	1052
3642	1057
3641	1062
3639	1067
3639	1072
3639	1077
3639	1082
3639	1087
3637	1092
3636	1097
3636	1102
3636	1107
3635	1112
3634	1117
3634	1122
3634	1127
3633	1133
3631	1138
3631	1143
3632	1148
3631	1153
3631	1157
3630	1163
3630	1168
3627	1173
3628	1178
3628	1183
3626	1188
3626	1193
3626	1198
3625	1203
3625	1208
3625	1213
3625	1217
3624	1222
3623	1227
3623	1232
3623	1237
3622	1242
3621	1247
3620	1252
3620	1257
3620	1262
3619	1267
3619	1272
3618	1277
3618	1282
3617	1287
3617	1292
3616	1297
3616	1302
3614	1307
3614	1311
3612	1316
3612	1321
3611	1326
3612	1331
3610	1336
3610	1341
3609	1346
3609	1351
3609	1356
3608	1361
3607	1365
3607	1370
3607	1375
3606	1380
3606	1385
3605	1390
3604	1395
3603	1400
3602	1405
3601	1409
3602	1414
3601	1419
3601	1424
3601	1429
3600	1434
3600	1438
3600	1443
3598	1448
3599	1453
3599	1458
3598	1463
3596	1468
3596	1472
3595	1477
3594	1482
3595	1487
3594	1492
3593	1497
3592	1501
3592	1506
3592	1511
3592	1516
3591	1521
3591	1525
3590	1530
3590	1535
3588	1540
3587	1545
3587	1550
3588	1554
3587	1559
3587	1564
3587	1569
3586	1573
3584	1578
3584	1583
3584	1588
3584	1593
3584	1597
3583	1602
3583	1607
3581	1612
3580	1617
3580	1621
3580	1626
3580	1631
3580	1636
3579	1640
3578	1645
3577	1650
3577	1655
