2547	1705
2549	1708
2551	1712
2552	1715
2552	1719
2550	1722
2551	1729
2550	1732
2550	1736
2550	1739
2551	1743
2551	1746
2552	1749
2554	1753
2554	1756
2554	1760
2554	1763
2553	1767
2553	1770
2553	1774
2554	1777
2554	1780
2554	1784
2553	1787
2553	1791
2555	1794
2557	1798
2557	1801
2558	1805
2558	1808
2557	1811
2556	1815
2558	1818
2559	1822
2559	1825
2559	1829
2560	1832
2560	1836
2561	1839
2560	1843
2561	1846
2562	1850
2562	1853
2564	1857
2564	1860
2564	1864
2565	1867
2566	1871
2565	1874
2566	1878
2567	1881
2567	1885
2566	1888
2567	1892
2568	1895
2567	1898
2566	1902
2567	1905
2568	1909
2568	1913
2569	1916
2569	1919
2569	1923
2568	1926
2568	1930
2570	1933
2569	1937
2568	1940
2567	1944
2567	1947
2570	1951
2572	1955
2571	1958
2570	1961
2570	1965
2571	1968
2573	1972
2573	1976
2573	1979
2573	1983
2571	1986
2571	1989
2571	1993
2572	1997
2574	2000
2573	2004
2574	2007
2573	2011
2573	2014
2575	2018
2576	2022
2577	2025
2577	2029
2577	2032
2576	2036
2576	2039
2575	2043
2576	2046
2578	2050
2579	2054
2578	2057
2579	2061
2579	2064
2579	2068
2577	2071
2578	2075
2579	2078
2580	2082
2581	2086
2582	2089
2579	2093
2577	2096
2578	2100
2581	2103
2580	2107
2582	2111
2584	2115
2584	2118
2584	2122
2584	2125
2584	2129
2585	2133
2584	2136
2584	2140
2586	2144
2586	2147
2586	2151
2586	2154
2587	2158
2586	2161
2587	2165
2586	2169
2584	2172
2584	2175
2584	2179
2584	2183
2584	2186
2580	2189
2580	2193
2585	2197
2587	2201
2587	2205
2589	2209
2590	2213
2589	2216
2590	2220
2591	2224
2590	2227
2590	2231
2591	2234
2590	2238
2590	2242
2589	2245
2590	2249
2591	2253
2592	2256
2593	2260
2592	2264
2592	2267
2592	2271
2593	2275
2593	2279
2594	2282
2594	2286
2594	2290
2594	2293
2594	2297
2594	2301
2594	2304
2594	2308
2595	2312
2595	2316
2594	2319
2595	2323
2595	2327
2595	2330
2595	2334
2594	2338
2593	2341
2592	2345
2593	2348
2593	2352
2593	2356
2593	2359
2596	2364
2597	2368
2596	2371
2596	2375
2596	2379
2596	2383
2595	2386
2595	2390
2596	2394
2598	2398
2599	2402
2597	2405
2598	2409
2598	2413
2598	2417
2599	2421
2598	2424
2596	2427
2596	2431
2598	2435
2597	2439
2596	2442
2596	2446
2593	2449
2596	2454
2598	2458
2598	2462
2596	2465
2597	2469
2599	2473
2599	2477
2599	2481
2599	2485
2600	2489
2601	2493
2601	2497
2599	2500
2598	2504
2600	2508
2601	2512
2599	2515
2598	2519
2601	2524
2599	2527
2600	2531
2602	2535
2602	2539
2604	2544
2604	2548
2602	2551
2602	2555
2601	2558
2602	2562
2603	2567
2603	2571
2603	2574
2602	2578
2602	2582
2601	2585
2603	2590
2604	2594
2605	2598
2603	2602
2604	2606
2604	2610
2604	2614
2603	2617
2603	2621
2604	2625
2603	2629
2604	2633
2605	2638
2604	2641
2602	2645
2606	2650
2605	2654
2607	2658
2607	2662
2604	2665
2603	2669
2603	2672
2602	2676
2603	2680
2604	2685
2604	2689
2607	2694
2606	2698
2605	2701
2602	2704
2602	2708
2603	2712
2604	2717
2606	2721
2605	2725
2603	2728
2601	2732
2605	2737
2606	2742
2606	2746
2606	2750
2609	2755
2608	2759
2607	2762
2607	2767
2610	2772
2608	2775
2608	2779
2608	2783
2609	2787
2609	2792
2607	2795
2607	2799
2607	2803
2608	2808
2608	2812
2607	2815
2608	2820
2608	2824
2609	2829
2609	2833
2609	2837
2610	2841
2611	2846
2611	2850
2610	2854
2610	2858
2608	2862
2607	2865
2610	2871
2611	2876
2610	2879
2608	2883
2609	2887
2608	2891
2607	2895
2608	2899
2609	2904
2608	2908
2606	2911
2606	2915
2606	2919
2604	2923
2604	2927
2604	2931
2604	2935
2605	2940
2604	2944
2604	2949
2604	2953
2605	2957
2606	2962
2605	2966
2605	2970
2603	2974
2604	2979
2604	2983
2605	2987
2605	2992
2604	2996
2605	3000
2605	3005
2603	3008
2603	3013
2605	3018
2603	3021
2602	3025
2602	3030
2603	3035
2602	3038
2599	3041
2600	3046
2602	3051
2603	3057
2603	3061
2601	3064
2597	3067
2604	3075
2603	3079
2604	3084
2591	3081
2564	3072
2546	3067
2538	3067
2535	3069
2532	3072
2530	3076
2529	3079
2526	3082
2522	3084
2522	3089
2530	3097
2599	3144
2600	3149
2601	3154
2601	3158
2601	3163
2600	3167
2599	3171
2598	3175
2594	3178
2596	3183
2600	3190
2602	3195
2600	3199
2598	3203
2600	3208
2599	3212
2597	3216
2597	3220
2597	3225
2598	3230
2597	3235
2598	3240
2599	3245
2597	3249
2596	3253
2594	3256
2594	3261
2594	3265
2593	3270
2594	3275
2592	3279
2595	3285
2594	3289
2594	3294
2593	3298
2592	3302
2592	3307
2592	3312
2591	3316
2590	3320
2589	3324
2591	3330
2591	3335
2590	3339
2588	3343
2590	3349
2589	3353
2589	3358
2589	3363
2589	3367
2589	3372
2588	3377
2588	3381
2586	3385
2587	3391
2587	3396
2587	3401
2587	3405
2586	3410
2585	3414
2586	3420
2585	3424
2585	3429
2583	3433
2584	3438
2585	3444
2584	3448
2582	3452
2581	3456
2581	3461
2581	3466
2581	3471
2582	3477
2580	3481
2579	3485
2579	3490
2579	3495
2578	3500
2577	3504
2578	3510
2579	3516
2579	3521
2579	3526
2579	3531
2575	3533
2575	3539
2576	3544
2575	3548
2573	3552
2571	3557
2572	3562
2571	3567
2571	3571
2569	3576
2567	3580
2567	3585
2566	3589
2566	3595
2565	3599
2563	3603
2562	3607
2561	3612
2559	3616
2558	3621
2558	3626
2558	3631
2559	3637
2559	3642
2557	3646
2555	3650
2553	3654
2551	3658
2550	3662
2549	3667
2550	3673
2549	3677
2547	3681
2545	3685
2544	3690
2543	3695
2546	3702
2546	3708
2543	3711
2541	3715
2540	3720
2539	3724
2537	3728
2536	3733
2535	3738
2534	3742
2533	3747
2532	3752
2531	3757
2530	3761
2533	3769
2531	3773
2530	3778
2529	3783
2529	3788
2528	3793
2526	3798
2524	3802
2524	3807
2523	3812
2521	3816
2523	3823
2523	3829
2522	3834
2523	3840
2526	3849
2525	3854
2524	3859
2524	3864
2521	3868
2520	3873
2518	3877
2515	3880
2512	3883
2509	3887
2507	3890
2504	3894
2505	3900
2504	3905
2501	3909
2500	3914
2501	3920
2498	3924
2497	3929
2496	3934
2495	3939
2493	3943
2490	3947
2489	3952
2488	3957
2488	3963
2488	3968
2485	3972
2483	3976
2482	3981
2480	3986
2479	3990
2478	3996
2475	4000
2469	4000
2453	3991
2443	3988
2439	3991
2442	3999
2438	4002
2440	4010
2435	4011
2439	4021
2429	4018
2430	4025
2436	4037
2427	4034
2434	4047
2452	4070
2451	4076
2449	4080
2448	4085
2448	4092
2447	4097
2445	4101
2444	4107
2446	4115
2447	4122
2446	4128
2445	4133
2447	4141
2446	4146
2444	4151
2443	4157
2441	4161
2439	4166
2438	4171
2438	4178
2436	4183
2435	4187
2433	4192
2430	4196
2428	4200
2425	4204
2425	4210
2423	4215
2419	4218
2416	4221
2414	4226
2413	4231
2412	4238
2411	4243
2408	4247
2404	4249
2402	4254
2399	4257
2398	4263
2399	4270
2397	4275
2395	4280
2395	4286
2153	4038
2149	4040
2145	4041
2388	4307
2386	4312
2385	4317
2140	4073
2137	4077
2133	4079
2367	4346
2365	4351
2362	4355
2128	4104
2125	4107
2120	4109
2353	4373
2351	4378
2349	4383
2347	4388
2345	4393
2343	4398
2340	4402
2338	4406
2334	4409
2332	4414
2333	4422
2331	4427
2329	4432
2327	4437
2323	4439
2321	4445
2320	4450
2319	4456
2316	4460
2313	4464
2310	4468
2307	4473
2306	4478
2303	4483
2300	4487
2299	4493
2296	4497
2294	4501
2291	4506
2288	4510
2286	4514
2283	4518
2280	4523
2278	4527
2275	4532
2272	4535
2269	4539
2266	4543
2263	4547
2260	4551
2256	4554
2254	4559
2251	4563
2248	4567
2245	4571
2242	4576
2239	4579
2237	4584
2234	4588
2229	4590
2225	4593
2223	4597
2220	4602
2217	4606
2215	4611
2212	4615
2208	4618
2205	4622
2202	4625
2199	4630
2195	4633
2191	4636
2188	4640
2186	4645
2183	4650
2180	4653
2177	4657
2173	4661
2170	4664
2166	4667
2163	4671
2160	4675
2157	4679
2154	4683
2151	4688
2148	4691
2144	4695
2141	4700
2139	4704
2137	4709
2134	4714
2130	4718
2127	4721
2124	4725
2122	4731
2118	4734
2114	4737
2112	4742
2110	4747
2107	4752
2104	4756
2100	4760
2098	4764
2096	4770
2093	4776
2091	4781
2088	4785
2084	4788
2080	4791
2076	4794
2073	4798
2070	4803
2067	4806
2063	4809
2060	4814
2057	4818
2054	4823
2050	4826
2047	4831
2044	4835
2041	4839
2038	4844
2034	4847
2029	4849
2026	4852
2023	4857
2020	4862
2017	4865
2014	4870
2010	4874
2009	4880
2005	4885
2003	4890
2000	4895
1998	4901
1996	4906
1993	4912
1989	4915
1985	4918
1981	4920
1976	4922
1971	4924
1968	4928
1963	4930
1960	4935
1957	4939
1954	4943
1950	4946
1945	4948
1940	4950
1936	4953
1934	4958
1931	4963
1928	4968
1923	4970
1920	4975
1917	4979
1914	4983
1910	4987
1905	4989
1902	4993
1898	4996
1894	5000
1889	5000
1884	5003
1880	5006
1877	5010
1873	5013
1869	5017
1866	5021
1861	5023
1855	5022
1850	5023
1845	5025
1840	5027
1836	5030
1832	5033
1827	5034
1822	5036
1817	5038
1814	5042
1811	5047
1808	5052
1806	5058
1803	5063
1800	5069
1796	5072
1792	5075
1789	5081
1786	5086
1782	5089
1777	5091
1773	5093
1769	5096
1765	5099
1761	5102
1756	5105
1752	5108
1749	5112
1744	5115
1740	5117
1736	5120
1732	5124
1727	5126
1721	5125
1716	5126
1712	5129
1708	5133
1705	5137
1702	5143
1699	5148
1695	5152
1691	5156
1689	5162
1685	5165
1681	5169
1676	5172
1672	5175
1669	5179
1664	5180
1659	5182
1654	5184
1650	5187
1646	5191
1642	5195
1639	5200
1636	5205
1633	5210
1629	5214
1624	5215
1619	5218
1615	5222
1611	5225
1607	5229
1603	5232
1599	5235
1594	5237
1590	5239
1586	5242
1581	5245
1577	5248
1572	5249
1567	5252
1563	5255
1559	5258
1554	5260
1550	5264
1546	5266
1541	5268
1535	5269
1530	5268
1524	5269
1521	5273
1516	5275
1512	5278
1507	5280
1503	5283
1498	5285
1494	5288
1489	5291
1485	5294
1481	5298
1476	5299
1471	5301
1467	5304
1463	5308
1459	5311
1454	5313
1450	5317
1443	5314
1438	5316
1436	5322
1431	5325
1426	5326
1421	5327
1416	5329
1411	5331
1407	5333
1402	5335
1397	5338
1393	5342
1389	5345
1385	5347
1380	5350
1376	5354
1372	5358
1368	5362
1364	5364
1359	5366
1354	5368
1349	5371
1345	5374
1340	5375
1335	5375
1331	5379
1327	5385
1323	5388
1319	5392
1314	5395
1310	5398
1305	5398
1298	5396
1293	5397
1289	5400
1284	5404
1280	5406
1275	5408
1271	5411
1265	5412
1260	5413
1256	5415
1251	5417
1246	5419
1242	5422
1237	5426
1233	5428
1229	5432
1224	5436
1220	5438
1216	5442
1210	5443
1205	5443
1200	5446
1196	5448
1191	5449
1186	5453
1181	5454
1176	5456
1171	5457
1166	5458
1161	5460
1157	5462
1151	5463
1147	5466
1142	5468
1137	5470
1132	5471
1128	5476
1124	5479
1119	5481
1114	5481
1109	5483
1103	5483
1098	5484
1094	5487
1089	5490
1085	5493
1081	5498
1077	5502
1072	5506
1067	5508
1063	5510
1058	5514
1053	5515
1048	5517
1043	5518
1038	5520
1033	5521
1028	5524
1024	5526
1019	5528
1014	5530
1009	5530
1004	5532
999	5534
994	5536
989	5538
984	5538
978	5539
972	5536
967	5536
963	5541
959	5545
953	5546
948	5547
943	5549
939	5551
934	5553
929	5556
924	5559
919	5559
914	5560
909	5561
904	5563
899	5564
894	5566
889	5567
884	5569
879	5571
874	5575
870	5578
865	5579
859	5577
853	5574
847	5573
842	5576
838	5580
833	5583
829	5587
825	5593
820	5596
815	5598
810	5600
805	5602
800	5603
796	5606
792	5613
787	5616
782	5617
777	5618
772	5621
767	5625
763	5628
758	5630
753	5632
748	5634
743	5637
739	5642
734	5646
730	5652
725	5655
720	5657
715	5659
710	5660
705	5661
700	5663
695	5667
690	5671
686	5674
681	5677
676	5681
671	5683
666	5684
660	5683
654	5680
649	5679
644	5682
639	5686
634	5689
629	5689
623	5688
618	5688
613	5690
608	5691
603	5692
597	5693
593	5697
588	5701
583	5703
577	5703
572	5705
567	5707
562	5709
557	5710
552	5710
546	5710
541	5710
535	5709
530	5710
525	5711
519	5711
514	5711
509	5710
503	5709
497	5708
492	5708
487	5710
482	5711
477	5711
471	5711
466	5713
461	5713
455	5711
449	5709
444	5710
439	5712
434	5717
429	5720
424	5721
419	5722
414	5723
408	5723
403	5724
398	5724
393	5725
387	5724
382	5724
376	5724
371	5722
365	5717
359	5712
354	5713
349	5715
344	5717
338	5719
334	5722
328	5724
323	5724
318	5727
313	5729
308	5731
302	5731
297	5732
292	5732
287	5733
281	5733
276	5733
271	5733
265	5733
260	5734
255	5732
249	5733
244	5735
239	5736
233	5736
228	5736
223	5737
218	5737
212	5739
207	5739
202	5738
196	5739
191	5741
186	5739
180	5737
175	5738
170	5739
164	5737
159	5735
154	5735
148	5736
143	5738
138	5738
133	5737
127	5736
122	5736
117	5737
111	5739
106	5741
101	5743
96	5742
90	5741
85	5740
80	5740
74	5741
69	5740
64	5738
58	5739
53	5741
48	5742
43	5746
14	5025
10	5023
6	5022
1	5018
-3	5017
-8	5017
-12	5018
-16	5015
-21	5006
-25	5002
-30	4999
-34	4994
-38	4993
-43	4993
-47	4993
-51	4995
-56	4997
-60	5002
-64	5009
-69	5016
-73	5018
-77	5018
-82	5018
-86	5019
-90	5022
-95	5023
-99	5022
-104	5025
-122	5751
-127	5749
-133	5747
-138	5745
-143	5744
-149	5743
-154	5743
-159	5743
-164	5743
-170	5743
-175	5745
-180	5745
-186	5745
-191	5745
-196	5743
-202	5741
-207	5741
-212	5739
-217	5738
-223	5738
-228	5737
-233	5738
-239	5737
-244	5737
-249	5736
-254	5736
-260	5737
-265	5737
-270	5737
-276	5737
-281	5736
-286	5736
-292	5737
-297	5735
-302	5734
-307	5734
-313	5734
-318	5732
-323	5733
-329	5733
-334	5732
-339	5732
-344	5730
-350	5729
-355	5729
-360	5728
-365	5727
-370	5724
-376	5723
-381	5724
-386	5724
-392	5724
-397	5726
-403	5727
-408	5729
-413	5729
-419	5728
-424	5728
-429	5728
-435	5727
-440	5725
-445	5720
-450	5720
-455	5721
-461	5721
-466	5719
-471	5716
-476	5714
-481	5714
-486	5713
-492	5713
-497	5711
-502	5711
-507	5710
-512	5707
-518	5706
-523	5704
-528	5704
-533	5704
-539	5703
-544	5702
-549	5701
-554	5702
-560	5701
-565	5699
-570	5699
-576	5703
-507	5122
-511	5121
-520	5151
-526	5165
-531	5164
-536	5172
-543	5186
-547	5182
-554	5199
-629	5700
-634	5700
-640	5699
-645	5699
-650	5698
-655	5698
-661	5697
-666	5695
-671	5692
-676	5691
-681	5691
-687	5695
-693	5695
-698	5694
-703	5693
-708	5693
-714	5692
-719	5690
-724	5688
-729	5688
-734	5686
-739	5685
-744	5684
-750	5682
-755	5682
-760	5682
-766	5681
-771	5680
-776	5679
-781	5677
-786	5675
-791	5675
-797	5674
-802	5672
-807	5670
-812	5668
-816	5665
-821	5661
-826	5656
-830	5652
-835	5648
-840	5646
-845	5643
-850	5642
-855	5642
-861	5643
-866	5644
-872	5645
-877	5645
-883	5646
-888	5646
-894	5648
-900	5651
-906	5652
-911	5650
-916	5651
-922	5651
-927	5650
-932	5650
-937	5648
-943	5647
-948	5646
-953	5647
-959	5649
-965	5649
-970	5647
-975	5646
-980	5645
-986	5645
-991	5644
-996	5641
-1001	5641
-1006	5640
-1012	5639
-1017	5638
-1022	5638
-1027	5636
-1032	5634
-1037	5632
-1043	5632
-1048	5631
-1054	5631
-1059	5630
-1064	5629
-1068	5625
-1073	5621
-1078	5620
-1083	5620
-1089	5619
-1094	5618
-1099	5615
-1104	5612
-1109	5611
-1114	5612
-1120	5611
-1125	5610
-1131	5611
-1136	5612
-1141	5610
-1146	5606
-1151	5605
-1156	5603
-1161	5601
-1166	5598
-1171	5596
-1175	5593
-1180	5590
-1185	5589
-1190	5586
-1194	5582
-1199	5581
-1204	5579
-1209	5576
-1213	5572
-1217	5567
-1222	5565
-1228	5564
-1232	5561
-1237	5559
-1242	5556
-1246	5553
-1251	5551
-1256	5549
-1261	5546
-1265	5543
-1270	5540
-1275	5540
-1281	5539
-1286	5538
-1291	5535
-1296	5533
-1301	5532
-1306	5530
-1312	5532
-1318	5534
-1322	5529
-1327	5527
-1331	5524
-1336	5522
-1341	5520
-1346	5518
-1351	5517
-1357	5518
-1362	5516
-1367	5513
-1372	5511
-1376	5509
-1381	5505
-1385	5502
-1390	5498
-1395	5497
-1400	5497
-1405	5496
-1411	5495
-1415	5492
-1420	5489
-1425	5487
-1430	5485
-1435	5485
-1441	5485
-1447	5485
-1452	5483
-1457	5481
-1462	5481
-1467	5480
-1472	5478
-1477	5475
-1481	5472
-1486	5470
-1490	5466
-1494	5462
-1500	5462
-1506	5462
-1511	5460
-1515	5457
-1519	5454
-1524	5452
-1530	5451
-1535	5449
-1539	5447
-1544	5445
-1549	5443
-1554	5441
-1559	5438
-1563	5435
-1569	5434
-1573	5432
-1578	5429
-1582	5426
-1587	5424
-1592	5422
-1597	5420
-1601	5417
-1606	5414
-1611	5412
-1616	5411
-1622	5410
-1627	5410
-1632	5407
-1635	5401
-1639	5399
-1645	5398
-1651	5399
-1656	5397
-1659	5390
-1663	5386
-1667	5383
-1673	5384
-1679	5385
-1685	5384
-1689	5381
-1694	5379
-1700	5379
-1705	5377
-1710	5375
-1716	5376
-1721	5374
-1725	5371
-1728	5364
-1730	5356
-1733	5351
-1738	5348
-1743	5346
-1749	5346
-1754	5345
-1758	5341
-1763	5340
-1769	5339
-1773	5337
-1778	5334
-1784	5334
-1788	5331
-1793	5329
-1797	5324
-1801	5321
-1805	5318
-1811	5318
-1816	5315
-1821	5313
-1825	5311
-1830	5308
-1835	5306
-1838	5301
-1842	5298
-1848	5296
-1852	5293
-1858	5294
-1863	5291
-1867	5288
-1871	5285
-1875	5280
-1878	5276
-1882	5271
-1886	5268
-1891	5265
-1894	5261
-1899	5258
-1904	5256
-1908	5253
-1913	5252
-1919	5250
-1924	5250
-1929	5247
-1933	5244
-1938	5242
-1942	5238
-1946	5235
-1951	5232
-1956	5231
-1960	5227
-1965	5225
-1970	5223
-1975	5222
-1979	5219
-1984	5217
-1987	5212
-1990	5206
-1994	5203
-1999	5200
-2002	5195
-2007	5193
-2010	5188
-2014	5183
-2017	5179
-2021	5176
-2026	5173
-2030	5171
-2035	5168
-2038	5164
-2042	5159
-2044	5152
-2049	5150
-2054	5149
-2059	5147
-2063	5144
-2067	5140
-2071	5137
-2075	5132
-2079	5129
-2083	5126
-2087	5122
-2090	5118
-2094	5113
-2099	5111
-2104	5110
-2108	5107
-2113	5104
-2117	5101
-2120	5096
-2124	5093
-2128	5090
-2132	5086
-2136	5082
-2140	5079
-2143	5075
-2148	5073
-2154	5072
-2158	5069
-2162	5066
-2166	5061
-2171	5060
-2174	5056
-2177	5050
-2182	5048
-2188	5047
-2191	5043
-2195	5039
-2198	5034
-2200	5029
-2205	5027
-2211	5026
-2216	5025
-2221	5023
-2225	5019
-2229	5015
-2232	5012
-2235	5006
-2240	5003
-2244	5001
-2249	4999
-2254	4997
-2256	4991
-2261	4988
-2265	4986
-2269	4983
-2273	4979
-2276	4974
-2279	4970
-2284	4968
-2288	4965
-2293	4962
-2296	4958
-2300	4954
-2303	4949
-2306	4945
-2310	4941
-2313	4936
-2315	4931
-2320	4928
-2325	4926
-2329	4923
-2332	4919
-2336	4915
-2340	4912
-2345	4910
-2348	4906
-2352	4902
-2356	4898
-2356	4891
-2358	4884
-2362	4881
-2367	4878
-2373	4879
-2379	4877
-2383	4874
-2386	4870
-2390	4867
-2393	4863
-2397	4859
-2401	4855
-2405	4853
-2409	4850
-2413	4846
-2415	4840
-2419	4836
-2422	4832
-2425	4827
-2429	4825
-2431	4818
-2434	4815
-2439	4811
-2443	4809
-2448	4807
-2454	4807
-2457	4802
-2461	4798
-2465	4795
-2470	4793
-2475	4791
-2479	4789
-2483	4785
-2487	4782
-2490	4778
-2494	4774
-2497	4769
-2498	4762
-2499	4756
-2503	4752
-2508	4750
-2511	4746
-2514	4741
-2516	4736
-2519	4731
-2523	4728
-2527	4725
-2531	4721
-2535	4719
-2540	4716
-2541	4709
-2542	4703
-2546	4700
-2551	4697
-2555	4695
-2558	4691
-2562	4687
-2566	4684
-2569	4679
-2571	4675
-2574	4670
-2578	4666
-2581	4662
-2584	4658
-2588	4655
-2592	4651
-2595	4647
-2597	4642
-2601	4639
-2605	4635
-2609	4632
-2613	4629
-2616	4625
-2620	4621
-2622	4617
-2626	4612
-2629	4608
-2631	4603
-2636	4602
-2640	4598
-2643	4594
-2646	4589
-2649	4585
-2653	4582
-2656	4578
-2658	4573
-2661	4568
-2664	4564
-2669	4562
-2673	4558
-2679	4558
-2683	4555
-2688	4553
-2691	4548
-2693	4543
-2696	4539
-2699	4535
-2702	4531
-2704	4525
-2707	4520
-2711	4518
-2715	4514
-2718	4510
-2721	4507
-2723	4501
-2724	4494
-2726	4490
-2731	4488
-2735	4484
-2738	4480
-2741	4476
-2743	4471
-2745	4466
-2748	4461
-2751	4457
-2754	4453
-2756	4447
-2759	4444
-2763	4440
-2764	4435
-2766	4430
-2769	4425
-2772	4421
-2776	4418
-2779	4413
-2780	4408
-2782	4402
-2785	4398
-2789	4395
-2791	4390
-2792	4384
-2795	4380
-2798	4376
-2801	4372
-2804	4368
-2805	4362
-2808	4358
-2812	4355
-2816	4351
-2819	4347
-2822	4344
-2824	4339
-2826	4334
-2828	4329
-2832	4326
-2834	4321
-2837	4316
-2840	4312
-2842	4307
-2845	4303
-2848	4299
-2851	4295
-2853	4290
-2855	4285
-2858	4281
-2860	4277
-2862	4272
-2864	4267
-2868	4263
-2871	4259
-2874	4255
-2877	4251
-2880	4247
-2881	4242
-2883	4236
-2884	4231
-2885	4225
-2886	4219
-2888	4215
-2892	4211
-2894	4206
-2896	4202
-2899	4197
-2900	4192
-2900	4185
-2902	4180
-2903	4175
-2905	4170
-2908	4166
-2912	4163
-2914	4158
-2915	4153
-2918	4148
-2919	4143
-2922	4139
-2924	4134
-2927	4130
-2928	4125
-2928	4119
-2929	4112
-2929	4107
-2931	4102
-2933	4097
-2936	4093
-2938	4088
-2942	4085
-2944	4081
-2945	4075
-2948	4071
-2950	4066
-2952	4061
-2954	4057
-2956	4053
-2957	4047
-2958	4042
-2959	4036
-2962	4032
-2965	4029
-2968	4024
-2964	4015
-2964	4008
-2965	4003
-2969	4000
-2972	3996
-2973	3991
-2972	3984
-2975	3980
-2979	3977
-2982	3974
-2984	3969
-2986	3964
-2986	3959
-2989	3954
-2990	3949
-2983	3937
-2985	3933
-2987	3928
-2989	3924
-2992	3920
-2994	3916
-2995	3911
-2998	3906
-2999	3901
-2999	3896
-3000	3890
-3001	3885
-3003	3880
-3005	3876
-3006	3871
-3003	3862
-3004	3857
-3006	3853
-3006	3847
-3008	3842
-3009	3837
-3010	3832
-3007	3824
-3009	3820
-3013	3816
-3015	3812
-3014	3806
-3015	3801
-3017	3796
-3020	3793
-3018	3785
-3017	3778
-3017	3773
-3017	3767
-3021	3764
-3023	3760
-3025	3756
-3024	3749
-3024	3743
-3027	3739
-3029	3735
-3030	3730
-3031	3725
-3031	3719
-3031	3714
-3028	3706
-3030	3702
-3033	3698
-3035	3694
-3036	3689
-3037	3684
-3040	3680
-3040	3674
-3037	3667
-3034	3659
-3032	3653
-3031	3646
-3030	3640
-3031	3635
-3032	3630
-3029	3623
-3029	3617
-3027	3610
-3026	3604
-3024	3598
-3023	3592
-3025	3587
-3028	3583
-3029	3579
-3030	3574
-3031	3569
-3031	3563
-3031	3559
-3031	3553
-3033	3549
-3031	3542
-3032	3537
-3031	3531
-3031	3526
-3031	3520
-3030	3515
-3030	3509
-3031	3504
-3032	3500
-3032	3495
-3031	3489
-3032	3484
-3034	3480
-3032	3473
-3032	3468
-3031	3462
-3031	3457
-3033	3453
-3033	3448
-3034	3443
-3032	3436
-3033	3432
-3033	3427
-3033	3421
-3035	3417
-3035	3412
-3034	3407
-3034	3401
-3032	3395
-3033	3390
-3036	3387
-3037	3382
-3036	3376
-3036	3371
-3037	3367
-3037	3362
-3037	3357
-3037	3352
-3037	3347
-3037	3341
-3037	3336
-3036	3331
-3036	3326
-3038	3321
-3039	3317
-3040	3313
-3038	3306
-3037	3301
-3034	3294
-3033	3289
-3033	3284
-3033	3279
-3035	3275
-3034	3269
-3033	3264
-3034	3259
-3031	3253
-3030	3247
-3032	3243
-3032	3238
-3032	3234
-3032	3228
-3031	3223
-3028	3217
-3031	3213
-3031	3208
-3031	3204
-3032	3199
-3032	3194
-3030	3188
-3030	3183
-3031	3179
-3030	3174
-3030	3169
-3030	3164
-3025	3157
-3026	3152
-3027	3148
-3028	3144
-3028	3139
-3027	3134
-3026	3128
-3025	3123
-3026	3119
-3027	3115
-3026	3109
-3026	3105
-3026	3100
-3027	3095
-3025	3090
-3022	3084
-3020	3078
-3020	3073
-3020	3069
-3020	3064
-3018	3058
-3017	3053
-3017	3049
-3018	3044
-3019	3040
-3018	3035
-3017	3030
-3017	3025
-3016	3020
-3017	3016
-3013	3009
-3012	3004
-3010	2999
-3010	2994
-3011	2990
-3011	2985
-3010	2980
-3010	2976
-3011	2972
-3015	2969
-3015	2964
-3013	2959
-3012	2954
-3014	2950
-3013	2945
-3008	2938
-3006	2933
-3006	2928
-3007	2924
-3008	2920
-3007	2915
-3007	2911
-3005	2905
-3004	2900
-3003	2896
-3004	2891
-3005	2887
-3004	2883
-3001	2877
-2998	2871
-2998	2867
-2998	2862
-2998	2858
-2998	2853
-2997	2849
-2997	2844
-2998	2840
-2995	2835
-2996	2830
-2997	2826
-2995	2821
-2996	2817
-2994	2812
-2994	2808
-2994	2803
-2989	2797
-2987	2792
-2988	2788
-2989	2784
-2989	2779
-2987	2775
-2987	2770
-2989	2767
-2988	2762
-2987	2757
-2989	2753
-2988	2749
-2987	2744
-2984	2739
-2983	2734
-2981	2729
-2979	2724
-2978	2719
-2981	2716
-2980	2712
-2979	2707
-2976	2702
-2977	2698
-2975	2693
-2975	2688
-2976	2684
-2976	2680
-2976	2676
-2974	2671
-2973	2667
-2972	2662
-2970	2657
-2970	2653
-2971	2649
-2971	2645
-2972	2641
-2973	2637
-2972	2633
-2970	2628
-2972	2624
-2970	2619
-2968	2615
-2968	2610
-2965	2605
-2965	2601
-2967	2597
-2963	2592
-2957	2586
-2956	2581
-2957	2578
-2958	2574
-2958	2570
-2958	2566
-2959	2562
-2958	2557
-2957	2553
-2956	2549
-2956	2544
-2955	2540
-2955	2536
-2954	2531
-2948	2526
-2949	2522
-2950	2518
-2950	2514
-2946	2509
-2946	2505
-2948	2501
-2948	2497
-2947	2493
-2945	2488
-2943	2483
-2942	2479
-2942	2475
-2941	2471
-2938	2466
-2936	2461
-2937	2458
-2938	2454
-2938	2450
-2935	2445
-2934	2441
-2933	2436
-2932	2432
-2931	2428
-2931	2424
-2930	2420
-2928	2415
-2929	2411
-2930	2408
-2928	2403
-2924	2398
-2924	2394
-2926	2391
-2925	2387
-2923	2382
-2921	2378
-2922	2374
-2923	2370
-2923	2366
-2922	2362
-2920	2358
-2919	2354
-2920	2350
-2919	2346
-2918	2342
-2916	2337
-2914	2333
-2912	2329
-2912	2325
-2912	2321
-2910	2316
-2908	2312
-2904	2307
-2904	2303
-2907	2300
-2906	2296
-2903	2292
-2902	2287
-2902	2283
-2902	2280
-2901	2276
-2900	2272
-2899	2267
-2899	2264
-2897	2259
-2895	2255
-2893	2251
-2893	2247
-2894	2243
-2892	2239
-2892	2235
-2892	2231
-2891	2228
-2889	2223
-2888	2219
-2885	2215
-2883	2211
-2883	2207
-2885	2203
-2884	2199
-2882	2195
-2884	2192
-2884	2188
-2883	2184
-2880	2180
-2877	2175
-2876	2171
-2877	2168
-2876	2164
-2877	2160
-2871	2155
-2869	2151
-2872	2148
-2873	2144
-2872	2141
-2872	2137
-2870	2133
-2870	2129
-2867	2125
-2862	2120
-2862	2116
-2864	2113
-2865	2109
-2863	2105
-2862	2102
-2862	2098
-2861	2094
-2860	2090
-2860	2086
-2860	2083
-2859	2079
-2856	2075
-2853	2070
-2854	2067
-2854	2063
-2855	2060
-2854	2056
-2854	2052
-2853	2048
-2853	2044
-2850	2040
-2849	2036
-2847	2033
-2846	2029
-2844	2025
-2844	2021
-2844	2017
-2843	2014
-2844	2010
-2843	2006
-2843	2003
-2842	1999
-2842	1995
-2843	1992
-2843	1988
-2842	1984
-2841	1980
-2840	1977
-2840	1973
-2838	1969
-2837	1965
-2837	1962
-2837	1958
-2836	1954
-2835	1950
-2834	1947
-2834	1943
-2833	1939
-2831	1936
-2829	1932
-2826	1928
-2825	1924
-2825	1920
-2824	1917
-2822	1913
-2821	1909
-2822	1906
-2822	1902
-2821	1898
-2821	1895
-2819	1891
-2819	1887
-2818	1884
-2817	1880
-2816	1876
-2814	1872
-2813	1869
-2813	1865
-2813	1862
-2811	1858
-2810	1854
-2810	1851
-2810	1847
-2810	1843
-2809	1840
-2805	1836
-2802	1832
-2802	1829
-2803	1825
-2803	1821
-2801	1818
-2800	1814
-2800	1811
-2799	1807
-2800	1803
-2800	1800
-2799	1796
-2797	1793
-2795	1789
-2795	1785
-2794	1782
-2794	1778
-2792	1774
-2791	1771
-2789	1767
-2788	1764
-2787	1760
-2788	1757
-2786	1753
-2784	1749
-2783	1746
-2783	1742
-2783	1739
-2783	1735
-2782	1731
-2781	1728
-2781	1724
-2780	1721
-2780	1717
-2779	1714
-2777	1710
-2774	1707
-2777	1703
-2776	1699
-2774	1696
-2774	1692
-2772	1689
-2770	1685
-2767	1682
-2766	1678
-2765	1675
-2764	1671
-2762	1668
-2761	1664
-2760	1661
-2760	1657
-2758	1654
-2757	1650
-2756	1647
-2755	1643
-2754	1640
-2753	1636
-2752	1633
-2751	1629
-2751	1626
-2751	1622
-2749	1619
-2748	1615
-2749	1612
-2749	1608
-2749	1605
-2748	1601
-2748	1598
-2746	1594
-2745	1591
-2745	1587
-2744	1584
-2746	1580
-2746	1577
-2743	1573
-2739	1570
-2739	1566
-2738	1563
-2737	1559
-2736	1556
-2736	1553
-2733	1549
-2733	1546
-2733	1542
-2733	1539
-2733	1535
-2731	1532
-2730	1528
-2730	1525
-2728	1521
-2727	1518
-2726	1515
-2726	1511
-2726	1508
-2725	1504
-2722	1501
-2720	1498
-2719	1494
-2719	1491
-2717	1487
-2716	1484
-2716	1480
-2717	1477
-2717	1473
-2716	1470
-2715	1467
-2714	1463
-2713	1460
-2712	1456
-2711	1453
-2710	1449
-2709	1446
-2710	1443
-2708	1439
-2707	1436
-2705	1433
-2703	1429
-2703	1426
-2702	1422
-2701	1419
-2701	1416
-2700	1412
-2698	1409
-2699	1405
-2698	1402
-2698	1398
-2697	1395
-2695	1392
-2695	1388
-2695	1385
-2694	1381
-2693	1378
-2691	1375
-2691	1371
-2689	1368
-2689	1365
-2689	1361
-2688	1358
-2687	1354
-2685	1351
-2684	1348
-2682	1345
-2683	1341
-2683	1338
-2680	1334
-2680	1331
-2679	1328
-2678	1324
-2676	1321
-2677	1317
-2676	1314
-2675	1311
-2674	1307
-2668	1305
-2666	1302
-2668	1298
-2669	1294
-2670	1291
-2669	1287
-2668	1284
-2667	1281
-2667	1277
-2664	1274
-2663	1271
-2661	1268
-2660	1264
-2659	1261
-2657	1258
-2656	1255
-2656	1251
-2655	1248
-2653	1245
-2652	1241
-2652	1238
-2651	1234
-2651	1231
-2650	1228
-2650	1224
-2647	1221
-2646	1218
-2646	1214
-2644	1211
-2642	1208
-2642	1205
-2640	1202
-2639	1198
-2639	1195
-2639	1191
-2638	1188
-2638	1185
-2638	1181
-2637	1178
-2636	1174
-2634	1171
-2634	1168
-2631	1165
-2629	1162
-2628	1159
-2627	1155
-2627	1152
-2626	1148
-2626	1145
-2624	1142
-2623	1139
-2624	1135
-2621	1132
-2619	1129
-2618	1126
-2619	1122
-2617	1119
-2615	1116
-2614	1113
-2614	1109
-2613	1106
-2611	1103
-2610	1099
-2611	1096
-2610	1092
-2607	1090
-2605	1087
-2606	1083
-2605	1080
-2603	1077
-2601	1073
-2601	1070
-2602	1066
-2601	1063
-2597	1060
-2594	1058
-2595	1054
-2595	1051
-2595	1047
-2593	1044
-2591	1041
-2590	1038
-2589	1034
-2587	1031
-2587	1028
-2587	1024
-2587	1021
-2586	1017
-2586	1014
-2585	1011
-2583	1008
-2580	1005
-2580	1002
-2579	998
-2578	995
-2579	991
-2577	988
-2575	985
-2574	982
-2573	979
-2571	976
-2570	972
-2569	969
-2567	966
-2566	963
-2566	959
-2566	956
-2565	953
-2563	950
-2562	946
-2562	943
-2561	940
-2560	936
-2559	933
-2558	930
-2558	926
-2557	923
-2555	920
-2554	917
-2552	914
-2551	911
-2549	908
-2549	904
-2548	901
-2548	897
-2547	894
-2546	890
-2545	887
-2543	884
-2542	881
-2540	878
-2538	875
-2538	872
-2539	868
-2538	865
-2536	862
-2534	859
-2533	855
-2532	852
-2532	849
-2529	846
-2528	843
-2528	839
-2526	836
-2525	833
-2524	830
-2523	826
-2521	824
-2521	820
-2519	817
-2518	814
-2517	810
-2517	807
-2515	804
-2514	801
-2512	798
-2511	794
-2510	791
-2509	788
-2508	785
-2506	782
-2504	779
-2503	776
-2502	772
-2501	769
-2501	766
-2499	763
-2498	759
-2497	756
-2495	753
-2494	750
-2493	747
-2492	743
-2492	740
-2491	736
-2490	733
-2486	731
-2486	728
-2486	724
-2485	721
-2485	717
-2483	714
-2480	711
-2479	708
-2479	705
-2478	701
-2477	698
-2475	695
-2474	692
-2473	689
-2472	685
-2471	682
-2470	679
-2469	676
-2467	672
-2466	669
-2465	666
-2463	663
-2463	659
-2461	657
-2459	654
-2459	650
-2458	647
-2457	643
-2457	640
-2455	637
-2455	633
-2453	630
-2451	627
-2450	624
-2448	621
-2445	619
-2445	615
-2445	611
-2444	608
-2441	606
-2441	602
-2439	599
-2438	596
-2437	592
-2436	589
-2434	586
-2434	583
-2432	580
-2433	576
-2431	572
-2429	570
-2428	566
-2427	563
-2425	561
-2422	558
-2423	554
-2422	550
-2421	547
-2420	544
-2419	540
-2418	537
-2416	534
-2415	531
-2413	528
-2413	525
-2411	521
-2410	518
-2408	515
-2406	512
-2404	510
-2402	507
-2401	504
-2400	500
-2400	497
-2399	493
-2397	490
-2397	486
-2396	483
-2393	480
-2392	477
-2391	474
-2390	470
-2389	467
-2385	465
-2385	462
-2384	458
-2382	455
-2382	452
-2380	449
-2378	446
-2374	444
-2373	441
-2374	436
-2375	432
-2374	429
-2372	426
-2370	423
-2371	419
-2369	416
-2366	413
-2365	410
-2364	406
-2362	403
-2360	400
-2361	396
-2360	393
-2359	389
-2357	386
-2355	384
-2354	381
-2353	377
-2352	374
-2350	371
-2349	367
-2349	364
-2348	360
-2346	357
-2344	354
-2343	351
-2342	347
-2340	345
-2335	343
-2332	341
-2330	338
-2330	334
-2330	330
-2328	327
-2327	324
-2326	321
-2324	318
-2322	315
-2322	311
-2320	308
-2318	305
-2316	303
-2314	300
-2312	297
-2310	294
-2310	290
-2309	286
-2308	283
-2307	280
-2306	276
-2307	272
-2307	267
-2306	264
-2302	262
-2298	260
-2296	258
-2293	256
-2290	253
-2287	251
-2282	250
-2278	249
-2274	247
-2272	244
-2271	241
-2272	236
-2271	233
-2268	230
-2266	228
-2265	224
-2265	220
-2265	216
-2263	213
-2261	210
-2260	207
-2259	204
-2257	200
-2256	197
-2255	193
-2253	190
-2252	187
-2250	184
-2248	181
-2246	178
-2246	174
-2245	171
-2244	168
-2242	165
-2240	162
-2238	158
-2238	154
-2236	152
-2234	149
-2234	145
-2232	142
-2229	139
-2228	136
-2227	132
-2225	129
-2225	125
-2223	122
-2222	119
-2221	115
-2219	112
-2217	110
-2215	106
-2214	103
-2214	99
-2211	97
-2210	93
-2207	90
-2206	87
-2204	84
-2203	81
-2201	78
-2200	74
-2198	71
-2197	68
-2196	64
-2195	60
-2193	57
-2192	54
-2189	51
-2187	49
-2186	45
-2184	42
-2184	38
-2182	35
-2180	32
-2179	28
-2178	24
-2177	21
-2175	18
-2173	15
-2171	12
-2170	9
-2167	6
-2165	3
-2165	-1
-2165	-5
-2163	-9
-2163	-13
-2161	-16
-2159	-19
-2157	-22
-2157	-27
-2156	-30
-2154	-33
-2152	-36
-2150	-39
-2148	-42
-2147	-46
-2145	-49
-2144	-53
-2143	-57
-2142	-61
-2141	-64
-2139	-67
-2136	-69
-2135	-73
-2135	-77
-2133	-81
-2132	-84
-2130	-87
-2128	-91
-2128	-95
-2127	-99
-2126	-103
-2124	-105
-2122	-109
-2120	-112
-2118	-115
-2117	-119
-2115	-122
-2114	-126
-2113	-130
-2113	-134
-2111	-138
-2110	-141
-2108	-144
-2106	-147
-2103	-150
-2102	-153
-2101	-158
-2100	-161
-2097	-164
-2096	-167
-2095	-171
-2094	-175
-2091	-178
-2089	-180
-2089	-186
-2087	-188
-2086	-192
-2083	-195
-2081	-198
-2079	-201
-2078	-205
-2072	-204
-2064	-201
-2058	-201
-2056	-204
-2054	-207
-2053	-211
-2050	-214
-2043	-211
-2027	-201
-2019	-198
-2014	-198
-2010	-199
-2005	-199
-2000	-199
-1995	-200
-1994	-203
-1993	-207
-1990	-210
-1986	-211
-1986	-215
-1978	-212
-1970	-209
-1965	-209
-1962	-212
-1959	-214
-1957	-216
-1954	-218
-1949	-218
-1937	-211
-1926	-205
-1918	-202
-1915	-204
-1911	-205
-1908	-206
-1905	-208
-1902	-210
-1899	-211
-1893	-210
-1888	-210
-1885	-212
-1882	-214
-1879	-216
-1875	-217
-1865	-211
-1855	-205
-1849	-204
-1848	-208
-1846	-211
-1842	-211
-1837	-212
-1834	-212
-1832	-215
-1828	-216
-1823	-216
-1817	-215
-1814	-216
-1809	-216
-1805	-216
-1800	-216
-1796	-217
-1792	-217
-1789	-219
-1789	-224
-1784	-223
-1778	-221
-1773	-221
-1769	-221
-1765	-222
-1756	-217
-1749	-214
-1744	-214
-1740	-214
-1734	-212
-1726	-208
-1722	-208
-1718	-209
-1715	-211
-1714	-214
-1712	-218
-1706	-215
-1698	-211
-1694	-211
-1690	-212
-1684	-209
-1682	-212
-1677	-212
-1673	-212
-1669	-212
-1667	-215
-1666	-219
-1664	-221
-1661	-223
-1655	-220
-1648	-218
-1650	-225
-1645	-224
-1638	-220
-1630	-216
-1624	-214
-1613	-205
-1606	-201
-1599	-198
-1595	-198
-1594	-202
-1598	-212
-1593	-211
-1593	-216
-1576	-200
-1573	-202
-1571	-204
-1568	-206
-1557	-196
-1545	-187
-1540	-186
-1539	-188
-1537	-192
-1536	-195
-1534	-197
-1531	-199
-1528	-200
-1526	-203
-1524	-205
-1517	-201
-1510	-197
-1505	-195
-1501	-195
-1497	-196
-1493	-195
-1490	-196
-1488	-198
-1483	-197
-1478	-196
-1473	-194
-1468	-193
-1464	-192
-1461	-194
-1460	-197
-1457	-199
-1453	-198
-1448	-197
-1445	-198
-1442	-199
-1437	-197
-1418	-176
-1412	-172
-1407	-171
-1399	-165
-1394	-163
-1392	-166
-1391	-170
-1392	-176
-1392	-181
-1391	-186
-1390	-189
-1385	-187
-1377	-180
-1371	-178
-1370	-181
-1367	-182
-1362	-180
-1358	-179
-1353	-178
-1351	-180
-1349	-182
-1347	-184
-1344	-185
-1342	-188
-1339	-188
-1335	-188
-1332	-189
-1330	-190
-1328	-193
-1323	-191
-1319	-190
-1315	-190
-1313	-192
-1311	-195
-1309	-197
-1305	-196
-1298	-190
-1289	-183
-1282	-177
-1278	-177
-1275	-176
-1272	-178
-1268	-177
-1264	-176
-1261	-176
-1257	-176
-1253	-175
-1248	-172
-1243	-170
-1240	-171
-1237	-171
-1234	-172
-1231	-173
-1229	-175
-1225	-174
-1222	-174
-1219	-175
-1217	-176
-1214	-178
-1211	-178
-1206	-176
-1201	-172
-1198	-173
-1195	-173
-1192	-175
-1188	-174
-1184	-172
-1180	-171
-1177	-172
-1175	-174
-1171	-173
-1167	-172
-1166	-175
-1163	-176
-1159	-175
-1155	-174
-1150	-171
-1147	-170
-1144	-171
-1141	-172
-1139	-174
-1136	-174
-1133	-174
-1130	-175
-1127	-175
-1123	-174
-1120	-175
-1118	-177
-1115	-178
-1112	-178
-1109	-178
-1105	-177
-1101	-176
-1097	-173
-1093	-171
-1089	-170
-1086	-170
-1084	-173
-1081	-174
-1078	-174
-1074	-171
-1070	-171
-1068	-172
-1065	-173
-1062	-174
-1060	-176
-1058	-177
-1053	-173
-1048	-170
-1045	-170
-1043	-172
-1041	-174
-1038	-174
-1035	-176
-1032	-175
-1029	-175
-1026	-175
-1023	-176
-1021	-178
-1018	-178
-1015	-178
-1012	-179
-1008	-176
-1004	-175
-1001	-174
-998	-175
-995	-176
-993	-176
-990	-176
-987	-177
-984	-178
-982	-179
-979	-180
-977	-181
-974	-182
-970	-179
-970	-185
-943	-136
-939	-133
-936	-133
-933	-134
-931	-135
-928	-135
-925	-135
-923	-137
-921	-139
-920	-142
-919	-148
-918	-151
-917	-155
-915	-158
-913	-160
-900	-138
-898	-138
-895	-139
-892	-140
-890	-141
-888	-142
-885	-142
-882	-143
-880	-144
-878	-146
-875	-146
-872	-145
-869	-145
-867	-146
-864	-148
-862	-149
-861	-152
-858	-152
-779	1
-776	1
-773	2
-771	1
-769	1
-766	1
-763	2
-760	2
-757	3
-755	3
-752	3
-750	3
-748	2
-745	2
-742	2
-740	2
-738	1
-735	0
-733	-1
-732	-4
-733	-13
-732	-16
-728	-12
-723	-7
-720	-6
-721	-15
-720	-19
-719	-24
-746	-130
-745	-135
-743	-138
-742	-142
-740	-142
-737	-143
-735	-144
-732	-145
-730	-146
-728	-147
-725	-148
-723	-149
-720	-149
-718	-150
-716	-151
-713	-152
-711	-153
-709	-155
-706	-155
-704	-155
-699	-151
-694	-145
-690	-141
-688	-143
-686	-144
-684	-144
-681	-145
-679	-147
-679	-153
-678	-161
-675	-159
-673	-160
-670	-158
-667	-158
-664	-158
-661	-156
-658	-155
-654	-153
-651	-152
-649	-151
-646	-150
-643	-151
-641	-152
-639	-153
-636	-154
-634	-155
-631	-156
-629	-157
-628	-160
-626	-164
-624	-166
-621	-166
-615	-152
-611	-149
-608	-148
-606	-149
-603	-149
-601	-151
-599	-154
-599	-162
-599	-172
-598	-178
-595	-176
-591	-169
-586	-162
-583	-159
-580	-158
-575	-149
-571	-145
-569	-147
-568	-153
-566	-157
-564	-158
-562	-159
-511	-6
-509	-6
-507	-6
-504	-6
-502	-7
-501	-13
-502	-24
-504	-41
-504	-52
-504	-63
-504	-72
-504	-80
-503	-88
-503	-99
-503	-109
-503	-118
-502	-127
-502	-137
-502	-146
-501	-154
-500	-160
-499	-163
-497	-168
-495	-169
-492	-170
-490	-172
-488	-172
-485	-173
-483	-173
-480	-173
-478	-172
-475	-172
-472	-172
-470	-173
-468	-173
-465	-173
-462	-173
-460	-173
-457	-173
-455	-172
-452	-173
-449	-172
-447	-172
-444	-172
-442	-173
-439	-173
-437	-173
-434	-172
-432	-172
-429	-172
-427	-173
-424	-172
-422	-173
-419	-173
-417	-172
-414	-173
-412	-173
-409	-172
-406	-171
-404	-172
-401	-171
-399	-172
-397	-173
-394	-173
-391	-173
-389	-172
-386	-172
-384	-171
-381	-172
-379	-171
-376	-171
-374	-171
-371	-171
-369	-172
-366	-171
-364	-172
-361	-172
-359	-171
-356	-172
-354	-172
-351	-171
-349	-171
-346	-172
-344	-172
-341	-172
-339	-174
-337	-178
-335	-181
-333	-183
-331	-184
-328	-184
-326	-185
-323	-185
-321	-185
-318	-185
-316	-186
-313	-186
-311	-185
-308	-185
-306	-185
-303	-185
-301	-184
-298	-185
-296	-186
-293	-185
-291	-184
-288	-183
-286	-183
-283	-184
-281	-185
-278	-185
-276	-185
-273	-186
-271	-186
-268	-185
-266	-185
-264	-186
-261	-185
-259	-185
-256	-186
-254	-187
-251	-187
-249	-187
-246	-187
-244	-187
-241	-185
-239	-184
-236	-184
-234	-186
-231	-186
-229	-186
-226	-187
-224	-186
-221	-187
-219	-188
-217	-188
-214	-186
-211	-185
-209	-187
-207	-187
-204	-186
-202	-185
-199	-185
-197	-187
-194	-187
-192	-186
-189	-185
-187	-184
-184	-183
-182	-184
-180	-187
-177	-187
-175	-186
-172	-186
-170	-187
-167	-187
-165	-185
-162	-185
-160	-185
-157	-186
-155	-188
-152	-188
-150	-188
-148	-187
-145	-186
-143	-186
-140	-187
-138	-188
-135	-188
-133	-188
-130	-187
-128	-186
-125	-186
-123	-186
-120	-185
-118	-186
-116	-187
-113	-185
-111	-185
-108	-186
-106	-187
-103	-188
-101	-187
-98	-187
-96	-186
-93	-186
-91	-185
-88	-186
-86	-186
-84	-185
-81	-185
-79	-186
-76	-186
-74	-187
-71	-187
-69	-187
-66	-186
-64	-186
-61	-188
-59	-188
-57	-186
-52	-183
-49	-183
-47	-184
-44	-184
-42	-186
-39	-186
-37	-186
-34	-186
-32	-186
-30	-184
-27	-183
-25	-184
-22	-185
-20	-184
-17	-184
-15	-185
-12	-183
-10	-184
-7	-186
-5	-185
-3	-184
-0	-184
2	-185
5	-186
7	-186
10	-186
12	-185
15	-186
17	-186
20	-185
22	-185
25	-186
27	-186
29	-185
32	-185
34	-185
37	-185
39	-187
42	-187
44	-185
47	-184
49	-183
52	-184
54	-186
57	-186
59	-186
61	-186
64	-186
66	-184
69	-183
71	-185
74	-186
76	-184
79	-184
81	-185
84	-187
86	-186
89	-186
91	-185
94	-185
96	-186
99	-186
101	-184
103	-184
106	-184
108	-184
111	-185
113	-185
116	-185
118	-186
121	-186
123	-186
126	-186
128	-186
131	-185
133	-182
136	-184
138	-186
141	-185
143	-184
146	-185
148	-185
151	-184
153	-185
156	-185
158	-185
160	-184
163	-185
165	-185
168	-186
171	-186
173	-184
175	-184
178	-185
181	-186
183	-185
185	-184
188	-185
190	-184
193	-183
195	-183
198	-183
200	-184
203	-183
205	-183
208	-184
210	-184
213	-183
215	-184
218	-184
220	-184
223	-183
225	-180
227	-178
229	-175
231	-170
233	-166
234	-162
236	-157
238	-154
240	-152
243	-151
245	-154
250	-164
253	-166
255	-165
257	-165
260	-164
262	-164
265	-164
267	-163
269	-163
272	-161
274	-162
277	-160
279	-160
281	-159
284	-158
286	-159
289	-160
292	-162
295	-165
297	-162
298	-156
300	-152
302	-149
304	-146
306	-143
308	-142
310	-141
313	-142
316	-142
318	-143
321	-145
323	-144
326	-143
328	-144
331	-144
334	-146
336	-145
339	-147
342	-148
346	-156
351	-165
355	-171
357	-170
360	-170
362	-170
365	-170
367	-170
370	-170
373	-171
375	-171
378	-171
380	-171
383	-171
386	-171
388	-170
390	-169
393	-170
396	-170
398	-171
401	-171
404	-170
406	-171
409	-171
412	-171
414	-171
416	-170
419	-170
422	-171
425	-171
426	-169
428	-165
430	-162
431	-158
433	-153
435	-151
437	-151
440	-150
442	-149
445	-149
447	-149
450	-150
452	-148
455	-149
458	-151
462	-156
464	-153
466	-151
466	-144
468	-140
470	-139
473	-138
476	-139
478	-139
481	-139
483	-139
487	-141
489	-140
492	-142
496	-147
501	-152
504	-154
504	-147
505	-141
505	-132
503	-119
504	-112
503	-103
503	-94
502	-84
502	-76
503	-69
502	-61
502	-52
503	-46
503	-38
503	-32
503	-24
503	-15
503	-9
504	-5
506	-3
508	-3
579	-177
576	-162
578	-161
581	-160
583	-158
585	-156
588	-156
590	-156
593	-156
596	-158
599	-158
602	-160
606	-161
614	-177
617	-177
618	-172
617	-161
616	-153
618	-150
620	-148
622	-147
626	-149
629	-150
633	-153
639	-162
646	-174
648	-171
650	-168
653	-168
656	-168
658	-167
661	-167
664	-169
667	-170
670	-168
670	-163
670	-156
672	-154
675	-155
680	-159
681	-156
683	-154
686	-154
689	-153
691	-153
694	-153
697	-152
699	-152
702	-152
705	-152
707	-150
710	-150
712	-149
715	-148
717	-146
720	-145
722	-145
725	-144
727	-143
730	-142
732	-141
734	-139
736	-138
739	-137
741	-135
742	-132
743	-128
745	-125
745	-120
746	-114
744	-105
717	-20
716	-13
716	-8
717	-4
720	-4
723	-4
725	-3
727	-1
728	1
729	5
732	4
735	4
738	3
742	2
756	1
767	-0
769	3
771	4
773	5
776	5
781	-0
862	-138
866	-140
873	-147
883	-161
891	-171
895	-173
897	-171
893	-156
910	-182
882	-123
882	-117
885	-118
890	-121
895	-126
927	-179
914	-149
920	-155
923	-154
926	-154
927	-152
929	-148
929	-144
930	-139
931	-136
933	-134
936	-133
966	-182
969	-182
974	-184
976	-183
980	-184
983	-184
986	-183
989	-183
993	-183
992	-176
995	-176
998	-175
1000	-174
1003	-173
1005	-171
1011	-175
1014	-175
1017	-175
1020	-175
1023	-174
1026	-173
1029	-172
1032	-173
1035	-172
1039	-172
1041	-171
1044	-170
1047	-171
1053	-173
1056	-175
1059	-174
1062	-172
1065	-173
1069	-173
1072	-173
1076	-173
1079	-174
1082	-173
1085	-172
1089	-172
1091	-171
1094	-169
1096	-168
1099	-167
1102	-167
1105	-167
1110	-169
1114	-169
1116	-168
1119	-167
1123	-167
1126	-167
1129	-166
1131	-164
1133	-161
1135	-160
1139	-160
1143	-161
1147	-162
1151	-162
1156	-165
1162	-168
1165	-168
1169	-169
1172	-169
1176	-169
1179	-169
1182	-168
1185	-167
1190	-168
1193	-168
1197	-168
1200	-168
1203	-167
1207	-167
1210	-167
1216	-169
1219	-169
1222	-169
1227	-171
1233	-174
1237	-175
1240	-174
1243	-172
1246	-172
1251	-173
1254	-172
1257	-172
1261	-173
1265	-173
1269	-173
1275	-176
1278	-175
1281	-174
1284	-174
1287	-173
1291	-173
1296	-174
1300	-174
1304	-175
1306	-172
1308	-171
1311	-169
1313	-166
1315	-164
1317	-162
1321	-162
1323	-160
1326	-159
1329	-158
1333	-158
1337	-158
1341	-158
1344	-158
1347	-156
1348	-153
1350	-150
1351	-147
1354	-145
1357	-144
1360	-144
1373	-155
1377	-155
1381	-155
1385	-155
1389	-156
1393	-156
1399	-158
1408	-164
1414	-167
1414	-162
1414	-157
1414	-152
1416	-150
1421	-152
1431	-158
1441	-166
1449	-171
1453	-171
1458	-172
1461	-171
1462	-166
1464	-164
1467	-162
1471	-163
1475	-163
1480	-163
1481	-160
1484	-159
1489	-159
1494	-160
1501	-164
1506	-165
1508	-162
1511	-161
1515	-161
1519	-161
1524	-161
1528	-161
1533	-162
1536	-161
1540	-160
1544	-160
1547	-159
1553	-161
1564	-168
1566	-166
1569	-164
1572	-163
1575	-161
1578	-160
1581	-159
1585	-158
1592	-161
1599	-163
1601	-161
1604	-160
1607	-158
1611	-158
1615	-157
1618	-155
1621	-154
1624	-152
1627	-151
1631	-150
1635	-149
1638	-148
1642	-147
1645	-146
1650	-147
1658	-150
1666	-154
1671	-154
1674	-153
1677	-151
1681	-150
1686	-151
1689	-149
1692	-148
1696	-147
1700	-146
1704	-146
1706	-143
1710	-142
1713	-140
1715	-138
1722	-140
1725	-139
1729	-138
1733	-137
1738	-137
1742	-137
1745	-135
1749	-134
1753	-134
1760	-136
1772	-142
1782	-148
1786	-147
1790	-146
1794	-145
1804	-150
1810	-152
1818	-154
1826	-157
1830	-157
1836	-157
1840	-156
1847	-158
1854	-161
1850	-151
1848	-145
1849	-142
1852	-139
1854	-136
1857	-135
1865	-137
1872	-139
1879	-141
1886	-142
1893	-144
1902	-148
1908	-148
1912	-148
1916	-147
1921	-146
1925	-145
1928	-143
1935	-145
1940	-144
1940	-140
1941	-136
1946	-135
1953	-137
1962	-140
1968	-140
1981	-148
1990	-151
1993	-148
1994	-144
1997	-142
1999	-140
2002	-138
2007	-137
2012	-137
2021	-140
2030	-143
2043	-149
2048	-149
2051	-146
2052	-143
2054	-139
2056	-137
2059	-134
2062	-132
2066	-130
2070	-129
2075	-128
2084	-131
2093	-134
2101	-136
2106	-135
2113	-136
2123	-140
2129	-140
2137	-142
2142	-141
2147	-140
2152	-139
2154	-136
2158	-135
2161	-133
2165	-131
2171	-130
2184	-136
2187	-134
2190	-132
2196	-131
2201	-130
2206	-130
2213	-130
2223	-133
2226	-131
2228	-128
2236	-129
2244	-130
2236	-119
2241	-118
2243	-115
2245	-111
2246	-107
2246	-102
2244	-96
2256	-101
2256	-96
2239	-78
2241	-75
2244	-73
2247	-70
2248	-66
2251	-64
2254	-60
2255	-57
2255	-52
2257	-48
2256	-44
2255	-38
2256	-34
2255	-28
2255	-24
2256	-19
2257	-16
2258	-12
2261	-9
2262	-5
2264	-2
2266	1
2266	6
2266	10
2263	17
2262	22
2263	26
2263	31
2264	35
2268	37
2263	45
2263	49
2262	55
2262	59
2262	64
2264	67
2266	70
2269	72
2271	76
2269	81
2267	87
2267	92
2271	94
2275	96
2277	99
2273	106
2272	111
2272	115
2273	119
2276	121
2278	124
2279	129
2278	133
2280	136
2283	139
2286	141
2289	144
2287	149
2285	155
2286	159
2287	163
2290	165
2291	169
2294	171
2297	174
2299	177
2301	180
2302	183
2303	188
2305	191
2307	193
2306	198
2306	203
2304	208
2304	213
2305	216
2309	218
2310	222
2309	227
2309	231
2310	235
2310	239
2311	243
2314	245
2316	248
2318	251
2317	256
2319	259
2317	264
2318	268
2321	271
2323	274
2324	277
2324	282
2325	285
2326	289
2327	293
2328	296
2328	300
2328	304
2328	309
2328	313
2328	317
2328	321
2331	324
2331	328
2329	333
2328	337
2330	341
2331	344
2331	348
2334	351
2336	354
2337	357
2336	362
2336	366
2337	370
2337	374
2338	377
2339	381
2340	384
2341	388
2342	391
2341	396
2341	400
2342	404
2345	406
2347	409
2346	414
2346	418
2346	422
2346	426
2347	429
2349	432
2349	436
2348	441
2349	444
2350	448
2353	450
2353	454
2353	458
2354	462
2353	466
2354	470
2355	473
2357	476
2358	480
2357	484
2358	487
2359	491
2358	495
2359	499
2359	503
2360	506
2362	509
2364	512
2364	516
2366	519
2365	523
2365	527
2367	530
2369	533
2370	537
2371	540
2370	544
2369	549
2368	553
2370	556
2371	559
2372	563
2373	566
2375	569
2376	573
2377	576
2378	580
2378	583
2377	588
2376	592
2377	595
2378	599
2378	603
2378	607
2378	610
2379	613
2380	617
2380	621
2381	624
2382	627
2383	631
2384	634
2385	638
2385	642
2386	645
2388	648
2389	651
2388	656
2389	659
2390	662
2391	666
2391	669
2392	673
2393	676
2393	680
2394	683
2394	687
2395	690
2395	694
2395	698
2397	701
2398	704
2397	708
2398	712
2399	715
2399	718
2400	722
2400	726
2401	729
2403	732
2403	736
2403	739
2403	743
2404	746
2405	750
2405	753
2407	757
2406	760
2404	765
2405	768
2406	772
2407	775
2407	778
2408	782
2410	785
2411	788
2411	792
2411	795
2413	798
2415	801
2415	805
2414	809
2415	812
2416	815
2416	819
2416	823
2416	827
2417	830
2418	833
2419	836
2419	840
2419	844
2420	847
2422	850
2424	853
2424	856
2424	860
2423	864
2424	867
2424	871
2424	875
2425	878
2427	881
2429	884
2430	887
2430	891
2430	894
2429	898
2429	902
2430	905
2433	908
2433	911
2432	915
2432	919
2434	922
2435	925
2434	929
2435	932
2437	935
2438	938
2438	942
2439	945
2439	949
2439	952
2440	956
2440	959
2440	963
2440	966
2440	970
2441	973
2442	976
2442	980
2443	983
2443	987
2444	990
2444	994
2445	997
2445	1000
2445	1004
2445	1008
2446	1011
2447	1014
2448	1017
2448	1021
2449	1024
2450	1027
2450	1031
2451	1034
2451	1038
2452	1041
2450	1045
2451	1048
2453	1051
2455	1054
2455	1058
2456	1061
2456	1064
2456	1068
2456	1071
2457	1075
2458	1078
2458	1081
2459	1085
2460	1088
2462	1091
2462	1095
2461	1098
2463	1101
2463	1105
2463	1108
2464	1112
2464	1115
2464	1118
2466	1122
2467	1125
2467	1128
2468	1131
2469	1135
2468	1139
2468	1142
2468	1145
2468	1149
2467	1152
2467	1156
2469	1159
2470	1162
2472	1165
2473	1169
2475	1172
2475	1175
2476	1178
2477	1182
2476	1185
2477	1189
2478	1192
2478	1195
2478	1199
2478	1202
2481	1205
2484	1208
2485	1211
2485	1215
2484	1218
2484	1222
2485	1225
2486	1228
2487	1232
2488	1235
2488	1238
2489	1242
2490	1245
2490	1248
2489	1252
2489	1255
2490	1259
2491	1262
2491	1265
2490	1269
2491	1272
2491	1276
2492	1279
2494	1282
2495	1285
2496	1289
2495	1292
2497	1295
2496	1299
2496	1302
2496	1306
2497	1309
2497	1312
2498	1316
2498	1319
2499	1323
2499	1326
2500	1329
2498	1333
2499	1336
2499	1340
2500	1343
2501	1346
2501	1350
2502	1353
2502	1356
2503	1360
2502	1363
2504	1366
2504	1370
2504	1373
2506	1376
2506	1380
2508	1383
2508	1386
2508	1390
2509	1393
2509	1396
2510	1400
2511	1403
2510	1407
2510	1410
2510	1413
2510	1417
2512	1420
2513	1423
2513	1427
2515	1430
2515	1433
2514	1437
2515	1440
2517	1443
2517	1447
2518	1450
2517	1454
2517	1457
2518	1460
2518	1464
2518	1467
2520	1471
2520	1474
2520	1477
2521	1481
2523	1484
2522	1487
2522	1491
2521	1494
2521	1498
2520	1501
2520	1505
2521	1508
2525	1511
2527	1514
2526	1518
2525	1521
2526	1525
2527	1528
2528	1531
2527	1535
2527	1538
2528	1542
2530	1545
2530	1548
2531	1552
2532	1555
2531	1558
2531	1562
2532	1565
2533	1569
2532	1572
2531	1575
2532	1579
2535	1582
2535	1586
2535	1589
2535	1592
2534	1596
2534	1599
2534	1603
2535	1606
2536	1609
2537	1613
2538	1616
2538	1620
2539	1623
2538	1626
2539	1630
2539	1633
2540	1637
2541	1640
2542	1643
2542	1647
2542	1650
2543	1654
2543	1657
2543	1660
2544	1664
2544	1667
2544	1671
2544	1674
2544	1677
2545	1681
2545	1684
2545	1688
2546	1691
2547	1695
2547	1698
2547	1701
