2700	1663
2701	1666
2702	1670
2702	1674
2703	1677
2703	1681
2703	1688
2703	1692
2704	1695
2704	1699
2703	1703
2704	1706
2704	1710
2706	1713
2707	1717
2707	1721
2707	1724
2707	1728
2708	1732
2709	1735
2708	1739
2708	1743
2708	1746
2708	1750
2706	1753
2706	1757
2708	1761
2709	1764
2711	1768
2712	1772
2713	1775
2713	1779
2712	1783
2712	1786
2711	1790
2712	1794
2713	1797
2714	1801
2713	1804
2713	1808
2714	1812
2715	1816
2715	1819
2713	1823
2712	1826
2714	1830
2713	1834
2714	1837
2716	1841
2717	1845
2718	1849
2718	1852
2718	1856
2718	1860
2718	1863
2719	1867
2719	1871
2719	1874
2719	1878
2720	1882
2720	1885
2721	1889
2718	1892
2716	1896
2716	1900
2721	1904
2721	1907
2722	1911
2723	1915
2722	1918
2722	1922
2722	1926
2722	1930
2723	1933
2721	1937
2719	1940
2720	1944
2721	1948
2722	1952
2725	1956
2726	1959
2725	1963
2725	1967
2727	1970
2725	1974
2724	1978
2723	1981
2725	1985
2727	1989
2727	1993
2727	1996
2726	2000
2726	2004
2728	2008
2730	2012
2730	2015
2731	2019
2730	2023
2729	2026
2729	2030
2727	2033
2728	2037
2728	2041
2729	2045
2729	2049
2729	2052
2730	2056
2729	2060
2730	2064
2731	2067
2731	2071
2730	2075
2729	2078
2729	2082
2730	2086
2731	2090
2730	2093
2730	2097
2729	2101
2729	2104
2730	2108
2730	2112
2730	2116
2732	2120
2733	2124
2733	2128
2734	2131
2734	2135
2733	2139
2733	2143
2732	2146
2732	2150
2731	2154
2731	2157
2732	2161
2732	2165
2732	2169
2733	2173
2732	2176
2735	2181
2734	2184
2735	2188
2735	2192
2735	2196
2734	2199
2733	2203
2734	2207
2735	2211
2735	2215
2736	2219
2736	2223
2734	2226
2734	2230
2733	2233
2735	2238
2734	2241
2735	2245
2734	2249
2734	2253
2733	2256
2733	2260
2734	2264
2735	2268
2735	2272
2735	2276
2737	2280
2736	2284
2736	2287
2736	2291
2739	2296
2739	2300
2740	2304
2739	2307
2739	2311
2740	2315
2741	2319
2742	2324
2741	2327
2742	2331
2743	2335
2744	2339
2746	2344
2746	2348
2744	2351
2744	2355
2744	2359
2745	2363
2745	2367
2746	2371
2746	2375
2746	2379
2746	2383
2747	2387
2748	2391
2747	2395
2747	2399
2748	2403
2748	2407
2750	2411
2750	2415
2750	2419
2750	2423
2749	2427
2750	2431
2751	2435
2751	2439
2751	2443
2751	2447
2751	2451
2751	2455
2750	2458
2750	2462
2749	2466
2750	2470
2751	2475
2752	2479
2751	2483
2750	2486
2751	2491
2751	2495
2750	2498
2749	2502
2751	2506
2750	2510
2751	2515
2751	2519
2752	2523
2751	2527
2755	2532
2754	2536
2755	2540
2754	2544
2755	2548
2755	2552
2756	2556
2755	2560
2755	2564
2756	2568
2756	2572
2755	2576
2754	2580
2756	2585
2757	2589
2758	2594
2758	2598
2758	2602
2758	2606
2758	2610
2759	2614
2759	2618
2758	2622
2758	2626
2758	2630
2758	2634
2757	2638
2757	2642
2756	2646
2755	2650
2756	2654
2758	2659
2759	2664
2758	2667
2758	2672
2758	2676
2758	2680
2758	2684
2758	2688
2752	2690
2752	2694
2754	2699
2756	2704
2757	2709
2757	2713
2758	2717
2760	2722
2760	2727
2760	2731
2759	2735
2759	2739
2759	2743
2759	2747
2759	2752
2759	2756
2760	2760
2758	2764
2755	2767
2756	2771
2758	2777
2759	2781
2756	2784
2757	2789
2759	2794
2760	2799
2759	2802
2756	2806
2756	2810
2756	2814
2759	2819
2759	2824
2759	2828
2759	2832
2758	2836
2758	2841
2761	2846
2761	2851
2759	2854
2759	2858
2759	2863
2761	2868
2763	2873
2763	2877
2762	2882
2762	2886
2760	2889
2760	2894
2760	2898
2760	2902
2760	2907
2759	2911
2760	2916
2760	2920
2760	2924
2761	2929
2761	2934
2761	2938
2761	2942
2760	2947
2759	2951
2760	2956
2761	2960
2760	2964
2760	2969
2762	2974
2761	2978
2761	2983
2761	2987
2761	2991
2761	2996
2760	3000
2760	3005
2760	3009
2760	3014
2759	3018
2758	3022
2757	3026
2757	3030
2757	3035
2761	3042
2760	3046
2760	3050
2759	3054
2759	3058
2759	3063
2758	3067
2759	3072
2758	3076
2757	3080
2757	3085
2757	3090
2757	3094
2756	3099
2756	3103
2757	3108
2755	3112
2747	3113
2720	3103
2704	3100
2700	3102
2696	3105
2693	3108
2690	3111
2688	3114
2687	3118
2685	3122
2684	3126
2687	3132
2698	3143
2746	3172
2752	3180
2752	3185
2752	3190
2752	3195
2752	3200
2752	3204
2751	3209
2750	3213
2750	3217
2750	3223
2750	3227
2750	3232
2749	3236
2749	3241
2750	3246
2749	3250
2748	3255
2747	3259
2747	3264
2747	3269
2746	3273
2747	3278
2746	3283
2747	3288
2747	3293
2745	3297
2745	3302
2745	3306
2744	3311
2745	3317
2745	3321
2745	3326
2744	3331
2743	3335
2741	3339
2740	3343
2742	3349
2742	3354
2742	3359
2739	3363
2739	3367
2738	3372
2738	3377
2738	3382
2738	3387
2736	3391
2735	3395
2734	3400
2733	3404
2732	3409
2732	3413
2732	3419
2732	3424
2732	3429
2731	3433
2730	3438
2728	3442
2729	3447
2729	3452
2727	3456
2726	3461
2726	3466
2725	3470
2725	3475
2724	3480
2723	3484
2721	3488
2720	3493
2721	3498
2719	3503
2718	3507
2716	3511
2716	3516
2719	3523
2717	3527
2715	3532
2715	3536
2715	3542
2713	3546
2712	3550
2711	3555
2710	3560
2708	3564
2707	3568
2705	3572
2704	3577
2704	3582
2706	3589
2705	3593
2704	3598
2703	3603
2702	3608
2701	3612
2700	3617
2699	3621
2699	3627
2698	3632
2697	3636
2697	3642
2696	3646
2695	3651
2694	3656
2692	3660
2693	3666
2692	3671
2692	3676
2692	3682
2691	3686
2690	3691
2688	3695
2686	3700
2687	3706
2686	3711
2685	3716
2683	3720
2682	3725
2681	3729
2679	3734
2679	3739
2677	3743
2676	3748
2675	3753
2674	3758
2672	3762
2671	3767
2670	3771
2669	3776
2667	3781
2666	3786
2665	3791
2664	3795
2664	3801
2663	3806
2663	3812
2661	3816
2660	3821
2659	3826
2657	3830
2657	3836
2655	3840
2654	3845
2654	3851
2652	3855
2651	3860
2650	3865
2648	3870
2647	3875
2647	3880
2645	3884
2642	3889
2641	3893
2640	3898
2638	3903
2637	3908
2635	3912
2635	3918
2634	3923
2634	3929
2632	3934
2630	3938
2629	3943
2628	3948
2629	3955
2627	3959
2625	3964
2623	3968
2622	3973
2620	3978
2619	3982
2616	3987
2615	3991
2613	3996
2613	4002
2613	4008
2614	4015
2615	4022
2615	4028
2616	4036
2615	4041
2612	4045
2611	4049
2608	4054
2606	4058
2604	4063
2603	4067
2600	4072
2599	4076
2597	4081
2595	4086
2594	4091
2592	4096
2590	4100
2589	4105
2587	4110
2585	4115
2584	4120
2582	4125
2580	4129
2578	4134
2577	4139
2575	4144
2573	4149
2571	4154
2570	4158
2567	4163
2565	4167
2563	4171
2558	4174
2556	4178
2559	4187
2551	4207
2546	4208
2533	4202
2513	4189
2504	4187
2501	4190
2499	4195
2497	4200
2497	4206
2495	4211
2493	4215
2487	4216
2525	4261
2505	4248
2416	4165
2412	4168
2410	4172
2404	4173
2483	4259
2368	4149
2358	4145
2355	4149
2353	4154
2349	4155
2340	4153
2333	4152
2330	4156
2350	4183
2348	4188
2346	4192
2250	4099
2243	4097
2234	4095
2226	4093
2223	4095
2220	4099
2218	4103
2217	4107
2217	4114
2215	4119
2213	4123
2211	4127
2210	4133
2209	4138
2207	4142
2205	4146
2203	4150
2202	4156
2200	4161
2199	4166
2197	4170
2195	4175
2193	4179
2192	4184
2191	4190
2190	4195
2188	4200
2186	4204
2185	4210
2183	4214
2181	4218
2178	4222
2176	4227
2172	4229
2400	4495
2397	4500
2394	4504
2391	4508
2390	4513
2387	4518
2384	4522
2381	4526
2378	4530
2374	4533
2371	4537
2368	4541
2366	4546
2364	4551
2361	4555
2357	4558
2354	4562
2351	4566
2344	4566
2334	4561
2327	4561
2324	4564
2321	4568
2319	4573
2315	4577
2313	4582
2311	4587
2308	4592
2317	4610
2300	4597
2300	4604
2305	4619
2303	4624
2301	4630
2298	4634
2295	4638
2292	4642
2288	4645
2285	4649
2282	4653
2278	4657
2275	4661
2273	4665
2270	4670
2267	4674
2263	4678
2260	4682
2256	4685
2254	4690
2251	4694
2249	4699
2245	4703
2242	4707
2238	4711
2235	4714
2231	4717
2228	4721
2225	4726
2221	4729
2216	4731
2212	4734
2209	4738
2206	4742
2203	4747
2200	4751
2195	4752
2187	4750
2180	4748
2174	4750
2169	4750
2164	4752
2161	4757
2158	4761
2156	4767
2153	4771
2153	4779
2156	4792
2154	4799
2151	4802
2147	4805
2145	4811
2142	4816
2139	4820
2136	4824
2132	4828
2129	4832
2125	4835
2121	4839
2118	4843
2114	4846
2111	4850
2107	4854
2102	4855
2098	4858
2095	4863
2092	4867
2088	4870
2084	4873
2080	4877
2076	4879
2070	4880
2066	4883
2062	4886
2059	4890
2055	4893
2050	4895
2047	4899
2043	4903
2040	4907
2036	4910
2030	4911
2022	4907
2013	4902
2006	4901
2001	4902
1996	4903
1991	4905
1986	4907
1982	4910
1979	4914
1976	4919
1973	4924
1971	4930
1972	4940
1972	4950
1969	4955
1965	4957
1960	4960
1955	4962
1951	4964
1946	4966
1942	4968
1937	4971
1933	4974
1929	4977
1925	4980
1922	4984
1917	4986
1913	4990
1910	4993
1906	4997
1902	5000
1898	5003
1894	5007
1890	5009
1886	5013
1882	5015
1878	5019
1874	5022
1870	5025
1865	5027
1862	5032
1859	5037
1856	5041
1851	5043
1847	5046
1842	5048
1837	5049
1833	5053
1829	5056
1826	5060
1821	5063
1817	5065
1812	5067
1808	5069
1803	5071
1798	5073
1795	5077
1790	5080
1786	5082
1781	5085
1777	5087
1772	5089
1768	5093
1764	5095
1759	5097
1755	5100
1752	5104
1748	5108
1744	5111
1740	5115
1735	5117
1731	5120
1728	5124
1723	5127
1718	5128
1713	5130
1709	5132
1705	5135
1701	5139
1696	5140
1691	5141
1687	5144
1683	5148
1678	5150
1674	5152
1669	5154
1665	5158
1661	5161
1657	5164
1653	5167
1649	5171
1644	5173
1640	5176
1636	5180
1632	5184
1628	5186
1623	5188
1619	5191
1615	5193
1610	5196
1605	5198
1601	5200
1596	5201
1592	5204
1587	5207
1583	5210
1579	5213
1575	5217
1570	5218
1565	5219
1559	5219
1554	5221
1549	5221
1544	5223
1540	5226
1536	5231
1532	5234
1528	5236
1522	5235
1516	5235
1512	5238
1507	5240
1503	5244
1499	5247
1495	5250
1490	5251
1485	5253
1481	5256
1475	5257
1471	5259
1467	5263
1463	5265
1458	5268
1454	5272
1450	5274
1445	5275
1440	5276
1435	5278
1430	5280
1425	5282
1420	5283
1415	5284
1411	5286
1406	5288
1401	5290
1397	5293
1392	5294
1387	5295
1383	5298
1379	5302
1375	5307
1372	5312
1368	5316
1363	5319
1357	5318
1352	5319
1348	5321
1342	5322
1338	5325
1333	5325
1328	5326
1323	5328
1318	5330
1314	5335
1311	5339
1307	5344
1302	5345
1297	5346
1292	5348
1288	5351
1283	5352
1278	5353
1273	5354
1268	5356
1263	5358
1259	5361
1254	5363
1250	5366
1245	5368
1240	5368
1235	5369
1230	5371
1225	5373
1220	5375
1216	5378
1211	5380
1207	5382
1202	5384
1197	5385
1192	5386
1188	5391
1183	5392
1178	5395
1174	5397
1169	5399
1164	5399
1158	5398
1153	5400
1148	5402
1143	5403
1138	5404
1133	5402
1127	5401
1121	5401
1116	5402
1111	5403
1106	5405
1102	5406
1097	5408
1092	5411
1088	5413
1083	5414
1078	5416
1073	5418
1068	5418
1063	5420
1058	5422
1054	5424
1048	5422
1043	5423
1037	5423
1033	5425
1028	5426
1023	5428
1018	5429
1013	5431
1008	5431
1003	5432
998	5435
994	5439
989	5440
984	5442
979	5442
975	5446
971	5451
966	5454
962	5455
956	5455
950	5452
945	5452
940	5454
936	5457
931	5460
927	5464
922	5466
917	5467
912	5467
907	5468
901	5465
896	5466
891	5469
886	5470
881	5470
876	5471
871	5473
866	5475
861	5475
856	5474
850	5475
846	5477
841	5478
836	5478
830	5478
825	5479
820	5480
815	5481
810	5482
805	5483
801	5487
796	5490
791	5490
786	5493
782	5495
777	5496
771	5496
766	5496
761	5496
756	5496
751	5496
746	5498
740	5496
735	5497
730	5497
725	5497
720	5498
715	5498
710	5499
705	5501
700	5503
695	5505
690	5506
685	5505
679	5504
675	5506
670	5507
665	5508
617	5285
612	5284
607	5285
603	5285
598	5284
593	5284
588	5283
583	5283
578	5284
573	5283
568	5283
563	5282
558	5282
553	5282
549	5283
544	5283
539	5283
534	5283
529	5283
524	5282
519	5281
514	5279
507	5267
545	5535
540	5532
534	5530
470	5148
472	5193
519	5531
513	5529
508	5528
503	5528
497	5525
492	5525
487	5527
483	5530
477	5529
472	5528
467	5529
462	5530
457	5531
452	5531
447	5532
442	5532
437	5533
432	5533
427	5534
422	5535
416	5535
411	5535
407	5537
401	5537
396	5538
391	5538
386	5536
381	5534
375	5533
371	5541
366	5542
361	5542
356	5542
350	5538
346	5540
341	5540
335	5540
330	5538
325	5534
321	5546
316	5546
310	5545
305	5544
296	5501
291	5503
286	5503
281	5505
276	5506
271	5508
267	5510
262	5512
257	5515
252	5517
247	5520
243	5526
238	5533
233	5536
228	5534
223	5534
218	5535
213	5538
208	5541
169	5047
165	5049
160	5048
156	5045
151	5043
147	5044
142	5045
138	5043
133	5038
128	5029
123	5025
119	5019
114	5017
110	5018
106	5022
102	5025
97	5028
93	5028
89	5035
85	5044
80	5044
76	5045
72	5044
67	5046
63	5049
59	5047
71	5517
66	5516
61	5516
56	5518
51	5517
46	5515
41	5514
36	5513
30	5512
25	5511
20	5512
15	5511
10	5510
5	5510
0	5508
-5	5507
-10	5507
-15	5507
-20	5506
-25	5505
-30	5506
-35	5507
-40	5506
-45	5505
-50	5505
-55	5504
-60	5504
-65	5502
-70	5494
-75	5469
-80	5462
-85	5456
-89	5453
-94	5451
-99	5450
-104	5451
-109	5451
-114	5447
-119	5444
-124	5444
-129	5445
-134	5442
-139	5441
-144	5444
-149	5452
-154	5478
-159	5484
-164	5484
-169	5484
-174	5483
-179	5482
-184	5480
-189	5479
-194	5477
-199	5474
-204	5472
-209	5472
-214	5473
-219	5473
-223	5470
-228	5467
-233	5465
-238	5465
-243	5465
-248	5464
-253	5463
-258	5461
-263	5459
-268	5460
-273	5460
-277	5460
-282	5458
-287	5457
-292	5457
-297	5457
-302	5459
-307	5461
-312	5462
-317	5463
-322	5463
-327	5460
-332	5456
-337	5454
-342	5454
-346	5453
-351	5453
-356	5453
-361	5454
-366	5453
-371	5452
-376	5452
-381	5453
-386	5454
-391	5453
-396	5455
-401	5456
-406	5456
-411	5458
-417	5461
-422	5460
-427	5460
-432	5464
-437	5464
-442	5462
-447	5461
-452	5462
-457	5462
-462	5463
-467	5463
-472	5463
-477	5463
-482	5464
-487	5462
-492	5461
-497	5460
-502	5459
-506	5458
-511	5455
-516	5456
-521	5455
-526	5453
-531	5452
-535	5449
-540	5448
-545	5447
-550	5445
-555	5445
-559	5442
-564	5440
-569	5440
-574	5440
-579	5440
-584	5441
-589	5441
-594	5440
-599	5438
-604	5435
-608	5431
-612	5427
-617	5423
-622	5421
-626	5419
-631	5417
-636	5417
-641	5415
-645	5413
-650	5409
-654	5406
-659	5407
-665	5410
-670	5409
-675	5410
-680	5410
-685	5411
-690	5412
-695	5413
-700	5411
-705	5408
-709	5405
-714	5404
-719	5403
-724	5403
-729	5402
-733	5400
-738	5398
-743	5396
-747	5395
-753	5395
-758	5395
-762	5391
-766	5388
-771	5387
-776	5387
-780	5384
-785	5382
-790	5380
-795	5380
-800	5379
-804	5376
-809	5376
-814	5377
-819	5375
-824	5374
-828	5372
-833	5372
-838	5371
-843	5369
-848	5368
-853	5367
-857	5365
-862	5363
-866	5361
-871	5359
-875	5356
-880	5355
-885	5353
-890	5352
-894	5351
-899	5349
-903	5346
-908	5343
-912	5339
-916	5336
-920	5333
-925	5331
-930	5331
-935	5330
-940	5330
-945	5332
-950	5331
-955	5329
-960	5327
-964	5326
-969	5324
-974	5323
-979	5324
-984	5323
-988	5321
-993	5320
-998	5319
-1003	5317
-1007	5316
-1012	5314
-1017	5314
-1021	5311
-1025	5307
-1030	5306
-1035	5306
-1040	5306
-1046	5310
-1052	5312
-1056	5306
-1059	5301
-1063	5297
-1068	5295
-1073	5295
-1078	5295
-1083	5295
-1087	5292
-1092	5291
-1097	5291
-1102	5291
-1107	5289
-1112	5288
-1117	5288
-1122	5288
-1127	5286
-1131	5284
-1136	5283
-1140	5281
-1145	5279
-1149	5277
-1155	5279
-1162	5283
-1167	5284
-1172	5283
-1176	5281
-1181	5278
-1186	5278
-1190	5276
-1195	5275
-1200	5273
-1204	5272
-1209	5270
-1214	5270
-1219	5269
-1224	5269
-1229	5268
-1235	5269
-1240	5269
-1244	5265
-1248	5263
-1253	5260
-1257	5259
-1262	5257
-1267	5257
-1272	5255
-1277	5255
-1281	5253
-1286	5252
-1291	5252
-1296	5251
-1301	5249
-1305	5246
-1309	5243
-1314	5241
-1318	5239
-1323	5237
-1328	5236
-1332	5232
-1335	5229
-1340	5226
-1344	5223
-1348	5221
-1353	5219
-1358	5218
-1363	5217
-1367	5215
-1373	5216
-1377	5214
-1382	5214
-1388	5214
-1393	5213
-1397	5210
-1402	5209
-1406	5207
-1410	5204
-1415	5203
-1420	5201
-1424	5199
-1429	5196
-1433	5194
-1438	5193
-1443	5193
-1448	5191
-1452	5189
-1457	5187
-1461	5185
-1466	5183
-1471	5182
-1475	5179
-1479	5177
-1484	5175
-1488	5172
-1492	5170
-1497	5168
-1501	5165
-1505	5162
-1509	5159
-1514	5157
-1518	5155
-1523	5153
-1527	5151
-1531	5147
-1535	5143
-1539	5140
-1543	5138
-1548	5137
-1553	5136
-1558	5135
-1563	5133
-1567	5131
-1571	5129
-1576	5127
-1580	5125
-1586	5124
-1591	5125
-1597	5125
-1601	5124
-1606	5123
-1611	5121
-1615	5119
-1619	5115
-1624	5113
-1629	5114
-1635	5114
-1639	5111
-1644	5110
-1649	5109
-1653	5106
-1657	5104
-1662	5103
-1667	5101
-1671	5099
-1676	5096
-1681	5095
-1685	5092
-1689	5090
-1694	5088
-1698	5086
-1702	5083
-1705	5078
-1710	5076
-1714	5074
-1719	5072
-1723	5070
-1728	5068
-1733	5067
-1738	5065
-1742	5063
-1746	5060
-1750	5057
-1754	5054
-1757	5050
-1761	5046
-1765	5044
-1768	5038
-1771	5034
-1774	5029
-1777	5023
-1780	5018
-1784	5015
-1788	5013
-1793	5011
-1796	5007
-1799	5002
-1802	4998
-1805	4992
-1807	4985
-1809	4978
-1812	4973
-1814	4968
-1817	4964
-1820	4959
-1823	4954
-1826	4950
-1830	4946
-1834	4942
-1838	4940
-1843	4939
-1847	4936
-1851	4934
-1855	4932
-1859	4928
-1863	4925
-1867	4923
-1871	4920
-1874	4915
-1879	4915
-1885	4914
-1889	4912
-1893	4909
-1897	4907
-1901	4904
-1905	4900
-1909	4898
-1913	4895
-1916	4891
-1919	4887
-1923	4884
-1927	4881
-1931	4878
-1935	4876
-1940	4874
-1945	4874
-1949	4871
-1953	4868
-1957	4865
-1962	4864
-1967	4863
-1971	4860
-1975	4857
-1978	4854
-1982	4850
-1986	4847
-1990	4845
-1995	4844
-2000	4843
-2004	4839
-2007	4836
-2011	4833
-2015	4829
-2018	4826
-2022	4823
-2027	4822
-2031	4820
-2035	4816
-2039	4813
-2043	4811
-2047	4809
-2050	4803
-2053	4799
-2057	4797
-2062	4795
-2066	4792
-2069	4789
-2073	4786
-2078	4784
-2082	4782
-2085	4778
-2089	4776
-2093	4773
-2098	4771
-2102	4768
-2106	4765
-2108	4761
-2111	4755
-2114	4752
-2118	4749
-2122	4747
-2126	4744
-2130	4741
-2134	4738
-2138	4735
-2141	4731
-2144	4727
-2147	4723
-2151	4721
-2155	4717
-2158	4714
-2162	4710
-2166	4707
-2170	4705
-2173	4702
-2177	4699
-2181	4696
-2185	4693
-2188	4688
-2191	4685
-2195	4683
-2199	4680
-2203	4677
-2207	4674
-2210	4671
-2214	4667
-2217	4663
-2220	4660
-2224	4656
-2227	4652
-2230	4649
-2235	4647
-2239	4644
-2243	4641
-2245	4637
-2247	4631
-2251	4628
-2253	4623
-2257	4620
-2261	4618
-2265	4615
-2268	4611
-2272	4608
-2276	4606
-2280	4603
-2284	4600
-2288	4597
-2292	4595
-2296	4592
-2300	4589
-2304	4587
-2309	4585
-2313	4583
-2317	4581
-2322	4579
-2326	4576
-2329	4573
-2333	4570
-2338	4568
-2341	4565
-2344	4561
-2348	4557
-2351	4553
-2354	4549
-2356	4545
-2358	4540
-2361	4536
-2365	4533
-2368	4529
-2372	4526
-2374	4521
-2377	4518
-2379	4512
-2382	4508
-2385	4505
-2388	4501
-2391	4497
-2394	4493
-2397	4489
-2401	4486
-2404	4482
-2407	4478
-2410	4474
-2413	4470
-2416	4467
-2420	4465
-2424	4462
-2426	4457
-2429	4452
-2431	4448
-2433	4443
-2436	4439
-2440	4436
-2444	4433
-2447	4429
-2449	4425
-2452	4422
-2456	4418
-2460	4415
-2463	4412
-2466	4408
-2468	4403
-2470	4399
-2473	4395
-2476	4391
-2480	4388
-2483	4384
-2486	4381
-2489	4377
-2491	4372
-2493	4367
-2495	4362
-2497	4358
-2499	4353
-2502	4349
-2505	4345
-2508	4341
-2510	4337
-2513	4333
-2516	4329
-2519	4326
-2522	4322
-2525	4318
-2526	4313
-2530	4310
-2534	4307
-2536	4302
-2539	4298
-2542	4295
-2545	4291
-2548	4287
-2548	4280
-2549	4275
-2552	4271
-2554	4267
-2557	4263
-2559	4258
-2562	4254
-2564	4250
-2567	4246
-2569	4242
-2571	4237
-2574	4234
-2577	4230
-2579	4225
-2581	4220
-2582	4215
-2583	4209
-2584	4203
-2585	4199
-2589	4195
-2593	4193
-2597	4191
-2601	4188
-2603	4183
-2606	4179
-2608	4175
-2610	4171
-2612	4166
-2612	4160
-2613	4154
-2617	4151
-2619	4147
-2621	4142
-2623	4138
-2627	4135
-2629	4131
-2632	4127
-2635	4123
-2638	4120
-2640	4116
-2641	4111
-2643	4106
-2646	4102
-2648	4098
-2650	4094
-2652	4089
-2654	4084
-2657	4081
-2662	4079
-2665	4075
-2666	4071
-2668	4066
-2670	4062
-2673	4058
-2676	4054
-2679	4051
-2683	4048
-2686	4045
-2687	4040
-2690	4036
-2690	4030
-2692	4026
-2693	4020
-2695	4016
-2698	4012
-2700	4008
-2702	4004
-2703	3998
-2705	3994
-2707	3989
-2708	3985
-2710	3980
-2712	3976
-2714	3972
-2716	3967
-2718	3963
-2720	3959
-2721	3953
-2722	3948
-2724	3944
-2724	3938
-2727	3935
-2729	3930
-2731	3926
-2732	3921
-2735	3917
-2736	3912
-2737	3907
-2740	3904
-2742	3899
-2743	3894
-2744	3889
-2746	3885
-2748	3881
-2748	3875
-2749	3870
-2752	3866
-2751	3860
-2755	3857
-2757	3853
-2759	3849
-2763	3846
-2765	3842
-2765	3837
-2767	3832
-2767	3826
-2769	3822
-2769	3817
-2771	3813
-2773	3808
-2775	3804
-2776	3799
-2779	3795
-2781	3792
-2783	3787
-2783	3782
-2783	3776
-2784	3771
-2786	3767
-2788	3763
-2785	3755
-2785	3749
-2784	3743
-2784	3737
-2784	3732
-2786	3728
-2788	3724
-2788	3718
-2789	3713
-2790	3709
-2789	3702
-2790	3698
-2794	3695
-2796	3691
-2800	3688
-2800	3683
-2800	3677
-2802	3673
-2804	3670
-2805	3665
-2805	3659
-2807	3655
-2808	3650
-2811	3647
-2813	3643
-2813	3637
-2814	3633
-2818	3630
-2817	3624
-2816	3618
-2816	3613
-2820	3610
-2821	3606
-2824	3602
-2826	3599
-2828	3594
-2829	3590
-2830	3585
-2831	3580
-2830	3574
-2831	3570
-2834	3566
-2833	3561
-2834	3556
-2835	3552
-2838	3548
-2839	3543
-2843	3541
-2844	3536
-2846	3532
-2848	3528
-2846	3522
-2846	3517
-2848	3513
-2850	3509
-2852	3505
-2854	3501
-2857	3498
-2857	3493
-2858	3488
-2860	3484
-2860	3479
-2862	3475
-2863	3471
-2864	3466
-2864	3461
-2864	3456
-2866	3452
-2870	3449
-2872	3446
-2874	3442
-2874	3437
-2876	3433
-2877	3428
-2879	3424
-2881	3420
-2882	3416
-2884	3412
-2884	3407
-2885	3403
-2885	3398
-2884	3392
-2884	3387
-2884	3382
-2887	3378
-2888	3374
-2889	3370
-2888	3364
-2888	3360
-2892	3356
-2889	3350
-2890	3345
-2890	3341
-2890	3335
-2890	3331
-2892	3327
-2892	3322
-2893	3318
-2893	3312
-2891	3307
-2892	3302
-2892	3297
-2892	3292
-2893	3288
-2896	3285
-2897	3281
-2897	3275
-2897	3271
-2898	3267
-2899	3262
-2901	3258
-2899	3252
-2900	3248
-2901	3244
-2902	3239
-2903	3235
-2903	3231
-2903	3226
-2905	3222
-2906	3217
-2905	3212
-2905	3208
-2905	3203
-2905	3198
-2908	3195
-2908	3190
-2908	3185
-2909	3181
-2910	3177
-2911	3173
-2911	3168
-2912	3163
-2913	3159
-2909	3153
-2908	3147
-2910	3143
-2909	3138
-2910	3134
-2911	3130
-2912	3126
-2911	3121
-2909	3115
-2909	3111
-2911	3107
-2910	3102
-2909	3096
-2909	3092
-2910	3088
-2911	3083
-2912	3080
-2913	3076
-2913	3071
-2914	3067
-2914	3062
-2915	3058
-2915	3053
-2915	3049
-2916	3045
-2915	3040
-2915	3035
-2914	3030
-2914	3025
-2916	3022
-2917	3018
-2918	3014
-2917	3009
-2915	3003
-2913	2998
-2913	2993
-2913	2988
-2912	2983
-2911	2978
-2911	2974
-2911	2970
-2912	2966
-2914	2962
-2913	2957
-2914	2953
-2912	2948
-2912	2943
-2912	2939
-2907	2932
-2907	2928
-2909	2924
-2910	2920
-2908	2915
-2908	2910
-2909	2907
-2910	2903
-2910	2898
-2911	2894
-2908	2889
-2904	2883
-2902	2877
-2902	2873
-2905	2870
-2904	2865
-2904	2861
-2905	2857
-2905	2852
-2905	2848
-2904	2843
-2903	2839
-2905	2835
-2903	2830
-2903	2826
-2902	2821
-2902	2817
-2905	2813
-2904	2809
-2902	2804
-2900	2799
-2899	2794
-2902	2791
-2900	2786
-2901	2782
-2903	2779
-2905	2775
-2897	2768
-2895	2763
-2890	2757
-2888	2751
-2888	2747
-2890	2744
-2897	2742
-2889	2735
-2888	2730
-2889	2726
-2887	2722
-2888	2718
-2887	2713
-2884	2708
-2881	2703
-2879	2698
-2882	2695
-2878	2689
-2876	2684
-2874	2679
-2879	2677
-2878	2673
-2877	2668
-2870	2661
-2868	2657
-2874	2655
-2874	2651
-2873	2646
-2867	2640
-2868	2636
-2865	2631
-2865	2627
-2868	2624
-2869	2620
-2867	2616
-2865	2611
-2864	2606
-2863	2602
-2861	2597
-2861	2593
-2861	2589
-2861	2585
-2860	2581
-2857	2576
-2855	2571
-2853	2566
-2854	2563
-2853	2558
-2851	2554
-2852	2550
-2852	2546
-2852	2542
-2852	2538
-2849	2533
-2848	2529
-2847	2525
-2846	2520
-2845	2516
-2845	2512
-2846	2509
-2845	2504
-2845	2500
-2843	2496
-2840	2491
-2838	2486
-2839	2483
-2839	2479
-2838	2474
-2835	2470
-2835	2466
-2836	2462
-2835	2458
-2834	2454
-2833	2450
-2834	2446
-2832	2442
-2831	2438
-2832	2434
-2834	2431
-2834	2427
-2835	2423
-2837	2420
-2836	2416
-2830	2410
-2828	2406
-2826	2401
-2827	2398
-2824	2393
-2823	2389
-2823	2385
-2821	2381
-2822	2377
-2822	2373
-2821	2369
-2820	2365
-2818	2361
-2823	2358
-2822	2354
-2819	2350
-2818	2346
-2817	2341
-2814	2337
-2817	2334
-2810	2329
-2814	2326
-2813	2322
-2803	2316
-2805	2312
-2806	2309
-2806	2305
-2806	2301
-2806	2297
-2803	2293
-2799	2288
-2798	2284
-2800	2281
-2801	2278
-2799	2273
-2800	2270
-2802	2266
-2802	2263
-2796	2258
-2801	2255
-2792	2249
-2794	2246
-2792	2242
-2799	2240
-2792	2235
-2791	2231
-2792	2227
-2793	2224
-2792	2220
-2789	2215
-2786	2211
-2791	2208
-2789	2204
-2786	2200
-2785	2196
-2786	2193
-2782	2188
-2779	2184
-2781	2181
-2785	2178
-2783	2174
-2783	2170
-2782	2166
-2778	2162
-2777	2158
-2777	2154
-2777	2151
-2774	2146
-2772	2143
-2775	2139
-2777	2136
-2773	2132
-2771	2128
-2770	2124
-2770	2120
-2765	2116
-2766	2112
-2769	2109
-2768	2106
-2770	2102
-2768	2098
-2769	2095
-2768	2091
-2771	2088
-2771	2084
-2768	2080
-2766	2076
-2765	2073
-2764	2069
-2758	2064
-2757	2061
-2759	2057
-2759	2054
-2759	2050
-2759	2046
-2755	2042
-2753	2038
-2752	2035
-2753	2031
-2752	2028
-2751	2024
-2752	2021
-2753	2017
-2751	2013
-2748	2009
-2744	2005
-2744	2002
-2742	1998
-2740	1994
-2740	1991
-2742	1987
-2742	1984
-2740	1980
-2738	1976
-2738	1973
-2740	1969
-2740	1966
-2741	1962
-2740	1959
-2736	1955
-2735	1951
-2734	1948
-2733	1944
-2733	1940
-2731	1937
-2731	1933
-2730	1929
-2727	1926
-2724	1922
-2725	1918
-2727	1915
-2728	1912
-2727	1908
-2725	1904
-2723	1901
-2721	1897
-2721	1894
-2721	1890
-2721	1887
-2718	1883
-2724	1880
-2714	1876
-2715	1872
-2718	1869
-2720	1866
-2717	1862
-2714	1858
-2713	1855
-2713	1851
-2712	1848
-2712	1844
-2713	1841
-2713	1837
-2709	1834
-2704	1830
-2704	1826
-2706	1823
-2706	1820
-2706	1816
-2704	1813
-2704	1809
-2704	1806
-2707	1802
-2707	1799
-2707	1795
-2706	1792
-2700	1788
-2698	1785
-2695	1781
-2696	1778
-2697	1774
-2699	1771
-2698	1767
-2696	1764
-2693	1760
-2697	1757
-2689	1753
-2686	1750
-2684	1746
-2685	1743
-2685	1740
-2683	1736
-2683	1733
-2682	1729
-2680	1726
-2679	1722
-2678	1719
-2677	1715
-2677	1712
-2676	1709
-2675	1705
-2677	1702
-2677	1698
-2676	1695
-2673	1691
-2672	1688
-2671	1685
-2671	1681
-2671	1678
-2669	1674
-2669	1671
-2669	1668
-2667	1664
-2664	1661
-2663	1657
-2662	1654
-2662	1651
-2660	1647
-2660	1644
-2661	1640
-2657	1637
-2655	1634
-2656	1630
-2657	1627
-2656	1624
-2654	1620
-2652	1617
-2650	1614
-2650	1610
-2651	1607
-2650	1603
-2649	1600
-2648	1597
-2648	1593
-2647	1590
-2645	1587
-2643	1583
-2643	1580
-2643	1577
-2641	1573
-2640	1570
-2641	1567
-2640	1563
-2638	1560
-2637	1557
-2638	1553
-2637	1550
-2635	1547
-2635	1543
-2632	1540
-2632	1537
-2630	1533
-2630	1530
-2629	1527
-2629	1523
-2628	1520
-2626	1517
-2625	1513
-2624	1510
-2623	1507
-2623	1503
-2623	1500
-2623	1497
-2622	1493
-2621	1490
-2619	1487
-2620	1484
-2620	1480
-2618	1477
-2617	1474
-2614	1471
-2612	1467
-2611	1464
-2610	1461
-2610	1458
-2608	1454
-2606	1451
-2606	1448
-2608	1444
-2608	1441
-2609	1437
-2607	1434
-2602	1431
-2601	1428
-2601	1425
-2600	1422
-2600	1418
-2599	1415
-2596	1412
-2595	1409
-2593	1406
-2592	1402
-2592	1399
-2590	1396
-2589	1393
-2588	1389
-2585	1386
-2585	1383
-2585	1380
-2585	1376
-2585	1373
-2584	1370
-2582	1367
-2579	1364
-2578	1360
-2579	1357
-2577	1354
-2577	1351
-2576	1347
-2577	1344
-2575	1341
-2573	1338
-2572	1335
-2572	1331
-2570	1328
-2567	1325
-2567	1322
-2567	1318
-2568	1315
-2566	1312
-2565	1309
-2563	1306
-2562	1303
-2562	1299
-2563	1296
-2561	1293
-2561	1289
-2558	1286
-2557	1283
-2555	1280
-2555	1277
-2554	1274
-2554	1270
-2552	1267
-2551	1264
-2551	1261
-2550	1258
-2550	1254
-2549	1251
-2549	1248
-2548	1245
-2547	1241
-2544	1239
-2544	1235
-2543	1232
-2543	1229
-2544	1225
-2542	1222
-2539	1219
-2536	1217
-2534	1214
-2534	1210
-2535	1207
-2533	1204
-2533	1200
-2532	1197
-2532	1194
-2528	1191
-2526	1188
-2526	1185
-2527	1181
-2527	1178
-2527	1175
-2526	1172
-2524	1169
-2523	1166
-2521	1163
-2520	1159
-2520	1156
-2518	1153
-2516	1150
-2517	1147
-2515	1144
-2513	1141
-2512	1138
-2511	1135
-2510	1131
-2509	1128
-2509	1125
-2508	1122
-2507	1119
-2505	1116
-2504	1113
-2504	1109
-2502	1106
-2500	1103
-2500	1100
-2497	1097
-2497	1094
-2496	1091
-2496	1088
-2494	1085
-2490	1082
-2487	1079
-2486	1077
-2487	1073
-2487	1069
-2486	1066
-2484	1063
-2486	1060
-2486	1056
-2485	1053
-2484	1050
-2480	1048
-2477	1045
-2475	1042
-2476	1039
-2476	1035
-2475	1032
-2473	1029
-2471	1026
-2472	1023
-2471	1020
-2470	1017
-2469	1013
-2468	1010
-2466	1007
-2463	1005
-2463	1002
-2462	999
-2460	996
-2459	993
-2459	989
-2457	986
-2456	983
-2455	980
-2454	977
-2453	974
-2453	970
-2452	967
-2451	964
-2450	961
-2449	958
-2449	955
-2447	952
-2446	949
-2446	945
-2446	942
-2444	939
-2443	936
-2441	933
-2440	930
-2439	927
-2437	924
-2435	921
-2433	919
-2432	915
-2432	912
-2431	909
-2432	905
-2432	902
-2430	899
-2429	896
-2427	893
-2426	890
-2425	887
-2424	884
-2423	881
-2422	878
-2421	875
-2419	872
-2417	869
-2417	865
-2414	863
-2413	860
-2413	857
-2412	853
-2410	851
-2409	848
-2408	845
-2407	842
-2405	839
-2405	835
-2404	832
-2403	829
-2403	826
-2401	823
-2399	820
-2398	817
-2399	813
-2397	810
-2395	808
-2393	805
-2391	802
-2391	799
-2389	796
-2386	794
-2385	791
-2384	787
-2381	785
-2380	782
-2380	779
-2380	775
-2378	772
-2375	770
-2375	766
-2379	762
-2378	758
-2375	756
-2375	752
-2375	749
-2369	748
-2367	745
-2366	742
-2367	738
-2368	734
-2367	731
-2364	729
-2360	727
-2358	724
-2358	721
-2357	717
-2357	714
-2357	711
-2355	708
-2355	704
-2355	701
-2354	698
-2353	695
-2351	692
-2350	689
-2349	686
-2349	682
-2348	679
-2347	676
-2346	672
-2345	669
-2343	667
-2342	663
-2340	661
-2339	658
-2338	655
-2338	651
-2336	649
-2334	646
-2332	643
-2332	640
-2331	636
-2329	634
-2328	631
-2325	628
-2324	625
-2324	621
-2324	618
-2322	615
-2320	613
-2319	610
-2318	606
-2316	604
-2314	601
-2315	597
-2315	593
-2315	590
-2314	586
-2312	584
-2310	581
-2308	578
-2307	575
-2306	572
-2305	569
-2305	565
-2303	563
-2300	560
-2299	557
-2297	555
-2296	552
-2296	548
-2296	544
-2297	540
-2296	537
-2294	534
-2292	531
-2291	528
-2290	525
-2289	522
-2289	518
-2288	515
-2286	512
-2286	509
-2284	506
-2283	503
-2281	500
-2280	497
-2277	495
-2277	491
-2278	487
-2275	485
-2274	482
-2274	478
-2272	475
-2271	472
-2270	469
-2268	466
-2267	463
-2265	460
-2263	457
-2261	455
-2260	451
-2260	448
-2261	444
-2259	441
-2257	438
-2256	435
-2255	432
-2253	429
-2252	426
-2250	423
-2248	420
-2247	417
-2246	414
-2245	411
-2243	408
-2243	404
-2241	402
-2240	398
-2238	395
-2238	392
-2236	389
-2234	386
-2232	384
-2232	380
-2230	377
-2229	374
-2229	370
-2228	367
-2226	364
-2224	362
-2222	359
-2219	357
-2218	354
-2217	350
-2216	347
-2214	344
-2212	341
-2212	338
-2210	335
-2208	332
-2207	329
-2205	326
-2204	323
-2203	320
-2202	316
-2200	314
-2199	311
-2199	307
-2201	301
-2199	299
-2198	296
-2196	293
-2196	289
-2195	285
-2193	283
-2190	281
-2189	277
-2188	274
-2186	271
-2184	268
-2182	266
-2181	262
-2180	259
-2179	256
-2178	252
-2176	250
-2174	247
-2173	244
-2172	241
-2171	237
-2170	234
-2169	230
-2169	226
-2168	223
-2168	219
-2167	216
-2165	213
-2163	210
-2162	207
-2160	204
-2159	200
-2158	197
-2156	194
-2155	191
-2155	187
-2154	183
-2152	181
-2150	178
-2150	174
-2150	170
-2149	166
-2149	162
-2149	158
-2150	153
-2149	149
-2149	145
-2148	142
-2145	140
-2142	138
-2141	134
-2141	130
-2145	123
-2144	119
-2142	116
-2141	113
-2136	113
-2130	113
-2126	111
-2119	112
-2112	114
-2107	113
-2105	110
-2102	109
-2097	108
-2093	107
-2088	107
-2085	105
-2083	102
-2079	101
-2075	100
-2072	98
-2069	96
-2065	95
-2058	97
-2055	95
-2052	93
-2050	90
-2049	87
-2045	86
-2043	83
-2041	80
-2040	77
-2040	72
-2037	71
-2036	67
-2037	62
-2037	57
-2035	55
-2032	53
-2034	47
-2033	44
-2031	41
-2029	38
-2027	35
-2025	32
-2025	28
-2024	25
-2021	23
-2020	19
-2020	15
-2019	11
-2017	8
-2016	5
-2013	3
-2010	1
-2013	-6
-2011	-8
-2008	-11
-2007	-14
-2006	-18
-2005	-22
-2004	-25
-2002	-28
-2000	-31
-1999	-34
-1999	-38
-1996	-40
-1993	-43
-1993	-47
-1992	-50
-1993	-56
-1992	-60
-1991	-63
-1989	-66
-1986	-68
-1985	-72
-1983	-75
-1982	-78
-1981	-82
-1979	-84
-1977	-88
-1976	-91
-1975	-95
-1974	-98
-1973	-102
-1973	-107
-1971	-110
-1969	-113
-1968	-116
-1966	-120
-1965	-123
-1964	-127
-1962	-130
-1960	-133
-1959	-137
-1958	-141
-1957	-144
-1955	-147
-1953	-150
-1947	-149
-1944	-150
-1942	-153
-1940	-157
-1932	-153
-1927	-153
-1926	-157
-1923	-159
-1918	-159
-1916	-161
-1913	-163
-1908	-163
-1902	-162
-1895	-160
-1892	-162
-1884	-158
-1879	-158
-1876	-160
-1872	-161
-1861	-155
-1855	-153
-1852	-155
-1851	-158
-1848	-160
-1833	-150
-1828	-149
-1826	-152
-1823	-154
-1819	-154
-1813	-153
-1809	-153
-1806	-155
-1803	-157
-1801	-159
-1798	-160
-1795	-163
-1793	-166
-1794	-171
-1794	-176
-1792	-178
-1782	-173
-1774	-169
-1771	-171
-1768	-172
-1764	-173
-1759	-173
-1756	-173
-1753	-176
-1748	-175
-1740	-171
-1734	-170
-1728	-167
-1725	-169
-1721	-169
-1713	-166
-1707	-163
-1703	-164
-1699	-165
-1695	-164
-1689	-163
-1685	-163
-1681	-163
-1676	-162
-1670	-161
-1667	-161
-1665	-164
-1664	-168
-1657	-165
-1653	-165
-1649	-166
-1645	-165
-1642	-167
-1641	-170
-1638	-172
-1634	-172
-1629	-171
-1616	-160
-1613	-162
-1601	-153
-1598	-154
-1595	-155
-1591	-156
-1588	-156
-1585	-158
-1584	-161
-1582	-164
-1580	-166
-1575	-165
-1569	-163
-1565	-162
-1560	-161
-1561	-168
-1560	-172
-1560	-176
-1542	-159
-1531	-151
-1525	-148
-1521	-148
-1519	-150
-1517	-152
-1510	-148
-1507	-149
-1504	-151
-1498	-148
-1494	-147
-1491	-148
-1484	-145
-1482	-147
-1480	-149
-1478	-152
-1474	-152
-1475	-158
-1472	-160
-1469	-161
-1466	-162
-1463	-163
-1460	-164
-1458	-166
-1456	-167
-1453	-169
-1446	-166
-1439	-160
-1431	-155
-1425	-152
-1418	-148
-1413	-146
-1408	-143
-1404	-143
-1401	-144
-1399	-147
-1399	-151
-1397	-154
-1391	-151
-1390	-154
-1388	-156
-1385	-158
-1383	-160
-1380	-161
-1378	-162
-1375	-164
-1370	-162
-1363	-158
-1360	-158
-1356	-158
-1352	-157
-1347	-156
-1344	-156
-1341	-156
-1339	-159
-1336	-160
-1333	-161
-1331	-163
-1322	-154
-1314	-148
-1310	-147
-1306	-147
-1302	-147
-1299	-147
-1296	-148
-1294	-150
-1292	-151
-1289	-153
-1287	-155
-1286	-158
-1284	-161
-1283	-165
-1283	-169
-1279	-168
-1275	-167
-1271	-167
-1268	-167
-1263	-166
-1260	-166
-1258	-168
-1255	-168
-1251	-167
-1247	-167
-1244	-168
-1241	-169
-1239	-170
-1237	-173
-1234	-173
-1229	-171
-1224	-168
-1214	-158
-1212	-161
-1218	-175
-1214	-174
-1211	-175
-1209	-176
-1206	-177
-1203	-177
-1199	-177
-1195	-176
-1192	-177
-1186	-171
-1184	-174
-1173	-161
-1166	-155
-1164	-157
-1161	-158
-1158	-158
-1155	-159
-1154	-162
-1151	-164
-1149	-164
-1145	-164
-1142	-164
-1139	-164
-1135	-164
-1132	-164
-1129	-164
-1126	-164
-1121	-162
-1117	-160
-1115	-162
-1112	-163
-1110	-164
-1108	-166
-1106	-168
-1103	-169
-1100	-169
-1097	-170
-1094	-169
-1089	-167
-1089	-172
-1086	-172
-1082	-172
-1080	-173
-1079	-178
-1077	-179
-1074	-179
-1069	-177
-1065	-175
-1062	-175
-1059	-175
-1057	-177
-1054	-178
-1052	-179
-1044	-170
-1042	-173
-1039	-173
-1036	-173
-1034	-175
-1031	-175
-1029	-178
-1027	-179
-1023	-178
-1021	-180
-1018	-180
-1013	-176
-1010	-176
-1008	-178
-1004	-177
-1001	-176
-998	-178
-996	-180
-994	-181
-989	-177
-987	-179
-984	-178
-978	-172
-972	-166
-967	-163
-965	-164
-962	-164
-958	-164
-956	-166
-956	-171
-954	-173
-950	-170
-947	-170
-945	-173
-940	-168
-937	-168
-934	-169
-931	-169
-928	-167
-924	-167
-922	-169
-920	-170
-917	-171
-916	-174
-915	-178
-913	-180
-907	-175
-904	-175
-902	-175
-892	-160
-885	-151
-881	-148
-878	-148
-875	-148
-873	-149
-870	-150
-867	-150
-865	-151
-863	-154
-862	-157
-862	-164
-780	3
-777	4
-774	3
-771	4
-768	5
-766	4
-764	4
-761	3
-759	3
-755	5
-753	5
-751	4
-748	5
-746	4
-744	2
-742	1
-738	3
-736	3
-734	1
-734	-6
-735	-14
-733	-17
-729	-11
-724	-6
-721	-5
-722	-13
-720	-16
-719	-18
-719	-25
-748	-122
-747	-127
-746	-132
-745	-137
-743	-139
-741	-141
-739	-142
-736	-142
-734	-143
-732	-145
-729	-145
-727	-146
-724	-146
-722	-147
-719	-148
-717	-149
-715	-151
-712	-152
-710	-152
-708	-153
-705	-154
-703	-155
-700	-155
-698	-156
-695	-156
-692	-155
-690	-155
-687	-156
-685	-157
-683	-161
-683	-167
-685	-183
-683	-185
-681	-186
-678	-186
-676	-187
-673	-187
-670	-186
-667	-186
-663	-181
-660	-179
-658	-182
-657	-186
-654	-185
-651	-186
-649	-187
-646	-187
-632	-150
-629	-150
-627	-152
-625	-154
-622	-151
-618	-149
-616	-149
-626	-190
-623	-191
-620	-191
-617	-190
-615	-190
-612	-189
-609	-189
-607	-189
-604	-189
-602	-190
-599	-190
-596	-189
-593	-189
-591	-189
-588	-188
-582	-177
-580	-179
-577	-179
-575	-180
-573	-181
-570	-181
-568	-182
-566	-184
-563	-184
-561	-185
-558	-186
-556	-187
-554	-188
-551	-189
-549	-191
-546	-190
-543	-188
-541	-188
-538	-188
-535	-186
-532	-186
-530	-187
-527	-186
-524	-186
-522	-185
-519	-185
-516	-184
-513	-183
-511	-184
-509	-185
-506	-186
-504	-186
-501	-186
-499	-187
-496	-186
-493	-186
-491	-186
-488	-184
-485	-185
-483	-185
-480	-185
-477	-183
-475	-184
-473	-186
-470	-186
-467	-185
-465	-185
-462	-186
-460	-185
-457	-186
-455	-185
-452	-186
-450	-185
-447	-186
-444	-184
-442	-184
-439	-184
-437	-185
-434	-184
-432	-184
-429	-184
-426	-184
-424	-184
-422	-185
-419	-186
-417	-187
-414	-187
-412	-188
-409	-187
-407	-186
-404	-187
-402	-186
-399	-185
-397	-186
-394	-188
-392	-187
-389	-187
-387	-187
-384	-186
-381	-186
-379	-185
-376	-186
-374	-187
-372	-189
-369	-189
-366	-185
-364	-185
-361	-185
-358	-185
-356	-186
-354	-185
-351	-185
-348	-184
-346	-185
-344	-186
-341	-186
-338	-185
-336	-183
-333	-183
-331	-186
-329	-187
-326	-188
-324	-187
-321	-185
-318	-183
-316	-184
-314	-185
-311	-186
-309	-187
-306	-185
-304	-184
-301	-184
-299	-184
-296	-185
-294	-185
-291	-185
-289	-185
-286	-184
-284	-185
-281	-184
-279	-184
-276	-185
-274	-184
-271	-183
-269	-182
-266	-183
-264	-184
-261	-185
-259	-183
-256	-183
-254	-183
-251	-183
-249	-183
-246	-184
-244	-183
-241	-183
-239	-184
-237	-184
-234	-184
-232	-184
-229	-185
-227	-185
-224	-185
-222	-185
-219	-185
-217	-185
-215	-184
-212	-184
-210	-184
-207	-184
-205	-183
-202	-182
-200	-183
-197	-183
-195	-184
-192	-184
-190	-184
-187	-183
-185	-183
-182	-183
-180	-183
-178	-183
-175	-183
-173	-183
-170	-183
-168	-184
-165	-184
-163	-183
-160	-183
-158	-183
-155	-182
-153	-183
-151	-182
-148	-182
-146	-182
-143	-182
-141	-182
-138	-181
-136	-180
-133	-181
-131	-182
-129	-182
-126	-182
-124	-182
-121	-183
-119	-182
-116	-182
-114	-181
-111	-181
-109	-182
-106	-182
-104	-182
-102	-182
-99	-183
-97	-184
-94	-184
-92	-183
-89	-183
-87	-184
-85	-185
-82	-182
-80	-181
-75	-191
-72	-190
-70	-190
-67	-190
-65	-190
-62	-189
-60	-189
-58	-189
-55	-189
-53	-189
-50	-189
-48	-188
-45	-189
-43	-189
-40	-190
-38	-190
-36	-189
-33	-190
-31	-191
-28	-191
-26	-191
-23	-191
-21	-191
-18	-191
-16	-191
-13	-190
-11	-190
-8	-191
-6	-191
-4	-189
-1	-189
1	-189
4	-190
6	-189
9	-189
11	-189
14	-188
16	-189
18	-189
21	-189
24	-191
26	-190
28	-189
31	-189
33	-190
36	-190
38	-190
41	-190
43	-190
46	-190
48	-191
51	-192
53	-193
56	-194
58	-192
60	-191
63	-191
65	-192
68	-194
70	-193
73	-191
75	-191
78	-190
80	-191
83	-193
85	-191
88	-191
90	-191
93	-191
95	-191
97	-190
100	-189
102	-190
105	-190
107	-191
110	-192
112	-191
115	-191
117	-192
120	-191
122	-191
125	-192
127	-192
130	-190
132	-191
135	-193
137	-193
140	-191
142	-191
144	-190
147	-190
149	-189
152	-192
155	-192
157	-190
159	-190
162	-191
165	-191
167	-191
169	-190
172	-189
174	-189
177	-190
179	-191
182	-192
184	-191
187	-191
189	-188
192	-189
194	-191
197	-191
200	-192
202	-192
204	-190
207	-188
209	-188
212	-190
214	-191
217	-191
220	-193
222	-193
225	-192
227	-191
230	-191
232	-191
235	-192
237	-192
240	-193
243	-193
245	-195
248	-196
250	-194
253	-193
255	-191
257	-192
260	-193
263	-192
265	-191
267	-191
270	-192
272	-190
275	-191
278	-191
280	-191
283	-192
285	-191
288	-191
290	-191
293	-192
296	-192
298	-193
301	-193
303	-192
305	-190
308	-190
310	-189
313	-189
315	-189
318	-190
321	-190
323	-190
326	-189
329	-191
331	-192
334	-193
336	-192
339	-192
341	-191
344	-191
347	-192
349	-192
352	-193
355	-192
357	-192
360	-193
363	-193
365	-193
367	-192
370	-191
372	-189
375	-190
377	-190
380	-190
383	-191
386	-192
388	-193
391	-191
393	-189
395	-189
398	-189
401	-190
403	-190
406	-191
409	-191
411	-190
414	-189
416	-189
419	-189
422	-190
424	-190
427	-189
429	-187
431	-188
434	-187
437	-187
439	-187
441	-185
444	-184
446	-184
449	-184
452	-185
454	-185
457	-185
460	-186
463	-186
465	-186
467	-184
470	-184
474	-188
477	-191
480	-190
482	-189
485	-189
487	-189
490	-188
492	-186
494	-186
497	-186
501	-189
504	-190
506	-189
509	-189
511	-188
514	-188
516	-187
519	-187
521	-187
524	-187
527	-187
530	-187
532	-187
535	-186
537	-185
540	-186
542	-183
543	-179
545	-176
546	-171
548	-168
550	-167
553	-167
556	-168
559	-170
562	-171
566	-174
570	-177
573	-180
577	-182
580	-182
582	-181
584	-180
587	-181
592	-186
593	-182
595	-178
596	-175
599	-175
602	-176
604	-175
607	-174
610	-175
613	-177
616	-177
618	-175
621	-175
623	-174
626	-173
629	-174
632	-174
635	-174
636	-170
637	-167
639	-165
643	-167
646	-167
647	-164
650	-164
653	-165
656	-165
658	-162
660	-160
663	-160
666	-161
669	-162
672	-162
674	-161
677	-160
680	-161
682	-160
684	-158
686	-155
688	-154
691	-153
693	-152
696	-153
699	-153
702	-153
704	-152
707	-152
709	-151
712	-150
714	-149
717	-149
719	-148
722	-147
724	-145
726	-144
729	-144
731	-142
734	-141
737	-141
739	-140
741	-139
743	-137
744	-133
746	-130
746	-125
747	-121
748	-116
748	-110
748	-103
719	-23
719	-16
719	-11
720	-6
721	-3
723	-1
724	2
726	3
728	4
731	4
734	4
736	5
739	4
742	3
746	2
750	-2
753	-2
755	0
758	-0
760	2
762	2
765	1
774	-0
775	3
778	2
781	3
784	3
887	-184
878	-160
871	-140
874	-141
878	-142
881	-143
884	-142
885	-139
888	-138
916	-185
918	-185
921	-184
924	-184
927	-183
930	-183
934	-184
936	-183
939	-182
942	-182
947	-184
949	-183
951	-181
954	-181
957	-181
961	-181
964	-182
968	-182
971	-183
975	-184
978	-183
981	-184
984	-183
986	-181
988	-179
989	-175
991	-172
995	-173
1000	-176
1003	-176
1005	-175
1008	-174
1011	-174
1015	-175
1018	-174
1021	-174
1024	-174
1026	-171
1027	-167
1028	-164
1031	-163
1034	-162
1038	-163
1041	-164
1045	-165
1049	-165
1053	-166
1057	-167
1060	-168
1064	-168
1067	-169
1071	-170
1075	-170
1078	-170
1082	-171
1085	-170
1084	-163
1087	-162
1094	-168
1100	-172
1104	-173
1107	-173
1111	-174
1114	-174
1116	-171
1117	-167
1119	-165
1123	-166
1126	-165
1129	-165
1132	-165
1137	-166
1142	-169
1147	-172
1151	-172
1156	-174
1159	-174
1162	-173
1165	-172
1169	-173
1173	-173
1176	-172
1180	-174
1184	-174
1187	-173
1190	-173
1194	-174
1197	-173
1202	-174
1205	-173
1208	-172
1211	-171
1215	-172
1218	-171
1221	-171
1225	-171
1228	-171
1233	-172
1236	-172
1240	-172
1243	-172
1247	-172
1250	-172
1254	-172
1258	-171
1261	-171
1265	-171
1268	-170
1271	-170
1275	-170
1279	-170
1282	-170
1286	-170
1290	-170
1294	-170
1297	-170
1301	-171
1306	-171
1312	-174
1321	-182
1327	-185
1331	-185
1338	-189
1340	-187
1343	-186
1346	-185
1350	-184
1353	-183
1356	-183
1363	-186
1371	-192
1373	-189
1375	-188
1378	-186
1381	-185
1384	-183
1389	-185
1394	-186
1396	-184
1400	-184
1403	-183
1405	-181
1409	-180
1412	-179
1416	-180
1420	-178
1422	-176
1425	-175
1428	-174
1430	-172
1434	-172
1440	-174
1446	-176
1450	-177
1456	-179
1463	-182
1468	-183
1470	-181
1472	-178
1474	-176
1480	-178
1484	-178
1488	-178
1492	-177
1495	-176
1499	-176
1505	-178
1507	-176
1509	-173
1511	-170
1513	-168
1515	-165
1518	-164
1520	-161
1522	-159
1525	-157
1527	-155
1530	-153
1534	-153
1539	-154
1545	-156
1551	-158
1559	-162
1570	-170
1574	-169
1581	-173
1586	-174
1592	-175
1595	-174
1598	-173
1601	-171
1604	-169
1604	-164
1603	-159
1606	-156
1610	-156
1617	-159
1624	-162
1629	-162
1633	-162
1639	-164
1644	-165
1649	-165
1652	-163
1657	-164
1663	-165
1667	-165
1672	-165
1680	-168
1684	-168
1691	-170
1697	-172
1701	-172
1703	-169
1707	-168
1712	-168
1716	-168
1719	-167
1723	-166
1728	-165
1733	-166
1739	-167
1746	-170
1751	-170
1755	-169
1756	-166
1761	-165
1772	-172
1776	-171
1780	-170
1785	-171
1788	-168
1794	-169
1797	-168
1800	-166
1803	-164
1808	-164
1814	-165
1819	-165
1823	-165
1827	-163
1830	-162
1833	-159
1835	-157
1840	-157
1849	-161
1859	-165
1862	-164
1866	-162
1868	-160
1871	-157
1874	-155
1879	-155
1887	-158
1896	-162
1895	-156
1895	-152
1899	-150
1903	-149
1909	-149
1916	-152
1927	-156
1935	-159
1942	-161
1948	-161
1952	-161
1958	-161
1963	-161
1969	-162
1982	-168
1984	-166
1987	-163
1994	-164
1996	-162
1998	-158
1999	-154
2003	-153
2007	-152
2011	-151
2015	-149
2018	-147
2022	-146
2026	-144
2028	-142
2031	-139
2035	-138
2042	-139
2056	-146
2063	-148
2072	-151
2073	-147
2072	-140
2076	-139
2083	-140
2090	-141
2098	-143
2108	-147
2115	-148
2120	-147
2125	-147
2129	-145
2135	-146
2142	-146
2146	-144
2153	-146
2167	-152
2162	-143
2157	-134
2161	-133
2173	-138
2175	-134
2177	-131
2179	-128
2182	-125
2186	-124
2188	-121
2191	-118
2197	-118
2219	-131
2222	-128
2227	-127
2235	-129
2253	-138
2257	-136
2269	-141
2273	-139
2275	-135
2278	-133
2283	-132
2290	-132
2299	-135
2310	-138
2314	-136
2318	-134
2337	-143
2333	-136
2332	-130
2333	-126
2334	-122
2334	-117
2333	-111
2335	-108
2338	-105
2341	-102
2345	-100
2351	-100
2359	-101
2369	-103
2360	-92
2365	-91
2373	-91
2372	-86
2373	-82
2376	-80
2379	-76
2379	-71
2380	-68
2384	-66
2385	-61
2386	-57
2387	-53
2387	-49
2388	-44
2389	-40
2390	-36
2392	-33
2392	-28
2393	-24
2395	-20
2396	-16
2395	-11
2397	-7
2398	-4
2398	1
2398	6
2400	9
2401	13
2404	16
2405	20
2406	24
2405	30
2402	36
2401	42
2401	46
2400	51
2401	56
2400	61
2401	65
2401	69
2402	73
2403	77
2403	82
2405	85
2406	89
2407	93
2405	99
2400	106
2401	110
2400	116
2399	121
2400	125
2401	128
2403	132
2404	136
2404	140
2405	144
2407	147
2409	150
2409	155
2409	160
2410	163
2413	166
2412	171
2413	175
2413	179
2414	183
2415	187
2417	190
2418	194
2418	198
2419	203
2420	206
2419	211
2422	214
2422	218
2424	221
2424	226
2425	229
2426	233
2427	237
2428	241
2427	246
2428	250
2430	252
2431	256
2432	260
2433	264
2433	269
2434	272
2435	276
2437	279
2436	284
2438	287
2439	291
2439	295
2440	299
2440	303
2441	307
2442	310
2445	313
2446	317
2447	321
2443	327
2442	332
2450	332
2449	337
2449	341
2450	344
2451	348
2450	353
2452	356
2454	359
2456	362
2459	365
2462	367
2464	371
2466	374
2472	375
2477	377
2480	379
2483	382
2482	387
2481	392
2483	395
2485	398
2484	403
2483	407
2482	412
2481	417
2482	420
2485	423
2488	426
2489	429
2490	433
2489	437
2489	442
2488	446
2488	450
2490	453
2492	457
2492	461
2493	464
2496	467
2499	470
2500	474
2498	478
2499	482
2502	485
2504	488
2505	492
2504	496
2505	500
2508	502
2508	506
2509	510
2509	514
2510	518
2510	522
2510	526
2511	529
2513	533
2514	536
2516	540
2516	543
2517	547
2518	551
2518	555
2519	558
2522	561
2521	565
2521	569
2522	573
2524	576
2524	580
2525	584
2526	587
2528	591
2529	594
2530	598
2527	603
2528	606
2530	609
2532	613
2533	616
2534	620
2536	623
2536	627
2536	631
2535	635
2539	638
2538	642
2539	646
2539	650
2541	653
2545	655
2547	658
2546	662
2548	666
2548	670
2549	673
2551	677
2550	681
2549	685
2549	689
2549	693
2550	696
2552	700
2553	703
2553	707
2553	711
2556	714
2556	717
2555	722
2555	726
2557	729
2559	732
2559	736
2559	740
2561	743
2562	747
2561	751
2561	754
2563	758
2566	761
2568	764
2569	767
2569	771
2569	775
2571	778
2572	782
2573	785
2572	789
2574	792
2575	796
2574	800
2575	804
2576	807
2577	811
2578	814
2578	818
2579	822
2579	825
2580	829
2581	832
2582	836
2583	840
2584	843
2586	846
2585	850
2584	854
2587	857
2586	861
2585	865
2586	869
2587	873
2588	876
2589	879
2591	883
2591	886
2591	890
2591	894
2594	897
2595	900
2596	904
2596	908
2598	911
2598	915
2599	918
2601	921
2601	925
2603	928
2604	932
2602	936
2601	940
2602	944
2603	947
2603	951
2603	955
2603	958
2606	961
2608	965
2607	969
2606	973
2608	976
2606	980
2607	984
2607	987
2609	991
2610	994
2609	998
2610	1001
2610	1005
2611	1009
2611	1012
2613	1016
2614	1019
2615	1023
2616	1026
2617	1029
2617	1033
2617	1037
2618	1040
2618	1044
2619	1048
2619	1051
2619	1055
2620	1058
2623	1061
2623	1065
2623	1069
2624	1072
2625	1076
2627	1079
2627	1083
2627	1086
2627	1090
2628	1094
2629	1097
2631	1100
2630	1104
2631	1108
2631	1111
2631	1115
2632	1119
2633	1122
2635	1125
2636	1129
2636	1132
2636	1136
2637	1140
2637	1143
2637	1147
2638	1151
2640	1154
2640	1157
2641	1161
2642	1164
2641	1168
2641	1172
2643	1175
2643	1179
2643	1183
2644	1186
2644	1190
2644	1193
2646	1197
2645	1200
2648	1204
2649	1207
2649	1211
2648	1215
2648	1218
2649	1222
2650	1225
2651	1229
2653	1232
2653	1236
2652	1240
2652	1243
2654	1247
2656	1250
2655	1254
2656	1257
2657	1261
2658	1264
2658	1268
2659	1271
2658	1275
2659	1279
2660	1282
2660	1286
2660	1289
2661	1293
2663	1296
2663	1300
2664	1303
2664	1307
2665	1311
2664	1314
2664	1318
2664	1322
2665	1325
2666	1329
2668	1332
2667	1336
2666	1339
2666	1343
2665	1347
2668	1350
2668	1354
2669	1357
2668	1361
2667	1365
2669	1368
2670	1372
2671	1375
2670	1379
2670	1382
2672	1386
2672	1390
2673	1393
2673	1397
2673	1400
2675	1404
2675	1407
2674	1411
2674	1415
2675	1418
2678	1422
2678	1425
2676	1429
2678	1432
2678	1436
2678	1440
2681	1443
2681	1447
2680	1450
2680	1454
2683	1457
2682	1461
2681	1465
2683	1468
2683	1472
2683	1475
2683	1479
2685	1483
2685	1486
2685	1490
2685	1493
2686	1497
2686	1501
2686	1504
2686	1508
2687	1511
2687	1515
2686	1519
2686	1522
2688	1526
2688	1529
2688	1533
2688	1537
2689	1540
2690	1544
2691	1547
2692	1551
2692	1554
2692	1558
2691	1562
2692	1565
2693	1569
2693	1572
2693	1576
2692	1580
2691	1583
2693	1587
2694	1591
2694	1594
2693	1598
2693	1601
2693	1605
2694	1609
2694	1612
2694	1616
2696	1619
2696	1623
2696	1627
2698	1630
2699	1634
2700	1637
2700	1641
2701	1645
2698	1648
2699	1652
2701	1655
2701	1659
