2728	1669
2727	1672
2728	1676
2729	1680
2732	1683
2735	1687
2738	1694
2738	1698
2738	1702
2738	1705
2738	1709
2739	1713
2741	1716
2742	1720
2742	1724
2743	1727
2744	1731
2744	1735
2743	1738
2743	1742
2743	1746
2743	1749
2743	1753
2743	1757
2745	1760
2746	1764
2746	1768
2747	1772
2748	1775
2747	1779
2747	1783
2749	1786
2749	1790
2749	1794
2750	1797
2754	1801
2754	1805
2753	1809
2753	1812
2756	1816
2758	1820
2758	1824
2757	1827
2758	1831
2758	1835
2759	1839
2761	1842
2762	1846
2762	1850
2760	1853
2761	1857
2761	1861
2761	1865
2762	1868
2763	1872
2764	1876
2765	1880
2765	1883
2766	1887
2768	1891
2769	1895
2768	1899
2768	1902
2770	1906
2771	1910
2771	1914
2774	1918
2776	1922
2774	1925
2774	1929
2775	1933
2775	1936
2775	1940
2776	1944
2776	1948
2778	1952
2779	1956
2778	1959
2777	1963
2778	1967
2779	1971
2781	1975
2780	1978
2780	1982
2784	1986
2784	1990
2785	1994
2784	1998
2783	2001
2783	2005
2781	2008
2780	2012
2780	2016
2776	2019
2772	2022
2773	2026
2778	2031
2783	2035
2785	2039
2784	2043
2784	2047
2783	2050
2783	2054
2785	2058
2786	2062
2788	2066
2791	2070
2791	2074
2791	2078
2792	2082
2792	2086
2792	2089
2791	2093
2789	2097
2789	2100
2790	2104
2793	2109
2797	2113
2797	2117
2798	2121
2798	2125
2796	2128
2794	2132
2795	2136
2797	2140
2796	2144
2795	2147
2796	2151
2798	2156
2800	2160
2800	2163
2799	2167
2801	2171
2802	2175
2799	2179
2799	2183
2799	2186
2799	2190
2801	2194
2804	2199
2803	2203
2805	2207
2806	2211
2808	2215
2808	2219
2807	2223
2806	2226
2806	2230
2807	2234
2808	2239
2810	2243
2813	2247
2814	2252
2813	2255
2812	2259
2813	2263
2814	2267
2816	2271
2818	2276
2816	2279
2816	2283
2816	2287
2818	2291
2818	2295
2819	2300
2820	2304
2821	2308
2824	2313
2825	2317
2827	2321
2828	2325
2828	2329
2830	2334
2830	2338
2829	2341
2828	2345
2827	2349
2826	2353
2828	2357
2831	2362
2829	2365
2829	2369
2830	2374
2830	2378
2833	2382
2835	2387
2836	2391
2835	2395
2832	2398
2828	2401
2828	2405
2832	2410
2834	2415
2834	2419
2831	2422
2829	2426
2831	2430
2833	2435
2833	2439
2833	2443
2833	2447
2832	2451
2831	2454
2834	2459
2837	2464
2837	2468
2836	2472
2838	2477
2841	2481
2841	2485
2839	2489
2838	2493
2837	2497
2843	2503
2843	2507
2844	2511
2845	2515
2845	2520
2846	2524
2845	2528
2845	2532
2844	2536
2844	2540
2844	2544
2845	2549
2845	2553
2845	2557
2845	2561
2845	2565
2844	2569
2844	2573
2845	2578
2847	2582
2847	2587
2847	2591
2847	2595
2847	2599
2846	2603
2845	2607
2846	2611
2848	2616
2848	2620
2849	2625
2850	2629
2849	2633
2851	2638
2852	2643
2852	2647
2852	2651
2853	2656
2853	2660
2854	2664
2855	2669
2856	2674
2859	2679
2858	2683
2859	2687
2858	2692
2861	2697
2861	2701
2859	2705
2857	2708
2855	2712
2856	2717
2855	2720
2855	2725
2860	2731
2863	2736
2862	2740
2863	2745
2867	2751
2867	2755
2865	2759
2868	2764
2870	2769
2871	2774
2868	2777
2867	2781
2865	2785
2867	2790
2869	2795
2867	2799
2866	2803
2866	2807
2865	2811
2868	2817
2869	2822
2871	2827
2868	2830
2869	2835
2869	2839
2869	2844
2868	2848
2866	2851
2865	2855
2867	2861
2870	2866
2870	2871
2870	2875
2871	2880
2871	2885
2870	2888
2869	2893
2869	2897
2870	2902
2872	2907
2871	2911
2871	2916
2872	2921
2874	2926
2872	2930
2869	2933
2867	2937
2867	2941
2868	2946
2868	2951
2867	2955
2867	2960
2868	2965
2870	2970
2871	2975
2869	2979
2868	2983
2868	2987
2870	2993
2871	2998
2869	3002
2867	3006
2868	3011
2872	3017
2875	3023
2876	3028
2876	3033
2875	3037
2873	3041
2873	3045
2872	3050
2872	3054
2872	3059
2872	3063
2872	3068
2873	3074
2873	3078
2872	3082
2871	3086
2871	3092
2871	3096
2873	3102
2873	3107
2869	3110
2869	3114
2868	3119
2870	3124
2872	3130
2869	3133
2868	3137
2870	3143
2868	3147
2846	3141
2828	3137
2818	3136
2809	3137
2806	3140
2804	3143
2800	3146
2799	3150
2800	3155
2801	3161
2806	3168
2828	3184
2857	3204
2861	3211
2862	3216
2870	3226
2864	3227
2868	3234
2867	3239
2870	3245
2869	3249
2869	3254
2868	3259
2866	3263
2866	3268
2865	3272
2867	3278
2862	3281
2861	3285
2861	3290
2859	3294
2858	3298
2860	3304
2859	3309
2860	3314
2860	3319
2862	3325
2862	3331
2863	3336
2862	3341
2862	3345
2863	3351
2864	3357
2864	3362
2864	3367
2862	3371
2863	3376
2861	3381
2860	3385
2860	3390
2856	3393
2855	3397
2854	3402
2853	3407
2854	3413
2856	3419
2855	3423
2852	3427
2850	3431
2849	3435
2847	3439
2845	3443
2855	3454
2853	3459
2850	3462
2847	3465
2844	3469
2841	3472
2853	3485
2852	3489
2849	3493
2848	3498
2848	3503
2848	3508
2846	3512
2846	3518
2846	3522
2839	3524
2846	3533
2846	3539
2836	3538
2839	3545
2839	3550
2840	3556
2843	3564
2843	3569
2839	3572
2839	3577
2837	3581
2835	3585
2832	3589
2834	3596
2837	3603
2832	3606
2835	3613
2835	3618
2836	3624
2836	3630
2828	3630
2826	3634
2827	3640
2829	3647
2830	3654
2830	3659
2830	3665
2838	3676
2845	3686
2838	3687
2845	3697
2847	3704
2844	3708
2837	3709
2840	3717
2841	3723
2831	3721
2832	3727
2831	3733
2827	3735
2824	3739
2826	3747
2822	3749
2818	3752
2831	3767
2816	3762
2825	3774
2816	3773
2811	3775
2810	3781
2811	3787
2810	3792
2808	3796
2808	3802
2807	3807
2805	3812
2802	3815
2804	3823
2802	3826
2792	3825
2789	3829
2788	3833
2787	3839
2786	3844
2786	3850
2786	3856
2785	3861
2785	3867
2783	3871
2783	3877
2781	3882
2779	3886
2778	3891
2773	3893
2771	3898
2773	3905
2774	3912
2775	3919
2775	3925
2768	3925
2755	3921
2747	3920
2741	3922
2732	3921
2730	3925
2724	3926
2723	3931
2728	3941
2740	3957
2755	3976
2753	3980
2751	3984
2749	3989
2749	3995
2749	4002
2757	4014
2758	4021
2758	4027
2754	4030
2753	4036
2754	4043
2753	4049
2752	4053
2749	4058
2747	4062
2744	4066
2741	4069
2738	4073
2732	4075
2727	4077
2724	4080
2721	4085
2722	4091
2736	4110
2733	4114
2722	4110
2720	4115
2717	4119
2712	4121
2710	4126
2709	4131
2705	4135
2702	4138
2701	4144
2698	4148
2696	4152
2694	4157
2693	4162
2690	4167
2686	4170
2685	4175
2684	4181
2683	4186
2681	4191
2679	4196
2676	4200
2675	4206
2673	4210
2671	4215
2668	4219
2664	4222
2661	4225
2355	3952
2351	3955
2350	3959
2344	3960
2333	3955
2333	3961
2345	3979
2341	3981
2339	3985
2651	4297
2646	4299
2630	4290
2628	4295
2627	4301
2626	4307
2625	4313
2624	4319
2622	4324
2621	4330
2620	4336
2620	4343
2617	4346
2613	4350
2611	4354
2609	4360
2607	4365
2604	4368
2599	4370
2597	4375
2596	4381
2594	4387
2591	4391
2587	4394
2584	4397
2581	4402
2580	4408
2578	4413
2574	4416
2571	4420
2567	4423
2566	4429
2564	4434
2561	4439
2558	4443
2554	4445
2549	4447
2547	4452
2544	4456
2538	4458
2535	4462
2533	4467
2531	4472
2529	4477
2530	4485
2527	4490
2524	4494
2520	4497
2517	4501
2513	4503
2509	4507
2506	4511
2504	4516
2503	4523
2501	4528
2499	4533
2495	4536
2492	4540
2489	4545
2485	4548
2482	4552
2479	4556
2475	4559
2472	4564
2470	4568
2469	4575
2466	4579
2463	4583
2460	4588
2456	4591
2454	4596
2451	4601
2451	4608
2448	4612
2444	4615
2439	4617
2435	4621
2430	4622
2424	4623
2421	4627
2420	4634
2417	4638
2414	4642
2410	4646
2406	4649
2406	4656
2404	4662
2400	4665
2395	4667
2390	4669
2387	4673
2384	4677
2381	4682
2378	4686
2374	4690
2377	4701
2366	4695
2363	4699
2367	4713
2360	4712
2356	4716
2354	4720
2350	4724
2345	4726
2340	4728
2336	4732
2332	4734
2329	4739
2326	4743
2323	4747
2320	4752
2319	4758
2316	4763
2313	4768
2310	4772
2307	4776
2305	4782
2301	4786
2298	4790
2295	4794
2291	4797
2288	4803
2287	4809
2286	4817
2283	4821
2280	4826
2277	4830
2274	4835
2272	4840
2270	4846
2266	4850
2262	4853
2259	4857
2255	4861
2250	4862
2246	4865
2242	4869
2239	4874
2235	4878
2233	4883
2229	4887
2226	4891
2222	4895
2216	4895
2212	4898
2208	4902
2204	4904
2199	4906
2195	4909
2190	4912
2185	4913
2180	4916
2176	4919
2172	4921
2166	4923
2166	4931
2160	4931
2154	4932
2149	4934
2146	4938
2141	4940
2137	4943
2133	4947
2129	4950
2124	4952
2121	4956
2118	4961
2114	4964
2110	4967
2105	4970
2101	4973
2096	4974
2091	4976
2087	4980
2084	4984
2079	4986
2074	4988
2070	4991
2065	4993
2060	4996
2056	4998
2052	5002
2048	5005
2044	5008
2039	5009
2035	5013
2032	5018
2028	5022
2023	5024
2019	5027
2015	5029
2010	5031
2005	5034
2001	5037
1996	5038
1992	5041
1988	5045
1985	5049
1981	5053
1977	5056
1973	5060
1969	5063
1965	5067
1963	5074
1960	5078
1956	5081
1952	5086
1949	5090
1946	5095
1942	5098
1937	5101
1932	5102
1928	5105
1924	5109
1920	5112
1916	5115
1912	5119
1907	5121
1905	5128
1901	5131
1897	5135
1893	5139
1888	5140
1883	5141
1878	5143
1873	5145
1869	5148
1865	5151
1861	5155
1857	5159
1853	5162
1847	5162
1841	5163
1837	5165
1833	5169
1829	5172
1824	5175
1820	5178
1816	5181
1811	5183
1806	5185
1802	5188
1798	5191
1793	5194
1789	5197
1786	5202
1780	5203
1776	5205
1771	5207
1764	5206
1760	5209
1756	5213
1752	5217
1748	5219
1741	5218
1737	5221
1732	5223
1728	5226
1724	5230
1721	5235
1718	5240
1713	5243
1706	5240
1701	5242
1697	5245
1693	5249
1689	5253
1685	5256
1680	5258
1675	5260
1671	5263
1666	5265
1659	5263
1656	5267
1650	5268
1645	5268
1640	5271
1636	5275
1633	5279
1629	5284
1622	5281
1617	5282
1613	5286
1609	5290
1604	5293
1600	5295
1594	5296
1590	5299
1586	5302
1581	5304
1576	5306
1571	5307
1566	5308
1560	5308
1555	5311
1551	5315
1547	5318
1541	5317
1536	5319
1531	5319
1525	5319
1520	5322
1516	5325
1512	5328
1507	5329
1502	5331
1497	5333
1493	5336
1488	5338
1483	5341
1478	5341
1473	5342
1468	5345
1463	5346
1457	5345
1452	5347
1448	5351
1444	5353
1439	5355
1434	5358
1430	5362
1426	5364
1421	5367
1416	5368
1411	5370
1408	5375
1404	5380
1399	5381
1394	5383
1388	5381
1382	5381
1377	5382
1372	5384
1367	5385
1364	5391
1358	5391
1353	5392
1348	5393
1343	5396
1340	5401
1337	5408
1328	5399
1324	5403
1320	5407
1315	5409
1310	5410
1305	5411
1301	5415
1296	5417
1290	5418
1286	5419
1281	5422
1276	5423
1271	5425
1266	5427
1262	5430
1257	5433
1252	5434
1246	5433
1241	5433
1236	5434
1231	5437
1227	5440
1222	5441
1217	5443
1212	5445
1207	5447
1202	5447
1197	5448
1192	5451
1187	5453
1183	5456
1178	5459
1174	5462
1169	5465
1164	5466
1159	5468
1155	5470
1150	5474
1146	5476
1141	5478
1137	5482
1133	5487
1128	5489
1122	5489
1117	5489
1112	5490
1107	5494
1102	5495
1098	5498
1093	5501
1088	5502
1082	5499
1078	5505
1072	5504
1067	5505
1062	5507
1058	5510
1053	5511
1048	5514
1043	5516
1039	5519
1033	5519
1030	5527
1025	5528
1018	5521
1013	5526
1009	5529
1004	5530
999	5532
993	5528
987	5527
982	5529
977	5531
971	5529
966	5530
961	5532
956	5533
951	5535
946	5537
941	5539
936	5538
931	5539
926	5540
921	5544
915	5539
909	5539
904	5541
900	5543
895	5546
890	5548
885	5551
880	5551
874	5550
870	5553
865	5554
859	5553
854	5552
848	5553
843	5554
838	5555
834	5559
828	5559
823	5560
818	5561
813	5562
808	5564
803	5564
797	5560
792	5562
787	5566
782	5567
778	5570
772	5571
767	5572
763	5576
758	5579
754	5585
749	5588
744	5589
739	5590
734	5592
730	5595
725	5598
720	5601
715	5602
710	5604
704	5600
699	5600
693	5597
688	5600
683	5603
679	5606
673	5607
668	5607
663	5608
658	5612
653	5612
648	5611
642	5611
637	5613
632	5614
627	5614
622	5613
616	5613
611	5614
606	5616
601	5619
597	5623
592	5626
587	5627
582	5628
577	5630
571	5629
566	5629
560	5628
555	5626
550	5626
545	5628
540	5630
535	5633
530	5634
525	5636
520	5637
515	5639
509	5640
504	5641
499	5643
494	5645
490	5649
485	5653
480	5656
475	5655
469	5654
464	5654
459	5655
453	5655
448	5658
443	5659
438	5660
433	5663
428	5664
423	5666
418	5667
413	5667
407	5668
402	5670
397	5670
392	5672
387	5673
382	5678
377	5679
372	5678
366	5676
361	5675
356	5677
350	5675
345	5676
339	5673
334	5668
328	5669
323	5669
318	5669
312	5666
307	5665
303	5677
298	5677
291	5666
286	5670
282	5674
277	5677
271	5679
266	5678
261	5679
256	5679
251	5680
245	5682
240	5684
235	5686
230	5687
225	5689
220	5691
214	5690
209	5686
204	5686
198	5687
193	5689
188	5688
183	5688
177	5688
172	5688
167	5688
162	5689
157	5692
152	5697
146	5697
141	5698
136	5697
131	5696
125	5698
120	5699
115	5700
110	5701
104	5701
99	5701
94	5703
89	5702
83	5703
78	5701
73	5699
68	5699
62	5696
32	5026
28	5027
24	5028
19	5027
15	5023
10	5022
6	5023
2	5024
-3	5022
-7	5014
-12	5006
-16	5001
-20	4999
-25	5000
-29	5000
-33	5000
-38	5004
-42	5008
-46	5011
-51	5017
-55	5025
-59	5026
-64	5025
-68	5024
-72	5026
-77	5029
-81	5029
-100	5687
-106	5687
-111	5686
-116	5685
-121	5685
-127	5685
-132	5686
-137	5686
-142	5685
-147	5683
-153	5683
-158	5685
-163	5686
-168	5684
-174	5684
-179	5683
-184	5683
-189	5683
-194	5680
-200	5676
-205	5675
-210	5674
-215	5674
-220	5675
-226	5674
-231	5673
-236	5671
-241	5669
-246	5667
-251	5664
-257	5663
-262	5663
-267	5662
-272	5660
-277	5660
-283	5662
-288	5662
-293	5662
-298	5661
-303	5658
-308	5654
-313	5651
-318	5650
-323	5648
-329	5649
-334	5648
-339	5648
-344	5649
-350	5649
-355	5650
-360	5649
-365	5647
-370	5646
-375	5645
-380	5643
-385	5641
-391	5640
-396	5639
-401	5639
-406	5639
-411	5638
-416	5635
-421	5633
-426	5630
-431	5630
-436	5629
-442	5628
-447	5626
-452	5625
-457	5623
-462	5620
-467	5618
-472	5618
-477	5618
-482	5618
-487	5617
-492	5614
-497	5613
-502	5611
-507	5611
-513	5610
-518	5610
-523	5611
-528	5610
-533	5610
-538	5606
-543	5604
-548	5601
-553	5598
-558	5596
-563	5596
-568	5596
-573	5597
-578	5594
-583	5592
-588	5592
-594	5592
-599	5592
-604	5590
-608	5587
-614	5587
-619	5586
-624	5586
-629	5584
-634	5580
-638	5578
-644	5578
-649	5577
-654	5577
-659	5574
-663	5572
-669	5572
-674	5573
-679	5572
-684	5571
-689	5571
-695	5574
-700	5571
-705	5569
-710	5567
-715	5566
-720	5568
-726	5569
-731	5570
-736	5568
-741	5566
-746	5565
-751	5564
-756	5563
-761	5564
-766	5563
-772	5563
-777	5563
-782	5563
-787	5562
-792	5560
-797	5558
-802	5556
-807	5555
-812	5554
-817	5553
-822	5551
-827	5552
-833	5555
-838	5553
-843	5551
-848	5551
-853	5550
-858	5547
-863	5547
-868	5546
-873	5545
-878	5544
-884	5546
-889	5544
-894	5543
-899	5542
-904	5540
-909	5539
-914	5538
-919	5537
-924	5537
-930	5538
-934	5533
-938	5527
-943	5525
-948	5523
-953	5521
-958	5520
-962	5518
-968	5518
-972	5515
-977	5512
-981	5509
-986	5507
-991	5506
-996	5504
-1001	5501
-1005	5499
-1010	5497
-1015	5494
-1020	5493
-1025	5492
-1030	5490
-1035	5489
-1040	5487
-1045	5488
-1051	5489
-1056	5487
-1061	5486
-1067	5489
-1071	5487
-1076	5484
-1080	5481
-1085	5478
-1090	5476
-1095	5477
-1101	5477
-1106	5477
-1111	5475
-1115	5472
-1120	5471
-1126	5471
-1131	5469
-1135	5468
-1140	5466
-1145	5465
-1150	5463
-1155	5461
-1160	5460
-1165	5458
-1170	5456
-1174	5454
-1179	5453
-1184	5451
-1189	5449
-1193	5445
-1198	5442
-1203	5441
-1208	5440
-1213	5440
-1217	5435
-1220	5428
-1224	5424
-1229	5421
-1233	5419
-1238	5416
-1242	5413
-1247	5410
-1252	5410
-1257	5409
-1262	5407
-1266	5403
-1270	5400
-1275	5398
-1281	5399
-1286	5399
-1291	5397
-1296	5395
-1301	5394
-1305	5391
-1310	5389
-1315	5388
-1320	5387
-1324	5385
-1329	5382
-1334	5381
-1339	5381
-1344	5379
-1348	5375
-1352	5371
-1357	5370
-1362	5369
-1368	5369
-1373	5369
-1378	5367
-1382	5364
-1387	5361
-1391	5357
-1395	5354
-1399	5350
-1403	5347
-1408	5345
-1412	5342
-1417	5341
-1422	5338
-1426	5336
-1431	5333
-1435	5330
-1440	5328
-1444	5326
-1448	5321
-1453	5319
-1459	5320
-1464	5319
-1467	5315
-1472	5314
-1477	5311
-1480	5306
-1485	5304
-1491	5304
-1496	5304
-1500	5301
-1505	5299
-1510	5298
-1515	5296
-1519	5293
-1525	5293
-1531	5296
-1537	5296
-1541	5293
-1545	5289
-1550	5287
-1554	5285
-1559	5283
-1563	5280
-1568	5278
-1573	5276
-1577	5274
-1582	5272
-1588	5272
-1593	5271
-1597	5269
-1602	5267
-1606	5264
-1611	5261
-1615	5257
-1619	5255
-1623	5252
-1627	5247
-1631	5244
-1635	5242
-1641	5241
-1644	5237
-1649	5235
-1653	5231
-1655	5223
-1659	5219
-1663	5217
-1668	5216
-1673	5213
-1675	5206
-1679	5202
-1684	5200
-1688	5197
-1691	5193
-1695	5188
-1697	5182
-1701	5177
-1704	5173
-1708	5170
-1712	5166
-1716	5163
-1720	5159
-1724	5157
-1729	5155
-1735	5156
-1741	5156
-1745	5153
-1750	5151
-1755	5151
-1760	5149
-1765	5148
-1770	5146
-1774	5143
-1778	5141
-1784	5140
-1788	5137
-1792	5135
-1797	5133
-1802	5132
-1807	5131
-1811	5127
-1814	5122
-1818	5119
-1823	5117
-1826	5113
-1830	5110
-1834	5106
-1839	5103
-1843	5100
-1847	5097
-1851	5094
-1854	5089
-1858	5086
-1862	5082
-1865	5078
-1869	5075
-1871	5068
-1874	5063
-1878	5059
-1882	5057
-1888	5057
-1892	5054
-1896	5051
-1899	5046
-1902	5041
-1905	5037
-1909	5034
-1913	5029
-1916	5025
-1920	5021
-1924	5019
-1928	5016
-1933	5014
-1937	5010
-1940	5007
-1945	5005
-1949	5001
-1952	4997
-1956	4994
-1960	4991
-1964	4988
-1967	4984
-1971	4979
-1974	4975
-1978	4973
-1982	4970
-1986	4966
-1990	4963
-1993	4959
-1997	4956
-2001	4952
-2005	4950
-2009	4947
-2014	4946
-2018	4943
-2022	4939
-2025	4935
-2030	4933
-2033	4929
-2037	4925
-2041	4922
-2044	4918
-2048	4916
-2052	4913
-2056	4910
-2060	4907
-2064	4903
-2069	4902
-2072	4897
-2075	4893
-2079	4890
-2083	4888
-2088	4886
-2092	4883
-2097	4881
-2101	4879
-2102	4870
-2105	4867
-2111	4866
-2116	4865
-2120	4862
-2124	4859
-2127	4855
-2131	4852
-2135	4849
-2139	4845
-2142	4842
-2146	4838
-2149	4835
-2153	4831
-2156	4827
-2159	4822
-2161	4817
-2164	4812
-2167	4808
-2172	4807
-2178	4806
-2181	4801
-2184	4797
-2188	4794
-2193	4793
-2197	4791
-2201	4788
-2204	4784
-2207	4779
-2210	4775
-2214	4771
-2217	4767
-2220	4763
-2223	4760
-2225	4754
-2229	4751
-2233	4747
-2237	4744
-2241	4742
-2245	4739
-2249	4736
-2252	4732
-2255	4728
-2258	4724
-2260	4719
-2264	4715
-2268	4712
-2271	4707
-2274	4704
-2277	4700
-2281	4696
-2285	4693
-2289	4691
-2293	4688
-2296	4685
-2299	4680
-2302	4676
-2306	4673
-2310	4670
-2312	4665
-2316	4662
-2321	4661
-2325	4657
-2328	4653
-2331	4649
-2334	4646
-2339	4644
-2343	4642
-2347	4638
-2350	4635
-2354	4631
-2358	4628
-2361	4624
-2364	4620
-2368	4617
-2371	4614
-2374	4609
-2377	4605
-2380	4601
-2383	4598
-2386	4593
-2388	4588
-2390	4583
-2393	4579
-2396	4574
-2399	4570
-2401	4565
-2404	4561
-2407	4558
-2411	4555
-2415	4551
-2419	4548
-2421	4544
-2425	4541
-2428	4537
-2429	4531
-2432	4527
-2435	4523
-2437	4517
-2440	4514
-2444	4510
-2445	4505
-2447	4500
-2451	4497
-2455	4494
-2458	4490
-2461	4486
-2464	4482
-2467	4479
-2470	4475
-2473	4470
-2476	4466
-2479	4462
-2479	4455
-2482	4451
-2487	4450
-2492	4448
-2494	4443
-2496	4438
-2499	4434
-2501	4429
-2502	4424
-2505	4420
-2508	4415
-2511	4411
-2515	4409
-2518	4406
-2521	4402
-2524	4398
-2527	4394
-2530	4390
-2533	4387
-2536	4383
-2539	4379
-2541	4374
-2544	4370
-2548	4367
-2550	4363
-2554	4359
-2558	4357
-2561	4353
-2563	4348
-2566	4344
-2570	4342
-2572	4337
-2576	4334
-2579	4330
-2582	4326
-2583	4321
-2585	4316
-2588	4312
-2591	4308
-2591	4302
-2593	4296
-2595	4292
-2599	4290
-2604	4287
-2606	4283
-2608	4278
-2609	4272
-2612	4269
-2616	4265
-2618	4261
-2620	4257
-2621	4250
-2623	4246
-2627	4243
-2630	4240
-2633	4236
-2636	4232
-2637	4227
-2638	4221
-2637	4213
-2638	4208
-2643	4206
-2648	4204
-2651	4201
-2653	4196
-2655	4191
-2656	4186
-2658	4181
-2660	4176
-2662	4172
-2663	4166
-2666	4163
-2671	4161
-2673	4157
-2675	4152
-2677	4147
-2679	4142
-2682	4139
-2684	4135
-2687	4130
-2690	4127
-2692	4123
-2696	4119
-2698	4115
-2700	4111
-2702	4106
-2705	4102
-2705	4096
-2703	4089
-2705	4084
-2709	4081
-2713	4078
-2716	4075
-2719	4071
-2722	4068
-2725	4064
-2728	4061
-2730	4056
-2730	4050
-2730	4043
-2731	4038
-2733	4033
-2734	4028
-2733	4021
-2735	4017
-2737	4013
-2740	4009
-2744	4007
-2746	4002
-2746	3996
-2746	3990
-2750	3987
-2753	3983
-2752	3977
-2755	3973
-2756	3968
-2755	3961
-2753	3953
-2756	3950
-2758	3946
-2759	3940
-2760	3935
-2762	3931
-2765	3928
-2768	3924
-2770	3919
-2765	3909
-2768	3906
-2772	3903
-2774	3899
-2775	3894
-2776	3889
-2779	3886
-2780	3881
-2781	3875
-2782	3870
-2784	3866
-2782	3859
-2784	3854
-2785	3849
-2787	3845
-2788	3840
-2786	3833
-2786	3827
-2786	3821
-2791	3819
-2795	3817
-2797	3813
-2799	3809
-2799	3803
-2801	3798
-2800	3792
-2800	3786
-2801	3781
-2805	3779
-2805	3773
-2805	3768
-2806	3762
-2806	3757
-2809	3753
-2811	3749
-2812	3744
-2816	3742
-2816	3737
-2807	3724
-2809	3720
-2811	3716
-2821	3717
-2830	3719
-2819	3705
-2821	3701
-2818	3693
-2820	3689
-2820	3684
-2822	3680
-2825	3676
-2818	3666
-2820	3662
-2822	3658
-2828	3657
-2822	3647
-2825	3644
-2830	3641
-2831	3637
-2832	3632
-2834	3628
-2832	3622
-2835	3618
-2833	3612
-2835	3607
-2841	3606
-2843	3602
-2836	3592
-2844	3592
-2845	3588
-2848	3584
-2842	3575
-2842	3569
-2843	3565
-2846	3562
-2849	3558
-2849	3553
-2852	3550
-2855	3546
-2855	3541
-2856	3537
-2855	3531
-2857	3527
-2858	3522
-2859	3517
-2860	3513
-2862	3509
-2862	3504
-2861	3498
-2861	3493
-2863	3489
-2861	3482
-2853	3472
-2837	3457
-2816	3438
-2805	3426
-2806	3422
-2809	3419
-2812	3416
-2819	3415
-2826	3414
-2832	3413
-2841	3413
-2849	3413
-2860	3415
-2872	3418
-2879	3417
-2879	3412
-2880	3407
-2881	3403
-2883	3399
-2890	3398
-2892	3395
-2893	3390
-2890	3383
-2889	3378
-2892	3374
-2893	3370
-2892	3364
-2891	3359
-2892	3354
-2888	3347
-2887	3341
-2888	3337
-2889	3333
-2887	3327
-2887	3322
-2890	3318
-2890	3313
-2890	3309
-2891	3304
-2891	3299
-2892	3295
-2893	3290
-2894	3286
-2893	3281
-2891	3275
-2892	3271
-2894	3267
-2893	3261
-2892	3256
-2893	3252
-2894	3247
-2895	3243
-2895	3239
-2896	3234
-2898	3231
-2894	3224
-2897	3220
-2896	3215
-2897	3211
-2893	3204
-2894	3199
-2895	3195
-2894	3190
-2894	3185
-2895	3181
-2895	3176
-2895	3172
-2895	3167
-2895	3162
-2896	3158
-2897	3154
-2894	3147
-2891	3141
-2892	3137
-2894	3134
-2895	3129
-2896	3125
-2897	3121
-2897	3117
-2898	3112
-2898	3108
-2899	3104
-2900	3099
-2899	3094
-2897	3088
-2896	3083
-2897	3079
-2901	3077
-2900	3071
-2899	3066
-2902	3064
-2904	3060
-2901	3054
-2902	3050
-2899	3043
-2896	3038
-2894	3032
-2892	3027
-2895	3023
-2896	3019
-2895	3014
-2894	3009
-2893	3004
-2893	3000
-2892	2995
-2883	2987
-2886	2983
-2889	2980
-2889	2976
-2888	2971
-2889	2967
-2887	2962
-2886	2957
-2886	2952
-2888	2948
-2888	2944
-2890	2941
-2886	2934
-2885	2930
-2882	2924
-2883	2920
-2882	2915
-2881	2910
-2882	2906
-2882	2902
-2880	2897
-2876	2890
-2876	2886
-2878	2883
-2877	2878
-2877	2873
-2876	2869
-2875	2864
-2873	2859
-2869	2853
-2869	2849
-2870	2845
-2871	2841
-2869	2836
-2867	2831
-2868	2827
-2869	2823
-2869	2819
-2869	2814
-2868	2810
-2861	2803
-2860	2798
-2861	2794
-2862	2790
-2860	2785
-2860	2781
-2861	2777
-2861	2773
-2860	2768
-2860	2764
-2860	2760
-2856	2755
-2860	2752
-2858	2747
-2860	2743
-2859	2739
-2858	2734
-2857	2730
-2857	2725
-2853	2720
-2850	2715
-2850	2710
-2850	2706
-2849	2702
-2848	2697
-2847	2693
-2847	2689
-2846	2684
-2842	2679
-2844	2675
-2842	2670
-2837	2665
-2839	2661
-2835	2656
-2837	2653
-2838	2649
-2834	2643
-2831	2638
-2830	2634
-2830	2630
-2828	2625
-2829	2621
-2825	2616
-2825	2612
-2826	2608
-2829	2605
-2829	2601
-2823	2595
-2821	2591
-2820	2586
-2820	2582
-2818	2578
-2816	2573
-2814	2568
-2813	2564
-2812	2560
-2808	2554
-2809	2551
-2810	2547
-2808	2543
-2805	2538
-2802	2533
-2805	2530
-2805	2526
-2804	2522
-2797	2516
-2794	2511
-2794	2507
-2799	2505
-2797	2500
-2798	2497
-2797	2493
-2796	2488
-2787	2482
-2789	2478
-2787	2474
-2785	2470
-2784	2466
-2786	2462
-2789	2459
-2776	2452
-2773	2447
-2770	2442
-2771	2439
-2770	2435
-2770	2431
-2769	2427
-2768	2423
-2766	2418
-2766	2415
-2766	2411
-2764	2407
-2762	2402
-2763	2399
-2764	2395
-2761	2391
-2761	2387
-2759	2383
-2757	2378
-2756	2374
-2758	2371
-2757	2367
-2755	2363
-2755	2359
-2756	2355
-2756	2352
-2753	2347
-2749	2342
-2749	2339
-2750	2335
-2747	2331
-2746	2327
-2743	2323
-2744	2319
-2747	2316
-2746	2312
-2746	2308
-2741	2304
-2739	2299
-2739	2296
-2740	2292
-2740	2289
-2740	2285
-2741	2282
-2740	2278
-2736	2273
-2736	2269
-2735	2265
-2736	2262
-2736	2258
-2735	2254
-2735	2251
-2734	2247
-2733	2243
-2733	2239
-2733	2236
-2732	2232
-2730	2228
-2730	2224
-2731	2221
-2729	2217
-2728	2213
-2728	2209
-2726	2205
-2725	2202
-2725	2198
-2724	2194
-2722	2190
-2722	2187
-2720	2183
-2719	2179
-2719	2175
-2720	2172
-2720	2168
-2720	2165
-2718	2161
-2716	2157
-2716	2153
-2716	2149
-2716	2146
-2715	2142
-2712	2138
-2710	2134
-2708	2130
-2706	2127
-2707	2123
-2707	2120
-2707	2116
-2708	2113
-2710	2109
-2708	2105
-2707	2102
-2706	2098
-2704	2094
-2705	2091
-2706	2088
-2706	2084
-2704	2080
-2702	2076
-2702	2073
-2701	2069
-2701	2065
-2701	2062
-2700	2058
-2698	2055
-2697	2051
-2696	2047
-2697	2044
-2697	2040
-2697	2037
-2696	2033
-2694	2030
-2694	2026
-2693	2022
-2692	2019
-2690	2015
-2691	2012
-2693	2008
-2692	2005
-2691	2001
-2690	1998
-2690	1994
-2688	1990
-2689	1987
-2686	1983
-2684	1979
-2684	1976
-2683	1972
-2682	1969
-2683	1965
-2683	1962
-2683	1958
-2682	1955
-2679	1951
-2679	1948
-2676	1944
-2675	1940
-2676	1937
-2676	1934
-2673	1930
-2673	1926
-2672	1923
-2672	1919
-2673	1916
-2670	1912
-2668	1909
-2668	1905
-2669	1902
-2668	1898
-2668	1895
-2668	1892
-2667	1888
-2664	1884
-2662	1881
-2663	1878
-2662	1874
-2660	1871
-2658	1867
-2657	1863
-2657	1860
-2656	1857
-2655	1853
-2656	1850
-2657	1846
-2658	1843
-2656	1840
-2655	1836
-2656	1833
-2655	1829
-2655	1826
-2653	1822
-2651	1819
-2650	1815
-2650	1812
-2649	1809
-2649	1805
-2649	1802
-2647	1798
-2646	1795
-2646	1791
-2645	1788
-2642	1785
-2643	1781
-2642	1778
-2639	1774
-2638	1771
-2638	1768
-2638	1764
-2639	1761
-2638	1757
-2637	1754
-2637	1751
-2637	1747
-2637	1744
-2633	1740
-2633	1737
-2631	1734
-2630	1730
-2629	1727
-2629	1724
-2629	1720
-2627	1717
-2626	1714
-2626	1710
-2625	1707
-2624	1703
-2624	1700
-2623	1697
-2621	1693
-2620	1690
-2619	1687
-2619	1683
-2618	1680
-2616	1677
-2615	1673
-2615	1670
-2615	1667
-2615	1663
-2614	1660
-2614	1657
-2613	1653
-2612	1650
-2610	1647
-2609	1643
-2609	1640
-2609	1637
-2607	1633
-2607	1630
-2607	1627
-2607	1623
-2606	1620
-2602	1617
-2602	1614
-2601	1610
-2601	1607
-2600	1604
-2600	1600
-2599	1597
-2598	1594
-2597	1590
-2596	1587
-2595	1584
-2593	1581
-2592	1577
-2591	1574
-2591	1571
-2590	1568
-2589	1564
-2587	1561
-2585	1558
-2584	1555
-2584	1551
-2583	1548
-2581	1545
-2580	1542
-2580	1538
-2576	1535
-2576	1532
-2576	1529
-2573	1525
-2571	1522
-2570	1519
-2570	1516
-2568	1513
-2566	1509
-2566	1506
-2565	1503
-2564	1500
-2563	1497
-2563	1493
-2562	1490
-2560	1487
-2558	1484
-2558	1480
-2556	1477
-2556	1474
-2554	1471
-2551	1468
-2549	1465
-2547	1462
-2547	1458
-2546	1455
-2545	1452
-2544	1449
-2543	1446
-2542	1443
-2539	1440
-2540	1436
-2539	1433
-2538	1430
-2537	1427
-2537	1423
-2534	1420
-2533	1417
-2533	1414
-2531	1411
-2530	1408
-2529	1405
-2527	1402
-2527	1398
-2525	1395
-2524	1392
-2523	1389
-2520	1386
-2520	1383
-2519	1380
-2516	1377
-2516	1374
-2514	1371
-2514	1367
-2512	1364
-2510	1361
-2510	1358
-2509	1355
-2509	1352
-2507	1349
-2506	1346
-2504	1343
-2503	1339
-2503	1336
-2501	1333
-2501	1330
-2499	1327
-2498	1324
-2497	1321
-2496	1318
-2494	1315
-2494	1312
-2492	1309
-2491	1305
-2489	1302
-2489	1299
-2488	1296
-2488	1293
-2486	1290
-2483	1287
-2483	1284
-2484	1281
-2482	1278
-2481	1275
-2480	1271
-2480	1268
-2478	1265
-2475	1263
-2474	1259
-2473	1256
-2474	1253
-2470	1250
-2471	1247
-2470	1244
-2467	1241
-2465	1238
-2464	1235
-2464	1232
-2463	1229
-2462	1226
-2459	1223
-2457	1220
-2457	1217
-2458	1214
-2458	1210
-2456	1208
-2455	1205
-2452	1202
-2451	1199
-2451	1196
-2449	1193
-2447	1190
-2447	1187
-2446	1184
-2445	1180
-2445	1177
-2443	1174
-2441	1171
-2440	1169
-2440	1165
-2438	1162
-2437	1159
-2435	1157
-2435	1153
-2435	1150
-2434	1147
-2432	1144
-2431	1141
-2430	1138
-2428	1135
-2426	1133
-2424	1130
-2422	1127
-2422	1124
-2423	1120
-2423	1117
-2420	1114
-2420	1111
-2419	1108
-2417	1105
-2416	1102
-2415	1099
-2414	1096
-2413	1093
-2411	1090
-2410	1087
-2410	1084
-2410	1081
-2407	1078
-2406	1075
-2404	1073
-2404	1070
-2402	1067
-2400	1064
-2400	1061
-2399	1058
-2399	1054
-2398	1051
-2397	1048
-2396	1045
-2395	1042
-2393	1039
-2393	1036
-2390	1034
-2389	1031
-2388	1028
-2386	1025
-2385	1022
-2384	1019
-2384	1016
-2383	1013
-2381	1010
-2380	1007
-2380	1004
-2379	1001
-2376	998
-2375	995
-2375	992
-2374	989
-2373	986
-2372	983
-2371	980
-2371	977
-2369	974
-2368	971
-2368	968
-2367	965
-2365	962
-2362	960
-2361	957
-2361	953
-2361	950
-2360	947
-2359	944
-2359	941
-2356	939
-2354	936
-2353	933
-2352	930
-2352	927
-2351	924
-2350	921
-2349	918
-2348	915
-2346	912
-2345	909
-2345	906
-2342	903
-2341	900
-2341	897
-2341	894
-2339	891
-2337	888
-2337	885
-2336	882
-2335	879
-2334	876
-2332	873
-2331	870
-2331	867
-2329	864
-2329	861
-2326	859
-2324	856
-2324	853
-2323	850
-2322	847
-2321	844
-2321	840
-2319	838
-2318	835
-2318	831
-2317	829
-2317	825
-2314	823
-2313	820
-2311	817
-2310	814
-2310	811
-2309	808
-2309	805
-2307	802
-2305	799
-2306	795
-2304	793
-2302	790
-2302	787
-2301	784
-2299	781
-2299	778
-2296	776
-2295	773
-2294	769
-2293	767
-2292	764
-2292	760
-2291	757
-2289	755
-2290	751
-2289	748
-2287	745
-2286	742
-2284	740
-2283	737
-2281	734
-2279	731
-2278	728
-2278	725
-2277	722
-2275	719
-2275	716
-2275	713
-2274	709
-2273	706
-2272	704
-2270	701
-2269	698
-2268	695
-2266	692
-2265	689
-2263	687
-2262	684
-2260	681
-2261	677
-2259	674
-2258	671
-2257	669
-2255	666
-2257	662
-2255	659
-2254	656
-2253	653
-2251	650
-2251	647
-2250	644
-2248	641
-2246	639
-2245	636
-2243	633
-2242	630
-2241	627
-2241	624
-2241	620
-2240	617
-2239	614
-2237	611
-2237	608
-2235	605
-2234	602
-2232	599
-2232	596
-2231	593
-2231	590
-2228	587
-2227	584
-2226	581
-2226	578
-2224	575
-2223	572
-2221	569
-2221	566
-2221	562
-2220	559
-2218	557
-2215	555
-2214	552
-2213	549
-2211	546
-2211	543
-2211	539
-2210	536
-2208	533
-2207	530
-2205	528
-2205	524
-2204	521
-2202	518
-2202	515
-2202	511
-2200	508
-2198	506
-2197	503
-2196	500
-2195	497
-2194	493
-2194	490
-2191	488
-2190	485
-2191	481
-2190	478
-2188	475
-2187	472
-2186	469
-2185	465
-2183	463
-2179	461
-2177	459
-2176	456
-2175	453
-2174	450
-2171	448
-2171	444
-2171	441
-2170	437
-2171	433
-2170	430
-2169	426
-2169	423
-2168	420
-2163	419
-2159	418
-2158	415
-2157	412
-2157	408
-2159	402
-2159	399
-2158	396
-2157	393
-2155	390
-2154	387
-2153	383
-2151	381
-2149	378
-2149	375
-2147	372
-2143	371
-2143	367
-2141	365
-2140	362
-2139	358
-2138	355
-2136	352
-2136	348
-2136	345
-2136	341
-2136	337
-2135	334
-2135	330
-2133	327
-2130	325
-2129	322
-2127	320
-2125	317
-2126	313
-2125	309
-2124	306
-2124	302
-2120	301
-2118	299
-2119	294
-2118	290
-2115	289
-2113	286
-2114	281
-2114	277
-2112	275
-2111	272
-2107	271
-2105	268
-2105	264
-2103	261
-2103	258
-2103	253
-2102	250
-2101	247
-2102	242
-2100	240
-2097	238
-2096	234
-2095	231
-2095	227
-2094	224
-2092	221
-2092	217
-2090	214
-2089	211
-2087	208
-2084	206
-2082	204
-2080	201
-2081	197
-2080	193
-2078	191
-2077	187
-2076	184
-2075	180
-2074	177
-2074	173
-2072	170
-2071	167
-2070	164
-2067	162
-2065	159
-2064	156
-2060	154
-2062	149
-2062	145
-2058	144
-2056	141
-2056	137
-2053	135
-2051	133
-2051	128
-2049	125
-2043	127
-2038	126
-2035	125
-2026	127
-2021	127
-2019	124
-2025	115
-2018	117
-2012	117
-2009	115
-2008	112
-2006	110
-2005	106
-2006	101
-2004	98
-2004	94
-2003	91
-2002	87
-2001	84
-1998	82
-1992	83
-1990	80
-1987	79
-1986	75
-1987	70
-1989	64
-1986	62
-1982	61
-1979	60
-1977	57
-1975	54
-1974	51
-1972	48
-1971	45
-1971	40
-1971	36
-1969	33
-1969	29
-1967	26
-1966	23
-1965	19
-1964	16
-1963	12
-1961	10
-1959	7
-1958	3
-1956	1
-1953	-1
-1952	-5
-1952	-9
-1952	-14
-1950	-17
-1949	-20
-1949	-24
-1948	-28
-1947	-31
-1947	-36
-1945	-39
-1944	-42
-1941	-45
-1939	-47
-1937	-50
-1935	-53
-1934	-56
-1933	-59
-1933	-64
-1932	-68
-1932	-72
-1930	-75
-1928	-78
-1927	-82
-1925	-85
-1924	-88
-1923	-92
-1921	-95
-1923	-101
-1921	-104
-1920	-108
-1919	-112
-1918	-115
-1916	-118
-1914	-121
-1914	-125
-1914	-130
-1911	-132
-1910	-135
-1909	-139
-1907	-142
-1906	-146
-1906	-151
-1903	-152
-1900	-154
-1897	-157
-1897	-161
-1895	-164
-1891	-165
-1886	-165
-1884	-168
-1881	-170
-1875	-168
-1869	-166
-1866	-168
-1866	-173
-1868	-180
-1862	-179
-1859	-180
-1852	-178
-1844	-175
-1835	-170
-1828	-168
-1824	-168
-1819	-167
-1814	-168
-1810	-168
-1807	-170
-1804	-172
-1800	-172
-1793	-170
-1784	-164
-1775	-160
-1770	-159
-1767	-161
-1765	-163
-1762	-165
-1757	-165
-1751	-163
-1746	-162
-1744	-165
-1743	-169
-1746	-176
-1746	-182
-1743	-184
-1740	-185
-1738	-187
-1713	-165
-1701	-156
-1695	-154
-1692	-156
-1690	-158
-1688	-161
-1686	-164
-1682	-164
-1671	-156
-1666	-155
-1672	-167
-1668	-167
-1664	-167
-1659	-166
-1656	-168
-1652	-168
-1649	-169
-1647	-172
-1643	-173
-1633	-166
-1626	-162
-1622	-162
-1616	-160
-1599	-145
-1592	-141
-1588	-142
-1586	-144
-1603	-170
-1581	-148
-1578	-149
-1575	-150
-1572	-151
-1568	-151
-1557	-142
-1552	-142
-1551	-145
-1549	-148
-1536	-136
-1531	-136
-1499	-139
-1498	-143
-1486	-142
-1475	-138
-1473	-140
-1466	-136
-1462	-136
-1458	-136
-1454	-135
-1450	-135
-1446	-135
-1443	-136
-1443	-140
-1449	-153
-1448	-157
-1447	-161
-1445	-163
-1428	-150
-1428	-156
-1430	-163
-1430	-168
-1430	-173
-1430	-179
-1426	-178
-1418	-172
-1391	-141
-1390	-143
-1387	-144
-1392	-157
-1390	-159
-1381	-151
-1378	-153
-1376	-155
-1374	-157
-1368	-154
-1358	-145
-1350	-139
-1348	-140
-1346	-144
-1342	-143
-1338	-142
-1335	-142
-1332	-143
-1330	-145
-1328	-148
-1326	-149
-1323	-151
-1321	-153
-1316	-151
-1313	-151
-1310	-153
-1305	-150
-1302	-151
-1299	-152
-1296	-153
-1291	-151
-1287	-149
-1284	-151
-1283	-153
-1281	-156
-1278	-157
-1275	-157
-1274	-161
-1274	-166
-1276	-175
-1273	-175
-1269	-174
-1265	-174
-1263	-176
-1259	-176
-1256	-176
-1253	-176
-1249	-176
-1247	-178
-1244	-178
-1240	-177
-1236	-177
-1233	-177
-1229	-176
-1226	-177
-1222	-176
-1218	-175
-1210	-168
-1206	-166
-1208	-176
-1205	-175
-1200	-174
-1197	-173
-1192	-171
-1190	-173
-1187	-174
-1185	-176
-1182	-177
-1178	-175
-1175	-176
-1171	-175
-1167	-174
-1164	-174
-1161	-174
-1155	-169
-1152	-170
-1150	-173
-1147	-174
-1146	-177
-1142	-175
-1137	-173
-1135	-174
-1132	-175
-1129	-175
-1125	-175
-1118	-168
-1117	-171
-1117	-176
-1114	-178
-1111	-178
-1107	-177
-1104	-177
-1101	-177
-1098	-178
-1095	-177
-1092	-178
-1088	-176
-1085	-178
-1082	-178
-1078	-176
-1076	-177
-1072	-177
-1069	-176
-1065	-176
-1062	-175
-1060	-178
-1057	-178
-1055	-179
-1052	-180
-1049	-181
-1046	-180
-1027	-151
-1025	-153
-1023	-154
-1021	-156
-1029	-177
-1027	-179
-1023	-179
-1016	-171
-1006	-157
-1011	-173
-1015	-187
-1012	-187
-1003	-175
-1002	-179
-1001	-183
-980	-147
-977	-147
-975	-149
-972	-150
-970	-151
-970	-157
-969	-161
-967	-163
-965	-166
-963	-167
-959	-166
-954	-162
-948	-156
-942	-149
-935	-141
-928	-131
-923	-128
-920	-128
-918	-129
-915	-129
-912	-129
-909	-129
-907	-130
-904	-130
-902	-132
-901	-137
-900	-140
-901	-148
-900	-154
-897	-152
-894	-152
-891	-153
-884	-144
-867	-112
-864	-110
-860	-109
-857	-109
-854	-108
-852	-109
-849	-110
-846	-109
-844	-110
-841	-110
-838	-110
-837	-113
-835	-115
-776	-2
-773	-0
-770	1
-767	2
-764	2
-762	1
-759	1
-757	1
-754	1
-751	2
-749	2
-746	2
-744	1
-741	1
-739	1
-735	3
-733	2
-731	2
-728	2
-725	2
-723	1
-721	0
-719	-0
-717	-3
-718	-11
-745	-131
-744	-134
-742	-137
-740	-138
-737	-139
-735	-140
-733	-142
-731	-143
-728	-144
-725	-144
-723	-145
-721	-147
-719	-148
-716	-149
-714	-150
-711	-150
-709	-151
-707	-152
-704	-153
-702	-154
-699	-155
-697	-154
-694	-154
-692	-156
-687	-151
-680	-138
-674	-128
-670	-124
-667	-123
-663	-119
-660	-117
-657	-116
-654	-114
-651	-112
-648	-111
-645	-111
-643	-111
-641	-113
-638	-114
-636	-115
-634	-116
-632	-119
-630	-121
-627	-119
-624	-118
-644	-191
-641	-190
-638	-190
-624	-152
-621	-150
-618	-148
-616	-151
-614	-155
-612	-155
-610	-157
-610	-168
-610	-176
-608	-178
-605	-176
-600	-167
-597	-169
-595	-169
-592	-168
-589	-168
-586	-166
-587	-177
-580	-163
-578	-166
-577	-172
-576	-175
-574	-178
-572	-180
-570	-182
-566	-180
-563	-177
-560	-175
-558	-178
-556	-179
-553	-178
-550	-178
-547	-177
-545	-179
-543	-180
-541	-181
-538	-183
-536	-184
-533	-182
-530	-182
-528	-182
-526	-184
-523	-183
-520	-183
-518	-184
-515	-182
-512	-181
-510	-182
-507	-182
-505	-183
-502	-184
-500	-183
-497	-182
-494	-182
-492	-183
-489	-182
-486	-182
-484	-183
-482	-184
-479	-184
-476	-183
-474	-183
-471	-182
-468	-182
-466	-182
-464	-183
-461	-183
-459	-185
-456	-185
-454	-184
-450	-182
-448	-182
-446	-183
-443	-182
-440	-182
-438	-182
-436	-184
-432	-180
-429	-176
-426	-174
-424	-176
-423	-184
-421	-185
-418	-184
-415	-183
-413	-184
-410	-183
-407	-182
-405	-183
-402	-183
-400	-183
-397	-183
-395	-182
-392	-183
-390	-183
-388	-184
-385	-186
-383	-185
-380	-184
-373	-155
-370	-156
-368	-155
-365	-155
-364	-161
-362	-166
-360	-169
-357	-167
-355	-167
-352	-168
-351	-172
-348	-173
-346	-172
-343	-173
-341	-176
-339	-179
-337	-181
-335	-183
-332	-182
-329	-180
-327	-181
-324	-181
-322	-181
-320	-182
-317	-181
-314	-180
-312	-181
-309	-181
-304	-155
-302	-158
-300	-165
-298	-169
-296	-170
-293	-171
-291	-175
-290	-182
-287	-181
-285	-182
-283	-184
-280	-185
-278	-184
-275	-182
-272	-183
-270	-183
-268	-183
-265	-182
-263	-183
-260	-183
-258	-182
-255	-182
-253	-184
-250	-183
-248	-184
-245	-183
-243	-183
-240	-183
-238	-183
-235	-183
-233	-183
-230	-183
-228	-182
-225	-181
-223	-181
-221	-183
-218	-184
-216	-184
-213	-184
-211	-182
-208	-183
-206	-183
-203	-182
-201	-182
-198	-183
-196	-184
-194	-184
-191	-183
-189	-183
-186	-183
-184	-182
-181	-180
-178	-178
-176	-178
-174	-179
-171	-180
-169	-180
-166	-180
-164	-182
-162	-183
-159	-180
-156	-179
-154	-182
-152	-182
-149	-180
-147	-179
-144	-178
-142	-176
-139	-177
-137	-179
-135	-181
-132	-180
-130	-179
-127	-178
-125	-179
-122	-179
-120	-179
-117	-180
-115	-181
-112	-181
-110	-181
-108	-180
-105	-181
-103	-183
-100	-182
-98	-181
-95	-181
-93	-181
-90	-181
-88	-181
-86	-181
-83	-180
-81	-180
-78	-180
-76	-179
-71	-181
-68	-182
-66	-181
-64	-181
-61	-181
-59	-181
-56	-180
-54	-179
-51	-180
-49	-181
-46	-180
-44	-180
-42	-181
-39	-181
-37	-181
-34	-181
-32	-181
-29	-180
-27	-181
-24	-183
-22	-183
-20	-182
-17	-182
-15	-182
-12	-181
-10	-180
-7	-180
-5	-180
-2	-180
0	-181
2	-181
5	-181
7	-181
10	-181
12	-181
15	-182
17	-181
20	-181
22	-181
25	-181
27	-181
29	-182
32	-181
34	-181
37	-181
39	-181
42	-181
44	-183
47	-184
49	-184
52	-183
54	-183
56	-182
59	-182
61	-183
64	-182
66	-182
69	-182
71	-182
74	-183
76	-183
79	-183
81	-184
84	-185
86	-185
89	-184
91	-183
93	-182
96	-182
98	-183
101	-183
103	-183
106	-184
108	-183
111	-182
113	-182
116	-182
118	-184
121	-184
123	-184
126	-185
128	-184
131	-184
133	-185
136	-185
138	-183
140	-184
143	-185
146	-186
148	-185
150	-184
153	-184
156	-186
158	-187
161	-187
163	-187
166	-188
168	-186
170	-184
173	-182
175	-184
178	-186
180	-184
183	-183
185	-183
188	-184
191	-187
193	-186
196	-186
198	-185
200	-184
203	-183
205	-184
208	-186
210	-185
213	-186
215	-186
218	-184
220	-183
223	-183
226	-186
228	-188
231	-187
233	-188
236	-187
238	-187
241	-187
243	-186
245	-185
248	-184
251	-185
253	-187
256	-188
259	-188
261	-185
263	-186
266	-185
268	-186
271	-188
273	-183
275	-180
277	-177
279	-177
282	-177
284	-175
286	-175
289	-175
292	-178
295	-180
298	-183
301	-184
304	-186
306	-186
308	-184
311	-183
314	-184
316	-183
319	-185
322	-185
324	-186
327	-185
329	-185
332	-186
334	-185
337	-186
340	-186
342	-187
344	-183
347	-185
350	-186
352	-186
355	-184
357	-184
360	-186
363	-185
365	-185
368	-185
371	-187
373	-187
376	-186
378	-186
381	-186
383	-186
386	-187
389	-186
391	-186
394	-186
396	-184
398	-183
401	-183
403	-182
405	-179
407	-177
410	-177
412	-175
414	-175
418	-178
422	-183
425	-186
428	-186
430	-186
433	-185
435	-183
437	-182
439	-180
441	-177
444	-176
446	-177
450	-180
452	-180
455	-180
458	-182
461	-183
464	-185
467	-185
470	-185
472	-184
475	-184
478	-186
480	-186
483	-184
483	-177
485	-173
487	-171
490	-172
492	-170
494	-168
497	-169
499	-169
502	-168
504	-165
505	-163
508	-162
510	-161
513	-160
515	-159
517	-158
520	-158
523	-158
526	-160
531	-166
539	-185
540	-179
543	-180
546	-180
548	-179
550	-178
553	-179
556	-179
559	-179
562	-179
564	-179
567	-178
569	-176
572	-177
576	-180
579	-181
581	-179
583	-176
585	-176
588	-177
589	-171
591	-170
595	-174
598	-174
601	-174
603	-173
606	-173
609	-173
611	-173
614	-173
615	-169
617	-166
613	-148
615	-146
618	-146
621	-146
624	-147
626	-147
630	-148
632	-148
635	-149
639	-150
641	-149
644	-149
646	-147
647	-142
646	-134
645	-123
647	-121
649	-121
651	-118
653	-116
656	-116
660	-120
663	-121
665	-119
668	-119
671	-121
676	-125
682	-134
690	-145
696	-153
699	-155
702	-154
705	-154
707	-154
710	-153
713	-153
715	-152
718	-151
720	-151
723	-150
725	-149
728	-149
730	-148
733	-148
735	-146
737	-143
740	-143
742	-143
745	-142
746	-139
748	-137
750	-134
751	-129
751	-123
752	-119
752	-113
723	-20
723	-14
724	-9
725	-6
726	-2
727	0
729	2
732	2
735	1
738	1
741	1
743	2
746	1
749	1
778	-8
775	2
779	1
783	-3
787	-4
849	-105
854	-107
856	-106
858	-105
862	-106
865	-106
868	-106
871	-106
874	-107
877	-107
881	-109
920	-177
923	-177
927	-178
929	-176
931	-174
933	-172
936	-172
939	-171
941	-169
943	-167
947	-168
952	-172
956	-174
959	-173
961	-171
964	-171
967	-170
970	-171
974	-171
975	-168
977	-166
980	-165
983	-165
985	-163
986	-159
988	-156
990	-155
993	-154
996	-154
999	-154
1001	-152
1005	-153
1012	-159
1017	-162
1021	-164
1024	-163
1026	-162
1032	-166
1042	-177
1046	-178
1048	-177
1050	-174
1052	-171
1062	-183
1065	-182
1068	-181
1069	-178
1073	-178
1076	-178
1077	-175
1079	-172
1086	-177
1091	-181
1096	-183
1100	-184
1103	-183
1104	-180
1108	-180
1111	-180
1114	-179
1118	-180
1121	-179
1123	-177
1125	-176
1127	-173
1129	-171
1131	-169
1134	-167
1135	-165
1137	-162
1140	-161
1148	-169
1152	-169
1151	-162
1151	-157
1153	-155
1156	-154
1160	-155
1163	-155
1166	-154
1169	-153
1175	-157
1178	-155
1179	-153
1181	-150
1185	-150
1187	-149
1190	-148
1195	-149
1204	-158
1210	-161
1212	-158
1216	-159
1219	-159
1222	-157
1222	-152
1224	-151
1227	-149
1233	-152
1241	-159
1250	-166
1257	-172
1260	-170
1262	-168
1265	-167
1267	-165
1269	-163
1277	-169
1282	-171
1285	-170
1288	-169
1290	-166
1291	-163
1294	-161
1296	-159
1299	-158
1302	-157
1305	-156
1308	-155
1311	-154
1314	-153
1318	-153
1323	-155
1328	-156
1328	-151
1328	-147
1337	-154
1340	-153
1344	-152
1349	-154
1353	-154
1357	-155
1362	-156
1368	-158
1370	-156
1373	-155
1377	-155
1380	-155
1381	-151
1382	-147
1385	-146
1397	-156
1399	-153
1401	-151
1407	-154
1418	-162
1418	-157
1419	-154
1423	-154
1424	-150
1427	-148
1429	-146
1431	-144
1431	-139
1434	-138
1439	-139
1446	-143
1450	-143
1452	-140
1455	-139
1475	-158
1475	-153
1476	-150
1478	-147
1480	-145
1482	-142
1485	-140
1487	-138
1488	-135
1490	-132
1492	-130
1495	-128
1498	-127
1503	-128
1510	-132
1518	-136
1522	-136
1527	-136
1530	-135
1537	-138
1540	-137
1543	-135
1545	-133
1550	-134
1558	-138
1568	-144
1575	-148
1578	-146
1581	-144
1584	-144
1590	-144
1601	-152
1603	-150
1601	-143
1602	-139
1604	-136
1609	-137
1614	-137
1615	-134
1617	-131
1619	-128
1624	-129
1630	-131
1634	-131
1647	-139
1654	-142
1650	-133
1653	-132
1654	-128
1657	-126
1660	-125
1661	-121
1658	-113
1658	-109
1659	-105
1662	-104
1668	-104
1672	-104
1676	-103
1680	-103
1683	-102
1690	-104
1701	-110
1698	-103
1698	-98
1702	-97
1725	-116
1738	-124
1750	-131
1728	-104
1738	-110
1739	-106
1742	-105
1748	-105
1753	-106
1761	-110
1772	-116
1780	-119
1784	-117
1786	-115
1788	-112
1789	-109
1794	-109
1803	-113
1808	-112
1813	-113
1819	-114
1819	-109
1818	-103
1820	-101
1825	-101
1831	-101
1835	-101
1840	-101
1841	-97
1842	-93
1845	-92
1851	-92
1859	-95
1867	-98
1874	-99
1886	-106
1890	-105
1893	-103
1898	-103
1902	-102
1908	-102
1911	-100
1914	-98
1916	-96
1919	-94
1922	-92
1925	-90
1928	-88
1934	-88
1939	-88
1946	-89
1951	-89
1957	-90
1963	-91
1966	-89
1975	-91
1978	-89
1981	-87
1986	-87
1990	-86
2001	-90
2019	-101
2029	-105
2022	-95
2027	-94
2060	-117
2044	-99
2052	-101
2026	-74
2025	-69
2029	-68
2034	-67
2043	-70
2052	-72
2058	-73
2061	-71
2066	-70
2067	-66
2074	-67
2082	-69
2086	-68
2092	-68
2097	-67
2105	-70
2116	-73
2126	-76
2130	-75
2136	-76
2140	-74
2146	-74
2150	-73
2156	-72
2164	-74
2171	-74
2176	-74
2180	-72
2183	-70
2188	-69
2192	-68
2195	-65
2201	-65
2215	-71
2217	-68
2212	-59
2210	-53
2212	-50
2217	-49
2221	-47
2222	-44
2225	-41
2240	-48
2255	-54
2263	-56
2268	-54
2274	-54
2279	-53
2282	-50
2287	-49
2295	-50
2300	-50
2301	-45
2302	-41
2305	-39
2310	-38
2314	-36
2317	-33
2322	-32
2328	-32
2331	-29
2334	-27
2339	-25
2343	-24
2347	-22
2352	-20
2356	-18
2360	-16
2364	-15
2385	-24
2387	-21
2376	-9
2382	-8
2386	-6
2390	-4
2392	-1
2399	-1
2410	-4
2422	-7
2431	-8
2431	-3
2433	-0
2434	4
2435	8
2437	11
2439	15
2438	20
2438	25
2439	29
2440	33
2442	36
2441	41
2441	46
2441	51
2443	55
2442	59
2443	64
2446	67
2448	70
2447	75
2447	80
2449	83
2452	86
2453	90
2466	86
2457	105
2458	110
2457	115
2458	119
2456	124
2457	129
2456	134
2456	143
2459	146
2459	150
2459	154
2460	159
2463	161
2463	166
2463	170
2463	174
2465	178
2467	182
2465	187
2467	190
2470	193
2469	198
2471	201
2471	206
2471	210
2473	214
2474	218
2476	220
2478	224
2476	229
2475	234
2477	238
2479	241
2481	244
2481	249
2482	252
2483	256
2481	262
2480	267
2483	269
2485	273
2485	277
2483	283
2486	285
2489	288
2490	292
2489	296
2488	301
2489	305
2494	307
2496	310
2497	314
2498	318
2492	325
2490	330
2492	334
2496	336
2498	339
2499	343
2500	347
2500	351
2506	352
2505	357
2504	362
2504	366
2506	369
2511	371
2516	373
2518	376
2519	379
2522	382
2525	385
2527	388
2529	392
2528	396
2528	401
2524	407
2526	410
2526	414
2528	417
2528	421
2528	426
2529	429
2531	433
2530	437
2532	441
2532	445
2532	449
2533	453
2534	456
2531	462
2531	466
2536	468
2535	473
2537	475
2541	478
2542	481
2544	485
2542	490
2541	494
2541	498
2543	502
2542	506
2544	510
2542	515
2541	519
2542	523
2545	526
2546	529
2548	532
2546	537
2551	539
2553	542
2547	549
2547	553
2549	556
2553	559
2547	565
2553	567
2553	571
2555	574
2555	578
2554	582
2558	585
2559	589
2560	592
2561	596
2560	600
2560	604
2558	609
2559	613
2558	617
2559	621
2559	624
2563	627
2566	630
2565	634
2567	637
2568	641
2570	644
2571	648
2570	652
2571	656
2571	660
2571	664
2572	667
2574	670
2576	674
2578	677
2580	680
2580	684
2580	688
2582	691
2584	695
2584	698
2583	702
2586	706
2588	709
2586	713
2587	717
2589	720
2588	724
2587	729
2585	733
2586	737
2587	740
2591	743
2593	746
2594	750
2594	753
2595	757
2596	761
2595	765
2595	769
2593	773
2591	778
2593	781
2593	785
2594	789
2596	792
2598	795
2600	798
2601	802
2601	805
2602	809
2602	813
2599	818
2597	822
2601	825
2606	827
2607	831
2608	834
2607	838
2606	843
2606	846
2603	851
2602	855
2605	858
2609	861
2611	864
2611	868
2612	871
2611	876
2610	880
2612	883
2613	886
2612	890
2612	894
2613	898
2613	902
2615	905
2616	908
2615	913
2616	916
2615	920
2613	924
2616	927
2619	930
2620	934
2622	937
2624	940
2626	944
2626	947
2627	951
2628	954
2630	957
2630	961
2632	964
2632	968
2633	972
2633	976
2631	980
2630	984
2633	987
2631	991
2629	995
2630	999
2631	1003
2632	1006
2635	1009
2637	1012
2637	1016
2638	1019
2638	1023
2639	1027
2639	1031
2640	1034
2641	1038
2640	1041
2639	1045
2641	1049
2642	1052
2641	1056
2642	1060
2642	1064
2641	1067
2643	1071
2642	1075
2643	1078
2644	1082
2643	1085
2644	1089
2645	1093
2645	1096
2647	1100
2646	1103
2646	1107
2648	1111
2649	1114
2649	1118
2651	1121
2653	1124
2653	1128
2653	1132
2654	1135
2653	1139
2651	1143
2653	1146
2654	1150
2657	1153
2655	1157
2655	1161
2654	1165
2654	1168
2656	1172
2658	1175
2659	1178
2660	1182
2660	1186
2659	1190
2659	1193
2660	1197
2661	1200
2662	1204
2662	1208
2663	1211
2663	1215
2661	1219
2661	1222
2662	1226
2663	1229
2666	1233
2666	1236
2666	1240
2666	1244
2667	1247
2670	1250
2671	1254
2669	1258
2669	1261
2671	1265
2670	1269
2668	1272
2669	1276
2669	1280
2669	1283
2667	1287
2666	1291
2665	1295
2666	1298
2668	1302
2670	1305
2669	1309
2671	1312
2671	1316
2671	1320
2671	1323
2674	1326
2675	1330
2675	1334
2675	1337
2675	1341
2676	1344
2676	1348
2675	1352
2676	1355
2677	1359
2679	1362
2688	1365
2689	1368
2690	1372
2691	1375
2691	1379
2690	1383
2689	1387
2689	1390
2690	1394
2691	1397
2695	1401
2695	1404
2695	1408
2697	1411
2696	1415
2695	1419
2696	1422
2696	1426
2697	1430
2699	1433
2700	1437
2701	1440
2703	1444
2701	1447
2701	1451
2703	1455
2704	1458
2704	1462
2705	1465
2704	1469
2705	1473
2706	1476
2706	1480
2707	1483
2708	1487
2708	1491
2708	1494
2706	1498
2709	1501
2709	1505
2710	1509
2709	1512
2710	1516
2712	1519
2712	1523
2712	1527
2713	1530
2714	1534
2714	1538
2713	1541
2712	1545
2711	1549
2711	1552
2710	1556
2710	1560
2712	1563
2712	1567
2712	1571
2713	1574
2713	1578
2714	1581
2714	1585
2716	1589
2717	1592
2718	1596
2718	1599
2717	1603
2716	1607
2718	1610
2720	1614
2722	1618
2722	1621
2721	1625
2720	1629
2721	1632
2721	1636
2722	1639
2723	1643
2725	1647
2724	1650
2722	1654
2725	1658
2728	1661
2728	1665
