2810	1673
2811	1677
2813	1681
2813	1685
2813	1689
2813	1692
2815	1700
2818	1704
2820	1707
2819	1711
2818	1715
2818	1719
2818	1723
2820	1726
2822	1730
2824	1734
2826	1738
2827	1742
2828	1745
2828	1749
2829	1753
2830	1757
2830	1761
2830	1764
2830	1768
2831	1772
2832	1776
2832	1780
2832	1783
2830	1787
2829	1791
2830	1795
2830	1799
2830	1802
2829	1806
2829	1810
2829	1814
2831	1818
2834	1821
2835	1825
2836	1829
2836	1833
2837	1837
2838	1841
2837	1844
2838	1848
2839	1852
2839	1856
2838	1860
2836	1863
2837	1867
2839	1871
2842	1875
2843	1879
2844	1883
2846	1887
2846	1891
2846	1895
2848	1899
2848	1902
2847	1906
2851	1910
2853	1914
2854	1918
2856	1922
2856	1926
2855	1930
2852	1934
2854	1938
2857	1942
2859	1946
2859	1950
2860	1953
2859	1957
2859	1961
2860	1965
2859	1969
2859	1973
2861	1977
2863	1981
2864	1985
2864	1989
2864	1993
2864	1996
2864	2000
2863	2004
2862	2008
2864	2012
2865	2016
2868	2020
2869	2024
2869	2028
2871	2032
2871	2036
2874	2040
2875	2044
2876	2048
2876	2052
2877	2056
2878	2060
2878	2064
2878	2068
2878	2072
2877	2076
2877	2080
2877	2084
2878	2088
2878	2092
2879	2096
2880	2100
2880	2104
2880	2108
2879	2112
2880	2116
2881	2120
2881	2124
2881	2128
2882	2132
2885	2136
2886	2140
2888	2144
2888	2148
2888	2152
2888	2156
2891	2161
2892	2165
2893	2169
2894	2173
2896	2177
2896	2181
2896	2185
2898	2190
2898	2194
2899	2198
2900	2202
2900	2206
2900	2210
2900	2214
2901	2218
2903	2223
2904	2227
2905	2231
2904	2235
2904	2239
2905	2243
2907	2247
2907	2251
2907	2256
2907	2260
2907	2264
2907	2268
2907	2272
2907	2276
2908	2280
2910	2284
2911	2289
2911	2293
2910	2297
2910	2301
2912	2305
2913	2309
2914	2314
2915	2318
2915	2322
2915	2326
2915	2330
2916	2335
2917	2339
2917	2343
2917	2347
2918	2351
2918	2355
2918	2360
2916	2363
2916	2367
2919	2372
2922	2377
2922	2381
2921	2385
2920	2389
2920	2393
2920	2397
2920	2401
2920	2405
2922	2410
2923	2414
2923	2418
2923	2422
2923	2427
2923	2431
2924	2435
2925	2440
2926	2444
2926	2448
2926	2452
2926	2456
2926	2461
2926	2465
2927	2469
2927	2474
2926	2478
2927	2482
2927	2486
2927	2490
2927	2495
2927	2499
2928	2503
2928	2507
2929	2512
2928	2516
2929	2520
2929	2525
2929	2529
2932	2534
2934	2539
2934	2543
2934	2547
2934	2551
2936	2556
2937	2561
2937	2565
2938	2570
2939	2574
2940	2579
2940	2583
2942	2588
2943	2592
2945	2597
2946	2602
2947	2607
2947	2611
2947	2615
2947	2620
2947	2624
2949	2629
2950	2633
2950	2638
2951	2642
2951	2647
2952	2651
2951	2655
2949	2659
2949	2664
2952	2669
2951	2673
2952	2678
2953	2682
2954	2687
2954	2691
2953	2696
2953	2700
2952	2704
2951	2708
2953	2713
2953	2718
2952	2721
2950	2725
2950	2730
2952	2735
2953	2740
2954	2744
2954	2749
2955	2753
2955	2758
2955	2762
2955	2767
2955	2772
2956	2776
2956	2781
2957	2785
2955	2789
2956	2794
2956	2799
2957	2803
2957	2808
2958	2813
2958	2817
2957	2822
2957	2826
2956	2830
2958	2835
2958	2840
2957	2844
2957	2849
2956	2853
2956	2857
2956	2862
2956	2867
2957	2871
2956	2876
2956	2880
2957	2885
2958	2890
2959	2895
2959	2900
2959	2904
2959	2909
2958	2913
2958	2917
2957	2922
2958	2927
2959	2932
2959	2937
2961	2942
2962	2947
2961	2951
2963	2957
2962	2961
2961	2965
2960	2969
2961	2975
2962	2980
2962	2984
2963	2990
2964	2995
2964	2999
2964	3004
2965	3009
2966	3014
2966	3019
2966	3024
2965	3028
2964	3032
2964	3037
2964	3042
2964	3047
2964	3052
2963	3056
2963	3060
2961	3064
2961	3069
2962	3074
2964	3080
2964	3085
2964	3090
2963	3094
2964	3100
2963	3104
2962	3108
2962	3113
2962	3118
2960	3122
2960	3127
2962	3132
2962	3137
2963	3143
2963	3147
2964	3153
2953	3152
2930	3146
2911	3142
2902	3142
2899	3146
2899	3150
2899	3155
2894	3158
2888	3159
2882	3161
2879	3164
2877	3168
2876	3172
2876	3178
2884	3186
2893	3196
2896	3202
2895	3207
2894	3211
2962	3251
2960	3255
2960	3260
2960	3265
2960	3270
2959	3275
2959	3280
2959	3284
2956	3288
2955	3293
2958	3299
2956	3304
2955	3308
2955	3313
2954	3318
2953	3322
2951	3326
2952	3332
2952	3337
2951	3341
2950	3346
2951	3352
2952	3358
2951	3362
2949	3366
2951	3372
2949	3377
2947	3381
2947	3386
2948	3391
2950	3398
2950	3403
2947	3407
2944	3410
2943	3415
2944	3421
2944	3426
2943	3430
2942	3435
2942	3440
2943	3446
2942	3451
2940	3455
2941	3461
2943	3468
2943	3473
2942	3478
2941	3482
2940	3487
2941	3493
2940	3498
2940	3503
2938	3507
2937	3512
2938	3518
2940	3524
2941	3530
2938	3534
2937	3539
2936	3544
2936	3549
2936	3555
2934	3559
2931	3563
2930	3567
2930	3573
2930	3578
2930	3584
2929	3589
2930	3595
2928	3599
2926	3603
2925	3608
2925	3614
2924	3619
2926	3625
2926	3631
2924	3635
2923	3640
2924	3646
2925	3652
2923	3657
2923	3662
2924	3669
2924	3675
2923	3680
2922	3685
2921	3689
2920	3694
2920	3700
2919	3705
2919	3711
2919	3717
2918	3722
2917	3727
2916	3732
2914	3736
2912	3741
2912	3746
2914	3753
2914	3759
2914	3765
2914	3770
2912	3775
2911	3780
2910	3785
2908	3790
2908	3796
2907	3801
2906	3806
2906	3812
2906	3817
2906	3823
2905	3829
2906	3835
2905	3840
2902	3844
2900	3848
2899	3854
2899	3860
2898	3865
2896	3870
2895	3875
2893	3879
2890	3883
2889	3888
2887	3893
2886	3898
2883	3902
2885	3909
2882	3914
2880	3917
2877	3922
2875	3926
2873	3931
2872	3936
2870	3941
2869	3946
2867	3950
2865	3955
2863	3960
2861	3964
2859	3969
2857	3973
2855	3978
2852	3982
2849	3986
2847	3990
2846	3995
2843	4000
2841	4004
2840	4009
2837	4014
2834	4018
2833	4023
2831	4027
2828	4031
2825	4035
2823	4040
2821	4044
2818	4049
2815	4052
2811	4055
2808	4059
2807	4064
2805	4069
2804	4074
2802	4079
2800	4084
2798	4089
2796	4093
2793	4098
2791	4102
2790	4108
2788	4112
2786	4117
2784	4121
2781	4126
2777	4129
2775	4133
2772	4138
2770	4142
2767	4146
2765	4151
2763	4156
2761	4160
2758	4164
2751	4164
2756	4176
2684	4119
2677	4119
2675	4123
2674	4129
2674	4135
2673	4140
2671	4145
2669	4150
2667	4155
2668	4162
2672	4172
2672	4179
2670	4184
2668	4189
2668	4195
2665	4198
2657	4198
2663	4210
2661	4215
2585	4151
2583	4156
2578	4158
2562	4149
2543	4138
2532	4134
2529	4137
2527	4142
2525	4147
2519	4147
2505	4140
2481	4124
2455	4105
2423	4081
2413	4077
2404	4075
2398	4076
2394	4077
2389	4079
2384	4080
2380	4083
2378	4087
2376	4091
2376	4097
2382	4110
2381	4115
2379	4120
2377	4124
2375	4129
2374	4133
2372	4138
2370	4143
2368	4147
2366	4151
2364	4156
2362	4160
2359	4164
2353	4165
2349	4167
2347	4171
2344	4175
2340	4177
2602	4455
2600	4460
2596	4464
2593	4467
2589	4470
2586	4474
2583	4478
2580	4483
2577	4487
2574	4491
2571	4495
2567	4499
2563	4502
2560	4506
2559	4512
2556	4516
2553	4520
2549	4524
2546	4528
2543	4532
2539	4535
2536	4539
2533	4544
2530	4548
2526	4551
2523	4555
2521	4561
2518	4565
2515	4569
2512	4573
2510	4578
2508	4584
2505	4588
2502	4592
2498	4595
2495	4599
2491	4603
2488	4607
2484	4610
2479	4613
2477	4618
2474	4622
2470	4626
2467	4630
2464	4634
2460	4637
2456	4641
2453	4645
2449	4648
2445	4651
2442	4654
2438	4658
2434	4662
2431	4666
2428	4670
2424	4673
2420	4676
2418	4682
2415	4686
2411	4689
2407	4692
2403	4696
2399	4699
2396	4703
2392	4707
2389	4711
2385	4714
2382	4718
2379	4722
2375	4725
2371	4729
2368	4734
2364	4737
2360	4740
2357	4744
2354	4749
2350	4752
2346	4755
2343	4759
2340	4763
2337	4769
2333	4771
2329	4775
2328	4781
2325	4787
2323	4792
2320	4796
2316	4800
2313	4805
2310	4809
2307	4813
2303	4817
2300	4820
2295	4824
2292	4827
2288	4831
2285	4835
2282	4840
2279	4845
2276	4849
2273	4854
2270	4858
2265	4861
2262	4865
2259	4870
2255	4873
2251	4876
2248	4880
2244	4884
2240	4888
2236	4891
2232	4894
2228	4897
2224	4901
2221	4904
2217	4908
2214	4914
2209	4915
2204	4917
2200	4920
2196	4924
2193	4928
2190	4933
2188	4938
2183	4941
2180	4945
2176	4949
2172	4953
2169	4956
2165	4960
2161	4964
2159	4969
2155	4973
2152	4978
2149	4983
2145	4987
2142	4991
2139	4997
2136	5001
2133	5007
2130	5010
2125	5013
2121	5016
2117	5019
2112	5022
2108	5025
2107	5032
2103	5036
2099	5039
2094	5042
2090	5046
2087	5050
2084	5055
2080	5058
2076	5063
2073	5067
2069	5070
2065	5074
2060	5076
2055	5078
2051	5081
2045	5082
2041	5084
2036	5087
2033	5091
2030	5097
2026	5101
2022	5104
2017	5106
2013	5109
2008	5112
2004	5115
2000	5118
1996	5121
1992	5124
1988	5129
1984	5132
1980	5136
1976	5139
1972	5142
1967	5145
1963	5147
1957	5149
1953	5153
1949	5155
1944	5158
1940	5161
1935	5163
1931	5167
1927	5169
1924	5175
1919	5177
1915	5181
1911	5185
1907	5188
1903	5191
1898	5194
1893	5194
1888	5197
1883	5199
1878	5201
1873	5203
1869	5205
1865	5209
1860	5212
1858	5218
1854	5222
1848	5223
1844	5226
1840	5229
1835	5232
1830	5234
1826	5237
1821	5239
1816	5240
1810	5240
1805	5242
1800	5244
1796	5247
1790	5248
1786	5252
1782	5256
1779	5260
1774	5263
1769	5265
1765	5268
1761	5272
1756	5274
1752	5277
1747	5280
1743	5282
1738	5285
1734	5288
1729	5290
1724	5291
1719	5293
1714	5295
1709	5297
1703	5298
1699	5300
1694	5303
1689	5305
1685	5307
1681	5311
1676	5314
1671	5316
1666	5317
1662	5320
1656	5321
1652	5325
1648	5328
1643	5330
1638	5332
1631	5330
1625	5330
1620	5330
1615	5332
1610	5334
1606	5337
1600	5338
1596	5340
1591	5343
1587	5346
1582	5348
1578	5353
1574	5355
1569	5359
1564	5361
1560	5363
1555	5365
1550	5367
1545	5368
1540	5371
1536	5374
1531	5376
1527	5380
1523	5383
1518	5385
1512	5386
1507	5388
1502	5388
1497	5389
1492	5393
1488	5397
1484	5401
1479	5401
1473	5402
1469	5405
1464	5407
1460	5410
1454	5410
1448	5408
1443	5411
1437	5410
1432	5411
1427	5414
1423	5417
1418	5419
1413	5420
1408	5423
1403	5423
1398	5425
1392	5426
1387	5426
1382	5428
1377	5429
1372	5431
1367	5433
1362	5435
1357	5437
1352	5439
1348	5441
1342	5441
1336	5441
1331	5442
1326	5443
1321	5444
1316	5446
1311	5449
1307	5451
1301	5451
1295	5449
1289	5450
1284	5450
1279	5451
1274	5454
1269	5455
1264	5457
1259	5459
1255	5462
1250	5465
1245	5465
1240	5466
1235	5468
1230	5471
1225	5472
1220	5474
1215	5475
1210	5476
1205	5477
1200	5479
1195	5481
1190	5483
1185	5484
1180	5484
1174	5485
1169	5487
1164	5487
1159	5489
1154	5489
1149	5491
1144	5493
1138	5491
1132	5491
1127	5493
1123	5495
1118	5497
1112	5497
1107	5499
1102	5499
1097	5500
1092	5501
1087	5502
1082	5503
1076	5504
1071	5505
1066	5505
1061	5508
1057	5512
1052	5512
1046	5513
1041	5513
1036	5516
1032	5518
1026	5519
1021	5518
1015	5519
1011	5521
1006	5522
1001	5524
995	5524
990	5525
985	5526
981	5532
977	5535
972	5536
966	5535
961	5536
955	5534
949	5534
944	5533
939	5533
933	5534
928	5535
923	5536
918	5537
913	5538
908	5541
904	5543
898	5544
893	5544
888	5544
882	5544
877	5546
873	5548
868	5549
862	5549
857	5551
852	5553
848	5555
842	5556
838	5558
833	5559
827	5561
822	5562
817	5562
812	5561
806	5560
801	5560
796	5562
791	5565
786	5566
781	5565
775	5564
770	5564
764	5562
759	5562
753	5563
749	5565
744	5566
738	5565
733	5564
727	5564
722	5564
717	5565
712	5566
707	5568
702	5569
696	5567
691	5567
686	5567
680	5567
676	5572
671	5575
666	5576
661	5574
655	5572
650	5572
645	5573
640	5575
635	5576
630	5577
624	5576
619	5577
614	5579
609	5580
604	5579
599	5580
594	5580
588	5580
583	5580
578	5580
573	5580
567	5579
562	5578
556	5575
551	5573
545	5572
540	5572
535	5573
530	5574
525	5575
520	5576
515	5579
510	5581
505	5582
500	5582
495	5583
490	5584
485	5585
480	5586
475	5587
470	5589
464	5588
459	5590
454	5592
449	5589
444	5590
439	5591
433	5590
429	5592
423	5592
418	5592
413	5590
407	5590
402	5589
397	5589
392	5589
387	5588
381	5587
376	5586
371	5584
366	5585
361	5587
356	5589
350	5588
345	5587
340	5586
335	5586
329	5585
324	5584
319	5582
313	5579
308	5575
303	5575
298	5575
292	5574
287	5572
282	5573
277	5575
272	5577
267	5578
262	5579
257	5580
252	5581
247	5584
242	5584
237	5585
232	5584
227	5583
221	5582
216	5581
211	5581
206	5582
201	5583
196	5583
191	5583
186	5583
180	5583
175	5582
170	5580
165	5579
160	5580
155	5580
150	5580
144	5581
139	5581
134	5582
129	5582
124	5585
119	5584
114	5583
109	5583
104	5584
99	5583
93	5581
88	5580
83	5578
78	5577
49	5029
45	5033
40	5036
36	5034
32	5031
27	5030
23	5031
18	5031
14	5030
9	5018
5	5013
1	5012
-4	5011
-8	5011
-12	5012
-17	5012
-21	5011
-26	5012
-30	5013
-34	5020
-38	5030
-43	5031
-47	5031
-52	5029
-56	5032
-60	5035
-65	5036
-69	5033
-85	5587
-90	5587
-95	5587
-100	5586
-105	5586
-110	5586
-116	5585
-121	5583
-126	5582
-131	5581
-136	5578
-141	5576
-146	5576
-151	5575
-156	5574
-161	5573
-166	5571
-171	5570
-176	5569
-181	5568
-186	5565
-191	5565
-197	5565
-202	5564
-207	5563
-212	5561
-217	5562
-222	5561
-227	5561
-232	5561
-237	5555
-242	5553
-247	5551
-252	5548
-257	5547
-262	5545
-267	5544
-271	5541
-276	5536
-281	5533
-286	5531
-291	5529
-296	5525
-301	5520
-305	5516
-310	5509
-315	5506
-320	5505
-325	5505
-330	5506
-335	5507
-340	5511
-346	5518
-351	5523
-356	5525
-362	5527
-367	5527
-372	5529
-377	5531
-382	5529
-387	5528
-392	5527
-397	5527
-402	5525
-407	5523
-412	5523
-417	5523
-422	5521
-427	5518
-431	5515
-436	5515
-442	5518
-447	5517
-452	5517
-456	5514
-461	5512
-466	5509
-471	5508
-476	5506
-481	5505
-486	5503
-491	5503
-496	5503
-500	5500
-505	5498
-510	5495
-515	5495
-520	5493
-525	5491
-529	5485
-534	5482
-538	5480
-543	5478
-548	5477
-553	5476
-558	5475
-563	5476
-568	5474
-573	5472
-578	5472
-583	5471
-588	5470
-593	5470
-597	5466
-601	5458
-606	5457
-611	5455
-615	5453
-620	5452
-625	5450
-630	5449
-635	5450
-640	5451
-645	5451
-650	5451
-655	5450
-660	5450
-665	5450
-670	5449
-675	5447
-680	5445
-685	5445
-689	5443
-694	5443
-699	5441
-704	5440
-709	5440
-714	5442
-719	5442
-724	5440
-729	5439
-734	5437
-739	5435
-743	5433
-748	5431
-753	5432
-758	5433
-763	5430
-768	5428
-773	5430
-778	5430
-783	5430
-788	5429
-793	5427
-798	5425
-802	5422
-807	5422
-812	5419
-816	5418
-822	5418
-826	5415
-831	5413
-836	5412
-840	5410
-845	5407
-849	5405
-854	5404
-859	5403
-864	5403
-869	5401
-874	5400
-879	5400
-883	5397
-888	5395
-892	5393
-897	5390
-901	5387
-906	5385
-911	5384
-916	5384
-921	5383
-926	5383
-931	5382
-936	5381
-940	5380
-945	5379
-950	5379
-955	5377
-960	5376
-965	5375
-970	5374
-974	5373
-979	5370
-983	5367
-988	5367
-994	5368
-999	5368
-1004	5366
-1008	5362
-1012	5360
-1016	5357
-1021	5354
-1025	5352
-1030	5351
-1037	5357
-1042	5356
-1047	5355
-1051	5352
-1056	5350
-1060	5348
-1065	5348
-1070	5347
-1075	5345
-1079	5341
-1083	5337
-1088	5335
-1092	5332
-1097	5331
-1103	5334
-1110	5343
-1116	5343
-1116	5327
-1121	5327
-1126	5327
-1131	5323
-1136	5325
-1142	5327
-1147	5326
-1151	5323
-1156	5320
-1160	5318
-1164	5313
-1168	5311
-1173	5310
-1179	5311
-1183	5310
-1187	5305
-1192	5304
-1197	5302
-1202	5303
-1207	5301
-1211	5298
-1215	5295
-1221	5296
-1225	5294
-1229	5290
-1233	5285
-1236	5279
-1240	5275
-1244	5270
-1248	5267
-1252	5264
-1256	5259
-1260	5256
-1264	5253
-1269	5252
-1273	5250
-1278	5247
-1284	5251
-1288	5247
-1293	5246
-1297	5244
-1299	5233
-1304	5233
-1312	5241
-1317	5240
-1322	5240
-1327	5240
-1333	5242
-1338	5240
-1343	5239
-1346	5235
-1351	5233
-1355	5229
-1359	5225
-1363	5223
-1367	5220
-1371	5217
-1378	5220
-1385	5225
-1389	5222
-1394	5221
-1399	5220
-1403	5218
-1408	5216
-1413	5216
-1418	5216
-1423	5214
-1428	5213
-1433	5213
-1438	5212
-1443	5210
-1447	5209
-1452	5207
-1457	5205
-1461	5203
-1466	5201
-1470	5200
-1475	5199
-1479	5196
-1484	5194
-1489	5193
-1496	5196
-1501	5197
-1505	5194
-1510	5191
-1514	5188
-1519	5187
-1523	5185
-1527	5182
-1531	5178
-1535	5174
-1539	5171
-1543	5168
-1547	5164
-1550	5160
-1554	5157
-1557	5151
-1561	5147
-1565	5144
-1569	5141
-1573	5137
-1576	5132
-1578	5126
-1585	5129
-1589	5125
-1592	5120
-1596	5116
-1600	5114
-1604	5111
-1608	5107
-1611	5104
-1616	5101
-1620	5099
-1624	5096
-1628	5092
-1631	5088
-1634	5082
-1638	5079
-1643	5077
-1647	5074
-1649	5068
-1651	5060
-1653	5054
-1656	5049
-1659	5043
-1661	5037
-1665	5033
-1669	5030
-1673	5027
-1678	5026
-1682	5025
-1687	5023
-1691	5020
-1695	5018
-1699	5016
-1703	5013
-1707	5009
-1712	5007
-1716	5006
-1721	5004
-1724	5000
-1728	4997
-1732	4995
-1737	4993
-1741	4990
-1745	4988
-1750	4986
-1754	4984
-1758	4982
-1762	4978
-1766	4975
-1769	4971
-1773	4968
-1777	4965
-1780	4961
-1784	4957
-1788	4954
-1793	4954
-1798	4953
-1802	4950
-1806	4947
-1808	4942
-1811	4936
-1814	4931
-1817	4927
-1821	4924
-1824	4921
-1828	4917
-1832	4915
-1836	4912
-1840	4910
-1845	4907
-1849	4905
-1852	4901
-1855	4897
-1858	4893
-1861	4888
-1865	4884
-1869	4882
-1873	4880
-1877	4877
-1881	4874
-1885	4871
-1889	4868
-1893	4866
-1897	4863
-1901	4861
-1905	4858
-1909	4856
-1913	4852
-1916	4849
-1921	4847
-1925	4845
-1929	4843
-1933	4840
-1937	4837
-1941	4834
-1944	4829
-1947	4826
-1951	4823
-1955	4820
-1959	4817
-1963	4814
-1966	4811
-1969	4807
-1973	4804
-1977	4801
-1981	4799
-1985	4796
-1989	4794
-1993	4791
-1998	4789
-2002	4788
-2007	4786
-2012	4784
-2016	4783
-2020	4779
-2023	4775
-2025	4769
-2027	4765
-2030	4760
-2034	4757
-2038	4754
-2042	4752
-2046	4750
-2052	4749
-2055	4745
-2059	4742
-2062	4740
-2066	4736
-2069	4732
-2072	4728
-2075	4723
-2078	4720
-2082	4717
-2085	4714
-2089	4711
-2094	4709
-2097	4706
-2101	4702
-2104	4699
-2107	4695
-2111	4692
-2114	4687
-2116	4683
-2120	4680
-2124	4677
-2127	4673
-2131	4672
-2134	4667
-2138	4665
-2141	4661
-2145	4658
-2149	4655
-2153	4653
-2157	4650
-2160	4646
-2162	4641
-2166	4638
-2170	4636
-2173	4631
-2177	4629
-2180	4626
-2183	4622
-2186	4618
-2190	4614
-2192	4610
-2195	4606
-2198	4602
-2202	4599
-2205	4596
-2208	4591
-2210	4586
-2214	4583
-2219	4582
-2222	4579
-2226	4576
-2229	4573
-2232	4569
-2236	4565
-2239	4562
-2243	4559
-2246	4556
-2250	4553
-2254	4550
-2258	4547
-2262	4545
-2265	4542
-2269	4539
-2272	4536
-2276	4532
-2278	4528
-2281	4524
-2286	4522
-2290	4521
-2296	4520
-2297	4513
-2300	4509
-2304	4507
-2307	4504
-2310	4499
-2311	4494
-2314	4489
-2317	4486
-2320	4483
-2322	4477
-2325	4474
-2328	4470
-2331	4465
-2333	4461
-2335	4456
-2339	4453
-2343	4450
-2345	4446
-2347	4441
-2351	4438
-2354	4435
-2357	4431
-2358	4426
-2360	4420
-2363	4416
-2366	4413
-2369	4410
-2372	4405
-2375	4401
-2378	4398
-2380	4394
-2383	4389
-2385	4385
-2387	4380
-2391	4378
-2396	4376
-2399	4373
-2401	4368
-2401	4361
-2403	4356
-2405	4351
-2408	4347
-2411	4344
-2413	4340
-2416	4336
-2420	4334
-2424	4331
-2426	4326
-2427	4321
-2430	4317
-2434	4314
-2438	4311
-2439	4306
-2441	4301
-2443	4296
-2445	4292
-2448	4288
-2452	4285
-2455	4282
-2457	4278
-2460	4274
-2462	4270
-2466	4267
-2467	4261
-2469	4257
-2472	4253
-2474	4248
-2476	4244
-2479	4240
-2482	4237
-2485	4233
-2488	4230
-2491	4226
-2493	4222
-2493	4215
-2495	4211
-2499	4208
-2501	4204
-2503	4199
-2505	4195
-2507	4190
-2510	4187
-2512	4182
-2514	4178
-2517	4174
-2520	4171
-2522	4166
-2523	4161
-2527	4158
-2528	4153
-2528	4147
-2530	4142
-2532	4138
-2537	4136
-2540	4133
-2543	4129
-2545	4125
-2548	4121
-2550	4117
-2553	4114
-2557	4111
-2559	4107
-2562	4103
-2567	4102
-2568	4097
-2571	4093
-2574	4090
-2576	4086
-2577	4080
-2576	4073
-2577	4068
-2581	4065
-2585	4062
-2590	4061
-2592	4056
-2594	4052
-2597	4049
-2601	4046
-2604	4043
-2607	4040
-2611	4037
-2614	4034
-2616	4030
-2619	4026
-2622	4022
-2625	4019
-2629	4016
-2632	4014
-2635	4010
-2638	4007
-2641	4004
-2644	4000
-2648	3998
-2652	3995
-2656	3992
-2660	3990
-2665	3988
-2669	3985
-2672	3982
-2675	3978
-2678	3975
-2681	3972
-2683	3968
-2685	3963
-2687	3959
-2689	3955
-2692	3951
-2695	3948
-2697	3944
-2697	3938
-2698	3933
-2699	3927
-2698	3921
-2699	3915
-2700	3911
-2701	3905
-2702	3901
-2702	3895
-2704	3890
-2705	3886
-2706	3881
-2708	3876
-2709	3871
-2711	3867
-2713	3863
-2712	3857
-2714	3852
-2716	3848
-2717	3843
-2719	3839
-2720	3834
-2721	3830
-2722	3824
-2724	3820
-2726	3816
-2726	3811
-2728	3806
-2728	3801
-2728	3795
-2728	3789
-2730	3785
-2730	3780
-2731	3774
-2732	3770
-2735	3766
-2737	3763
-2738	3758
-2739	3753
-2737	3746
-2735	3739
-2736	3734
-2737	3729
-2739	3725
-2744	3723
-2744	3718
-2743	3712
-2745	3707
-2746	3703
-2747	3698
-2750	3695
-2751	3690
-2753	3686
-2755	3683
-2759	3680
-2762	3677
-2764	3673
-2767	3669
-2769	3665
-2772	3662
-2770	3655
-2773	3652
-2774	3647
-2774	3642
-2775	3637
-2775	3632
-2776	3627
-2776	3622
-2778	3618
-2779	3613
-2779	3608
-2780	3604
-2783	3600
-2785	3596
-2786	3592
-2786	3587
-2788	3582
-2789	3578
-2790	3573
-2790	3568
-2791	3564
-2794	3560
-2794	3555
-2796	3551
-2798	3547
-2798	3542
-2799	3538
-2800	3533
-2801	3528
-2802	3524
-2804	3520
-2804	3515
-2805	3510
-2806	3506
-2807	3501
-2808	3497
-2809	3492
-2811	3488
-2813	3485
-2814	3480
-2814	3475
-2816	3471
-2816	3466
-2816	3461
-2817	3456
-2817	3451
-2817	3447
-2819	3442
-2819	3438
-2819	3433
-2822	3429
-2823	3425
-2823	3420
-2824	3415
-2825	3411
-2826	3407
-2827	3403
-2829	3398
-2830	3394
-2830	3389
-2828	3383
-2828	3378
-2829	3373
-2829	3369
-2831	3365
-2833	3361
-2832	3356
-2832	3351
-2830	3345
-2828	3338
-2828	3334
-2829	3329
-2829	3324
-2829	3320
-2831	3316
-2834	3313
-2837	3310
-2838	3305
-2838	3301
-2839	3297
-2841	3292
-2840	3287
-2841	3283
-2840	3278
-2840	3273
-2842	3269
-2841	3264
-2841	3259
-2838	3252
-2838	3247
-2837	3242
-2838	3238
-2839	3234
-2839	3229
-2837	3223
-2838	3219
-2840	3215
-2837	3209
-2836	3204
-2838	3200
-2840	3196
-2840	3192
-2838	3186
-2838	3181
-2839	3177
-2837	3171
-2836	3166
-2836	3162
-2836	3157
-2836	3152
-2837	3148
-2838	3144
-2837	3139
-2836	3134
-2835	3129
-2835	3124
-2834	3119
-2833	3114
-2835	3110
-2837	3107
-2832	3100
-2832	3095
-2831	3090
-2830	3085
-2831	3081
-2832	3077
-2832	3072
-2831	3067
-2831	3063
-2831	3058
-2831	3054
-2831	3049
-2831	3045
-2830	3040
-2830	3035
-2830	3031
-2829	3026
-2830	3022
-2830	3018
-2830	3013
-2829	3008
-2829	3004
-2828	2999
-2826	2993
-2825	2989
-2824	2984
-2821	2978
-2821	2973
-2823	2970
-2823	2966
-2820	2960
-2819	2955
-2817	2950
-2816	2945
-2815	2940
-2816	2936
-2816	2932
-2815	2927
-2815	2923
-2815	2919
-2814	2914
-2813	2909
-2812	2904
-2812	2900
-2813	2896
-2808	2890
-2806	2885
-2805	2880
-2804	2875
-2803	2870
-2804	2867
-2806	2863
-2805	2859
-2805	2854
-2807	2851
-2805	2846
-2804	2841
-2803	2836
-2802	2832
-2802	2828
-2799	2822
-2799	2818
-2798	2814
-2798	2809
-2798	2805
-2797	2801
-2796	2796
-2794	2791
-2793	2786
-2794	2783
-2794	2779
-2794	2774
-2793	2770
-2793	2766
-2792	2761
-2788	2756
-2788	2751
-2788	2747
-2788	2743
-2787	2739
-2785	2734
-2785	2730
-2787	2726
-2788	2723
-2788	2719
-2785	2714
-2784	2709
-2784	2705
-2784	2701
-2782	2696
-2780	2692
-2781	2688
-2780	2683
-2781	2680
-2781	2676
-2779	2671
-2778	2666
-2777	2662
-2777	2658
-2776	2654
-2775	2650
-2774	2645
-2772	2640
-2772	2637
-2770	2632
-2769	2628
-2764	2622
-2765	2618
-2766	2615
-2766	2610
-2765	2606
-2765	2602
-2763	2598
-2760	2593
-2759	2589
-2760	2585
-2759	2581
-2758	2577
-2757	2572
-2758	2569
-2759	2565
-2755	2560
-2755	2556
-2754	2552
-2755	2548
-2753	2544
-2751	2539
-2751	2535
-2751	2532
-2749	2527
-2749	2523
-2747	2519
-2744	2514
-2742	2509
-2743	2506
-2744	2502
-2741	2498
-2741	2494
-2742	2490
-2742	2487
-2740	2482
-2738	2478
-2736	2473
-2736	2470
-2736	2466
-2735	2462
-2734	2458
-2733	2454
-2732	2450
-2732	2446
-2730	2441
-2729	2437
-2729	2434
-2728	2430
-2727	2426
-2727	2422
-2727	2418
-2727	2414
-2726	2410
-2726	2406
-2725	2402
-2724	2398
-2722	2394
-2720	2390
-2716	2385
-2715	2381
-2716	2378
-2718	2375
-2715	2370
-2714	2366
-2711	2362
-2711	2358
-2712	2355
-2715	2352
-2718	2349
-2718	2345
-2717	2341
-2716	2337
-2716	2334
-2714	2329
-2715	2326
-2714	2322
-2714	2318
-2713	2314
-2712	2311
-2714	2308
-2713	2304
-2712	2300
-2710	2296
-2709	2292
-2709	2288
-2707	2284
-2705	2280
-2704	2276
-2703	2272
-2703	2268
-2701	2265
-2701	2261
-2702	2258
-2701	2254
-2700	2250
-2700	2246
-2700	2243
-2698	2239
-2697	2235
-2694	2231
-2693	2227
-2693	2223
-2692	2219
-2689	2215
-2687	2211
-2688	2208
-2687	2204
-2685	2200
-2685	2197
-2683	2193
-2682	2189
-2683	2186
-2682	2182
-2682	2178
-2683	2175
-2682	2171
-2682	2168
-2681	2164
-2679	2160
-2675	2156
-2673	2152
-2673	2149
-2671	2145
-2670	2141
-2669	2137
-2668	2134
-2666	2130
-2664	2126
-2663	2122
-2661	2118
-2660	2115
-2659	2111
-2659	2108
-2659	2104
-2657	2100
-2655	2096
-2654	2093
-2653	2089
-2651	2086
-2651	2082
-2650	2078
-2649	2075
-2648	2071
-2647	2068
-2645	2064
-2643	2060
-2642	2057
-2642	2053
-2641	2050
-2640	2046
-2638	2042
-2639	2039
-2637	2035
-2636	2032
-2634	2028
-2634	2025
-2633	2021
-2633	2018
-2631	2014
-2629	2010
-2628	2007
-2626	2003
-2625	2000
-2624	1996
-2623	1993
-2619	1989
-2619	1985
-2620	1982
-2618	1978
-2617	1975
-2616	1971
-2615	1968
-2614	1964
-2612	1961
-2611	1957
-2610	1954
-2609	1950
-2607	1947
-2606	1943
-2605	1940
-2603	1936
-2603	1933
-2602	1930
-2600	1926
-2601	1923
-2599	1919
-2596	1916
-2594	1912
-2595	1909
-2595	1906
-2594	1902
-2592	1899
-2590	1895
-2590	1892
-2590	1888
-2587	1885
-2586	1882
-2586	1878
-2586	1875
-2584	1871
-2581	1868
-2580	1865
-2582	1861
-2580	1858
-2578	1855
-2576	1851
-2574	1848
-2574	1844
-2574	1841
-2573	1838
-2571	1834
-2569	1831
-2569	1828
-2567	1824
-2566	1821
-2564	1818
-2563	1814
-2563	1811
-2562	1808
-2561	1804
-2560	1801
-2557	1798
-2556	1794
-2555	1791
-2556	1788
-2556	1784
-2554	1781
-2552	1778
-2551	1774
-2549	1771
-2546	1768
-2544	1764
-2543	1761
-2543	1758
-2541	1755
-2540	1751
-2539	1748
-2537	1745
-2536	1742
-2534	1738
-2532	1735
-2528	1732
-2524	1728
-2521	1725
-2518	1722
-2516	1719
-2515	1715
-2514	1712
-2513	1709
-2514	1706
-2513	1703
-2510	1699
-2509	1696
-2508	1693
-2507	1690
-2506	1687
-2501	1683
-2498	1680
-2496	1677
-2493	1674
-2491	1671
-2492	1668
-2493	1664
-2493	1661
-2491	1658
-2489	1655
-2489	1652
-2488	1649
-2488	1645
-2485	1642
-2484	1639
-2483	1636
-2482	1633
-2481	1630
-2481	1627
-2481	1623
-2479	1620
-2479	1617
-2479	1614
-2479	1611
-2476	1608
-2474	1605
-2474	1601
-2474	1598
-2473	1595
-2473	1592
-2467	1589
-2468	1586
-2468	1583
-2466	1580
-2466	1577
-2466	1573
-2465	1570
-2462	1567
-2462	1564
-2460	1561
-2460	1558
-2460	1555
-2459	1552
-2457	1549
-2457	1546
-2456	1543
-2455	1539
-2454	1536
-2451	1533
-2450	1530
-2450	1527
-2449	1524
-2448	1521
-2447	1518
-2447	1515
-2445	1512
-2444	1509
-2442	1506
-2441	1503
-2441	1500
-2439	1497
-2438	1494
-2437	1491
-2438	1487
-2438	1484
-2436	1481
-2435	1478
-2434	1475
-2433	1472
-2431	1469
-2430	1466
-2428	1463
-2425	1460
-2425	1457
-2428	1454
-2426	1451
-2424	1448
-2424	1445
-2424	1442
-2422	1439
-2420	1436
-2420	1433
-2419	1430
-2419	1427
-2419	1424
-2416	1421
-2414	1418
-2414	1415
-2414	1412
-2411	1409
-2405	1407
-2404	1404
-2405	1401
-2404	1397
-2404	1394
-2402	1392
-2399	1389
-2398	1386
-2397	1383
-2396	1380
-2396	1377
-2395	1374
-2393	1371
-2387	1369
-2384	1366
-2384	1363
-2386	1360
-2384	1357
-2381	1354
-2379	1351
-2378	1348
-2377	1345
-2376	1342
-2374	1340
-2373	1337
-2372	1334
-2371	1331
-2370	1328
-2368	1325
-2364	1323
-2363	1320
-2361	1317
-2361	1314
-2361	1311
-2361	1308
-2360	1305
-2359	1302
-2358	1299
-2357	1296
-2356	1293
-2355	1290
-2353	1287
-2353	1284
-2353	1281
-2353	1278
-2352	1275
-2351	1272
-2351	1269
-2350	1266
-2348	1264
-2346	1261
-2346	1258
-2345	1255
-2346	1252
-2344	1249
-2344	1246
-2343	1243
-2343	1240
-2341	1237
-2340	1234
-2340	1231
-2338	1228
-2339	1225
-2338	1222
-2336	1220
-2335	1217
-2333	1214
-2333	1211
-2331	1208
-2330	1205
-2331	1202
-2330	1199
-2326	1197
-2325	1194
-2325	1191
-2326	1188
-2324	1185
-2323	1182
-2324	1179
-2324	1176
-2323	1173
-2322	1170
-2321	1167
-2320	1164
-2317	1162
-2317	1159
-2317	1155
-2317	1152
-2315	1150
-2314	1147
-2314	1144
-2313	1141
-2312	1138
-2311	1135
-2310	1132
-2310	1129
-2309	1126
-2309	1123
-2307	1120
-2305	1118
-2304	1115
-2302	1112
-2302	1109
-2302	1106
-2302	1103
-2302	1100
-2300	1097
-2299	1095
-2299	1091
-2300	1088
-2300	1085
-2297	1082
-2297	1079
-2296	1077
-2296	1073
-2294	1071
-2291	1068
-2291	1065
-2291	1062
-2292	1059
-2291	1056
-2289	1053
-2288	1050
-2288	1047
-2287	1044
-2286	1042
-2285	1039
-2283	1036
-2281	1034
-2281	1031
-2281	1027
-2279	1025
-2277	1022
-2277	1019
-2277	1016
-2275	1013
-2274	1010
-2274	1007
-2273	1004
-2273	1001
-2271	999
-2270	996
-2269	993
-2268	990
-2266	987
-2266	984
-2265	981
-2266	978
-2264	975
-2263	973
-2262	970
-2262	967
-2260	964
-2260	961
-2260	958
-2258	955
-2257	952
-2257	949
-2257	946
-2257	943
-2255	940
-2253	938
-2252	935
-2251	932
-2250	929
-2249	926
-2248	923
-2247	921
-2247	917
-2246	914
-2245	912
-2243	909
-2244	906
-2241	903
-2241	900
-2242	897
-2240	894
-2238	892
-2239	888
-2238	885
-2236	882
-2236	879
-2234	877
-2233	874
-2232	871
-2231	868
-2229	866
-2228	863
-2227	860
-2226	857
-2224	855
-2224	852
-2223	848
-2222	846
-2220	843
-2219	840
-2220	837
-2218	834
-2216	832
-2215	829
-2215	826
-2214	823
-2213	820
-2212	817
-2212	814
-2212	811
-2211	808
-2211	804
-2209	802
-2208	799
-2207	796
-2206	794
-2203	791
-2204	788
-2205	784
-2204	781
-2202	779
-2200	776
-2199	773
-2198	770
-2198	767
-2196	765
-2193	762
-2192	760
-2192	756
-2192	753
-2191	750
-2187	748
-2187	745
-2188	741
-2187	739
-2185	736
-2183	734
-2182	731
-2180	728
-2180	725
-2178	723
-2176	720
-2175	717
-2175	714
-2175	711
-2173	708
-2169	707
-2171	703
-2172	699
-2171	696
-2170	693
-2166	691
-2162	690
-2159	688
-2159	685
-2158	681
-2156	679
-2154	677
-2154	674
-2151	671
-2148	670
-2147	667
-2146	664
-2147	660
-2146	657
-2145	654
-2146	651
-2144	648
-2144	645
-2143	641
-2142	639
-2140	636
-2138	634
-2137	631
-2135	628
-2135	625
-2134	622
-2131	620
-2133	616
-2132	613
-2131	610
-2130	607
-2129	604
-2126	602
-2123	600
-2122	598
-2121	595
-2122	591
-2120	588
-2119	586
-2117	583
-2117	580
-2115	577
-2114	574
-2113	571
-2112	568
-2110	566
-2109	563
-2108	560
-2107	557
-2107	554
-2106	550
-2105	548
-2102	546
-2100	543
-2099	540
-2100	537
-2099	534
-2099	530
-2098	527
-2095	525
-2093	523
-2091	520
-2092	517
-2091	513
-2090	510
-2090	507
-2089	504
-2088	501
-2087	498
-2085	496
-2085	492
-2083	490
-2080	488
-2078	485
-2076	483
-2076	480
-2074	477
-2072	474
-2071	472
-2070	469
-2070	465
-2069	462
-2068	459
-2065	457
-2064	455
-2061	452
-2061	449
-2062	445
-2060	442
-2057	441
-2055	438
-2055	435
-2056	430
-2055	427
-2055	424
-2053	421
-2052	418
-2051	415
-2048	413
-2048	410
-2046	407
-2043	406
-2040	404
-2039	401
-2037	399
-2035	396
-2034	393
-2032	391
-2031	388
-2030	385
-2028	382
-2027	379
-2027	375
-2025	373
-2024	370
-2022	368
-2021	365
-2019	362
-2018	359
-2018	356
-2017	353
-2015	350
-2013	348
-2011	345
-2010	342
-2009	339
-2009	335
-2008	332
-2007	329
-2006	326
-2005	323
-2004	320
-2003	317
-2003	313
-2002	310
-2001	307
-2000	304
-1998	301
-1995	300
-1994	296
-1993	293
-1991	291
-1990	288
-1990	284
-1991	280
-1990	276
-1989	273
-1987	271
-1985	268
-1985	265
-1984	261
-1983	258
-1983	254
-1982	251
-1981	248
-1980	245
-1977	243
-1975	240
-1974	237
-1973	234
-1972	231
-1970	229
-1969	226
-1969	221
-1967	219
-1966	216
-1966	212
-1965	209
-1964	206
-1962	203
-1961	200
-1960	196
-1960	192
-1962	187
-1960	184
-1958	182
-1955	180
-1951	180
-1945	180
-1943	178
-1942	175
-1938	174
-1932	174
-1929	173
-1926	171
-1923	170
-1920	168
-1917	167
-1914	165
-1911	163
-1908	161
-1904	161
-1901	159
-1899	157
-1900	152
-1901	147
-1900	144
-1900	140
-1899	136
-1899	133
-1897	130
-1894	128
-1892	126
-1892	122
-1892	117
-1891	114
-1889	112
-1888	108
-1887	105
-1889	99
-1889	95
-1888	92
-1887	88
-1883	87
-1882	84
-1883	79
-1881	77
-1878	75
-1878	71
-1878	66
-1879	61
-1878	58
-1877	55
-1873	54
-1872	51
-1872	46
-1871	43
-1869	40
-1869	36
-1867	33
-1865	31
-1865	27
-1866	21
-1866	17
-1864	14
-1863	11
-1861	8
-1860	5
-1858	3
-1858	-2
-1856	-5
-1855	-8
-1855	-12
-1855	-17
-1854	-20
-1853	-24
-1851	-27
-1850	-30
-1851	-35
-1850	-39
-1846	-40
-1842	-41
-1841	-45
-1842	-50
-1843	-56
-1843	-60
-1842	-64
-1841	-67
-1839	-70
-1837	-72
-1836	-76
-1833	-77
-1832	-81
-1833	-86
-1832	-91
-1831	-94
-1830	-97
-1829	-101
-1829	-106
-1829	-111
-1825	-112
-1823	-114
-1821	-117
-1820	-120
-1817	-122
-1814	-124
-1810	-125
-1805	-124
-1802	-125
-1799	-127
-1797	-130
-1794	-132
-1790	-132
-1787	-133
-1787	-139
-1787	-143
-1784	-145
-1778	-143
-1765	-134
-1755	-128
-1747	-124
-1741	-122
-1735	-121
-1732	-122
-1730	-125
-1729	-128
-1728	-132
-1722	-130
-1716	-128
-1714	-131
-1712	-133
-1704	-130
-1700	-130
-1696	-130
-1692	-131
-1688	-131
-1686	-134
-1685	-137
-1685	-142
-1685	-147
-1682	-148
-1675	-145
-1670	-145
-1667	-146
-1660	-142
-1653	-139
-1646	-136
-1641	-135
-1639	-138
-1637	-140
-1637	-145
-1636	-148
-1633	-150
-1628	-149
-1625	-151
-1622	-152
-1620	-155
-1617	-156
-1616	-159
-1608	-155
-1594	-143
-1586	-138
-1582	-138
-1581	-142
-1580	-145
-1579	-149
-1576	-150
-1573	-152
-1566	-148
-1563	-149
-1564	-156
-1564	-161
-1552	-151
-1546	-148
-1541	-146
-1538	-148
-1527	-139
-1520	-136
-1501	-116
-1496	-115
-1494	-117
-1491	-118
-1489	-120
-1486	-122
-1484	-124
-1481	-125
-1478	-126
-1476	-128
-1473	-130
-1470	-131
-1467	-132
-1465	-134
-1464	-137
-1461	-139
-1458	-139
-1455	-140
-1452	-141
-1449	-142
-1445	-142
-1441	-143
-1438	-143
-1434	-142
-1430	-142
-1427	-142
-1422	-141
-1419	-142
-1415	-142
-1412	-142
-1408	-142
-1405	-143
-1402	-144
-1400	-146
-1397	-147
-1392	-146
-1387	-143
-1382	-143
-1379	-143
-1376	-144
-1373	-145
-1371	-147
-1369	-149
-1366	-150
-1364	-152
-1361	-154
-1359	-155
-1357	-158
-1352	-156
-1348	-156
-1346	-157
-1343	-158
-1339	-157
-1335	-157
-1331	-157
-1326	-155
-1323	-155
-1319	-155
-1317	-156
-1316	-160
-1314	-162
-1312	-166
-1311	-168
-1307	-167
-1300	-163
-1296	-162
-1293	-163
-1290	-164
-1287	-164
-1284	-165
-1283	-169
-1283	-174
-1280	-174
-1277	-175
-1272	-173
-1269	-173
-1266	-175
-1264	-176
-1260	-176
-1257	-176
-1253	-176
-1250	-176
-1246	-175
-1242	-174
-1239	-174
-1235	-174
-1232	-174
-1228	-174
-1225	-174
-1222	-174
-1218	-174
-1216	-176
-1213	-176
-1208	-174
-1204	-173
-1200	-172
-1197	-172
-1194	-173
-1192	-175
-1190	-177
-1186	-177
-1183	-178
-1173	-165
-1167	-162
-1164	-162
-1162	-164
-1160	-166
-1157	-166
-1154	-166
-1151	-168
-1149	-169
-1146	-170
-1143	-170
-1140	-171
-1138	-173
-1136	-174
-1133	-175
-1129	-174
-1126	-174
-1123	-176
-1121	-178
-1118	-178
-1114	-176
-1111	-176
-1106	-174
-1103	-173
-1101	-177
-1098	-177
-1095	-177
-1092	-177
-1089	-178
-1086	-178
-1083	-178
-1079	-176
-1076	-178
-1073	-177
-1070	-177
-1066	-176
-1064	-178
-1060	-176
-1055	-172
-1050	-169
-1046	-167
-1042	-165
-1039	-167
-1038	-170
-1035	-171
-1033	-171
-1027	-166
-1025	-168
-1023	-172
-1020	-171
-1014	-165
-1008	-159
-1004	-157
-1000	-156
-997	-155
-994	-156
-992	-157
-990	-160
-987	-160
-984	-159
-980	-159
-976	-155
-975	-159
-974	-165
-971	-164
-968	-165
-963	-160
-959	-158
-955	-156
-946	-144
-938	-132
-933	-129
-930	-129
-928	-131
-926	-133
-925	-136
-924	-139
-922	-142
-920	-144
-917	-145
-914	-143
-910	-142
-909	-145
-908	-149
-900	-139
-896	-136
-894	-138
-891	-139
-889	-140
-887	-141
-885	-145
-885	-150
-884	-154
-881	-155
-878	-155
-873	-150
-869	-147
-865	-145
-862	-143
-859	-143
-856	-143
-853	-144
-780	-2
-776	-0
-774	-0
-771	1
-768	1
-765	1
-762	1
-760	1
-757	2
-754	2
-752	2
-750	2
-747	3
-744	3
-742	2
-740	1
-737	2
-735	-1
-735	-7
-735	-15
-734	-17
-729	-12
-724	-6
-722	-6
-721	-12
-721	-16
-719	-20
-719	-25
-747	-128
-746	-133
-745	-135
-743	-139
-741	-140
-738	-141
-736	-142
-733	-142
-732	-145
-729	-145
-727	-146
-724	-147
-722	-147
-720	-149
-717	-149
-714	-150
-712	-151
-710	-152
-708	-153
-705	-155
-703	-155
-700	-155
-697	-155
-695	-154
-692	-154
-689	-155
-687	-156
-685	-157
-682	-158
-682	-164
-679	-163
-674	-158
-670	-153
-668	-154
-665	-155
-663	-156
-661	-157
-658	-156
-654	-153
-650	-150
-648	-150
-645	-149
-642	-148
-640	-150
-638	-152
-635	-153
-633	-155
-631	-156
-629	-157
-627	-160
-625	-164
-623	-165
-619	-162
-615	-156
-611	-150
-607	-147
-604	-145
-602	-146
-600	-149
-599	-154
-598	-161
-600	-175
-598	-177
-593	-170
-593	-180
-591	-182
-581	-155
-578	-153
-576	-155
-574	-158
-572	-160
-569	-159
-567	-160
-564	-161
-563	-165
-561	-169
-559	-171
-558	-177
-555	-175
-552	-175
-551	-178
-549	-181
-547	-183
-543	-181
-541	-180
-538	-181
-536	-182
-533	-182
-531	-184
-529	-183
-526	-184
-523	-182
-520	-182
-518	-184
-516	-184
-513	-184
-510	-183
-508	-183
-505	-182
-502	-181
-499	-180
-497	-182
-495	-182
-492	-183
-490	-183
-487	-183
-484	-181
-482	-182
-479	-183
-477	-184
-474	-182
-471	-180
-469	-181
-467	-183
-464	-184
-461	-182
-458	-181
-456	-181
-453	-181
-451	-181
-448	-182
-445	-178
-442	-177
-440	-178
-437	-178
-435	-180
-433	-182
-431	-182
-428	-183
-426	-182
-423	-183
-421	-183
-418	-184
-416	-183
-413	-184
-410	-183
-408	-183
-405	-182
-403	-183
-400	-182
-397	-181
-395	-182
-393	-182
-390	-182
-387	-181
-385	-182
-382	-181
-380	-181
-377	-182
-375	-182
-372	-183
-370	-182
-367	-183
-365	-183
-363	-183
-360	-183
-357	-181
-355	-181
-352	-182
-350	-182
-347	-183
-345	-181
-342	-181
-340	-182
-337	-182
-335	-182
-332	-182
-330	-181
-327	-182
-325	-182
-322	-182
-320	-183
-317	-182
-315	-182
-312	-182
-310	-181
-307	-181
-305	-182
-302	-183
-300	-182
-297	-181
-295	-182
-292	-180
-290	-180
-287	-181
-285	-181
-282	-181
-280	-182
-277	-181
-275	-181
-272	-181
-270	-181
-267	-181
-265	-181
-263	-181
-260	-181
-258	-181
-255	-180
-253	-181
-250	-182
-248	-182
-245	-182
-243	-181
-240	-181
-238	-181
-235	-181
-233	-181
-230	-181
-228	-180
-225	-180
-223	-180
-221	-181
-218	-181
-216	-181
-213	-180
-211	-181
-208	-181
-206	-181
-203	-181
-201	-181
-198	-181
-196	-180
-193	-180
-191	-181
-188	-180
-186	-180
-184	-180
-181	-180
-179	-180
-176	-179
-174	-181
-171	-181
-169	-180
-166	-179
-164	-179
-161	-179
-159	-179
-157	-180
-154	-180
-152	-180
-149	-180
-147	-180
-144	-179
-142	-179
-139	-179
-137	-179
-134	-179
-132	-180
-130	-180
-127	-180
-125	-180
-122	-180
-120	-179
-117	-179
-115	-179
-112	-179
-110	-179
-108	-179
-105	-180
-103	-180
-100	-179
-98	-179
-95	-180
-93	-180
-90	-180
-88	-180
-86	-180
-83	-179
-81	-179
-78	-180
-76	-179
-71	-179
-68	-179
-66	-179
-63	-179
-61	-179
-59	-180
-56	-180
-54	-180
-51	-181
-49	-181
-46	-180
-44	-180
-41	-181
-39	-180
-37	-179
-34	-180
-32	-180
-29	-180
-27	-179
-24	-179
-22	-179
-19	-180
-17	-180
-15	-181
-12	-180
-10	-180
-7	-179
-5	-179
-2	-180
0	-180
3	-181
5	-180
8	-181
10	-180
12	-180
15	-179
17	-180
20	-181
22	-180
25	-180
27	-180
30	-180
32	-180
34	-180
37	-180
39	-181
42	-181
44	-182
47	-181
49	-181
52	-181
54	-180
57	-181
59	-181
62	-180
64	-180
66	-181
69	-181
71	-181
74	-181
76	-180
79	-181
81	-182
84	-182
86	-182
89	-181
91	-180
93	-180
96	-181
99	-182
101	-180
103	-180
106	-180
108	-180
111	-180
113	-180
116	-180
118	-182
121	-182
123	-181
126	-181
128	-181
131	-181
133	-179
135	-180
138	-180
140	-179
143	-180
145	-181
148	-181
150	-179
153	-179
155	-181
158	-181
161	-182
163	-182
165	-181
168	-180
170	-180
173	-180
175	-179
178	-181
180	-182
183	-182
185	-182
188	-183
190	-182
193	-181
195	-179
197	-176
200	-176
202	-177
205	-176
207	-177
210	-178
212	-178
215	-179
218	-179
220	-180
223	-181
225	-180
228	-180
230	-181
233	-181
235	-181
238	-181
240	-182
243	-182
245	-180
248	-181
250	-180
253	-181
255	-181
258	-182
261	-182
263	-182
265	-181
268	-179
271	-181
273	-181
276	-181
278	-180
280	-180
283	-181
286	-181
288	-181
291	-180
293	-181
296	-181
298	-181
301	-180
303	-180
306	-178
308	-177
310	-177
313	-179
316	-180
319	-181
321	-180
324	-180
326	-181
329	-182
332	-182
334	-183
337	-183
339	-181
342	-181
344	-181
347	-181
350	-181
352	-181
355	-181
357	-182
360	-181
362	-180
365	-180
367	-180
370	-181
373	-182
375	-182
378	-181
380	-180
383	-180
386	-181
388	-182
391	-181
393	-181
396	-182
398	-180
401	-180
404	-182
407	-182
409	-181
411	-180
414	-180
417	-182
419	-181
422	-179
424	-180
427	-181
430	-180
432	-181
435	-180
437	-179
440	-179
443	-180
445	-180
448	-180
451	-180
453	-180
456	-179
458	-179
461	-178
464	-179
467	-181
469	-181
472	-180
475	-180
477	-180
480	-181
482	-180
485	-179
488	-180
491	-181
493	-181
496	-180
499	-181
501	-181
504	-181
507	-181
510	-181
512	-182
515	-181
517	-181
520	-181
523	-181
525	-180
528	-179
531	-180
533	-180
536	-180
539	-180
541	-180
544	-181
547	-181
550	-180
551	-177
554	-176
555	-173
556	-167
557	-162
558	-158
560	-155
562	-152
564	-150
565	-146
566	-142
567	-137
569	-134
571	-133
573	-131
576	-131
579	-131
581	-131
584	-132
598	-163
601	-163
600	-154
602	-150
604	-149
606	-146
608	-145
611	-145
615	-148
622	-161
626	-164
628	-163
630	-161
632	-158
634	-155
636	-153
638	-151
640	-150
642	-149
645	-148
647	-147
650	-146
652	-146
656	-148
661	-154
664	-155
667	-155
670	-155
673	-156
676	-157
679	-158
681	-155
681	-149
683	-145
685	-143
687	-142
689	-141
692	-141
695	-142
702	-150
705	-152
708	-153
711	-152
714	-153
716	-152
718	-150
721	-149
724	-149
726	-147
728	-146
730	-145
733	-143
735	-142
738	-141
740	-140
742	-139
744	-136
745	-133
746	-129
747	-123
747	-118
748	-113
748	-108
720	-16
720	-9
720	-4
722	-2
723	0
726	1
728	2
730	3
733	3
736	2
739	2
742	1
745	-0
747	2
774	-3
775	-0
778	1
780	2
866	-140
870	-143
878	-151
884	-157
888	-159
890	-158
891	-152
890	-146
891	-142
893	-139
895	-137
897	-136
901	-137
906	-141
912	-146
917	-150
918	-147
919	-142
919	-137
921	-134
922	-131
925	-130
927	-128
930	-128
933	-128
937	-129
940	-130
977	-190
976	-184
978	-180
981	-180
985	-182
990	-184
992	-183
994	-181
998	-182
1001	-181
1004	-181
1007	-180
1010	-180
1014	-181
1017	-180
1020	-181
1023	-181
1027	-181
1030	-181
1033	-180
1036	-180
1039	-180
1041	-177
1042	-173
1042	-168
1044	-166
1047	-165
1050	-164
1052	-163
1055	-161
1057	-160
1059	-157
1061	-155
1063	-154
1066	-153
1070	-154
1076	-159
1081	-160
1085	-162
1091	-166
1096	-169
1101	-171
1106	-174
1111	-177
1114	-176
1118	-177
1121	-176
1125	-176
1129	-177
1132	-177
1135	-176
1138	-176
1141	-175
1145	-176
1149	-176
1151	-175
1153	-171
1155	-169
1159	-170
1164	-173
1168	-174
1170	-172
1173	-170
1176	-170
1182	-174
1187	-176
1189	-173
1187	-165
1184	-155
1183	-149
1185	-146
1187	-145
1190	-144
1194	-145
1202	-151
1215	-164
1225	-173
1230	-175
1233	-174
1237	-175
1241	-177
1250	-184
1255	-185
1258	-184
1261	-184
1264	-182
1267	-182
1270	-181
1273	-179
1275	-177
1279	-177
1283	-179
1286	-177
1288	-175
1289	-171
1291	-168
1293	-166
1295	-163
1297	-161
1302	-163
1310	-169
1320	-177
1326	-181
1328	-178
1323	-166
1321	-158
1323	-156
1326	-155
1329	-154
1332	-153
1335	-152
1340	-153
1345	-155
1352	-160
1362	-166
1367	-169
1369	-166
1371	-163
1373	-161
1374	-157
1376	-154
1379	-154
1387	-159
1393	-161
1395	-159
1396	-155
1398	-153
1400	-151
1403	-149
1405	-147
1409	-147
1413	-148
1417	-147
1420	-146
1422	-144
1426	-144
1432	-146
1442	-154
1455	-165
1458	-164
1445	-142
1445	-138
1448	-137
1452	-136
1456	-137
1460	-136
1464	-137
1469	-137
1474	-138
1479	-140
1484	-140
1489	-142
1492	-140
1496	-140
1500	-140
1504	-140
1509	-141
1513	-141
1518	-141
1521	-140
1523	-138
1525	-135
1527	-133
1530	-131
1532	-129
1534	-126
1536	-124
1539	-121
1542	-120
1545	-120
1549	-119
1558	-124
1559	-121
1553	-110
1553	-104
1560	-108
1601	-148
1604	-146
1606	-143
1607	-140
1607	-135
1606	-129
1606	-124
1605	-118
1605	-114
1607	-111
1616	-116
1625	-121
1626	-118
1627	-114
1629	-111
1632	-109
1638	-112
1650	-120
1654	-119
1658	-119
1664	-120
1670	-121
1675	-122
1681	-123
1687	-125
1700	-134
1704	-133
1709	-133
1717	-137
1722	-137
1723	-134
1727	-133
1734	-135
1738	-134
1741	-133
1744	-131
1746	-128
1749	-126
1752	-125
1756	-124
1763	-126
1767	-125
1770	-123
1772	-120
1775	-119
1780	-119
1788	-122
1794	-123
1805	-129
1810	-129
1814	-129
1819	-128
1823	-127
1827	-126
1816	-111
1813	-104
1815	-101
1817	-98
1819	-96
1822	-93
1825	-91
1828	-90
1830	-87
1835	-87
1840	-87
1845	-87
1848	-85
1857	-89
1889	-114
1894	-114
1900	-115
1903	-113
1909	-113
1918	-116
1931	-123
1937	-124
1940	-123
1944	-121
1948	-120
1950	-117
1951	-113
1954	-111
1958	-109
1964	-110
1970	-111
1968	-105
1968	-99
1969	-95
1969	-91
1970	-87
1973	-85
1976	-83
1980	-82
1985	-81
1988	-79
1992	-78
1999	-79
2043	-112
2047	-111
2048	-107
2047	-102
2050	-99
2054	-98
2059	-98
2064	-97
2068	-95
2071	-94
2076	-93
2081	-93
2084	-90
2085	-86
2088	-84
2092	-83
2097	-82
2103	-82
2108	-81
2110	-78
2112	-75
2116	-74
2119	-71
2119	-67
2123	-65
2128	-64
2131	-62
2135	-60
2139	-59
2142	-57
2146	-55
2156	-58
2192	-82
2206	-88
2212	-88
2216	-86
2218	-83
2220	-80
2224	-78
2228	-76
2230	-73
2233	-71
2239	-71
2250	-74
2259	-76
2266	-77
2269	-74
2269	-69
2279	-72
2293	-78
2316	-90
2320	-88
2323	-86
2330	-86
2328	-79
2326	-73
2327	-69
2330	-66
2342	-70
2357	-77
2368	-79
2368	-74
2367	-69
2371	-68
2377	-67
2383	-66
2395	-70
2409	-75
2414	-74
2417	-71
2423	-71
2430	-71
2436	-70
2439	-67
2441	-64
2445	-61
2448	-59
2452	-56
2461	-58
2465	-56
2468	-53
2474	-52
2479	-50
2483	-49
2488	-47
2490	-44
2491	-39
2492	-35
2495	-32
2497	-29
2499	-25
2499	-20
2498	-15
2501	-12
2504	-9
2505	-5
2505	-0
2506	4
2509	7
2509	12
2510	16
2510	20
2511	25
2511	29
2513	33
2515	37
2517	40
2516	46
2517	50
2518	53
2518	58
2516	64
2517	68
2520	71
2523	74
2523	79
2523	84
2524	87
2525	91
2525	96
2526	100
2527	104
2528	109
2527	114
2528	117
2530	121
2531	125
2534	128
2533	133
2533	138
2531	143
2532	147
2534	151
2536	154
2538	158
2539	162
2538	167
2537	172
2538	176
2538	181
2539	185
2539	189
2540	193
2541	197
2540	202
2541	206
2541	211
2542	214
2543	218
2545	222
2546	226
2547	230
2547	234
2547	239
2546	244
2546	248
2546	252
2547	257
2547	261
2549	265
2550	268
2551	272
2551	276
2553	280
2553	284
2555	288
2557	291
2552	298
2552	303
2555	306
2556	309
2557	313
2558	317
2558	321
2559	325
2562	328
2564	331
2565	335
2566	339
2566	343
2567	347
2568	351
2569	355
2570	359
2571	362
2572	366
2573	370
2574	374
2574	378
2572	383
2574	387
2575	390
2576	394
2577	398
2578	402
2578	406
2578	411
2578	415
2581	418
2583	421
2583	425
2583	429
2583	434
2583	438
2584	442
2585	445
2585	450
2585	454
2586	457
2586	462
2585	467
2588	470
2591	472
2590	477
2591	481
2593	484
2594	488
2595	491
2596	495
2595	500
2594	504
2594	508
2593	513
2597	515
2598	519
2598	524
2596	528
2593	534
2596	537
2599	540
2600	543
2600	547
2601	551
2601	555
2602	559
2602	563
2603	567
2604	571
2603	575
2604	579
2605	582
2606	586
2606	590
2608	594
2607	598
2607	602
2607	606
2610	609
2611	613
2612	616
2613	620
2612	624
2613	628
2613	632
2615	635
2615	639
2617	643
2618	646
2617	651
2616	655
2617	659
2618	663
2619	666
2620	670
2622	673
2622	677
2622	681
2624	684
2626	687
2627	691
2627	695
2627	699
2628	703
2629	706
2629	710
2631	714
2632	717
2634	721
2635	724
2637	727
2639	731
2637	735
2637	739
2638	743
2639	747
2639	751
2640	754
2642	758
2642	762
2643	765
2645	768
2646	772
2646	776
2647	780
2647	783
2648	787
2650	791
2651	794
2651	798
2651	802
2652	805
2653	809
2653	813
2652	817
2653	821
2656	824
2656	828
2657	832
2660	835
2661	838
2659	843
2659	846
2661	850
2661	854
2661	858
2662	861
2664	865
2664	868
2665	872
2667	875
2667	879
2666	883
2667	887
2667	891
2668	894
2669	898
2670	901
2669	906
2671	909
2672	912
2673	916
2674	920
2675	923
2674	928
2675	931
2675	935
2675	939
2675	943
2676	946
2677	950
2679	953
2678	957
2677	961
2677	965
2679	968
2680	972
2682	975
2683	979
2683	983
2684	986
2683	990
2683	994
2683	998
2684	1002
2685	1005
2687	1009
2688	1012
2686	1016
2687	1020
2688	1024
2689	1027
2689	1031
2689	1035
2691	1038
2694	1041
2695	1045
2694	1049
2696	1052
2697	1056
2698	1059
2698	1063
2699	1067
2702	1070
2703	1074
2704	1077
2702	1081
2703	1085
2703	1089
2704	1092
2706	1096
2706	1099
2707	1103
2707	1107
2707	1111
2708	1114
2708	1118
2710	1121
2713	1125
2711	1129
2712	1132
2711	1136
2712	1140
2713	1143
2713	1147
2714	1151
2716	1154
2717	1158
2719	1161
2720	1165
2720	1168
2720	1172
2718	1176
2716	1180
2719	1184
2722	1187
2723	1191
2723	1194
2723	1198
2727	1201
2726	1205
2725	1209
2727	1212
2727	1216
2727	1220
2728	1224
2729	1227
2728	1231
2729	1235
2729	1238
2729	1242
2729	1246
2730	1250
2731	1253
2730	1257
2731	1261
2732	1264
2733	1268
2734	1271
2735	1275
2734	1279
2736	1282
2737	1286
2738	1290
2740	1293
2740	1297
2740	1301
2740	1304
2740	1308
2739	1312
2739	1316
2740	1319
2743	1323
2744	1326
2745	1330
2745	1333
2746	1337
2745	1341
2745	1345
2747	1348
2746	1352
2747	1356
2747	1359
2749	1363
2750	1367
2751	1370
2753	1374
2752	1377
2753	1381
2755	1385
2757	1388
2756	1392
2756	1396
2758	1399
2758	1403
2759	1407
2760	1410
2760	1414
2761	1418
2760	1421
2759	1425
2759	1429
2761	1433
2762	1436
2764	1440
2766	1443
2766	1447
2765	1451
2769	1454
2769	1458
2770	1462
2770	1465
2770	1469
2772	1473
2772	1476
2773	1480
2773	1484
2772	1488
2773	1491
2774	1495
2775	1499
2776	1502
2777	1506
2778	1510
2779	1513
2780	1517
2782	1521
2782	1524
2784	1528
2784	1532
2785	1535
2786	1539
2786	1543
2786	1547
2787	1550
2786	1554
2785	1558
2787	1562
2789	1565
2790	1569
2792	1573
2793	1576
2794	1580
2796	1584
2796	1587
2797	1591
2798	1595
2799	1599
2799	1602
2800	1606
2799	1610
2799	1614
2799	1617
2800	1621
2801	1625
2803	1628
2805	1632
2805	1636
2804	1640
2802	1643
2802	1647
2802	1651
2802	1655
2803	1659
2805	1662
2807	1666
2808	1670
