2410	1649
2411	1653
2411	1656
2412	1659
2413	1662
2413	1666
2414	1672
2415	1675
2415	1678
2415	1682
2416	1685
2418	1688
2419	1691
2419	1695
2419	1698
2419	1701
2419	1704
2419	1708
2419	1711
2419	1714
2422	1717
2422	1721
2421	1724
2422	1727
2424	1730
2422	1734
2421	1737
2423	1740
2423	1743
2422	1747
2423	1750
2425	1753
2425	1756
2425	1760
2425	1763
2427	1766
2428	1769
2429	1773
2429	1776
2429	1779
2431	1783
2433	1786
2436	1789
2438	1793
2436	1796
2436	1799
2438	1802
2438	1806
2438	1809
2438	1812
2442	1816
2442	1819
2441	1822
2441	1826
2441	1829
2441	1832
2441	1835
2441	1839
2442	1842
2443	1845
2443	1849
2444	1852
2444	1855
2445	1859
2444	1862
2444	1865
2444	1868
2445	1872
2446	1875
2447	1878
2447	1882
2447	1885
2448	1888
2449	1892
2448	1895
2449	1898
2449	1902
2449	1905
2448	1908
2448	1912
2450	1915
2451	1918
2452	1922
2453	1925
2452	1928
2452	1932
2453	1935
2453	1939
2452	1942
2453	1945
2454	1949
2452	1952
2452	1955
2452	1958
2455	1962
2456	1965
2457	1969
2458	1972
2457	1976
2456	1979
2457	1982
2457	1986
2459	1989
2459	1992
2458	1996
2458	1999
2458	2002
2457	2005
2457	2009
2458	2012
2457	2016
2459	2019
2462	2023
2462	2026
2462	2030
2462	2033
2464	2037
2464	2040
2465	2043
2464	2047
2464	2050
2464	2053
2465	2057
2464	2060
2465	2064
2464	2067
2466	2071
2466	2074
2468	2078
2467	2081
2467	2084
2467	2088
2467	2091
2466	2094
2467	2098
2467	2101
2466	2104
2468	2108
2469	2112
2472	2116
2471	2119
2471	2122
2471	2126
2470	2129
2469	2132
2470	2136
2472	2139
2471	2143
2470	2146
2470	2149
2470	2153
2471	2156
2472	2160
2470	2163
2473	2167
2473	2170
2473	2174
2472	2177
2470	2180
2471	2184
2471	2187
2472	2191
2471	2194
2472	2198
2472	2201
2472	2205
2472	2208
2473	2212
2472	2215
2473	2219
2474	2222
2474	2226
2473	2229
2473	2233
2474	2236
2474	2240
2474	2243
2472	2246
2474	2250
2473	2253
2473	2257
2473	2260
2475	2264
2476	2268
2476	2271
2476	2275
2477	2279
2476	2282
2476	2285
2476	2289
2475	2292
2475	2296
2476	2299
2477	2303
2477	2307
2477	2310
2476	2313
2476	2317
2476	2321
2479	2325
2479	2328
2479	2332
2479	2335
2478	2339
2478	2342
2478	2346
2476	2349
2476	2352
2478	2356
2478	2360
2478	2363
2478	2367
2477	2370
2478	2374
2479	2378
2479	2381
2479	2385
2479	2389
2478	2392
2477	2395
2476	2399
2478	2403
2479	2407
2479	2410
2479	2414
2477	2417
2476	2420
2477	2424
2480	2428
2480	2432
2480	2436
2478	2439
2478	2442
2479	2446
2479	2450
2480	2454
2479	2457
2479	2461
2480	2464
2480	2468
2480	2472
2480	2475
2479	2479
2480	2483
2480	2486
2480	2490
2481	2494
2482	2498
2482	2502
2480	2505
2478	2508
2476	2511
2475	2514
2475	2518
2479	2523
2479	2526
2480	2530
2480	2534
2479	2538
2480	2542
2481	2545
2483	2550
2483	2554
2482	2557
2482	2561
2482	2564
2481	2568
2480	2571
2480	2575
2481	2579
2482	2583
2481	2587
2481	2590
2480	2594
2481	2598
2482	2602
2481	2605
2480	2609
2481	2613
2482	2617
2482	2621
2481	2624
2479	2627
2479	2631
2481	2635
2481	2639
2481	2643
2481	2647
2481	2651
2482	2655
2482	2658
2480	2662
2481	2666
2480	2669
2480	2673
2481	2677
2480	2681
2480	2684
2482	2689
2485	2694
2483	2697
2482	2701
2483	2705
2483	2709
2483	2712
2483	2717
2485	2721
2485	2725
2485	2729
2485	2733
2487	2737
2486	2741
2487	2745
2486	2749
2485	2752
2484	2756
2484	2760
2487	2765
2489	2770
2490	2774
2488	2777
2489	2781
2488	2785
2488	2789
2490	2794
2490	2798
2490	2802
2488	2805
2488	2809
2490	2814
2491	2818
2490	2822
2495	2828
2495	2832
2491	2834
2491	2838
2492	2843
2493	2847
2494	2852
2495	2856
2494	2860
2493	2863
2494	2868
2492	2871
2492	2875
2491	2879
2490	2882
2492	2887
2493	2892
2495	2897
2494	2900
2495	2905
2493	2908
2491	2911
2491	2915
2493	2920
2494	2925
2494	2929
2494	2933
2493	2937
2494	2942
2492	2945
2494	2950
2494	2954
2493	2958
2491	2961
2492	2966
2492	2970
2492	2974
2492	2978
2493	2983
2491	2986
2489	2989
2490	2994
2491	2999
2490	3002
2489	3006
2491	3011
2490	3015
2491	3020
2493	3025
2492	3029
2491	3033
2491	3037
2491	3041
2491	3045
2491	3050
2491	3054
2489	3057
2489	3062
2489	3066
2487	3069
2488	3074
2488	3078
2488	3083
2487	3086
2487	3091
2485	3094
2482	3097
2481	3101
2483	3106
2485	3111
2485	3116
2484	3120
2483	3124
2481	3127
2480	3131
2480	3135
2476	3137
2476	3141
2407	3110
2402	3111
2401	3115
2400	3119
2398	3122
2396	3125
2393	3128
2390	3131
2408	3146
2475	3190
2476	3195
2477	3200
2476	3204
2475	3208
2473	3211
2471	3214
2470	3219
2470	3223
2469	3227
2469	3231
2468	3235
2466	3239
2465	3243
2465	3247
2464	3251
2464	3256
2465	3260
2463	3264
2462	3268
2462	3272
2461	3276
2459	3280
2459	3284
2458	3288
2457	3293
2455	3296
2454	3300
2454	3305
2454	3309
2453	3313
2455	3319
2454	3323
2453	3327
2451	3331
2452	3336
2450	3339
2447	3342
2445	3346
2445	3350
2445	3355
2445	3360
2447	3365
2446	3370
2445	3374
2444	3378
2444	3383
2445	3388
2441	3391
2439	3394
2439	3398
2441	3404
2442	3410
2443	3416
2444	3422
2442	3425
2442	3429
2440	3433
2439	3438
2438	3441
2437	3446
2437	3450
2436	3455
2437	3460
2435	3464
2435	3469
2433	3472
2432	3476
2431	3481
2428	3484
2428	3488
2426	3492
2424	3495
2422	3499
2422	3504
2422	3509
2424	3515
2423	3520
2423	3525
2423	3530
2422	3534
2421	3538
2420	3543
2420	3548
2417	3551
2415	3554
2415	3559
2414	3564
2412	3567
2411	3571
2412	3578
2410	3581
2410	3586
2409	3590
2409	3595
2409	3601
2407	3605
2407	3609
2402	3611
2397	3612
2394	3615
2392	3618
2390	3622
2388	3626
2382	3626
2376	3627
2374	3630
2373	3634
2377	3643
2377	3648
2374	3652
2376	3659
2386	3672
2394	3683
2394	3689
2392	3693
2391	3697
2392	3703
2391	3708
2389	3712
2390	3718
2389	3723
2389	3728
2389	3734
2389	3739
2387	3743
2384	3745
2383	3750
2382	3755
2379	3758
2378	3763
2377	3767
2375	3771
2373	3775
2371	3778
2370	3783
2369	3788
2368	3793
2367	3797
2366	3802
2364	3806
2363	3811
2361	3814
2359	3818
2358	3823
2359	3829
2358	3834
2357	3839
2356	3844
2356	3850
2353	3853
2349	3855
2345	3857
2345	3862
2347	3870
2349	3878
2349	3883
2347	3888
2347	3893
2345	3897
2342	3900
2338	3902
2335	3905
2332	3909
2329	3912
2329	3918
2329	3923
2328	3928
2327	3933
2326	3938
2323	3941
2321	3945
2320	3950
2080	3726
2078	3729
2074	3731
2072	3734
2070	3738
2073	3757
2071	3761
2067	3762
2064	3765
2064	3770
2315	4023
2311	4026
2293	4014
2291	4019
2290	4024
2290	4030
2289	4035
2288	4039
2285	4043
2287	4051
2286	4056
2284	4060
2283	4065
2282	4071
2281	4076
2278	4080
2276	4084
2275	4089
2273	4093
2271	4097
2269	4102
2268	4106
2265	4110
2263	4115
2262	4120
2260	4124
2259	4129
2256	4133
2253	4136
2250	4139
2248	4143
2246	4148
2243	4151
2240	4154
2238	4158
2234	4161
2232	4165
2230	4169
2227	4173
2227	4180
2226	4184
2223	4188
2221	4192
2219	4197
2218	4202
2216	4207
2215	4212
2215	4218
2213	4223
2211	4228
2209	4232
2207	4237
2205	4241
2203	4246
2202	4252
2200	4256
2198	4261
2196	4265
2195	4270
2194	4276
2191	4280
2190	4285
2188	4290
2186	4294
2183	4298
2181	4302
2179	4307
2176	4310
2172	4313
2170	4318
2167	4321
2165	4325
2164	4331
2162	4336
2159	4340
2157	4344
2154	4348
2152	4352
2151	4358
2149	4363
2147	4367
2144	4371
2141	4375
2139	4379
2136	4383
2134	4387
2131	4391
2129	4396
2127	4400
2124	4405
2122	4409
2120	4414
2119	4419
2116	4423
2113	4427
2109	4430
2107	4434
2104	4438
2103	4444
2100	4447
2097	4452
2095	4456
2092	4460
2090	4465
2087	4468
2085	4473
2082	4477
2079	4481
2076	4484
2074	4489
2071	4493
2067	4496
2065	4500
2063	4505
2061	4510
2059	4515
2056	4519
2054	4524
2051	4528
2048	4532
2044	4534
2041	4538
2039	4542
2036	4547
2033	4551
2031	4556
2029	4561
2028	4567
2027	4573
2023	4577
2020	4580
2017	4585
2014	4588
2011	4592
2008	4596
2005	4599
2001	4601
1998	4605
1995	4610
1993	4614
1991	4619
1987	4623
1984	4626
1980	4629
1976	4632
1972	4634
1967	4635
1964	4638
1960	4641
1955	4642
1952	4646
1949	4649
1945	4653
1941	4655
1938	4659
1934	4661
1931	4665
1928	4668
1924	4671
1920	4674
1916	4676
1913	4680
1910	4684
1907	4688
1903	4691
1899	4693
1896	4696
1892	4700
1888	4702
1884	4705
1880	4708
1877	4712
1876	4718
1872	4721
1868	4724
1865	4728
1862	4731
1859	4735
1856	4739
1852	4743
1849	4747
1846	4750
1843	4755
1840	4758
1836	4761
1833	4765
1830	4769
1827	4773
1823	4776
1820	4780
1817	4785
1813	4788
1810	4792
1807	4796
1804	4800
1801	4804
1798	4809
1795	4813
1791	4815
1787	4818
1783	4820
1779	4823
1776	4827
1772	4830
1768	4833
1764	4835
1761	4839
1757	4842
1753	4844
1748	4845
1744	4848
1741	4852
1737	4855
1732	4856
1728	4859
1725	4863
1722	4866
1718	4870
1714	4873
1712	4878
1708	4882
1704	4884
1700	4887
1698	4892
1695	4897
1692	4902
1689	4906
1686	4910
1682	4914
1679	4919
1676	4922
1672	4925
1670	4931
1667	4936
1663	4940
1660	4943
1655	4945
1651	4948
1648	4952
1644	4956
1641	4961
1638	4965
1634	4968
1630	4970
1626	4972
1622	4975
1617	4977
1614	4981
1611	4985
1606	4987
1602	4989
1597	4991
1593	4994
1590	4998
1586	5001
1582	5004
1579	5009
1576	5014
1572	5017
1569	5021
1566	5025
1562	5028
1557	5030
1552	5032
1547	5032
1542	5033
1538	5035
1533	5037
1529	5039
1525	5042
1521	5045
1516	5046
1512	5049
1508	5051
1504	5055
1500	5058
1496	5061
1492	5064
1488	5066
1484	5069
1481	5074
1476	5076
1472	5078
1468	5081
1464	5084
1460	5088
1457	5092
1453	5095
1449	5098
1444	5100
1440	5102
1436	5106
1432	5108
1427	5110
1424	5113
1420	5117
1415	5119
1411	5122
1407	5125
1403	5128
1399	5130
1394	5131
1390	5133
1385	5136
1381	5139
1378	5143
1373	5145
1368	5146
1363	5146
1358	5147
1354	5149
1350	5152
1345	5154
1341	5157
1337	5161
1333	5164
1329	5168
1325	5170
1321	5174
1318	5179
1314	5183
1312	5190
1308	5193
1303	5195
1299	5198
1295	5200
1290	5202
1286	5205
1282	5208
1278	5211
1274	5216
1270	5218
1266	5221
1261	5224
1257	5227
1253	5229
1249	5233
1244	5235
1240	5237
1235	5239
1231	5240
1226	5243
1222	5247
1217	5247
1213	5249
1208	5252
1204	5254
1199	5256
1195	5257
1190	5259
1185	5261
1180	5261
1176	5264
1172	5267
1168	5271
1163	5272
1158	5272
1153	5274
1148	5274
1144	5278
1140	5281
1136	5285
1131	5287
1127	5290
1122	5291
1119	5297
1115	5300
1110	5302
1105	5301
1100	5302
1095	5303
1090	5306
1085	5305
1080	5306
1076	5308
1071	5312
1067	5314
1062	5317
1058	5319
1053	5320
1049	5323
1044	5324
1039	5326
1034	5327
1030	5330
1025	5331
1020	5331
1015	5333
1010	5333
1005	5333
1000	5334
996	5336
991	5339
987	5341
982	5344
978	5347
973	5348
968	5349
964	5352
960	5355
955	5356
950	5357
945	5359
940	5360
935	5361
931	5363
926	5364
921	5365
916	5368
912	5370
907	5372
903	5374
898	5375
893	5376
888	5379
884	5382
880	5384
875	5386
870	5387
865	5387
860	5389
856	5391
851	5393
846	5395
841	5396
837	5399
832	5400
827	5401
822	5403
818	5405
813	5409
809	5411
804	5412
799	5413
794	5413
789	5414
784	5416
780	5419
775	5420
769	5419
765	5420
760	5423
755	5425
751	5428
746	5431
742	5432
737	5433
732	5435
727	5438
723	5440
718	5442
714	5445
709	5447
703	5445
698	5445
693	5446
688	5448
684	5452
680	5456
675	5457
670	5459
665	5460
660	5459
655	5460
650	5461
645	5463
641	5465
636	5468
631	5470
626	5472
622	5473
617	5474
612	5475
607	5475
602	5476
597	5479
593	5483
588	5483
582	5482
577	5483
573	5485
568	5489
564	5492
559	5495
554	5498
549	5500
545	5502
540	5504
535	5506
530	5507
525	5508
520	5509
515	5512
511	5515
506	5517
501	5518
496	5519
491	5520
486	5522
482	5529
477	5530
472	5530
467	5532
462	5537
458	5538
453	5540
448	5541
443	5541
437	5542
432	5543
427	5542
422	5541
417	5540
412	5541
407	5545
402	5545
397	5547
392	5548
387	5550
382	5551
377	5552
372	5552
367	5551
362	5553
357	5553
352	5555
347	5558
342	5557
337	5558
332	5562
327	5563
322	5563
317	5563
311	5559
306	5557
301	5557
296	5556
291	5556
285	5556
280	5556
275	5556
270	5556
265	5555
260	5555
255	5554
249	5552
244	5552
239	5553
234	5553
229	5554
224	5554
219	5556
214	5559
209	5560
204	5562
199	5563
194	5565
189	5565
184	5564
179	5565
174	5567
169	5570
164	5575
124	5005
119	5008
115	5009
111	5006
106	5002
102	5003
97	5004
93	5005
88	4991
84	4986
79	4984
75	4978
70	4977
66	4978
62	4978
57	4979
53	4983
49	4987
45	4988
40	4990
36	4999
32	5001
28	5000
23	4999
19	5004
15	5005
10	5000
12	5608
6	5594
1	5589
-4	5587
-9	5587
-14	5587
-19	5587
-24	5588
-29	5590
-35	5589
-40	5590
-45	5592
-50	5593
-55	5594
-60	5595
-65	5595
-70	5596
-75	5598
-81	5598
-86	5599
-91	5600
-96	5600
-101	5600
-106	5600
-111	5599
-116	5598
-122	5600
-127	5597
-132	5595
-137	5595
-142	5595
-147	5595
-152	5596
-157	5598
-163	5599
-168	5599
-173	5597
-178	5599
-183	5598
-188	5596
-193	5595
-198	5595
-203	5594
-209	5593
-214	5593
-219	5592
-224	5588
-229	5587
-234	5585
-239	5585
-244	5584
-249	5584
-254	5582
-259	5578
-264	5575
-269	5569
-274	5571
-279	5574
-284	5572
-289	5569
-294	5565
-299	5560
-304	5559
-309	5559
-314	5558
-319	5560
-324	5561
-330	5561
-335	5563
-340	5565
-345	5566
-350	5569
-356	5571
-361	5572
-366	5574
-372	5576
-377	5576
-382	5574
-387	5573
-393	5584
-398	5587
-404	5590
-423	5574
-428	5572
-433	5571
-438	5570
-443	5571
-448	5571
-453	5571
-458	5571
-464	5573
-469	5574
-474	5575
-480	5576
-485	5576
-490	5577
-495	5577
-500	5575
-505	5572
-510	5572
-515	5571
-520	5571
-525	5570
-530	5567
-535	5563
-539	5559
-544	5556
-549	5557
-554	5556
-559	5553
-564	5554
-569	5547
-574	5545
-578	5543
-583	5540
-588	5537
-593	5535
-598	5533
-603	5535
-609	5537
-614	5539
-619	5540
-624	5535
-628	5533
-633	5529
-638	5527
-643	5526
-648	5526
-653	5525
-658	5521
-662	5519
-668	5520
-673	5522
-678	5521
-683	5520
-688	5520
-694	5521
-699	5521
-704	5520
-709	5520
-714	5520
-719	5516
-723	5513
-728	5511
-733	5510
-738	5508
-743	5507
-748	5505
-752	5503
-757	5502
-762	5500
-767	5500
-772	5498
-777	5497
-782	5496
-787	5495
-792	5493
-797	5493
-802	5492
-807	5491
-812	5490
-817	5488
-822	5488
-827	5486
-832	5486
-837	5485
-842	5484
-847	5483
-852	5480
-856	5478
-861	5477
-866	5474
-871	5472
-876	5472
-881	5473
-886	5472
-890	5468
-895	5465
-900	5464
-905	5464
-910	5464
-916	5464
-920	5463
-926	5463
-930	5460
-935	5458
-940	5458
-945	5456
-950	5455
-955	5455
-960	5456
-964	5451
-969	5447
-974	5445
-979	5445
-984	5444
-988	5442
-993	5440
-998	5438
-1004	5440
-1010	5443
-1015	5442
-1019	5439
-1024	5436
-1028	5434
-1033	5433
-1039	5434
-1044	5433
-1049	5431
-1054	5431
-1059	5430
-1063	5427
-1067	5423
-1072	5422
-1078	5423
-1083	5423
-1088	5422
-1093	5420
-1098	5419
-1103	5419
-1108	5417
-1112	5415
-1117	5412
-1121	5409
-1126	5407
-1131	5406
-1136	5405
-1141	5404
-1146	5402
-1150	5400
-1154	5395
-1159	5394
-1164	5392
-1169	5391
-1174	5390
-1178	5387
-1183	5385
-1188	5383
-1193	5384
-1199	5385
-1204	5385
-1209	5384
-1214	5383
-1219	5382
-1224	5381
-1229	5380
-1234	5377
-1239	5377
-1244	5377
-1249	5376
-1254	5375
-1259	5372
-1264	5372
-1269	5371
-1274	5370
-1279	5370
-1284	5368
-1289	5366
-1293	5364
-1298	5361
-1302	5357
-1307	5355
-1312	5356
-1317	5354
-1322	5352
-1326	5351
-1331	5349
-1336	5347
-1341	5347
-1346	5345
-1350	5342
-1356	5341
-1360	5340
-1365	5338
-1370	5337
-1375	5335
-1379	5333
-1385	5332
-1390	5331
-1394	5329
-1399	5328
-1404	5327
-1409	5325
-1414	5323
-1419	5322
-1424	5321
-1429	5319
-1433	5317
-1439	5317
-1443	5315
-1448	5313
-1453	5312
-1458	5310
-1462	5308
-1467	5305
-1472	5303
-1476	5302
-1481	5301
-1486	5298
-1490	5294
-1494	5291
-1498	5288
-1504	5287
-1509	5287
-1515	5287
-1520	5287
-1525	5286
-1530	5285
-1535	5284
-1540	5282
-1545	5281
-1549	5278
-1554	5276
-1559	5275
-1563	5273
-1568	5271
-1574	5271
-1579	5270
-1584	5269
-1589	5268
-1595	5268
-1599	5266
-1604	5263
-1608	5260
-1612	5257
-1618	5257
-1623	5256
-1628	5255
-1633	5253
-1638	5251
-1642	5248
-1646	5245
-1650	5242
-1655	5240
-1660	5238
-1664	5236
-1669	5233
-1673	5230
-1677	5227
-1682	5225
-1686	5221
-1689	5216
-1692	5211
-1697	5209
-1702	5209
-1708	5208
-1713	5208
-1719	5208
-1723	5205
-1727	5201
-1731	5197
-1735	5194
-1740	5193
-1746	5193
-1751	5192
-1756	5190
-1761	5189
-1766	5188
-1772	5189
-1777	5187
-1781	5184
-1786	5183
-1792	5182
-1797	5181
-1801	5179
-1806	5177
-1810	5174
-1815	5172
-1819	5169
-1824	5167
-1828	5164
-1832	5161
-1837	5158
-1842	5157
-1846	5155
-1851	5152
-1855	5150
-1860	5148
-1864	5143
-1868	5141
-1874	5140
-1877	5136
-1882	5135
-1888	5135
-1893	5134
-1898	5132
-1903	5131
-1910	5132
-1915	5132
-1920	5130
-1925	5128
-1929	5124
-1933	5122
-1940	5123
-1947	5125
-1953	5125
-1957	5122
-1961	5119
-1965	5116
-1969	5112
-1973	5108
-1977	5105
-1980	5100
-1983	5095
-1987	5091
-1991	5089
-1996	5087
-2001	5085
-2005	5082
-2008	5078
-2013	5075
-2017	5072
-2022	5071
-2027	5068
-2031	5066
-2036	5064
-2041	5062
-2046	5060
-2051	5059
-2055	5056
-2059	5052
-2063	5049
-2066	5045
-2071	5042
-2076	5040
-2082	5041
-2088	5040
-2092	5037
-2096	5035
-2100	5030
-2103	5026
-2106	5022
-2110	5017
-2113	5014
-2118	5012
-2123	5010
-2128	5007
-2131	5004
-2136	5001
-2137	4994
-2140	4988
-2143	4983
-2147	4980
-2150	4976
-2155	4974
-2161	4973
-2166	4971
-2170	4969
-2174	4966
-2179	4964
-2184	4963
-2189	4960
-2194	4959
-2199	4958
-2204	4956
-2208	4953
-2213	4950
-2216	4946
-2221	4944
-2226	4942
-2230	4940
-2235	4937
-2237	4931
-2240	4927
-2243	4922
-2248	4919
-2252	4917
-2255	4912
-2259	4909
-2264	4907
-2269	4905
-2274	4903
-2278	4900
-2283	4898
-2287	4896
-2292	4893
-2296	4890
-2301	4888
-2305	4886
-2310	4883
-2314	4880
-2318	4877
-2322	4874
-2326	4870
-2329	4866
-2333	4863
-2338	4861
-2343	4859
-2347	4856
-2352	4854
-2355	4850
-2359	4846
-2362	4842
-2365	4837
-2369	4834
-2373	4831
-2377	4828
-2382	4826
-2385	4822
-2390	4819
-2394	4816
-2398	4813
-2401	4809
-2406	4806
-2410	4803
-2414	4800
-2418	4797
-2422	4794
-2427	4792
-2430	4788
-2434	4785
-2438	4782
-2442	4778
-2447	4775
-2452	4774
-2457	4772
-2461	4768
-2464	4764
-2468	4761
-2473	4759
-2478	4758
-2484	4756
-2489	4755
-2496	4755
-2503	4755
-2510	4756
-2515	4754
-2519	4751
-2522	4746
-2523	4739
-2527	4736
-2531	4733
-2535	4730
-2541	4729
-2545	4726
-2548	4721
-2551	4717
-2554	4713
-2557	4708
-2560	4704
-2563	4700
-2567	4696
-2572	4694
-2574	4689
-2578	4685
-2582	4682
-2585	4677
-2588	4673
-2591	4669
-2594	4664
-2597	4660
-2601	4656
-2604	4652
-2608	4649
-2613	4647
-2617	4644
-2621	4641
-2624	4637
-2625	4630
-2628	4625
-2630	4620
-2633	4616
-2640	4616
-2645	4614
-2649	4610
-2651	4605
-2653	4600
-2656	4596
-2659	4591
-2662	4587
-2665	4582
-2669	4579
-2673	4576
-2678	4574
-2681	4570
-2685	4566
-2688	4562
-2691	4558
-2694	4554
-2699	4551
-2703	4548
-2706	4544
-2711	4542
-2717	4541
-2722	4538
-2726	4536
-2730	4532
-2734	4529
-2737	4525
-2741	4522
-2746	4520
-2751	4517
-2754	4513
-2757	4508
-2760	4504
-2763	4500
-2765	4495
-2768	4490
-2771	4486
-2773	4481
-2776	4477
-2779	4473
-2781	4468
-2781	4461
-2784	4456
-2788	4453
-2791	4448
-2793	4443
-2795	4438
-2798	4434
-2801	4430
-2804	4425
-2808	4422
-2812	4419
-2817	4417
-2821	4414
-2825	4410
-2828	4407
-2832	4403
-2835	4399
-2837	4394
-2840	4390
-2843	4386
-2846	4381
-2849	4377
-2851	4372
-2852	4366
-2855	4362
-2859	4359
-2863	4356
-2866	4351
-2869	4347
-2871	4342
-2872	4336
-2874	4331
-2877	4327
-2878	4321
-2880	4315
-2882	4311
-2885	4307
-2888	4303
-2892	4299
-2895	4295
-2898	4291
-2901	4287
-2902	4282
-2904	4276
-2906	4271
-2909	4267
-2912	4263
-2916	4259
-2918	4255
-2922	4252
-2927	4249
-2930	4245
-2932	4240
-2933	4234
-2934	4228
-2936	4224
-2939	4220
-2942	4215
-2944	4211
-2947	4206
-2946	4199
-2947	4193
-2949	4188
-2951	4183
-2953	4179
-2954	4173
-2956	4168
-2959	4164
-2961	4159
-2963	4155
-2966	4150
-2968	4146
-2970	4141
-2972	4136
-2974	4131
-2975	4125
-2977	4120
-2978	4115
-2980	4110
-2982	4105
-2984	4100
-2986	4096
-2989	4091
-2991	4087
-2994	4083
-2996	4078
-2998	4073
-2998	4067
-3001	4063
-3003	4058
-3005	4053
-3006	4048
-3008	4043
-3011	4039
-3013	4034
-3015	4030
-3018	4025
-3020	4021
-3023	4017
-3027	4014
-3031	4011
-3034	4007
-3037	4003
-3041	4000
-3044	3996
-3046	3991
-3051	3989
-3055	3986
-3055	3979
-3056	3974
-3059	3970
-3063	3967
-3067	3963
-3068	3958
-3071	3954
-3073	3950
-3075	3945
-3077	3940
-3078	3935
-3079	3930
-3082	3925
-3081	3919
-3083	3914
-3084	3909
-3086	3904
-3087	3899
-3086	3892
-3085	3885
-3085	3879
-3087	3874
-3088	3869
-3089	3864
-3091	3859
-3093	3855
-3095	3850
-3094	3843
-3096	3839
-3097	3834
-3097	3827
-3096	3821
-3096	3815
-3096	3809
-3099	3805
-3102	3801
-3104	3797
-3106	3793
-3108	3787
-3110	3783
-3112	3779
-3114	3774
-3112	3767
-3114	3762
-3117	3759
-3119	3754
-3120	3749
-3119	3742
-3121	3738
-3123	3734
-3126	3730
-3128	3725
-3128	3720
-3129	3714
-3130	3709
-3128	3702
-3126	3695
-3124	3688
-3124	3682
-3126	3678
-3127	3673
-3129	3669
-3130	3663
-3131	3658
-3134	3654
-3136	3650
-3138	3646
-3136	3639
-3137	3634
-3135	3627
-3132	3619
-3131	3613
-3129	3607
-3130	3602
-3131	3596
-3129	3590
-3126	3582
-3127	3577
-3128	3572
-3130	3568
-3130	3562
-3130	3557
-3132	3553
-3132	3547
-3133	3542
-3133	3537
-3133	3531
-3129	3523
-3129	3518
-3131	3514
-3134	3510
-3137	3506
-3136	3500
-3136	3495
-3134	3488
-3136	3484
-3137	3479
-3137	3474
-3137	3468
-3136	3462
-3135	3457
-3137	3452
-3140	3449
-3139	3443
-3139	3437
-3139	3432
-3140	3428
-3141	3423
-3142	3418
-3144	3413
-3144	3408
-3143	3402
-3145	3398
-3148	3395
-3150	3390
-3151	3386
-3152	3381
-3150	3375
-3150	3369
-3151	3365
-3153	3361
-3155	3356
-3152	3349
-3151	3344
-3152	3339
-3153	3334
-3151	3328
-3150	3322
-3153	3319
-3155	3315
-3157	3311
-3156	3305
-3151	3297
-3150	3292
-3152	3287
-3153	3283
-3151	3277
-3150	3271
-3150	3266
-3151	3261
-3150	3255
-3149	3250
-3150	3246
-3152	3241
-3153	3237
-3151	3231
-3152	3226
-3150	3220
-3149	3215
-3146	3208
-3147	3203
-3147	3198
-3147	3193
-3147	3188
-3145	3182
-3142	3176
-3142	3171
-3143	3166
-3145	3163
-3145	3157
-3145	3152
-3144	3147
-3142	3141
-3141	3136
-3140	3130
-3141	3126
-3141	3121
-3142	3116
-3143	3112
-3143	3107
-3142	3102
-3142	3097
-3140	3091
-3139	3086
-3138	3081
-3139	3076
-3140	3072
-3136	3065
-3135	3060
-3136	3055
-3137	3051
-3136	3046
-3136	3041
-3136	3036
-3134	3031
-3133	3025
-3134	3021
-3135	3016
-3134	3011
-3131	3005
-3130	3000
-3130	2995
-3133	2992
-3135	2988
-3136	2984
-3138	2979
-3136	2974
-3137	2969
-3135	2964
-3134	2959
-3131	2953
-3128	2947
-3127	2942
-3128	2938
-3128	2933
-3129	2928
-3129	2924
-3123	2917
-3125	2913
-3124	2908
-3124	2903
-3123	2898
-3123	2894
-3123	2889
-3123	2884
-3119	2878
-3118	2873
-3118	2869
-3118	2864
-3118	2859
-3119	2855
-3118	2850
-3117	2845
-3117	2841
-3114	2835
-3111	2829
-3112	2825
-3112	2820
-3110	2815
-3110	2811
-3108	2806
-3108	2801
-3108	2796
-3107	2791
-3106	2786
-3103	2781
-3103	2776
-3105	2773
-3104	2768
-3100	2762
-3098	2757
-3097	2752
-3096	2747
-3096	2743
-3096	2738
-3096	2734
-3096	2729
-3097	2725
-3097	2721
-3097	2716
-3095	2711
-3090	2705
-3086	2699
-3087	2695
-3088	2691
-3088	2687
-3088	2682
-3089	2678
-3089	2674
-3088	2669
-3090	2665
-3091	2661
-3092	2657
-3094	2653
-3092	2649
-3091	2644
-3088	2638
-3085	2633
-3079	2627
-3078	2622
-3076	2617
-3077	2613
-3078	2609
-3077	2605
-3075	2600
-3074	2595
-3074	2591
-3074	2586
-3074	2582
-3074	2578
-3074	2573
-3073	2569
-3071	2564
-3068	2559
-3068	2555
-3066	2550
-3067	2546
-3069	2542
-3070	2538
-3067	2533
-3067	2529
-3065	2524
-3061	2519
-3060	2514
-3059	2510
-3060	2505
-3059	2501
-3059	2497
-3055	2492
-3055	2487
-3054	2483
-3050	2478
-3050	2473
-3049	2469
-3050	2465
-3048	2460
-3045	2455
-3045	2451
-3044	2447
-3042	2442
-3040	2438
-3041	2434
-3042	2430
-3043	2426
-3039	2421
-3036	2416
-3036	2412
-3036	2408
-3034	2403
-3033	2399
-3032	2394
-3030	2390
-3029	2385
-3030	2381
-3030	2377
-3030	2373
-3027	2368
-3024	2364
-3022	2359
-3022	2355
-3023	2351
-3023	2347
-3022	2343
-3020	2338
-3017	2333
-3015	2329
-3015	2325
-3015	2321
-3015	2317
-3012	2312
-3011	2308
-3011	2304
-3011	2300
-3005	2294
-3004	2290
-3004	2286
-3004	2282
-3003	2278
-3000	2273
-2998	2269
-2998	2265
-2998	2261
-2997	2257
-2993	2252
-2994	2248
-2994	2244
-2994	2240
-2993	2236
-2991	2232
-2988	2227
-2987	2223
-2985	2219
-2985	2215
-2985	2211
-2984	2206
-2982	2202
-2981	2198
-2982	2194
-2980	2190
-2979	2186
-2978	2182
-2976	2178
-2977	2174
-2975	2169
-2974	2165
-2973	2161
-2971	2157
-2969	2153
-2970	2149
-2972	2145
-2971	2141
-2971	2137
-2969	2133
-2967	2129
-2965	2125
-2963	2121
-2963	2117
-2963	2113
-2960	2109
-2960	2105
-2955	2100
-2953	2096
-2951	2092
-2953	2088
-2952	2084
-2951	2080
-2951	2076
-2951	2072
-2950	2068
-2948	2064
-2946	2060
-2944	2056
-2942	2052
-2942	2048
-2942	2044
-2942	2040
-2941	2037
-2940	2033
-2938	2029
-2937	2025
-2935	2021
-2934	2017
-2934	2013
-2933	2009
-2932	2005
-2930	2001
-2929	1997
-2927	1993
-2924	1989
-2923	1985
-2921	1981
-2921	1977
-2919	1973
-2917	1969
-2913	1965
-2911	1961
-2910	1957
-2909	1953
-2908	1949
-2907	1945
-2905	1942
-2905	1938
-2905	1934
-2904	1930
-2904	1926
-2903	1923
-2902	1919
-2901	1915
-2901	1911
-2899	1907
-2898	1903
-2897	1900
-2896	1896
-2895	1892
-2896	1888
-2896	1885
-2893	1881
-2891	1877
-2890	1873
-2889	1869
-2887	1865
-2886	1862
-2885	1858
-2884	1854
-2882	1850
-2882	1846
-2882	1843
-2882	1839
-2881	1835
-2880	1831
-2877	1828
-2876	1824
-2877	1820
-2875	1816
-2871	1812
-2872	1809
-2870	1805
-2870	1801
-2870	1798
-2870	1794
-2868	1790
-2869	1787
-2867	1783
-2866	1779
-2865	1775
-2865	1772
-2863	1768
-2862	1764
-2861	1761
-2858	1757
-2857	1753
-2857	1749
-2856	1746
-2855	1742
-2854	1738
-2854	1735
-2853	1731
-2852	1727
-2852	1724
-2848	1720
-2847	1716
-2847	1713
-2846	1709
-2846	1705
-2845	1702
-2845	1698
-2843	1694
-2842	1691
-2840	1687
-2838	1683
-2837	1680
-2835	1676
-2835	1672
-2836	1669
-2837	1665
-2837	1661
-2836	1658
-2835	1654
-2834	1651
-2832	1647
-2830	1643
-2830	1640
-2829	1636
-2828	1632
-2828	1629
-2827	1625
-2826	1622
-2826	1618
-2825	1614
-2825	1611
-2825	1607
-2825	1604
-2825	1600
-2822	1596
-2821	1593
-2819	1589
-2818	1586
-2816	1582
-2817	1578
-2816	1575
-2813	1571
-2812	1568
-2812	1564
-2812	1561
-2812	1557
-2812	1553
-2812	1550
-2810	1546
-2809	1543
-2807	1539
-2806	1536
-2805	1532
-2804	1528
-2803	1525
-2802	1521
-2802	1518
-2802	1514
-2801	1510
-2801	1507
-2800	1503
-2798	1500
-2795	1496
-2793	1493
-2793	1489
-2793	1486
-2793	1482
-2793	1479
-2793	1475
-2793	1471
-2791	1468
-2790	1464
-2788	1461
-2787	1457
-2786	1454
-2784	1450
-2782	1447
-2780	1444
-2779	1440
-2779	1437
-2778	1433
-2776	1430
-2775	1426
-2774	1423
-2774	1419
-2771	1416
-2770	1412
-2770	1409
-2768	1405
-2768	1402
-2768	1398
-2765	1395
-2765	1391
-2764	1388
-2762	1384
-2760	1381
-2758	1378
-2756	1374
-2756	1371
-2753	1367
-2753	1364
-2752	1360
-2753	1357
-2752	1353
-2751	1350
-2749	1346
-2746	1343
-2745	1340
-2744	1336
-2744	1333
-2741	1330
-2741	1326
-2742	1322
-2739	1319
-2739	1316
-2738	1312
-2737	1309
-2736	1305
-2735	1302
-2734	1298
-2733	1295
-2730	1292
-2729	1288
-2727	1285
-2727	1282
-2725	1278
-2722	1275
-2720	1272
-2721	1268
-2720	1265
-2718	1261
-2718	1258
-2717	1254
-2717	1251
-2715	1248
-2714	1244
-2713	1241
-2711	1237
-2711	1234
-2711	1230
-2710	1227
-2706	1224
-2706	1221
-2704	1217
-2703	1214
-2702	1210
-2700	1207
-2700	1204
-2699	1200
-2697	1197
-2697	1194
-2695	1190
-2693	1187
-2693	1184
-2692	1180
-2690	1177
-2690	1173
-2687	1170
-2686	1167
-2685	1164
-2684	1160
-2682	1157
-2681	1154
-2680	1150
-2678	1147
-2677	1144
-2676	1140
-2675	1137
-2675	1133
-2674	1130
-2672	1127
-2670	1124
-2670	1120
-2668	1117
-2667	1114
-2665	1110
-2666	1107
-2664	1103
-2662	1100
-2661	1097
-2661	1093
-2659	1090
-2658	1087
-2657	1083
-2655	1080
-2654	1077
-2652	1074
-2651	1071
-2650	1067
-2650	1064
-2647	1061
-2646	1057
-2645	1054
-2643	1051
-2643	1047
-2642	1044
-2640	1041
-2639	1038
-2637	1034
-2636	1031
-2635	1028
-2634	1025
-2634	1021
-2632	1018
-2631	1014
-2630	1011
-2628	1008
-2628	1005
-2627	1001
-2625	998
-2623	995
-2622	992
-2621	988
-2620	985
-2619	981
-2618	978
-2616	975
-2616	972
-2615	968
-2615	965
-2613	962
-2611	959
-2610	955
-2609	952
-2608	949
-2607	945
-2606	942
-2605	939
-2604	935
-2602	932
-2601	929
-2599	926
-2597	923
-2596	919
-2595	916
-2593	913
-2592	910
-2591	906
-2590	903
-2589	900
-2589	896
-2588	893
-2586	890
-2586	886
-2584	883
-2582	880
-2581	877
-2580	874
-2579	870
-2577	867
-2576	864
-2576	860
-2575	857
-2573	854
-2572	850
-2571	847
-2570	844
-2569	841
-2567	838
-2565	835
-2564	831
-2564	828
-2563	824
-2562	821
-2561	817
-2559	815
-2558	811
-2557	808
-2555	805
-2554	802
-2552	798
-2551	795
-2550	792
-2550	788
-2549	785
-2547	782
-2545	779
-2544	776
-2545	772
-2544	768
-2542	766
-2541	762
-2540	759
-2538	756
-2537	753
-2536	749
-2534	746
-2533	743
-2532	740
-2531	736
-2530	733
-2529	729
-2528	726
-2527	723
-2525	720
-2523	717
-2523	713
-2521	710
-2520	707
-2519	704
-2519	700
-2517	697
-2516	694
-2516	690
-2514	687
-2513	683
-2510	681
-2508	678
-2507	675
-2507	671
-2506	667
-2506	664
-2505	661
-2503	657
-2502	654
-2501	651
-2499	648
-2498	645
-2497	641
-2496	638
-2495	635
-2492	632
-2491	629
-2490	625
-2488	622
-2487	619
-2485	616
-2484	613
-2483	610
-2481	606
-2480	603
-2479	600
-2478	596
-2476	594
-2473	591
-2472	588
-2470	585
-2471	581
-2472	576
-2471	573
-2470	569
-2469	566
-2467	563
-2467	559
-2465	556
-2463	554
-2461	550
-2461	547
-2459	544
-2459	540
-2457	537
-2456	534
-2454	531
-2452	528
-2452	524
-2452	520
-2452	516
-2450	513
-2448	511
-2446	507
-2444	504
-2444	501
-2443	497
-2442	494
-2441	490
-2439	487
-2438	484
-2436	481
-2435	478
-2435	474
-2434	470
-2433	467
-2431	464
-2429	461
-2429	457
-2427	454
-2426	451
-2426	447
-2423	445
-2421	442
-2421	438
-2419	435
-2417	432
-2417	428
-2417	424
-2415	421
-2414	418
-2413	414
-2412	411
-2410	408
-2409	405
-2408	401
-2406	398
-2403	396
-2401	393
-2401	389
-2401	385
-2400	381
-2399	378
-2399	374
-2397	371
-2395	368
-2393	365
-2392	362
-2392	358
-2392	354
-2389	351
-2387	349
-2386	345
-2384	342
-2382	339
-2380	336
-2380	332
-2380	328
-2380	324
-2378	321
-2375	319
-2376	314
-2375	311
-2374	307
-2372	304
-2370	301
-2369	297
-2368	294
-2366	291
-2364	288
-2363	285
-2362	281
-2361	278
-2360	274
-2358	271
-2356	268
-2358	263
-2355	261
-2352	258
-2350	256
-2349	252
-2348	249
-2346	245
-2345	242
-2344	238
-2344	234
-2341	231
-2340	228
-2339	224
-2338	221
-2336	218
-2334	215
-2334	211
-2334	207
-2331	204
-2329	201
-2328	198
-2328	194
-2326	191
-2323	188
-2323	184
-2323	180
-2321	177
-2319	174
-2319	170
-2318	166
-2316	163
-2316	159
-2314	156
-2312	153
-2310	150
-2308	147
-2308	143
-2306	140
-2304	137
-2303	133
-2302	130
-2300	126
-2300	122
-2298	119
-2296	116
-2295	112
-2294	109
-2293	105
-2292	102
-2289	99
-2286	97
-2285	93
-2285	89
-2285	85
-2282	82
-2281	78
-2280	75
-2279	71
-2276	68
-2276	64
-2274	61
-2273	58
-2271	54
-2270	51
-2270	46
-2268	43
-2265	41
-2264	37
-2264	33
-2263	29
-2262	25
-2261	22
-2258	19
-2258	15
-2255	12
-2253	10
-2251	6
-2251	2
-2249	-2
-2249	-6
-2249	-10
-2247	-13
-2244	-16
-2243	-20
-2243	-24
-2242	-28
-2242	-32
-2240	-36
-2238	-39
-2237	-42
-2235	-46
-2234	-50
-2234	-55
-2234	-59
-2232	-62
-2230	-65
-2228	-68
-2227	-72
-2225	-75
-2224	-79
-2223	-83
-2222	-86
-2218	-88
-2218	-93
-2215	-95
-2212	-98
-2212	-103
-2211	-107
-2210	-110
-2210	-115
-2210	-120
-2208	-123
-2207	-127
-2203	-129
-2201	-131
-2199	-134
-2194	-135
-2194	-140
-2194	-145
-2193	-149
-2191	-152
-2190	-156
-2188	-159
-2186	-163
-2187	-168
-2186	-172
-2185	-176
-2184	-180
-2181	-182
-2177	-184
-2176	-188
-2172	-189
-2165	-188
-2151	-181
-2142	-178
-2139	-180
-2137	-183
-2134	-185
-2132	-188
-2122	-184
-2117	-185
-2115	-187
-2112	-189
-2113	-196
-2104	-192
-2097	-191
-2094	-193
-2091	-195
-2083	-193
-2078	-193
-2073	-193
-2070	-195
-2066	-196
-2061	-197
-2052	-193
-2046	-193
-2042	-194
-2039	-196
-2036	-198
-2032	-200
-2029	-201
-2023	-201
-2014	-197
-1999	-187
-1994	-188
-1991	-189
-1988	-191
-1984	-192
-1981	-194
-1978	-196
-1974	-198
-1971	-200
-1967	-201
-1963	-201
-1960	-203
-1957	-205
-1950	-204
-1945	-203
-1941	-204
-1937	-205
-1933	-206
-1928	-206
-1925	-208
-1918	-205
-1919	-212
-1917	-214
-1914	-216
-1903	-210
-1896	-208
-1890	-207
-1884	-206
-1880	-207
-1879	-211
-1865	-201
-1858	-199
-1854	-200
-1849	-199
-1843	-197
-1837	-196
-1832	-196
-1828	-197
-1825	-198
-1822	-200
-1821	-204
-1821	-208
-1814	-206
-1807	-203
-1803	-204
-1799	-205
-1796	-207
-1795	-211
-1794	-215
-1793	-219
-1790	-220
-1781	-216
-1759	-196
-1755	-196
-1751	-197
-1747	-198
-1743	-198
-1739	-198
-1736	-200
-1729	-197
-1715	-186
-1703	-178
-1698	-177
-1694	-177
-1690	-178
-1686	-178
-1681	-178
-1677	-178
-1673	-178
-1671	-180
-1671	-185
-1672	-192
-1669	-194
-1664	-193
-1660	-193
-1655	-191
-1644	-184
-1638	-182
-1634	-182
-1626	-178
-1619	-174
-1615	-174
-1611	-174
-1607	-174
-1605	-177
-1606	-183
-1599	-180
-1595	-180
-1593	-182
-1585	-178
-1574	-170
-1564	-162
-1559	-161
-1555	-161
-1552	-162
-1548	-163
-1546	-165
-1543	-166
-1540	-167
-1538	-169
-1534	-170
-1531	-171
-1527	-171
-1523	-170
-1517	-168
-1514	-169
-1509	-168
-1505	-168
-1501	-168
-1499	-170
-1496	-171
-1494	-174
-1492	-176
-1492	-181
-1494	-188
-1486	-184
-1479	-179
-1472	-176
-1466	-173
-1461	-171
-1458	-172
-1456	-175
-1452	-174
-1447	-172
-1443	-172
-1438	-170
-1435	-171
-1433	-175
-1432	-177
-1430	-181
-1425	-179
-1417	-173
-1414	-173
-1412	-176
-1406	-174
-1400	-170
-1396	-170
-1394	-172
-1393	-175
-1388	-174
-1383	-172
-1377	-169
-1372	-167
-1369	-168
-1367	-170
-1364	-171
-1361	-172
-1358	-173
-1355	-174
-1354	-177
-1347	-173
-1342	-170
-1335	-166
-1331	-165
-1327	-164
-1324	-166
-1322	-168
-1320	-170
-1316	-170
-1313	-171
-1312	-174
-1312	-179
-1313	-185
-1311	-188
-1307	-188
-1304	-188
-1299	-186
-1287	-173
-1284	-174
-1279	-172
-1276	-173
-1273	-173
-1270	-173
-1266	-172
-1263	-174
-1260	-175
-1257	-175
-1254	-175
-1250	-175
-1246	-173
-1241	-172
-1239	-174
-1236	-174
-1233	-175
-1230	-175
-1227	-176
-1223	-175
-1219	-175
-1216	-175
-1213	-175
-1209	-175
-1205	-173
-1201	-173
-1199	-175
-1197	-178
-1194	-178
-1191	-178
-1187	-177
-1184	-178
-1180	-177
-1177	-177
-1174	-178
-1171	-178
-1167	-177
-1164	-177
-1161	-178
-1158	-179
-1155	-180
-1152	-179
-1148	-179
-1144	-178
-1141	-178
-1138	-177
-1135	-178
-1132	-178
-1129	-179
-1125	-179
-1121	-177
-1118	-178
-1114	-177
-1112	-177
-1109	-179
-1107	-180
-1103	-180
-1100	-180
-1097	-181
-1094	-180
-1090	-179
-1087	-179
-1084	-179
-1080	-179
-1077	-178
-1074	-179
-1071	-179
-1068	-179
-1064	-178
-1061	-179
-1058	-179
-1056	-180
-1052	-178
-1049	-180
-1046	-180
-1043	-180
-1040	-180
-1037	-180
-1034	-181
-1031	-181
-1028	-181
-1025	-180
-1022	-181
-1019	-182
-1016	-181
-1013	-181
-1010	-181
-1007	-182
-1003	-181
-1000	-180
-998	-182
-994	-180
-991	-181
-988	-182
-986	-183
-984	-186
-983	-189
-980	-189
-977	-189
-973	-188
-970	-188
-965	-184
-962	-184
-958	-181
-952	-176
-945	-167
-939	-160
-936	-160
-932	-159
-929	-159
-927	-161
-925	-162
-923	-165
-920	-164
-913	-156
-906	-146
-901	-143
-898	-141
-895	-142
-894	-145
-892	-148
-891	-152
-892	-160
-887	-156
-882	-151
-877	-146
-873	-144
-869	-142
-866	-141
-863	-141
-860	-142
-858	-143
-856	-145
-853	-145
-780	-1
-776	2
-773	2
-771	2
-769	1
-766	2
-763	2
-760	2
-758	2
-755	2
-753	2
-750	2
-748	2
-745	3
-742	2
-740	2
-737	3
-734	3
-733	-0
-732	-5
-733	-13
-732	-18
-729	-16
-724	-10
-720	-7
-718	-9
-718	-15
-718	-20
-747	-123
-746	-129
-746	-135
-744	-137
-742	-140
-740	-142
-738	-144
-736	-145
-734	-146
-731	-146
-728	-146
-726	-146
-724	-148
-722	-150
-719	-151
-717	-153
-714	-152
-711	-152
-709	-153
-707	-155
-705	-156
-702	-157
-698	-153
-693	-144
-688	-138
-684	-135
-681	-135
-678	-134
-675	-133
-673	-134
-671	-137
-669	-138
-666	-136
-662	-134
-659	-131
-654	-126
-650	-122
-647	-120
-644	-119
-641	-118
-638	-116
-635	-115
-633	-117
-631	-118
-628	-118
-626	-119
-624	-120
-622	-122
-620	-123
-618	-125
-615	-127
-613	-128
-612	-131
-610	-134
-611	-146
-608	-146
-606	-145
-604	-149
-610	-178
-607	-177
-604	-175
-603	-180
-600	-178
-586	-140
-582	-138
-579	-134
-576	-133
-574	-135
-572	-138
-571	-142
-569	-146
-568	-151
-567	-157
-565	-158
-562	-157
-559	-157
-511	-8
-509	-7
-506	-6
-504	-8
-502	-9
-501	-15
-507	-154
-505	-156
-504	-162
-502	-162
-500	-166
-498	-169
-496	-171
-494	-171
-491	-173
-489	-173
-486	-172
-484	-173
-481	-173
-479	-174
-476	-174
-474	-174
-471	-175
-469	-174
-465	-171
-462	-165
-458	-162
-455	-159
-452	-154
-449	-154
-446	-154
-444	-156
-443	-159
-440	-159
-437	-156
-434	-157
-433	-160
-431	-166
-430	-170
-428	-173
-425	-174
-423	-174
-420	-173
-418	-174
-415	-175
-413	-174
-410	-175
-408	-174
-405	-175
-403	-175
-400	-175
-398	-175
-395	-176
-393	-175
-390	-174
-388	-174
-385	-175
-383	-175
-380	-174
-378	-175
-375	-175
-373	-175
-370	-174
-367	-174
-365	-174
-363	-174
-360	-174
-358	-174
-355	-175
-352	-174
-350	-174
-347	-174
-345	-174
-343	-175
-340	-175
-338	-180
-337	-186
-335	-188
-332	-188
-329	-183
-326	-183
-324	-183
-322	-184
-319	-185
-317	-185
-314	-186
-312	-187
-310	-188
-307	-189
-305	-188
-302	-188
-300	-190
-297	-190
-295	-189
-292	-189
-290	-190
-287	-189
-285	-189
-282	-189
-280	-189
-277	-189
-275	-188
-272	-188
-270	-188
-268	-190
-265	-189
-263	-189
-260	-188
-257	-189
-255	-189
-253	-189
-250	-190
-248	-190
-245	-190
-243	-190
-240	-190
-238	-189
-235	-189
-233	-188
-230	-189
-228	-189
-225	-189
-223	-188
-220	-189
-218	-190
-215	-189
-213	-188
-210	-188
-208	-188
-206	-190
-203	-191
-201	-191
-198	-190
-196	-190
-193	-190
-191	-190
-188	-188
-186	-188
-183	-189
-181	-189
-178	-189
-176	-189
-173	-188
-171	-188
-169	-189
-166	-189
-164	-189
-161	-190
-159	-189
-156	-188
-154	-189
-151	-189
-149	-189
-146	-189
-144	-189
-142	-190
-139	-190
-137	-190
-134	-189
-132	-188
-129	-188
-127	-188
-124	-188
-122	-189
-119	-189
-117	-189
-115	-189
-112	-188
-110	-187
-107	-188
-105	-188
-102	-189
-100	-189
-97	-188
-95	-188
-92	-188
-90	-188
-88	-189
-85	-189
-83	-189
-80	-189
-75	-189
-73	-188
-70	-188
-68	-188
-65	-188
-63	-188
-61	-188
-58	-187
-56	-188
-53	-188
-51	-188
-48	-189
-46	-188
-43	-188
-41	-188
-39	-188
-36	-189
-34	-189
-31	-189
-29	-188
-26	-188
-24	-188
-21	-189
-19	-188
-16	-188
-14	-189
-12	-188
-9	-188
-7	-188
-4	-188
-2	-188
1	-188
3	-188
6	-190
8	-190
11	-190
13	-189
15	-189
18	-187
20	-187
23	-187
25	-188
28	-188
30	-188
33	-188
35	-188
38	-189
40	-188
42	-188
45	-189
47	-188
50	-188
52	-188
55	-188
57	-189
60	-189
62	-189
65	-189
67	-188
69	-188
72	-188
74	-187
77	-189
79	-188
82	-187
84	-187
87	-188
89	-188
92	-190
94	-192
97	-190
99	-189
102	-188
104	-188
106	-188
109	-188
111	-189
114	-188
116	-189
119	-189
121	-190
124	-189
126	-189
129	-188
131	-189
134	-189
136	-189
139	-189
141	-190
144	-189
146	-189
149	-189
151	-190
154	-189
156	-189
158	-188
161	-188
163	-187
166	-187
168	-188
171	-188
173	-188
176	-188
178	-188
181	-189
184	-190
186	-190
188	-189
191	-189
193	-190
196	-191
199	-190
201	-190
203	-189
206	-189
208	-189
211	-188
213	-189
216	-189
219	-190
221	-191
224	-190
226	-189
229	-190
231	-188
233	-188
236	-188
238	-188
241	-190
244	-190
246	-191
249	-191
251	-189
253	-187
256	-187
259	-189
261	-189
263	-188
266	-189
269	-189
271	-189
274	-188
276	-189
279	-190
281	-189
284	-188
286	-188
289	-189
291	-188
294	-189
296	-188
299	-188
302	-189
304	-190
307	-191
310	-191
312	-189
314	-189
317	-188
319	-189
322	-189
325	-190
327	-189
330	-190
332	-188
335	-188
337	-188
339	-185
340	-179
342	-175
344	-175
347	-175
350	-176
352	-175
355	-174
357	-174
359	-172
362	-173
365	-173
367	-174
370	-173
372	-174
375	-174
378	-174
380	-175
382	-173
385	-174
388	-173
390	-173
393	-174
395	-173
398	-174
400	-173
403	-173
406	-173
408	-172
411	-173
413	-173
416	-174
419	-174
421	-173
424	-172
426	-171
427	-164
428	-159
430	-156
432	-156
435	-155
437	-154
439	-154
442	-153
444	-153
447	-153
450	-154
452	-154
455	-156
459	-160
464	-167
465	-161
468	-163
471	-164
473	-162
475	-161
478	-161
480	-159
482	-157
484	-156
484	-148
487	-148
490	-151
496	-160
500	-166
502	-164
505	-163
506	-160
507	-153
505	-18
504	-9
506	-7
508	-6
510	-5
593	-227
575	-166
577	-165
580	-165
583	-167
587	-171
592	-175
595	-177
598	-177
600	-176
600	-169
599	-158
599	-151
601	-148
603	-146
605	-145
608	-146
613	-150
618	-156
621	-158
624	-159
626	-157
627	-152
629	-149
631	-147
633	-146
635	-145
638	-145
640	-143
642	-142
645	-141
647	-141
649	-137
650	-134
654	-136
658	-139
661	-140
663	-139
666	-138
667	-135
669	-133
672	-134
676	-136
682	-143
688	-152
692	-154
695	-156
698	-156
701	-156
703	-155
706	-154
708	-153
711	-153
714	-153
716	-152
718	-150
720	-149
723	-148
726	-148
728	-147
730	-145
732	-144
735	-144
737	-142
739	-141
742	-140
744	-138
745	-135
746	-130
747	-126
748	-121
748	-115
748	-109
719	-20
719	-13
719	-9
721	-6
721	-1
723	-0
726	1
728	1
730	2
733	2
736	2
738	2
741	2
744	1
747	1
750	0
754	-1
755	1
758	-0
760	3
763	2
768	-2
770	-2
773	-2
775	-1
777	0
780	1
847	-111
849	-109
851	-108
854	-108
857	-108
860	-107
863	-107
866	-108
869	-107
872	-108
876	-109
880	-113
898	-141
901	-140
904	-140
916	-157
922	-163
923	-160
925	-158
927	-156
929	-153
932	-152
935	-153
938	-152
941	-152
947	-158
959	-175
969	-186
974	-190
977	-189
981	-190
984	-190
987	-189
989	-189
991	-187
994	-185
996	-184
1000	-184
1002	-183
1005	-182
1008	-182
1012	-182
1014	-182
1017	-181
1021	-181
1024	-182
1028	-183
1032	-183
1035	-183
1038	-182
1041	-182
1044	-183
1047	-181
1050	-181
1053	-181
1057	-181
1060	-181
1063	-181
1067	-181
1070	-181
1073	-180
1077	-181
1080	-180
1083	-181
1087	-181
1089	-180
1094	-181
1097	-181
1100	-182
1104	-182
1107	-182
1110	-181
1113	-181
1117	-181
1120	-181
1124	-181
1128	-182
1132	-182
1135	-182
1138	-182
1141	-181
1143	-179
1147	-180
1151	-180
1153	-179
1157	-179
1161	-179
1163	-178
1168	-180
1172	-181
1174	-178
1177	-178
1181	-178
1184	-178
1187	-177
1189	-175
1192	-174
1197	-176
1202	-179
1206	-179
1209	-178
1214	-180
1218	-180
1221	-180
1224	-180
1229	-180
1234	-183
1236	-181
1239	-179
1243	-180
1246	-180
1250	-180
1255	-182
1258	-182
1262	-182
1265	-181
1270	-182
1273	-182
1276	-181
1279	-180
1282	-179
1288	-182
1292	-182
1296	-183
1299	-181
1301	-179
1303	-177
1305	-175
1308	-173
1311	-172
1314	-171
1316	-169
1319	-168
1323	-168
1326	-167
1328	-165
1333	-167
1336	-166
1339	-165
1345	-167
1351	-170
1354	-169
1354	-164
1356	-161
1359	-160
1365	-163
1371	-167
1376	-168
1377	-164
1377	-160
1378	-156
1382	-156
1386	-156
1389	-155
1393	-155
1396	-154
1400	-153
1403	-152
1406	-152
1409	-151
1414	-151
1418	-152
1422	-151
1425	-151
1430	-152
1438	-157
1450	-166
1455	-168
1456	-164
1459	-162
1462	-161
1465	-160
1465	-155
1466	-151
1468	-149
1470	-147
1473	-145
1476	-144
1478	-142
1481	-141
1484	-139
1488	-139
1492	-140
1499	-143
1511	-151
1519	-156
1522	-155
1525	-153
1529	-153
1533	-153
1535	-150
1537	-148
1539	-145
1541	-143
1544	-141
1548	-142
1550	-139
1556	-140
1560	-140
1563	-139
1568	-139
1571	-139
1575	-138
1579	-138
1582	-137
1585	-135
1589	-135
1596	-137
1601	-138
1605	-138
1608	-136
1613	-136
1616	-135
1620	-135
1628	-139
1638	-144
1641	-143
1644	-142
1649	-142
1654	-143
1658	-143
1665	-145
1665	-140
1666	-136
1667	-133
1671	-132
1677	-134
1681	-133
1685	-133
1690	-133
1693	-131
1696	-130
1699	-129
1703	-127
1706	-126
1709	-125
1715	-125
1723	-129
1732	-133
1736	-133
1740	-132
1747	-134
1753	-136
1758	-136
1760	-133
1758	-127
1755	-119
1765	-124
1770	-125
1774	-124
1779	-123
1782	-122
1786	-121
1789	-120
1795	-121
1803	-124
1808	-124
1812	-123
1817	-123
1820	-121
1822	-118
1825	-116
1829	-116
1834	-115
1836	-113
1839	-111
1842	-109
1846	-108
1850	-107
1852	-105
1855	-102
1858	-101
1862	-100
1866	-99
1871	-98
1879	-101
1894	-110
1898	-110
1906	-112
1909	-110
1910	-107
1914	-105
1919	-106
1922	-103
1921	-98
1924	-95
1929	-95
1931	-93
1935	-91
1940	-91
1946	-91
1952	-93
1962	-97
1969	-98
1973	-97
1978	-97
1982	-95
1986	-94
1990	-93
1994	-91
1997	-89
2006	-92
2012	-93
2017	-92
2022	-92
2025	-90
2027	-87
2030	-85
2038	-87
2049	-91
2050	-88
2056	-88
2057	-84
2059	-81
2060	-78
2063	-76
2073	-79
2081	-81
2083	-77
2084	-74
2087	-72
2090	-70
2094	-68
2100	-68
2103	-66
2103	-61
2102	-56
2103	-52
2105	-49
2106	-45
2107	-41
2108	-38
2109	-34
2108	-28
2109	-24
2109	-20
2109	-15
2110	-11
2111	-7
2113	-4
2114	-1
2115	3
2115	8
2114	13
2116	16
2114	22
2115	26
2115	30
2114	35
2115	39
2115	44
2117	47
2120	49
2119	54
2120	58
2121	61
2124	63
2126	67
2126	71
2127	74
2127	79
2129	82
2130	86
2129	90
2127	97
2127	101
2131	102
2134	105
2134	109
2134	113
2137	116
2139	119
2139	123
2139	127
2140	131
2142	134
2144	136
2145	140
2145	144
2144	149
2144	154
2145	157
2145	161
2146	165
2149	167
2150	170
2152	173
2154	177
2154	181
2157	183
2156	188
2157	191
2160	193
2160	197
2161	201
2161	205
2159	211
2160	215
2162	217
2164	220
2167	222
2169	225
2173	227
2177	228
2180	230
2181	234
2183	237
2182	241
2182	245
2184	248
2185	252
2186	255
2186	259
2188	262
2191	265
2191	269
2191	273
2192	277
2191	281
2191	285
2189	290
2190	294
2190	298
2191	301
2191	306
2191	310
2192	313
2193	317
2194	320
2194	324
2194	328
2194	332
2195	335
2196	339
2196	343
2195	347
2196	351
2195	355
2197	358
2200	360
2200	364
2197	370
2199	373
2202	375
2204	378
2203	382
2203	386
2203	390
2204	393
2207	396
2211	397
2212	401
2211	405
2212	409
2213	412
2215	414
2216	418
2217	421
2218	424
2218	428
2219	432
2220	435
2221	438
2223	441
2224	445
2221	450
2222	453
2222	457
2223	460
2222	465
2222	469
2224	472
2224	475
2224	479
2226	482
2228	485
2229	488
2230	491
2232	494
2235	496
2234	500
2233	505
2233	509
2233	513
2231	517
2231	521
2233	524
2234	527
2236	530
2237	533
2240	535
2240	539
2240	543
2239	547
2239	551
2236	556
2238	559
2237	563
2237	566
2238	570
2239	573
2240	576
2242	579
2244	582
2247	584
2248	587
2247	591
2247	595
2249	598
2250	601
2249	605
2250	608
2253	611
2255	613
2252	618
2251	623
2250	627
2252	629
2254	632
2254	636
2256	639
2256	642
2256	646
2256	649
2258	652
2257	656
2257	660
2259	663
2257	667
2257	671
2258	674
2259	677
2261	680
2262	683
2262	686
2261	691
2260	694
2263	697
2264	700
2265	703
2265	707
2265	710
2265	714
2267	717
2268	720
2268	723
2269	726
2272	729
2271	733
2271	736
2270	740
2270	744
2271	747
2273	750
2272	754
2273	757
2273	760
2273	764
2274	767
2274	770
2275	774
2276	777
2278	779
2279	783
2277	787
2279	790
2279	793
2279	797
2280	800
2280	803
2278	807
2279	811
2280	814
2279	817
2279	821
2279	824
2280	828
2281	831
2282	834
2282	837
2283	840
2285	843
2286	846
2287	849
2287	853
2286	856
2286	860
2287	863
2287	866
2289	869
2289	873
2288	876
2289	880
2288	883
2288	887
2289	890
2290	893
2291	896
2292	899
2291	903
2292	906
2293	909
2293	912
2294	915
2295	919
2295	922
2296	925
2296	928
2297	931
2297	935
2296	939
2296	942
2296	945
2297	948
2298	951
2299	955
2300	958
2301	961
2302	964
2301	967
2299	971
2300	974
2301	977
2302	980
2301	984
2301	987
2302	990
2303	994
2304	997
2306	999
2306	1003
2307	1006
2309	1009
2309	1012
2310	1015
2310	1018
2310	1022
2309	1025
2308	1029
2309	1032
2311	1035
2312	1038
2312	1041
2312	1044
2312	1048
2313	1051
2315	1054
2316	1057
2314	1060
2315	1063
2315	1067
2316	1070
2316	1073
2317	1076
2317	1079
2318	1083
2319	1086
2320	1089
2319	1092
2319	1095
2321	1098
2322	1101
2323	1105
2322	1108
2323	1111
2324	1114
2326	1117
2324	1121
2324	1124
2324	1127
2325	1130
2325	1134
2327	1136
2330	1139
2332	1142
2334	1145
2335	1148
2334	1151
2336	1154
2337	1157
2337	1161
2338	1163
2338	1167
2338	1170
2336	1174
2337	1177
2339	1180
2339	1183
2341	1186
2342	1189
2342	1192
2344	1195
2343	1198
2343	1202
2343	1205
2342	1208
2344	1211
2346	1214
2345	1218
2346	1221
2346	1224
2347	1227
2346	1230
2345	1234
2346	1237
2346	1240
2347	1243
2348	1246
2349	1249
2350	1252
2350	1256
2351	1259
2351	1262
2351	1265
2353	1268
2353	1271
2353	1275
2352	1278
2353	1281
2353	1284
2354	1287
2353	1291
2353	1294
2352	1297
2353	1301
2354	1304
2354	1307
2353	1310
2355	1313
2356	1316
2358	1319
2359	1322
2360	1325
2361	1328
2363	1331
2360	1335
2360	1338
2360	1341
2361	1344
2360	1348
2360	1351
2363	1354
2363	1357
2364	1360
2364	1363
2363	1367
2364	1370
2364	1373
2364	1376
2364	1380
2365	1383
2367	1386
2365	1389
2366	1392
2366	1395
2367	1398
2368	1402
2368	1405
2368	1408
2368	1411
2369	1414
2371	1417
2373	1420
2373	1423
2374	1427
2373	1430
2372	1433
2372	1436
2374	1439
2374	1443
2375	1446
2375	1449
2374	1452
2373	1456
2375	1459
2376	1462
2377	1465
2379	1468
2380	1471
2381	1474
2380	1477
2378	1481
2379	1484
2380	1487
2380	1490
2381	1493
2382	1496
2385	1499
2386	1503
2388	1506
2389	1509
2390	1512
2390	1515
2391	1518
2391	1522
2390	1525
2390	1528
2392	1531
2394	1534
2393	1537
2392	1541
2394	1544
2397	1547
2400	1550
2400	1553
2401	1556
2402	1559
2402	1563
2402	1566
2403	1569
2403	1572
2403	1576
2403	1579
2403	1582
2404	1585
2404	1588
2403	1592
2404	1595
2404	1598
2405	1601
2405	1604
2406	1608
2407	1611
2407	1614
2406	1617
2407	1621
2406	1624
2407	1627
2407	1630
2408	1633
2408	1637
2409	1640
2409	1643
2409	1646
