2695	1673
2696	1677
2697	1680
2698	1684
2698	1688
2697	1691
2699	1698
2700	1702
2700	1706
2701	1709
2701	1713
2701	1717
2701	1720
2701	1724
2702	1727
2703	1731
2704	1735
2704	1738
2704	1742
2705	1746
2706	1749
2707	1753
2707	1757
2707	1760
2708	1764
2708	1768
2708	1771
2708	1775
2708	1778
2708	1782
2710	1786
2711	1789
2711	1793
2712	1797
2712	1800
2712	1804
2713	1808
2715	1812
2715	1815
2716	1819
2716	1823
2717	1826
2717	1830
2717	1834
2717	1837
2718	1841
2720	1845
2720	1848
2721	1852
2720	1856
2721	1859
2723	1863
2725	1867
2724	1871
2725	1874
2727	1878
2730	1882
2732	1886
2734	1890
2736	1894
2735	1897
2734	1901
2735	1905
2736	1908
2733	1912
2734	1916
2735	1919
2735	1923
2736	1927
2738	1931
2738	1934
2738	1938
2738	1942
2739	1946
2739	1949
2739	1953
2738	1957
2738	1960
2739	1964
2740	1968
2740	1972
2741	1975
2741	1979
2742	1983
2741	1987
2742	1991
2742	1994
2742	1998
2742	2002
2743	2006
2744	2009
2744	2013
2745	2017
2746	2021
2745	2024
2746	2028
2747	2032
2747	2036
2747	2040
2749	2044
2749	2047
2750	2051
2750	2055
2750	2059
2749	2062
2750	2066
2750	2070
2752	2074
2752	2078
2755	2082
2755	2086
2756	2090
2756	2094
2756	2097
2756	2101
2756	2105
2755	2108
2756	2112
2758	2116
2757	2120
2757	2124
2757	2128
2759	2132
2759	2136
2760	2140
2762	2144
2762	2147
2763	2151
2763	2155
2762	2159
2763	2163
2763	2167
2762	2170
2762	2174
2762	2178
2762	2182
2764	2186
2764	2190
2763	2193
2765	2198
2765	2201
2766	2206
2768	2210
2769	2214
2769	2218
2769	2221
2768	2225
2768	2229
2768	2233
2770	2237
2770	2241
2770	2245
2771	2249
2772	2253
2772	2257
2772	2261
2771	2264
2772	2268
2773	2272
2774	2276
2775	2281
2776	2285
2776	2289
2776	2292
2776	2296
2776	2300
2777	2304
2777	2308
2778	2312
2780	2317
2781	2321
2781	2325
2781	2329
2780	2332
2780	2336
2780	2340
2781	2344
2781	2348
2781	2352
2781	2356
2781	2360
2782	2364
2782	2368
2782	2372
2784	2377
2785	2381
2785	2385
2785	2389
2784	2393
2783	2396
2784	2400
2785	2405
2786	2409
2786	2413
2786	2417
2787	2421
2787	2425
2787	2429
2789	2434
2789	2438
2789	2442
2789	2446
2789	2450
2787	2453
2786	2457
2787	2461
2787	2465
2788	2469
2788	2473
2788	2477
2789	2482
2789	2486
2789	2490
2790	2494
2790	2498
2789	2502
2789	2506
2790	2510
2790	2514
2790	2518
2790	2522
2790	2526
2790	2530
2789	2534
2790	2539
2790	2543
2791	2547
2791	2551
2793	2556
2795	2561
2795	2565
2794	2568
2793	2572
2793	2577
2795	2581
2795	2585
2794	2589
2793	2593
2793	2597
2794	2601
2794	2606
2793	2610
2793	2614
2795	2618
2795	2623
2795	2627
2796	2631
2795	2635
2795	2639
2795	2643
2795	2647
2794	2651
2795	2656
2797	2661
2802	2667
2806	2672
2807	2677
2806	2681
2807	2685
2808	2690
2808	2694
2808	2698
2807	2702
2806	2706
2806	2710
2805	2714
2805	2718
2805	2723
2806	2727
2806	2732
2807	2736
2806	2740
2805	2744
2806	2748
2806	2753
2807	2757
2806	2761
2805	2765
2804	2769
2804	2773
2803	2778
2804	2782
2805	2787
2805	2791
2805	2795
2804	2800
2805	2804
2805	2809
2806	2813
2805	2817
2805	2821
2806	2826
2806	2831
2806	2835
2805	2839
2804	2843
2804	2847
2804	2852
2805	2857
2806	2861
2805	2865
2805	2869
2804	2874
2806	2879
2807	2884
2807	2888
2806	2892
2805	2896
2806	2901
2805	2905
2805	2909
2804	2914
2805	2918
2806	2923
2805	2927
2806	2932
2806	2937
2807	2941
2808	2946
2809	2951
2809	2956
2810	2961
2812	2966
2810	2970
2808	2973
2807	2978
2806	2982
2806	2986
2807	2991
2807	2995
2807	3000
2807	3005
2810	3011
2808	3014
2807	3018
2806	3023
2807	3028
2807	3032
2807	3037
2806	3041
2806	3045
2806	3050
2806	3055
2806	3059
2806	3064
2805	3068
2804	3072
2806	3078
2805	3082
2805	3087
2804	3091
2803	3095
2803	3100
2803	3104
2802	3108
2801	3113
2802	3118
2802	3123
2801	3127
2800	3131
2800	3136
2800	3141
2804	3147
2803	3152
2805	3157
2809	3164
2808	3168
2806	3172
2805	3176
2805	3181
2805	3186
2806	3191
2794	3190
2765	3179
2755	3178
2751	3181
2746	3183
2743	3187
2741	3190
2739	3194
2739	3199
2752	3210
2780	3230
2800	3246
2804	3253
2805	3258
2805	3263
2805	3268
2805	3273
2804	3278
2804	3282
2805	3288
2806	3293
2806	3298
2806	3303
2806	3308
2805	3313
2806	3318
2806	3323
2805	3328
2805	3332
2803	3337
2803	3341
2802	3346
2802	3351
2802	3356
2803	3361
2804	3367
2805	3372
2805	3378
2804	3382
2804	3387
2803	3392
2803	3397
2803	3402
2803	3407
2802	3412
2802	3416
2801	3421
2801	3427
2802	3432
2803	3438
2802	3443
2802	3448
2805	3455
2807	3461
2807	3466
2806	3471
2806	3476
2806	3481
2806	3486
2805	3491
2805	3496
2804	3501
2804	3506
2803	3511
2805	3517
2805	3523
2805	3528
2804	3533
2804	3538
2804	3543
2802	3548
2801	3552
2800	3557
2800	3562
2800	3567
2799	3572
2798	3577
2798	3583
2798	3587
2799	3594
2798	3599
2797	3603
2796	3608
2797	3614
2796	3619
2796	3624
2796	3630
2795	3635
2794	3639
2793	3644
2793	3650
2792	3655
2791	3660
2791	3665
2792	3671
2792	3676
2791	3681
2790	3687
2789	3692
2789	3697
2792	3704
2793	3711
2793	3717
2792	3721
2791	3726
2790	3731
2789	3736
2788	3741
2786	3745
2788	3753
2787	3758
2786	3763
2784	3767
2782	3771
2781	3777
2780	3781
2780	3787
2779	3792
2777	3796
2777	3802
2777	3808
2776	3813
2775	3818
2774	3823
2775	3830
2774	3835
2773	3840
2773	3845
2771	3850
2770	3855
2770	3861
2769	3866
2767	3871
2766	3876
2764	3880
2763	3885
2762	3890
2761	3895
2762	3903
2762	3908
2761	3913
2760	3919
2759	3924
2758	3929
2757	3934
2755	3939
2754	3944
2753	3949
2752	3955
2751	3960
2751	3966
2750	3971
2750	3978
2755	3988
2755	3994
2754	3999
2753	4004
2750	4009
2749	4014
2745	4017
2732	4012
2706	3997
2691	3991
2685	3991
2685	3997
2684	4003
2681	4006
2680	4012
2723	4054
2733	4069
2731	4074
2730	4079
2729	4084
2727	4089
2725	4094
2724	4099
2721	4103
2718	4107
2716	4112
2713	4116
2711	4120
2710	4126
2708	4130
2707	4136
2705	4141
2703	4146
2701	4151
2699	4155
2696	4159
2695	4165
2694	4170
2692	4175
2689	4178
2686	4183
2684	4188
2683	4192
2680	4197
2678	4202
2677	4207
2675	4212
2673	4217
2671	4221
2670	4227
2666	4231
2664	4235
2661	4239
2659	4243
2656	4248
2654	4253
2651	4257
2649	4261
2647	4266
2645	4271
2620	4315
2617	4320
2615	4324
2612	4328
2593	4316
2583	4313
2575	4312
2569	4313
2600	4351
2598	4355
2595	4360
2559	4331
2557	4335
2552	4337
2546	4339
2545	4344
2545	4351
2544	4357
2541	4362
2539	4366
2539	4373
2535	4376
2534	4382
2533	4388
2531	4393
2531	4400
2536	4413
2539	4423
2539	4430
2538	4437
2537	4442
2534	4446
2531	4450
2529	4455
2526	4459
2523	4464
2521	4468
2517	4472
2514	4476
2510	4479
2507	4483
2504	4488
2501	4491
2497	4494
2494	4498
2491	4502
2488	4507
2484	4510
2481	4514
2478	4518
2475	4522
2471	4525
2468	4529
2465	4533
2462	4537
2458	4540
2455	4544
2451	4548
2447	4550
2444	4554
2440	4557
2435	4559
2430	4562
2425	4564
2420	4565
2416	4569
2413	4573
2406	4572
2399	4571
2394	4572
2390	4576
2386	4579
2383	4584
2380	4588
2378	4592
2375	4596
2374	4603
2375	4612
2375	4620
2373	4626
2372	4631
2368	4635
2364	4638
2360	4641
2356	4644
2352	4647
2349	4651
2345	4654
2341	4658
2338	4662
2335	4665
2331	4669
2327	4672
2324	4676
2320	4680
2316	4682
2312	4686
2308	4689
2305	4693
2302	4697
2299	4701
2297	4707
2294	4712
2292	4716
2288	4720
2285	4724
2280	4726
2276	4729
2272	4732
2270	4737
2266	4740
2262	4743
2255	4743
2244	4737
2234	4732
2228	4732
2222	4733
2217	4734
2214	4738
2213	4745
2214	4755
2216	4766
2216	4775
2214	4781
2210	4784
2206	4786
2202	4789
2198	4793
2195	4797
2191	4800
2187	4803
2183	4806
2180	4810
2176	4814
2172	4817
2168	4821
2164	4823
2160	4826
2157	4830
2153	4833
2148	4836
2145	4840
2141	4843
2137	4846
2132	4848
2124	4845
2113	4838
2104	4834
2098	4834
2094	4836
2090	4840
2090	4849
2095	4865
2096	4875
2093	4880
2089	4883
2084	4885
2080	4888
2077	4892
2073	4895
2069	4898
2064	4901
2060	4904
2055	4905
2050	4907
2045	4909
2042	4912
2039	4917
2035	4920
2031	4924
2027	4926
2022	4928
2018	4931
2011	4930
2002	4925
1994	4922
1989	4923
1984	4924
1981	4930
1981	4938
1981	4949
1980	4956
1976	4959
1972	4963
1968	4965
1963	4968
1959	4970
1954	4972
1950	4975
1946	4978
1942	4982
1938	4984
1934	4987
1929	4990
1925	4992
1921	4995
1917	4999
1912	5000
1908	5004
1905	5007
1901	5011
1897	5014
1892	5016
1887	5017
1882	5019
1877	5021
1872	5023
1867	5023
1861	5022
1854	5021
1849	5022
1845	5025
1840	5026
1840	5037
1838	5044
1837	5052
1834	5057
1830	5060
1825	5062
1821	5065
1816	5066
1811	5069
1807	5071
1803	5075
1799	5077
1794	5079
1790	5082
1785	5084
1781	5087
1776	5089
1772	5092
1768	5096
1764	5098
1759	5099
1754	5100
1750	5104
1746	5108
1743	5112
1738	5114
1734	5117
1730	5120
1726	5123
1722	5126
1717	5129
1712	5129
1707	5131
1702	5133
1698	5136
1694	5138
1689	5141
1685	5144
1681	5147
1676	5149
1671	5151
1667	5153
1662	5155
1658	5158
1654	5161
1650	5164
1645	5166
1640	5168
1636	5172
1632	5175
1628	5177
1623	5180
1619	5182
1614	5184
1608	5183
1603	5184
1597	5184
1590	5181
1581	5173
1573	5169
1566	5165
1559	5163
1553	5161
1547	5161
1542	5162
1538	5164
1533	5166
1529	5168
1524	5170
1520	5173
1515	5174
1509	5174
1505	5176
1500	5177
1495	5178
1490	5180
1486	5182
1481	5184
1476	5186
1471	5187
1466	5188
1462	5191
1458	5194
1454	5198
1451	5204
1448	5210
1447	5219
1445	5227
1444	5238
1444	5251
1439	5252
1434	5254
1429	5256
1424	5257
1419	5258
1414	5258
1409	5259
1404	5262
1400	5265
1395	5266
1390	5267
1385	5268
1381	5270
1376	5273
1371	5274
1366	5274
1361	5275
1356	5277
1351	5278
1346	5279
1341	5281
1336	5282
1331	5282
1326	5284
1322	5287
1317	5288
1313	5291
1308	5292
1302	5292
1298	5294
1293	5296
1289	5299
1284	5300
1278	5299
1273	5299
1268	5301
1263	5302
1257	5302
1252	5303
1247	5303
1242	5304
1237	5306
1233	5309
1228	5310
1224	5314
1220	5316
1215	5319
1210	5320
1205	5321
1201	5322
1196	5325
1191	5325
1186	5327
1181	5329
1176	5329
1171	5329
1164	5325
1155	5313
1144	5295
1127	5262
1121	5260
1116	5259
1110	5258
1105	5258
1101	5260
1096	5262
1092	5264
1087	5267
1086	5280
1091	5310
1095	5340
1094	5354
1091	5360
1086	5362
1081	5364
1076	5364
1071	5364
1066	5364
1061	5366
1056	5367
1051	5369
1047	5370
1042	5373
1038	5375
1032	5376
1027	5376
1023	5378
1018	5379
1013	5380
1008	5383
1003	5384
998	5385
993	5386
989	5388
984	5390
979	5392
975	5394
970	5396
965	5397
960	5397
955	5398
950	5399
945	5400
940	5400
935	5400
930	5403
925	5402
918	5397
912	5395
903	5380
902	5394
876	5314
869	5307
888	5399
857	5301
851	5298
846	5298
842	5299
837	5300
831	5297
826	5296
821	5295
816	5296
811	5299
807	5303
806	5318
825	5418
820	5419
815	5420
811	5423
806	5424
801	5426
796	5427
791	5428
786	5428
781	5429
776	5430
772	5432
767	5433
762	5434
756	5434
752	5436
747	5439
743	5443
738	5445
734	5447
728	5445
723	5444
718	5446
713	5447
708	5449
703	5450
699	5452
694	5453
688	5451
683	5449
677	5448
673	5450
668	5452
663	5454
658	5456
654	5459
614	5275
609	5273
603	5267
596	5257
590	5252
585	5251
580	5250
575	5251
571	5253
567	5258
564	5267
560	5271
555	5272
550	5271
545	5270
540	5270
535	5270
530	5269
559	5473
554	5474
549	5473
489	5130
484	5127
478	5122
473	5117
468	5118
464	5121
459	5120
455	5119
450	5120
446	5124
442	5129
438	5130
433	5131
429	5131
424	5131
420	5132
415	5132
410	5131
406	5131
401	5132
397	5131
392	5132
387	5131
383	5133
379	5137
374	5135
369	5129
363	5121
360	5128
356	5136
352	5139
347	5141
343	5141
338	5141
334	5140
329	5139
324	5134
318	5126
313	5123
310	5139
306	5140
302	5141
297	5141
292	5141
288	5140
283	5140
278	5136
273	5126
268	5126
264	5135
260	5140
256	5141
251	5142
247	5140
242	5136
237	5133
232	5133
228	5134
223	5133
219	5134
214	5134
210	5135
205	5136
201	5135
196	5134
192	5135
187	5135
183	5135
178	5135
174	5135
169	5134
164	5134
160	5134
155	5134
151	5136
146	5135
142	5135
137	5135
133	5136
128	5136
124	5135
119	5135
115	5137
110	5137
106	5137
101	5137
97	5138
92	5138
88	5138
83	5137
78	5132
73	5119
68	5110
61	5037
57	5039
52	5039
48	5037
43	5033
39	5035
35	5034
30	5029
25	5020
21	5016
17	5016
12	5014
8	5010
3	5009
-1	5012
-5	5014
-10	5015
-14	5015
-18	5020
-22	5031
-27	5035
-31	5033
-36	5035
-40	5040
-44	5042
-49	5042
-53	5039
-57	5112
-62	5116
-66	5127
-71	5139
-75	5143
-80	5144
-84	5144
-89	5145
-93	5145
-98	5146
-102	5145
-107	5145
-111	5144
-116	5144
-120	5145
-125	5145
-130	5146
-134	5146
-139	5146
-143	5146
-148	5146
-152	5147
-157	5148
-161	5148
-166	5148
-170	5147
-175	5147
-179	5148
-184	5148
-188	5148
-193	5148
-198	5149
-202	5149
-207	5149
-211	5150
-216	5150
-220	5150
-225	5150
-229	5151
-234	5151
-239	5153
-243	5155
-248	5159
-269	5463
-274	5462
-278	5460
-283	5459
-288	5457
-275	5151
-279	5135
-283	5140
-308	5451
-312	5448
-317	5447
-322	5446
-327	5446
-332	5444
-337	5441
-342	5441
-346	5440
-351	5440
-356	5439
-361	5437
-366	5436
-371	5436
-376	5435
-380	5433
-385	5432
-390	5432
-395	5431
-400	5431
-405	5430
-410	5427
-414	5425
-419	5423
-424	5423
-429	5422
-434	5423
-439	5422
-443	5421
-448	5420
-453	5418
-430	5147
-434	5145
-439	5147
-443	5146
-447	5139
-451	5133
-456	5132
-461	5139
-466	5144
-502	5416
-507	5415
-512	5414
-501	5279
-506	5280
-510	5280
-515	5282
-520	5283
-525	5282
-530	5281
-534	5281
-539	5280
-544	5280
-549	5280
-554	5281
-558	5282
-563	5281
-568	5280
-572	5280
-577	5280
-582	5280
-611	5450
-617	5451
-622	5451
-627	5452
-632	5452
-637	5454
-643	5456
-648	5458
-653	5458
-658	5458
-663	5459
-668	5459
-674	5461
-679	5462
-684	5463
-689	5462
-694	5462
-700	5464
-705	5464
-709	5463
-714	5462
-719	5461
-724	5459
-729	5457
-734	5456
-739	5455
-743	5453
-748	5451
-753	5449
-758	5449
-763	5451
-768	5449
-773	5448
-778	5449
-783	5450
-788	5446
-792	5441
-797	5439
-802	5440
-808	5442
-813	5442
-818	5441
-822	5438
-827	5436
-832	5436
-837	5434
-841	5432
-846	5430
-851	5430
-856	5429
-861	5427
-865	5425
-871	5426
-876	5427
-881	5427
-886	5425
-891	5424
-896	5422
-900	5418
-904	5415
-909	5412
-914	5412
-919	5412
-924	5410
-928	5409
-933	5408
-938	5407
-943	5405
-948	5405
-953	5404
-958	5403
-963	5402
-967	5400
-972	5398
-976	5394
-981	5392
-986	5391
-991	5390
-995	5387
-999	5383
-1004	5381
-1009	5382
-1014	5382
-1019	5382
-1025	5381
-1029	5379
-1034	5378
-1039	5377
-1045	5379
-1049	5377
-1053	5373
-1058	5371
-1063	5370
-1068	5369
-1072	5366
-1077	5365
-1081	5362
-1086	5360
-1091	5358
-1096	5357
-1100	5356
-1105	5354
-1110	5354
-1114	5350
-1118	5345
-1122	5342
-1127	5339
-1132	5338
-1137	5340
-1142	5338
-1147	5336
-1151	5332
-1154	5325
-1157	5319
-1161	5315
-1165	5311
-1169	5307
-1174	5305
-1178	5303
-1184	5305
-1190	5306
-1195	5306
-1199	5302
-1203	5300
-1208	5299
-1214	5300
-1219	5300
-1224	5299
-1229	5298
-1233	5297
-1238	5294
-1242	5292
-1247	5291
-1252	5289
-1256	5287
-1261	5286
-1265	5283
-1270	5281
-1275	5279
-1279	5277
-1284	5275
-1288	5271
-1292	5268
-1296	5264
-1300	5263
-1305	5262
-1311	5262
-1316	5264
-1322	5264
-1327	5264
-1332	5262
-1336	5260
-1340	5256
-1344	5254
-1350	5254
-1355	5252
-1359	5250
-1363	5247
-1368	5245
-1372	5243
-1376	5239
-1380	5235
-1384	5233
-1389	5231
-1395	5232
-1399	5229
-1403	5227
-1408	5224
-1412	5222
-1417	5222
-1421	5218
-1425	5215
-1430	5213
-1435	5212
-1439	5209
-1443	5205
-1445	5198
-1448	5192
-1451	5186
-1455	5182
-1459	5179
-1462	5175
-1467	5172
-1471	5170
-1476	5169
-1480	5167
-1485	5165
-1489	5161
-1491	5155
-1495	5150
-1499	5147
-1503	5144
-1507	5141
-1511	5139
-1516	5137
-1520	5135
-1524	5132
-1528	5128
-1532	5125
-1537	5124
-1542	5123
-1546	5120
-1550	5116
-1554	5114
-1558	5111
-1562	5108
-1566	5105
-1570	5103
-1573	5097
-1576	5092
-1579	5086
-1582	5080
-1586	5077
-1591	5076
-1595	5074
-1600	5074
-1605	5073
-1610	5072
-1614	5069
-1618	5066
-1622	5062
-1625	5058
-1629	5054
-1632	5050
-1636	5047
-1641	5045
-1645	5043
-1650	5042
-1656	5043
-1659	5040
-1663	5037
-1667	5033
-1671	5030
-1675	5027
-1680	5026
-1685	5025
-1689	5022
-1691	5017
-1695	5014
-1700	5012
-1704	5009
-1708	5006
-1711	5002
-1715	4998
-1718	4995
-1722	4991
-1727	4989
-1731	4987
-1735	4984
-1738	4980
-1742	4977
-1746	4975
-1749	4970
-1753	4966
-1756	4963
-1760	4959
-1763	4954
-1766	4949
-1768	4944
-1772	4940
-1774	4934
-1777	4929
-1779	4923
-1782	4919
-1786	4915
-1789	4912
-1793	4908
-1793	4899
-1796	4894
-1798	4888
-1801	4884
-1805	4881
-1808	4876
-1811	4871
-1814	4867
-1816	4862
-1819	4857
-1821	4851
-1824	4846
-1826	4840
-1828	4835
-1830	4828
-1831	4820
-1832	4813
-1834	4805
-1834	4796
-1836	4790
-1839	4787
-1843	4784
-1846	4780
-1848	4775
-1853	4773
-1856	4769
-1859	4764
-1862	4760
-1865	4757
-1869	4754
-1872	4750
-1876	4748
-1880	4746
-1884	4743
-1887	4740
-1890	4735
-1893	4731
-1898	4730
-1902	4728
-1906	4726
-1911	4724
-1915	4723
-1918	4720
-1922	4717
-1927	4716
-1931	4713
-1935	4711
-1940	4710
-1942	4705
-1946	4702
-1952	4703
-1957	4703
-1962	4701
-1966	4698
-1969	4695
-1973	4692
-1976	4689
-1980	4687
-1985	4685
-1988	4682
-1993	4680
-1997	4678
-2001	4675
-2004	4672
-2008	4669
-2012	4667
-2017	4666
-2021	4664
-2026	4663
-2029	4660
-2034	4658
-2037	4655
-2041	4652
-2045	4649
-2049	4648
-2053	4645
-2057	4643
-2060	4639
-2063	4635
-2067	4631
-2070	4629
-2075	4628
-2080	4626
-2083	4623
-2087	4621
-2092	4619
-2096	4616
-2100	4614
-2102	4608
-2106	4607
-2111	4606
-2115	4603
-2118	4599
-2121	4595
-2126	4594
-2129	4591
-2132	4587
-2137	4585
-2141	4584
-2145	4581
-2149	4579
-2153	4576
-2157	4574
-2161	4571
-2165	4569
-2169	4567
-2173	4565
-2178	4563
-2179	4557
-2182	4553
-2187	4551
-2191	4549
-2195	4547
-2199	4544
-2203	4542
-2208	4540
-2212	4538
-2215	4534
-2218	4531
-2222	4528
-2223	4522
-2225	4516
-2228	4514
-2232	4510
-2235	4506
-2238	4504
-2241	4500
-2245	4497
-2249	4495
-2253	4492
-2257	4490
-2263	4490
-2266	4487
-2270	4483
-2273	4480
-2277	4477
-2280	4474
-2283	4470
-2285	4465
-2289	4463
-2293	4460
-2296	4456
-2299	4452
-2302	4449
-2307	4448
-2308	4442
-2310	4437
-2314	4434
-2318	4432
-2322	4429
-2325	4426
-2328	4422
-2331	4419
-2335	4416
-2338	4412
-2341	4409
-2346	4407
-2349	4404
-2353	4401
-2356	4398
-2357	4392
-2360	4388
-2366	4388
-2369	4385
-2372	4381
-2376	4378
-2379	4375
-2383	4373
-2389	4372
-2390	4366
-2392	4361
-2397	4360
-2401	4357
-2405	4355
-2408	4352
-2411	4347
-2415	4346
-2419	4343
-2421	4338
-2425	4335
-2428	4332
-2432	4330
-2436	4327
-2438	4322
-2442	4320
-2443	4314
-2445	4310
-2449	4307
-2452	4303
-2454	4298
-2456	4294
-2461	4293
-2463	4288
-2467	4286
-2472	4284
-2476	4282
-2479	4278
-2484	4276
-2485	4271
-2488	4267
-2490	4263
-2494	4260
-2498	4257
-2500	4253
-2502	4248
-2504	4244
-2509	4242
-2511	4238
-2514	4234
-2518	4232
-2520	4227
-2522	4222
-2526	4219
-2529	4216
-2532	4213
-2535	4209
-2537	4205
-2540	4201
-2542	4197
-2547	4195
-2549	4191
-2552	4187
-2555	4184
-2559	4181
-2560	4176
-2563	4172
-2565	4168
-2568	4164
-2571	4160
-2575	4158
-2577	4153
-2578	4148
-2581	4144
-2583	4140
-2586	4137
-2588	4133
-2590	4128
-2595	4126
-2599	4123
-2598	4116
-2600	4112
-2603	4109
-2607	4106
-2610	4103
-2612	4098
-2615	4095
-2621	4093
-2625	4091
-2630	4089
-2631	4085
-2634	4081
-2637	4077
-2639	4073
-2642	4069
-2643	4064
-2646	4060
-2648	4056
-2650	4052
-2651	4046
-2652	4041
-2430	3833
-2433	3830
-2438	3829
-2443	3828
-2448	3827
-2454	3827
-2459	3826
-2465	3825
-2471	3825
-2476	3823
-2484	3825
-2490	3825
-2496	3825
-2501	3823
-2506	3822
-2513	3822
-2519	3822
-2524	3821
-2529	3820
-2535	3819
-2540	3818
-2547	3818
-2553	3817
-2559	3817
-2563	3815
-2572	3817
-2578	3817
-2584	3816
-2590	3815
-2596	3815
-2602	3814
-2608	3813
-2613	3812
-2618	3811
-2624	3810
-2630	3809
-2636	3808
-2642	3808
-2648	3807
-2654	3806
-2663	3808
-2669	3807
-2675	3807
-2682	3806
-2688	3805
-2694	3804
-2699	3803
-2706	3803
-2713	3803
-2719	3802
-2724	3800
-2730	3799
-2733	3796
-2730	3788
-2725	3779
-2730	3777
-2742	3781
-2756	3786
-2758	3782
-2759	3777
-2759	3772
-2759	3766
-2761	3761
-2762	3757
-2763	3752
-2764	3747
-2766	3743
-2771	3741
-2780	3743
-2783	3739
-2785	3735
-2786	3730
-2784	3724
-2785	3719
-2789	3716
-2792	3712
-2791	3706
-2792	3702
-2795	3698
-2796	3693
-2795	3687
-2797	3683
-2799	3679
-2800	3675
-2802	3671
-2804	3667
-2805	3662
-2806	3657
-2806	3652
-2807	3647
-2809	3643
-2811	3639
-2810	3633
-2812	3629
-2813	3624
-2813	3619
-2814	3614
-2816	3610
-2818	3607
-2821	3603
-2821	3598
-2819	3591
-2822	3588
-2824	3584
-2827	3580
-2827	3575
-2829	3571
-2831	3567
-2831	3562
-2831	3557
-2831	3551
-2831	3546
-2832	3542
-2833	3537
-2831	3530
-2830	3524
-2832	3521
-2835	3517
-2836	3513
-2833	3506
-2831	3499
-2832	3494
-2833	3490
-2835	3486
-2838	3483
-2841	3480
-2841	3475
-2838	3468
-2839	3463
-2843	3461
-2848	3459
-2847	3453
-2847	3448
-2849	3444
-2851	3440
-2853	3437
-2855	3433
-2856	3428
-2854	3422
-2852	3416
-2852	3411
-2852	3406
-2854	3402
-2856	3398
-2857	3393
-2858	3389
-2858	3384
-2858	3379
-2859	3375
-2860	3370
-2862	3367
-2863	3363
-2865	3358
-2866	3354
-2866	3349
-2864	3343
-2861	3337
-2859	3330
-2860	3326
-2861	3322
-2861	3317
-2862	3312
-2862	3308
-2863	3303
-2862	3298
-2863	3293
-2862	3288
-2862	3283
-2864	3280
-2865	3275
-2863	3269
-2859	3262
-2854	3255
-2853	3249
-2850	3243
-2850	3238
-2851	3234
-2855	3231
-2858	3228
-2859	3224
-2858	3219
-2855	3212
-2852	3206
-2850	3200
-2848	3194
-2846	3189
-2847	3184
-2847	3179
-2847	3175
-2844	3168
-2843	3163
-2842	3158
-2841	3153
-2841	3148
-2841	3144
-2842	3140
-2842	3135
-2842	3130
-2841	3125
-2841	3120
-2843	3117
-2843	3112
-2843	3108
-2842	3103
-2838	3096
-2838	3091
-2838	3087
-2836	3081
-2835	3076
-2837	3073
-2839	3069
-2839	3065
-2837	3059
-2834	3053
-2834	3049
-2835	3045
-2837	3041
-2838	3037
-2838	3033
-2833	3026
-2834	3022
-2836	3018
-2836	3014
-2832	3008
-2828	3001
-2825	2995
-2824	2990
-2825	2987
-2827	2983
-2829	2980
-2830	2976
-2831	2972
-2831	2967
-2828	2962
-2823	2955
-2823	2951
-2822	2946
-2822	2941
-2822	2937
-2824	2933
-2824	2929
-2826	2926
-2827	2922
-2826	2917
-2826	2913
-2827	2909
-2827	2904
-2824	2899
-2822	2894
-2815	2886
-2814	2882
-2812	2877
-2809	2871
-2807	2866
-2802	2860
-2795	2852
-2793	2847
-2793	2843
-2795	2840
-2796	2836
-2799	2833
-2802	2830
-2805	2827
-2806	2823
-2807	2820
-2807	2815
-2808	2811
-2807	2807
-2807	2803
-2805	2798
-2804	2793
-2804	2789
-2806	2786
-2808	2782
-2808	2778
-2810	2775
-2812	2771
-2814	2768
-2817	2765
-2815	2760
-2815	2756
-2813	2751
-2812	2747
-2810	2742
-2807	2737
-2804	2731
-2801	2726
-2800	2722
-2800	2718
-2802	2714
-2801	2710
-2799	2705
-2797	2700
-2796	2696
-2794	2691
-2792	2686
-2792	2682
-2791	2677
-2790	2673
-2790	2669
-2789	2665
-2790	2661
-2790	2657
-2786	2652
-2786	2648
-2785	2643
-2785	2639
-2784	2635
-2782	2630
-2781	2626
-2776	2620
-2774	2616
-2772	2611
-2770	2606
-2772	2603
-2774	2600
-2773	2595
-2770	2591
-2776	2589
-2775	2584
-2773	2580
-2768	2574
-2765	2569
-2767	2566
-2763	2561
-2764	2557
-2767	2555
-2767	2550
-2763	2545
-2764	2542
-2764	2538
-2764	2534
-2763	2530
-2760	2525
-2759	2521
-2758	2517
-2755	2512
-2755	2508
-2755	2504
-2753	2500
-2750	2495
-2747	2490
-2744	2486
-2742	2481
-2742	2477
-2741	2473
-2739	2469
-2737	2465
-2737	2461
-2735	2456
-2733	2452
-2732	2448
-2732	2444
-2733	2441
-2731	2436
-2726	2431
-2725	2427
-2723	2423
-2721	2419
-2719	2414
-2718	2410
-2718	2407
-2719	2403
-2718	2399
-2718	2396
-2718	2392
-2716	2388
-2716	2384
-2715	2380
-2714	2376
-2711	2371
-2710	2367
-2709	2364
-2709	2360
-2709	2356
-2709	2352
-2708	2348
-2707	2345
-2706	2341
-2706	2337
-2704	2333
-2702	2329
-2701	2325
-2701	2321
-2702	2318
-2700	2314
-2698	2309
-2697	2306
-2697	2302
-2698	2299
-2698	2295
-2697	2291
-2695	2287
-2694	2283
-2692	2279
-2692	2276
-2690	2272
-2687	2267
-2686	2263
-2684	2259
-2682	2255
-2683	2252
-2683	2248
-2682	2245
-2681	2241
-2681	2237
-2681	2234
-2682	2230
-2681	2227
-2680	2223
-2678	2219
-2676	2215
-2673	2211
-2672	2207
-2671	2203
-2669	2199
-2668	2196
-2669	2192
-2669	2189
-2667	2185
-2665	2181
-2663	2177
-2660	2173
-2659	2169
-2658	2165
-2657	2162
-2657	2158
-2659	2155
-2660	2152
-2660	2148
-2656	2144
-2655	2141
-2654	2137
-2655	2134
-2656	2130
-2655	2127
-2654	2123
-2653	2119
-2652	2116
-2651	2112
-2649	2108
-2649	2105
-2648	2101
-2648	2098
-2647	2094
-2644	2090
-2644	2087
-2642	2083
-2642	2079
-2643	2076
-2644	2073
-2641	2069
-2639	2065
-2638	2062
-2639	2058
-2638	2055
-2637	2051
-2635	2048
-2634	2044
-2633	2040
-2631	2037
-2632	2033
-2633	2030
-2632	2027
-2632	2023
-2631	2020
-2626	2016
-2627	2012
-2629	2009
-2630	2006
-2629	2002
-2629	1999
-2627	1995
-2626	1992
-2624	1988
-2620	1984
-2620	1981
-2617	1977
-2614	1974
-2614	1970
-2611	1966
-2612	1963
-2612	1960
-2610	1956
-2608	1953
-2606	1949
-2606	1946
-2605	1942
-2603	1939
-2602	1935
-2601	1932
-2601	1928
-2599	1925
-2599	1922
-2596	1918
-2595	1915
-2595	1911
-2595	1908
-2595	1905
-2595	1901
-2596	1898
-2592	1894
-2587	1891
-2586	1887
-2585	1884
-2585	1881
-2584	1877
-2584	1874
-2582	1870
-2583	1867
-2583	1864
-2581	1860
-2579	1857
-2578	1854
-2577	1850
-2577	1847
-2576	1844
-2574	1840
-2574	1837
-2574	1834
-2572	1830
-2572	1827
-2572	1824
-2572	1820
-2570	1817
-2567	1813
-2565	1810
-2564	1807
-2564	1803
-2564	1800
-2565	1797
-2564	1794
-2563	1790
-2562	1787
-2560	1784
-2559	1780
-2557	1777
-2555	1774
-2554	1770
-2553	1767
-2553	1764
-2554	1761
-2553	1757
-2550	1754
-2549	1751
-2546	1747
-2543	1744
-2541	1741
-2539	1738
-2536	1734
-2536	1731
-2538	1728
-2539	1725
-2540	1721
-2541	1718
-2540	1715
-2535	1712
-2532	1708
-2533	1705
-2534	1702
-2534	1699
-2532	1696
-2532	1692
-2533	1689
-2533	1686
-2532	1683
-2532	1679
-2532	1676
-2530	1673
-2529	1670
-2529	1667
-2528	1663
-2528	1660
-2526	1657
-2525	1654
-2524	1651
-2523	1647
-2522	1644
-2522	1641
-2520	1638
-2520	1635
-2518	1631
-2517	1628
-2516	1625
-2516	1622
-2515	1619
-2510	1616
-2507	1612
-2506	1609
-2508	1606
-2507	1603
-2506	1600
-2506	1597
-2505	1593
-2503	1590
-2502	1587
-2501	1584
-2501	1581
-2500	1578
-2496	1575
-2494	1572
-2494	1568
-2494	1565
-2493	1562
-2493	1559
-2492	1556
-2492	1553
-2490	1550
-2489	1546
-2488	1543
-2485	1540
-2479	1537
-2480	1534
-2480	1531
-2478	1528
-2478	1525
-2477	1522
-2475	1519
-2474	1516
-2471	1513
-2468	1510
-2469	1507
-2469	1503
-2465	1501
-2462	1498
-2458	1495
-2458	1492
-2460	1488
-2458	1485
-2458	1482
-2459	1479
-2458	1476
-2457	1473
-2455	1470
-2453	1467
-2452	1464
-2453	1461
-2455	1457
-2456	1454
-2456	1451
-2454	1448
-2454	1445
-2452	1442
-2453	1439
-2452	1435
-2451	1432
-2451	1429
-2450	1426
-2450	1423
-2449	1420
-2446	1417
-2446	1414
-2447	1411
-2447	1408
-2445	1405
-2443	1402
-2442	1399
-2441	1396
-2440	1393
-2440	1390
-2440	1386
-2439	1383
-2437	1381
-2433	1378
-2432	1375
-2431	1372
-2430	1369
-2429	1366
-2426	1363
-2426	1360
-2426	1357
-2424	1354
-2425	1351
-2423	1348
-2424	1345
-2423	1341
-2420	1339
-2419	1336
-2418	1333
-2418	1330
-2417	1327
-2416	1324
-2414	1321
-2415	1318
-2413	1315
-2410	1312
-2406	1310
-2405	1307
-2404	1304
-2404	1301
-2404	1297
-2403	1294
-2398	1292
-2395	1289
-2393	1287
-2395	1283
-2397	1280
-2397	1277
-2395	1274
-2393	1271
-2392	1268
-2392	1265
-2389	1262
-2388	1259
-2386	1257
-2385	1254
-2384	1251
-2381	1248
-2382	1245
-2382	1242
-2382	1239
-2381	1236
-2379	1233
-2379	1230
-2377	1227
-2377	1224
-2376	1221
-2374	1218
-2372	1215
-2371	1212
-2373	1209
-2371	1206
-2368	1204
-2367	1201
-2367	1198
-2365	1195
-2365	1192
-2364	1189
-2363	1186
-2361	1183
-2361	1180
-2361	1177
-2358	1174
-2355	1172
-2353	1169
-2353	1166
-2353	1163
-2354	1160
-2352	1157
-2350	1154
-2350	1151
-2348	1148
-2344	1146
-2341	1144
-2334	1142
-2328	1140
-2328	1138
-2328	1134
-2329	1131
-2328	1128
-2326	1125
-2325	1122
-2325	1119
-2325	1116
-2324	1113
-2323	1110
-2323	1107
-2322	1105
-2320	1102
-2319	1099
-2318	1096
-2319	1093
-2316	1090
-2314	1088
-2313	1085
-2311	1082
-2308	1080
-2306	1077
-2303	1075
-2302	1072
-2301	1069
-2302	1066
-2301	1063
-2298	1060
-2296	1058
-2295	1055
-2293	1053
-2292	1050
-2289	1047
-2288	1045
-2286	1042
-2286	1039
-2284	1036
-2284	1033
-2284	1030
-2284	1027
-2283	1024
-2282	1021
-2280	1019
-2278	1016
-2276	1013
-2275	1010
-2273	1008
-2273	1005
-2273	1002
-2272	999
-2270	996
-2268	994
-2266	991
-2266	988
-2265	985
-2264	982
-2263	979
-2262	977
-2261	974
-2260	971
-2259	968
-2257	966
-2256	963
-2255	960
-2255	957
-2255	954
-2254	951
-2252	948
-2251	945
-2249	943
-2248	940
-2246	937
-2246	934
-2246	931
-2245	928
-2244	925
-2242	923
-2239	921
-2237	918
-2237	915
-2238	912
-2237	909
-2234	907
-2231	904
-2231	901
-2230	898
-2231	895
-2230	892
-2230	889
-2227	887
-2226	884
-2226	881
-2224	878
-2223	875
-2222	873
-2221	870
-2221	867
-2219	864
-2217	861
-2216	859
-2216	855
-2216	852
-2216	849
-2215	846
-2214	843
-2213	841
-2211	838
-2209	836
-2206	834
-2204	831
-2204	828
-2205	824
-2204	821
-2202	819
-2202	816
-2202	812
-2201	809
-2200	807
-2198	804
-2197	801
-2195	799
-2194	796
-2193	793
-2193	790
-2193	787
-2191	784
-2189	782
-2187	779
-2186	777
-2185	774
-2184	771
-2182	769
-2181	765
-2181	762
-2180	760
-2179	757
-2177	754
-2175	752
-2172	750
-2171	747
-2171	744
-2169	741
-2168	738
-2166	736
-2165	733
-2165	730
-2166	726
-2166	723
-2163	721
-2163	717
-2161	715
-2160	712
-2159	709
-2159	706
-2158	703
-2156	701
-2155	698
-2155	695
-2156	691
-2156	687
-2155	684
-2155	681
-2154	678
-2153	675
-2152	673
-2150	670
-2150	667
-2149	664
-2147	661
-2147	658
-2146	655
-2144	653
-2142	650
-2142	647
-2142	644
-2141	640
-2141	637
-2139	635
-2138	632
-2137	629
-2134	627
-2135	623
-2135	620
-2132	618
-2130	616
-2129	612
-2128	610
-2127	607
-2127	603
-2126	600
-2124	598
-2123	595
-2123	592
-2121	589
-2120	586
-2119	584
-2118	581
-2117	577
-2117	574
-2116	571
-2115	568
-2113	566
-2111	564
-2110	560
-2110	557
-2108	555
-2108	551
-2107	548
-2106	546
-2105	542
-2103	540
-2102	537
-2100	535
-2100	531
-2098	529
-2098	525
-2098	522
-2096	520
-2096	516
-2097	512
-2096	509
-2095	506
-2094	503
-2092	500
-2091	498
-2090	494
-2090	491
-2090	487
-2089	484
-2087	482
-2086	479
-2083	477
-2082	474
-2081	471
-2081	468
-2080	464
-2080	461
-2077	459
-2075	457
-2075	453
-2075	450
-2072	448
-2072	444
-2070	442
-2071	438
-2069	435
-2069	431
-2068	429
-2066	426
-2063	424
-2063	420
-2064	416
-2064	413
-2061	411
-2060	408
-2059	405
-2059	402
-2058	398
-2056	396
-2054	393
-2053	391
-2052	387
-2053	383
-2052	380
-2052	376
-2051	373
-2049	371
-2046	369
-2045	366
-2042	364
-2038	363
-2032	363
-2028	362
-2026	360
-2024	358
-2023	354
-2023	350
-2024	346
-2021	345
-2018	343
-2016	340
-2015	337
-2014	334
-2014	330
-2013	328
-2009	326
-2006	325
-2004	322
-2002	320
-2000	317
-1998	315
-1994	314
-1993	312
-1992	308
-1991	305
-1990	302
-1988	300
-1986	297
-1986	294
-1985	290
-1984	287
-1982	285
-1981	282
-1980	279
-1978	276
-1975	274
-1973	272
-1972	269
-1967	269
-1964	267
-1963	264
-1959	263
-1956	262
-1952	261
-1948	260
-1945	258
-1944	256
-1940	254
-1937	253
-1935	251
-1935	246
-1933	244
-1932	241
-1931	238
-1929	236
-1927	234
-1926	230
-1926	226
-1926	222
-1925	219
-1923	217
-1921	214
-1921	210
-1921	207
-1920	203
-1920	199
-1918	197
-1916	194
-1916	190
-1917	186
-1915	183
-1914	180
-1914	176
-1913	173
-1912	170
-1911	166
-1910	163
-1909	160
-1909	156
-1907	153
-1905	151
-1908	145
-1909	140
-1907	137
-1902	137
-1901	134
-1898	132
-1897	129
-1896	125
-1894	123
-1894	119
-1895	114
-1894	111
-1893	108
-1891	105
-1891	101
-1891	97
-1889	94
-1888	91
-1887	87
-1887	83
-1887	79
-1885	76
-1882	75
-1881	72
-1881	67
-1881	63
-1881	59
-1879	57
-1877	54
-1876	51
-1877	46
-1875	43
-1875	39
-1874	35
-1873	31
-1871	29
-1869	27
-1870	22
-1871	16
-1870	13
-1867	11
-1864	10
-1862	7
-1861	3
-1860	-0
-1861	-5
-1858	-7
-1857	-11
-1858	-16
-1858	-20
-1856	-23
-1854	-26
-1852	-28
-1850	-31
-1850	-35
-1851	-40
-1851	-45
-1848	-47
-1846	-50
-1844	-53
-1847	-60
-1845	-62
-1841	-63
-1840	-66
-1839	-70
-1839	-75
-1839	-79
-1837	-82
-1835	-85
-1834	-88
-1832	-91
-1832	-95
-1832	-100
-1833	-105
-1832	-109
-1829	-112
-1827	-114
-1823	-115
-1821	-117
-1821	-122
-1822	-128
-1821	-132
-1820	-135
-1816	-136
-1812	-136
-1808	-137
-1806	-140
-1804	-142
-1800	-143
-1795	-143
-1794	-146
-1793	-149
-1791	-152
-1784	-150
-1780	-150
-1782	-158
-1778	-158
-1772	-156
-1768	-157
-1767	-160
-1760	-158
-1750	-152
-1745	-150
-1742	-153
-1740	-155
-1720	-138
-1712	-134
-1708	-134
-1705	-135
-1702	-137
-1700	-139
-1699	-143
-1698	-147
-1697	-151
-1696	-155
-1696	-159
-1696	-164
-1693	-166
-1689	-166
-1684	-165
-1678	-163
-1669	-158
-1660	-152
-1654	-150
-1650	-151
-1647	-152
-1642	-151
-1639	-153
-1634	-151
-1626	-147
-1620	-144
-1616	-144
-1612	-145
-1610	-147
-1606	-148
-1604	-150
-1602	-152
-1600	-155
-1599	-158
-1597	-161
-1594	-163
-1590	-162
-1583	-159
-1577	-156
-1572	-155
-1569	-156
-1569	-161
-1571	-168
-1569	-172
-1568	-174
-1560	-170
-1556	-170
-1550	-167
-1543	-164
-1536	-160
-1529	-156
-1526	-157
-1523	-159
-1520	-159
-1517	-160
-1513	-160
-1509	-160
-1505	-160
-1502	-161
-1497	-160
-1486	-151
-1483	-152
-1481	-154
-1478	-155
-1476	-157
-1472	-158
-1469	-159
-1467	-161
-1466	-164
-1464	-167
-1463	-171
-1458	-169
-1452	-166
-1447	-164
-1442	-162
-1439	-164
-1437	-165
-1434	-166
-1431	-167
-1425	-165
-1418	-160
-1415	-161
-1414	-165
-1411	-166
-1407	-166
-1405	-168
-1401	-168
-1396	-166
-1393	-166
-1389	-166
-1383	-163
-1377	-160
-1374	-161
-1372	-163
-1370	-164
-1367	-166
-1364	-166
-1360	-165
-1357	-166
-1354	-168
-1352	-170
-1349	-171
-1346	-172
-1339	-166
-1332	-162
-1329	-163
-1324	-161
-1322	-162
-1321	-166
-1320	-170
-1318	-173
-1315	-174
-1312	-175
-1306	-170
-1296	-160
-1289	-155
-1285	-154
-1280	-153
-1276	-152
-1274	-153
-1271	-154
-1267	-153
-1265	-155
-1264	-159
-1263	-164
-1265	-171
-1266	-179
-1263	-178
-1255	-172
-1250	-170
-1247	-170
-1242	-168
-1234	-160
-1231	-161
-1231	-166
-1229	-168
-1222	-162
-1218	-162
-1215	-162
-1213	-164
-1211	-166
-1211	-172
-1213	-181
-1210	-181
-1206	-181
-1197	-171
-1188	-162
-1183	-159
-1180	-159
-1178	-161
-1177	-165
-1175	-167
-1173	-169
-1169	-169
-1164	-166
-1158	-161
-1153	-157
-1149	-156
-1146	-157
-1143	-158
-1141	-160
-1139	-162
-1137	-164
-1135	-166
-1133	-167
-1130	-169
-1127	-169
-1125	-171
-1120	-168
-1110	-156
-1105	-153
-1102	-153
-1100	-155
-1097	-155
-1094	-156
-1092	-157
-1089	-158
-1087	-160
-1085	-161
-1082	-161
-1079	-162
-1076	-163
-1074	-165
-1072	-168
-1070	-168
-1066	-167
-1063	-168
-1060	-168
-1058	-170
-1055	-169
-1051	-169
-1047	-166
-1042	-163
-1037	-159
-1033	-158
-1030	-157
-1026	-156
-1023	-155
-1019	-154
-1016	-154
-1013	-155
-1011	-157
-1009	-159
-1007	-161
-1002	-157
-999	-156
-996	-157
-994	-158
-992	-161
-989	-160
-983	-155
-980	-155
-977	-156
-975	-156
-972	-156
-968	-155
-965	-154
-962	-155
-960	-157
-958	-159
-955	-159
-952	-159
-949	-158
-946	-159
-933	-136
-930	-137
-927	-138
-925	-139
-923	-140
-922	-146
-922	-152
-922	-157
-919	-157
-916	-158
-914	-158
-906	-148
-898	-136
-892	-130
-888	-128
-886	-128
-884	-131
-883	-136
-882	-141
-885	-152
-881	-151
-880	-155
-877	-154
-872	-149
-868	-146
-864	-144
-861	-144
-859	-145
-857	-147
-854	-147
-855	-156
-778	-1
-775	1
-771	3
-770	1
-767	1
-764	2
-762	1
-759	2
-756	2
-754	2
-751	2
-749	2
-746	2
-744	1
-741	2
-739	1
-736	1
-734	1
-732	-0
-732	-7
-732	-14
-730	-17
-727	-14
-722	-8
-719	-6
-719	-14
-718	-17
-717	-21
-746	-126
-745	-131
-744	-136
-742	-137
-740	-139
-738	-142
-736	-144
-733	-144
-731	-145
-728	-145
-726	-146
-724	-147
-722	-149
-719	-149
-717	-150
-714	-152
-712	-152
-709	-152
-707	-152
-704	-153
-702	-155
-699	-155
-695	-151
-692	-148
-688	-146
-686	-146
-683	-146
-680	-146
-678	-147
-677	-152
-677	-159
-673	-156
-670	-156
-667	-154
-664	-152
-660	-150
-657	-149
-654	-146
-651	-145
-648	-144
-645	-143
-642	-143
-640	-144
-637	-143
-634	-143
-632	-145
-630	-147
-628	-148
-626	-151
-625	-154
-623	-157
-621	-159
-619	-160
-616	-160
-612	-154
-607	-148
-604	-146
-601	-146
-599	-147
-597	-148
-597	-157
-597	-168
-597	-175
-594	-177
-592	-177
-589	-177
-586	-176
-583	-173
-579	-170
-576	-166
-573	-166
-571	-169
-569	-171
-567	-174
-566	-176
-564	-179
-561	-179
-558	-179
-556	-179
-553	-180
-551	-180
-548	-181
-547	-183
-544	-184
-542	-185
-539	-184
-536	-184
-534	-184
-531	-182
-528	-183
-526	-184
-523	-183
-520	-182
-517	-180
-515	-181
-512	-182
-510	-182
-507	-183
-505	-184
-503	-184
-500	-183
-497	-183
-495	-184
-493	-185
-490	-185
-487	-182
-484	-183
-482	-183
-479	-182
-476	-181
-474	-181
-471	-182
-469	-183
-467	-185
-464	-185
-462	-187
-459	-186
-457	-186
-454	-185
-451	-185
-449	-184
-446	-181
-443	-180
-440	-180
-437	-178
-434	-176
-432	-176
-430	-178
-427	-179
-425	-181
-423	-182
-420	-183
-418	-182
-415	-181
-412	-180
-410	-180
-407	-180
-405	-180
-403	-182
-400	-183
-398	-184
-395	-184
-393	-185
-391	-186
-388	-187
-386	-187
-383	-186
-381	-186
-378	-185
-376	-186
-373	-184
-370	-183
-368	-184
-365	-184
-363	-184
-360	-184
-357	-182
-355	-181
-352	-178
-349	-177
-347	-178
-345	-180
-342	-182
-340	-185
-338	-185
-335	-184
-333	-183
-330	-183
-328	-184
-325	-183
-323	-183
-320	-185
-318	-185
-315	-184
-313	-185
-310	-184
-308	-184
-305	-184
-303	-183
-300	-184
-298	-185
-295	-183
-293	-182
-290	-183
-288	-185
-286	-185
-283	-184
-281	-184
-278	-185
-276	-185
-273	-184
-271	-184
-268	-184
-266	-184
-263	-183
-260	-182
-258	-179
-255	-177
-252	-175
-250	-173
-247	-171
-245	-170
-242	-170
-240	-171
-237	-172
-235	-172
-232	-172
-230	-172
-228	-174
-225	-177
-223	-182
-221	-183
-219	-183
-216	-183
-214	-184
-211	-181
-209	-181
-206	-181
-204	-182
-201	-184
-199	-185
-197	-185
-194	-184
-192	-183
-189	-184
-187	-184
-184	-182
-182	-182
-179	-183
-177	-183
-174	-182
-172	-183
-169	-183
-167	-183
-165	-185
-162	-185
-160	-184
-157	-185
-155	-184
-152	-185
-150	-185
-147	-185
-145	-184
-142	-184
-140	-184
-138	-184
-135	-184
-133	-183
-130	-182
-128	-182
-125	-182
-123	-182
-120	-182
-118	-183
-115	-182
-113	-182
-111	-183
-108	-184
-106	-184
-103	-184
-101	-183
-98	-184
-96	-179
-93	-177
-91	-177
-89	-178
-86	-180
-84	-182
-81	-181
-79	-177
-74	-171
-71	-168
-69	-168
-67	-168
-64	-168
-62	-168
-59	-167
-57	-169
-54	-170
-52	-171
-50	-171
-47	-172
-45	-173
-42	-173
-40	-175
-37	-179
-35	-182
-32	-181
-30	-180
-27	-180
-25	-180
-23	-181
-20	-182
-18	-182
-15	-182
-13	-182
-10	-182
-8	-182
-5	-182
-3	-182
-0	-182
2	-182
4	-182
7	-182
9	-183
12	-183
14	-181
17	-180
19	-181
22	-182
24	-181
26	-182
29	-183
31	-183
34	-182
36	-182
39	-181
41	-181
44	-182
46	-181
48	-179
51	-176
53	-175
55	-174
58	-174
60	-175
63	-176
65	-176
68	-176
70	-176
73	-179
76	-181
78	-182
80	-181
83	-181
85	-182
88	-183
90	-183
93	-181
95	-181
98	-180
100	-181
103	-182
105	-182
108	-183
110	-183
113	-181
115	-182
118	-182
120	-183
123	-183
125	-184
128	-183
130	-183
133	-183
135	-182
137	-182
140	-182
142	-180
145	-180
147	-181
150	-182
152	-182
155	-182
157	-181
160	-181
162	-182
165	-183
167	-182
170	-182
172	-182
174	-180
177	-180
180	-182
182	-182
185	-182
187	-183
189	-181
192	-181
195	-183
197	-182
199	-182
202	-182
205	-182
207	-184
210	-183
212	-182
215	-183
217	-182
219	-181
222	-181
224	-180
227	-182
230	-183
232	-182
234	-182
237	-181
240	-182
242	-183
245	-184
247	-184
250	-183
252	-182
254	-180
257	-182
260	-182
262	-181
265	-182
267	-183
270	-183
272	-181
274	-180
277	-179
280	-183
283	-183
285	-182
288	-184
290	-183
293	-184
295	-183
298	-183
300	-182
302	-179
305	-179
308	-181
310	-182
313	-182
316	-183
318	-184
321	-182
323	-180
325	-180
328	-181
331	-183
333	-181
335	-180
338	-179
341	-180
344	-183
346	-183
349	-184
352	-184
354	-182
356	-181
359	-183
362	-183
364	-182
367	-181
369	-182
372	-182
374	-181
377	-182
380	-182
382	-182
385	-181
387	-181
390	-182
392	-181
395	-180
398	-181
400	-181
402	-180
404	-177
407	-177
410	-179
413	-179
415	-178
418	-180
421	-180
423	-180
426	-181
429	-182
432	-181
434	-181
436	-180
439	-179
441	-179
444	-178
447	-180
450	-181
452	-181
455	-180
458	-181
461	-182
463	-181
465	-179
468	-179
471	-180
474	-181
476	-179
479	-180
482	-181
484	-180
487	-181
489	-180
492	-180
495	-181
497	-179
499	-178
501	-175
504	-174
506	-172
508	-173
511	-173
514	-172
516	-172
519	-171
521	-171
524	-170
526	-169
529	-169
531	-169
534	-170
536	-166
538	-166
541	-167
546	-174
551	-179
553	-177
554	-173
556	-169
556	-162
557	-159
559	-156
562	-155
564	-153
565	-149
565	-142
564	-132
566	-130
569	-129
572	-130
574	-130
577	-130
580	-131
585	-137
592	-148
598	-158
602	-163
605	-162
605	-155
605	-147
606	-143
608	-140
610	-138
612	-136
614	-135
618	-138
623	-146
629	-153
632	-154
635	-153
636	-150
638	-149
640	-147
642	-145
645	-145
648	-145
651	-146
655	-149
659	-151
662	-153
666	-155
669	-155
671	-154
674	-154
677	-155
680	-156
680	-149
682	-145
683	-143
685	-141
687	-139
690	-139
694	-142
699	-148
703	-150
707	-152
710	-152
712	-151
714	-149
717	-148
719	-148
722	-147
724	-146
727	-145
729	-144
732	-144
734	-142
737	-142
739	-141
742	-140
743	-137
744	-134
746	-131
747	-126
747	-121
748	-116
748	-111
748	-104
719	-16
719	-11
720	-7
722	-5
728	-12
731	-14
734	-13
734	-8
734	-2
734	3
736	4
739	5
742	4
745	3
751	-3
759	-3
761	-2
774	1
776	2
777	4
781	3
864	-138
867	-138
870	-139
874	-139
878	-141
883	-146
888	-150
893	-154
896	-152
896	-147
896	-142
898	-140
900	-138
902	-135
905	-135
909	-137
925	-162
928	-160
930	-159
933	-159
936	-158
940	-159
944	-161
947	-160
948	-158
950	-155
952	-153
955	-153
959	-154
965	-160
972	-166
977	-169
980	-168
984	-170
988	-172
991	-171
995	-172
998	-172
1001	-172
1004	-171
1006	-169
1009	-169
1013	-170
1017	-172
1022	-175
1027	-178
1030	-177
1033	-177
1037	-177
1039	-176
1043	-176
1047	-178
1050	-178
1053	-177
1057	-177
1060	-178
1061	-174
1063	-171
1066	-170
1068	-168
1071	-168
1074	-167
1077	-167
1081	-167
1084	-168
1086	-165
1089	-164
1091	-162
1093	-161
1095	-158
1098	-158
1102	-158
1106	-159
1110	-161
1116	-164
1125	-174
1128	-172
1130	-170
1131	-166
1133	-164
1135	-162
1138	-161
1140	-159
1142	-157
1145	-155
1148	-154
1152	-155
1155	-155
1159	-155
1163	-157
1168	-159
1173	-161
1180	-166
1188	-173
1190	-171
1193	-171
1197	-171
1199	-168
1200	-164
1201	-161
1202	-157
1204	-155
1206	-153
1209	-152
1212	-151
1217	-152
1224	-157
1234	-167
1238	-168
1246	-174
1253	-178
1256	-178
1257	-173
1255	-166
1254	-159
1254	-155
1257	-153
1260	-152
1262	-150
1264	-148
1266	-145
1268	-143
1270	-141
1272	-138
1274	-136
1276	-134
1278	-131
1280	-129
1282	-127
1286	-127
1290	-128
1293	-127
1298	-128
1304	-132
1313	-139
1320	-143
1323	-142
1328	-144
1332	-144
1337	-145
1340	-145
1346	-147
1351	-149
1353	-146
1356	-145
1360	-145
1363	-144
1365	-142
1367	-140
1369	-136
1370	-133
1373	-133
1378	-133
1381	-132
1384	-131
1387	-131
1390	-129
1393	-128
1399	-131
1402	-129
1404	-127
1405	-124
1406	-120
1407	-116
1409	-114
1412	-113
1417	-114
1420	-113
1425	-114
1431	-117
1436	-118
1439	-116
1440	-113
1442	-111
1445	-109
1448	-109
1452	-108
1456	-108
1461	-109
1473	-119
1477	-118
1482	-119
1484	-117
1485	-113
1485	-108
1486	-104
1487	-102
1489	-99
1491	-97
1495	-96
1499	-96
1508	-101
1511	-101
1514	-99
1517	-98
1519	-95
1520	-92
1522	-89
1526	-89
1533	-92
1539	-94
1544	-95
1546	-92
1548	-89
1552	-90
1557	-90
1561	-90
1564	-89
1571	-92
1580	-97
1585	-97
1588	-96
1591	-94
1593	-92
1596	-91
1601	-91
1603	-89
1607	-89
1610	-86
1610	-82
1611	-78
1613	-76
1618	-76
1624	-78
1628	-78
1632	-77
1635	-76
1641	-77
1647	-79
1651	-78
1655	-78
1660	-78
1666	-80
1669	-78
1672	-76
1675	-76
1680	-75
1686	-77
1692	-79
1695	-77
1702	-79
1709	-82
1714	-82
1717	-80
1720	-79
1723	-77
1726	-75
1729	-73
1729	-69
1732	-67
1735	-66
1740	-66
1744	-65
1747	-64
1751	-63
1754	-61
1758	-60
1764	-61
1767	-59
1771	-58
1775	-58
1778	-56
1782	-56
1789	-58
1797	-61
1802	-60
1804	-58
1807	-56
1809	-54
1812	-51
1816	-51
1823	-52
1831	-55
1837	-56
1846	-60
1853	-62
1859	-62
1860	-59
1861	-55
1862	-51
1864	-49
1868	-48
1875	-50
1880	-49
1890	-54
1911	-68
1913	-64
1914	-61
1917	-59
1919	-56
1922	-54
1926	-53
1932	-54
1937	-53
1941	-52
1945	-51
1951	-51
1956	-51
1964	-53
1964	-49
1960	-41
1962	-38
1970	-41
1981	-45
1990	-48
1995	-48
1999	-47
2003	-45
2004	-41
2005	-37
2008	-35
2014	-36
2021	-37
2025	-36
2029	-34
2033	-33
2036	-31
2053	-40
2053	-36
2054	-32
2056	-29
2060	-28
2065	-27
2069	-25
2072	-23
2079	-25
2084	-24
2088	-22
2091	-20
2098	-21
2104	-21
2108	-20
2117	-22
2120	-20
2123	-18
2124	-14
2127	-11
2131	-10
2144	-15
2156	-20
2164	-22
2166	-19
2168	-15
2171	-13
2172	-9
2170	-3
2169	2
2172	5
2173	9
2174	12
2177	14
2181	16
2187	17
2199	12
2220	1
2224	3
2232	2
2232	6
2235	9
2240	10
2242	13
2246	15
2273	-0
2283	-3
2287	-1
2286	5
2284	10
2285	14
2287	18
2290	20
2294	22
2299	23
2304	24
2314	22
2322	21
2331	19
2331	24
2331	29
2329	34
2329	39
2329	44
2329	49
2328	54
2328	58
2327	63
2326	69
2325	74
2325	79
2324	84
2324	88
2324	93
2321	99
2323	103
2325	106
2328	109
2330	112
2333	114
2337	116
2339	119
2342	122
2345	124
2347	127
2351	129
2355	131
2358	134
2360	137
2363	139
2368	141
2371	143
2375	145
2377	148
2381	151
2384	153
2387	155
2390	158
2395	160
2405	158
2412	158
2417	160
2421	161
2423	164
2424	169
2425	173
2426	176
2425	181
2427	185
2428	189
2430	191
2433	194
2435	198
2436	201
2438	205
2439	208
2439	213
2439	217
2438	222
2437	228
2439	231
2439	235
2439	239
2440	243
2441	247
2440	252
2441	256
2442	259
2442	264
2443	267
2444	271
2445	275
2447	278
2447	283
2447	287
2449	290
2451	293
2452	297
2451	302
2451	306
2452	310
2453	314
2454	318
2456	321
2457	325
2457	329
2458	333
2458	336
2459	340
2459	344
2460	348
2460	352
2461	356
2461	360
2461	365
2462	369
2462	373
2462	377
2463	381
2463	385
2464	388
2465	392
2465	396
2466	400
2466	404
2466	408
2466	412
2467	416
2469	419
2469	423
2470	427
2472	430
2473	434
2473	438
2475	441
2475	445
2475	449
2475	453
2476	457
2477	461
2477	465
2478	468
2478	473
2479	476
2479	480
2481	483
2481	488
2480	492
2481	496
2482	499
2482	503
2482	507
2484	511
2484	514
2484	519
2485	522
2484	526
2486	530
2486	534
2487	537
2487	541
2487	545
2488	549
2488	553
2489	557
2490	560
2491	564
2492	567
2492	571
2493	575
2494	578
2496	582
2496	585
2497	589
2497	593
2498	597
2499	600
2500	604
2500	607
2500	611
2501	615
2502	618
2503	622
2504	625
2504	630
2505	633
2506	637
2507	640
2507	644
2509	647
2509	651
2510	655
2510	658
2510	662
2512	666
2512	669
2513	673
2514	676
2514	680
2514	684
2513	688
2514	692
2515	695
2516	699
2517	703
2517	706
2517	710
2518	714
2518	718
2518	721
2519	725
2519	729
2521	732
2521	736
2522	739
2521	743
2521	747
2523	751
2524	754
2524	758
2525	761
2526	765
2527	768
2527	772
2527	776
2528	779
2528	783
2529	786
2530	790
2531	793
2531	797
2531	801
2532	804
2533	808
2534	811
2534	815
2535	819
2536	822
2537	826
2538	829
2539	832
2539	836
2539	840
2541	843
2539	848
2539	851
2540	855
2542	858
2542	862
2541	866
2542	869
2543	873
2543	876
2543	880
2543	884
2544	887
2546	890
2547	894
2547	898
2548	901
2548	905
2549	908
2550	912
2549	916
2549	919
2549	923
2550	926
2551	930
2552	933
2553	937
2553	940
2552	944
2553	948
2554	951
2556	954
2558	958
2559	961
2559	965
2559	968
2561	972
2561	975
2562	979
2562	982
2563	986
2563	990
2563	993
2563	997
2563	1000
2565	1004
2566	1007
2567	1011
2567	1014
2568	1018
2569	1021
2570	1025
2571	1028
2572	1031
2573	1035
2573	1038
2574	1042
2574	1046
2575	1049
2575	1053
2576	1056
2577	1059
2578	1063
2579	1066
2579	1070
2579	1074
2579	1077
2580	1081
2580	1084
2581	1088
2581	1091
2582	1095
2583	1098
2585	1102
2585	1105
2585	1109
2585	1112
2586	1116
2587	1119
2586	1123
2587	1126
2588	1130
2588	1133
2588	1137
2590	1140
2591	1144
2592	1147
2593	1151
2594	1154
2594	1158
2596	1161
2596	1165
2596	1168
2598	1171
2599	1175
2600	1178
2601	1182
2603	1185
2602	1189
2603	1192
2604	1196
2604	1199
2606	1202
2608	1206
2608	1209
2609	1213
2609	1216
2610	1220
2611	1223
2612	1227
2613	1230
2612	1234
2613	1237
2615	1241
2615	1244
2616	1248
2616	1251
2617	1255
2618	1258
2618	1262
2619	1265
2620	1269
2621	1272
2620	1276
2621	1279
2621	1283
2622	1286
2622	1290
2622	1294
2623	1297
2624	1301
2625	1304
2626	1307
2626	1311
2627	1315
2627	1318
2629	1321
2629	1325
2631	1328
2632	1332
2633	1335
2633	1339
2634	1342
2634	1346
2634	1350
2635	1353
2635	1357
2637	1360
2637	1364
2637	1367
2638	1371
2639	1374
2640	1378
2640	1381
2640	1385
2640	1388
2640	1392
2643	1395
2643	1399
2644	1402
2644	1406
2644	1409
2645	1413
2645	1417
2646	1420
2648	1423
2650	1427
2650	1430
2651	1434
2653	1437
2654	1441
2655	1444
2654	1448
2655	1452
2656	1455
2656	1459
2657	1462
2658	1466
2660	1469
2659	1473
2659	1476
2662	1480
2662	1483
2662	1487
2662	1490
2664	1494
2664	1498
2664	1501
2665	1505
2666	1508
2666	1512
2667	1515
2668	1519
2670	1522
2671	1526
2671	1529
2671	1533
2672	1537
2674	1540
2674	1544
2674	1547
2675	1551
2675	1554
2676	1558
2678	1562
2679	1565
2679	1569
2679	1572
2680	1576
2680	1579
2681	1583
2683	1587
2684	1590
2685	1594
2686	1597
2686	1601
2687	1604
2688	1608
2688	1612
2690	1615
2690	1619
2691	1622
2692	1626
2692	1630
2692	1633
2692	1637
2692	1641
2693	1644
2693	1648
2693	1651
2694	1655
2695	1659
2695	1662
2695	1666
2695	1669
