2538	1661
2542	1665
2542	1668
2541	1671
2542	1675
2544	1678
2544	1685
2544	1688
2544	1692
2543	1695
2543	1699
2545	1702
2544	1705
2545	1709
2545	1712
2546	1716
2546	1719
2547	1723
2548	1726
2547	1729
2547	1733
2545	1736
2546	1740
2548	1743
2549	1747
2550	1750
2550	1753
2549	1757
2549	1760
2548	1764
2548	1767
2550	1771
2550	1774
2550	1777
2549	1781
2548	1784
2549	1788
2549	1791
2551	1795
2552	1798
2552	1801
2553	1805
2553	1808
2552	1812
2552	1815
2552	1819
2553	1822
2553	1826
2551	1829
2551	1832
2552	1836
2554	1839
2553	1843
2553	1846
2554	1850
2554	1853
2554	1857
2554	1860
2554	1863
2554	1867
2554	1870
2555	1874
2555	1877
2556	1881
2557	1884
2555	1888
2555	1891
2556	1895
2557	1898
2557	1902
2558	1905
2560	1909
2561	1912
2563	1916
2565	1920
2567	1923
2566	1927
2567	1930
2568	1934
2569	1937
2569	1941
2569	1944
2567	1948
2568	1951
2567	1955
2567	1958
2567	1961
2567	1965
2568	1969
2570	1972
2571	1976
2572	1979
2571	1983
2571	1986
2575	1990
2576	1994
2576	1997
2576	2001
2576	2004
2576	2008
2574	2011
2574	2015
2573	2018
2574	2022
2575	2025
2577	2029
2577	2033
2577	2036
2576	2040
2579	2044
2579	2047
2579	2051
2580	2054
2580	2058
2580	2061
2579	2065
2580	2068
2580	2072
2581	2075
2580	2079
2579	2082
2579	2086
2580	2090
2581	2093
2581	2097
2581	2100
2580	2104
2582	2108
2582	2111
2582	2115
2583	2118
2582	2122
2583	2126
2583	2129
2584	2133
2583	2136
2581	2140
2581	2143
2581	2147
2584	2151
2586	2155
2585	2158
2585	2162
2584	2165
2583	2168
2584	2172
2585	2176
2585	2180
2586	2183
2587	2187
2588	2191
2588	2194
2587	2198
2587	2202
2587	2205
2586	2208
2586	2212
2586	2216
2586	2219
2586	2223
2587	2227
2588	2230
2586	2234
2584	2237
2584	2241
2586	2245
2586	2248
2586	2252
2585	2255
2587	2259
2587	2263
2586	2266
2586	2270
2586	2274
2588	2278
2587	2281
2587	2285
2588	2289
2587	2292
2587	2296
2586	2299
2585	2303
2586	2307
2586	2310
2586	2314
2586	2317
2586	2321
2585	2325
2585	2328
2585	2332
2585	2336
2584	2339
2585	2343
2587	2347
2587	2351
2585	2354
2584	2358
2585	2361
2586	2365
2584	2369
2582	2372
2585	2376
2591	2382
2591	2385
2591	2389
2590	2393
2591	2397
2591	2400
2592	2404
2592	2408
2592	2412
2592	2415
2592	2419
2594	2423
2593	2427
2592	2430
2592	2434
2592	2438
2593	2442
2594	2446
2595	2450
2595	2454
2595	2458
2594	2461
2593	2465
2594	2469
2594	2472
2594	2476
2596	2480
2596	2484
2596	2488
2595	2492
2594	2495
2594	2499
2595	2503
2595	2507
2594	2510
2594	2514
2595	2518
2594	2522
2594	2526
2596	2530
2597	2534
2596	2538
2596	2542
2596	2546
2596	2549
2597	2553
2597	2558
2599	2562
2600	2566
2599	2570
2600	2574
2598	2577
2599	2581
2599	2585
2599	2589
2599	2593
2599	2597
2598	2600
2598	2604
2598	2608
2599	2612
2599	2616
2597	2620
2596	2623
2597	2627
2596	2631
2594	2634
2596	2639
2598	2643
2598	2647
2597	2651
2598	2655
2598	2659
2598	2663
2597	2667
2597	2671
2598	2675
2598	2679
2597	2683
2597	2687
2597	2691
2598	2695
2597	2699
2598	2703
2597	2707
2597	2711
2597	2714
2596	2718
2597	2722
2595	2726
2595	2730
2594	2734
2594	2737
2593	2741
2594	2746
2594	2750
2595	2754
2594	2758
2593	2761
2593	2766
2594	2770
2595	2774
2596	2779
2595	2783
2594	2786
2593	2790
2594	2794
2595	2799
2595	2803
2596	2807
2596	2812
2596	2816
2596	2820
2596	2824
2596	2828
2596	2832
2596	2836
2597	2841
2597	2845
2597	2849
2597	2853
2596	2857
2596	2861
2597	2866
2596	2869
2595	2873
2595	2877
2595	2882
2595	2886
2596	2891
2596	2894
2596	2899
2596	2903
2595	2907
2594	2910
2593	2914
2592	2918
2593	2923
2594	2927
2595	2932
2595	2936
2595	2941
2594	2945
2593	2948
2592	2952
2596	2958
2595	2962
2594	2966
2594	2970
2593	2974
2592	2978
2591	2982
2592	2986
2592	2991
2591	2995
2593	3000
2593	3004
2593	3009
2591	3012
2591	3016
2592	3021
2591	3025
2591	3029
2592	3034
2592	3039
2591	3042
2591	3047
2591	3051
2591	3055
2590	3059
2589	3063
2588	3067
2588	3072
2588	3076
2589	3081
2591	3087
2592	3092
2592	3096
2591	3100
2589	3103
2587	3107
2589	3112
2590	3117
2589	3121
2588	3125
2587	3129
2587	3134
2587	3138
2561	3128
2529	3115
2526	3118
2524	3121
2521	3124
2519	3127
2517	3131
2516	3135
2515	3139
2514	3142
2514	3147
2516	3153
2584	3196
2584	3201
2584	3205
2583	3209
2582	3213
2583	3218
2584	3223
2584	3228
2583	3232
2581	3235
2579	3239
2579	3244
2579	3248
2578	3253
2577	3257
2578	3262
2577	3266
2576	3270
2576	3275
2575	3279
2573	3283
2572	3287
2572	3291
2574	3297
2573	3302
2572	3306
2571	3310
2572	3315
2571	3319
2570	3324
2571	3329
2570	3333
2570	3338
2570	3343
2570	3347
2568	3351
2568	3356
2567	3360
2567	3365
2565	3368
2562	3372
2561	3376
2561	3380
2561	3385
2560	3390
2560	3394
2559	3399
2559	3403
2558	3408
2558	3413
2557	3417
2555	3421
2556	3426
2555	3431
2554	3435
2553	3439
2553	3444
2553	3449
2553	3454
2552	3458
2550	3462
2549	3466
2547	3470
2548	3475
2549	3482
2548	3486
2547	3490
2546	3495
2547	3500
2547	3506
2545	3509
2544	3514
2544	3519
2543	3523
2543	3528
2543	3533
2542	3538
2542	3543
2543	3548
2542	3553
2542	3558
2543	3564
2543	3569
2541	3573
2539	3577
2539	3582
2536	3585
2534	3589
2534	3594
2533	3599
2533	3604
2535	3610
2536	3617
2533	3620
2532	3624
2533	3630
2530	3633
2527	3636
2525	3640
2522	3643
2519	3646
2520	3652
2519	3657
2517	3661
2514	3664
2512	3667
2509	3671
2510	3677
2510	3682
2508	3686
2507	3690
2505	3694
2504	3699
2503	3704
2503	3709
2500	3713
2498	3716
2497	3721
2495	3725
2494	3729
2492	3733
2490	3737
2488	3741
2489	3748
2489	3753
2488	3758
2486	3761
2483	3765
2481	3769
2480	3773
2479	3779
2477	3783
2476	3787
2474	3791
2474	3796
2472	3801
2470	3805
2469	3810
2469	3815
2466	3818
2465	3823
2465	3829
2464	3833
2461	3837
2460	3841
2457	3845
2455	3849
2454	3854
2451	3857
2450	3862
2449	3867
2448	3871
2444	3874
2444	3879
2441	3883
2439	3887
2440	3893
2440	3899
2438	3904
2436	3908
2434	3911
2432	3915
2430	3919
2428	3924
2427	3929
2424	3932
2423	3937
2418	3938
2411	3938
2408	3941
2405	3945
2402	3948
2399	3950
2395	3953
2393	3957
2396	3966
2413	3988
2423	4003
2423	4009
2423	4015
2422	4021
2421	4026
2419	4030
2419	4036
2418	4041
2416	4046
2414	4050
2411	4054
2410	4058
2407	4062
2406	4067
2405	4072
2403	4077
2401	4081
2400	4086
2397	4090
2395	4095
2394	4100
2392	4104
2389	4108
2388	4112
2386	4117
2384	4122
2382	4126
2380	4130
2378	4135
2376	4139
2375	4144
2372	4148
2369	4152
2368	4156
2366	4161
2366	4168
2364	4172
2360	4174
2357	4178
2357	4185
2356	4190
2354	4195
2352	4199
2351	4205
2348	4208
2346	4213
2345	4218
2340	4220
2336	4222
2335	4227
2335	4235
2333	4238
2331	4243
2329	4248
2327	4252
2087	4001
2084	4003
2079	4004
2067	3997
2067	4003
2075	4018
2071	4020
2073	4029
2070	4032
2066	4033
2066	4039
2062	4041
2301	4313
2299	4318
2294	4320
2290	4322
2289	4327
2287	4332
2285	4336
2283	4342
2282	4348
2280	4352
2277	4356
2274	4360
2271	4363
2272	4371
2269	4375
2266	4379
2264	4383
2262	4389
2260	4393
2258	4398
2256	4402
2253	4406
2251	4411
2248	4415
2247	4421
2244	4424
2241	4428
2238	4432
2237	4439
2234	4442
2231	4446
2228	4450
2226	4455
2222	4458
2219	4462
2216	4465
2213	4469
2210	4472
2206	4475
2204	4480
2201	4484
2198	4488
2196	4492
2194	4498
2192	4502
2190	4507
2189	4513
2185	4516
2182	4521
2179	4524
2176	4528
2173	4532
2170	4536
2166	4539
2163	4542
2160	4546
2157	4550
2154	4554
2151	4558
2147	4561
2144	4564
2140	4567
2136	4570
2134	4574
2131	4579
2128	4582
2125	4586
2121	4589
2118	4592
2114	4596
2111	4599
2107	4603
2105	4607
2101	4610
2098	4614
2095	4618
2092	4622
2089	4626
2086	4630
2083	4634
2080	4638
2077	4641
2073	4645
2070	4648
2067	4652
2063	4656
2061	4660
2057	4664
2054	4667
2050	4670
2047	4674
2043	4677
2041	4682
2038	4686
2034	4689
2032	4694
2029	4698
2026	4702
2022	4705
2019	4709
2015	4712
2011	4715
2009	4720
2006	4725
2002	4727
1999	4731
1995	4734
1992	4738
1989	4742
1986	4746
1983	4750
1979	4754
1976	4757
1972	4761
1969	4765
1966	4769
1962	4771
1959	4776
1956	4780
1952	4783
1947	4784
1943	4786
1940	4790
1936	4794
1932	4796
1927	4798
1923	4801
1919	4803
1915	4805
1911	4808
1907	4810
1904	4815
1900	4819
1897	4822
1892	4824
1889	4827
1888	4835
1886	4842
1883	4846
1879	4850
1877	4855
1875	4861
1871	4863
1867	4867
1864	4872
1861	4875
1859	4881
1855	4884
1852	4889
1849	4893
1845	4896
1841	4899
1837	4902
1833	4905
1829	4908
1825	4911
1823	4916
1819	4920
1816	4924
1812	4928
1808	4930
1804	4934
1801	4937
1796	4939
1793	4943
1788	4945
1784	4948
1780	4950
1776	4953
1772	4957
1768	4960
1765	4964
1761	4967
1757	4970
1753	4972
1749	4976
1745	4978
1740	4980
1737	4985
1734	4988
1729	4991
1725	4994
1722	4998
1718	5001
1714	5004
1711	5008
1707	5012
1703	5015
1699	5017
1694	5019
1690	5021
1686	5025
1682	5027
1677	5029
1673	5033
1670	5037
1666	5040
1662	5043
1658	5045
1654	5048
1650	5052
1647	5056
1643	5060
1639	5064
1635	5066
1630	5068
1625	5069
1621	5072
1617	5075
1614	5080
1610	5083
1606	5086
1602	5089
1597	5091
1592	5091
1587	5093
1583	5095
1579	5098
1575	5101
1571	5104
1567	5107
1563	5110
1558	5112
1554	5115
1549	5117
1545	5118
1539	5118
1532	5114
1524	5110
1518	5109
1514	5111
1510	5114
1506	5118
1502	5121
1499	5125
1497	5134
1494	5139
1493	5149
1492	5158
1490	5167
1487	5173
1484	5177
1479	5179
1475	5182
1471	5185
1466	5187
1462	5190
1458	5194
1454	5196
1448	5196
1445	5201
1441	5205
1437	5208
1432	5210
1428	5213
1424	5216
1419	5218
1415	5220
1410	5221
1405	5224
1401	5226
1397	5229
1393	5233
1389	5237
1385	5240
1381	5243
1376	5245
1371	5246
1367	5248
1362	5250
1358	5253
1354	5257
1350	5260
1345	5262
1341	5266
1337	5268
1332	5271
1328	5274
1324	5278
1319	5278
1315	5281
1311	5285
1306	5288
1302	5290
1297	5292
1293	5295
1289	5298
1284	5300
1280	5303
1275	5305
1271	5307
1266	5310
1262	5312
1257	5315
1252	5316
1247	5317
1242	5318
1237	5319
1232	5320
1229	5325
1225	5330
1221	5334
1217	5338
1213	5341
1208	5344
1203	5345
1199	5347
1193	5347
1188	5348
1184	5350
1179	5353
1175	5357
1171	5359
1166	5360
1161	5362
1156	5364
1152	5367
1146	5367
1141	5367
1136	5369
1132	5371
1127	5374
1123	5376
1118	5378
1113	5379
1108	5381
1103	5381
1099	5384
1094	5385
1089	5387
1084	5389
1080	5392
1075	5393
1070	5396
1066	5398
1060	5398
1055	5398
1050	5400
1046	5401
1042	5406
1037	5408
1032	5410
1027	5411
1022	5411
1017	5411
1012	5412
1008	5417
1003	5418
998	5419
994	5424
989	5427
984	5427
979	5429
975	5432
971	5435
966	5438
961	5440
956	5441
951	5442
947	5444
942	5446
937	5447
932	5449
927	5450
922	5451
917	5453
912	5454
908	5456
903	5457
898	5458
893	5460
888	5463
883	5464
879	5466
874	5467
869	5468
864	5469
858	5470
853	5471
849	5472
844	5474
839	5477
835	5479
830	5483
826	5489
822	5492
817	5493
812	5495
807	5498
803	5500
798	5501
792	5501
787	5503
782	5504
778	5506
773	5511
769	5514
764	5516
758	5514
753	5515
748	5516
743	5517
738	5518
733	5518
728	5519
723	5521
718	5522
713	5522
707	5521
702	5522
697	5523
692	5522
687	5523
682	5524
677	5524
671	5523
666	5523
661	5525
657	5527
652	5529
647	5530
642	5531
636	5531
631	5531
626	5531
621	5532
616	5534
611	5535
606	5534
601	5535
596	5537
591	5538
586	5537
580	5538
575	5539
570	5539
565	5537
560	5537
554	5537
549	5537
544	5539
539	5539
534	5540
529	5541
524	5540
519	5539
514	5540
508	5539
503	5539
498	5541
493	5543
489	5546
484	5547
479	5547
473	5548
468	5548
463	5549
458	5550
453	5553
448	5552
443	5551
438	5549
432	5549
427	5547
422	5546
417	5545
411	5545
406	5546
401	5548
397	5557
393	5560
388	5563
383	5564
378	5564
373	5567
368	5572
364	5580
359	5584
354	5587
349	5588
344	5590
339	5591
334	5592
329	5592
324	5592
319	5592
313	5591
308	5589
303	5589
298	5592
293	5594
288	5593
283	5593
278	5593
273	5595
267	5595
262	5597
257	5600
253	5602
248	5607
243	5610
238	5612
233	5612
228	5614
223	5617
169	5001
165	5005
161	5008
156	5008
152	5005
147	5002
143	5002
139	5003
134	5003
130	5001
125	4986
120	4982
115	4977
111	4976
107	4976
103	4979
98	4983
94	4984
90	4986
86	4990
82	5000
78	5000
73	5000
69	5001
65	5001
60	5004
56	5006
52	5003
57	5620
52	5620
47	5622
42	5624
37	5626
32	5626
27	5626
21	5626
16	5625
11	5624
6	5622
1	5618
-5	5612
-10	5603
-15	5598
-20	5595
-25	5592
-30	5591
-36	5589
-41	5588
-46	5587
-51	5586
-56	5589
-61	5629
-66	5630
-71	5623
-77	5632
-82	5632
-87	5632
-92	5634
-97	5637
-103	5637
-108	5638
-113	5638
-118	5640
-123	5643
-129	5645
-134	5646
-139	5645
-144	5647
-149	5651
-155	5653
-160	5656
-165	5658
-170	5658
-176	5658
-181	5657
-186	5657
-191	5657
-196	5658
-202	5658
-207	5658
-212	5658
-217	5659
-222	5658
-228	5658
-233	5662
-238	5662
-243	5661
-249	5660
-254	5659
-259	5656
-264	5654
-269	5654
-274	5656
-280	5657
-285	5658
-290	5659
-296	5658
-301	5657
-306	5655
-311	5652
-316	5651
-321	5651
-326	5649
-331	5647
-337	5647
-342	5646
-347	5646
-352	5644
-357	5640
-362	5639
-367	5638
-372	5636
-377	5635
-383	5635
-388	5635
-393	5633
-398	5633
-403	5636
-409	5638
-414	5638
-419	5636
-424	5634
-429	5631
-434	5631
-439	5630
-445	5631
-450	5629
-455	5629
-460	5628
-465	5628
-470	5626
-475	5625
-480	5623
-485	5622
-490	5619
-496	5619
-501	5619
-506	5621
-512	5622
-517	5621
-522	5622
-527	5621
-532	5618
-537	5617
-542	5617
-548	5619
-553	5618
-558	5616
-563	5616
-568	5615
-573	5614
-579	5616
-584	5616
-589	5614
-594	5613
-599	5613
-605	5612
-609	5608
-614	5608
-619	5606
-624	5603
-629	5602
-634	5599
-639	5598
-644	5598
-649	5594
-654	5591
-659	5590
-664	5589
-669	5590
-674	5589
-679	5587
-684	5584
-689	5584
-695	5585
-700	5587
-706	5587
-710	5585
-715	5583
-721	5583
-726	5582
-731	5582
-736	5581
-741	5581
-746	5580
-751	5579
-757	5578
-761	5574
-766	5572
-771	5570
-776	5569
-781	5567
-786	5567
-791	5566
-796	5565
-801	5564
-806	5562
-811	5562
-817	5561
-822	5561
-827	5563
-833	5564
-838	5561
-842	5556
-846	5552
-852	5553
-857	5554
-863	5554
-867	5552
-872	5550
-877	5548
-883	5548
-887	5546
-893	5545
-898	5546
-903	5547
-908	5545
-913	5544
-919	5544
-924	5543
-929	5542
-934	5541
-939	5540
-944	5538
-949	5537
-954	5536
-959	5534
-964	5533
-969	5531
-973	5528
-979	5528
-984	5528
-990	5532
-995	5531
-1001	5531
-1006	5529
-1011	5528
-1015	5525
-1020	5524
-1026	5524
-1030	5521
-1035	5520
-1041	5520
-1046	5518
-1051	5517
-1056	5517
-1061	5516
-1066	5513
-1071	5512
-1076	5510
-1081	5509
-1086	5509
-1091	5508
-1096	5505
-1101	5505
-1106	5504
-1112	5504
-1117	5505
-1122	5504
-1128	5504
-1133	5502
-1138	5501
-1143	5501
-1148	5499
-1153	5497
-1158	5495
-1163	5495
-1169	5495
-1174	5495
-1178	5491
-1182	5487
-1187	5485
-1192	5484
-1197	5483
-1202	5480
-1207	5480
-1212	5479
-1217	5478
-1222	5476
-1228	5477
-1233	5475
-1237	5472
-1242	5469
-1247	5467
-1252	5465
-1256	5462
-1261	5460
-1265	5456
-1270	5454
-1275	5453
-1281	5454
-1286	5453
-1291	5452
-1296	5451
-1301	5448
-1305	5445
-1309	5441
-1314	5439
-1319	5438
-1324	5435
-1329	5434
-1334	5433
-1338	5429
-1342	5426
-1347	5422
-1352	5422
-1357	5422
-1362	5419
-1366	5416
-1371	5414
-1376	5413
-1382	5415
-1388	5414
-1393	5414
-1398	5414
-1404	5414
-1408	5410
-1413	5407
-1417	5404
-1421	5399
-1425	5395
-1429	5392
-1434	5389
-1438	5387
-1443	5385
-1448	5384
-1453	5383
-1459	5382
-1464	5382
-1469	5380
-1474	5379
-1479	5378
-1484	5375
-1488	5372
-1492	5369
-1497	5367
-1501	5362
-1505	5358
-1508	5351
-1511	5346
-1516	5344
-1520	5341
-1525	5340
-1531	5340
-1538	5342
-1542	5341
-1547	5338
-1551	5334
-1555	5331
-1559	5327
-1564	5324
-1568	5321
-1572	5318
-1576	5315
-1581	5313
-1586	5311
-1590	5307
-1594	5304
-1598	5301
-1603	5299
-1608	5298
-1613	5296
-1617	5293
-1622	5290
-1626	5287
-1631	5285
-1635	5282
-1639	5279
-1644	5276
-1649	5275
-1653	5273
-1657	5269
-1662	5266
-1666	5263
-1670	5260
-1675	5258
-1679	5254
-1683	5250
-1687	5247
-1690	5242
-1693	5236
-1697	5233
-1701	5229
-1705	5225
-1709	5221
-1712	5216
-1714	5209
-1718	5205
-1723	5204
-1729	5203
-1734	5203
-1740	5203
-1745	5202
-1750	5200
-1755	5199
-1760	5198
-1765	5197
-1771	5196
-1775	5194
-1780	5193
-1785	5191
-1790	5190
-1795	5189
-1800	5187
-1804	5184
-1809	5181
-1814	5180
-1819	5178
-1824	5177
-1828	5174
-1832	5170
-1837	5169
-1842	5167
-1846	5163
-1850	5161
-1855	5159
-1859	5156
-1864	5154
-1868	5152
-1873	5149
-1878	5148
-1883	5146
-1887	5144
-1893	5143
-1898	5142
-1902	5139
-1907	5137
-1912	5136
-1916	5133
-1921	5131
-1925	5127
-1929	5124
-1934	5122
-1939	5120
-1943	5118
-1947	5115
-1952	5113
-1956	5109
-1961	5108
-1964	5103
-1968	5100
-1973	5098
-1977	5094
-1981	5091
-1985	5087
-1989	5084
-1993	5081
-1997	5077
-2000	5072
-2003	5068
-2007	5064
-2011	5061
-2016	5059
-2021	5058
-2025	5054
-2029	5051
-2034	5049
-2037	5046
-2041	5042
-2045	5039
-2050	5036
-2054	5034
-2056	5027
-2059	5022
-2064	5020
-2068	5018
-2072	5014
-2077	5012
-2081	5010
-2086	5008
-2090	5004
-2093	5000
-2097	4997
-2101	4993
-2105	4990
-2108	4985
-2111	4981
-2114	4976
-2118	4972
-2122	4969
-2126	4965
-2130	4963
-2135	4961
-2138	4957
-2142	4954
-2146	4951
-2150	4947
-2154	4945
-2158	4941
-2162	4937
-2166	4934
-2169	4930
-2173	4927
-2177	4923
-2180	4919
-2185	4917
-2188	4913
-2193	4910
-2196	4907
-2199	4902
-2203	4898
-2207	4895
-2211	4892
-2214	4888
-2218	4885
-2222	4881
-2226	4878
-2230	4875
-2233	4871
-2237	4868
-2241	4864
-2245	4861
-2249	4858
-2253	4855
-2257	4852
-2260	4848
-2264	4845
-2268	4841
-2271	4837
-2275	4834
-2279	4831
-2283	4828
-2287	4825
-2291	4822
-2295	4819
-2299	4815
-2303	4812
-2307	4809
-2311	4806
-2314	4802
-2318	4798
-2321	4794
-2325	4791
-2329	4788
-2333	4785
-2337	4782
-2341	4779
-2345	4776
-2349	4774
-2354	4771
-2358	4768
-2362	4765
-2366	4762
-2371	4760
-2377	4760
-2381	4757
-2385	4754
-2388	4750
-2392	4746
-2396	4743
-2399	4739
-2402	4734
-2405	4730
-2409	4727
-2412	4723
-2415	4718
-2418	4714
-2421	4710
-2426	4708
-2430	4705
-2433	4700
-2435	4696
-2437	4690
-2440	4685
-2443	4682
-2447	4678
-2451	4675
-2454	4671
-2457	4667
-2460	4663
-2464	4659
-2467	4655
-2470	4651
-2473	4647
-2477	4643
-2479	4638
-2483	4635
-2485	4630
-2489	4627
-2492	4623
-2495	4619
-2499	4615
-2503	4612
-2507	4609
-2510	4605
-2513	4601
-2516	4597
-2518	4592
-2522	4588
-2524	4583
-2527	4578
-2530	4575
-2534	4572
-2537	4568
-2540	4563
-2543	4559
-2546	4555
-2550	4552
-2553	4548
-2556	4544
-2558	4539
-2561	4535
-2564	4531
-2568	4528
-2572	4524
-2575	4520
-2579	4517
-2581	4512
-2584	4508
-2586	4503
-2589	4499
-2593	4496
-2595	4491
-2599	4488
-2603	4485
-2607	4482
-2610	4478
-2613	4474
-2616	4470
-2620	4466
-2623	4463
-2627	4460
-2631	4457
-2635	4454
-2639	4450
-2642	4447
-2646	4444
-2649	4440
-2653	4437
-2655	4432
-2658	4428
-2660	4423
-2663	4419
-2666	4415
-2669	4411
-2671	4406
-2674	4402
-2677	4398
-2680	4393
-2683	4389
-2686	4385
-2689	4382
-2693	4378
-2695	4373
-2698	4369
-2700	4365
-2703	4361
-2706	4357
-2709	4353
-2710	4347
-2713	4343
-2716	4339
-2718	4334
-2720	4330
-2723	4325
-2726	4321
-2728	4316
-2731	4312
-2734	4309
-2737	4304
-2740	4300
-2743	4297
-2746	4292
-2749	4289
-2753	4285
-2755	4281
-2757	4276
-2761	4273
-2764	4269
-2767	4265
-2768	4259
-2772	4257
-2777	4254
-2779	4249
-2781	4245
-2784	4241
-2785	4235
-2788	4232
-2791	4228
-2791	4221
-2794	4217
-2797	4213
-2800	4209
-2802	4205
-2804	4200
-2807	4196
-2810	4192
-2813	4189
-2816	4184
-2817	4179
-2818	4173
-2820	4168
-2822	4164
-2824	4159
-2824	4153
-2825	4147
-2827	4142
-2830	4138
-2832	4133
-2834	4129
-2836	4124
-2839	4121
-2842	4116
-2844	4112
-2847	4108
-2848	4103
-2851	4098
-2852	4093
-2855	4089
-2854	4082
-2856	4078
-2860	4074
-2863	4071
-2864	4066
-2867	4061
-2868	4056
-2869	4051
-2872	4047
-2875	4043
-2877	4038
-2878	4033
-2880	4028
-2881	4024
-2884	4019
-2886	4015
-2888	4010
-2889	4005
-2890	3999
-2892	3995
-2893	3990
-2895	3985
-2896	3980
-2899	3976
-2901	3971
-2903	3967
-2906	3963
-2907	3958
-2910	3954
-2911	3949
-2913	3945
-2917	3942
-2920	3938
-2922	3933
-2924	3929
-2926	3925
-2929	3921
-2931	3917
-2934	3912
-2937	3909
-2938	3904
-2938	3897
-2939	3892
-2941	3888
-2944	3884
-2946	3880
-2947	3875
-2948	3870
-2950	3865
-2949	3859
-2951	3854
-2953	3849
-2955	3845
-2955	3839
-2956	3834
-2958	3830
-2960	3826
-2962	3821
-2962	3815
-2963	3810
-2965	3806
-2966	3801
-2967	3796
-2969	3791
-2970	3786
-2972	3782
-2974	3778
-2975	3772
-2975	3766
-2975	3761
-2976	3756
-2978	3752
-2980	3747
-2982	3743
-2983	3738
-2984	3733
-2985	3728
-2985	3722
-2986	3717
-2989	3713
-2989	3708
-2989	3702
-2990	3697
-2992	3693
-2992	3688
-2993	3683
-2994	3678
-2995	3673
-2998	3669
-3000	3665
-2998	3658
-2998	3652
-2999	3647
-3001	3643
-3003	3639
-3007	3636
-3007	3630
-3007	3625
-3008	3620
-3009	3615
-3008	3609
-3009	3604
-3013	3601
-3015	3597
-3017	3593
-3016	3587
-3018	3582
-3019	3578
-3021	3574
-3024	3570
-3023	3564
-3022	3558
-3019	3551
-3018	3545
-3016	3538
-3017	3533
-3017	3528
-3017	3522
-3016	3516
-3016	3511
-3015	3505
-3015	3500
-3016	3495
-3016	3490
-3016	3485
-3018	3480
-3019	3476
-3019	3470
-3019	3465
-3020	3461
-3022	3456
-3022	3451
-3021	3445
-3023	3441
-3023	3436
-3023	3431
-3023	3425
-3024	3421
-3026	3417
-3026	3412
-3028	3407
-3027	3402
-3027	3397
-3027	3391
-3027	3386
-3028	3382
-3030	3378
-3032	3374
-3032	3369
-3031	3363
-3030	3357
-3031	3353
-3033	3349
-3035	3344
-3033	3339
-3032	3333
-3035	3329
-3035	3324
-3036	3320
-3037	3315
-3038	3311
-3039	3306
-3038	3301
-3038	3295
-3039	3291
-3040	3287
-3040	3282
-3042	3277
-3042	3273
-3042	3268
-3044	3264
-3045	3259
-3044	3254
-3043	3248
-3042	3243
-3043	3238
-3044	3234
-3045	3229
-3047	3225
-3045	3219
-3045	3215
-3045	3210
-3046	3205
-3047	3201
-3045	3195
-3044	3189
-3044	3184
-3045	3180
-3047	3176
-3046	3171
-3046	3166
-3046	3161
-3047	3157
-3046	3151
-3044	3146
-3043	3140
-3044	3136
-3044	3131
-3045	3127
-3046	3123
-3046	3118
-3046	3113
-3044	3107
-3044	3102
-3046	3098
-3047	3094
-3047	3089
-3046	3084
-3044	3078
-3043	3073
-3042	3068
-3043	3064
-3044	3059
-3042	3054
-3041	3049
-3041	3044
-3041	3039
-3041	3035
-3041	3030
-3041	3025
-3041	3020
-3042	3016
-3042	3011
-3042	3007
-3042	3002
-3039	2996
-3039	2991
-3038	2986
-3037	2982
-3038	2977
-3039	2973
-3040	2969
-3039	2964
-3039	2959
-3037	2954
-3036	2949
-3038	2945
-3039	2941
-3039	2936
-3039	2932
-3037	2926
-3040	2923
-3041	2919
-3041	2914
-3038	2908
-3038	2904
-3039	2899
-3038	2895
-3038	2890
-3036	2885
-3035	2880
-3036	2876
-3036	2871
-3036	2867
-3035	2862
-3035	2857
-3035	2853
-3034	2848
-3034	2843
-3033	2838
-3031	2833
-3030	2829
-3030	2824
-3029	2819
-3029	2815
-3029	2810
-3029	2806
-3028	2801
-3026	2796
-3025	2791
-3023	2786
-3022	2781
-3022	2777
-3021	2772
-3022	2768
-3022	2763
-3021	2759
-3020	2754
-3017	2749
-3017	2744
-3018	2740
-3018	2736
-3015	2731
-3014	2726
-3013	2721
-3014	2717
-3012	2712
-3012	2708
-3010	2703
-3010	2698
-3010	2694
-3009	2690
-3010	2685
-3009	2681
-3008	2676
-3007	2672
-3007	2667
-3007	2663
-3006	2658
-3006	2654
-3006	2650
-3003	2645
-3002	2640
-3000	2635
-2999	2630
-2998	2626
-2996	2621
-2996	2617
-2995	2612
-2994	2608
-2993	2603
-2995	2600
-2996	2596
-2996	2592
-2996	2587
-2995	2583
-2990	2577
-2989	2573
-2988	2568
-2986	2563
-2985	2559
-2985	2555
-2985	2551
-2983	2546
-2981	2541
-2981	2537
-2980	2533
-2981	2528
-2980	2524
-2978	2519
-2976	2515
-2975	2510
-2976	2507
-2976	2502
-2977	2498
-2975	2494
-2972	2489
-2970	2484
-2969	2480
-2969	2476
-2970	2472
-2969	2468
-2968	2463
-2968	2459
-2966	2455
-2964	2450
-2960	2445
-2962	2441
-2961	2437
-2960	2433
-2960	2429
-2960	2425
-2958	2420
-2957	2416
-2958	2412
-2958	2408
-2957	2404
-2955	2399
-2955	2395
-2954	2391
-2952	2387
-2950	2382
-2948	2378
-2949	2374
-2949	2370
-2948	2366
-2948	2362
-2948	2358
-2948	2354
-2947	2349
-2946	2345
-2944	2341
-2942	2336
-2943	2333
-2942	2328
-2942	2325
-2940	2320
-2940	2316
-2939	2312
-2937	2308
-2937	2304
-2937	2300
-2937	2296
-2938	2292
-2936	2288
-2934	2284
-2934	2280
-2933	2275
-2933	2271
-2933	2267
-2934	2264
-2930	2259
-2930	2255
-2930	2251
-2927	2247
-2925	2243
-2925	2239
-2926	2235
-2923	2230
-2921	2226
-2923	2223
-2924	2219
-2924	2215
-2923	2211
-2922	2207
-2920	2203
-2918	2199
-2915	2194
-2916	2191
-2917	2187
-2915	2183
-2913	2178
-2913	2175
-2914	2171
-2913	2167
-2911	2163
-2912	2159
-2912	2155
-2910	2151
-2909	2147
-2908	2143
-2903	2139
-2904	2135
-2901	2131
-2901	2127
-2902	2123
-2902	2119
-2901	2115
-2900	2111
-2901	2108
-2900	2104
-2897	2100
-2897	2096
-2897	2092
-2896	2088
-2895	2084
-2895	2080
-2893	2076
-2892	2072
-2890	2068
-2888	2064
-2887	2061
-2888	2057
-2888	2053
-2888	2049
-2886	2045
-2886	2042
-2884	2038
-2884	2034
-2883	2030
-2884	2026
-2881	2022
-2880	2018
-2880	2015
-2880	2011
-2876	2007
-2875	2003
-2876	1999
-2874	1995
-2874	1991
-2874	1988
-2873	1984
-2873	1980
-2872	1976
-2872	1973
-2872	1969
-2868	1965
-2868	1961
-2867	1957
-2867	1954
-2865	1950
-2861	1946
-2862	1942
-2863	1938
-2861	1935
-2860	1931
-2859	1927
-2858	1923
-2855	1919
-2855	1916
-2854	1912
-2851	1908
-2850	1904
-2850	1901
-2848	1897
-2848	1893
-2847	1889
-2846	1886
-2845	1882
-2845	1878
-2844	1874
-2843	1871
-2842	1867
-2842	1863
-2841	1860
-2839	1856
-2838	1852
-2838	1849
-2837	1845
-2836	1841
-2834	1837
-2832	1834
-2832	1830
-2830	1826
-2829	1823
-2828	1819
-2827	1815
-2827	1812
-2828	1808
-2829	1804
-2830	1801
-2829	1797
-2825	1793
-2825	1790
-2826	1786
-2826	1783
-2825	1779
-2820	1775
-2817	1771
-2817	1768
-2817	1764
-2818	1761
-2820	1757
-2820	1753
-2819	1750
-2819	1746
-2818	1743
-2814	1739
-2812	1735
-2810	1732
-2810	1728
-2810	1724
-2809	1721
-2808	1717
-2806	1714
-2805	1710
-2805	1706
-2804	1703
-2805	1699
-2805	1696
-2804	1692
-2803	1688
-2799	1685
-2798	1681
-2796	1678
-2797	1674
-2796	1671
-2796	1667
-2793	1663
-2793	1660
-2792	1656
-2792	1653
-2789	1649
-2785	1646
-2784	1642
-2784	1639
-2782	1635
-2781	1632
-2783	1628
-2781	1624
-2779	1621
-2778	1617
-2777	1614
-2776	1610
-2774	1607
-2774	1603
-2774	1600
-2773	1596
-2772	1593
-2771	1589
-2771	1586
-2771	1582
-2770	1579
-2768	1575
-2766	1572
-2765	1568
-2765	1565
-2766	1561
-2766	1557
-2764	1554
-2763	1550
-2762	1547
-2761	1544
-2760	1540
-2759	1537
-2756	1533
-2754	1530
-2752	1526
-2752	1523
-2752	1519
-2750	1516
-2749	1512
-2748	1509
-2747	1505
-2745	1502
-2744	1499
-2744	1495
-2746	1491
-2745	1488
-2745	1484
-2743	1481
-2742	1478
-2739	1474
-2737	1471
-2736	1468
-2734	1464
-2733	1461
-2734	1457
-2734	1454
-2732	1450
-2730	1447
-2729	1443
-2727	1440
-2725	1437
-2723	1433
-2724	1430
-2724	1426
-2723	1423
-2722	1420
-2720	1416
-2720	1413
-2718	1409
-2716	1406
-2715	1403
-2715	1399
-2716	1396
-2715	1392
-2714	1389
-2713	1385
-2710	1382
-2709	1379
-2709	1375
-2707	1372
-2706	1369
-2704	1365
-2704	1362
-2703	1358
-2702	1355
-2702	1352
-2700	1348
-2700	1345
-2698	1341
-2697	1338
-2698	1335
-2696	1331
-2695	1328
-2692	1325
-2692	1321
-2692	1318
-2689	1315
-2686	1312
-2686	1308
-2686	1305
-2685	1301
-2683	1298
-2683	1295
-2683	1291
-2683	1288
-2681	1284
-2680	1281
-2678	1278
-2678	1274
-2677	1271
-2676	1268
-2675	1264
-2675	1261
-2674	1257
-2673	1254
-2674	1250
-2672	1247
-2670	1244
-2669	1241
-2670	1237
-2668	1234
-2666	1231
-2666	1227
-2664	1224
-2665	1220
-2664	1217
-2662	1214
-2662	1210
-2660	1207
-2661	1204
-2659	1200
-2657	1197
-2655	1194
-2654	1191
-2654	1187
-2654	1184
-2653	1180
-2653	1177
-2652	1174
-2652	1170
-2650	1167
-2649	1164
-2648	1160
-2646	1157
-2646	1154
-2645	1150
-2642	1147
-2641	1144
-2640	1141
-2639	1137
-2639	1134
-2636	1131
-2635	1128
-2634	1125
-2632	1121
-2630	1118
-2630	1115
-2630	1111
-2630	1108
-2630	1104
-2628	1101
-2628	1098
-2626	1095
-2624	1091
-2623	1088
-2622	1085
-2621	1082
-2619	1078
-2618	1075
-2616	1072
-2616	1069
-2618	1065
-2618	1061
-2617	1058
-2614	1055
-2612	1052
-2610	1049
-2609	1046
-2610	1042
-2611	1038
-2610	1035
-2611	1031
-2609	1028
-2605	1025
-2604	1022
-2601	1019
-2602	1015
-2601	1012
-2598	1009
-2598	1006
-2599	1002
-2597	999
-2595	996
-2593	993
-2592	990
-2591	986
-2590	983
-2588	980
-2588	977
-2587	973
-2585	970
-2583	967
-2581	964
-2581	961
-2580	957
-2579	954
-2577	951
-2575	948
-2576	944
-2574	941
-2571	938
-2568	936
-2568	932
-2566	929
-2566	926
-2567	922
-2567	918
-2566	915
-2565	912
-2562	909
-2560	906
-2560	902
-2560	899
-2558	896
-2556	893
-2555	890
-2554	886
-2553	883
-2551	880
-2549	877
-2548	874
-2544	872
-2543	868
-2543	865
-2543	861
-2542	858
-2541	855
-2541	851
-2539	848
-2537	845
-2536	842
-2537	838
-2537	834
-2535	832
-2533	829
-2531	826
-2530	822
-2529	819
-2527	816
-2526	813
-2526	809
-2526	806
-2525	802
-2523	800
-2521	796
-2519	793
-2516	791
-2516	787
-2516	784
-2515	781
-2514	777
-2512	774
-2510	771
-2509	768
-2508	765
-2506	762
-2504	759
-2504	755
-2505	751
-2504	748
-2502	745
-2501	742
-2500	739
-2499	736
-2496	733
-2496	729
-2496	726
-2496	722
-2492	720
-2489	717
-2487	714
-2484	712
-2482	709
-2480	706
-2480	702
-2480	699
-2478	696
-2476	693
-2475	690
-2475	686
-2473	683
-2471	680
-2471	677
-2469	674
-2468	671
-2467	667
-2465	664
-2464	661
-2464	658
-2463	654
-2462	651
-2460	648
-2457	645
-2456	642
-2455	639
-2454	636
-2451	633
-2450	630
-2452	625
-2452	621
-2451	618
-2449	616
-2448	612
-2448	609
-2445	606
-2442	604
-2441	600
-2440	597
-2440	593
-2438	590
-2436	588
-2434	584
-2434	581
-2431	578
-2431	575
-2430	571
-2429	568
-2426	566
-2424	563
-2424	559
-2423	556
-2421	553
-2419	550
-2417	547
-2413	545
-2413	542
-2414	537
-2414	534
-2412	531
-2411	527
-2410	524
-2408	521
-2407	518
-2405	515
-2405	511
-2404	508
-2402	505
-2401	502
-2398	499
-2397	496
-2396	493
-2395	490
-2393	486
-2392	483
-2392	479
-2390	476
-2389	473
-2386	471
-2385	468
-2384	464
-2382	461
-2381	458
-2380	455
-2379	451
-2378	448
-2376	445
-2374	442
-2374	439
-2374	435
-2373	431
-2370	429
-2369	426
-2368	422
-2367	419
-2365	416
-2361	414
-2361	411
-2361	406
-2360	403
-2358	400
-2355	398
-2352	395
-2351	392
-2351	389
-2348	386
-2346	383
-2345	380
-2344	377
-2341	374
-2339	372
-2337	369
-2336	365
-2338	360
-2337	357
-2335	354
-2333	351
-2331	348
-2329	345
-2328	342
-2326	339
-2325	336
-2323	333
-2323	329
-2322	325
-2320	323
-2318	320
-2316	317
-2315	314
-2313	311
-2311	308
-2309	305
-2309	301
-2308	297
-2308	293
-2307	290
-2305	287
-2305	283
-2304	280
-2302	277
-2301	274
-2300	270
-2298	267
-2296	264
-2294	261
-2293	258
-2291	255
-2290	252
-2288	249
-2287	245
-2286	242
-2285	238
-2284	235
-2284	231
-2283	227
-2282	224
-2280	221
-2277	219
-2274	216
-2272	214
-2270	211
-2270	207
-2269	203
-2269	199
-2266	197
-2262	195
-2260	193
-2256	191
-2253	189
-2248	188
-2243	187
-2242	184
-2240	181
-2238	178
-2236	176
-2234	173
-2232	169
-2230	167
-2227	165
-2226	161
-2227	156
-2225	153
-2223	151
-2222	147
-2221	143
-2222	139
-2220	136
-2219	132
-2218	128
-2217	125
-2215	122
-2214	119
-2212	115
-2211	112
-2210	109
-2211	103
-2209	101
-2207	98
-2206	94
-2205	90
-2202	88
-2201	85
-2198	83
-2196	80
-2196	76
-2195	72
-2194	68
-2193	64
-2191	62
-2190	58
-2188	55
-2188	51
-2187	47
-2186	43
-2185	40
-2184	36
-2182	33
-2182	29
-2180	26
-2178	23
-2178	19
-2176	15
-2176	11
-2174	8
-2173	4
-2172	0
-2171	-3
-2170	-6
-2170	-11
-2168	-14
-2168	-18
-2165	-21
-2162	-23
-2162	-27
-2162	-32
-2161	-36
-2160	-39
-2158	-43
-2157	-47
-2157	-51
-2156	-55
-2153	-57
-2151	-60
-2149	-63
-2148	-66
-2148	-71
-2148	-76
-2145	-78
-2142	-80
-2141	-84
-2141	-89
-2141	-93
-2138	-96
-2135	-98
-2135	-103
-2133	-106
-2134	-111
-2133	-115
-2132	-119
-2131	-123
-2128	-125
-2127	-129
-2127	-133
-2125	-137
-2123	-140
-2123	-144
-2121	-148
-2120	-152
-2118	-155
-2117	-159
-2117	-164
-2116	-168
-2115	-171
-2115	-176
-2115	-181
-2114	-185
-2112	-188
-2107	-188
-2096	-184
-2082	-176
-2073	-172
-2069	-173
-2066	-175
-2063	-177
-2060	-179
-2057	-181
-2054	-184
-2052	-187
-2051	-190
-2049	-194
-2047	-197
-2046	-201
-2045	-205
-2043	-208
-2045	-215
-2044	-219
-2036	-216
-2026	-211
-2016	-206
-2008	-204
-2002	-202
-2000	-206
-2002	-213
-2011	-227
-2015	-235
-1967	-193
-1964	-195
-1961	-197
-1956	-197
-1952	-198
-1945	-196
-1940	-196
-1929	-189
-1923	-189
-1934	-205
-1897	-173
-1890	-170
-1883	-167
-1878	-168
-1875	-169
-1873	-172
-1872	-175
-1879	-188
-1873	-187
-1869	-188
-1857	-180
-1844	-171
-1840	-172
-1835	-172
-1831	-172
-1827	-173
-1825	-176
-1814	-169
-1809	-168
-1804	-168
-1800	-169
-1788	-160
-1779	-156
-1773	-154
-1768	-154
-1763	-153
-1757	-152
-1750	-149
-1747	-150
-1745	-152
-1742	-155
-1740	-157
-1739	-161
-1740	-166
-1736	-167
-1733	-168
-1730	-170
-1728	-173
-1724	-173
-1722	-176
-1719	-178
-1716	-179
-1712	-179
-1706	-178
-1700	-176
-1695	-175
-1690	-174
-1686	-175
-1683	-176
-1680	-178
-1677	-179
-1675	-181
-1672	-182
-1668	-183
-1665	-185
-1661	-185
-1657	-185
-1652	-184
-1649	-185
-1642	-182
-1626	-169
-1621	-168
-1619	-170
-1617	-172
-1608	-167
-1601	-163
-1598	-164
-1595	-166
-1593	-168
-1590	-169
-1587	-170
-1583	-171
-1580	-172
-1577	-174
-1574	-175
-1571	-176
-1568	-177
-1566	-180
-1562	-180
-1559	-181
-1554	-180
-1549	-179
-1544	-178
-1541	-178
-1537	-179
-1536	-182
-1533	-184
-1530	-185
-1526	-185
-1522	-185
-1519	-186
-1514	-185
-1511	-185
-1507	-185
-1502	-184
-1497	-182
-1494	-184
-1492	-186
-1487	-184
-1479	-179
-1473	-176
-1470	-177
-1467	-179
-1464	-179
-1461	-180
-1458	-182
-1455	-183
-1452	-184
-1450	-186
-1447	-187
-1437	-179
-1430	-174
-1427	-176
-1426	-179
-1423	-180
-1420	-181
-1418	-183
-1412	-181
-1408	-180
-1406	-182
-1403	-184
-1401	-186
-1395	-183
-1388	-178
-1380	-172
-1375	-170
-1372	-171
-1369	-172
-1368	-175
-1365	-177
-1363	-179
-1361	-181
-1358	-182
-1355	-183
-1351	-182
-1345	-179
-1338	-174
-1334	-173
-1331	-174
-1328	-174
-1324	-174
-1320	-174
-1316	-174
-1313	-174
-1312	-177
-1309	-179
-1306	-179
-1303	-179
-1300	-181
-1298	-183
-1295	-183
-1291	-183
-1286	-181
-1283	-181
-1278	-180
-1274	-179
-1270	-178
-1268	-179
-1265	-180
-1261	-180
-1257	-178
-1252	-176
-1247	-174
-1247	-179
-1243	-179
-1240	-178
-1235	-177
-1230	-174
-1227	-175
-1224	-175
-1221	-176
-1218	-176
-1214	-175
-1211	-175
-1208	-176
-1205	-177
-1202	-178
-1199	-179
-1196	-179
-1195	-182
-1192	-183
-1189	-184
-1184	-181
-1181	-181
-1178	-181
-1175	-182
-1171	-182
-1168	-181
-1164	-180
-1160	-180
-1157	-180
-1155	-182
-1152	-182
-1149	-182
-1145	-182
-1142	-182
-1138	-181
-1133	-178
-1130	-179
-1129	-182
-1127	-183
-1123	-183
-1120	-183
-1117	-184
-1114	-185
-1111	-184
-1107	-184
-1104	-184
-1101	-184
-1098	-184
-1095	-184
-1091	-184
-1089	-185
-1085	-184
-1082	-183
-1078	-183
-1075	-182
-1072	-183
-1069	-183
-1066	-183
-1062	-182
-1058	-181
-1055	-181
-1053	-182
-1050	-183
-1047	-184
-1044	-184
-1041	-184
-1038	-184
-1035	-184
-1032	-185
-1029	-184
-1025	-184
-1022	-183
-1020	-184
-1016	-184
-1013	-183
-1010	-184
-1007	-184
-1004	-184
-1001	-185
-998	-185
-996	-185
-993	-186
-991	-189
-989	-190
-986	-190
-983	-190
-980	-191
-977	-190
-972	-187
-970	-190
-968	-190
-939	-137
-935	-135
-932	-135
-929	-134
-926	-135
-923	-134
-920	-135
-920	-140
-920	-146
-920	-152
-919	-157
-917	-160
-913	-156
-905	-145
-896	-132
-891	-127
-887	-124
-884	-125
-884	-130
-883	-135
-885	-146
-882	-145
-879	-145
-877	-146
-874	-146
-871	-147
-869	-149
-866	-148
-863	-147
-860	-147
-857	-147
-855	-148
-865	-179
-782	-5
-779	-4
-776	-2
-773	-1
-770	0
-767	1
-764	2
-762	0
-759	1
-756	2
-754	1
-752	0
-749	-1
-747	-1
-744	0
-741	1
-739	1
-736	2
-734	-1
-734	-7
-735	-15
-733	-17
-729	-13
-724	-8
-721	-5
-720	-10
-719	-15
-718	-19
-718	-26
-748	-124
-747	-129
-746	-135
-745	-139
-743	-141
-741	-142
-739	-145
-737	-146
-734	-147
-732	-147
-729	-147
-727	-148
-725	-149
-722	-150
-720	-151
-717	-152
-715	-154
-713	-154
-710	-155
-708	-155
-705	-155
-701	-150
-697	-147
-694	-147
-692	-148
-689	-147
-685	-144
-683	-145
-681	-148
-680	-153
-680	-160
-678	-163
-674	-160
-671	-158
-668	-157
-666	-158
-664	-160
-661	-160
-658	-158
-655	-157
-652	-157
-649	-155
-646	-154
-643	-154
-641	-154
-639	-156
-636	-157
-634	-158
-632	-161
-630	-164
-628	-165
-626	-167
-624	-168
-620	-163
-615	-155
-610	-150
-607	-149
-605	-150
-603	-152
-601	-154
-599	-155
-600	-169
-600	-176
-598	-179
-595	-178
-590	-171
-586	-164
-583	-162
-580	-163
-578	-163
-575	-162
-572	-161
-569	-162
-567	-163
-565	-165
-563	-167
-561	-168
-560	-177
-559	-180
-556	-180
-553	-179
-551	-181
-549	-184
-547	-184
-544	-185
-542	-185
-539	-185
-537	-185
-534	-184
-532	-186
-529	-186
-526	-184
-523	-184
-521	-185
-518	-184
-515	-183
-513	-183
-510	-183
-508	-184
-505	-183
-502	-183
-500	-183
-498	-184
-495	-185
-492	-183
-490	-184
-487	-183
-485	-184
-482	-184
-480	-185
-477	-185
-474	-184
-472	-185
-469	-184
-467	-184
-464	-184
-462	-186
-460	-186
-457	-186
-454	-185
-452	-185
-449	-184
-446	-184
-444	-184
-441	-184
-439	-184
-436	-184
-434	-183
-431	-184
-428	-183
-426	-183
-423	-183
-421	-184
-418	-184
-416	-184
-413	-183
-411	-184
-408	-183
-406	-184
-403	-184
-401	-185
-398	-185
-396	-185
-393	-186
-391	-186
-388	-185
-386	-185
-383	-185
-381	-185
-378	-184
-376	-185
-373	-184
-370	-184
-368	-184
-366	-185
-363	-185
-360	-183
-358	-183
-355	-183
-353	-183
-350	-183
-348	-183
-346	-185
-343	-182
-340	-183
-338	-184
-335	-184
-333	-184
-330	-183
-328	-183
-325	-184
-323	-184
-321	-184
-318	-185
-316	-184
-313	-183
-310	-183
-308	-182
-305	-183
-303	-184
-301	-184
-298	-184
-296	-183
-293	-184
-291	-184
-288	-184
-286	-184
-283	-185
-281	-184
-278	-184
-276	-185
-273	-184
-271	-183
-268	-184
-266	-184
-263	-183
-261	-183
-259	-185
-256	-184
-253	-182
-251	-181
-248	-182
-246	-182
-244	-182
-241	-182
-239	-183
-236	-182
-234	-181
-231	-181
-229	-182
-226	-182
-224	-182
-221	-182
-219	-183
-216	-183
-214	-184
-212	-184
-209	-183
-207	-182
-204	-183
-202	-182
-199	-182
-197	-182
-194	-182
-192	-182
-189	-183
-187	-183
-185	-182
-182	-183
-180	-182
-177	-183
-175	-183
-172	-183
-170	-183
-167	-183
-165	-183
-163	-183
-160	-183
-158	-182
-155	-182
-153	-182
-150	-183
-148	-183
-145	-183
-143	-182
-140	-182
-138	-182
-136	-182
-133	-183
-131	-183
-128	-183
-126	-182
-123	-182
-121	-183
-118	-183
-116	-183
-114	-183
-111	-182
-109	-183
-106	-182
-104	-182
-101	-182
-99	-182
-96	-182
-94	-182
-92	-182
-89	-182
-87	-182
-84	-182
-82	-182
-79	-182
-74	-183
-72	-182
-70	-182
-67	-182
-65	-182
-62	-182
-60	-182
-57	-183
-55	-183
-52	-182
-50	-182
-48	-181
-45	-180
-43	-179
-40	-180
-38	-184
-35	-183
-33	-184
-30	-184
-28	-182
-26	-182
-23	-183
-21	-184
-18	-183
-16	-183
-13	-184
-11	-183
-9	-183
-6	-183
-4	-184
-1	-184
1	-184
4	-184
6	-184
9	-183
11	-183
14	-183
16	-183
18	-183
21	-184
23	-183
26	-183
28	-182
31	-182
33	-182
35	-182
38	-182
40	-182
43	-183
45	-183
48	-183
50	-183
53	-183
55	-183
58	-183
60	-183
62	-183
65	-183
67	-183
70	-182
72	-183
75	-183
77	-184
80	-182
82	-182
85	-183
87	-183
89	-183
92	-182
94	-182
97	-182
99	-182
102	-182
104	-181
107	-182
109	-183
112	-183
114	-181
116	-180
119	-181
121	-181
124	-182
127	-183
129	-183
131	-182
134	-181
136	-181
139	-182
141	-182
144	-182
146	-183
149	-182
151	-182
154	-183
156	-183
159	-183
161	-183
164	-183
166	-183
168	-182
171	-183
173	-183
176	-182
179	-183
181	-182
183	-182
186	-182
188	-183
191	-184
193	-183
196	-183
198	-183
201	-182
203	-182
206	-181
208	-183
211	-184
213	-183
216	-183
218	-183
221	-183
223	-184
226	-184
228	-183
231	-183
233	-182
236	-183
238	-184
241	-183
243	-184
246	-183
248	-183
251	-183
253	-183
256	-184
258	-182
261	-183
263	-182
266	-184
268	-182
271	-183
274	-184
276	-184
279	-184
281	-183
284	-183
286	-182
289	-183
291	-183
294	-184
297	-184
299	-183
301	-182
304	-184
307	-183
309	-183
312	-183
314	-183
317	-183
319	-183
322	-182
324	-183
327	-183
329	-183
332	-182
334	-183
337	-183
340	-184
342	-184
345	-183
347	-183
350	-185
353	-184
355	-183
358	-184
360	-184
363	-183
365	-182
368	-183
370	-183
373	-183
375	-183
378	-183
381	-184
383	-183
386	-183
388	-183
391	-183
394	-184
396	-183
399	-182
401	-182
404	-181
406	-183
409	-182
412	-182
414	-183
417	-182
420	-183
422	-184
425	-184
427	-183
430	-184
433	-183
434	-178
435	-173
436	-167
438	-163
439	-159
442	-159
444	-158
447	-157
449	-157
452	-157
454	-156
456	-155
459	-155
462	-155
464	-155
466	-154
469	-153
472	-154
476	-160
482	-171
487	-178
488	-175
490	-172
492	-171
495	-172
498	-173
501	-173
504	-173
507	-174
510	-176
513	-178
515	-177
517	-174
519	-172
522	-173
525	-174
528	-175
531	-176
534	-177
537	-177
540	-178
542	-178
545	-178
548	-178
550	-177
553	-175
554	-173
555	-167
556	-162
558	-160
560	-157
562	-156
564	-154
564	-146
563	-136
565	-133
568	-133
571	-134
573	-133
575	-132
578	-131
581	-132
600	-178
603	-180
604	-174
606	-173
607	-169
609	-165
609	-159
606	-143
607	-138
609	-136
611	-134
613	-131
615	-130
617	-128
619	-126
621	-125
624	-126
628	-129
633	-135
638	-141
643	-146
647	-149
649	-149
653	-151
656	-153
660	-155
663	-154
666	-155
669	-157
672	-157
674	-155
678	-158
679	-154
680	-148
682	-146
684	-144
686	-144
689	-144
693	-146
697	-150
702	-154
704	-153
707	-153
709	-152
712	-151
714	-151
717	-150
720	-149
722	-148
724	-147
727	-147
729	-145
731	-142
734	-142
736	-142
739	-141
741	-140
743	-138
744	-133
745	-131
746	-126
747	-122
748	-116
748	-110
748	-105
718	-21
719	-16
719	-11
720	-7
722	-6
725	-8
728	-8
730	-6
731	-3
732	1
734	2
737	2
740	2
742	3
754	-4
755	-1
756	1
759	2
762	1
773	-4
773	1
775	2
777	3
781	2
865	-141
869	-145
875	-150
881	-155
886	-159
889	-158
892	-159
893	-155
893	-149
894	-145
896	-143
898	-142
901	-141
904	-140
907	-141
916	-153
921	-156
924	-156
927	-156
931	-156
934	-157
937	-157
942	-159
947	-164
955	-173
963	-182
968	-185
971	-183
974	-183
975	-180
979	-182
982	-181
985	-180
987	-179
990	-177
992	-176
995	-175
997	-172
998	-170
1001	-169
1003	-166
1005	-164
1008	-164
1014	-168
1020	-174
1023	-173
1025	-171
1028	-170
1032	-172
1038	-176
1043	-179
1045	-177
1048	-177
1052	-178
1056	-178
1059	-178
1061	-176
1063	-175
1067	-175
1071	-177
1074	-175
1078	-176
1082	-178
1085	-178
1089	-178
1093	-179
1096	-178
1099	-178
1101	-176
1105	-177
1108	-176
1109	-172
1110	-169
1115	-171
1118	-170
1107	-149
1105	-140
1106	-136
1108	-134
1111	-133
1114	-133
1120	-136
1126	-141
1139	-155
1139	-150
1141	-147
1143	-146
1144	-142
1146	-140
1171	-173
1175	-173
1182	-178
1185	-177
1188	-177
1186	-168
1186	-164
1185	-157
1186	-153
1189	-152
1194	-155
1197	-153
1193	-143
1192	-136
1193	-132
1197	-132
1201	-133
1205	-135
1209	-135
1213	-136
1217	-135
1219	-135
1222	-134
1225	-132
1228	-131
1234	-134
1271	-181
1275	-182
1279	-183
1283	-183
1286	-182
1289	-181
1291	-179
1295	-179
1303	-185
1312	-192
1314	-189
1317	-188
1320	-187
1322	-185
1325	-184
1324	-177
1324	-172
1325	-169
1328	-168
1333	-168
1336	-168
1342	-170
1345	-169
1348	-168
1351	-168
1356	-169
1359	-168
1363	-168
1367	-169
1371	-169
1376	-170
1379	-169
1384	-170
1387	-169
1390	-168
1393	-167
1398	-168
1402	-169
1407	-169
1411	-170
1412	-166
1414	-163
1416	-162
1418	-159
1419	-155
1422	-154
1429	-158
1444	-170
1449	-172
1451	-170
1454	-168
1458	-168
1460	-166
1464	-165
1472	-170
1475	-169
1476	-166
1479	-164
1483	-164
1484	-160
1485	-157
1488	-155
1494	-157
1501	-161
1507	-163
1515	-168
1517	-164
1525	-170
1529	-169
1536	-172
1547	-180
1557	-182
1547	-166
1550	-163
1548	-157
1550	-155
1552	-152
1555	-150
1558	-149
1562	-148
1568	-151
1574	-152
1575	-149
1578	-147
1580	-144
1582	-142
1583	-139
1587	-137
1589	-135
1591	-132
1594	-131
1597	-129
1601	-129
1609	-133
1617	-137
1622	-138
1628	-139
1633	-140
1638	-141
1643	-141
1646	-140
1648	-137
1653	-137
1658	-138
1664	-139
1674	-146
1679	-146
1682	-144
1685	-142
1688	-141
1693	-142
1696	-140
1700	-139
1705	-139
1709	-139
1714	-139
1720	-141
1727	-142
1731	-142
1735	-141
1738	-140
1741	-137
1744	-136
1751	-138
1755	-137
1761	-138
1764	-137
1767	-135
1770	-133
1773	-132
1776	-130
1778	-128
1781	-125
1785	-124
1790	-125
1799	-129
1808	-133
1811	-131
1814	-129
1815	-126
1819	-124
1824	-125
1830	-126
1836	-127
1846	-131
1845	-126
1849	-124
1852	-123
1855	-120
1859	-119
1862	-118
1866	-117
1871	-116
1876	-117
1881	-116
1884	-114
1885	-111
1888	-109
1891	-107
1898	-109
1912	-116
1918	-118
1915	-110
1922	-111
1924	-109
1925	-105
1927	-102
1935	-104
1951	-114
1955	-113
1960	-113
1963	-110
1965	-108
1970	-107
1980	-111
1982	-108
1984	-105
1984	-101
1987	-99
1994	-99
2000	-101
2004	-99
2008	-98
2012	-96
2017	-96
2026	-99
2030	-98
2035	-97
2043	-99
2049	-99
2050	-96
2053	-94
2058	-93
2067	-95
2071	-94
2074	-92
2077	-90
2080	-87
2083	-85
2084	-81
2085	-78
2087	-75
2091	-73
2105	-80
2110	-79
2114	-77
2118	-76
2121	-74
2126	-73
2131	-72
2136	-72
2142	-72
2144	-69
2148	-67
2151	-65
2154	-62
2161	-63
2171	-66
2180	-69
2185	-68
2188	-66
2190	-63
2246	-101
2253	-101
2219	-71
2242	-84
2255	-89
2257	-85
2260	-82
2257	-76
2256	-70
2258	-67
2261	-64
2263	-61
2264	-57
2264	-53
2265	-48
2266	-44
2264	-38
2263	-33
2264	-29
2265	-25
2267	-21
2266	-16
2267	-12
2268	-8
2267	-3
2268	1
2268	6
2267	11
2267	15
2268	20
2269	23
2270	27
2269	32
2269	37
2270	41
2271	45
2272	49
2274	52
2276	55
2275	60
2275	65
2275	70
2275	74
2276	78
2275	83
2276	87
2278	90
2280	93
2280	97
2280	102
2281	106
2282	109
2282	114
2283	118
2283	122
2283	126
2284	130
2285	134
2286	138
2285	143
2284	148
2286	151
2288	154
2288	158
2289	162
2290	166
2290	170
2291	174
2291	178
2291	183
2292	186
2294	189
2295	193
2295	197
2296	201
2296	205
2296	210
2296	214
2299	216
2300	220
2300	225
2301	228
2302	232
2303	235
2303	240
2303	244
2303	248
2304	251
2305	255
2306	259
2306	263
2307	267
2307	271
2308	275
2310	278
2310	281
2310	286
2309	291
2310	294
2311	298
2313	301
2314	305
2315	308
2317	311
2319	314
2320	318
2321	321
2323	324
2324	327
2325	331
2325	335
2325	339
2325	343
2325	347
2327	351
2329	354
2328	358
2329	362
2331	365
2333	368
2334	371
2335	375
2337	378
2336	383
2336	387
2336	390
2337	394
2336	399
2339	401
2340	404
2341	408
2341	412
2342	416
2344	419
2344	422
2344	427
2346	430
2345	434
2346	438
2347	441
2348	445
2349	448
2348	453
2348	456
2350	460
2351	463
2352	466
2353	470
2354	474
2355	477
2357	480
2358	483
2359	487
2359	491
2359	495
2358	499
2361	502
2362	505
2363	508
2363	512
2362	517
2362	520
2362	524
2362	528
2363	532
2366	534
2368	537
2369	540
2369	544
2368	549
2368	552
2370	556
2371	559
2373	562
2373	566
2371	570
2371	575
2372	578
2375	580
2376	584
2375	588
2374	592
2376	595
2377	598
2379	602
2380	605
2382	608
2380	612
2380	616
2379	620
2381	624
2381	627
2382	631
2382	634
2382	638
2383	642
2385	644
2386	648
2386	652
2387	655
2388	658
2389	662
2389	666
2391	668
2391	672
2392	676
2392	679
2393	683
2393	686
2394	690
2396	693
2396	696
2397	700
2398	703
2399	707
2398	710
2399	714
2399	718
2400	721
2401	724
2400	728
2400	732
2401	735
2402	739
2403	742
2403	746
2404	749
2404	753
2406	756
2407	759
2408	762
2411	765
2411	769
2411	772
2412	775
2413	779
2413	783
2413	786
2414	789
2414	793
2415	797
2415	800
2416	803
2417	807
2416	811
2418	814
2420	817
2420	820
2421	824
2421	827
2422	830
2423	834
2424	837
2425	840
2425	844
2426	847
2426	851
2426	854
2426	858
2426	862
2427	865
2429	868
2429	872
2429	875
2430	879
2431	882
2432	885
2433	888
2434	892
2434	895
2435	898
2435	902
2436	905
2439	908
2440	911
2440	915
2443	918
2444	921
2444	924
2445	928
2445	931
2445	935
2445	938
2447	941
2448	945
2448	948
2449	952
2449	955
2449	959
2451	962
2451	965
2452	969
2453	972
2453	975
2455	978
2456	982
2456	985
2456	989
2455	992
2457	995
2457	999
2458	1002
2458	1006
2458	1009
2459	1013
2461	1016
2462	1019
2462	1022
2463	1026
2463	1029
2464	1033
2464	1036
2465	1039
2465	1043
2465	1046
2467	1049
2468	1053
2468	1056
2469	1060
2471	1063
2470	1066
2469	1070
2470	1073
2471	1077
2472	1080
2471	1083
2472	1087
2472	1090
2473	1094
2474	1097
2475	1100
2475	1104
2476	1107
2476	1110
2476	1114
2476	1117
2477	1121
2479	1124
2478	1127
2479	1131
2481	1134
2480	1138
2479	1141
2480	1144
2481	1148
2481	1151
2482	1154
2482	1158
2482	1161
2482	1165
2483	1168
2483	1172
2482	1175
2484	1178
2485	1182
2485	1185
2486	1188
2487	1192
2488	1195
2488	1198
2488	1202
2487	1205
2488	1209
2487	1212
2489	1215
2491	1219
2492	1222
2489	1226
2489	1229
2490	1232
2491	1236
2491	1239
2492	1242
2492	1246
2491	1250
2492	1253
2494	1256
2494	1259
2494	1263
2495	1266
2496	1269
2497	1273
2494	1276
2495	1280
2496	1283
2497	1286
2497	1290
2497	1293
2497	1297
2499	1300
2500	1303
2500	1306
2500	1310
2501	1313
2501	1317
2502	1320
2502	1323
2503	1327
2503	1330
2505	1333
2504	1337
2503	1340
2503	1344
2504	1347
2505	1350
2505	1354
2506	1357
2506	1360
2507	1364
2508	1367
2508	1370
2509	1374
2509	1377
2510	1380
2511	1384
2510	1387
2511	1391
2510	1394
2511	1397
2512	1401
2512	1404
2513	1407
2513	1411
2514	1414
2515	1417
2514	1421
2514	1424
2515	1428
2515	1431
2514	1434
2514	1438
2513	1441
2515	1445
2517	1448
2516	1451
2515	1455
2516	1458
2516	1462
2517	1465
2518	1468
2519	1472
2519	1475
2518	1478
2520	1482
2520	1485
2520	1488
2518	1492
2519	1495
2518	1499
2518	1502
2516	1506
2516	1509
2516	1513
2516	1516
2516	1519
2517	1523
2518	1526
2518	1529
2517	1533
2518	1536
2518	1539
2520	1543
2521	1546
2522	1549
2522	1553
2521	1556
2521	1560
2522	1563
2522	1566
2522	1570
2523	1573
2523	1577
2526	1580
2527	1583
2526	1587
2526	1590
2526	1593
2527	1597
2528	1600
2527	1604
2526	1607
2526	1610
2528	1614
2529	1617
2529	1620
2529	1624
2530	1627
2530	1631
2530	1634
2529	1637
2529	1641
2532	1644
2532	1648
2532	1651
2532	1654
2533	1658
