2753	1659
2753	1662
2753	1666
2754	1670
2754	1673
2755	1677
2757	1685
2757	1688
2758	1692
2758	1696
2758	1699
2757	1703
2757	1707
2757	1710
2757	1714
2757	1718
2758	1721
2758	1725
2758	1729
2759	1733
2759	1736
2759	1740
2759	1744
2760	1747
2760	1751
2761	1755
2761	1758
2760	1762
2760	1766
2759	1769
2759	1773
2760	1777
2760	1781
2760	1784
2760	1788
2760	1792
2759	1795
2760	1799
2760	1803
2761	1806
2761	1810
2761	1814
2761	1818
2760	1821
2760	1825
2760	1829
2761	1832
2761	1836
2761	1840
2762	1844
2762	1847
2763	1851
2763	1855
2764	1859
2764	1862
2764	1866
2764	1870
2764	1873
2765	1877
2766	1881
2766	1885
2766	1888
2766	1892
2767	1896
2766	1900
2767	1903
2767	1907
2767	1911
2767	1915
2767	1918
2767	1922
2766	1926
2767	1929
2768	1933
2767	1937
2768	1941
2768	1944
2767	1948
2767	1952
2769	1956
2769	1959
2769	1963
2768	1967
2768	1971
2770	1975
2770	1978
2770	1982
2770	1986
2770	1990
2770	1993
2768	1997
2768	2001
2769	2004
2769	2008
2770	2012
2769	2016
2769	2019
2768	2023
2768	2027
2768	2031
2768	2034
2768	2038
2768	2042
2770	2046
2770	2050
2771	2053
2771	2057
2771	2061
2770	2065
2771	2069
2772	2073
2773	2076
2772	2080
2773	2084
2773	2088
2772	2091
2772	2095
2772	2099
2773	2103
2773	2107
2774	2111
2774	2114
2775	2118
2775	2122
2775	2126
2775	2130
2775	2134
2776	2138
2776	2141
2775	2145
2776	2149
2776	2153
2776	2157
2776	2160
2775	2164
2776	2168
2775	2172
2774	2175
2775	2179
2776	2183
2776	2187
2778	2191
2778	2195
2778	2199
2779	2203
2779	2207
2779	2211
2779	2215
2780	2219
2779	2222
2779	2226
2779	2230
2779	2234
2780	2238
2781	2242
2781	2246
2781	2250
2781	2254
2781	2258
2782	2261
2782	2265
2782	2269
2782	2273
2782	2277
2783	2281
2782	2285
2783	2289
2783	2293
2783	2297
2785	2301
2786	2305
2786	2309
2786	2313
2786	2317
2786	2321
2786	2325
2787	2329
2786	2332
2786	2336
2786	2340
2786	2344
2787	2348
2787	2352
2787	2356
2788	2361
2788	2365
2789	2369
2789	2372
2789	2376
2788	2380
2788	2384
2789	2388
2788	2392
2789	2396
2788	2400
2788	2404
2788	2408
2787	2412
2790	2416
2789	2420
2789	2424
2788	2428
2788	2432
2789	2436
2790	2440
2790	2444
2790	2448
2789	2452
2789	2456
2789	2460
2789	2464
2789	2468
2789	2472
2790	2476
2790	2480
2788	2484
2788	2488
2788	2492
2788	2496
2788	2500
2789	2504
2790	2509
2790	2513
2790	2517
2788	2520
2788	2524
2788	2528
2789	2533
2789	2537
2790	2541
2789	2545
2789	2549
2788	2553
2788	2557
2788	2561
2788	2565
2787	2569
2787	2573
2788	2577
2788	2581
2787	2585
2787	2589
2787	2593
2789	2598
2788	2602
2788	2606
2788	2610
2788	2614
2788	2618
2788	2622
2788	2627
2788	2631
2788	2635
2788	2639
2789	2643
2788	2647
2788	2651
2789	2656
2789	2660
2789	2664
2788	2668
2788	2672
2789	2677
2789	2681
2789	2685
2789	2690
2789	2694
2789	2698
2789	2702
2789	2706
2789	2711
2789	2715
2790	2719
2791	2724
2791	2728
2791	2732
2792	2737
2791	2741
2792	2745
2791	2749
2792	2754
2791	2758
2792	2762
2791	2766
2791	2770
2791	2775
2791	2779
2790	2783
2792	2788
2792	2792
2791	2796
2792	2801
2791	2805
2792	2809
2793	2814
2793	2819
2794	2823
2794	2828
2794	2832
2793	2836
2792	2840
2793	2845
2792	2849
2793	2854
2794	2858
2794	2863
2794	2867
2794	2871
2794	2876
2793	2880
2793	2884
2793	2888
2792	2893
2793	2897
2792	2901
2792	2906
2791	2910
2793	2915
2793	2919
2793	2924
2793	2928
2793	2932
2793	2937
2794	2942
2794	2946
2793	2951
2793	2955
2794	2960
2794	2964
2794	2969
2794	2973
2793	2978
2793	2982
2793	2986
2792	2990
2791	2995
2791	2999
2791	3004
2791	3008
2790	3012
2790	3017
2789	3021
2789	3025
2788	3029
2787	3034
2786	3038
2786	3042
2787	3047
2787	3052
2786	3056
2785	3060
2785	3065
2784	3069
2784	3073
2783	3077
2783	3082
2783	3087
2783	3091
2782	3095
2781	3100
2780	3104
2780	3108
2780	3113
2779	3118
2779	3122
2778	3126
2777	3130
2776	3135
2774	3138
2764	3138
2732	3126
2708	3118
2706	3121
2704	3125
2702	3129
2702	3133
2702	3138
2710	3147
2761	3179
2767	3187
2770	3193
2770	3197
2769	3202
2769	3207
2768	3211
2768	3215
2768	3220
2766	3224
2765	3228
2765	3233
2765	3238
2764	3242
2764	3247
2764	3252
2763	3256
2762	3261
2762	3265
2761	3269
2760	3274
2759	3278
2757	3282
2756	3286
2755	3290
2754	3295
2753	3299
2752	3303
2751	3308
2752	3313
2751	3317
2750	3322
2750	3327
2749	3331
2747	3335
2745	3339
2745	3343
2746	3349
2745	3353
2742	3357
2742	3362
2740	3365
2739	3370
2740	3375
2738	3380
2737	3384
2735	3388
2735	3393
2734	3397
2733	3401
2732	3406
2731	3410
2731	3415
2729	3419
2728	3423
2726	3428
2726	3432
2725	3437
2724	3441
2723	3446
2722	3451
2721	3455
2720	3460
2719	3464
2719	3469
2718	3474
2717	3478
2716	3483
2715	3487
2714	3491
2712	3496
2712	3500
2710	3505
2711	3510
2710	3515
2709	3519
2708	3524
2707	3529
2706	3533
2704	3537
2703	3541
2702	3546
2701	3551
2700	3555
2699	3560
2699	3565
2698	3570
2696	3574
2696	3579
2695	3584
2694	3589
2694	3593
2693	3598
2691	3602
2689	3606
2688	3611
2688	3616
2687	3621
2686	3625
2686	3631
2686	3637
2685	3641
2684	3646
2685	3652
2684	3656
2680	3659
2679	3664
2678	3669
2676	3673
2675	3678
2673	3681
2670	3685
2668	3689
2667	3693
2665	3698
2664	3703
2664	3708
2664	3713
2663	3718
2661	3722
2658	3726
2657	3730
2655	3734
2654	3739
2652	3743
2650	3747
2648	3751
2646	3756
2645	3760
2643	3765
2641	3769
2639	3773
2639	3778
2637	3782
2636	3787
2634	3791
2632	3796
2631	3801
2631	3806
2629	3810
2627	3814
2626	3819
2624	3823
2622	3828
2620	3832
2618	3836
2618	3842
2616	3847
2615	3851
2613	3855
2612	3860
2610	3864
2608	3869
2607	3874
2605	3878
2603	3882
2602	3887
2600	3892
2600	3897
2599	3902
2598	3907
2598	3913
2598	3919
2597	3925
2598	3931
2598	3937
2596	3942
2595	3946
2594	3952
2594	3958
2593	3963
2593	3969
2591	3973
2590	3979
2590	3984
2589	3990
2588	3995
2590	4003
2589	4008
2588	4014
2587	4018
2585	4023
2583	4028
2582	4033
2581	4038
2580	4044
2579	4049
2578	4054
2576	4059
2575	4064
2574	4070
2572	4074
2571	4079
2569	4083
2566	4087
2565	4092
2562	4096
2561	4102
2560	4106
2558	4111
2555	4115
2553	4119
2550	4124
2549	4129
2548	4134
2545	4138
2543	4142
2542	4148
2541	4153
2538	4157
2536	4162
2534	4166
2528	4167
2528	4173
2523	4175
2518	4197
2516	4201
2506	4198
2484	4183
2468	4174
2462	4174
2460	4179
2459	4184
2458	4190
2457	4195
2454	4199
2452	4204
2451	4209
2449	4214
2444	4216
2447	4225
2445	4229
2370	4160
2369	4165
2367	4170
2359	4169
2341	4156
2322	4143
2315	4142
2314	4148
2313	4153
2311	4158
2307	4160
2298	4157
2291	4156
2287	4158
2285	4163
2283	4167
2303	4195
2302	4200
2204	4103
2197	4101
2191	4101
2184	4100
2180	4102
2177	4105
2174	4108
2173	4114
2171	4118
2171	4124
2170	4129
2168	4134
2167	4139
2167	4146
2166	4150
2164	4155
2162	4159
2161	4164
2159	4169
2158	4175
2157	4180
2155	4185
2153	4189
2152	4194
2150	4199
2147	4202
2147	4208
2146	4213
2147	4222
2146	4227
2144	4231
2141	4236
2139	4239
2362	4506
2360	4511
2357	4515
2354	4519
2351	4523
2347	4526
2344	4530
2341	4534
2338	4537
2335	4541
2331	4545
2328	4549
2325	4553
2323	4558
2321	4564
2320	4569
2316	4573
2313	4576
2310	4581
2307	4585
2304	4590
2302	4594
2299	4598
2297	4603
2295	4609
2290	4610
2286	4613
2282	4616
2273	4613
2266	4612
2261	4614
2257	4617
2254	4620
2250	4624
2247	4627
2243	4630
2239	4633
2234	4635
2230	4638
2227	4642
2223	4645
2219	4647
2216	4651
2214	4657
2213	4664
2210	4668
2207	4671
2205	4678
2203	4683
2202	4689
2202	4698
2204	4709
2205	4719
2203	4723
2199	4727
2196	4731
2192	4734
2188	4738
2185	4741
2182	4746
2179	4750
2175	4753
2172	4757
2168	4761
2164	4764
2160	4767
2157	4770
2154	4775
2151	4779
2149	4785
2145	4789
2141	4791
2138	4795
2134	4798
2130	4801
2126	4804
2122	4807
2117	4809
2113	4812
2109	4815
2105	4818
2100	4820
2095	4820
2090	4823
2088	4828
2084	4831
2081	4836
2077	4839
2073	4842
2070	4846
2067	4850
2063	4854
2059	4857
2057	4863
2054	4867
2050	4871
2047	4875
2044	4880
2040	4882
2036	4886
2033	4889
2029	4893
2025	4896
2021	4898
2015	4900
2011	4902
2007	4905
2003	4909
2000	4913
1995	4915
1991	4917
1986	4919
1983	4923
1978	4925
1975	4929
1971	4933
1968	4938
1965	4941
1961	4946
1958	4950
1953	4951
1948	4953
1943	4954
1939	4957
1935	4960
1931	4964
1927	4967
1923	4969
1918	4972
1915	4975
1911	4979
1907	4981
1901	4981
1895	4982
1892	4985
1888	4990
1884	4992
1880	4996
1876	4999
1872	5002
1869	5006
1864	5008
1859	5009
1855	5013
1851	5015
1847	5018
1843	5022
1840	5026
1836	5029
1832	5033
1827	5035
1823	5038
1818	5039
1813	5041
1808	5042
1804	5045
1800	5047
1795	5050
1790	5051
1786	5054
1782	5057
1778	5060
1773	5061
1766	5059
1760	5060
1756	5062
1753	5066
1749	5070
1745	5073
1740	5074
1736	5077
1730	5078
1725	5078
1721	5081
1717	5084
1713	5087
1709	5091
1706	5096
1702	5100
1698	5103
1694	5107
1692	5113
1690	5119
1686	5124
1681	5126
1677	5128
1673	5131
1668	5133
1663	5135
1659	5138
1655	5140
1651	5144
1646	5146
1642	5148
1636	5148
1632	5150
1627	5153
1622	5153
1616	5153
1612	5157
1608	5160
1604	5163
1599	5165
1595	5167
1590	5169
1586	5172
1582	5175
1577	5177
1573	5180
1568	5182
1564	5184
1560	5187
1555	5189
1550	5191
1545	5191
1540	5192
1535	5193
1530	5196
1525	5197
1521	5199
1516	5200
1511	5202
1506	5203
1502	5206
1497	5208
1493	5211
1489	5213
1484	5216
1480	5219
1475	5221
1471	5224
1465	5224
1461	5225
1456	5227
1452	5230
1447	5232
1443	5234
1438	5236
1434	5240
1425	5231
1419	5230
1413	5228
1407	5227
1400	5225
1395	5225
1390	5226
1386	5230
1382	5233
1379	5238
1378	5250
1380	5267
1376	5271
1371	5273
1367	5276
1362	5278
1358	5280
1353	5283
1348	5285
1344	5286
1339	5288
1335	5291
1331	5296
1327	5300
1323	5303
1319	5306
1314	5308
1310	5311
1305	5313
1301	5316
1295	5316
1290	5317
1285	5318
1280	5319
1276	5322
1272	5325
1267	5327
1261	5326
1256	5326
1250	5326
1246	5327
1241	5330
1236	5332
1232	5335
1228	5338
1223	5340
1218	5339
1213	5341
1208	5343
1203	5343
1197	5343
1192	5344
1187	5343
1181	5342
1175	5340
1170	5341
1165	5344
1161	5346
1157	5349
1151	5349
1146	5350
1142	5351
1137	5354
1132	5356
1127	5356
1122	5358
1117	5358
1113	5361
1105	5355
1097	5345
1088	5332
1078	5317
1068	5303
1060	5294
1055	5293
1050	5294
1070	5377
1040	5296
1036	5298
1031	5298
1025	5297
1020	5297
1016	5301
1011	5301
1006	5303
1001	5303
996	5304
992	5308
988	5311
984	5314
979	5317
975	5320
970	5321
966	5325
963	5331
958	5333
953	5333
948	5335
944	5337
939	5340
935	5343
931	5348
928	5354
924	5360
921	5367
917	5373
913	5376
908	5376
901	5371
895	5367
890	5366
883	5361
878	5360
886	5413
882	5416
878	5420
873	5424
869	5425
848	5363
846	5375
846	5398
845	5415
842	5423
837	5425
832	5425
827	5426
823	5428
819	5434
814	5435
809	5434
804	5436
799	5436
794	5436
758	5301
753	5300
748	5301
743	5301
738	5302
762	5434
757	5436
753	5438
747	5436
742	5439
738	5440
733	5441
728	5441
723	5442
717	5442
712	5441
707	5440
702	5442
698	5446
693	5450
688	5450
683	5447
678	5447
673	5452
633	5271
628	5269
623	5267
616	5256
649	5457
594	5192
589	5192
587	5203
585	5221
583	5237
580	5247
577	5254
573	5261
569	5265
565	5267
560	5266
555	5266
549	5261
577	5456
572	5456
513	5133
508	5131
504	5130
498	5124
492	5116
487	5111
483	5114
478	5116
474	5117
469	5118
465	5121
462	5128
458	5132
453	5132
449	5132
444	5132
439	5131
435	5132
430	5133
426	5134
421	5136
417	5136
412	5134
407	5135
404	5142
399	5141
394	5134
387	5121
383	5123
380	5134
376	5144
372	5144
367	5144
363	5147
358	5146
354	5145
349	5141
342	5128
337	5119
335	5141
331	5152
327	5151
322	5146
352	5469
312	5138
307	5139
302	5134
296	5124
292	5124
289	5141
308	5376
304	5390
307	5470
302	5466
296	5462
293	5474
288	5475
252	5140
248	5140
243	5140
239	5140
234	5140
230	5139
225	5140
220	5140
216	5139
211	5137
233	5477
202	5130
189	5027
185	5028
181	5028
176	5025
171	5017
167	5022
163	5023
158	5021
153	5011
148	5006
144	5005
140	5003
135	4999
130	4996
126	5001
122	5003
118	5004
113	5005
109	5009
105	5019
101	5022
97	5022
92	5022
88	5025
84	5028
80	5029
75	5028
71	5025
70	5129
66	5147
74	5479
68	5476
63	5474
58	5472
53	5468
48	5468
43	5466
38	5460
33	5456
28	5455
23	5456
18	5459
14	5459
9	5457
4	5460
-1	5462
-6	5463
-11	5463
-16	5463
-21	5463
-26	5461
-31	5462
-36	5462
-41	5461
-46	5460
-51	5458
-56	5456
-61	5455
-66	5453
-70	5451
-75	5448
-80	5448
-85	5449
-90	5449
-95	5450
-100	5449
-105	5447
-110	5445
-115	5444
-120	5446
-125	5449
-130	5450
-135	5449
-139	5446
-144	5441
-149	5438
-154	5437
-159	5437
-164	5436
-169	5435
-174	5436
-179	5437
-183	5436
-188	5436
-193	5436
-198	5436
-203	5434
-208	5431
-212	5419
-217	5409
-221	5406
-226	5406
-231	5404
-236	5400
-241	5399
-245	5397
-250	5394
-255	5391
-260	5394
-265	5403
-271	5416
-276	5421
-281	5420
-286	5420
-291	5420
-296	5420
-301	5420
-305	5420
-310	5421
-315	5421
-320	5420
-325	5420
-330	5418
-335	5414
-339	5413
-344	5413
-349	5413
-354	5416
-360	5420
-364	5420
-369	5418
-374	5417
-379	5415
-383	5412
-388	5411
-393	5411
-398	5411
-403	5413
-408	5413
-413	5411
-417	5407
-422	5406
-427	5403
-432	5401
-436	5398
-441	5396
-446	5395
-451	5395
-428	5132
-432	5127
-436	5126
-440	5125
-445	5123
-449	5117
-453	5115
-475	5264
-480	5264
-484	5262
-489	5264
-494	5265
-499	5265
-503	5264
-508	5265
-513	5265
-518	5264
-522	5265
-527	5265
-532	5265
-537	5266
-542	5266
-547	5267
-551	5266
-556	5266
-561	5268
-566	5268
-570	5266
-575	5263
-579	5258
-583	5254
-588	5253
-593	5255
-599	5263
-620	5369
-624	5369
-629	5368
-634	5367
-639	5366
-643	5364
-648	5363
-652	5359
-657	5355
-661	5354
-666	5352
-671	5350
-675	5348
-680	5346
-684	5342
-689	5339
-693	5339
-698	5339
-703	5338
-708	5335
-713	5336
-718	5339
-723	5338
-728	5338
-733	5339
-738	5340
-743	5341
-748	5339
-752	5337
-757	5336
-762	5334
-766	5332
-771	5332
-776	5333
-782	5334
-786	5333
-791	5332
-796	5331
-800	5329
-805	5329
-810	5329
-815	5326
-819	5324
-824	5323
-829	5322
-834	5321
-838	5319
-843	5319
-848	5319
-853	5319
-857	5316
-862	5314
-866	5312
-871	5310
-876	5310
-881	5310
-886	5310
-890	5308
-895	5306
-900	5305
-905	5306
-910	5306
-915	5306
-920	5305
-924	5302
-928	5299
-933	5298
-938	5297
-943	5297
-947	5295
-952	5293
-956	5291
-961	5290
-966	5289
-971	5288
-976	5287
-980	5285
-984	5283
-989	5281
-994	5280
-998	5278
-1003	5276
-1007	5273
-1012	5271
-1016	5270
-1021	5268
-1026	5267
-1030	5266
-1035	5266
-1040	5266
-1045	5264
-1050	5263
-1054	5261
-1059	5259
-1063	5255
-1068	5255
-1072	5254
-1077	5252
-1082	5252
-1087	5252
-1092	5251
-1097	5251
-1102	5251
-1107	5250
-1111	5249
-1116	5248
-1121	5247
-1126	5246
-1131	5246
-1136	5247
-1140	5244
-1145	5243
-1150	5241
-1155	5241
-1159	5239
-1164	5239
-1170	5239
-1175	5239
-1179	5238
-1184	5237
-1189	5235
-1194	5235
-1198	5233
-1203	5231
-1208	5230
-1213	5232
-1218	5232
-1223	5232
-1228	5230
-1233	5229
-1237	5226
-1241	5224
-1246	5221
-1250	5218
-1253	5213
-1258	5211
-1262	5208
-1266	5206
-1270	5201
-1274	5199
-1279	5197
-1283	5196
-1288	5193
-1292	5190
-1296	5189
-1301	5186
-1305	5184
-1310	5182
-1314	5179
-1318	5177
-1322	5173
-1326	5171
-1331	5169
-1336	5168
-1341	5169
-1347	5171
-1352	5171
-1357	5169
-1361	5168
-1366	5167
-1371	5166
-1376	5164
-1380	5163
-1385	5162
-1390	5160
-1394	5159
-1399	5157
-1404	5156
-1408	5154
-1413	5154
-1419	5155
-1424	5155
-1430	5157
-1436	5159
-1441	5158
-1447	5159
-1452	5159
-1458	5160
-1462	5158
-1467	5156
-1471	5153
-1475	5151
-1479	5148
-1484	5146
-1489	5146
-1496	5149
-1500	5147
-1505	5145
-1509	5142
-1514	5141
-1519	5140
-1524	5139
-1529	5138
-1533	5137
-1538	5136
-1543	5135
-1548	5133
-1552	5131
-1557	5129
-1561	5128
-1567	5128
-1573	5129
-1578	5128
-1582	5126
-1587	5124
-1591	5122
-1596	5120
-1600	5117
-1603	5113
-1607	5108
-1610	5105
-1614	5101
-1619	5100
-1624	5099
-1629	5098
-1632	5094
-1635	5089
-1639	5085
-1643	5082
-1647	5079
-1651	5076
-1655	5073
-1660	5072
-1664	5069
-1667	5063
-1669	5057
-1673	5053
-1677	5050
-1681	5047
-1686	5046
-1691	5045
-1696	5045
-1701	5043
-1705	5041
-1709	5038
-1713	5035
-1716	5031
-1720	5027
-1724	5025
-1729	5024
-1734	5022
-1739	5022
-1744	5021
-1748	5018
-1753	5016
-1757	5014
-1762	5013
-1766	5010
-1770	5007
-1774	5004
-1778	5002
-1782	4999
-1787	4997
-1791	4993
-1794	4990
-1799	4988
-1803	4985
-1807	4983
-1811	4980
-1815	4977
-1819	4974
-1823	4972
-1827	4968
-1831	4965
-1835	4963
-1838	4959
-1842	4956
-1846	4952
-1850	4950
-1854	4947
-1858	4944
-1862	4940
-1865	4937
-1869	4934
-1873	4930
-1876	4927
-1881	4924
-1885	4923
-1889	4919
-1894	4918
-1898	4916
-1904	4916
-1908	4913
-1912	4910
-1915	4906
-1919	4903
-1923	4901
-1927	4898
-1931	4895
-1935	4892
-1938	4888
-1942	4884
-1945	4881
-1950	4879
-1954	4877
-1958	4874
-1962	4871
-1965	4867
-1968	4863
-1972	4859
-1976	4856
-1980	4853
-1984	4851
-1989	4849
-1992	4845
-1995	4842
-2000	4840
-2005	4838
-2009	4837
-2012	4832
-2015	4828
-2019	4825
-2024	4823
-2028	4821
-2032	4818
-2035	4814
-2039	4811
-2043	4808
-2048	4807
-2052	4805
-2056	4802
-2061	4800
-2064	4796
-2067	4792
-2070	4788
-2074	4785
-2078	4782
-2083	4780
-2087	4778
-2090	4774
-2094	4771
-2097	4767
-2102	4766
-2108	4765
-2111	4762
-2115	4758
-2119	4756
-2124	4755
-2127	4751
-2131	4748
-2135	4745
-2138	4741
-2143	4739
-2145	4735
-2150	4733
-2153	4729
-2157	4727
-2162	4725
-2165	4720
-2168	4717
-2173	4715
-2176	4711
-2180	4708
-2183	4705
-2187	4702
-2191	4699
-2194	4694
-2196	4689
-2198	4684
-2201	4679
-2204	4676
-2208	4673
-2211	4669
-2213	4664
-2217	4660
-2220	4657
-2223	4653
-2226	4649
-2229	4644
-2232	4640
-2235	4637
-2239	4633
-2242	4630
-2245	4626
-2249	4623
-2252	4619
-2255	4615
-2258	4611
-2260	4606
-2263	4601
-2265	4597
-2269	4593
-2272	4590
-2276	4587
-2279	4583
-2281	4578
-2284	4574
-2287	4570
-2290	4567
-2294	4564
-2298	4561
-2302	4558
-2305	4555
-2308	4551
-2312	4547
-2315	4544
-2317	4538
-2320	4535
-2323	4532
-2327	4528
-2330	4525
-2334	4522
-2338	4519
-2341	4516
-2344	4511
-2346	4507
-2349	4503
-2352	4499
-2353	4492
-2356	4489
-2359	4485
-2362	4481
-2366	4479
-2367	4473
-2369	4467
-2372	4464
-2375	4460
-2376	4454
-2378	4448
-2381	4445
-2386	4443
-2391	4442
-2393	4437
-2394	4431
-2397	4427
-2400	4423
-2402	4419
-2404	4413
-2406	4409
-2408	4403
-2409	4398
-2413	4395
-2416	4392
-2419	4387
-2421	4384
-2426	4381
-2429	4378
-2431	4373
-2434	4370
-2436	4364
-2437	4358
-2439	4354
-2442	4350
-2444	4346
-2447	4342
-2450	4338
-2453	4335
-2457	4332
-2460	4328
-2461	4322
-2462	4316
-2465	4313
-2467	4309
-2470	4304
-2472	4300
-2476	4297
-2480	4295
-2483	4291
-2486	4288
-2487	4281
-2487	4275
-2489	4271
-2493	4268
-2495	4264
-2499	4260
-2502	4257
-2504	4253
-2505	4246
-2507	4242
-2510	4239
-2513	4235
-2516	4231
-2519	4228
-2522	4224
-2526	4222
-2530	4219
-2533	4215
-2532	4209
-2532	4202
-2533	4196
-2535	4192
-2538	4188
-2537	4180
-2540	4176
-2544	4174
-2548	4172
-2550	4167
-2552	4163
-2554	4158
-2555	4153
-2559	4150
-2561	4146
-2564	4143
-2568	4139
-2569	4134
-2568	4127
-2569	4122
-2570	4117
-2573	4113
-2575	4109
-2578	4105
-2580	4101
-2583	4097
-2584	4092
-2585	4087
-2587	4082
-2589	4078
-2592	4074
-2595	4071
-2600	4069
-2604	4067
-2607	4063
-2604	4054
-2606	4050
-2609	4046
-2612	4042
-2614	4038
-2385	3822
-2389	3820
-2393	3818
-2399	3818
-2405	3818
-2410	3817
-2414	3815
-2417	3812
-2416	3805
-2415	3799
-2426	3803
-2445	3814
-2451	3814
-2456	3813
-2461	3811
-2466	3811
-2472	3810
-2478	3810
-2484	3809
-2490	3809
-2495	3808
-2500	3807
-2506	3807
-2512	3806
-2517	3805
-2524	3805
-2533	3807
-2538	3806
-2544	3805
-2549	3804
-2556	3804
-2561	3803
-2567	3802
-2572	3801
-2578	3801
-2585	3801
-2591	3800
-2597	3800
-2603	3799
-2608	3798
-2612	3795
-2612	3790
-2613	3784
-2623	3787
-2637	3793
-2646	3795
-2652	3794
-2659	3794
-2666	3794
-2671	3793
-2677	3792
-2682	3790
-2687	3789
-2691	3786
-2687	3778
-2684	3769
-2692	3770
-2707	3776
-2709	3773
-2712	3769
-2714	3765
-2716	3761
-2717	3756
-2717	3751
-2719	3746
-2720	3741
-2722	3738
-2729	3738
-2740	3741
-2746	3740
-2747	3735
-2750	3731
-2753	3728
-2754	3723
-2754	3718
-2756	3714
-2759	3710
-2761	3706
-2762	3702
-2765	3698
-2766	3694
-2767	3689
-2770	3685
-2772	3682
-2775	3678
-2776	3673
-2778	3670
-2779	3665
-2780	3660
-2783	3657
-2784	3652
-2786	3648
-2788	3644
-2788	3639
-2789	3634
-2789	3629
-2788	3623
-2790	3618
-2794	3616
-2795	3611
-2793	3605
-2793	3600
-2793	3594
-2793	3589
-2795	3585
-2796	3580
-2796	3575
-2797	3570
-2797	3565
-2798	3561
-2800	3556
-2802	3552
-2802	3548
-2803	3543
-2804	3538
-2805	3534
-2808	3530
-2809	3526
-2809	3520
-2811	3517
-2812	3513
-2813	3508
-2815	3504
-2815	3499
-2815	3494
-2815	3489
-2815	3483
-2817	3479
-2819	3476
-2820	3471
-2822	3467
-2823	3463
-2825	3459
-2826	3455
-2825	3449
-2827	3445
-2829	3441
-2830	3437
-2829	3431
-2830	3427
-2831	3423
-2833	3418
-2834	3414
-2835	3410
-2835	3404
-2835	3400
-2837	3396
-2839	3392
-2839	3387
-2841	3383
-2842	3379
-2844	3375
-2847	3372
-2849	3368
-2850	3364
-2851	3360
-2852	3355
-2852	3350
-2853	3345
-2855	3342
-2854	3336
-2855	3332
-2856	3328
-2857	3323
-2858	3319
-2859	3315
-2860	3311
-2860	3305
-2862	3302
-2865	3299
-2865	3294
-2866	3289
-2868	3286
-2869	3281
-2870	3277
-2871	3273
-2872	3268
-2871	3263
-2872	3259
-2872	3254
-2872	3249
-2873	3245
-2874	3241
-2874	3236
-2874	3231
-2875	3227
-2875	3222
-2876	3218
-2877	3214
-2877	3209
-2876	3203
-2877	3199
-2878	3195
-2879	3191
-2880	3187
-2880	3182
-2881	3178
-2883	3174
-2884	3170
-2885	3165
-2885	3161
-2885	3156
-2885	3152
-2884	3147
-2885	3142
-2886	3138
-2887	3134
-2886	3129
-2886	3124
-2887	3120
-2887	3115
-2888	3111
-2889	3107
-2890	3103
-2891	3099
-2891	3094
-2892	3090
-2893	3086
-2894	3081
-2893	3076
-2891	3071
-2891	3066
-2893	3063
-2893	3058
-2892	3053
-2893	3049
-2893	3044
-2894	3040
-2895	3036
-2895	3032
-2895	3027
-2896	3023
-2897	3019
-2897	3015
-2898	3010
-2896	3005
-2898	3001
-2898	2997
-2898	2992
-2897	2988
-2897	2983
-2897	2979
-2896	2974
-2896	2969
-2898	2965
-2899	2962
-2901	2958
-2903	2954
-2903	2950
-2905	2946
-2905	2942
-2906	2938
-2904	2932
-2903	2927
-2903	2923
-2906	2920
-2905	2915
-2906	2911
-2905	2906
-2904	2902
-2904	2897
-2903	2893
-2903	2888
-2902	2883
-2901	2878
-2899	2873
-2897	2868
-2896	2863
-2894	2858
-2895	2854
-2899	2851
-2898	2846
-2897	2842
-2898	2838
-2897	2833
-2896	2829
-2896	2824
-2892	2818
-2892	2814
-2891	2809
-2889	2804
-2888	2800
-2890	2796
-2892	2793
-2897	2790
-2895	2785
-2895	2781
-2894	2776
-2892	2771
-2888	2765
-2886	2760
-2886	2756
-2886	2752
-2884	2747
-2883	2742
-2883	2738
-2882	2734
-2880	2729
-2881	2725
-2881	2721
-2880	2716
-2878	2711
-2878	2707
-2878	2703
-2878	2699
-2877	2694
-2876	2690
-2879	2686
-2881	2683
-2880	2679
-2880	2674
-2874	2668
-2874	2664
-2875	2660
-2875	2656
-2877	2653
-2875	2648
-2874	2644
-2873	2639
-2871	2634
-2871	2630
-2870	2626
-2871	2622
-2871	2618
-2872	2614
-2871	2610
-2868	2604
-2868	2601
-2868	2597
-2867	2592
-2868	2588
-2867	2584
-2866	2580
-2865	2575
-2865	2571
-2865	2567
-2862	2562
-2859	2557
-2860	2553
-2858	2549
-2857	2545
-2853	2540
-2853	2535
-2852	2531
-2850	2527
-2848	2522
-2846	2517
-2844	2513
-2844	2509
-2844	2505
-2843	2501
-2843	2497
-2843	2493
-2842	2488
-2841	2484
-2839	2480
-2837	2475
-2837	2471
-2838	2468
-2838	2464
-2837	2460
-2837	2456
-2837	2452
-2837	2448
-2837	2444
-2837	2440
-2837	2436
-2837	2432
-2836	2428
-2835	2424
-2834	2420
-2833	2415
-2832	2411
-2830	2407
-2829	2403
-2829	2399
-2829	2395
-2830	2391
-2829	2387
-2826	2383
-2825	2379
-2826	2375
-2825	2371
-2825	2367
-2825	2363
-2825	2360
-2821	2355
-2821	2351
-2821	2347
-2821	2343
-2822	2340
-2822	2336
-2822	2332
-2819	2328
-2819	2324
-2820	2320
-2819	2316
-2819	2312
-2819	2308
-2819	2305
-2818	2301
-2817	2297
-2816	2293
-2813	2288
-2811	2284
-2811	2280
-2809	2276
-2806	2272
-2805	2268
-2805	2264
-2803	2260
-2803	2256
-2802	2252
-2801	2248
-2798	2244
-2796	2240
-2795	2236
-2795	2232
-2794	2228
-2794	2224
-2793	2220
-2793	2217
-2792	2213
-2792	2209
-2791	2205
-2792	2202
-2792	2198
-2791	2194
-2789	2190
-2789	2186
-2788	2183
-2786	2178
-2785	2174
-2783	2171
-2782	2167
-2782	2163
-2782	2159
-2783	2156
-2782	2152
-2778	2148
-2778	2144
-2779	2141
-2781	2137
-2780	2133
-2777	2129
-2776	2125
-2776	2122
-2776	2118
-2774	2114
-2774	2110
-2775	2107
-2774	2103
-2773	2099
-2772	2096
-2772	2092
-2773	2088
-2770	2084
-2769	2081
-2769	2077
-2769	2073
-2767	2070
-2768	2066
-2768	2062
-2768	2059
-2766	2055
-2764	2051
-2763	2047
-2764	2044
-2763	2040
-2763	2036
-2761	2033
-2761	2029
-2759	2025
-2758	2022
-2760	2018
-2760	2015
-2759	2011
-2758	2007
-2758	2004
-2757	2000
-2756	1996
-2757	1993
-2756	1989
-2753	1985
-2752	1981
-2752	1978
-2753	1974
-2751	1971
-2752	1967
-2752	1964
-2752	1960
-2749	1956
-2744	1952
-2740	1948
-2742	1945
-2742	1941
-2738	1937
-2735	1934
-2735	1930
-2735	1926
-2733	1923
-2731	1919
-2730	1916
-2728	1912
-2727	1908
-2726	1905
-2725	1901
-2723	1897
-2722	1894
-2722	1890
-2721	1887
-2720	1883
-2719	1880
-2718	1876
-2715	1872
-2714	1869
-2713	1865
-2713	1862
-2712	1858
-2710	1854
-2709	1851
-2708	1847
-2707	1844
-2707	1840
-2707	1837
-2707	1833
-2705	1830
-2705	1826
-2704	1823
-2703	1819
-2702	1816
-2701	1812
-2702	1809
-2701	1805
-2700	1802
-2699	1798
-2698	1795
-2696	1791
-2695	1788
-2695	1784
-2694	1781
-2693	1777
-2692	1774
-2691	1770
-2690	1767
-2690	1764
-2689	1760
-2689	1757
-2689	1753
-2689	1750
-2688	1746
-2686	1743
-2686	1739
-2684	1736
-2681	1732
-2681	1729
-2681	1725
-2682	1722
-2682	1719
-2680	1715
-2678	1712
-2679	1708
-2678	1705
-2676	1701
-2675	1698
-2674	1695
-2671	1691
-2670	1688
-2670	1684
-2670	1681
-2669	1677
-2668	1674
-2666	1671
-2666	1667
-2665	1664
-2665	1660
-2665	1657
-2664	1654
-2663	1650
-2662	1647
-2662	1643
-2661	1640
-2658	1637
-2657	1633
-2657	1630
-2656	1627
-2657	1623
-2656	1620
-2654	1616
-2653	1613
-2651	1610
-2651	1606
-2652	1603
-2652	1599
-2650	1596
-2650	1593
-2651	1589
-2650	1586
-2648	1583
-2648	1579
-2647	1576
-2646	1573
-2648	1569
-2646	1566
-2644	1562
-2641	1559
-2639	1556
-2639	1553
-2639	1549
-2639	1546
-2639	1542
-2637	1539
-2636	1536
-2636	1532
-2636	1529
-2636	1526
-2634	1522
-2632	1519
-2632	1516
-2631	1512
-2628	1509
-2627	1506
-2626	1503
-2625	1499
-2625	1496
-2623	1493
-2624	1489
-2623	1486
-2623	1483
-2621	1479
-2620	1476
-2620	1473
-2617	1470
-2616	1466
-2616	1463
-2614	1460
-2613	1456
-2613	1453
-2613	1450
-2613	1446
-2612	1443
-2611	1440
-2608	1437
-2607	1433
-2606	1430
-2606	1427
-2606	1423
-2605	1420
-2604	1417
-2604	1414
-2602	1410
-2600	1407
-2599	1404
-2597	1401
-2594	1398
-2594	1395
-2595	1391
-2593	1388
-2594	1384
-2592	1381
-2591	1378
-2591	1375
-2589	1372
-2589	1368
-2587	1365
-2586	1362
-2586	1359
-2585	1355
-2585	1352
-2583	1349
-2581	1346
-2580	1342
-2579	1339
-2577	1336
-2577	1333
-2577	1330
-2575	1326
-2575	1323
-2573	1320
-2573	1317
-2572	1313
-2571	1310
-2569	1307
-2570	1304
-2570	1300
-2571	1297
-2569	1294
-2567	1291
-2566	1287
-2570	1284
-2569	1280
-2569	1277
-2566	1274
-2562	1271
-2560	1268
-2559	1265
-2560	1262
-2559	1258
-2558	1255
-2557	1252
-2558	1248
-2558	1245
-2557	1242
-2554	1239
-2552	1236
-2550	1233
-2550	1230
-2553	1226
-2551	1223
-2549	1220
-2550	1216
-2547	1213
-2547	1210
-2547	1207
-2546	1203
-2547	1200
-2544	1197
-2543	1194
-2542	1191
-2538	1188
-2536	1185
-2535	1182
-2534	1179
-2534	1176
-2533	1172
-2532	1169
-2530	1166
-2528	1163
-2527	1160
-2528	1157
-2527	1153
-2528	1150
-2528	1146
-2527	1143
-2527	1140
-2525	1137
-2524	1134
-2523	1130
-2522	1127
-2520	1124
-2519	1121
-2517	1118
-2516	1115
-2516	1112
-2515	1109
-2513	1106
-2511	1103
-2512	1099
-2510	1096
-2509	1093
-2509	1090
-2508	1086
-2507	1083
-2506	1080
-2506	1077
-2505	1074
-2505	1070
-2504	1067
-2502	1064
-2501	1061
-2500	1058
-2499	1055
-2499	1051
-2499	1048
-2498	1045
-2497	1042
-2496	1038
-2494	1036
-2494	1032
-2493	1029
-2492	1026
-2491	1023
-2490	1020
-2490	1016
-2488	1013
-2489	1010
-2488	1007
-2486	1004
-2484	1001
-2483	998
-2482	994
-2481	991
-2479	988
-2478	985
-2478	982
-2477	979
-2475	976
-2474	973
-2475	969
-2474	966
-2473	963
-2473	959
-2472	956
-2471	953
-2470	950
-2466	948
-2465	945
-2465	941
-2464	938
-2461	935
-2459	933
-2457	930
-2457	926
-2455	924
-2454	921
-2453	917
-2453	914
-2452	911
-2451	907
-2452	904
-2451	901
-2449	898
-2447	895
-2446	892
-2446	888
-2446	885
-2447	881
-2446	878
-2446	875
-2445	871
-2444	868
-2442	866
-2441	862
-2438	860
-2436	857
-2435	854
-2434	851
-2435	847
-2434	844
-2433	841
-2432	838
-2431	834
-2431	831
-2430	828
-2429	824
-2428	821
-2427	818
-2426	815
-2426	812
-2424	809
-2423	806
-2422	802
-2421	799
-2420	796
-2419	793
-2416	791
-2414	788
-2414	784
-2415	781
-2415	777
-2414	774
-2413	771
-2411	768
-2410	765
-2408	762
-2407	759
-2406	756
-2405	752
-2405	749
-2404	746
-2402	743
-2401	740
-2401	736
-2399	734
-2396	731
-2397	727
-2395	725
-2394	721
-2392	718
-2391	715
-2392	712
-2391	708
-2390	705
-2390	702
-2387	699
-2385	696
-2384	693
-2384	690
-2382	687
-2380	684
-2380	681
-2379	677
-2379	674
-2378	670
-2377	667
-2376	664
-2374	661
-2373	658
-2372	655
-2372	651
-2372	648
-2370	645
-2370	642
-2369	638
-2369	635
-2369	631
-2368	628
-2368	624
-2365	622
-2362	620
-2362	616
-2361	613
-2361	609
-2360	606
-2358	603
-2356	600
-2355	597
-2354	594
-2355	590
-2354	587
-2353	584
-2352	580
-2352	577
-2349	574
-2348	571
-2346	568
-2349	563
-2347	560
-2346	557
-2344	554
-2342	552
-2341	548
-2340	545
-2339	542
-2338	539
-2337	536
-2335	533
-2334	530
-2332	527
-2332	523
-2331	520
-2331	516
-2329	513
-2328	510
-2327	507
-2325	504
-2324	501
-2322	498
-2320	496
-2320	492
-2319	488
-2319	485
-2318	481
-2317	478
-2317	475
-2315	472
-2314	468
-2314	465
-2312	462
-2309	459
-2309	456
-2309	452
-2307	449
-2305	447
-2304	443
-2302	440
-2301	437
-2300	434
-2299	431
-2298	428
-2296	425
-2294	422
-2293	419
-2291	416
-2289	413
-2288	410
-2287	407
-2287	403
-2285	400
-2284	397
-2282	394
-2280	391
-2280	387
-2281	383
-2280	379
-2279	376
-2279	373
-2278	369
-2276	366
-2274	363
-2273	360
-2272	357
-2273	352
-2272	349
-2272	345
-2267	344
-2267	340
-2266	337
-2264	334
-2264	330
-2263	327
-2262	323
-2259	321
-2257	318
-2255	316
-2251	314
-2249	312
-2247	309
-2249	303
-2249	299
-2247	297
-2247	293
-2247	289
-2244	286
-2242	284
-2241	281
-2241	276
-2239	273
-2238	270
-2237	267
-2236	264
-2235	260
-2234	256
-2232	254
-2230	251
-2231	246
-2229	243
-2227	241
-2226	238
-2225	234
-2224	230
-2223	227
-2222	224
-2221	220
-2220	217
-2219	213
-2215	212
-2213	209
-2212	205
-2211	202
-2209	199
-2208	196
-2208	192
-2207	188
-2206	185
-2204	182
-2201	180
-2202	175
-2200	172
-2200	168
-2198	165
-2197	161
-2195	159
-2193	156
-2192	153
-2190	150
-2188	147
-2187	144
-2186	140
-2185	136
-2184	133
-2182	130
-2181	127
-2180	123
-2179	119
-2177	117
-2176	113
-2174	111
-2170	109
-2169	106
-2167	103
-2165	99
-2164	96
-2162	93
-2162	89
-2161	85
-2160	82
-2159	78
-2159	74
-2157	71
-2156	67
-2156	63
-2155	60
-2153	57
-2149	55
-2146	54
-2143	52
-2138	51
-2134	49
-2131	47
-2129	45
-2123	45
-2120	43
-2116	42
-2113	40
-2110	38
-2106	36
-2102	36
-2098	34
-2095	32
-2093	30
-2090	28
-2088	25
-2083	24
-2080	22
-2078	19
-2076	17
-2075	13
-2074	10
-2072	7
-2072	2
-2070	-0
-2068	-3
-2068	-7
-2065	-10
-2064	-13
-2062	-17
-2060	-19
-2059	-22
-2058	-26
-2058	-31
-2057	-34
-2054	-37
-2054	-41
-2053	-45
-2052	-49
-2051	-52
-2049	-55
-2046	-57
-2045	-61
-2043	-64
-2041	-67
-2041	-71
-2040	-75
-2037	-77
-2035	-80
-2034	-83
-2032	-86
-2033	-92
-2031	-95
-2029	-97
-2027	-101
-2027	-105
-2026	-109
-2024	-112
-2021	-114
-2020	-118
-2018	-120
-2015	-123
-2014	-127
-2013	-130
-2010	-132
-2007	-134
-2001	-133
-1994	-131
-1988	-131
-1986	-133
-1984	-137
-1982	-139
-1974	-136
-1967	-134
-1963	-136
-1960	-137
-1957	-139
-1953	-140
-1949	-141
-1945	-142
-1937	-139
-1934	-140
-1930	-141
-1926	-142
-1921	-143
-1916	-142
-1912	-143
-1911	-147
-1912	-153
-1910	-156
-1906	-156
-1902	-157
-1897	-157
-1888	-153
-1878	-147
-1865	-140
-1862	-141
-1858	-141
-1852	-140
-1847	-140
-1846	-143
-1850	-152
-1850	-157
-1846	-158
-1845	-162
-1829	-150
-1822	-148
-1823	-153
-1826	-162
-1823	-164
-1813	-157
-1807	-156
-1805	-159
-1803	-161
-1797	-161
-1794	-161
-1786	-159
-1783	-159
-1783	-165
-1782	-168
-1774	-165
-1767	-162
-1761	-160
-1755	-158
-1749	-157
-1746	-158
-1711	-125
-1703	-120
-1698	-120
-1695	-122
-1693	-124
-1692	-128
-1693	-133
-1692	-138
-1692	-142
-1691	-146
-1687	-146
-1683	-147
-1682	-150
-1682	-155
-1680	-157
-1669	-150
-1666	-151
-1662	-151
-1657	-150
-1652	-149
-1647	-149
-1642	-148
-1633	-143
-1628	-141
-1619	-136
-1611	-131
-1607	-131
-1603	-132
-1598	-131
-1593	-130
-1590	-131
-1589	-134
-1586	-135
-1583	-137
-1582	-140
-1581	-144
-1580	-147
-1580	-153
-1579	-157
-1575	-157
-1568	-153
-1562	-150
-1557	-149
-1552	-147
-1547	-147
-1544	-148
-1541	-149
-1540	-152
-1539	-156
-1533	-154
-1529	-153
-1524	-153
-1519	-151
-1515	-151
-1511	-151
-1507	-151
-1504	-151
-1500	-152
-1498	-154
-1496	-156
-1487	-149
-1482	-148
-1476	-146
-1472	-145
-1468	-146
-1464	-145
-1461	-146
-1459	-149
-1455	-148
-1450	-147
-1447	-147
-1443	-147
-1440	-148
-1438	-151
-1439	-157
-1434	-155
-1417	-137
-1410	-132
-1405	-132
-1403	-134
-1402	-137
-1401	-140
-1398	-141
-1393	-140
-1388	-138
-1385	-139
-1381	-138
-1378	-139
-1374	-139
-1371	-140
-1370	-143
-1367	-144
-1364	-145
-1361	-146
-1360	-149
-1358	-152
-1359	-159
-1360	-165
-1354	-161
-1350	-161
-1349	-165
-1347	-167
-1345	-169
-1341	-169
-1337	-168
-1334	-168
-1329	-167
-1325	-167
-1318	-161
-1312	-157
-1307	-156
-1305	-157
-1302	-158
-1299	-159
-1296	-159
-1293	-160
-1290	-161
-1286	-160
-1282	-160
-1281	-164
-1282	-170
-1278	-169
-1275	-169
-1271	-169
-1268	-170
-1265	-171
-1262	-171
-1258	-171
-1255	-171
-1252	-171
-1248	-170
-1245	-172
-1242	-172
-1238	-171
-1235	-171
-1231	-170
-1226	-168
-1224	-170
-1220	-170
-1216	-169
-1214	-170
-1212	-173
-1208	-172
-1203	-169
-1199	-168
-1196	-168
-1193	-170
-1191	-171
-1189	-174
-1188	-177
-1184	-176
-1179	-173
-1175	-173
-1172	-173
-1170	-175
-1167	-175
-1163	-175
-1159	-174
-1156	-174
-1153	-173
-1150	-174
-1147	-175
-1144	-175
-1141	-176
-1139	-178
-1136	-179
-1131	-176
-1128	-175
-1124	-175
-1121	-175
-1119	-177
-1116	-177
-1113	-179
-1110	-179
-1107	-180
-1104	-178
-1099	-176
-1095	-175
-1093	-176
-1090	-178
-1088	-178
-1084	-178
-1080	-176
-1077	-177
-1074	-177
-1071	-177
-1068	-177
-1065	-177
-1061	-177
-1058	-177
-1055	-177
-1053	-178
-1050	-178
-1046	-178
-1043	-178
-1040	-179
-1038	-179
-1034	-178
-1031	-178
-1028	-178
-1025	-179
-1022	-179
-1019	-179
-1016	-179
-1013	-178
-1010	-179
-1006	-178
-1003	-179
-1001	-179
-998	-180
-995	-180
-992	-180
-988	-178
-985	-178
-983	-181
-981	-183
-979	-184
-976	-185
-973	-186
-970	-185
-967	-185
-964	-185
-958	-180
-954	-177
-951	-177
-949	-178
-946	-178
-942	-176
-939	-177
-936	-176
-932	-175
-929	-175
-927	-177
-925	-178
-903	-138
-900	-136
-897	-138
-895	-138
-892	-139
-891	-142
-891	-149
-893	-159
-890	-160
-886	-157
-882	-154
-877	-150
-870	-141
-866	-138
-863	-138
-860	-138
-857	-138
-855	-138
-851	-137
-849	-137
-779	0
-776	0
-773	1
-770	2
-768	2
-765	1
-763	1
-759	3
-756	4
-754	3
-752	3
-750	2
-747	1
-744	2
-742	1
-739	3
-736	3
-734	2
-733	-0
-732	-6
-733	-13
-731	-17
-727	-13
-723	-9
-719	-6
-719	-11
-722	-25
-718	-21
-716	-24
-745	-128
-744	-131
-742	-135
-741	-138
-739	-141
-737	-142
-735	-143
-732	-144
-730	-145
-728	-147
-725	-148
-723	-149
-721	-149
-718	-150
-716	-151
-713	-151
-711	-153
-709	-154
-706	-155
-704	-155
-701	-154
-698	-155
-695	-152
-688	-142
-683	-134
-679	-129
-675	-126
-671	-123
-667	-119
-664	-116
-660	-114
-657	-113
-655	-113
-651	-111
-649	-111
-646	-111
-644	-111
-641	-111
-639	-112
-636	-113
-634	-113
-632	-114
-629	-114
-627	-115
-625	-116
-623	-118
-621	-120
-618	-120
-617	-124
-615	-128
-613	-130
-616	-147
-614	-148
-611	-148
-608	-148
-606	-149
-604	-152
-604	-159
-605	-172
-604	-178
-601	-178
-599	-178
-596	-178
-594	-180
-592	-180
-589	-179
-585	-176
-581	-171
-578	-168
-575	-167
-572	-168
-570	-169
-568	-169
-566	-172
-563	-172
-561	-173
-559	-178
-557	-180
-555	-179
-552	-179
-550	-180
-548	-183
-546	-188
-544	-189
-541	-189
-538	-188
-535	-186
-533	-187
-530	-186
-528	-187
-525	-186
-522	-185
-520	-185
-517	-185
-514	-185
-512	-184
-509	-184
-507	-186
-504	-187
-502	-186
-499	-186
-496	-185
-494	-186
-491	-185
-488	-184
-486	-186
-483	-185
-481	-186
-478	-185
-476	-186
-473	-186
-471	-186
-468	-187
-466	-186
-463	-187
-460	-185
-458	-186
-455	-186
-453	-186
-450	-185
-447	-184
-445	-185
-442	-185
-440	-185
-438	-186
-435	-185
-432	-185
-430	-184
-427	-185
-425	-185
-422	-185
-419	-184
-417	-185
-415	-186
-412	-187
-409	-185
-407	-186
-405	-186
-402	-186
-399	-185
-397	-186
-394	-186
-392	-185
-389	-185
-387	-186
-384	-187
-382	-187
-379	-187
-377	-187
-374	-185
-371	-184
-369	-185
-367	-186
-364	-186
-362	-186
-359	-187
-357	-186
-354	-186
-352	-186
-349	-185
-347	-186
-344	-185
-342	-186
-339	-186
-336	-185
-334	-185
-331	-185
-329	-186
-327	-187
-324	-186
-322	-185
-319	-186
-317	-186
-314	-186
-312	-187
-309	-186
-306	-184
-304	-186
-302	-186
-299	-186
-297	-187
-294	-186
-292	-186
-289	-186
-287	-185
-284	-184
-282	-185
-279	-186
-277	-186
-274	-185
-272	-186
-269	-186
-267	-184
-264	-185
-262	-185
-259	-186
-257	-185
-254	-186
-252	-185
-249	-185
-247	-185
-245	-187
-242	-186
-240	-186
-237	-186
-235	-187
-232	-188
-230	-186
-227	-186
-225	-185
-222	-186
-220	-185
-217	-185
-215	-185
-212	-185
-210	-186
-207	-185
-205	-185
-203	-185
-200	-186
-198	-185
-195	-186
-193	-186
-190	-186
-188	-186
-185	-186
-183	-187
-180	-186
-178	-185
-176	-185
-173	-185
-171	-185
-168	-186
-166	-187
-163	-186
-161	-186
-158	-185
-156	-185
-153	-185
-151	-185
-149	-185
-146	-184
-144	-184
-141	-185
-139	-185
-136	-185
-134	-185
-131	-185
-129	-185
-126	-185
-124	-186
-122	-185
-119	-185
-117	-186
-114	-185
-112	-185
-109	-185
-107	-185
-104	-185
-102	-184
-100	-184
-97	-185
-95	-185
-92	-184
-90	-184
-87	-185
-85	-184
-82	-184
-80	-184
-78	-185
-73	-184
-70	-184
-68	-184
-65	-185
-63	-186
-60	-185
-58	-185
-55	-185
-53	-186
-51	-186
-48	-186
-46	-186
-43	-186
-41	-185
-38	-184
-36	-184
-33	-184
-31	-183
-29	-184
-26	-184
-24	-184
-21	-184
-19	-184
-16	-185
-14	-185
-11	-185
-9	-185
-7	-186
-4	-186
-2	-186
1	-186
3	-186
6	-185
8	-185
11	-185
13	-185
16	-186
18	-185
20	-185
23	-185
25	-185
28	-186
30	-184
33	-183
35	-184
38	-185
40	-184
42	-184
45	-185
47	-185
50	-185
52	-186
55	-186
57	-186
60	-186
62	-186
65	-185
67	-184
69	-183
72	-183
74	-183
77	-184
79	-183
82	-184
84	-184
87	-184
89	-186
92	-186
94	-186
97	-186
99	-185
101	-185
104	-185
106	-185
109	-184
111	-185
114	-184
116	-184
119	-184
121	-185
124	-185
126	-184
129	-185
131	-186
134	-187
136	-185
139	-186
141	-186
144	-185
146	-184
148	-185
151	-186
153	-185
156	-185
158	-185
161	-185
163	-185
166	-186
168	-186
171	-185
173	-185
176	-185
178	-185
181	-185
183	-185
186	-184
188	-184
191	-184
193	-184
196	-184
198	-184
200	-183
203	-184
206	-185
208	-185
211	-186
213	-186
216	-184
218	-185
220	-184
223	-183
226	-184
228	-184
231	-184
233	-184
236	-184
238	-185
241	-184
243	-184
246	-185
248	-184
250	-183
253	-182
255	-183
258	-184
261	-183
263	-185
266	-184
268	-185
271	-184
273	-184
276	-185
278	-184
281	-184
283	-183
286	-184
288	-184
291	-184
293	-183
296	-185
299	-185
301	-186
304	-185
306	-185
309	-184
311	-184
314	-184
317	-185
319	-184
321	-184
324	-183
327	-184
329	-184
332	-185
334	-185
337	-185
339	-183
342	-184
344	-183
347	-183
350	-184
352	-186
355	-185
357	-184
360	-184
362	-183
365	-184
367	-183
370	-184
373	-184
375	-182
378	-183
381	-184
383	-185
386	-184
388	-184
391	-185
393	-184
396	-185
399	-184
401	-183
404	-185
406	-184
409	-184
411	-182
414	-182
417	-184
419	-183
422	-184
425	-185
427	-184
430	-183
432	-184
435	-184
437	-182
439	-181
442	-181
445	-182
448	-184
450	-183
453	-183
456	-183
458	-180
460	-180
463	-181
465	-179
467	-176
469	-176
472	-175
474	-174
477	-173
480	-175
483	-176
486	-179
489	-179
491	-178
494	-178
497	-180
501	-184
504	-184
507	-184
509	-184
511	-183
514	-181
516	-181
519	-182
522	-182
524	-181
526	-179
529	-178
531	-177
534	-179
538	-183
541	-183
544	-183
546	-182
549	-182
551	-182
554	-181
556	-180
558	-178
561	-177
563	-176
566	-176
568	-176
571	-176
574	-176
577	-177
579	-175
581	-172
583	-170
585	-168
587	-168
590	-167
591	-164
593	-160
595	-159
598	-160
599	-155
600	-149
602	-148
604	-147
607	-147
609	-144
614	-152
619	-157
623	-161
626	-161
628	-160
631	-159
631	-154
633	-150
636	-151
639	-151
641	-151
644	-151
647	-150
649	-148
651	-147
654	-148
658	-151
663	-156
665	-156
668	-155
671	-155
674	-157
677	-156
680	-157
681	-154
682	-148
684	-146
685	-143
688	-142
691	-142
694	-143
697	-145
702	-148
706	-153
709	-153
712	-152
714	-151
716	-150
719	-149
721	-148
724	-147
726	-147
729	-146
731	-145
734	-144
736	-143
738	-142
741	-140
743	-139
744	-136
745	-130
747	-128
748	-125
749	-121
749	-115
719	-19
720	-14
721	-10
722	-7
723	-4
725	-1
727	0
729	1
732	1
735	1
737	2
739	2
742	2
745	1
752	-1
754	-1
757	-1
768	-2
769	2
772	2
775	2
777	2
779	4
866	-145
869	-145
873	-147
881	-157
889	-166
894	-171
896	-168
892	-156
888	-142
887	-134
888	-130
890	-127
893	-127
897	-129
902	-133
909	-140
919	-153
922	-153
923	-150
925	-147
925	-143
926	-138
928	-136
929	-133
931	-130
934	-130
937	-130
941	-132
948	-139
977	-186
977	-180
983	-184
985	-183
987	-180
989	-177
991	-175
993	-174
994	-170
996	-168
1000	-170
1005	-172
1008	-172
1011	-171
1013	-168
1014	-166
1019	-168
1024	-171
1028	-172
1031	-172
1035	-173
1039	-175
1043	-176
1047	-176
1050	-176
1053	-176
1055	-174
1058	-174
1062	-175
1066	-175
1070	-177
1073	-176
1076	-175
1080	-176
1083	-176
1085	-174
1088	-173
1092	-174
1097	-176
1101	-177
1104	-176
1106	-174
1104	-166
1101	-156
1101	-150
1106	-153
1115	-162
1122	-168
1128	-172
1132	-173
1135	-172
1137	-170
1141	-171
1145	-172
1148	-172
1151	-171
1155	-171
1158	-170
1162	-171
1166	-172
1169	-171
1172	-170
1176	-171
1179	-170
1183	-171
1187	-172
1190	-171
1192	-168
1195	-168
1199	-169
1204	-171
1207	-170
1209	-167
1212	-167
1216	-167
1221	-169
1225	-170
1228	-170
1234	-172
1238	-173
1242	-174
1244	-171
1247	-171
1251	-171
1254	-170
1257	-169
1260	-169
1265	-171
1271	-174
1275	-174
1278	-173
1284	-176
1289	-178
1294	-180
1297	-179
1303	-182
1306	-181
1311	-182
1313	-180
1316	-178
1318	-177
1320	-175
1324	-174
1327	-174
1330	-173
1334	-172
1336	-171
1339	-170
1343	-170
1349	-172
1355	-175
1357	-173
1360	-171
1364	-171
1368	-172
1375	-176
1382	-180
1387	-182
1391	-182
1396	-183
1401	-185
1407	-187
1412	-188
1414	-185
1416	-183
1419	-182
1421	-180
1425	-180
1430	-181
1435	-182
1437	-180
1440	-178
1444	-178
1447	-177
1448	-173
1449	-170
1452	-168
1456	-168
1463	-172
1465	-169
1466	-166
1469	-164
1472	-164
1480	-168
1490	-175
1500	-181
1495	-171
1497	-168
1509	-177
1515	-179
1520	-180
1522	-178
1524	-176
1531	-179
1533	-176
1535	-174
1551	-187
1550	-181
1549	-176
1549	-170
1552	-168
1556	-169
1560	-168
1563	-167
1565	-164
1566	-161
1568	-158
1566	-151
1567	-147
1571	-146
1595	-169
1597	-166
1600	-164
1602	-161
1605	-160
1611	-162
1616	-162
1617	-159
1619	-156
1624	-156
1629	-157
1635	-159
1641	-161
1647	-163
1649	-160
1651	-157
1654	-156
1658	-155
1662	-155
1668	-156
1673	-156
1676	-155
1677	-151
1680	-149
1687	-152
1700	-161
1713	-169
1715	-167
1717	-165
1721	-163
1722	-160
1723	-156
1726	-154
1733	-156
1742	-161
1746	-160
1747	-156
1747	-152
1754	-154
1762	-157
1768	-158
1773	-158
1775	-156
1776	-152
1780	-151
1784	-151
1787	-149
1791	-147
1794	-146
1797	-144
1800	-142
1803	-140
1810	-142
1816	-144
1822	-144
1824	-142
1826	-138
1829	-137
1839	-142
1850	-148
1861	-153
1864	-152
1867	-150
1865	-142
1864	-137
1864	-133
1865	-129
1869	-128
1880	-133
1891	-139
1895	-138
1893	-131
1893	-126
1902	-130
1912	-134
1922	-138
1925	-136
1930	-137
1936	-137
1938	-134
1940	-131
1942	-128
1945	-126
1948	-123
1951	-122
1955	-120
1958	-119
1962	-118
1970	-120
1973	-118
1974	-114
1977	-112
1982	-112
1991	-114
2002	-119
2012	-123
2019	-125
2024	-124
2032	-126
2040	-128
2045	-128
2047	-125
2050	-122
2060	-127
2065	-126
2070	-126
2073	-123
2077	-122
2081	-121
2085	-118
2083	-112
2086	-110
2098	-116
2110	-121
2116	-121
2119	-119
2120	-115
2123	-112
2132	-115
2139	-116
2144	-115
2147	-112
2151	-111
2153	-108
2155	-105
2158	-103
2163	-102
2169	-102
2176	-103
2179	-100
2183	-98
2183	-94
2184	-90
2188	-88
2191	-86
2194	-83
2197	-81
2200	-78
2203	-76
2206	-73
2213	-74
2223	-77
2235	-81
2242	-82
2247	-82
2255	-83
2267	-87
2273	-87
2274	-83
2276	-80
2281	-78
2288	-79
2298	-81
2307	-84
2314	-83
2317	-81
2325	-82
2341	-90
2349	-90
2348	-84
2347	-79
2348	-75
2349	-71
2350	-67
2353	-64
2354	-60
2357	-57
2358	-53
2362	-51
2371	-53
2384	-57
2393	-59
2400	-59
2410	-61
2419	-63
2424	-61
2426	-58
2426	-54
2425	-48
2425	-43
2427	-40
2429	-36
2429	-31
2430	-27
2434	-25
2435	-21
2437	-17
2439	-14
2441	-11
2443	-7
2444	-3
2446	0
2446	5
2446	9
2447	14
2449	17
2451	21
2454	24
2455	28
2456	31
2458	35
2458	40
2459	43
2461	47
2462	51
2465	54
2466	58
2463	64
2466	67
2468	71
2469	75
2471	78
2472	82
2474	85
2476	89
2478	92
2479	96
2478	101
2479	106
2480	109
2483	112
2485	116
2486	119
2486	124
2488	128
2490	131
2491	135
2493	138
2494	142
2494	146
2496	150
2498	153
2500	157
2500	161
2501	165
2504	168
2506	171
2506	176
2508	179
2508	184
2509	187
2510	191
2512	195
2514	198
2515	202
2516	206
2517	210
2519	213
2520	217
2521	221
2522	225
2523	229
2523	233
2525	237
2527	240
2529	243
2530	247
2531	251
2532	255
2533	259
2534	262
2535	267
2536	270
2538	274
2540	277
2542	280
2544	284
2542	289
2542	293
2544	297
2548	299
2551	302
2554	305
2556	308
2560	310
2565	312
2567	315
2573	317
2574	320
2575	324
2573	329
2573	334
2569	340
2570	344
2572	348
2572	352
2572	356
2571	361
2571	366
2570	370
2570	374
2569	379
2570	383
2571	387
2573	390
2574	394
2576	397
2575	402
2576	406
2577	410
2578	413
2578	418
2581	421
2581	425
2580	429
2582	433
2584	436
2585	440
2588	443
2589	446
2590	450
2591	454
2592	458
2592	462
2594	465
2595	469
2595	473
2597	476
2597	480
2599	484
2600	488
2600	492
2601	495
2603	499
2603	503
2603	507
2604	511
2603	515
2605	519
2606	522
2606	527
2608	530
2608	534
2608	538
2607	542
2609	546
2610	549
2612	553
2612	557
2614	560
2615	564
2617	567
2617	571
2618	575
2618	579
2620	583
2621	586
2622	590
2622	594
2623	598
2625	601
2626	605
2626	609
2627	612
2626	617
2628	620
2630	623
2628	628
2630	632
2631	635
2632	639
2632	643
2632	647
2632	651
2633	655
2634	658
2634	662
2636	665
2639	669
2639	673
2640	676
2640	680
2639	685
2641	688
2642	692
2643	695
2645	699
2645	703
2643	707
2643	711
2643	715
2643	719
2644	723
2644	727
2644	731
2647	734
2647	738
2646	742
2646	746
2646	750
2646	754
2646	758
2646	762
2646	766
2647	769
2647	773
2648	777
2648	781
2649	785
2650	788
2652	791
2653	795
2652	799
2652	803
2653	807
2654	810
2655	814
2656	818
2656	822
2657	825
2659	828
2660	832
2661	836
2660	840
2662	843
2662	847
2663	851
2662	855
2662	859
2663	862
2665	866
2666	869
2666	873
2666	877
2667	881
2667	884
2668	888
2668	892
2668	896
2668	900
2669	903
2669	907
2670	911
2670	914
2671	918
2671	922
2672	925
2671	930
2671	933
2672	937
2673	941
2672	945
2671	949
2672	952
2674	956
2674	959
2675	963
2677	966
2677	970
2677	974
2678	978
2679	981
2678	985
2678	989
2679	993
2680	996
2681	1000
2681	1003
2681	1007
2681	1011
2682	1015
2683	1018
2683	1022
2683	1026
2683	1030
2684	1033
2685	1037
2687	1040
2688	1044
2689	1047
2689	1051
2688	1055
2689	1059
2689	1062
2689	1066
2689	1070
2689	1074
2685	1078
2686	1082
2687	1085
2688	1089
2690	1092
2689	1096
2690	1100
2691	1103
2692	1107
2690	1111
2691	1115
2693	1118
2694	1122
2693	1126
2693	1129
2693	1133
2694	1137
2693	1141
2693	1144
2694	1148
2694	1152
2694	1155
2695	1159
2696	1163
2696	1166
2697	1170
2697	1174
2696	1177
2697	1181
2697	1185
2696	1189
2697	1192
2698	1196
2698	1199
2698	1203
2699	1207
2698	1211
2699	1214
2698	1218
2698	1222
2699	1225
2698	1229
2699	1233
2699	1236
2700	1240
2701	1244
2702	1247
2702	1251
2701	1255
2702	1258
2702	1262
2702	1266
2702	1269
2701	1273
2703	1277
2703	1280
2704	1284
2704	1287
2704	1291
2704	1295
2706	1298
2706	1302
2707	1305
2707	1309
2708	1313
2708	1316
2709	1320
2709	1324
2709	1327
2709	1331
2710	1335
2709	1338
2709	1342
2711	1345
2711	1349
2712	1353
2712	1356
2713	1360
2712	1364
2712	1367
2713	1371
2712	1375
2713	1378
2714	1382
2714	1386
2715	1389
2715	1393
2716	1396
2715	1400
2715	1404
2717	1407
2717	1411
2717	1415
2718	1418
2718	1422
2719	1426
2718	1429
2719	1433
2720	1436
2720	1440
2720	1444
2721	1447
2722	1451
2722	1455
2722	1458
2723	1462
2723	1465
2723	1469
2724	1473
2724	1476
2725	1480
2725	1484
2727	1487
2727	1491
2727	1494
2727	1498
2727	1502
2727	1506
2727	1509
2727	1513
2728	1516
2729	1520
2730	1524
2731	1527
2732	1531
2733	1534
2733	1538
2733	1542
2733	1545
2733	1549
2733	1553
2735	1556
2735	1560
2735	1564
2734	1567
2734	1571
2734	1575
2735	1578
2736	1582
2737	1586
2738	1589
2738	1593
2738	1597
2738	1600
2739	1604
2740	1608
2742	1611
2744	1615
2746	1618
2748	1622
2749	1626
2750	1629
2751	1633
2752	1637
2753	1640
2753	1644
2753	1648
2753	1651
2753	1655
