2649	1660
2650	1663
2650	1667
2650	1670
2650	1674
2650	1678
2652	1685
2652	1688
2652	1692
2653	1695
2653	1699
2653	1702
2654	1706
2654	1710
2654	1713
2654	1717
2654	1720
2655	1724
2655	1727
2654	1731
2655	1734
2655	1738
2656	1742
2654	1745
2654	1749
2654	1752
2654	1756
2654	1759
2655	1763
2656	1766
2657	1770
2658	1774
2656	1777
2655	1781
2655	1784
2656	1788
2655	1791
2654	1795
2657	1799
2658	1802
2657	1806
2656	1809
2656	1813
2657	1816
2657	1820
2658	1824
2657	1827
2658	1831
2658	1834
2658	1838
2658	1841
2658	1845
2659	1849
2660	1852
2661	1856
2661	1859
2660	1863
2660	1867
2661	1870
2662	1874
2662	1878
2662	1881
2662	1885
2661	1888
2661	1892
2662	1895
2664	1899
2665	1903
2664	1906
2665	1910
2666	1914
2664	1917
2664	1921
2664	1924
2664	1928
2665	1932
2664	1935
2663	1939
2665	1942
2665	1946
2663	1949
2664	1953
2664	1957
2664	1960
2665	1964
2665	1968
2665	1971
2666	1975
2665	1978
2665	1982
2667	1986
2669	1990
2672	1994
2674	1998
2676	2001
2675	2005
2675	2009
2677	2012
2677	2016
2676	2020
2674	2023
2675	2027
2676	2031
2676	2034
2675	2038
2675	2041
2675	2045
2674	2048
2678	2053
2680	2057
2680	2060
2679	2064
2680	2067
2677	2071
2674	2074
2673	2078
2675	2081
2675	2085
2674	2089
2674	2092
2675	2096
2678	2100
2678	2104
2679	2108
2680	2112
2680	2115
2679	2119
2679	2122
2680	2126
2680	2130
2680	2134
2679	2137
2677	2141
2678	2144
2679	2148
2680	2152
2682	2156
2681	2160
2680	2163
2682	2167
2683	2171
2683	2175
2681	2178
2681	2182
2683	2186
2683	2190
2682	2193
2682	2197
2682	2201
2681	2204
2681	2208
2680	2211
2679	2215
2678	2218
2680	2223
2682	2227
2682	2230
2683	2234
2683	2238
2683	2242
2680	2245
2681	2249
2683	2253
2682	2257
2680	2260
2681	2264
2680	2267
2680	2271
2683	2276
2683	2279
2683	2283
2684	2287
2685	2291
2687	2295
2686	2299
2685	2303
2686	2306
2686	2310
2686	2314
2686	2318
2686	2322
2687	2326
2688	2330
2689	2334
2691	2338
2692	2342
2693	2346
2692	2350
2689	2353
2686	2356
2689	2360
2689	2364
2687	2367
2687	2371
2688	2375
2687	2379
2686	2382
2685	2386
2683	2389
2683	2393
2685	2398
2687	2402
2687	2406
2688	2410
2689	2414
2690	2418
2691	2422
2690	2426
2690	2430
2689	2433
2689	2437
2690	2441
2689	2445
2689	2449
2692	2453
2692	2457
2691	2461
2691	2465
2691	2469
2691	2473
2690	2476
2689	2480
2691	2484
2692	2489
2692	2493
2691	2496
2690	2500
2691	2504
2693	2508
2692	2512
2692	2516
2693	2520
2693	2524
2691	2528
2690	2531
2690	2535
2690	2539
2689	2543
2691	2547
2692	2552
2693	2556
2692	2560
2692	2564
2693	2568
2695	2572
2694	2576
2694	2580
2694	2584
2693	2588
2690	2591
2691	2595
2692	2599
2692	2603
2691	2607
2689	2611
2691	2615
2691	2619
2691	2623
2692	2628
2691	2631
2690	2635
2690	2639
2690	2643
2690	2647
2689	2651
2687	2654
2685	2657
2687	2662
2687	2666
2687	2670
2686	2674
2687	2678
2687	2682
2687	2687
2687	2691
2686	2694
2686	2698
2687	2703
2685	2706
2684	2710
2684	2714
2686	2719
2687	2723
2688	2728
2687	2732
2688	2736
2688	2740
2687	2744
2688	2748
2687	2752
2687	2756
2687	2761
2687	2765
2688	2769
2687	2773
2690	2778
2691	2783
2691	2787
2688	2790
2688	2794
2689	2799
2688	2803
2686	2806
2683	2809
2683	2813
2685	2818
2687	2823
2686	2827
2685	2831
2684	2835
2682	2838
2682	2842
2682	2847
2681	2850
2679	2854
2679	2858
2679	2862
2680	2867
2678	2870
2675	2873
2677	2878
2680	2884
2680	2888
2681	2893
2682	2898
2683	2902
2684	2907
2685	2912
2686	2917
2685	2921
2686	2925
2684	2929
2681	2932
2679	2935
2679	2940
2681	2945
2680	2949
2679	2953
2679	2957
2680	2962
2682	2967
2684	2972
2684	2977
2683	2981
2685	2986
2686	2991
2686	2996
2687	3000
2688	3005
2688	3010
2688	3014
2689	3019
2691	3025
2694	3030
2693	3034
2691	3038
2689	3041
2688	3045
2688	3050
2688	3054
2691	3060
2690	3064
2688	3068
2687	3072
2687	3076
2687	3081
2687	3085
2686	3089
2685	3093
2685	3098
2685	3102
2686	3107
2684	3111
2684	3115
2684	3120
2685	3125
2686	3130
2688	3136
2687	3140
2687	3145
2688	3150
2687	3154
2684	3157
2677	3158
2656	3151
2633	3143
2621	3141
2615	3143
2611	3145
2608	3148
2607	3152
2606	3156
2680	3211
2685	3218
2686	3223
2687	3229
2688	3234
2688	3239
2687	3243
2686	3247
2685	3251
2686	3257
2686	3261
2685	3266
2687	3272
2687	3277
2688	3282
2687	3286
2686	3291
2685	3295
2685	3299
2684	3304
2683	3308
2683	3313
2681	3317
2679	3320
2678	3324
2676	3328
2676	3333
2677	3338
2676	3343
2676	3348
2675	3352
2675	3357
2675	3362
2677	3368
2677	3373
2675	3377
2674	3381
2672	3384
2671	3389
2670	3393
2669	3398
2668	3402
2668	3407
2666	3411
2664	3415
2664	3419
2662	3424
2662	3428
2662	3433
2661	3438
2659	3442
2658	3446
2658	3451
2659	3457
2658	3461
2658	3466
2657	3471
2657	3476
2656	3480
2656	3485
2655	3490
2654	3494
2654	3499
2652	3503
2651	3508
2651	3513
2652	3518
2649	3522
2648	3526
2646	3530
2644	3534
2644	3539
2645	3545
2645	3551
2644	3555
2643	3559
2640	3563
2640	3568
2639	3572
2639	3577
2637	3582
2636	3586
2635	3590
2635	3596
2633	3600
2631	3604
2630	3609
2633	3616
2633	3621
2633	3627
2632	3631
2631	3635
2628	3639
2628	3644
2625	3648
2624	3653
2623	3657
2622	3661
2621	3666
2621	3672
2620	3677
2619	3681
2620	3687
2616	3690
2616	3695
2617	3701
2616	3706
2614	3710
2612	3714
2610	3718
2608	3722
2606	3726
2604	3731
2603	3735
2602	3739
2600	3744
2601	3750
2600	3755
2599	3760
2597	3764
2596	3769
2596	3774
2594	3778
2592	3782
2590	3787
2587	3790
2586	3795
2585	3799
2583	3804
2582	3808
2580	3812
2578	3817
2577	3822
2576	3827
2574	3831
2572	3835
2570	3839
2569	3843
2569	3849
2569	3855
2568	3860
2566	3864
2563	3868
2560	3871
2559	3876
2558	3881
2557	3886
2554	3889
2552	3893
2553	3900
2552	3905
2550	3909
2548	3914
2546	3918
2543	3922
2542	3926
2540	3930
2538	3935
2538	3940
2536	3945
2534	3949
2535	3956
2533	3960
2531	3965
2529	3969
2527	3973
2526	3978
2524	3983
2524	3988
2524	3994
2521	3998
2520	4003
2518	4008
2519	4015
2517	4019
2516	4024
2515	4029
2510	4031
2484	4013
2473	4010
2472	4015
2472	4021
2468	4024
2465	4027
2462	4030
2465	4039
2462	4042
2466	4052
2486	4077
2498	4095
2497	4100
2498	4108
2497	4113
2496	4119
2494	4123
2492	4127
2489	4131
2485	4133
2480	4135
2478	4140
2477	4145
2476	4151
2474	4155
2472	4160
2470	4164
2470	4170
2468	4175
2466	4180
2463	4184
2461	4188
2458	4192
2456	4196
2454	4200
2453	4206
2452	4211
2450	4217
2448	4221
2445	4225
2444	4230
2441	4234
2439	4239
2437	4244
2437	4250
2436	4256
2435	4261
2435	4268
2434	4274
2432	4278
2429	4282
2426	4286
2424	4291
2422	4296
2421	4301
2419	4306
2415	4309
2417	4317
2415	4323
2184	4082
2180	4084
2177	4087
2175	4111
2172	4114
2169	4117
2165	4120
2391	4387
2389	4393
2389	4400
2388	4406
2386	4411
2385	4417
2386	4425
2385	4431
2382	4435
2381	4441
2380	4447
2378	4453
2374	4455
2371	4459
2368	4463
2366	4468
2365	4474
2363	4479
2360	4483
2358	4489
2358	4495
2355	4500
2353	4505
2350	4509
2347	4513
2344	4517
2342	4522
2340	4527
2338	4532
2334	4535
2330	4538
2326	4541
2323	4545
2320	4549
2317	4552
2314	4556
2312	4562
2311	4569
2310	4575
2307	4580
2305	4584
2302	4589
2301	4595
2299	4600
2297	4605
2295	4611
2293	4617
2291	4621
2288	4626
2286	4631
2283	4635
2281	4641
2278	4645
2275	4649
2272	4654
2270	4658
2267	4663
2265	4668
2263	4674
2260	4678
2260	4686
2258	4692
2255	4696
2252	4700
2249	4705
2246	4709
2244	4714
2240	4718
2237	4722
2231	4721
2224	4720
2218	4722
2216	4726
2215	4733
2213	4740
2212	4747
2207	4749
2203	4751
2199	4754
2195	4758
2192	4761
2189	4766
2186	4770
2183	4775
2181	4780
2178	4784
2175	4789
2171	4792
2169	4798
2167	4804
2166	4811
2164	4816
2161	4821
2157	4824
2153	4827
2149	4830
2146	4835
2142	4839
2139	4843
2136	4848
2133	4852
2131	4858
2127	4861
2123	4864
2119	4867
2117	4873
2113	4877
2110	4881
2106	4884
2103	4888
2100	4892
2097	4898
2094	4903
2091	4907
2085	4908
2080	4908
2075	4911
2072	4914
2068	4918
2065	4923
2062	4928
2059	4932
2056	4937
2053	4941
2050	4946
2046	4950
2043	4954
2040	4959
2037	4964
2034	4969
2030	4972
2027	4976
2022	4979
2019	4982
2015	4986
2010	4988
2006	4990
2002	4994
1999	4999
1995	5003
1992	5007
1989	5011
1986	5017
1982	5020
1978	5024
1974	5027
1970	5030
1966	5033
1963	5038
1961	5045
1958	5049
1953	5052
1949	5055
1944	5057
1939	5059
1934	5060
1929	5062
1925	5065
1921	5067
1917	5071
1913	5074
1909	5079
1905	5081
1901	5085
1898	5090
1894	5092
1890	5096
1886	5100
1883	5105
1879	5109
1875	5111
1871	5115
1866	5117
1862	5120
1858	5123
1854	5126
1850	5130
1846	5133
1842	5136
1838	5141
1834	5144
1830	5147
1825	5150
1821	5152
1817	5156
1813	5159
1809	5163
1805	5167
1801	5170
1796	5172
1792	5175
1788	5178
1784	5182
1780	5186
1776	5189
1771	5191
1767	5194
1762	5196
1758	5199
1754	5203
1749	5205
1744	5206
1739	5208
1733	5208
1729	5211
1725	5214
1720	5216
1715	5218
1710	5220
1707	5224
1703	5228
1699	5232
1694	5233
1688	5233
1683	5236
1679	5238
1674	5240
1669	5243
1665	5245
1661	5248
1656	5251
1651	5253
1646	5254
1641	5255
1636	5257
1631	5258
1626	5260
1622	5263
1617	5265
1612	5267
1608	5270
1604	5273
1599	5276
1595	5278
1590	5281
1585	5282
1580	5283
1575	5285
1571	5290
1567	5293
1562	5295
1558	5297
1553	5298
1547	5299
1543	5302
1538	5304
1533	5305
1528	5308
1523	5307
1517	5307
1513	5310
1509	5315
1505	5319
1502	5325
1498	5329
1494	5333
1490	5336
1486	5340
1482	5343
1477	5345
1472	5347
1468	5350
1463	5353
1458	5355
1454	5357
1448	5358
1444	5360
1439	5363
1436	5369
1431	5372
1427	5374
1422	5376
1416	5376
1411	5377
1405	5377
1401	5379
1395	5380
1390	5381
1386	5383
1380	5384
1376	5387
1372	5392
1368	5395
1363	5397
1358	5399
1354	5402
1349	5403
1343	5402
1337	5403
1333	5405
1328	5407
1323	5409
1319	5412
1313	5413
1308	5414
1304	5417
1299	5419
1294	5420
1289	5422
1284	5425
1279	5425
1274	5426
1269	5429
1264	5431
1260	5434
1256	5437
1251	5439
1246	5439
1240	5440
1236	5444
1232	5447
1226	5445
1221	5447
1216	5449
1211	5451
1207	5455
1202	5458
1198	5461
1193	5463
1188	5464
1183	5466
1178	5467
1173	5469
1168	5470
1162	5469
1157	5470
1152	5472
1147	5473
1142	5474
1136	5474
1131	5473
1126	5475
1122	5479
1118	5484
1113	5487
1109	5491
1104	5493
1099	5494
1094	5494
1089	5496
1083	5496
1078	5496
1073	5497
1068	5500
1063	5500
1058	5502
1052	5502
1047	5501
1041	5501
1037	5504
1032	5506
1027	5508
1022	5511
1017	5512
1013	5515
1008	5517
1003	5520
998	5521
993	5521
988	5522
983	5526
978	5527
973	5528
968	5528
963	5529
958	5532
953	5533
948	5534
943	5536
937	5535
932	5533
926	5535
922	5538
917	5539
912	5540
907	5543
902	5544
897	5546
892	5547
887	5549
881	5547
876	5547
871	5547
866	5549
861	5550
855	5550
849	5545
844	5546
839	5547
833	5547
828	5549
823	5550
819	5553
814	5556
808	5555
803	5555
798	5554
793	5555
787	5556
782	5557
777	5558
771	5556
766	5556
761	5557
756	5558
751	5559
746	5561
741	5562
736	5563
731	5566
726	5567
721	5566
715	5566
710	5568
705	5569
700	5568
694	5567
689	5568
684	5570
679	5570
674	5571
669	5572
664	5573
659	5574
654	5575
648	5575
643	5576
638	5576
633	5576
628	5577
622	5577
617	5576
612	5575
606	5574
601	5575
596	5577
592	5580
587	5583
582	5586
577	5587
572	5586
567	5587
561	5588
556	5589
551	5590
546	5590
541	5593
536	5595
531	5596
526	5595
521	5594
515	5594
510	5597
505	5599
500	5599
495	5599
490	5600
485	5599
479	5599
474	5601
469	5603
464	5602
459	5602
454	5602
448	5601
443	5601
438	5600
432	5599
427	5599
422	5601
417	5601
412	5604
407	5606
402	5606
397	5607
392	5606
386	5606
382	5608
377	5612
372	5614
366	5612
361	5613
356	5614
351	5617
346	5619
341	5622
336	5623
331	5625
326	5625
321	5625
315	5623
310	5624
305	5623
300	5622
295	5622
289	5623
284	5623
279	5625
274	5625
269	5625
264	5626
258	5625
254	5631
197	5026
192	5029
188	5032
184	5029
179	5026
175	5026
170	5027
166	5028
161	5024
156	5014
152	5011
147	5009
143	5007
138	5001
133	5000
129	5004
125	5009
121	5009
117	5014
113	5022
109	5025
104	5025
100	5026
96	5026
91	5029
87	5031
83	5031
78	5029
87	5614
82	5614
77	5615
72	5615
67	5616
61	5617
56	5615
51	5615
46	5613
41	5612
36	5611
30	5610
25	5610
20	5611
15	5611
10	5609
5	5608
-0	5607
-6	5605
-11	5604
-16	5603
-21	5603
-26	5603
-31	5604
-36	5604
-42	5603
-47	5602
-52	5601
-57	5601
-62	5600
-67	5597
-72	5594
-77	5591
-83	5588
-88	5587
-93	5587
-98	5583
-103	5582
-108	5582
-113	5584
-118	5584
-123	5584
-128	5583
-134	5584
-139	5586
-144	5588
-149	5587
-154	5588
-159	5589
-164	5590
-169	5590
-175	5590
-180	5591
-185	5593
-190	5594
-195	5594
-200	5594
-205	5596
-211	5595
-216	5593
-221	5594
-226	5598
-231	5599
-236	5599
-241	5597
-247	5597
-252	5596
-257	5596
-262	5595
-267	5593
-272	5594
-277	5593
-282	5593
-287	5594
-293	5593
-297	5588
-302	5587
-308	5587
-313	5586
-318	5585
-323	5583
-328	5580
-333	5578
-338	5577
-343	5575
-348	5575
-353	5576
-358	5574
-363	5573
-368	5571
-373	5572
-378	5572
-383	5571
-389	5573
-394	5573
-399	5573
-404	5571
-409	5572
-414	5573
-419	5572
-424	5571
-429	5569
-434	5568
-439	5565
-444	5564
-449	5563
-454	5563
-459	5562
-464	5562
-469	5558
-474	5557
-479	5557
-484	5556
-489	5556
-495	5556
-500	5558
-505	5558
-510	5558
-515	5556
-520	5555
-525	5553
-530	5550
-535	5549
-540	5548
-545	5546
-550	5547
-555	5549
-561	5553
-567	5556
-572	5556
-577	5559
-583	5564
-588	5564
-594	5564
-598	5563
-603	5560
-608	5559
-614	5561
-619	5563
-624	5562
-629	5560
-634	5558
-639	5558
-645	5559
-650	5560
-655	5559
-660	5557
-665	5554
-669	5552
-674	5545
-678	5541
-683	5538
-688	5538
-693	5538
-698	5537
-703	5536
-708	5537
-713	5535
-718	5532
-723	5533
-728	5529
-733	5526
-737	5523
-742	5519
-746	5512
-750	5508
-755	5505
-759	5499
-763	5495
-768	5494
-773	5491
-777	5488
-782	5486
-787	5483
-791	5478
-795	5472
-799	5467
-804	5468
-810	5470
-815	5468
-819	5466
-824	5464
-829	5462
-834	5461
-839	5461
-844	5460
-849	5460
-854	5458
-859	5458
-864	5459
-870	5462
-876	5463
-881	5463
-886	5463
-891	5464
-897	5464
-902	5463
-906	5460
-911	5458
-915	5456
-920	5454
-925	5452
-930	5452
-936	5453
-941	5452
-946	5451
-950	5450
-955	5448
-960	5445
-965	5447
-970	5445
-975	5444
-980	5444
-985	5443
-990	5440
-994	5437
-999	5436
-1004	5436
-1010	5436
-1014	5433
-1019	5430
-1023	5428
-1028	5427
-1033	5426
-1039	5427
-1044	5426
-1048	5425
-1054	5424
-1059	5423
-1063	5421
-1068	5418
-1072	5414
-1076	5411
-1081	5410
-1086	5408
-1091	5408
-1096	5407
-1102	5408
-1107	5407
-1111	5405
-1117	5405
-1121	5403
-1126	5402
-1131	5401
-1136	5400
-1141	5398
-1146	5396
-1150	5394
-1155	5392
-1159	5388
-1164	5387
-1169	5386
-1174	5386
-1178	5381
-1183	5378
-1187	5374
-1191	5371
-1196	5371
-1202	5371
-1207	5371
-1211	5367
-1215	5365
-1220	5363
-1225	5363
-1230	5361
-1235	5359
-1240	5357
-1244	5356
-1248	5350
-1252	5347
-1257	5344
-1261	5342
-1266	5340
-1271	5339
-1275	5337
-1280	5335
-1284	5332
-1289	5330
-1294	5328
-1298	5326
-1303	5326
-1308	5323
-1311	5318
-1313	5308
-1317	5302
-1321	5299
-1325	5295
-1330	5294
-1334	5293
-1338	5288
-1342	5283
-1346	5280
-1351	5279
-1356	5279
-1360	5276
-1365	5273
-1370	5273
-1374	5269
-1378	5266
-1383	5265
-1389	5266
-1394	5265
-1398	5263
-1403	5262
-1408	5260
-1412	5257
-1417	5255
-1422	5256
-1428	5256
-1432	5254
-1437	5254
-1443	5253
-1446	5249
-1450	5243
-1455	5243
-1460	5242
-1464	5240
-1469	5239
-1474	5237
-1478	5234
-1483	5232
-1488	5231
-1492	5229
-1497	5228
-1502	5227
-1507	5226
-1512	5225
-1517	5223
-1522	5222
-1526	5219
-1532	5219
-1535	5214
-1539	5211
-1543	5208
-1547	5205
-1551	5201
-1555	5198
-1560	5197
-1565	5195
-1570	5193
-1574	5191
-1578	5187
-1582	5184
-1586	5180
-1590	5178
-1594	5175
-1599	5173
-1603	5171
-1608	5169
-1613	5168
-1617	5166
-1622	5163
-1627	5162
-1631	5159
-1635	5157
-1639	5154
-1644	5152
-1649	5150
-1655	5151
-1659	5149
-1664	5147
-1667	5143
-1671	5139
-1675	5135
-1679	5132
-1683	5128
-1686	5124
-1690	5121
-1694	5117
-1697	5112
-1702	5111
-1707	5111
-1712	5110
-1716	5106
-1720	5103
-1725	5101
-1730	5101
-1736	5100
-1741	5101
-1746	5100
-1751	5098
-1755	5095
-1759	5092
-1764	5090
-1768	5087
-1772	5084
-1776	5081
-1781	5079
-1786	5080
-1792	5079
-1797	5079
-1802	5078
-1806	5075
-1811	5074
-1814	5069
-1818	5065
-1822	5061
-1826	5059
-1831	5057
-1836	5055
-1840	5053
-1844	5051
-1849	5048
-1854	5047
-1857	5043
-1861	5039
-1867	5040
-1872	5039
-1877	5037
-1881	5034
-1885	5032
-1890	5030
-1895	5028
-1899	5026
-1903	5023
-1907	5020
-1911	5017
-1915	5013
-1919	5011
-1924	5009
-1928	5006
-1933	5005
-1939	5005
-1943	5002
-1946	4998
-1950	4995
-1954	4990
-1958	4989
-1963	4987
-1968	4985
-1972	4982
-1976	4979
-1979	4976
-1983	4972
-1987	4969
-1991	4965
-1995	4963
-1999	4959
-2003	4956
-2006	4953
-2010	4948
-2013	4945
-2017	4942
-2021	4938
-2025	4936
-2030	4934
-2034	4930
-2036	4924
-2040	4922
-2045	4921
-2050	4919
-2054	4917
-2059	4914
-2063	4911
-2067	4909
-2071	4906
-2075	4903
-2079	4900
-2084	4898
-2089	4896
-2093	4895
-2097	4891
-2100	4887
-2104	4884
-2109	4881
-2113	4879
-2116	4875
-2121	4873
-2125	4871
-2129	4868
-2134	4865
-2138	4863
-2142	4860
-2146	4857
-2150	4854
-2154	4852
-2159	4849
-2163	4846
-2166	4843
-2170	4839
-2174	4836
-2178	4833
-2182	4830
-2185	4826
-2188	4821
-2191	4816
-2194	4813
-2199	4812
-2203	4809
-2208	4806
-2211	4802
-2215	4799
-2219	4796
-2223	4793
-2225	4787
-2227	4783
-2231	4780
-2236	4778
-2238	4772
-2242	4769
-2247	4767
-2250	4763
-2253	4759
-2256	4755
-2259	4750
-2263	4748
-2267	4745
-2269	4739
-2273	4736
-2277	4734
-2281	4730
-2284	4726
-2288	4722
-2290	4718
-2293	4713
-2296	4709
-2300	4706
-2303	4702
-2307	4699
-2311	4695
-2313	4691
-2316	4686
-2318	4681
-2321	4677
-2325	4674
-2330	4672
-2334	4670
-2339	4668
-2342	4664
-2344	4659
-2347	4654
-2350	4649
-2352	4645
-2356	4642
-2361	4640
-2364	4637
-2368	4633
-2371	4629
-2374	4624
-2377	4621
-2381	4618
-2386	4617
-2390	4614
-2392	4608
-2395	4605
-2399	4602
-2401	4596
-2404	4592
-2407	4588
-2411	4585
-2414	4581
-2417	4577
-2420	4573
-2423	4568
-2426	4565
-2429	4561
-2433	4558
-2436	4554
-2440	4551
-2443	4547
-2446	4543
-2449	4539
-2452	4535
-2456	4532
-2459	4529
-2462	4524
-2465	4520
-2467	4515
-2470	4511
-2473	4507
-2476	4503
-2479	4499
-2482	4495
-2485	4491
-2487	4487
-2490	4483
-2493	4479
-2496	4475
-2499	4471
-2502	4466
-2505	4462
-2508	4458
-2511	4454
-2514	4451
-2517	4447
-2520	4443
-2523	4439
-2526	4435
-2530	4432
-2532	4428
-2535	4424
-2538	4419
-2541	4416
-2544	4412
-2546	4407
-2549	4403
-2551	4398
-2554	4395
-2557	4391
-2560	4387
-2563	4383
-2566	4379
-2569	4375
-2571	4371
-2574	4367
-2577	4363
-2579	4358
-2582	4354
-2584	4349
-2587	4345
-2589	4340
-2591	4335
-2594	4331
-2597	4327
-2599	4323
-2601	4319
-2605	4315
-2608	4311
-2610	4306
-2612	4302
-2615	4298
-2619	4295
-2621	4291
-2624	4287
-2627	4283
-2629	4279
-2632	4275
-2634	4270
-2636	4265
-2639	4261
-2641	4257
-2644	4253
-2647	4249
-2649	4245
-2653	4241
-2656	4238
-2659	4234
-2661	4230
-2664	4226
-2666	4221
-2670	4218
-2672	4213
-2674	4208
-2676	4204
-2679	4201
-2682	4197
-2685	4193
-2686	4187
-2687	4182
-2691	4179
-2694	4175
-2696	4171
-2697	4165
-2699	4161
-2702	4157
-2704	4153
-2703	4145
-2706	4141
-2707	4136
-2710	4132
-2712	4128
-2715	4124
-2717	4120
-2720	4115
-2723	4112
-2726	4108
-2729	4104
-2730	4100
-2733	4095
-2735	4091
-2737	4087
-2739	4082
-2742	4078
-2743	4073
-2745	4068
-2747	4064
-2750	4060
-2752	4056
-2754	4052
-2755	4046
-2757	4042
-2760	4038
-2763	4034
-2765	4030
-2767	4025
-2769	4021
-2770	4015
-2771	4011
-2774	4006
-2777	4003
-2780	3999
-2783	3996
-2784	3991
-2786	3987
-2788	3982
-2791	3978
-2793	3974
-2794	3969
-2795	3964
-2798	3959
-2799	3955
-2800	3950
-2802	3945
-2803	3940
-2805	3936
-2807	3931
-2808	3926
-2810	3921
-2812	3917
-2813	3912
-2814	3907
-2816	3902
-2817	3898
-2818	3893
-2821	3888
-2823	3884
-2822	3877
-2824	3873
-2824	3868
-2825	3862
-2826	3857
-2828	3853
-2830	3849
-2832	3845
-2833	3839
-2834	3834
-2836	3830
-2837	3825
-2838	3820
-2839	3816
-2841	3811
-2840	3805
-2841	3799
-2842	3794
-2844	3790
-2846	3786
-2848	3782
-2849	3777
-2850	3772
-2850	3766
-2851	3762
-2854	3758
-2856	3754
-2857	3749
-2857	3743
-2859	3739
-2860	3734
-2860	3728
-2862	3724
-2863	3719
-2864	3714
-2865	3710
-2868	3706
-2869	3701
-2870	3696
-2871	3691
-2871	3686
-2872	3681
-2874	3677
-2875	3673
-2875	3667
-2873	3660
-2875	3656
-2876	3651
-2875	3645
-2874	3639
-2875	3634
-2875	3629
-2875	3623
-2876	3618
-2876	3613
-2876	3608
-2876	3602
-2877	3597
-2877	3592
-2877	3587
-2877	3582
-2877	3576
-2878	3571
-2878	3566
-2877	3560
-2878	3555
-2879	3551
-2880	3546
-2880	3541
-2881	3536
-2881	3531
-2880	3525
-2881	3520
-2882	3516
-2883	3511
-2881	3505
-2882	3500
-2882	3495
-2882	3489
-2882	3485
-2883	3480
-2884	3475
-2884	3470
-2885	3466
-2885	3460
-2885	3455
-2885	3450
-2886	3445
-2886	3441
-2887	3436
-2887	3431
-2888	3426
-2888	3421
-2888	3416
-2890	3412
-2890	3407
-2892	3403
-2893	3399
-2894	3394
-2893	3389
-2894	3384
-2894	3379
-2896	3375
-2896	3371
-2896	3365
-2895	3360
-2895	3355
-2896	3351
-2898	3346
-2899	3342
-2899	3337
-2900	3333
-2899	3328
-2900	3323
-2901	3319
-2900	3313
-2900	3308
-2901	3304
-2902	3299
-2902	3295
-2901	3289
-2901	3284
-2902	3279
-2902	3275
-2901	3270
-2902	3265
-2902	3260
-2902	3256
-2902	3250
-2902	3246
-2903	3241
-2903	3237
-2904	3232
-2903	3227
-2904	3223
-2903	3217
-2902	3212
-2902	3207
-2903	3203
-2903	3198
-2902	3193
-2903	3189
-2904	3185
-2905	3180
-2906	3176
-2906	3171
-2906	3166
-2906	3162
-2906	3157
-2906	3152
-2905	3147
-2905	3142
-2906	3138
-2906	3133
-2905	3128
-2905	3124
-2906	3120
-2906	3115
-2907	3110
-2907	3106
-2908	3102
-2908	3097
-2908	3092
-2908	3088
-2908	3083
-2907	3078
-2908	3074
-2908	3069
-2908	3065
-2908	3060
-2908	3055
-2909	3051
-2909	3047
-2910	3043
-2910	3038
-2910	3034
-2910	3029
-2910	3025
-2911	3020
-2911	3016
-2910	3011
-2911	3007
-2911	3002
-2911	2998
-2911	2993
-2911	2989
-2911	2984
-2912	2980
-2913	2976
-2914	2972
-2914	2968
-2913	2963
-2914	2959
-2914	2954
-2913	2949
-2912	2944
-2912	2940
-2911	2935
-2909	2930
-2905	2923
-2901	2917
-2900	2912
-2904	2910
-2907	2907
-2907	2902
-2907	2898
-2907	2893
-2905	2888
-2900	2882
-2897	2876
-2895	2871
-2895	2867
-2895	2862
-2894	2857
-2893	2853
-2893	2848
-2893	2844
-2892	2839
-2892	2835
-2893	2831
-2893	2827
-2894	2823
-2893	2818
-2892	2813
-2892	2809
-2889	2804
-2888	2799
-2889	2795
-2888	2790
-2888	2786
-2887	2782
-2887	2777
-2886	2773
-2885	2768
-2885	2764
-2886	2760
-2886	2756
-2885	2751
-2884	2746
-2882	2742
-2881	2737
-2879	2732
-2879	2728
-2879	2724
-2878	2719
-2876	2714
-2876	2710
-2876	2706
-2876	2701
-2875	2697
-2874	2692
-2873	2688
-2872	2684
-2872	2679
-2872	2675
-2871	2671
-2870	2666
-2869	2662
-2868	2657
-2868	2653
-2867	2649
-2867	2645
-2867	2641
-2865	2636
-2865	2632
-2864	2627
-2864	2623
-2862	2619
-2861	2614
-2859	2609
-2857	2605
-2858	2601
-2856	2596
-2854	2592
-2854	2588
-2855	2584
-2855	2580
-2855	2576
-2855	2572
-2854	2567
-2851	2562
-2849	2558
-2852	2555
-2854	2551
-2854	2547
-2854	2543
-2851	2538
-2849	2534
-2849	2530
-2849	2526
-2847	2521
-2845	2517
-2844	2512
-2844	2509
-2842	2504
-2839	2499
-2840	2495
-2841	2492
-2840	2488
-2841	2484
-2838	2479
-2835	2474
-2836	2470
-2838	2467
-2836	2463
-2834	2458
-2833	2454
-2831	2450
-2830	2446
-2829	2441
-2822	2436
-2820	2431
-2821	2427
-2821	2423
-2820	2419
-2820	2415
-2818	2411
-2817	2407
-2814	2402
-2813	2398
-2813	2394
-2814	2391
-2815	2387
-2815	2383
-2813	2379
-2811	2375
-2812	2371
-2809	2367
-2808	2363
-2809	2359
-2808	2355
-2807	2351
-2803	2346
-2803	2342
-2802	2338
-2801	2334
-2801	2330
-2800	2326
-2798	2322
-2799	2319
-2798	2315
-2796	2311
-2794	2306
-2792	2302
-2792	2298
-2792	2295
-2787	2290
-2789	2286
-2790	2283
-2791	2279
-2793	2276
-2791	2272
-2790	2268
-2789	2264
-2789	2260
-2789	2257
-2789	2253
-2789	2249
-2787	2245
-2785	2241
-2783	2237
-2782	2233
-2782	2229
-2782	2225
-2781	2222
-2780	2218
-2779	2214
-2778	2210
-2776	2206
-2776	2202
-2776	2198
-2775	2195
-2774	2191
-2774	2187
-2774	2183
-2773	2179
-2767	2175
-2768	2171
-2769	2168
-2768	2164
-2767	2160
-2769	2157
-2766	2153
-2765	2149
-2766	2145
-2764	2141
-2763	2138
-2762	2134
-2760	2130
-2760	2126
-2760	2122
-2758	2119
-2757	2115
-2756	2111
-2755	2107
-2753	2103
-2751	2099
-2751	2096
-2751	2092
-2751	2089
-2750	2085
-2749	2081
-2748	2077
-2748	2074
-2747	2070
-2748	2067
-2745	2063
-2743	2059
-2741	2055
-2741	2051
-2741	2048
-2740	2044
-2737	2040
-2736	2036
-2734	2033
-2734	2029
-2733	2025
-2733	2022
-2733	2018
-2733	2015
-2732	2011
-2731	2007
-2732	2004
-2731	2000
-2732	1997
-2731	1993
-2729	1989
-2728	1986
-2726	1982
-2728	1979
-2729	1975
-2726	1971
-2726	1968
-2724	1964
-2724	1961
-2724	1957
-2722	1953
-2723	1950
-2721	1946
-2720	1943
-2720	1939
-2720	1936
-2719	1932
-2717	1928
-2715	1925
-2715	1921
-2716	1918
-2715	1914
-2712	1910
-2713	1907
-2714	1904
-2711	1900
-2709	1896
-2708	1893
-2706	1889
-2707	1886
-2707	1882
-2707	1879
-2708	1875
-2707	1872
-2705	1868
-2704	1864
-2703	1861
-2702	1857
-2701	1854
-2701	1850
-2699	1847
-2698	1843
-2697	1840
-2695	1836
-2696	1833
-2695	1829
-2694	1826
-2693	1822
-2693	1819
-2694	1815
-2693	1812
-2692	1808
-2690	1805
-2689	1801
-2687	1798
-2687	1794
-2686	1791
-2687	1787
-2687	1784
-2685	1780
-2683	1777
-2683	1774
-2681	1770
-2680	1767
-2680	1763
-2680	1760
-2678	1756
-2677	1753
-2677	1749
-2677	1746
-2677	1743
-2674	1739
-2673	1736
-2673	1732
-2672	1729
-2672	1725
-2672	1722
-2673	1718
-2674	1715
-2672	1712
-2668	1708
-2665	1705
-2664	1701
-2664	1698
-2665	1695
-2665	1691
-2661	1688
-2661	1684
-2661	1681
-2661	1678
-2660	1674
-2660	1671
-2660	1667
-2660	1664
-2660	1661
-2660	1657
-2660	1654
-2659	1650
-2658	1647
-2658	1644
-2657	1640
-2655	1637
-2654	1633
-2653	1630
-2653	1627
-2652	1623
-2652	1620
-2651	1617
-2649	1613
-2648	1610
-2649	1606
-2649	1603
-2647	1600
-2647	1596
-2647	1593
-2645	1590
-2644	1586
-2643	1583
-2644	1579
-2643	1576
-2641	1573
-2640	1569
-2639	1566
-2637	1563
-2636	1560
-2636	1556
-2635	1553
-2634	1549
-2634	1546
-2634	1543
-2634	1539
-2632	1536
-2631	1533
-2631	1529
-2629	1526
-2628	1523
-2629	1519
-2628	1516
-2627	1513
-2625	1510
-2624	1506
-2623	1503
-2621	1500
-2620	1496
-2620	1493
-2619	1490
-2618	1486
-2618	1483
-2619	1480
-2618	1476
-2617	1473
-2615	1470
-2614	1467
-2613	1463
-2612	1460
-2610	1457
-2609	1454
-2609	1450
-2609	1447
-2607	1444
-2606	1440
-2605	1437
-2607	1434
-2606	1430
-2605	1427
-2604	1424
-2602	1421
-2599	1418
-2599	1414
-2598	1411
-2598	1408
-2595	1405
-2594	1401
-2594	1398
-2592	1395
-2591	1392
-2589	1389
-2588	1385
-2589	1382
-2587	1379
-2585	1376
-2583	1373
-2581	1369
-2583	1366
-2582	1363
-2580	1360
-2579	1356
-2576	1353
-2576	1350
-2576	1347
-2576	1343
-2573	1340
-2572	1337
-2571	1334
-2572	1330
-2571	1327
-2570	1324
-2570	1321
-2568	1318
-2567	1314
-2566	1311
-2567	1308
-2564	1305
-2563	1302
-2561	1299
-2560	1295
-2559	1292
-2561	1289
-2561	1285
-2561	1282
-2558	1279
-2556	1276
-2554	1273
-2554	1270
-2552	1266
-2552	1263
-2554	1259
-2553	1256
-2551	1253
-2549	1250
-2549	1247
-2548	1244
-2547	1241
-2548	1237
-2546	1234
-2545	1231
-2543	1228
-2544	1224
-2543	1221
-2540	1218
-2540	1215
-2537	1212
-2538	1209
-2537	1205
-2535	1202
-2535	1199
-2534	1196
-2532	1193
-2532	1190
-2531	1186
-2529	1184
-2527	1181
-2526	1177
-2527	1174
-2525	1171
-2523	1168
-2524	1164
-2523	1161
-2522	1158
-2522	1155
-2523	1151
-2521	1148
-2519	1145
-2518	1142
-2516	1139
-2516	1136
-2516	1132
-2516	1129
-2514	1126
-2512	1123
-2512	1120
-2511	1117
-2509	1114
-2509	1110
-2509	1107
-2507	1104
-2505	1101
-2503	1098
-2502	1095
-2501	1092
-2501	1089
-2499	1086
-2498	1083
-2497	1079
-2496	1076
-2495	1073
-2494	1070
-2494	1067
-2493	1064
-2493	1060
-2492	1057
-2491	1054
-2490	1051
-2490	1047
-2490	1044
-2488	1041
-2486	1038
-2484	1035
-2483	1032
-2481	1029
-2479	1026
-2477	1024
-2477	1020
-2478	1016
-2478	1013
-2477	1010
-2477	1007
-2476	1004
-2475	1000
-2474	997
-2474	994
-2472	991
-2472	987
-2472	984
-2471	981
-2469	978
-2467	975
-2465	973
-2463	970
-2463	966
-2463	963
-2462	960
-2461	957
-2461	953
-2460	950
-2459	947
-2459	943
-2459	940
-2457	937
-2456	934
-2455	931
-2454	928
-2454	924
-2453	921
-2451	918
-2450	915
-2449	912
-2449	909
-2447	906
-2447	902
-2447	899
-2445	896
-2444	893
-2443	890
-2441	887
-2440	884
-2438	881
-2438	878
-2437	875
-2435	872
-2434	869
-2431	866
-2431	863
-2431	859
-2430	856
-2429	853
-2427	850
-2426	847
-2425	844
-2423	841
-2423	838
-2423	834
-2423	831
-2421	828
-2420	825
-2420	821
-2418	819
-2417	816
-2415	813
-2413	810
-2412	807
-2411	804
-2410	801
-2409	797
-2408	794
-2406	791
-2405	788
-2403	786
-2402	782
-2402	779
-2402	776
-2402	772
-2402	768
-2401	765
-2398	763
-2395	761
-2393	758
-2394	754
-2396	750
-2395	746
-2394	743
-2392	741
-2390	738
-2389	735
-2388	731
-2387	728
-2386	725
-2385	722
-2381	720
-2381	717
-2381	713
-2379	710
-2378	707
-2377	704
-2375	701
-2374	698
-2375	694
-2374	691
-2373	688
-2371	685
-2370	682
-2368	679
-2367	676
-2366	673
-2364	670
-2363	667
-2362	664
-2361	661
-2361	657
-2360	654
-2361	650
-2361	646
-2360	643
-2359	640
-2358	637
-2359	633
-2358	629
-2358	626
-2356	623
-2356	620
-2354	617
-2353	614
-2351	611
-2350	608
-2350	604
-2350	600
-2349	597
-2348	594
-2347	591
-2346	587
-2346	584
-2344	581
-2344	577
-2343	574
-2341	572
-2342	567
-2341	564
-2339	561
-2337	558
-2337	555
-2335	552
-2334	549
-2332	546
-2331	543
-2329	541
-2327	538
-2326	534
-2327	530
-2326	527
-2325	524
-2325	520
-2323	517
-2321	515
-2319	512
-2319	508
-2318	505
-2318	501
-2316	498
-2316	495
-2314	492
-2314	488
-2312	485
-2310	483
-2308	480
-2308	476
-2309	472
-2308	469
-2306	466
-2304	463
-2303	460
-2302	456
-2301	453
-2299	451
-2298	448
-2296	445
-2293	442
-2292	439
-2291	436
-2291	432
-2290	429
-2290	425
-2290	421
-2287	419
-2285	416
-2285	413
-2284	409
-2283	406
-2283	402
-2282	398
-2281	395
-2281	392
-2278	389
-2277	386
-2277	382
-2276	379
-2275	376
-2274	372
-2275	368
-2272	365
-2270	362
-2268	360
-2266	357
-2264	354
-2263	351
-2262	348
-2260	345
-2258	342
-2257	339
-2257	335
-2256	332
-2256	328
-2254	325
-2253	322
-2252	319
-2252	315
-2251	311
-2250	308
-2248	305
-2244	303
-2242	301
-2242	297
-2241	294
-2240	290
-2239	287
-2238	283
-2238	279
-2237	275
-2235	273
-2233	270
-2233	266
-2231	264
-2229	261
-2227	258
-2224	256
-2222	253
-2221	250
-2220	247
-2219	243
-2217	240
-2211	240
-2208	238
-2209	234
-2207	230
-2206	227
-2205	223
-2204	220
-2201	218
-2199	216
-2198	212
-2197	208
-2196	205
-2195	202
-2194	198
-2193	195
-2191	192
-2189	189
-2188	186
-2187	183
-2187	178
-2186	175
-2185	171
-2183	169
-2182	165
-2181	161
-2179	159
-2178	155
-2177	152
-2176	148
-2175	145
-2173	142
-2167	142
-2164	140
-2162	138
-2158	136
-2156	133
-2153	131
-2149	130
-2147	128
-2143	126
-2139	124
-2136	123
-2133	121
-2132	118
-2130	114
-2128	111
-2126	109
-2126	105
-2125	101
-2123	98
-2121	96
-2120	92
-2121	87
-2120	83
-2119	80
-2118	77
-2117	73
-2116	69
-2114	67
-2112	64
-2109	62
-2108	58
-2108	54
-2107	50
-2106	46
-2104	44
-2104	40
-2103	36
-2102	32
-2100	29
-2099	26
-2098	22
-2098	18
-2095	16
-2094	12
-2093	8
-2093	4
-2092	0
-2091	-3
-2090	-7
-2088	-10
-2086	-12
-2085	-16
-2083	-20
-2082	-23
-2080	-26
-2080	-30
-2079	-34
-2078	-37
-2076	-41
-2075	-44
-2074	-48
-2072	-51
-2072	-56
-2071	-59
-2070	-63
-2068	-66
-2068	-70
-2065	-73
-2062	-75
-2062	-79
-2061	-83
-2060	-87
-2058	-89
-2057	-93
-2056	-97
-2054	-100
-2053	-104
-2051	-107
-2051	-112
-2051	-116
-2049	-119
-2048	-123
-2047	-127
-2045	-130
-2044	-134
-2042	-136
-2039	-139
-2038	-142
-2038	-147
-2037	-152
-2036	-156
-2036	-159
-2037	-165
-2035	-169
-2033	-172
-2031	-175
-2030	-179
-2028	-182
-2027	-186
-2026	-190
-2026	-194
-2026	-199
-2024	-202
-2023	-206
-2021	-209
-2019	-212
-2018	-216
-2018	-221
-2016	-225
-2015	-229
-2015	-233
-2012	-236
-2005	-234
-1997	-231
-1991	-230
-1981	-225
-1969	-218
-1962	-216
-1959	-218
-1956	-220
-1951	-220
-1943	-217
-1938	-217
-1931	-214
-1926	-214
-1921	-214
-1916	-214
-1913	-216
-1910	-218
-1900	-212
-1888	-205
-1883	-205
-1880	-206
-1877	-208
-1870	-206
-1865	-206
-1864	-209
-1860	-210
-1854	-209
-1844	-204
-1833	-197
-1821	-189
-1814	-187
-1813	-190
-1812	-194
-1808	-195
-1801	-192
-1795	-190
-1789	-189
-1784	-189
-1780	-189
-1776	-190
-1774	-192
-1777	-200
-1769	-197
-1763	-195
-1757	-194
-1753	-194
-1748	-194
-1744	-194
-1739	-193
-1735	-194
-1730	-193
-1725	-192
-1719	-191
-1715	-191
-1713	-193
-1711	-196
-1704	-194
-1691	-184
-1680	-176
-1675	-174
-1670	-173
-1665	-173
-1661	-174
-1660	-177
-1659	-180
-1657	-184
-1655	-186
-1654	-190
-1652	-192
-1650	-195
-1639	-187
-1631	-183
-1627	-182
-1623	-183
-1618	-182
-1613	-181
-1609	-181
-1604	-180
-1600	-180
-1596	-180
-1592	-180
-1589	-181
-1585	-182
-1583	-184
-1581	-187
-1582	-192
-1578	-194
-1573	-192
-1569	-192
-1565	-193
-1562	-194
-1559	-194
-1556	-196
-1546	-189
-1541	-187
-1538	-188
-1536	-191
-1535	-195
-1532	-196
-1528	-196
-1525	-197
-1522	-198
-1519	-199
-1516	-200
-1512	-201
-1506	-197
-1503	-199
-1499	-199
-1494	-198
-1488	-195
-1484	-194
-1479	-194
-1476	-195
-1472	-194
-1470	-196
-1458	-186
-1455	-186
-1452	-187
-1448	-188
-1445	-189
-1442	-189
-1439	-191
-1436	-191
-1431	-190
-1427	-190
-1425	-192
-1422	-194
-1420	-195
-1416	-195
-1412	-195
-1408	-194
-1405	-195
-1404	-199
-1398	-195
-1393	-195
-1391	-196
-1386	-195
-1381	-193
-1376	-191
-1372	-191
-1368	-190
-1365	-191
-1361	-190
-1354	-185
-1348	-182
-1344	-181
-1340	-181
-1340	-186
-1336	-186
-1331	-183
-1327	-182
-1324	-183
-1321	-185
-1319	-187
-1318	-191
-1315	-191
-1313	-193
-1310	-195
-1306	-194
-1303	-195
-1301	-197
-1299	-200
-1293	-196
-1284	-187
-1277	-182
-1273	-181
-1268	-178
-1264	-177
-1261	-178
-1258	-179
-1254	-178
-1251	-178
-1247	-178
-1245	-180
-1241	-180
-1238	-180
-1233	-178
-1230	-178
-1227	-178
-1224	-179
-1221	-180
-1217	-179
-1213	-178
-1210	-178
-1206	-178
-1203	-179
-1200	-179
-1197	-179
-1194	-180
-1191	-179
-1187	-179
-1184	-179
-1181	-180
-1177	-179
-1174	-179
-1170	-179
-1167	-179
-1164	-180
-1161	-181
-1158	-180
-1154	-180
-1151	-179
-1147	-179
-1145	-180
-1141	-180
-1138	-179
-1134	-178
-1130	-178
-1127	-177
-1124	-179
-1120	-177
-1116	-176
-1113	-176
-1110	-177
-1108	-179
-1105	-178
-1102	-178
-1099	-179
-1096	-179
-1093	-180
-1090	-181
-1086	-180
-1083	-178
-1079	-177
-1075	-176
-1072	-176
-1069	-176
-1066	-176
-1063	-176
-1060	-177
-1057	-177
-1054	-179
-1052	-180
-1049	-180
-1046	-180
-1042	-179
-1039	-180
-1037	-180
-1033	-179
-1029	-178
-1026	-179
-1024	-181
-1021	-180
-1018	-181
-1015	-180
-1011	-180
-1009	-180
-1005	-179
-1002	-180
-999	-180
-996	-179
-993	-179
-987	-174
-979	-163
-971	-153
-966	-149
-962	-148
-960	-149
-958	-151
-956	-154
-954	-155
-951	-155
-949	-156
-946	-156
-944	-159
-942	-161
-940	-163
-938	-165
-936	-167
-934	-169
-932	-172
-930	-174
-927	-174
-924	-172
-919	-170
-915	-165
-910	-163
-899	-145
-894	-140
-891	-140
-888	-140
-886	-142
-868	-107
-864	-106
-862	-106
-859	-106
-856	-106
-854	-107
-851	-107
-849	-108
-846	-109
-844	-111
-842	-112
-839	-113
-837	-114
-834	-114
-775	1
-772	2
-769	3
-766	2
-764	1
-762	1
-759	2
-755	4
-752	5
-750	5
-748	4
-745	3
-743	3
-741	2
-738	3
-735	3
-732	4
-730	3
-728	1
-729	-7
-728	-12
-727	-15
-722	-10
-718	-6
-716	-6
-716	-14
-744	-127
-741	-127
-740	-132
-739	-138
-737	-139
-735	-140
-732	-140
-730	-141
-728	-143
-725	-144
-723	-145
-721	-146
-718	-146
-716	-147
-713	-148
-711	-149
-709	-150
-706	-151
-704	-152
-701	-152
-699	-153
-696	-153
-694	-153
-691	-155
-689	-155
-686	-155
-683	-152
-677	-144
-678	-154
-675	-155
-662	-123
-659	-121
-656	-119
-652	-117
-649	-116
-647	-116
-643	-114
-640	-113
-638	-112
-635	-112
-632	-110
-630	-112
-629	-116
-627	-119
-625	-120
-622	-119
-630	-155
-629	-158
-629	-170
-629	-178
-623	-164
-622	-173
-620	-174
-618	-175
-607	-146
-604	-145
-601	-144
-598	-143
-595	-143
-596	-155
-597	-166
-597	-175
-594	-176
-591	-175
-589	-174
-586	-176
-585	-179
-582	-177
-579	-177
-576	-177
-573	-176
-571	-177
-569	-178
-566	-178
-563	-175
-560	-176
-558	-177
-555	-177
-552	-176
-550	-176
-548	-177
-545	-179
-543	-180
-541	-181
-538	-181
-536	-181
-533	-183
-531	-185
-528	-184
-526	-183
-523	-181
-520	-182
-518	-183
-515	-181
-512	-181
-510	-182
-507	-181
-505	-182
-502	-183
-500	-183
-497	-184
-495	-185
-492	-185
-489	-183
-487	-183
-484	-183
-482	-184
-479	-184
-477	-185
-474	-184
-471	-182
-469	-183
-466	-183
-464	-184
-462	-184
-459	-184
-456	-184
-454	-184
-451	-183
-448	-181
-446	-181
-443	-183
-441	-184
-439	-185
-436	-185
-433	-184
-431	-183
-428	-183
-426	-183
-423	-184
-420	-182
-418	-182
-416	-183
-413	-185
-410	-183
-408	-183
-405	-183
-403	-185
-400	-184
-398	-183
-395	-182
-392	-181
-390	-182
-388	-182
-385	-184
-383	-185
-380	-184
-378	-185
-375	-185
-373	-183
-370	-183
-368	-184
-365	-183
-362	-182
-360	-182
-358	-183
-355	-184
-353	-184
-350	-184
-348	-185
-345	-185
-343	-186
-340	-184
-337	-182
-335	-183
-333	-183
-330	-181
-327	-182
-325	-183
-323	-183
-320	-184
-318	-183
-315	-181
-312	-182
-310	-182
-307	-181
-305	-182
-303	-183
-300	-183
-298	-184
-295	-185
-293	-184
-290	-185
-288	-184
-285	-184
-283	-185
-280	-184
-278	-184
-275	-184
-273	-185
-270	-184
-268	-182
-265	-181
-263	-182
-260	-181
-258	-181
-255	-182
-253	-181
-250	-181
-248	-181
-246	-182
-243	-181
-241	-181
-238	-181
-236	-183
-233	-183
-231	-183
-228	-183
-226	-182
-223	-183
-221	-182
-218	-182
-216	-182
-213	-181
-211	-182
-209	-182
-206	-183
-204	-183
-201	-182
-199	-183
-196	-183
-194	-182
-191	-182
-189	-182
-187	-182
-184	-183
-182	-183
-179	-183
-177	-182
-174	-180
-172	-179
-169	-180
-167	-182
-164	-183
-162	-182
-160	-182
-157	-183
-155	-182
-152	-182
-150	-180
-147	-178
-145	-177
-142	-177
-140	-177
-137	-178
-135	-178
-133	-179
-130	-181
-128	-181
-125	-181
-123	-183
-120	-183
-118	-182
-115	-182
-113	-181
-111	-181
-108	-182
-106	-181
-103	-180
-101	-180
-98	-181
-96	-182
-93	-181
-91	-181
-89	-180
-86	-178
-84	-176
-81	-177
-79	-180
-74	-181
-72	-182
-69	-181
-67	-182
-64	-182
-62	-182
-59	-182
-57	-182
-54	-182
-52	-181
-50	-181
-47	-181
-45	-181
-42	-181
-40	-182
-37	-182
-35	-182
-32	-181
-30	-181
-28	-181
-25	-180
-23	-180
-20	-180
-18	-181
-15	-181
-13	-182
-10	-182
-8	-182
-6	-182
-3	-182
-1	-182
2	-181
4	-183
7	-182
9	-181
12	-181
14	-181
16	-182
19	-182
21	-181
24	-181
26	-180
29	-181
31	-181
34	-182
36	-181
38	-181
41	-182
43	-182
46	-180
48	-181
51	-181
53	-181
56	-183
58	-183
61	-184
63	-183
65	-181
68	-181
70	-181
73	-182
75	-182
78	-182
80	-182
83	-182
85	-182
88	-181
90	-181
92	-181
95	-180
97	-180
100	-182
102	-181
105	-181
107	-182
110	-183
112	-181
115	-183
117	-182
120	-181
122	-181
124	-180
127	-180
129	-181
132	-182
134	-182
137	-182
139	-181
142	-182
144	-182
147	-181
149	-181
152	-183
154	-183
157	-183
159	-181
161	-180
164	-180
167	-182
169	-182
171	-181
174	-181
176	-181
179	-182
181	-182
184	-181
186	-181
189	-182
191	-181
194	-183
197	-184
199	-181
201	-180
204	-181
206	-181
209	-181
211	-182
214	-181
216	-181
219	-182
222	-183
224	-184
226	-181
229	-181
231	-182
234	-182
236	-181
239	-181
242	-183
244	-183
246	-182
249	-182
251	-181
254	-181
256	-181
259	-182
261	-182
264	-181
267	-183
269	-182
272	-183
274	-183
276	-181
279	-181
282	-181
284	-183
287	-183
290	-184
292	-181
294	-181
297	-181
299	-182
302	-181
305	-183
307	-183
310	-184
312	-183
315	-183
317	-182
320	-182
322	-181
325	-181
327	-181
330	-182
333	-182
335	-181
337	-181
340	-182
343	-182
345	-182
348	-181
350	-180
352	-179
355	-180
358	-183
361	-183
364	-184
366	-183
368	-183
371	-183
374	-182
376	-183
379	-182
381	-183
384	-182
386	-182
389	-182
392	-182
395	-184
397	-184
399	-182
402	-182
405	-182
407	-183
409	-181
412	-179
414	-180
417	-181
420	-182
423	-183
425	-182
428	-182
431	-184
433	-182
436	-181
438	-182
441	-183
444	-183
447	-184
449	-183
452	-183
455	-183
457	-182
459	-180
461	-180
464	-181
467	-181
470	-182
473	-183
475	-182
478	-182
480	-181
483	-183
486	-183
489	-182
491	-180
493	-181
496	-181
499	-183
501	-180
504	-181
506	-180
509	-179
512	-179
515	-180
518	-183
521	-183
523	-182
526	-181
528	-181
531	-181
534	-181
536	-179
538	-177
541	-178
544	-180
547	-180
549	-179
551	-177
554	-176
556	-176
559	-175
561	-174
563	-173
566	-173
569	-172
572	-173
573	-171
572	-160
574	-157
577	-157
580	-159
583	-160
586	-160
589	-160
593	-165
596	-164
598	-163
600	-162
603	-162
604	-157
604	-150
606	-147
608	-145
610	-144
613	-145
617	-148
622	-154
627	-159
630	-160
632	-158
634	-156
636	-155
638	-152
639	-149
642	-149
644	-148
647	-147
649	-146
653	-148
656	-150
660	-154
664	-156
667	-156
670	-155
672	-155
674	-154
677	-153
679	-152
682	-152
685	-152
685	-145
687	-142
689	-140
691	-140
694	-140
697	-140
701	-144
707	-150
710	-151
712	-150
715	-149
717	-149
720	-148
722	-147
725	-146
727	-145
729	-143
731	-142
734	-142
737	-141
739	-140
742	-139
744	-138
747	-137
748	-134
748	-129
750	-126
751	-122
723	-18
724	-14
723	-7
724	-3
726	-1
728	0
731	1
733	2
735	3
737	4
739	5
742	5
745	4
749	1
776	2
778	5
780	5
783	4
786	4
872	-143
877	-146
882	-149
887	-153
891	-155
893	-153
894	-149
894	-144
895	-139
896	-137
898	-134
900	-132
903	-131
911	-141
918	-148
922	-150
925	-150
926	-147
926	-141
926	-136
927	-132
929	-129
932	-129
935	-129
937	-127
940	-127
974	-181
977	-182
981	-184
984	-183
986	-181
989	-181
992	-180
996	-181
999	-180
999	-174
995	-163
995	-157
1001	-162
1008	-169
1013	-171
1017	-172
1020	-171
1023	-172
1027	-173
1030	-172
1034	-174
1037	-174
1041	-174
1043	-172
1044	-169
1048	-170
1051	-169
1054	-169
1058	-170
1061	-170
1064	-169
1068	-170
1071	-169
1077	-173
1080	-173
1082	-170
1085	-171
1088	-170
1093	-172
1096	-172
1100	-172
1102	-171
1105	-170
1108	-170
1113	-171
1115	-170
1120	-172
1123	-172
1128	-173
1132	-174
1135	-174
1139	-175
1142	-175
1145	-173
1147	-172
1151	-172
1155	-173
1157	-170
1159	-169
1163	-169
1169	-173
1173	-174
1174	-170
1179	-172
1183	-173
1187	-174
1188	-171
1190	-168
1193	-167
1197	-168
1201	-168
1206	-171
1210	-171
1213	-170
1216	-170
1220	-171
1225	-172
1228	-171
1235	-175
1238	-174
1241	-174
1244	-173
1247	-172
1249	-170
1254	-172
1259	-174
1263	-175
1267	-175
1272	-176
1275	-175
1278	-174
1282	-175
1284	-173
1288	-174
1293	-174
1296	-174
1300	-174
1304	-175
1307	-174
1312	-175
1327	-190
1330	-189
1332	-187
1337	-188
1339	-186
1342	-185
1346	-185
1349	-184
1355	-187
1358	-187
1363	-187
1368	-189
1371	-188
1375	-188
1377	-186
1380	-185
1381	-181
1401	-202
1391	-183
1390	-176
1393	-175
1409	-191
1416	-195
1417	-192
1407	-174
1409	-171
1411	-169
1426	-182
1431	-183
1438	-188
1448	-194
1446	-187
1443	-179
1444	-175
1459	-188
1460	-184
1463	-183
1462	-177
1467	-178
1471	-179
1473	-176
1474	-172
1489	-185
1500	-193
1510	-195
1513	-194
1516	-192
1522	-195
1527	-195
1519	-182
1522	-180
1524	-177
1529	-178
1535	-180
1549	-192
1554	-192
1556	-190
1562	-191
1558	-182
1556	-174
1557	-171
1566	-177
1575	-182
1579	-181
1583	-181
1587	-180
1589	-178
1592	-176
1596	-176
1603	-179
1607	-178
1611	-178
1616	-179
1610	-167
1610	-162
1626	-176
1633	-178
1650	-191
1640	-176
1642	-173
1645	-172
1649	-171
1652	-169
1654	-167
1660	-169
1671	-175
1674	-174
1677	-171
1679	-169
1681	-167
1685	-165
1691	-167
1705	-177
1711	-179
1715	-178
1717	-176
1719	-173
1721	-169
1721	-164
1722	-161
1725	-159
1730	-159
1736	-161
1740	-160
1744	-159
1747	-158
1750	-156
1756	-157
1764	-160
1767	-159
1777	-164
1779	-161
1787	-164
1793	-166
1798	-165
1805	-167
1807	-165
1809	-162
1814	-162
1820	-163
1822	-160
1823	-157
1826	-155
1830	-153
1833	-151
1836	-149
1840	-148
1847	-151
1849	-148
1853	-147
1859	-148
1869	-152
1870	-149
1872	-146
1875	-143
1876	-140
1879	-138
1880	-134
1883	-132
1887	-131
1892	-131
1897	-131
1913	-141
1920	-142
1926	-143
1916	-130
1919	-127
1927	-130
1936	-133
1941	-133
1944	-131
1945	-127
1945	-123
1946	-119
1949	-117
1953	-116
1958	-115
1973	-124
1976	-122
1977	-118
1979	-115
1982	-112
1983	-109
1986	-106
1990	-105
1996	-106
2006	-110
2022	-119
2031	-122
2035	-121
2039	-119
2043	-118
2046	-116
2050	-114
2057	-115
2062	-115
2063	-111
2065	-108
2069	-106
2072	-105
2076	-102
2077	-99
2081	-98
2089	-99
2101	-105
2103	-102
2109	-102
2127	-112
2138	-115
2141	-113
2141	-109
2143	-106
2146	-103
2152	-103
2156	-102
2159	-99
2161	-96
2165	-94
2171	-95
2186	-102
2198	-107
2201	-104
2204	-101
2209	-101
2216	-101
2223	-102
2231	-104
2240	-106
2249	-108
2252	-105
2255	-103
2264	-105
2268	-103
2272	-101
2271	-96
2279	-97
2290	-100
2294	-99
2296	-95
2297	-92
2301	-90
2306	-88
2308	-85
2310	-82
2311	-78
2314	-75
2323	-77
2325	-73
2326	-70
2330	-68
2333	-65
2338	-64
2346	-65
2355	-66
2360	-65
2362	-62
2362	-57
2363	-53
2364	-49
2364	-44
2363	-39
2364	-34
2364	-30
2367	-27
2370	-24
2372	-21
2372	-16
2373	-12
2375	-9
2377	-6
2377	-1
2378	3
2378	7
2380	11
2380	16
2380	20
2382	24
2382	29
2382	33
2381	38
2381	43
2380	49
2380	53
2382	57
2380	62
2382	65
2383	70
2384	73
2385	77
2386	81
2386	86
2388	89
2391	92
2392	96
2392	100
2394	103
2394	108
2393	113
2394	117
2395	121
2396	125
2397	129
2399	132
2401	135
2402	139
2403	143
2402	148
2402	153
2404	156
2407	158
2409	162
2406	168
2408	171
2409	175
2411	178
2412	182
2413	186
2414	190
2414	194
2414	198
2415	203
2417	206
2418	209
2420	213
2421	216
2421	221
2422	225
2421	229
2421	234
2424	236
2427	239
2428	243
2429	247
2429	251
2430	255
2431	258
2432	262
2434	265
2435	269
2435	273
2434	278
2435	282
2436	286
2438	289
2440	292
2439	297
2438	302
2440	305
2442	308
2444	312
2445	315
2445	319
2446	323
2447	327
2449	330
2450	334
2450	338
2451	342
2452	345
2453	349
2453	353
2456	356
2459	359
2460	362
2463	365
2467	367
2472	369
2474	371
2474	376
2474	380
2479	382
2473	389
2477	391
2478	395
2477	400
2476	404
2477	408
2480	411
2481	414
2481	418
2482	422
2485	424
2489	427
2490	431
2490	435
2490	439
2486	444
2486	449
2489	452
2493	454
2495	457
2495	461
2495	465
2495	469
2495	473
2495	477
2495	481
2495	486
2495	490
2495	494
2498	496
2498	501
2495	506
2498	509
2500	512
2501	515
2501	519
2501	523
2503	527
2504	530
2505	534
2506	538
2506	541
2509	544
2510	548
2509	552
2507	557
2511	559
2514	562
2515	566
2514	570
2515	574
2517	577
2519	580
2517	584
2518	588
2521	591
2524	594
2525	597
2525	601
2524	606
2523	610
2527	612
2529	615
2528	620
2528	624
2528	628
2527	632
2530	635
2529	639
2529	643
2530	647
2531	650
2529	655
2531	658
2533	661
2528	667
2526	672
2526	675
2529	679
2531	682
2532	685
2534	688
2534	692
2535	696
2536	699
2535	703
2535	707
2537	711
2537	714
2537	718
2535	723
2536	726
2538	729
2538	733
2539	737
2540	740
2541	744
2543	747
2544	750
2544	754
2544	758
2545	762
2546	765
2547	768
2548	772
2548	776
2549	779
2550	783
2552	786
2553	789
2553	793
2554	797
2553	801
2554	804
2554	808
2553	812
2554	816
2556	819
2557	822
2558	826
2557	830
2558	833
2559	837
2560	840
2561	844
2562	847
2562	851
2561	855
2561	859
2561	863
2563	866
2565	869
2565	873
2566	876
2566	880
2565	884
2566	887
2568	891
2569	894
2568	898
2568	902
2569	905
2570	909
2571	912
2572	916
2573	919
2573	923
2573	927
2572	931
2572	934
2573	938
2576	941
2575	945
2576	948
2577	951
2578	955
2579	958
2579	962
2580	966
2579	970
2579	973
2580	977
2581	980
2582	984
2583	987
2582	991
2582	995
2583	998
2583	1002
2583	1005
2584	1009
2584	1013
2584	1016
2584	1020
2584	1024
2585	1027
2585	1031
2585	1035
2585	1038
2587	1041
2587	1045
2586	1049
2587	1052
2587	1056
2587	1060
2589	1063
2591	1066
2591	1070
2591	1073
2591	1077
2592	1080
2591	1084
2592	1088
2592	1091
2592	1095
2591	1099
2592	1102
2594	1106
2596	1109
2595	1113
2596	1116
2596	1120
2597	1123
2598	1126
2600	1130
2602	1133
2599	1137
2600	1141
2600	1144
2601	1148
2600	1151
2601	1155
2603	1158
2603	1162
2604	1165
2603	1169
2604	1172
2605	1176
2604	1180
2602	1184
2602	1187
2603	1191
2604	1194
2605	1198
2605	1201
2605	1205
2609	1208
2610	1211
2609	1215
2610	1218
2611	1222
2611	1225
2611	1229
2611	1233
2611	1236
2612	1240
2612	1243
2612	1247
2613	1250
2614	1254
2612	1257
2612	1261
2613	1264
2614	1268
2614	1271
2616	1275
2616	1279
2615	1282
2616	1286
2615	1289
2616	1293
2617	1296
2619	1300
2619	1303
2620	1307
2621	1310
2621	1314
2620	1317
2620	1321
2620	1324
2621	1328
2621	1331
2620	1335
2621	1339
2622	1342
2622	1346
2622	1349
2623	1353
2622	1356
2625	1360
2624	1363
2624	1367
2624	1370
2624	1374
2625	1377
2627	1381
2626	1384
2627	1388
2627	1391
2628	1395
2627	1398
2626	1402
2626	1406
2627	1409
2625	1413
2626	1416
2627	1420
2628	1423
2629	1427
2627	1430
2628	1434
2629	1437
2630	1441
2630	1444
2629	1448
2628	1452
2629	1455
2630	1459
2629	1462
2629	1466
2630	1469
2630	1473
2630	1476
2631	1480
2632	1483
2632	1487
2632	1490
2633	1494
2634	1497
2635	1501
2636	1504
2635	1508
2636	1511
2637	1515
2637	1518
2637	1522
2637	1525
2639	1529
2638	1532
2638	1536
2638	1540
2638	1543
2639	1547
2638	1550
2638	1554
2637	1557
2637	1561
2637	1564
2638	1568
2639	1571
2639	1575
2640	1578
2640	1582
2640	1586
2640	1589
2641	1593
2643	1596
2643	1600
2643	1603
2643	1607
2644	1610
2645	1614
2645	1617
2645	1621
2643	1624
2646	1628
2648	1631
2648	1635
2648	1639
2648	1642
2648	1646
2648	1649
2648	1653
2649	1656
