2532	1662
2532	1665
2532	1669
2531	1672
2531	1675
2532	1679
2531	1686
2530	1689
2529	1692
2529	1696
2531	1699
2532	1703
2533	1706
2534	1709
2535	1713
2535	1716
2536	1720
2536	1723
2536	1726
2536	1730
2538	1733
2538	1737
2537	1740
2536	1743
2536	1747
2535	1750
2536	1754
2536	1757
2536	1760
2537	1764
2538	1767
2538	1771
2538	1774
2537	1777
2538	1781
2538	1784
2539	1788
2539	1791
2539	1795
2539	1798
2539	1801
2540	1805
2539	1808
2538	1812
2536	1815
2534	1818
2535	1822
2535	1825
2536	1829
2537	1832
2538	1836
2536	1839
2536	1842
2537	1846
2540	1849
2542	1853
2547	1857
2546	1860
2546	1863
2547	1867
2548	1870
2549	1874
2549	1877
2548	1881
2549	1884
2551	1888
2552	1891
2553	1895
2553	1898
2553	1902
2555	1905
2555	1909
2555	1912
2556	1916
2556	1919
2555	1923
2556	1926
2557	1930
2558	1933
2560	1937
2560	1940
2562	1944
2563	1948
2563	1951
2562	1955
2565	1958
2566	1962
2565	1965
2565	1969
2566	1972
2566	1976
2566	1979
2566	1983
2567	1986
2567	1990
2566	1993
2565	1997
2564	2000
2566	2004
2569	2008
2568	2011
2569	2015
2568	2018
2569	2022
2569	2025
2568	2028
2568	2032
2568	2035
2569	2039
2572	2043
2573	2047
2570	2050
2569	2053
2569	2057
2572	2061
2572	2064
2571	2067
2571	2071
2574	2075
2574	2079
2573	2082
2571	2085
2571	2089
2572	2092
2574	2096
2574	2100
2574	2103
2574	2107
2573	2110
2573	2114
2573	2117
2572	2121
2573	2124
2572	2128
2574	2132
2574	2135
2574	2139
2575	2142
2575	2146
2577	2150
2576	2153
2577	2157
2578	2161
2577	2164
2576	2168
2576	2171
2576	2175
2578	2179
2578	2182
2577	2186
2577	2189
2578	2193
2578	2197
2578	2200
2578	2204
2578	2207
2579	2211
2580	2215
2580	2218
2580	2222
2580	2226
2581	2229
2580	2233
2579	2236
2581	2240
2582	2244
2581	2248
2582	2251
2582	2255
2584	2259
2583	2262
2581	2266
2580	2269
2581	2273
2581	2277
2580	2280
2581	2284
2580	2287
2580	2291
2578	2294
2576	2297
2576	2301
2577	2305
2579	2309
2580	2313
2581	2317
2582	2321
2583	2325
2582	2328
2581	2331
2581	2335
2582	2339
2581	2342
2581	2346
2580	2349
2581	2353
2584	2358
2584	2362
2583	2365
2582	2368
2579	2371
2579	2375
2581	2379
2582	2383
2583	2387
2584	2391
2584	2395
2584	2398
2583	2402
2583	2406
2583	2409
2583	2413
2582	2417
2584	2421
2584	2425
2586	2429
2588	2433
2588	2437
2587	2440
2586	2444
2586	2448
2587	2452
2587	2456
2586	2459
2585	2463
2584	2466
2585	2470
2582	2473
2579	2476
2580	2480
2583	2484
2585	2489
2586	2493
2585	2496
2584	2500
2584	2504
2585	2508
2586	2512
2586	2516
2585	2519
2585	2523
2587	2527
2586	2531
2584	2534
2583	2538
2585	2542
2585	2546
2584	2549
2583	2553
2581	2556
2582	2560
2581	2564
2582	2568
2586	2573
2587	2577
2586	2581
2585	2584
2584	2588
2591	2594
2592	2599
2592	2602
2592	2606
2593	2610
2590	2614
2589	2617
2590	2621
2589	2625
2588	2628
2588	2632
2588	2636
2588	2640
2588	2644
2588	2648
2589	2652
2589	2656
2586	2659
2585	2662
2585	2667
2586	2671
2584	2674
2586	2679
2586	2682
2584	2686
2584	2690
2584	2694
2586	2698
2586	2702
2585	2706
2585	2710
2585	2714
2587	2719
2587	2723
2586	2726
2584	2729
2583	2733
2582	2737
2581	2741
2581	2744
2581	2749
2584	2754
2583	2757
2585	2762
2585	2766
2588	2772
2586	2775
2586	2779
2585	2782
2584	2786
2584	2790
2584	2794
2585	2799
2586	2803
2586	2807
2585	2811
2584	2815
2585	2819
2583	2822
2584	2827
2585	2831
2584	2835
2584	2840
2587	2845
2585	2848
2584	2852
2585	2856
2585	2860
2584	2864
2583	2868
2582	2872
2583	2876
2585	2881
2586	2886
2586	2890
2588	2895
2587	2899
2587	2903
2586	2907
2584	2910
2585	2915
2587	2920
2588	2924
2588	2929
2588	2933
2588	2937
2586	2941
2585	2944
2584	2948
2586	2953
2586	2958
2586	2962
2586	2966
2585	2970
2583	2973
2583	2978
2583	2982
2583	2986
2584	2991
2586	2996
2586	3001
2585	3004
2585	3009
2584	3013
2587	3018
2588	3024
2588	3028
2588	3032
2587	3036
2587	3040
2586	3044
2585	3048
2583	3051
2581	3055
2582	3060
2584	3065
2585	3070
2586	3075
2584	3078
2586	3084
2587	3089
2585	3092
2584	3096
2584	3101
2584	3105
2583	3109
2583	3113
2584	3118
2584	3123
2584	3127
2576	3127
2547	3116
2537	3115
2533	3117
2533	3122
2530	3125
2522	3125
2518	3127
2514	3129
2511	3132
2509	3135
2509	3139
2507	3142
2506	3147
2507	3152
2510	3158
2517	3166
2524	3175
2528	3182
2580	3216
2579	3220
2578	3224
2579	3229
2579	3234
2579	3239
2578	3243
2577	3247
2577	3252
2576	3256
2572	3258
2572	3263
2571	3267
2570	3271
2574	3278
2574	3283
2572	3286
2571	3290
2572	3296
2571	3300
2570	3304
2569	3308
2568	3313
2569	3318
2569	3323
2569	3327
2568	3331
2567	3336
2567	3340
2568	3346
2567	3350
2567	3355
2566	3359
2566	3364
2566	3369
2566	3373
2564	3377
2563	3381
2562	3385
2560	3389
2559	3393
2559	3398
2558	3402
2556	3406
2559	3413
2559	3418
2559	3423
2557	3427
2557	3431
2555	3435
2554	3440
2555	3445
2554	3449
2552	3453
2553	3458
2554	3464
2551	3467
2550	3471
2548	3475
2550	3482
2550	3487
2549	3491
2549	3496
2547	3500
2546	3504
2546	3509
2544	3513
2545	3519
2543	3523
2542	3527
2541	3531
2539	3535
2539	3540
2539	3545
2540	3551
2539	3555
2538	3560
2538	3565
2536	3569
2535	3574
2534	3578
2534	3583
2533	3587
2533	3592
2533	3598
2530	3601
2528	3604
2527	3610
2527	3615
2529	3621
2528	3626
2527	3630
2525	3634
2523	3638
2522	3642
2520	3646
2517	3650
2515	3654
2514	3658
2512	3662
2510	3666
2508	3669
2505	3672
2507	3679
2506	3684
2504	3688
2503	3693
2503	3698
2501	3702
2498	3705
2497	3710
2496	3714
2494	3718
2492	3722
2491	3726
2490	3731
2488	3735
2484	3737
2484	3743
2483	3748
2482	3752
2481	3757
2478	3760
2475	3763
2474	3768
2473	3773
2475	3780
2475	3785
2473	3789
2472	3794
2470	3798
2468	3802
2466	3806
2466	3812
2465	3816
2465	3822
2464	3827
2463	3832
2460	3835
2457	3838
2456	3843
2455	3848
2453	3852
2451	3856
2450	3861
2449	3865
2448	3871
2447	3875
2445	3879
2445	3885
2443	3889
2440	3892
2439	3898
2438	3902
2436	3907
2436	3913
2433	3915
2431	3920
2431	3926
2431	3932
2432	3938
2432	3944
2433	3951
2435	3959
2434	3964
2434	3970
2433	3976
2432	3980
2418	3973
2397	3960
2392	3961
2389	3965
2387	3968
2382	3970
2379	3974
2379	3979
2376	3983
2376	3988
2415	4032
2415	4038
2414	4042
2412	4047
2410	4052
2409	4057
2408	4061
2405	4065
2402	4069
2400	4073
2398	4077
2397	4082
2395	4087
2392	4090
2388	4092
2387	4097
2385	4102
2382	4105
2379	4108
2375	4111
2371	4114
2369	4118
2367	4123
2365	4127
2365	4133
2363	4137
2360	4141
2360	4147
2358	4152
2356	4156
2356	4162
2354	4168
2351	4171
2348	4174
2345	4178
2344	4183
2344	4189
2342	4194
2340	4198
2336	4201
2332	4203
2331	4208
2332	4217
2332	4223
2333	4231
2331	4235
2328	4239
2327	4245
2326	4250
2324	4255
2322	4259
2319	4263
2318	4269
2316	4274
2075	4017
2072	4020
2068	4022
2060	4019
2059	4024
2059	4030
2043	4018
2034	4015
2045	4034
2057	4053
2052	4054
2052	4060
2049	4063
2044	4064
2283	4340
2280	4344
2277	4348
2274	4351
2270	4354
2268	4358
2265	4362
2264	4368
2262	4372
2258	4375
2256	4380
2254	4385
2251	4389
2250	4394
2248	4399
2244	4402
2241	4405
2239	4410
2237	4415
2236	4421
2232	4424
2230	4429
2229	4434
2226	4438
2223	4442
2220	4446
2218	4451
2215	4455
2212	4458
2209	4462
2207	4467
2205	4472
2203	4477
2199	4479
2195	4482
2194	4488
2192	4494
2189	4497
2186	4500
2184	4506
2181	4509
2177	4512
2173	4514
2171	4520
2170	4527
2168	4531
2165	4536
2163	4541
2161	4546
2158	4549
2153	4551
2151	4556
2149	4562
2146	4565
2142	4568
2140	4573
2137	4577
2134	4581
2130	4584
2127	4587
2124	4591
2121	4595
2118	4599
2116	4604
2112	4606
2108	4610
2105	4614
2102	4617
2099	4621
2095	4625
2092	4628
2090	4633
2086	4636
2084	4641
2080	4644
2076	4647
2073	4650
2070	4654
2068	4660
2065	4664
2062	4668
2058	4671
2056	4676
2052	4679
2049	4683
2046	4686
2042	4690
2038	4693
2035	4696
2032	4701
2029	4704
2025	4707
2021	4710
2017	4713
2013	4716
2011	4721
2008	4726
2004	4727
2000	4730
1998	4736
1994	4739
1991	4743
1989	4748
1985	4751
1981	4755
1978	4759
1973	4760
1970	4763
1967	4768
1963	4771
1960	4776
1957	4779
1953	4782
1950	4786
1946	4789
1943	4793
1939	4796
1936	4800
1932	4802
1927	4804
1922	4806
1918	4809
1915	4812
1911	4815
1907	4818
1904	4822
1901	4827
1898	4831
1894	4833
1890	4837
1887	4840
1884	4845
1881	4849
1876	4851
1873	4855
1871	4861
1869	4867
1865	4871
1862	4874
1860	4881
1856	4883
1853	4888
1850	4892
1846	4895
1842	4899
1838	4900
1833	4903
1829	4905
1825	4908
1821	4910
1818	4914
1815	4919
1813	4925
1808	4928
1805	4931
1800	4934
1796	4936
1792	4939
1788	4942
1784	4944
1780	4947
1775	4949
1770	4950
1766	4952
1761	4954
1758	4958
1754	4961
1751	4965
1747	4969
1743	4972
1740	4976
1737	4981
1732	4983
1729	4986
1725	4989
1721	4994
1718	4998
1715	5003
1711	5006
1707	5008
1703	5011
1698	5013
1694	5015
1690	5019
1687	5024
1683	5027
1680	5031
1676	5034
1672	5038
1668	5040
1663	5042
1659	5044
1655	5048
1652	5052
1648	5056
1644	5058
1640	5062
1637	5067
1633	5070
1629	5072
1624	5074
1621	5078
1616	5080
1610	5080
1606	5083
1603	5088
1600	5093
1596	5097
1592	5100
1588	5102
1584	5105
1580	5108
1576	5112
1573	5118
1569	5121
1565	5122
1560	5124
1556	5127
1552	5131
1547	5132
1543	5134
1539	5138
1535	5141
1531	5144
1527	5147
1523	5150
1519	5154
1516	5159
1512	5162
1507	5165
1504	5169
1500	5173
1495	5175
1491	5178
1487	5181
1482	5182
1478	5186
1474	5189
1470	5192
1466	5194
1461	5196
1456	5198
1452	5200
1447	5201
1442	5202
1437	5205
1433	5208
1429	5210
1424	5212
1420	5216
1417	5220
1413	5224
1409	5227
1405	5230
1401	5234
1396	5236
1392	5239
1388	5242
1383	5244
1379	5248
1375	5252
1371	5254
1366	5256
1361	5257
1356	5258
1351	5259
1347	5262
1343	5266
1339	5269
1335	5272
1331	5277
1326	5278
1321	5278
1316	5279
1310	5279
1305	5278
1300	5280
1296	5283
1292	5288
1288	5291
1283	5293
1279	5295
1275	5298
1270	5302
1265	5302
1259	5301
1254	5301
1249	5302
1245	5305
1241	5310
1237	5314
1233	5317
1228	5319
1225	5325
1221	5329
1217	5332
1212	5334
1208	5336
1203	5339
1198	5340
1194	5342
1189	5346
1185	5347
1180	5351
1176	5352
1171	5355
1167	5358
1163	5363
1159	5366
1156	5373
1152	5379
1148	5383
1144	5385
1138	5384
1132	5384
1128	5385
1123	5388
1118	5388
1113	5391
1109	5393
1105	5397
1100	5399
1095	5402
1091	5403
1086	5406
1081	5407
1076	5409
1071	5409
1066	5410
1061	5412
1057	5414
1051	5413
1046	5414
1042	5418
1038	5422
1033	5425
1029	5428
1025	5431
1020	5435
1015	5436
1010	5435
1005	5437
1000	5439
996	5443
991	5444
986	5444
981	5446
976	5449
972	5451
967	5453
962	5454
957	5456
952	5458
947	5459
942	5459
937	5460
932	5462
928	5465
923	5466
918	5467
913	5468
908	5471
904	5475
899	5477
894	5479
890	5482
884	5481
879	5482
875	5485
870	5489
866	5492
861	5494
856	5497
851	5497
846	5498
842	5500
837	5501
832	5505
828	5509
823	5512
819	5515
814	5516
809	5518
804	5519
799	5521
794	5523
789	5524
784	5526
779	5527
774	5526
768	5525
763	5525
758	5527
753	5527
748	5528
743	5531
738	5533
733	5533
728	5532
722	5532
717	5532
712	5534
707	5535
702	5537
697	5539
692	5536
687	5537
682	5538
676	5539
671	5539
666	5539
661	5538
656	5539
651	5539
645	5538
640	5536
634	5536
629	5537
625	5542
620	5544
613	5532
608	5534
603	5536
598	5537
593	5536
588	5537
583	5541
578	5544
574	5547
569	5549
564	5548
559	5550
554	5552
549	5552
544	5554
538	5549
533	5552
528	5556
524	5560
519	5560
514	5560
508	5559
503	5560
498	5559
493	5560
488	5561
483	5563
478	5565
473	5567
468	5570
463	5571
458	5572
453	5572
448	5569
442	5569
437	5571
433	5574
427	5572
422	5571
417	5571
412	5573
407	5576
402	5577
397	5580
392	5581
387	5583
382	5588
378	5591
373	5593
368	5594
363	5595
358	5597
353	5600
348	5601
343	5603
337	5601
332	5602
327	5603
322	5606
317	5607
312	5609
307	5610
302	5610
297	5609
292	5610
286	5609
281	5608
276	5608
271	5611
266	5612
261	5612
256	5612
251	5614
245	5615
240	5615
235	5617
230	5618
225	5618
222	5646
167	5004
163	5008
159	5009
154	5009
150	5006
145	5002
141	5003
136	5004
132	5004
127	4987
122	4986
118	4983
113	4979
109	4979
105	4980
100	4982
96	4984
92	4985
88	4986
84	4991
80	5001
75	5002
71	5002
67	5001
62	5002
58	5009
54	5008
49	5005
61	5648
55	5632
50	5632
45	5634
40	5636
34	5637
29	5637
24	5639
19	5640
14	5641
9	5643
3	5644
-2	5644
-7	5644
-12	5645
-17	5647
-22	5648
-28	5650
-33	5651
-38	5654
-43	5655
-48	5656
-53	5656
-59	5656
-64	5657
-69	5659
-74	5662
-80	5663
-85	5667
-90	5669
-95	5668
-100	5669
-106	5670
-111	5672
-116	5671
-121	5671
-127	5671
-132	5671
-137	5669
-142	5667
-147	5667
-153	5668
-158	5667
-163	5666
-168	5666
-173	5665
-179	5665
-184	5665
-189	5665
-194	5666
-199	5665
-205	5665
-210	5664
-215	5663
-220	5662
-225	5660
-231	5660
-236	5661
-241	5661
-246	5660
-251	5659
-256	5657
-261	5653
-267	5651
-272	5650
-277	5652
-282	5652
-287	5650
-293	5650
-298	5651
-303	5648
-308	5644
-313	5643
-318	5644
-323	5644
-329	5643
-334	5641
-339	5639
-344	5641
-349	5642
-354	5638
-359	5634
-364	5632
-369	5631
-375	5632
-380	5632
-385	5631
-390	5629
-395	5629
-400	5630
-406	5633
-412	5638
-417	5646
-423	5646
-428	5644
-433	5643
-438	5643
-443	5644
-449	5643
-454	5644
-459	5645
-464	5645
-470	5646
-475	5645
-480	5644
-485	5642
-490	5640
-495	5639
-501	5641
-506	5640
-511	5639
-516	5640
-521	5638
-526	5636
-531	5633
-536	5633
-542	5632
-547	5631
-552	5631
-557	5629
-562	5627
-567	5626
-572	5623
-577	5622
-582	5622
-587	5620
-592	5619
-598	5619
-603	5617
-607	5614
-612	5612
-617	5610
-623	5610
-627	5607
-632	5605
-638	5605
-643	5603
-647	5601
-652	5599
-657	5597
-662	5594
-667	5591
-672	5588
-677	5586
-682	5586
-688	5590
-693	5593
-699	5594
-704	5595
-710	5596
-715	5595
-720	5594
-725	5592
-730	5591
-735	5589
-740	5588
-745	5587
-750	5588
-756	5589
-761	5586
-766	5586
-771	5586
-776	5585
-781	5583
-786	5581
-791	5579
-796	5579
-802	5580
-807	5580
-812	5580
-817	5579
-822	5576
-827	5572
-831	5570
-837	5569
-842	5569
-847	5568
-852	5566
-857	5563
-862	5562
-866	5560
-872	5560
-877	5559
-882	5560
-888	5560
-893	5560
-898	5559
-903	5559
-908	5557
-913	5555
-918	5553
-923	5551
-928	5549
-933	5547
-938	5547
-944	5550
-949	5549
-954	5547
-959	5546
-964	5544
-969	5544
-974	5543
-979	5541
-983	5537
-988	5535
-993	5534
-998	5531
-1002	5528
-1007	5525
-1012	5524
-1018	5525
-1023	5524
-1028	5521
-1032	5517
-1036	5514
-1041	5512
-1046	5510
-1051	5510
-1057	5510
-1061	5508
-1066	5505
-1071	5504
-1076	5504
-1081	5502
-1086	5501
-1091	5499
-1096	5497
-1101	5497
-1107	5498
-1112	5497
-1117	5496
-1122	5494
-1127	5494
-1133	5494
-1140	5499
-1144	5496
-1149	5495
-1155	5495
-1160	5496
-1165	5494
-1169	5490
-1174	5489
-1179	5487
-1184	5486
-1189	5484
-1195	5484
-1200	5484
-1205	5483
-1211	5483
-1216	5482
-1220	5478
-1224	5474
-1229	5471
-1234	5472
-1239	5470
-1243	5466
-1248	5462
-1253	5461
-1258	5459
-1263	5458
-1268	5456
-1273	5455
-1278	5455
-1283	5452
-1287	5449
-1292	5446
-1296	5444
-1301	5442
-1306	5441
-1312	5442
-1317	5442
-1322	5440
-1328	5440
-1332	5438
-1338	5437
-1343	5436
-1348	5437
-1354	5436
-1358	5433
-1363	5432
-1368	5429
-1372	5426
-1377	5425
-1382	5422
-1387	5420
-1391	5417
-1395	5414
-1400	5412
-1406	5412
-1411	5412
-1416	5410
-1420	5406
-1425	5403
-1430	5402
-1436	5404
-1441	5402
-1445	5397
-1449	5394
-1454	5392
-1459	5391
-1464	5389
-1469	5389
-1474	5387
-1478	5384
-1483	5381
-1487	5379
-1492	5377
-1497	5375
-1502	5372
-1506	5369
-1511	5367
-1515	5364
-1520	5362
-1524	5359
-1529	5356
-1533	5354
-1538	5352
-1542	5348
-1547	5345
-1551	5342
-1555	5339
-1559	5334
-1562	5329
-1566	5325
-1570	5321
-1574	5317
-1578	5314
-1583	5312
-1588	5310
-1592	5307
-1596	5302
-1598	5295
-1601	5289
-1606	5286
-1610	5282
-1614	5279
-1618	5276
-1623	5274
-1628	5273
-1633	5272
-1638	5270
-1643	5269
-1648	5267
-1652	5265
-1657	5263
-1662	5262
-1668	5261
-1672	5259
-1677	5256
-1680	5252
-1685	5249
-1690	5248
-1694	5244
-1698	5242
-1703	5240
-1708	5238
-1713	5238
-1717	5234
-1722	5232
-1726	5229
-1730	5226
-1735	5225
-1740	5221
-1743	5217
-1747	5213
-1753	5213
-1760	5216
-1764	5214
-1769	5212
-1774	5210
-1779	5208
-1783	5206
-1788	5204
-1792	5201
-1797	5199
-1801	5196
-1805	5193
-1810	5190
-1813	5186
-1816	5181
-1821	5178
-1827	5178
-1831	5175
-1836	5174
-1841	5172
-1844	5168
-1849	5165
-1854	5165
-1859	5163
-1864	5162
-1868	5159
-1873	5156
-1877	5153
-1882	5151
-1886	5148
-1891	5147
-1896	5144
-1901	5144
-1906	5142
-1910	5139
-1914	5135
-1919	5133
-1925	5133
-1929	5131
-1933	5127
-1937	5124
-1940	5119
-1944	5115
-1948	5112
-1953	5110
-1958	5109
-1963	5108
-1968	5105
-1971	5101
-1974	5095
-1977	5091
-1981	5087
-1985	5084
-1990	5081
-1994	5079
-1998	5076
-2003	5074
-2008	5073
-2013	5071
-2018	5070
-2023	5068
-2027	5064
-2029	5058
-2034	5057
-2039	5054
-2042	5049
-2045	5045
-2048	5040
-2052	5036
-2055	5031
-2058	5026
-2063	5026
-2070	5026
-2073	5022
-2076	5016
-2079	5012
-2082	5007
-2083	4999
-2087	4996
-2092	4993
-2095	4990
-2100	4987
-2104	4985
-2109	4984
-2114	4982
-2120	4981
-2123	4977
-2126	4972
-2130	4968
-2134	4966
-2138	4962
-2142	4959
-2146	4956
-2152	4956
-2157	4954
-2161	4951
-2165	4947
-2167	4942
-2170	4938
-2174	4934
-2178	4931
-2183	4929
-2186	4925
-2190	4921
-2193	4917
-2196	4912
-2199	4907
-2203	4904
-2208	4902
-2212	4899
-2217	4897
-2222	4896
-2224	4890
-2227	4885
-2230	4881
-2235	4879
-2240	4877
-2245	4876
-2249	4873
-2253	4869
-2257	4867
-2260	4862
-2262	4856
-2265	4851
-2269	4848
-2274	4847
-2278	4844
-2282	4841
-2287	4838
-2290	4835
-2294	4831
-2298	4828
-2301	4824
-2305	4821
-2308	4816
-2311	4811
-2314	4808
-2318	4805
-2323	4803
-2327	4800
-2331	4796
-2335	4793
-2339	4791
-2343	4788
-2347	4784
-2351	4781
-2357	4780
-2361	4778
-2364	4773
-2368	4770
-2372	4768
-2376	4764
-2376	4755
-2380	4752
-2384	4749
-2387	4745
-2390	4741
-2393	4736
-2396	4732
-2399	4727
-2402	4723
-2406	4721
-2410	4717
-2412	4712
-2417	4710
-2421	4707
-2423	4701
-2424	4695
-2426	4689
-2429	4685
-2433	4682
-2438	4679
-2442	4676
-2445	4672
-2448	4668
-2451	4665
-2454	4660
-2457	4656
-2461	4653
-2466	4651
-2470	4647
-2473	4643
-2475	4638
-2479	4636
-2484	4633
-2486	4628
-2490	4625
-2494	4622
-2497	4618
-2500	4613
-2503	4609
-2506	4605
-2509	4601
-2512	4597
-2516	4594
-2520	4591
-2524	4588
-2525	4581
-2528	4577
-2531	4573
-2535	4570
-2538	4566
-2543	4564
-2546	4560
-2548	4555
-2551	4551
-2554	4546
-2557	4542
-2560	4538
-2563	4534
-2566	4530
-2570	4527
-2574	4524
-2577	4520
-2578	4514
-2581	4510
-2585	4507
-2589	4504
-2593	4501
-2596	4497
-2599	4493
-2603	4489
-2607	4486
-2610	4482
-2612	4477
-2615	4473
-2618	4470
-2621	4466
-2622	4459
-2625	4455
-2628	4451
-2632	4448
-2635	4444
-2638	4440
-2641	4436
-2644	4432
-2646	4427
-2649	4423
-2653	4420
-2656	4416
-2658	4411
-2660	4406
-2664	4403
-2667	4399
-2670	4395
-2672	4390
-2675	4386
-2679	4383
-2681	4378
-2684	4374
-2687	4370
-2691	4367
-2695	4364
-2698	4361
-2701	4356
-2703	4351
-2707	4348
-2712	4346
-2714	4341
-2716	4336
-2719	4332
-2722	4329
-2726	4326
-2730	4322
-2732	4318
-2734	4313
-2736	4308
-2741	4306
-2744	4302
-2749	4300
-2750	4294
-2750	4287
-2754	4285
-2758	4282
-2760	4277
-2763	4273
-2766	4269
-2769	4265
-2772	4261
-2774	4256
-2776	4251
-2779	4247
-2781	4243
-2785	4239
-2786	4234
-2788	4229
-2793	4227
-2794	4222
-2796	4217
-2798	4212
-2801	4208
-2803	4203
-2807	4200
-2811	4197
-2814	4193
-2817	4190
-2820	4185
-2821	4180
-2824	4176
-2826	4172
-2829	4168
-2831	4163
-2835	4160
-2837	4155
-2839	4150
-2842	4147
-2844	4142
-2847	4138
-2847	4131
-2845	4124
-2847	4119
-2849	4114
-2852	4110
-2854	4106
-2857	4102
-2859	4097
-2861	4092
-2863	4088
-2866	4084
-2869	4080
-2871	4075
-2873	4071
-2875	4066
-2878	4063
-2882	4059
-2883	4054
-2886	4050
-2890	4047
-2889	4040
-2890	4035
-2894	4032
-2895	4027
-2897	4022
-2900	4018
-2903	4014
-2904	4009
-2906	4005
-2909	4000
-2910	3995
-2912	3990
-2912	3985
-2915	3980
-2918	3977
-2923	3975
-2924	3970
-2923	3963
-2924	3957
-2924	3951
-2926	3947
-2926	3941
-2923	3933
-2925	3928
-2928	3924
-2932	3921
-2934	3917
-2935	3911
-2936	3906
-2938	3902
-2942	3899
-2944	3894
-2944	3888
-2944	3883
-2946	3878
-2947	3873
-2950	3869
-2952	3864
-2954	3860
-2956	3856
-2957	3851
-2960	3847
-2964	3844
-2967	3841
-2969	3836
-2970	3831
-2968	3823
-2967	3817
-2970	3813
-2972	3809
-2970	3801
-2973	3798
-2974	3793
-2975	3788
-2976	3783
-2979	3779
-2981	3774
-2984	3771
-2987	3767
-2986	3761
-2987	3756
-2988	3751
-2990	3747
-2991	3741
-2991	3736
-2989	3729
-2989	3723
-2988	3717
-2993	3714
-2999	3713
-3000	3708
-3001	3703
-3003	3699
-3005	3694
-3007	3690
-3005	3683
-3003	3676
-3003	3671
-3006	3667
-3009	3663
-3009	3658
-3012	3654
-3013	3649
-3014	3644
-3014	3639
-3017	3635
-3019	3631
-3019	3625
-3018	3619
-3017	3613
-3019	3609
-3021	3605
-3025	3602
-3025	3597
-3026	3592
-3028	3587
-3030	3583
-3027	3576
-3026	3570
-3026	3564
-3025	3558
-3022	3551
-3021	3545
-3021	3539
-3022	3535
-3025	3531
-3024	3525
-3020	3517
-3016	3509
-3018	3505
-3020	3501
-3021	3496
-3023	3492
-3024	3488
-3025	3483
-3024	3477
-3023	3471
-3023	3466
-3024	3461
-3025	3457
-3028	3453
-3028	3448
-3029	3443
-3026	3436
-3026	3431
-3026	3426
-3027	3421
-3027	3416
-3029	3412
-3029	3407
-3031	3402
-3031	3397
-3031	3392
-3031	3387
-3035	3384
-3035	3379
-3033	3373
-3032	3367
-3032	3362
-3033	3357
-3034	3353
-3034	3348
-3035	3343
-3034	3337
-3034	3332
-3033	3327
-3035	3323
-3038	3319
-3040	3316
-3041	3311
-3041	3306
-3042	3301
-3043	3297
-3038	3289
-3038	3284
-3038	3279
-3039	3274
-3041	3271
-3040	3265
-3042	3261
-3044	3257
-3046	3253
-3048	3249
-3049	3245
-3050	3240
-3054	3237
-3054	3233
-3052	3227
-3053	3222
-3053	3217
-3054	3213
-3055	3208
-3055	3204
-3056	3199
-3058	3195
-3059	3191
-3057	3185
-3056	3180
-3056	3174
-3055	3169
-3054	3164
-3052	3158
-3052	3153
-3054	3149
-3056	3145
-3054	3139
-3052	3134
-3052	3129
-3050	3123
-3052	3119
-3054	3115
-3053	3110
-3052	3105
-3052	3100
-3053	3095
-3054	3091
-3054	3086
-3053	3081
-3052	3076
-3052	3071
-3052	3067
-3053	3062
-3053	3057
-3053	3053
-3051	3047
-3050	3042
-3049	3037
-3050	3032
-3052	3029
-3051	3024
-3051	3019
-3051	3014
-3050	3009
-3049	3004
-3050	3000
-3050	2995
-3050	2990
-3050	2986
-3049	2981
-3049	2976
-3047	2971
-3047	2966
-3047	2961
-3046	2956
-3047	2952
-3047	2947
-3048	2943
-3047	2938
-3045	2933
-3044	2928
-3045	2924
-3046	2920
-3046	2915
-3048	2911
-3046	2906
-3044	2901
-3043	2896
-3042	2891
-3042	2886
-3041	2881
-3038	2875
-3038	2871
-3039	2867
-3036	2861
-3036	2857
-3035	2852
-3034	2847
-3033	2842
-3034	2838
-3034	2833
-3033	2829
-3032	2824
-3031	2819
-3031	2814
-3031	2810
-3032	2806
-3031	2801
-3029	2796
-3026	2790
-3024	2785
-3024	2781
-3025	2777
-3026	2773
-3027	2769
-3026	2764
-3021	2758
-3021	2753
-3022	2749
-3021	2744
-3020	2740
-3021	2736
-3019	2731
-3019	2726
-3016	2721
-3015	2716
-3014	2712
-3015	2707
-3016	2704
-3017	2700
-3014	2694
-3012	2689
-3011	2685
-3012	2681
-3012	2676
-3011	2672
-3010	2667
-3010	2663
-3009	2658
-3007	2653
-3003	2648
-3002	2643
-3002	2639
-3002	2635
-3003	2631
-3002	2626
-2999	2621
-2999	2617
-2998	2612
-2996	2607
-2996	2603
-2996	2599
-2995	2594
-2993	2590
-2994	2586
-2995	2582
-2994	2577
-2992	2573
-2990	2568
-2989	2563
-2988	2559
-2987	2554
-2986	2550
-2986	2546
-2985	2541
-2983	2536
-2982	2532
-2981	2528
-2981	2523
-2979	2519
-2975	2514
-2974	2509
-2973	2505
-2974	2501
-2973	2496
-2970	2491
-2970	2487
-2969	2483
-2966	2478
-2965	2474
-2966	2470
-2966	2466
-2965	2461
-2963	2457
-2961	2452
-2958	2448
-2956	2443
-2954	2438
-2952	2434
-2953	2430
-2953	2426
-2951	2422
-2951	2418
-2952	2414
-2951	2409
-2951	2405
-2951	2401
-2949	2397
-2950	2393
-2950	2389
-2947	2384
-2945	2380
-2945	2376
-2946	2372
-2945	2368
-2943	2363
-2942	2359
-2941	2355
-2940	2351
-2939	2347
-2939	2343
-2940	2339
-2938	2335
-2937	2330
-2936	2326
-2934	2322
-2933	2318
-2932	2313
-2932	2309
-2930	2305
-2930	2301
-2930	2297
-2929	2293
-2930	2289
-2929	2285
-2927	2281
-2926	2277
-2925	2273
-2925	2269
-2926	2265
-2923	2261
-2922	2257
-2922	2253
-2923	2249
-2923	2245
-2922	2241
-2923	2237
-2922	2233
-2920	2229
-2918	2225
-2917	2221
-2916	2217
-2914	2212
-2913	2208
-2913	2204
-2912	2201
-2911	2196
-2909	2192
-2908	2188
-2906	2184
-2907	2180
-2907	2176
-2906	2173
-2904	2168
-2904	2164
-2904	2161
-2903	2157
-2902	2153
-2901	2149
-2901	2145
-2898	2141
-2896	2137
-2897	2133
-2896	2129
-2897	2125
-2894	2121
-2893	2117
-2893	2113
-2893	2109
-2893	2106
-2892	2102
-2891	2098
-2890	2094
-2891	2090
-2889	2086
-2887	2082
-2884	2078
-2882	2074
-2880	2070
-2879	2066
-2880	2062
-2880	2059
-2881	2055
-2879	2051
-2879	2047
-2879	2043
-2877	2040
-2877	2036
-2878	2032
-2879	2029
-2873	2024
-2872	2020
-2870	2016
-2872	2013
-2872	2009
-2869	2005
-2866	2001
-2866	1997
-2866	1993
-2865	1990
-2863	1986
-2861	1982
-2863	1978
-2861	1974
-2859	1971
-2858	1967
-2857	1963
-2856	1959
-2858	1956
-2856	1952
-2854	1948
-2854	1944
-2853	1940
-2853	1937
-2854	1933
-2853	1929
-2852	1926
-2854	1922
-2852	1918
-2847	1914
-2846	1910
-2843	1906
-2841	1903
-2841	1899
-2841	1895
-2840	1892
-2841	1888
-2841	1884
-2837	1880
-2837	1877
-2838	1873
-2839	1870
-2837	1866
-2835	1862
-2835	1858
-2834	1855
-2833	1851
-2833	1847
-2831	1844
-2829	1840
-2830	1836
-2830	1833
-2830	1829
-2829	1825
-2827	1822
-2828	1818
-2827	1814
-2826	1811
-2826	1807
-2825	1803
-2824	1800
-2822	1796
-2822	1792
-2821	1789
-2819	1785
-2818	1781
-2818	1778
-2818	1774
-2817	1771
-2815	1767
-2814	1763
-2813	1760
-2811	1756
-2810	1752
-2809	1749
-2809	1745
-2808	1742
-2807	1738
-2807	1734
-2807	1731
-2807	1727
-2807	1724
-2806	1720
-2807	1716
-2807	1713
-2806	1709
-2804	1706
-2803	1702
-2802	1698
-2801	1695
-2800	1691
-2797	1688
-2796	1684
-2795	1680
-2795	1677
-2794	1673
-2794	1670
-2794	1666
-2794	1663
-2794	1659
-2793	1655
-2792	1652
-2790	1648
-2789	1645
-2787	1641
-2787	1638
-2788	1634
-2787	1631
-2786	1627
-2784	1623
-2782	1620
-2782	1616
-2781	1613
-2779	1609
-2777	1606
-2775	1602
-2775	1599
-2775	1595
-2774	1592
-2774	1588
-2775	1585
-2773	1581
-2773	1578
-2770	1574
-2769	1571
-2769	1567
-2767	1564
-2766	1560
-2767	1557
-2766	1553
-2764	1550
-2764	1546
-2765	1542
-2763	1539
-2762	1535
-2761	1532
-2760	1528
-2760	1525
-2760	1521
-2759	1518
-2757	1514
-2756	1511
-2755	1508
-2755	1504
-2753	1501
-2752	1497
-2752	1494
-2751	1490
-2749	1487
-2747	1483
-2747	1480
-2748	1476
-2746	1473
-2745	1469
-2745	1466
-2744	1462
-2742	1459
-2742	1456
-2742	1452
-2742	1448
-2741	1445
-2740	1442
-2738	1438
-2737	1435
-2735	1431
-2733	1428
-2733	1425
-2732	1421
-2729	1418
-2728	1414
-2728	1411
-2727	1407
-2726	1404
-2726	1401
-2723	1397
-2723	1394
-2721	1390
-2720	1387
-2719	1384
-2719	1380
-2719	1377
-2716	1374
-2714	1370
-2713	1367
-2711	1364
-2712	1360
-2712	1356
-2712	1353
-2710	1350
-2708	1346
-2709	1343
-2709	1339
-2708	1336
-2706	1332
-2707	1329
-2707	1325
-2706	1322
-2705	1318
-2706	1315
-2705	1311
-2705	1308
-2703	1305
-2702	1301
-2702	1298
-2700	1295
-2696	1292
-2695	1288
-2695	1285
-2696	1281
-2695	1278
-2694	1274
-2692	1271
-2690	1268
-2688	1265
-2687	1261
-2686	1258
-2687	1254
-2686	1251
-2686	1247
-2683	1244
-2682	1241
-2683	1237
-2683	1234
-2682	1230
-2679	1227
-2679	1224
-2678	1221
-2672	1218
-2670	1215
-2669	1212
-2667	1208
-2666	1205
-2666	1201
-2667	1198
-2667	1194
-2667	1191
-2666	1187
-2664	1184
-2663	1181
-2662	1178
-2662	1174
-2661	1171
-2658	1168
-2657	1164
-2655	1161
-2655	1158
-2655	1154
-2654	1151
-2653	1148
-2653	1144
-2652	1141
-2650	1138
-2649	1134
-2649	1131
-2648	1127
-2648	1124
-2646	1121
-2644	1118
-2644	1114
-2644	1111
-2642	1108
-2641	1104
-2637	1101
-2638	1098
-2637	1094
-2635	1091
-2634	1088
-2633	1085
-2633	1081
-2632	1078
-2630	1075
-2630	1071
-2627	1068
-2624	1066
-2623	1062
-2624	1058
-2623	1055
-2623	1052
-2622	1048
-2619	1045
-2618	1042
-2617	1039
-2616	1035
-2615	1032
-2614	1029
-2614	1025
-2613	1022
-2609	1020
-2607	1016
-2607	1013
-2606	1010
-2606	1006
-2604	1003
-2602	1000
-2600	997
-2599	994
-2597	991
-2596	987
-2597	983
-2596	980
-2594	977
-2593	974
-2590	971
-2589	968
-2589	964
-2590	961
-2589	957
-2588	954
-2585	951
-2582	948
-2581	945
-2580	942
-2580	938
-2579	935
-2577	932
-2575	929
-2575	925
-2575	922
-2573	919
-2572	916
-2571	912
-2570	909
-2570	905
-2570	902
-2567	899
-2563	897
-2561	894
-2560	890
-2561	887
-2562	883
-2562	879
-2561	876
-2560	873
-2557	870
-2555	867
-2554	864
-2553	860
-2552	857
-2551	854
-2550	851
-2548	848
-2546	845
-2545	841
-2545	838
-2544	834
-2542	832
-2541	828
-2540	825
-2538	822
-2537	819
-2537	815
-2536	812
-2535	809
-2533	806
-2532	802
-2531	799
-2529	796
-2526	793
-2526	790
-2526	786
-2526	783
-2525	779
-2523	776
-2522	773
-2521	770
-2519	767
-2517	764
-2515	761
-2514	758
-2513	754
-2513	751
-2512	747
-2511	744
-2509	741
-2508	738
-2508	734
-2506	731
-2506	728
-2504	725
-2503	722
-2501	719
-2499	716
-2499	712
-2497	709
-2497	705
-2493	703
-2491	701
-2491	697
-2492	693
-2491	689
-2489	686
-2487	684
-2487	680
-2486	676
-2484	674
-2484	670
-2483	666
-2482	663
-2480	661
-2479	657
-2478	654
-2476	651
-2474	648
-2472	645
-2470	642
-2468	639
-2468	636
-2466	633
-2466	629
-2466	625
-2464	622
-2464	619
-2461	616
-2459	613
-2457	611
-2455	607
-2454	604
-2453	601
-2452	598
-2452	594
-2451	591
-2450	587
-2447	585
-2445	582
-2445	578
-2444	575
-2442	572
-2442	568
-2440	565
-2439	562
-2438	559
-2438	555
-2437	551
-2435	549
-2433	546
-2432	543
-2431	539
-2430	536
-2430	532
-2425	531
-2425	527
-2424	523
-2425	519
-2424	516
-2423	512
-2422	509
-2421	505
-2420	502
-2418	499
-2418	496
-2416	493
-2414	490
-2411	487
-2409	484
-2410	480
-2408	477
-2407	474
-2407	470
-2404	468
-2402	465
-2400	462
-2399	458
-2399	455
-2398	451
-2396	448
-2394	446
-2393	442
-2392	439
-2392	435
-2389	433
-2388	429
-2388	426
-2385	423
-2383	420
-2381	417
-2380	414
-2381	409
-2379	407
-2376	404
-2369	404
-2369	400
-2372	395
-2371	391
-2368	389
-2366	386
-2363	384
-2362	380
-2362	376
-2362	373
-2360	370
-2358	367
-2357	363
-2357	359
-2356	356
-2355	353
-2353	350
-2352	346
-2350	343
-2349	340
-2346	338
-2345	334
-2345	330
-2344	327
-2342	324
-2340	321
-2338	318
-2336	315
-2335	312
-2334	308
-2332	306
-2331	302
-2330	299
-2329	295
-2329	291
-2328	288
-2328	283
-2325	281
-2322	279
-2320	276
-2318	273
-2317	270
-2315	267
-2314	264
-2313	260
-2311	257
-2308	255
-2306	252
-2305	248
-2304	245
-2305	240
-2303	237
-2303	233
-2302	230
-2298	228
-2297	225
-2295	222
-2293	219
-2294	214
-2294	210
-2291	207
-2289	205
-2289	200
-2290	196
-2287	193
-2283	192
-2278	191
-2275	189
-2272	187
-2269	185
-2264	183
-2259	183
-2254	182
-2251	180
-2250	176
-2249	173
-2245	171
-2241	170
-2235	170
-2230	169
-2227	167
-2226	163
-2227	159
-2226	155
-2227	150
-2226	147
-2224	144
-2222	141
-2220	138
-2218	135
-2218	131
-2218	126
-2217	123
-2215	120
-2214	117
-2214	112
-2214	108
-2212	105
-2210	102
-2208	99
-2209	94
-2208	90
-2206	88
-2205	84
-2203	81
-2201	78
-2199	75
-2196	73
-2195	70
-2196	64
-2194	62
-2192	59
-2191	55
-2188	53
-2186	50
-2185	47
-2184	43
-2184	39
-2182	35
-2182	31
-2180	28
-2178	26
-2177	22
-2177	17
-2176	14
-2173	11
-2173	7
-2172	3
-2171	-1
-2169	-4
-2167	-7
-2166	-10
-2165	-14
-2163	-17
-2164	-22
-2161	-25
-2159	-28
-2159	-32
-2157	-35
-2157	-40
-2157	-44
-2153	-46
-2153	-50
-2152	-54
-2150	-57
-2148	-60
-2147	-63
-2146	-67
-2145	-71
-2146	-77
-2144	-79
-2143	-83
-2139	-85
-2138	-89
-2137	-93
-2135	-96
-2133	-99
-2133	-103
-2133	-108
-2132	-112
-2129	-114
-2128	-118
-2127	-122
-2126	-126
-2126	-130
-2126	-136
-2126	-140
-2117	-137
-2125	-148
-2106	-137
-2103	-139
-2091	-133
-2083	-130
-2081	-133
-2078	-136
-2076	-138
-2076	-143
-2078	-150
-2083	-159
-2083	-164
-2079	-165
-2072	-164
-2065	-162
-2054	-157
-2048	-157
-2044	-157
-2038	-157
-2035	-159
-2031	-159
-2027	-161
-2024	-163
-2011	-155
-2004	-154
-2000	-154
-1995	-155
-1992	-157
-1990	-159
-1988	-162
-1985	-165
-1980	-165
-1971	-161
-1966	-161
-1963	-162
-1961	-166
-1939	-148
-1926	-140
-1920	-140
-1918	-143
-1915	-144
-1910	-144
-1905	-144
-1901	-145
-1897	-146
-1894	-147
-1891	-150
-1888	-151
-1886	-154
-1883	-155
-1875	-153
-1869	-151
-1866	-152
-1862	-154
-1859	-156
-1856	-157
-1852	-158
-1848	-158
-1839	-154
-1833	-152
-1830	-154
-1827	-156
-1825	-159
-1823	-162
-1821	-164
-1820	-168
-1821	-174
-1810	-167
-1805	-166
-1800	-167
-1796	-167
-1794	-170
-1775	-154
-1757	-140
-1747	-133
-1742	-133
-1739	-135
-1735	-135
-1732	-137
-1729	-138
-1726	-139
-1723	-141
-1719	-142
-1716	-143
-1713	-145
-1710	-146
-1707	-147
-1704	-149
-1702	-152
-1704	-158
-1698	-156
-1694	-157
-1692	-160
-1687	-159
-1681	-157
-1672	-151
-1667	-150
-1663	-151
-1661	-153
-1660	-157
-1659	-161
-1658	-165
-1656	-167
-1654	-169
-1651	-170
-1647	-172
-1644	-173
-1641	-174
-1636	-173
-1631	-172
-1626	-171
-1623	-173
-1622	-176
-1617	-175
-1613	-175
-1609	-175
-1603	-173
-1600	-175
-1600	-179
-1593	-177
-1586	-172
-1580	-171
-1578	-173
-1574	-173
-1572	-175
-1558	-163
-1551	-159
-1548	-161
-1546	-163
-1543	-164
-1540	-166
-1537	-166
-1532	-166
-1529	-167
-1528	-169
-1525	-171
-1521	-171
-1517	-170
-1505	-160
-1498	-157
-1493	-155
-1490	-157
-1488	-159
-1488	-164
-1488	-169
-1486	-171
-1484	-173
-1481	-175
-1480	-178
-1478	-181
-1474	-181
-1470	-181
-1462	-175
-1458	-175
-1456	-177
-1446	-169
-1444	-171
-1442	-174
-1439	-174
-1434	-173
-1433	-177
-1433	-182
-1431	-184
-1424	-179
-1415	-172
-1413	-175
-1422	-193
-1413	-186
-1408	-183
-1404	-183
-1399	-181
-1390	-174
-1387	-175
-1385	-177
-1386	-184
-1374	-172
-1372	-174
-1365	-169
-1361	-169
-1359	-170
-1357	-174
-1355	-175
-1351	-175
-1346	-173
-1340	-170
-1342	-177
-1332	-168
-1329	-169
-1326	-170
-1323	-171
-1320	-172
-1317	-172
-1315	-174
-1313	-177
-1312	-181
-1309	-182
-1307	-184
-1302	-181
-1298	-180
-1295	-181
-1292	-182
-1287	-180
-1282	-178
-1279	-178
-1275	-177
-1272	-178
-1268	-178
-1260	-170
-1258	-173
-1258	-178
-1256	-180
-1253	-181
-1249	-181
-1246	-181
-1242	-180
-1239	-180
-1234	-179
-1231	-178
-1228	-179
-1224	-179
-1221	-179
-1217	-178
-1215	-180
-1212	-181
-1209	-181
-1205	-181
-1202	-181
-1199	-182
-1196	-182
-1192	-181
-1189	-181
-1185	-180
-1181	-179
-1178	-179
-1174	-178
-1170	-178
-1168	-179
-1166	-182
-1163	-182
-1159	-182
-1154	-179
-1152	-180
-1150	-182
-1147	-182
-1144	-183
-1141	-184
-1135	-180
-1132	-179
-1128	-179
-1125	-180
-1123	-181
-1120	-181
-1116	-180
-1113	-180
-1110	-180
-1107	-181
-1104	-182
-1102	-184
-1099	-183
-1095	-183
-1092	-183
-1089	-184
-1085	-182
-1082	-182
-1078	-181
-1075	-180
-1072	-181
-1069	-182
-1066	-183
-1064	-183
-1061	-183
-1057	-183
-1054	-182
-1051	-183
-1048	-183
-1045	-184
-1042	-183
-1038	-183
-1035	-183
-1032	-183
-1029	-182
-1026	-182
-1023	-183
-1020	-183
-1016	-182
-1013	-182
-1010	-182
-1008	-184
-1005	-183
-1001	-183
-999	-184
-996	-184
-993	-184
-990	-184
-988	-186
-987	-190
-984	-190
-981	-191
-977	-190
-974	-188
-971	-190
-968	-189
-964	-187
-935	-134
-933	-136
-931	-136
-928	-136
-925	-137
-923	-139
-922	-143
-921	-147
-920	-150
-918	-153
-916	-155
-913	-155
-908	-151
-903	-146
-899	-144
-897	-144
-894	-144
-891	-145
-889	-147
-888	-151
-889	-160
-887	-162
-883	-159
-877	-153
-883	-171
-879	-169
-866	-148
-864	-148
-860	-147
-857	-146
-854	-146
-852	-147
-782	-2
-778	-1
-775	0
-772	1
-770	1
-768	0
-765	-1
-762	0
-759	1
-757	1
-755	0
-752	0
-750	-0
-747	0
-744	1
-742	1
-739	2
-737	1
-734	-0
-733	-4
-733	-10
-733	-16
-730	-16
-726	-12
-722	-7
-719	-7
-719	-13
-719	-20
-718	-25
-747	-128
-746	-133
-745	-137
-744	-140
-741	-141
-739	-143
-737	-145
-735	-146
-732	-147
-730	-147
-728	-148
-725	-149
-723	-150
-720	-151
-718	-152
-716	-154
-713	-154
-711	-154
-708	-155
-706	-155
-703	-156
-700	-156
-696	-151
-692	-146
-689	-146
-686	-146
-684	-147
-681	-148
-679	-149
-677	-151
-676	-157
-675	-159
-672	-159
-670	-160
-670	-170
-669	-175
-667	-177
-664	-177
-655	-157
-653	-157
-649	-155
-646	-154
-643	-153
-640	-152
-638	-151
-636	-154
-634	-158
-633	-162
-632	-168
-630	-170
-627	-167
-622	-162
-617	-153
-613	-149
-611	-150
-608	-151
-606	-151
-603	-150
-601	-153
-600	-158
-601	-169
-594	-155
-588	-142
-582	-132
-580	-133
-577	-132
-574	-131
-571	-130
-569	-131
-566	-131
-564	-131
-562	-133
-561	-139
-561	-148
-560	-155
-558	-156
-556	-157
-554	-162
-554	-170
-553	-177
-551	-179
-549	-181
-547	-184
-545	-185
-543	-187
-540	-188
-538	-189
-535	-188
-532	-187
-530	-187
-527	-187
-525	-188
-522	-189
-520	-188
-517	-188
-514	-188
-512	-187
-509	-188
-507	-188
-504	-189
-501	-187
-499	-187
-496	-188
-493	-187
-491	-188
-488	-187
-486	-188
-483	-189
-481	-188
-478	-188
-476	-188
-473	-188
-470	-187
-468	-188
-465	-188
-463	-189
-461	-189
-458	-189
-455	-188
-453	-188
-450	-189
-448	-189
-445	-189
-442	-188
-440	-189
-437	-188
-435	-188
-432	-187
-429	-187
-427	-187
-424	-188
-422	-189
-420	-189
-417	-189
-414	-188
-412	-188
-409	-187
-407	-189
-404	-189
-402	-188
-399	-187
-397	-189
-394	-188
-391	-188
-389	-187
-386	-187
-384	-189
-382	-189
-379	-188
-377	-189
-374	-188
-371	-187
-369	-187
-366	-188
-364	-189
-361	-188
-359	-188
-356	-188
-354	-188
-351	-188
-349	-188
-347	-190
-344	-189
-341	-189
-339	-189
-336	-189
-334	-190
-331	-189
-329	-187
-326	-187
-324	-187
-321	-187
-319	-189
-316	-189
-314	-188
-311	-188
-309	-189
-306	-188
-304	-188
-301	-187
-299	-186
-296	-187
-294	-188
-291	-187
-289	-187
-286	-189
-284	-188
-281	-188
-278	-185
-276	-185
-274	-187
-271	-188
-269	-188
-266	-187
-264	-187
-261	-187
-259	-188
-256	-187
-254	-187
-252	-188
-249	-187
-247	-187
-244	-186
-242	-188
-239	-189
-237	-187
-234	-187
-232	-188
-229	-188
-227	-187
-224	-187
-222	-186
-219	-187
-217	-186
-214	-186
-212	-187
-209	-186
-207	-187
-204	-185
-202	-185
-199	-185
-197	-187
-195	-188
-192	-187
-190	-186
-187	-186
-185	-185
-182	-185
-180	-187
-177	-186
-175	-185
-172	-185
-170	-186
-168	-186
-165	-185
-163	-186
-160	-186
-158	-187
-155	-186
-153	-184
-150	-183
-148	-183
-146	-186
-143	-186
-141	-187
-138	-187
-136	-187
-133	-185
-131	-185
-128	-186
-126	-185
-123	-182
-121	-181
-118	-181
-116	-182
-114	-182
-111	-182
-109	-182
-106	-185
-104	-185
-101	-184
-99	-184
-96	-183
-94	-184
-92	-185
-89	-185
-87	-185
-84	-185
-82	-186
-79	-185
-74	-184
-72	-184
-70	-184
-67	-184
-65	-184
-62	-185
-60	-185
-57	-185
-55	-180
-52	-177
-50	-176
-48	-174
-45	-171
-43	-168
-40	-168
-38	-172
-35	-179
-33	-185
-30	-184
-28	-184
-25	-185
-23	-185
-21	-185
-18	-186
-16	-186
-13	-186
-11	-185
-8	-184
-6	-184
-3	-184
-1	-185
1	-184
4	-183
6	-182
9	-182
11	-182
14	-183
16	-184
19	-184
21	-184
24	-185
26	-185
28	-185
31	-185
33	-185
36	-186
38	-185
41	-184
43	-184
46	-184
48	-187
51	-187
53	-187
56	-186
58	-187
59	-166
62	-166
64	-167
67	-168
69	-168
72	-169
74	-170
77	-172
79	-172
81	-172
84	-171
86	-172
89	-175
93	-187
95	-186
97	-185
100	-185
102	-186
105	-187
107	-186
110	-184
112	-183
115	-185
117	-185
120	-185
122	-185
125	-187
127	-187
130	-186
132	-186
135	-187
137	-187
140	-187
142	-188
145	-188
147	-186
149	-186
152	-187
154	-187
157	-187
159	-187
162	-189
165	-188
167	-189
169	-188
172	-187
174	-187
177	-188
179	-188
182	-186
184	-186
187	-188
190	-189
192	-188
194	-187
197	-186
199	-187
202	-186
204	-186
207	-186
209	-187
212	-187
214	-187
217	-187
219	-186
222	-186
224	-185
226	-184
229	-184
231	-183
234	-184
236	-184
239	-184
241	-183
244	-182
246	-184
249	-187
252	-187
254	-186
257	-185
259	-185
262	-184
264	-185
267	-186
270	-187
272	-187
275	-187
277	-188
280	-188
282	-187
285	-186
287	-187
290	-187
293	-188
295	-186
297	-186
300	-186
303	-188
305	-188
308	-187
310	-186
312	-185
315	-185
318	-188
321	-188
323	-189
326	-188
328	-189
331	-188
333	-187
336	-186
338	-187
341	-187
344	-189
346	-187
348	-187
351	-186
354	-187
356	-188
359	-187
361	-186
364	-186
366	-187
369	-187
372	-187
374	-187
377	-187
379	-185
382	-186
385	-186
387	-187
390	-187
391	-183
393	-179
395	-178
398	-179
401	-180
404	-183
408	-185
410	-185
413	-185
415	-184
418	-184
421	-188
424	-189
426	-187
429	-186
431	-186
434	-185
436	-184
439	-186
442	-186
445	-187
447	-187
449	-185
452	-185
455	-186
458	-187
461	-187
463	-186
466	-187
469	-188
471	-187
473	-185
476	-184
478	-184
481	-185
484	-185
486	-185
489	-184
492	-185
494	-185
497	-184
499	-183
502	-185
506	-187
508	-186
511	-185
513	-185
516	-186
519	-186
521	-185
523	-183
526	-183
529	-184
532	-185
535	-186
537	-185
539	-183
541	-181
544	-182
548	-184
551	-184
553	-182
555	-182
558	-181
560	-180
562	-179
565	-179
568	-180
571	-180
574	-180
576	-179
576	-172
580	-173
583	-176
587	-178
587	-172
588	-166
590	-164
593	-164
596	-165
598	-165
601	-166
602	-160
602	-153
604	-151
606	-149
609	-149
612	-151
617	-157
623	-164
625	-162
627	-161
629	-159
631	-156
632	-153
634	-150
635	-147
637	-145
640	-145
643	-146
647	-149
651	-151
653	-150
656	-150
659	-150
662	-151
664	-149
667	-148
669	-148
672	-147
674	-147
677	-146
681	-150
682	-146
685	-145
687	-144
690	-143
692	-142
695	-142
699	-146
704	-151
708	-153
711	-153
713	-152
715	-151
718	-150
719	-147
721	-145
724	-145
727	-145
730	-145
732	-144
735	-144
737	-142
739	-141
741	-139
743	-137
746	-136
746	-131
747	-125
747	-120
748	-115
748	-110
719	-22
719	-16
720	-11
720	-7
722	-5
724	-4
727	-4
729	-3
731	-2
733	0
735	1
738	2
741	2
744	0
754	-3
755	1
757	1
760	2
763	1
774	0
776	1
779	2
782	2
851	-113
853	-111
855	-110
858	-110
861	-109
864	-109
867	-109
869	-108
873	-109
876	-109
878	-108
882	-110
886	-111
891	-115
921	-165
922	-162
924	-160
926	-159
929	-157
932	-157
934	-156
937	-154
937	-150
949	-167
949	-159
956	-167
960	-169
965	-172
969	-174
971	-172
972	-168
975	-167
981	-171
985	-174
988	-173
989	-170
993	-171
1000	-177
1003	-176
1006	-176
1008	-175
1013	-177
1017	-179
1020	-178
1024	-179
1026	-176
1030	-177
1033	-178
1036	-178
1040	-179
1044	-179
1047	-179
1049	-177
1052	-176
1056	-177
1060	-178
1063	-178
1064	-174
1066	-173
1071	-175
1074	-174
1080	-179
1084	-180
1086	-178
1089	-178
1092	-177
1096	-178
1099	-176
1104	-180
1106	-178
1107	-174
1111	-175
1117	-178
1119	-176
1122	-176
1125	-175
1128	-174
1131	-174
1134	-172
1134	-168
1138	-168
1145	-174
1150	-176
1152	-174
1158	-177
1162	-179
1164	-176
1166	-175
1171	-176
1175	-177
1178	-176
1182	-176
1185	-176
1188	-175
1192	-177
1195	-176
1200	-177
1203	-176
1207	-177
1209	-175
1214	-177
1216	-175
1218	-172
1220	-170
1222	-167
1225	-166
1230	-169
1236	-172
1243	-177
1249	-180
1251	-178
1255	-178
1259	-179
1262	-178
1267	-180
1270	-179
1273	-179
1278	-179
1280	-178
1283	-177
1287	-177
1294	-182
1299	-183
1302	-182
1306	-182
1311	-185
1318	-188
1324	-191
1329	-194
1334	-194
1334	-190
1335	-186
1336	-181
1338	-180
1341	-179
1344	-178
1350	-180
1353	-179
1356	-178
1364	-183
1370	-186
1373	-185
1375	-183
1378	-181
1381	-180
1384	-180
1387	-178
1391	-178
1397	-181
1408	-190
1404	-180
1401	-170
1401	-165
1403	-163
1407	-164
1412	-165
1416	-165
1420	-164
1423	-164
1427	-164
1431	-163
1432	-160
1437	-161
1442	-162
1446	-162
1451	-163
1457	-166
1462	-166
1464	-164
1469	-165
1476	-169
1482	-171
1486	-171
1488	-169
1491	-167
1494	-166
1499	-167
1502	-165
1505	-164
1508	-163
1510	-161
1513	-159
1516	-158
1518	-155
1525	-158
1532	-162
1538	-163
1555	-178
1555	-174
1556	-170
1558	-167
1560	-165
1563	-163
1566	-161
1570	-161
1573	-159
1579	-161
1584	-162
1589	-163
1594	-164
1597	-162
1600	-161
1602	-158
1605	-156
1609	-156
1612	-155
1616	-154
1620	-153
1623	-152
1625	-150
1630	-150
1642	-159
1649	-161
1651	-158
1654	-156
1657	-155
1660	-153
1663	-152
1665	-149
1668	-147
1671	-146
1675	-145
1678	-143
1685	-146
1696	-153
1705	-157
1709	-156
1708	-151
1711	-150
1719	-152
1721	-150
1724	-148
1724	-143
1725	-139
1726	-136
1730	-135
1733	-134
1736	-132
1739	-131
1742	-128
1745	-126
1762	-139
1768	-140
1772	-139
1774	-136
1776	-134
1780	-133
1789	-137
1792	-135
1795	-133
1798	-131
1802	-131
1805	-129
1810	-129
1817	-131
1820	-129
1820	-124
1832	-131
1833	-128
1834	-124
1837	-122
1843	-122
1846	-120
1849	-119
1851	-116
1854	-114
1858	-113
1861	-111
1866	-111
1878	-118
1895	-128
1897	-126
1899	-122
1900	-119
1904	-118
1908	-117
1912	-115
1916	-115
1917	-111
1920	-109
1926	-110
1931	-109
1937	-110
1942	-109
1947	-109
1951	-109
1955	-107
1961	-107
1968	-109
1966	-103
1966	-98
1969	-95
1971	-93
1975	-91
1979	-90
1983	-89
1989	-90
1998	-93
2012	-100
2016	-99
2019	-97
2024	-96
2027	-94
2032	-94
2038	-94
2044	-94
2051	-95
2054	-94
2061	-94
2070	-97
2077	-98
2082	-98
2086	-96
2088	-94
2093	-93
2098	-92
2108	-95
2116	-98
2121	-97
2126	-96
2132	-96
2137	-96
2143	-95
2147	-94
2153	-94
2162	-96
2170	-98
2178	-99
2181	-97
2182	-93
2189	-94
2203	-101
2207	-98
2207	-94
2210	-91
2212	-88
2215	-86
2219	-84
2222	-82
2228	-81
2237	-84
2242	-83
2239	-76
2242	-73
2244	-70
2242	-64
2243	-59
2244	-55
2243	-50
2243	-46
2244	-41
2245	-38
2245	-33
2246	-29
2247	-24
2247	-20
2246	-15
2247	-11
2247	-6
2248	-2
2248	3
2249	6
2248	12
2249	16
2250	19
2251	24
2251	28
2251	33
2252	36
2252	41
2252	45
2254	49
2255	52
2257	55
2257	60
2255	66
2256	70
2258	73
2259	77
2255	84
2251	91
2250	96
2249	101
2246	108
2244	114
2247	116
2251	118
2258	118
2262	119
2263	123
2263	127
2265	130
2266	134
2267	138
2268	142
2269	145
2270	149
2270	153
2270	158
2271	161
2271	166
2272	170
2271	174
2272	178
2274	181
2273	186
2274	190
2276	193
2277	197
2277	201
2277	205
2276	210
2277	214
2280	216
2281	220
2280	224
2279	230
2280	233
2283	236
2283	240
2282	245
2283	248
2284	252
2285	256
2285	260
2286	264
2286	268
2287	271
2287	275
2288	279
2290	282
2292	285
2293	289
2293	293
2294	296
2295	299
2297	303
2297	307
2299	310
2301	313
2302	316
2303	320
2304	324
2305	327
2306	331
2306	334
2306	338
2306	343
2306	347
2311	348
2308	354
2307	358
2310	361
2311	365
2312	368
2312	372
2312	376
2312	380
2313	384
2314	387
2314	391
2313	396
2314	399
2316	402
2318	405
2316	410
2315	415
2316	418
2317	422
2319	425
2321	428
2323	431
2323	434
2324	438
2324	442
2326	445
2327	448
2328	452
2329	455
2329	459
2328	463
2330	467
2330	471
2330	474
2333	477
2335	480
2336	483
2335	488
2333	493
2335	495
2338	498
2339	502
2340	505
2342	508
2342	511
2342	515
2344	519
2343	523
2345	526
2348	528
2351	530
2353	533
2354	537
2353	541
2352	546
2352	550
2351	554
2353	557
2353	560
2353	564
2354	568
2357	570
2358	573
2359	577
2360	580
2360	584
2360	588
2363	590
2364	594
2364	598
2363	602
2364	605
2364	609
2364	613
2366	616
2367	619
2368	622
2370	626
2371	629
2372	632
2374	635
2375	638
2376	642
2376	645
2376	649
2378	652
2378	656
2380	659
2379	663
2380	667
2379	671
2381	673
2382	677
2382	681
2381	684
2382	688
2384	691
2385	694
2386	698
2385	702
2385	706
2386	709
2387	712
2388	715
2390	718
2390	722
2389	726
2390	729
2391	733
2391	736
2392	740
2393	743
2394	746
2394	750
2395	753
2396	757
2398	759
2399	763
2400	766
2401	770
2401	773
2401	777
2401	781
2401	784
2402	787
2403	791
2405	793
2405	797
2407	800
2408	804
2409	807
2409	810
2410	814
2410	817
2412	820
2412	824
2411	828
2411	831
2412	835
2412	838
2415	841
2417	844
2417	848
2418	851
2419	854
2419	858
2418	862
2418	865
2419	868
2420	872
2420	875
2420	879
2418	883
2418	887
2419	890
2420	893
2421	896
2421	900
2422	903
2422	907
2422	910
2423	914
2424	917
2424	920
2425	924
2426	927
2427	930
2429	933
2433	936
2434	939
2433	943
2433	946
2434	950
2434	953
2435	956
2436	960
2436	963
2437	966
2439	969
2439	973
2439	977
2441	980
2442	983
2444	986
2446	989
2446	992
2448	995
2449	998
2449	1002
2446	1006
2445	1010
2444	1014
2445	1017
2447	1020
2449	1023
2448	1027
2448	1030
2450	1033
2452	1036
2453	1040
2454	1043
2454	1047
2453	1050
2453	1054
2454	1057
2455	1060
2454	1064
2456	1067
2456	1070
2455	1074
2454	1078
2453	1082
2453	1085
2455	1088
2456	1091
2456	1095
2457	1098
2457	1102
2457	1105
2458	1108
2458	1112
2459	1115
2460	1118
2462	1121
2463	1125
2464	1128
2463	1131
2463	1135
2462	1139
2462	1142
2463	1145
2464	1149
2464	1152
2463	1156
2464	1159
2465	1162
2466	1165
2467	1169
2467	1172
2468	1175
2469	1179
2469	1182
2469	1185
2471	1188
2472	1192
2473	1195
2474	1198
2475	1202
2476	1205
2477	1208
2477	1212
2476	1215
2478	1218
2478	1222
2478	1225
2480	1228
2479	1232
2481	1235
2481	1238
2481	1242
2481	1245
2481	1248
2483	1252
2482	1255
2483	1258
2482	1262
2481	1266
2482	1269
2482	1272
2483	1276
2484	1279
2486	1282
2484	1286
2484	1289
2483	1293
2484	1296
2483	1299
2484	1303
2484	1306
2486	1309
2487	1312
2487	1316
2487	1319
2489	1322
2489	1326
2490	1329
2490	1332
2492	1336
2492	1339
2491	1343
2492	1346
2492	1349
2493	1353
2494	1356
2495	1359
2494	1363
2494	1366
2495	1369
2495	1373
2494	1376
2495	1379
2497	1383
2499	1386
2499	1389
2499	1393
2498	1396
2496	1400
2497	1403
2498	1406
2500	1409
2501	1413
2502	1416
2501	1420
2499	1423
2500	1426
2505	1429
2505	1433
2505	1436
2506	1439
2504	1443
2504	1446
2507	1450
2507	1453
2507	1456
2508	1460
2509	1463
2507	1466
2507	1470
2509	1473
2510	1476
2510	1480
2509	1483
2510	1487
2510	1490
2510	1493
2510	1497
2512	1500
2513	1503
2513	1507
2513	1510
2514	1513
2514	1517
2515	1520
2515	1523
2516	1527
2518	1530
2517	1533
2516	1537
2515	1540
2518	1544
2520	1547
2519	1550
2520	1554
2522	1557
2522	1560
2522	1564
2522	1567
2524	1570
2525	1574
2525	1577
2524	1581
2524	1584
2524	1587
2526	1591
2526	1594
2526	1597
2526	1601
2527	1604
2528	1608
2529	1611
2530	1614
2531	1618
2531	1621
2532	1624
2531	1628
2530	1631
2531	1635
2533	1638
2533	1641
2532	1645
2531	1648
2532	1652
2532	1655
2532	1658
