2536	1657
2536	1661
2537	1664
2538	1668
2539	1671
2538	1674
2539	1681
2539	1685
2538	1688
2539	1691
2541	1695
2541	1698
2541	1702
2541	1705
2541	1708
2542	1712
2543	1715
2544	1719
2545	1722
2545	1725
2545	1729
2544	1732
2544	1736
2545	1739
2546	1742
2548	1746
2549	1749
2548	1753
2548	1756
2547	1759
2547	1763
2548	1766
2549	1770
2550	1773
2549	1777
2548	1780
2546	1783
2546	1787
2546	1790
2547	1794
2548	1797
2550	1800
2551	1804
2551	1807
2549	1811
2549	1814
2550	1818
2550	1821
2550	1824
2550	1828
2551	1831
2551	1835
2551	1838
2551	1841
2551	1845
2551	1848
2551	1852
2552	1855
2552	1859
2553	1862
2554	1866
2554	1869
2555	1873
2554	1876
2555	1879
2555	1883
2556	1886
2556	1890
2557	1893
2557	1897
2558	1900
2558	1904
2558	1907
2558	1911
2558	1914
2558	1917
2559	1921
2561	1925
2561	1928
2563	1932
2563	1935
2562	1939
2562	1942
2562	1945
2561	1949
2562	1952
2563	1956
2563	1959
2564	1963
2564	1966
2564	1970
2565	1973
2565	1977
2566	1980
2568	1984
2568	1988
2568	1991
2567	1995
2567	1998
2569	2002
2569	2005
2570	2009
2570	2012
2570	2016
2569	2019
2570	2023
2569	2026
2569	2030
2569	2033
2569	2037
2570	2040
2570	2044
2571	2047
2570	2051
2571	2054
2572	2058
2573	2062
2572	2065
2572	2068
2573	2072
2575	2076
2574	2079
2575	2083
2575	2086
2578	2090
2578	2094
2579	2098
2579	2101
2579	2105
2578	2108
2577	2111
2578	2115
2579	2119
2580	2122
2580	2126
2579	2129
2580	2133
2579	2137
2580	2140
2580	2144
2579	2147
2580	2151
2579	2154
2580	2158
2580	2162
2580	2165
2581	2169
2581	2172
2581	2176
2581	2179
2581	2183
2582	2187
2584	2191
2583	2194
2582	2198
2583	2201
2583	2205
2582	2208
2581	2212
2581	2215
2582	2219
2583	2223
2583	2226
2583	2230
2582	2233
2584	2237
2584	2241
2584	2245
2583	2248
2583	2252
2583	2255
2584	2259
2585	2263
2585	2267
2586	2270
2584	2274
2583	2277
2584	2281
2586	2285
2585	2288
2583	2291
2583	2295
2583	2299
2583	2302
2584	2306
2583	2310
2584	2313
2585	2317
2584	2321
2583	2324
2584	2328
2583	2331
2583	2335
2583	2339
2583	2343
2584	2346
2584	2350
2585	2354
2585	2358
2586	2361
2586	2365
2586	2369
2587	2373
2587	2377
2585	2380
2584	2383
2584	2387
2585	2391
2586	2395
2586	2399
2586	2402
2586	2406
2585	2409
2585	2413
2586	2417
2585	2421
2584	2424
2583	2427
2584	2431
2585	2435
2587	2440
2588	2444
2587	2447
2588	2451
2589	2455
2588	2459
2588	2462
2588	2466
2589	2470
2589	2474
2589	2478
2589	2481
2587	2485
2587	2489
2588	2493
2588	2496
2587	2500
2588	2504
2588	2508
2588	2511
2588	2515
2587	2519
2586	2522
2588	2527
2588	2530
2588	2534
2589	2538
2588	2542
2588	2546
2589	2550
2589	2554
2589	2557
2588	2561
2587	2565
2588	2569
2589	2573
2589	2577
2588	2580
2590	2585
2590	2589
2589	2592
2588	2596
2589	2600
2589	2604
2589	2608
2589	2612
2589	2615
2590	2620
2589	2623
2588	2627
2587	2630
2587	2634
2587	2638
2590	2643
2590	2647
2589	2651
2589	2654
2588	2658
2588	2662
2589	2666
2589	2670
2589	2674
2589	2678
2587	2681
2588	2685
2589	2690
2590	2694
2590	2698
2589	2702
2589	2706
2589	2710
2589	2714
2589	2717
2588	2721
2588	2725
2586	2729
2586	2732
2586	2737
2587	2741
2587	2745
2588	2749
2587	2753
2588	2757
2587	2761
2585	2764
2583	2767
2581	2771
2582	2775
2581	2779
2581	2782
2580	2786
2579	2790
2578	2794
2579	2798
2579	2802
2579	2806
2580	2810
2583	2816
2581	2819
2580	2823
2580	2827
2581	2831
2580	2835
2578	2839
2579	2843
2580	2847
2579	2851
2577	2854
2576	2858
2578	2863
2579	2868
2577	2871
2579	2876
2580	2880
2578	2884
2578	2888
2579	2892
2580	2897
2579	2901
2578	2905
2578	2909
2579	2913
2578	2917
2576	2921
2574	2924
2574	2928
2574	2932
2576	2937
2577	2942
2577	2946
2576	2950
2575	2954
2575	2958
2577	2963
2576	2967
2576	2971
2575	2975
2575	2979
2575	2983
2575	2988
2575	2992
2574	2996
2574	3000
2575	3005
2575	3009
2576	3014
2576	3019
2576	3022
2575	3026
2575	3031
2575	3035
2576	3040
2576	3044
2576	3049
2576	3053
2576	3057
2575	3061
2574	3065
2572	3069
2572	3073
2570	3076
2570	3081
2569	3085
2567	3088
2567	3092
2566	3096
2566	3101
2565	3105
2565	3109
2566	3114
2565	3118
2563	3121
2561	3125
2562	3129
2563	3134
2562	3138
2562	3143
2561	3147
2559	3150
2555	3152
2541	3149
2518	3140
2503	3136
2499	3139
2498	3142
2496	3146
2495	3149
2495	3154
2502	3162
2508	3170
2550	3199
2555	3207
2555	3211
2554	3216
2553	3219
2552	3223
2551	3227
2550	3231
2550	3236
2550	3241
2549	3245
2550	3250
2549	3254
2548	3258
2548	3263
2549	3268
2549	3272
2547	3276
2546	3280
2544	3283
2544	3288
2544	3293
2544	3298
2544	3302
2543	3306
2542	3311
2544	3317
2544	3321
2544	3326
2543	3330
2542	3334
2541	3338
2538	3341
2538	3346
2538	3351
2538	3355
2537	3360
2536	3364
2535	3368
2536	3373
2535	3378
2535	3383
2535	3387
2534	3392
2534	3396
2533	3401
2532	3405
2531	3409
2530	3413
2529	3418
2528	3421
2527	3426
2526	3430
2526	3435
2524	3439
2523	3443
2523	3448
2522	3452
2520	3456
2519	3460
2517	3464
2516	3468
2515	3472
2513	3476
2513	3480
2512	3485
2511	3489
2510	3493
2508	3497
2507	3502
2507	3506
2506	3511
2506	3516
2506	3521
2504	3525
2503	3529
2500	3532
2500	3537
2499	3541
2497	3545
2496	3549
2495	3554
2494	3558
2493	3563
2491	3567
2490	3571
2490	3576
2488	3580
2486	3583
2485	3587
2484	3592
2483	3596
2482	3601
2480	3605
2479	3609
2478	3614
2477	3618
2475	3622
2473	3626
2472	3630
2472	3635
2471	3640
2469	3644
2468	3648
2465	3651
2463	3655
2461	3658
2459	3662
2457	3666
2455	3670
2453	3674
2452	3678
2451	3682
2450	3687
2448	3691
2447	3696
2446	3700
2445	3704
2444	3709
2443	3714
2443	3719
2442	3724
2441	3729
2441	3734
2441	3739
2439	3744
2438	3747
2436	3752
2435	3757
2434	3761
2434	3766
2432	3770
2430	3775
2431	3781
2430	3786
2428	3790
2426	3793
2425	3798
2424	3803
2421	3806
2419	3810
2417	3814
2415	3817
2414	3822
2412	3827
2411	3831
2410	3836
2409	3841
2408	3845
2406	3849
2404	3853
2403	3858
2400	3862
2398	3865
2395	3868
2387	3866
2362	3850
2346	3841
2340	3842
2338	3846
2344	3857
2342	3861
2343	3867
2341	3871
2339	3875
2340	3882
2337	3885
2347	3900
2369	3926
2371	3934
2370	3939
2368	3943
2365	3946
2363	3950
2362	3955
2362	3961
2361	3966
2358	3969
2357	3974
2355	3978
2352	3982
2351	3986
2349	3990
2348	3995
2346	4000
2345	4004
2342	4008
2339	4011
2338	4016
2338	4022
2337	4028
2336	4032
2333	4036
2331	4040
2330	4045
2330	4051
2330	4058
2329	4063
2327	4067
2324	4070
2323	4075
2319	4078
2317	4082
2315	4086
2314	4091
2312	4095
2309	4099
2308	4104
2305	4108
2303	4112
2058	3865
2055	3868
2052	3870
2051	3875
2050	3880
2049	3885
2047	3888
2043	3890
2043	3896
2042	3901
2042	3907
2039	3909
2038	3913
2271	4169
2265	4168
2263	4173
2260	4176
2258	4180
2255	4184
2253	4188
2251	4193
2249	4197
2246	4200
2242	4203
2241	4208
2239	4212
2236	4216
2234	4220
2231	4224
2230	4229
2229	4235
2228	4240
2225	4244
2224	4249
2222	4253
2219	4257
2216	4260
2214	4265
2213	4271
2209	4273
2207	4278
2205	4282
2203	4286
2200	4291
2199	4296
2199	4303
2198	4309
2196	4313
2193	4317
2191	4321
2190	4327
2189	4333
2188	4339
2186	4344
2184	4348
2181	4352
2178	4355
2173	4357
2170	4360
2168	4365
2164	4367
2160	4369
2157	4373
2154	4376
2151	4380
2149	4385
2146	4388
2144	4393
2139	4394
2137	4398
2135	4403
2132	4407
2129	4411
2127	4415
2125	4420
2122	4424
2119	4428
2116	4431
2114	4436
2111	4439
2108	4443
2106	4447
2103	4452
2100	4455
2098	4460
2096	4464
2093	4468
2090	4471
2087	4476
2085	4480
2083	4486
2080	4490
2078	4494
2074	4497
2069	4498
2067	4502
2066	4509
2064	4514
2062	4520
2059	4522
2054	4524
2051	4528
2049	4532
2046	4537
2044	4541
2040	4544
2037	4548
2035	4552
2032	4556
2029	4560
2026	4564
2023	4568
2021	4573
2019	4578
2017	4583
2015	4588
2011	4591
2009	4596
2006	4600
2004	4605
2002	4610
1999	4615
1996	4618
1993	4622
1989	4624
1986	4629
1984	4634
1981	4638
1978	4642
1975	4645
1972	4649
1969	4653
1965	4656
1961	4659
1958	4662
1954	4665
1951	4668
1948	4673
1945	4676
1941	4680
1938	4683
1935	4687
1931	4690
1928	4693
1924	4697
1921	4700
1918	4704
1914	4707
1911	4711
1908	4716
1905	4719
1902	4723
1899	4727
1896	4731
1892	4734
1889	4738
1885	4741
1881	4744
1877	4745
1873	4749
1870	4753
1868	4758
1866	4764
1863	4768
1860	4771
1856	4775
1854	4780
1851	4784
1848	4788
1844	4791
1840	4794
1837	4797
1835	4803
1831	4807
1828	4811
1825	4815
1821	4817
1817	4820
1812	4821
1808	4824
1804	4826
1801	4830
1798	4835
1796	4841
1794	4847
1791	4851
1788	4855
1784	4858
1780	4862
1778	4867
1775	4872
1773	4878
1770	4883
1767	4888
1764	4892
1761	4896
1758	4900
1755	4905
1753	4912
1751	4918
1747	4921
1744	4924
1740	4928
1737	4932
1733	4935
1729	4939
1726	4942
1722	4945
1718	4948
1714	4951
1711	4955
1707	4959
1704	4964
1700	4967
1696	4969
1692	4972
1689	4975
1685	4980
1681	4983
1678	4987
1675	4991
1671	4995
1667	4998
1664	5002
1661	5007
1657	5011
1654	5015
1651	5019
1647	5022
1643	5025
1638	5027
1634	5030
1630	5033
1625	5034
1620	5033
1615	5035
1610	5037
1606	5040
1602	5043
1599	5047
1596	5053
1593	5058
1589	5060
1584	5062
1580	5065
1577	5069
1574	5075
1570	5078
1567	5082
1563	5086
1559	5089
1555	5092
1551	5095
1548	5099
1545	5104
1540	5106
1536	5108
1531	5111
1528	5115
1525	5120
1520	5121
1515	5123
1512	5127
1507	5130
1503	5133
1499	5135
1495	5138
1491	5142
1487	5146
1481	5144
1475	5141
1469	5142
1466	5145
1464	5154
1462	5162
1458	5166
1455	5172
1451	5175
1446	5176
1441	5177
1438	5180
1434	5185
1430	5188
1425	5190
1421	5193
1417	5197
1413	5199
1409	5201
1404	5204
1400	5206
1395	5208
1390	5208
1385	5210
1381	5212
1376	5214
1372	5216
1367	5219
1364	5225
1360	5228
1356	5232
1353	5236
1349	5240
1345	5243
1341	5247
1337	5251
1333	5253
1329	5258
1326	5264
1323	5271
1320	5276
1316	5279
1312	5283
1306	5283
1302	5285
1298	5289
1293	5292
1289	5294
1285	5298
1281	5302
1277	5304
1272	5307
1268	5311
1264	5314
1260	5317
1255	5320
1251	5322
1246	5324
1241	5325
1237	5327
1232	5329
1226	5329
1221	5330
1217	5332
1212	5335
1208	5338
1204	5341
1200	5344
1195	5347
1190	5348
1185	5348
1181	5351
1177	5356
1173	5360
1168	5361
1164	5364
1159	5366
1154	5367
1149	5369
1145	5371
1140	5374
1136	5376
1131	5379
1127	5381
1121	5382
1116	5382
1112	5385
1106	5385
1101	5385
1098	5391
1095	5399
1090	5401
1086	5404
1081	5405
1076	5406
1071	5409
1067	5413
1063	5416
1058	5418
1054	5421
1048	5420
1043	5420
1038	5421
1033	5423
1028	5426
1024	5427
1018	5428
1013	5428
1008	5427
1003	5429
998	5430
993	5433
989	5436
984	5438
980	5441
975	5442
970	5443
965	5446
961	5451
957	5456
953	5458
948	5459
942	5458
936	5456
931	5456
925	5452
920	5454
916	5458
911	5461
906	5461
901	5461
896	5463
891	5463
886	5464
881	5465
875	5465
870	5464
865	5463
859	5463
854	5463
849	5462
843	5462
838	5463
834	5465
829	5466
824	5468
819	5469
814	5471
809	5472
804	5473
799	5474
795	5476
790	5478
785	5480
781	5483
775	5484
771	5487
766	5490
762	5492
756	5491
751	5491
746	5493
741	5494
736	5495
731	5494
726	5495
721	5495
715	5494
710	5495
706	5497
701	5502
697	5506
692	5509
687	5511
683	5513
677	5512
672	5512
667	5514
662	5515
657	5516
652	5516
647	5514
641	5514
636	5515
631	5515
626	5515
621	5516
616	5516
611	5517
606	5518
601	5518
596	5519
591	5521
586	5524
581	5526
577	5528
572	5528
567	5529
561	5530
557	5532
552	5534
547	5534
542	5534
536	5534
531	5535
526	5535
521	5537
517	5540
512	5542
507	5541
501	5541
496	5543
492	5545
487	5546
482	5549
477	5552
472	5552
467	5554
462	5556
457	5555
452	5556
447	5557
442	5556
437	5557
432	5561
427	5564
422	5567
418	5571
413	5575
408	5576
403	5579
398	5581
393	5580
388	5582
383	5583
378	5585
373	5588
368	5589
363	5590
358	5590
353	5592
348	5592
343	5592
338	5593
332	5593
327	5594
323	5599
318	5601
313	5603
307	5602
302	5602
297	5599
292	5598
286	5596
281	5598
276	5600
271	5602
266	5603
261	5603
256	5602
251	5600
245	5598
240	5600
235	5601
230	5602
225	5603
220	5604
215	5603
209	5601
204	5599
199	5598
194	5599
189	5601
184	5603
179	5609
135	5011
131	5022
127	5024
123	5024
118	5021
114	5019
109	5017
105	5017
100	5017
96	5010
91	5003
87	5002
82	4996
78	4993
73	4992
69	4995
65	5000
61	5000
56	5000
52	5003
48	5014
44	5017
39	5017
35	5017
31	5017
26	5020
22	5023
18	5019
15	5630
10	5627
4	5626
-1	5625
-6	5624
-11	5625
-16	5626
-21	5627
-26	5628
-32	5629
-37	5629
-42	5631
-47	5631
-52	5629
-57	5626
-63	5623
-68	5623
-73	5624
-78	5626
-83	5628
-88	5628
-93	5627
-99	5624
-104	5624
-109	5625
-114	5625
-119	5623
-124	5618
-129	5617
-135	5617
-140	5617
-145	5617
-150	5615
-155	5613
-160	5612
-165	5613
-170	5614
-176	5613
-181	5613
-186	5612
-191	5613
-196	5614
-201	5611
-206	5611
-212	5612
-217	5615
-222	5617
-227	5618
-232	5618
-238	5617
-243	5617
-248	5617
-253	5616
-258	5615
-263	5615
-268	5614
-273	5614
-279	5614
-284	5615
-289	5616
-294	5616
-299	5617
-304	5615
-310	5614
-315	5617
-320	5618
-325	5615
-330	5613
-335	5612
-340	5612
-346	5612
-350	5607
-356	5607
-361	5609
-366	5609
-371	5609
-376	5608
-381	5607
-386	5606
-391	5604
-397	5604
-402	5603
-407	5600
-411	5595
-416	5594
-421	5592
-417	5494
-422	5492
-427	5490
-432	5490
-437	5489
-442	5489
-447	5488
-452	5487
-456	5485
-461	5484
-466	5482
-471	5482
-476	5481
-481	5479
-486	5477
-490	5475
-495	5474
-500	5473
-505	5472
-473	5168
-478	5166
-482	5163
-486	5162
-491	5160
-495	5159
-500	5159
-504	5157
-509	5157
-513	5155
-518	5153
-522	5153
-527	5152
-531	5152
-536	5151
-540	5149
-545	5149
-549	5149
-554	5148
-559	5148
-563	5147
-568	5146
-572	5146
-577	5145
-581	5144
-586	5143
-590	5142
-595	5142
-599	5142
-604	5141
-608	5138
-613	5139
-617	5139
-622	5138
-626	5137
-631	5136
-635	5136
-640	5135
-645	5135
-700	5427
-705	5425
-709	5424
-714	5423
-719	5422
-724	5421
-729	5419
-733	5418
-738	5417
-709	5231
-714	5232
-719	5233
-724	5236
-730	5241
-736	5249
-743	5258
-750	5267
-757	5279
-765	5296
-771	5301
-777	5308
-784	5315
-790	5320
-796	5327
-802	5332
-808	5338
-815	5345
-822	5355
-828	5361
-834	5365
-839	5366
-844	5367
-850	5370
-857	5378
-862	5379
-868	5381
-873	5383
-879	5385
-884	5385
-889	5385
-889	5365
-894	5361
-899	5361
-905	5365
-927	5441
-940	5472
-947	5480
-952	5481
-957	5478
-961	5474
-966	5473
-972	5474
-976	5471
-979	5460
-977	5431
-972	5391
-973	5373
-980	5380
-988	5393
-995	5401
-1006	5423
-1002	5389
-1018	5429
-1026	5438
-1030	5433
-1034	5429
-1038	5425
-1042	5422
-1047	5418
-1051	5414
-1055	5410
-1059	5408
-1064	5406
-1069	5405
-1074	5403
-1078	5398
-1081	5392
-1086	5391
-1092	5391
-1097	5393
-1102	5392
-1107	5389
-1112	5389
-1117	5387
-1121	5384
-1125	5382
-1130	5378
-1135	5378
-1140	5377
-1144	5374
-1149	5373
-1154	5372
-1159	5372
-1163	5367
-1168	5366
-1173	5365
-1178	5365
-1183	5363
-1188	5364
-1194	5364
-1199	5364
-1204	5362
-1208	5360
-1213	5356
-1217	5353
-1221	5351
-1226	5349
-1231	5349
-1236	5348
-1240	5342
-1244	5339
-1248	5336
-1253	5333
-1257	5330
-1262	5329
-1267	5328
-1272	5328
-1277	5326
-1281	5322
-1285	5318
-1289	5316
-1294	5316
-1299	5315
-1304	5312
-1308	5308
-1312	5304
-1316	5302
-1320	5298
-1324	5295
-1329	5293
-1334	5291
-1338	5290
-1343	5287
-1347	5283
-1350	5278
-1355	5277
-1360	5277
-1365	5274
-1369	5272
-1375	5274
-1381	5276
-1386	5274
-1390	5271
-1395	5269
-1399	5266
-1404	5266
-1409	5264
-1414	5262
-1418	5260
-1424	5260
-1429	5259
-1434	5259
-1438	5257
-1443	5256
-1448	5255
-1454	5254
-1459	5253
-1463	5251
-1468	5250
-1474	5250
-1478	5249
-1484	5249
-1489	5249
-1495	5248
-1499	5247
-1505	5247
-1509	5245
-1514	5242
-1518	5240
-1522	5237
-1526	5233
-1531	5231
-1536	5230
-1541	5229
-1546	5229
-1551	5227
-1555	5223
-1559	5220
-1563	5218
-1568	5215
-1572	5212
-1575	5207
-1579	5203
-1581	5195
-1583	5187
-1586	5181
-1589	5176
-1593	5173
-1598	5171
-1602	5169
-1607	5167
-1612	5166
-1617	5165
-1621	5163
-1626	5161
-1629	5156
-1634	5155
-1639	5153
-1644	5152
-1648	5149
-1653	5147
-1658	5146
-1664	5148
-1670	5148
-1675	5149
-1681	5148
-1686	5148
-1691	5147
-1697	5147
-1701	5145
-1706	5142
-1710	5139
-1714	5137
-1718	5134
-1723	5132
-1727	5130
-1732	5128
-1737	5127
-1742	5126
-1747	5124
-1751	5121
-1756	5120
-1761	5118
-1765	5114
-1769	5112
-1774	5112
-1782	5115
-1787	5115
-1793	5115
-1798	5114
-1803	5113
-1808	5111
-1813	5109
-1817	5107
-1821	5103
-1825	5100
-1830	5098
-1834	5096
-1838	5093
-1844	5093
-1849	5092
-1856	5093
-1860	5092
-1866	5091
-1871	5090
-1876	5089
-1881	5088
-1885	5084
-1888	5079
-1891	5074
-1895	5070
-1899	5067
-1903	5064
-1907	5062
-1912	5060
-1916	5056
-1920	5053
-1924	5051
-1928	5047
-1932	5044
-1935	5040
-1938	5035
-1942	5030
-1945	5025
-1948	5021
-1952	5018
-1955	5014
-1958	5009
-1962	5005
-1965	5000
-1968	4997
-1973	4994
-1977	4991
-1981	4989
-1986	4987
-1991	4986
-1995	4983
-2000	4981
-2004	4978
-2009	4977
-2015	4977
-2021	4976
-2025	4975
-2030	4972
-2036	4972
-2041	4971
-2047	4971
-2052	4969
-2056	4967
-2060	4964
-2064	4961
-2069	4959
-2072	4955
-2077	4954
-2083	4953
-2088	4952
-2093	4951
-2098	4948
-2102	4945
-2105	4942
-2109	4938
-2114	4936
-2119	4935
-2124	4934
-2128	4930
-2132	4926
-2135	4922
-2138	4918
-2142	4915
-2145	4910
-2149	4907
-2151	4902
-2155	4898
-2159	4894
-2163	4892
-2165	4886
-2169	4883
-2173	4879
-2176	4875
-2179	4870
-2182	4866
-2185	4861
-2187	4856
-2190	4851
-2194	4848
-2198	4845
-2203	4843
-2208	4841
-2212	4838
-2215	4835
-2218	4830
-2222	4827
-2226	4824
-2229	4820
-2234	4817
-2238	4814
-2242	4812
-2247	4810
-2252	4808
-2256	4806
-2260	4803
-2264	4800
-2269	4798
-2273	4795
-2276	4791
-2280	4787
-2284	4785
-2289	4783
-2293	4781
-2299	4779
-2304	4778
-2309	4776
-2313	4773
-2317	4771
-2322	4770
-2328	4768
-2332	4765
-2336	4762
-2340	4760
-2344	4757
-2347	4752
-2351	4749
-2356	4748
-2360	4745
-2365	4743
-2371	4742
-2376	4741
-2380	4738
-2382	4732
-2384	4726
-2385	4720
-2387	4714
-2391	4710
-2395	4707
-2399	4705
-2403	4702
-2407	4699
-2410	4695
-2413	4690
-2416	4686
-2419	4681
-2422	4677
-2424	4672
-2427	4668
-2430	4664
-2434	4660
-2438	4658
-2442	4655
-2445	4651
-2449	4647
-2452	4644
-2458	4642
-2463	4640
-2467	4638
-2472	4636
-2474	4631
-2477	4627
-2481	4624
-2485	4621
-2490	4618
-2493	4615
-2497	4611
-2499	4606
-2502	4602
-2504	4597
-2507	4593
-2511	4590
-2515	4586
-2518	4582
-2521	4578
-2524	4574
-2528	4571
-2533	4569
-2536	4565
-2539	4561
-2542	4557
-2545	4553
-2549	4549
-2554	4548
-2558	4545
-2563	4543
-2566	4539
-2569	4534
-2572	4530
-2576	4527
-2579	4523
-2582	4519
-2585	4515
-2588	4512
-2591	4507
-2594	4504
-2598	4500
-2601	4496
-2605	4493
-2609	4490
-2614	4488
-2617	4483
-2619	4479
-2623	4476
-2627	4473
-2630	4469
-2634	4466
-2637	4462
-2638	4455
-2639	4449
-2642	4446
-2647	4443
-2652	4441
-2655	4437
-2655	4430
-2658	4426
-2661	4422
-2664	4418
-2668	4415
-2670	4410
-2671	4404
-2674	4400
-2676	4395
-2679	4391
-2683	4388
-2687	4385
-2691	4382
-2694	4378
-2697	4374
-2698	4368
-2701	4364
-2704	4360
-2707	4357
-2711	4353
-2714	4350
-2718	4346
-2720	4341
-2722	4336
-2726	4334
-2732	4333
-2737	4330
-2741	4327
-2743	4322
-2745	4317
-2748	4314
-2751	4310
-2754	4306
-2759	4303
-2761	4299
-2764	4295
-2769	4293
-2772	4289
-2776	4285
-2781	4284
-2787	4282
-2791	4280
-2794	4275
-2798	4272
-2802	4270
-2808	4269
-2814	4268
-2818	4264
-2820	4259
-2822	4255
-2824	4250
-2827	4245
-2829	4240
-2833	4238
-2835	4233
-2836	4228
-2840	4224
-2842	4220
-2845	4215
-2847	4211
-2850	4207
-2852	4202
-2854	4197
-2852	4189
-2853	4183
-2851	4175
-2852	4169
-2853	4164
-2857	4161
-2859	4156
-2862	4151
-2866	4148
-2870	4145
-2877	4145
-2882	4143
-2878	4133
-2880	4128
-2884	4125
-2887	4121
-2889	4117
-2891	4112
-2892	4107
-2895	4103
-2899	4100
-2904	4097
-2906	4092
-2904	4085
-2651	3867
-2657	3866
-2662	3864
-2668	3863
-2679	3866
-2686	3866
-2691	3865
-2697	3864
-2703	3863
-2709	3862
-2715	3861
-2722	3861
-2728	3860
-2735	3860
-2741	3859
-2748	3859
-2754	3858
-2761	3858
-2767	3856
-2776	3858
-2783	3857
-2789	3856
-2795	3856
-2802	3855
-2808	3854
-2816	3854
-2823	3854
-2829	3853
-2836	3853
-2843	3852
-2848	3850
-2855	3850
-2861	3848
-2868	3848
-2878	3850
-2884	3849
-2891	3848
-2899	3848
-2906	3847
-2912	3847
-2919	3846
-2926	3845
-2933	3844
-2940	3844
-2946	3842
-2952	3841
-2955	3837
-2951	3829
-2952	3824
-2958	3822
-2967	3822
-2970	3819
-2975	3817
-2979	3814
-2979	3808
-2979	3802
-2978	3796
-2979	3790
-2982	3787
-2987	3784
-2994	3784
-2995	3779
-2992	3771
-2994	3766
-2994	3761
-2993	3754
-2997	3751
-2999	3747
-2999	3741
-2998	3735
-2997	3728
-2999	3724
-3001	3720
-3002	3714
-3002	3709
-3004	3704
-3005	3700
-3006	3695
-3006	3690
-3009	3686
-3008	3680
-3008	3674
-3008	3668
-3005	3660
-3010	3658
-3016	3656
-3018	3652
-3020	3648
-3020	3642
-3017	3635
-3018	3630
-3018	3625
-3018	3619
-3017	3613
-3017	3607
-3013	3599
-3012	3593
-3017	3591
-3020	3587
-3020	3582
-3021	3577
-3023	3573
-3023	3567
-3022	3561
-3024	3557
-3025	3552
-3013	3540
-3028	3543
-3021	3533
-3011	3522
-3015	3519
-3019	3516
-3022	3513
-3023	3508
-3022	3502
-3023	3497
-3024	3492
-3024	3487
-3024	3482
-3026	3478
-3029	3474
-3027	3468
-3026	3462
-3021	3454
-3022	3449
-3022	3444
-3023	3439
-3022	3433
-3022	3428
-3024	3424
-3023	3418
-3024	3414
-3026	3410
-3028	3405
-3027	3400
-3027	3395
-3027	3389
-3026	3384
-3022	3376
-3022	3371
-3023	3367
-3026	3363
-3028	3359
-3029	3354
-3030	3350
-3032	3346
-3034	3342
-3032	3336
-3033	3331
-3033	3326
-3033	3321
-3034	3316
-3035	3312
-3033	3306
-3033	3301
-3035	3297
-3037	3293
-3037	3288
-3037	3283
-3038	3278
-3038	3273
-3039	3269
-3042	3265
-3041	3260
-3040	3254
-3038	3249
-3037	3243
-3033	3236
-3033	3231
-3039	3229
-3041	3225
-3040	3220
-3039	3214
-3040	3210
-3040	3205
-3038	3199
-3038	3194
-3040	3190
-3042	3186
-3042	3182
-3041	3176
-3039	3170
-3041	3166
-3040	3161
-3040	3156
-3040	3151
-3041	3147
-3042	3142
-3042	3137
-3043	3133
-3040	3127
-3040	3122
-3043	3119
-3043	3114
-3043	3109
-3042	3104
-3042	3099
-3043	3095
-3039	3088
-3038	3083
-3039	3079
-3041	3075
-3042	3070
-3042	3066
-3042	3061
-3041	3056
-3041	3051
-3041	3047
-3041	3042
-3039	3036
-3039	3032
-3041	3028
-3043	3024
-3038	3017
-3039	3013
-3039	3008
-3037	3002
-3038	2998
-3039	2994
-3038	2989
-3037	2984
-3036	2978
-3034	2973
-3033	2968
-3035	2964
-3035	2960
-3036	2955
-3036	2951
-3034	2946
-3034	2941
-3032	2935
-3029	2930
-3029	2925
-3030	2921
-3029	2916
-3029	2911
-3030	2907
-3029	2902
-3028	2897
-3030	2894
-3031	2889
-3030	2885
-3030	2880
-3029	2875
-3027	2870
-3027	2865
-3029	2861
-3027	2856
-3025	2851
-3025	2846
-3024	2841
-3022	2836
-3021	2832
-3019	2826
-3018	2822
-3019	2817
-3020	2813
-3020	2809
-3018	2804
-3016	2799
-3016	2794
-3017	2790
-3017	2786
-3016	2781
-3014	2776
-3015	2772
-3013	2767
-3013	2762
-3012	2758
-3013	2753
-3013	2749
-3014	2745
-3012	2740
-3011	2735
-3010	2731
-3010	2726
-3009	2722
-3009	2717
-3006	2712
-3004	2707
-3003	2702
-3004	2698
-3004	2694
-3003	2689
-3002	2684
-3001	2680
-2998	2674
-2995	2669
-2997	2665
-2998	2662
-2996	2657
-2996	2652
-2998	2649
-3000	2645
-3002	2642
-3002	2637
-3001	2633
-2999	2628
-2999	2624
-2998	2619
-2995	2614
-2995	2610
-2995	2605
-2994	2601
-2994	2597
-2991	2591
-2990	2587
-2988	2582
-2988	2578
-2988	2574
-2989	2570
-2987	2565
-2988	2561
-2988	2557
-2987	2553
-2986	2548
-2984	2543
-2985	2539
-2984	2535
-2982	2530
-2980	2526
-2978	2521
-2980	2517
-2979	2513
-2978	2508
-2976	2504
-2976	2500
-2977	2496
-2975	2491
-2973	2487
-2974	2482
-2973	2478
-2969	2473
-2967	2468
-2966	2464
-2966	2460
-2965	2456
-2964	2451
-2964	2447
-2964	2443
-2962	2439
-2961	2434
-2961	2430
-2963	2427
-2962	2422
-2960	2418
-2957	2413
-2957	2409
-2958	2405
-2959	2401
-2956	2397
-2954	2392
-2953	2388
-2952	2384
-2951	2379
-2950	2375
-2949	2371
-2947	2366
-2945	2362
-2946	2358
-2947	2354
-2947	2350
-2946	2346
-2946	2342
-2944	2338
-2940	2333
-2939	2329
-2939	2325
-2938	2321
-2933	2316
-2933	2312
-2935	2308
-2935	2304
-2933	2300
-2931	2295
-2927	2291
-2926	2286
-2925	2282
-2923	2278
-2922	2274
-2921	2270
-2924	2266
-2930	2264
-2928	2260
-2926	2255
-2925	2251
-2923	2247
-2920	2242
-2921	2239
-2919	2234
-2919	2230
-2918	2226
-2916	2222
-2914	2218
-2913	2214
-2915	2210
-2915	2206
-2912	2202
-2911	2198
-2908	2194
-2910	2190
-2910	2186
-2908	2182
-2906	2178
-2905	2174
-2904	2170
-2903	2166
-2899	2161
-2899	2157
-2902	2154
-2900	2150
-2900	2146
-2899	2142
-2898	2138
-2896	2134
-2894	2130
-2892	2126
-2891	2122
-2891	2118
-2889	2114
-2886	2110
-2886	2106
-2890	2103
-2889	2099
-2882	2094
-2882	2090
-2885	2087
-2884	2083
-2879	2078
-2877	2074
-2878	2071
-2879	2067
-2879	2063
-2877	2059
-2877	2055
-2875	2052
-2874	2048
-2874	2044
-2874	2040
-2873	2036
-2868	2032
-2868	2028
-2870	2025
-2870	2021
-2871	2017
-2868	2013
-2865	2009
-2864	2005
-2863	2001
-2864	1998
-2863	1994
-2863	1990
-2863	1986
-2861	1983
-2859	1979
-2857	1975
-2854	1971
-2851	1967
-2850	1963
-2852	1959
-2852	1956
-2853	1952
-2856	1949
-2854	1945
-2852	1941
-2851	1937
-2850	1933
-2848	1930
-2846	1926
-2842	1922
-2842	1918
-2843	1914
-2843	1911
-2844	1907
-2843	1903
-2841	1899
-2839	1896
-2839	1892
-2839	1888
-2839	1885
-2837	1881
-2834	1877
-2834	1873
-2834	1870
-2830	1866
-2831	1862
-2832	1859
-2832	1855
-2830	1851
-2827	1847
-2825	1844
-2827	1840
-2826	1836
-2826	1833
-2826	1829
-2824	1825
-2822	1822
-2821	1818
-2821	1814
-2819	1811
-2817	1807
-2816	1803
-2815	1800
-2816	1796
-2815	1792
-2814	1789
-2815	1785
-2814	1781
-2813	1778
-2811	1774
-2810	1770
-2809	1767
-2810	1763
-2809	1760
-2809	1756
-2807	1752
-2805	1749
-2806	1745
-2805	1741
-2802	1738
-2800	1734
-2800	1731
-2801	1727
-2800	1723
-2799	1720
-2800	1716
-2799	1712
-2798	1709
-2794	1705
-2792	1702
-2793	1698
-2790	1694
-2788	1691
-2789	1687
-2787	1684
-2786	1680
-2786	1677
-2786	1673
-2785	1669
-2784	1666
-2783	1662
-2782	1659
-2781	1655
-2780	1652
-2779	1648
-2779	1644
-2779	1641
-2778	1637
-2776	1634
-2776	1630
-2776	1627
-2776	1623
-2773	1620
-2772	1616
-2772	1613
-2772	1609
-2770	1605
-2766	1602
-2765	1598
-2765	1595
-2765	1591
-2764	1588
-2762	1584
-2760	1581
-2757	1578
-2757	1574
-2754	1571
-2750	1567
-2746	1564
-2747	1560
-2749	1557
-2747	1553
-2747	1550
-2748	1546
-2751	1542
-2747	1539
-2746	1535
-2746	1532
-2747	1528
-2743	1525
-2742	1522
-2741	1518
-2741	1515
-2741	1511
-2741	1508
-2738	1504
-2737	1501
-2737	1497
-2737	1494
-2735	1490
-2735	1487
-2735	1483
-2734	1480
-2732	1476
-2731	1473
-2731	1469
-2732	1466
-2730	1462
-2728	1459
-2726	1456
-2724	1452
-2725	1449
-2725	1445
-2724	1442
-2724	1438
-2723	1435
-2723	1431
-2722	1428
-2719	1425
-2717	1421
-2717	1418
-2718	1414
-2717	1411
-2718	1407
-2716	1404
-2714	1400
-2715	1397
-2715	1393
-2712	1390
-2709	1387
-2709	1383
-2708	1380
-2709	1376
-2707	1373
-2705	1370
-2704	1366
-2704	1363
-2703	1360
-2701	1356
-2701	1353
-2700	1349
-2699	1346
-2698	1342
-2696	1339
-2694	1336
-2691	1333
-2692	1329
-2691	1326
-2690	1322
-2688	1319
-2687	1316
-2685	1313
-2686	1309
-2685	1306
-2685	1302
-2684	1299
-2682	1295
-2679	1292
-2680	1289
-2679	1285
-2678	1282
-2677	1279
-2677	1275
-2677	1272
-2675	1268
-2674	1265
-2672	1262
-2673	1258
-2672	1255
-2671	1251
-2669	1248
-2668	1245
-2667	1241
-2666	1238
-2666	1235
-2664	1231
-2663	1228
-2662	1225
-2661	1221
-2661	1218
-2659	1215
-2657	1212
-2653	1209
-2651	1206
-2652	1202
-2652	1198
-2652	1195
-2651	1192
-2649	1188
-2649	1185
-2648	1182
-2645	1179
-2645	1175
-2645	1172
-2644	1168
-2643	1165
-2642	1162
-2641	1158
-2639	1155
-2637	1152
-2635	1149
-2633	1146
-2635	1142
-2635	1138
-2634	1135
-2633	1132
-2630	1129
-2628	1126
-2627	1122
-2627	1119
-2626	1115
-2624	1112
-2624	1109
-2624	1105
-2623	1102
-2621	1099
-2620	1095
-2619	1092
-2618	1089
-2617	1086
-2615	1083
-2614	1079
-2613	1076
-2613	1072
-2612	1069
-2611	1066
-2609	1063
-2608	1060
-2607	1056
-2607	1053
-2605	1049
-2604	1046
-2603	1043
-2602	1040
-2601	1036
-2600	1033
-2598	1030
-2597	1027
-2596	1023
-2596	1020
-2594	1017
-2592	1014
-2591	1010
-2590	1007
-2589	1004
-2586	1001
-2586	997
-2587	994
-2586	991
-2585	987
-2584	984
-2582	981
-2580	978
-2579	975
-2578	971
-2579	967
-2578	964
-2577	961
-2576	957
-2574	954
-2573	951
-2572	948
-2571	945
-2570	942
-2569	938
-2569	935
-2566	932
-2565	929
-2563	926
-2561	923
-2560	919
-2560	916
-2559	913
-2558	909
-2558	906
-2556	903
-2555	899
-2554	896
-2552	893
-2551	890
-2550	886
-2549	883
-2548	880
-2547	876
-2546	873
-2544	870
-2543	867
-2543	863
-2541	860
-2540	857
-2539	854
-2539	850
-2537	847
-2535	844
-2533	841
-2532	838
-2531	835
-2530	832
-2529	828
-2529	825
-2529	821
-2526	818
-2525	815
-2524	812
-2523	809
-2522	805
-2521	802
-2519	799
-2517	796
-2515	793
-2513	790
-2512	787
-2513	783
-2512	780
-2509	777
-2508	774
-2507	771
-2504	768
-2503	765
-2503	761
-2502	758
-2498	756
-2497	752
-2496	749
-2495	746
-2493	743
-2492	740
-2491	736
-2491	732
-2489	730
-2488	726
-2488	723
-2487	719
-2486	716
-2483	714
-2483	710
-2481	707
-2479	704
-2478	701
-2476	698
-2475	695
-2475	691
-2474	688
-2475	684
-2474	680
-2472	677
-2470	674
-2470	671
-2468	668
-2467	665
-2467	661
-2465	658
-2465	654
-2464	651
-2463	648
-2463	644
-2460	641
-2459	638
-2458	635
-2456	632
-2455	629
-2454	625
-2455	621
-2454	618
-2451	615
-2450	612
-2449	609
-2448	605
-2447	602
-2446	599
-2444	596
-2443	593
-2441	590
-2441	586
-2440	582
-2440	579
-2439	575
-2438	572
-2435	570
-2433	567
-2433	563
-2433	559
-2431	556
-2429	553
-2428	550
-2428	546
-2427	543
-2426	540
-2424	537
-2423	533
-2420	531
-2419	528
-2418	524
-2418	521
-2418	517
-2416	514
-2416	510
-2416	506
-2415	502
-2414	499
-2410	497
-2409	494
-2408	491
-2407	487
-2409	483
-2408	479
-2405	476
-2405	473
-2404	469
-2402	466
-2400	464
-2398	461
-2398	457
-2398	453
-2396	450
-2395	446
-2394	443
-2392	440
-2390	437
-2389	434
-2387	431
-2386	428
-2385	425
-2385	421
-2385	417
-2383	413
-2382	410
-2381	407
-2379	404
-2377	401
-2376	398
-2376	394
-2374	391
-2373	387
-2371	385
-2370	381
-2369	378
-2367	375
-2367	371
-2365	368
-2365	364
-2363	361
-2362	357
-2361	354
-2360	350
-2359	347
-2357	344
-2355	341
-2353	338
-2353	334
-2352	331
-2351	327
-2350	324
-2349	321
-2348	317
-2345	315
-2343	312
-2341	309
-2339	306
-2339	302
-2337	299
-2337	295
-2336	292
-2334	289
-2332	286
-2331	282
-2331	278
-2330	275
-2329	271
-2328	268
-2327	264
-2324	262
-2322	259
-2321	256
-2320	252
-2319	249
-2318	245
-2317	242
-2315	238
-2314	235
-2313	231
-2313	227
-2310	225
-2308	222
-2306	219
-2305	215
-2303	212
-2302	209
-2301	205
-2301	201
-2299	198
-2298	195
-2296	192
-2294	189
-2292	186
-2291	183
-2289	180
-2287	177
-2287	173
-2284	170
-2281	168
-2280	164
-2280	160
-2281	155
-2280	152
-2276	150
-2271	149
-2269	146
-2266	144
-2262	142
-2259	140
-2256	138
-2251	137
-2248	135
-2245	133
-2243	130
-2241	127
-2239	125
-2237	121
-2237	117
-2236	114
-2234	110
-2232	107
-2232	103
-2231	99
-2230	96
-2230	92
-2228	88
-2227	85
-2225	82
-2224	79
-2222	75
-2222	71
-2221	68
-2219	64
-2217	61
-2216	58
-2215	54
-2215	50
-2213	47
-2213	42
-2211	39
-2210	36
-2208	33
-2207	29
-2204	27
-2203	23
-2202	19
-2201	16
-2199	13
-2197	9
-2197	5
-2196	1
-2195	-2
-2193	-6
-2191	-8
-2190	-12
-2189	-16
-2188	-20
-2188	-24
-2186	-27
-2185	-31
-2183	-34
-2182	-38
-2180	-41
-2178	-44
-2174	-45
-2173	-49
-2174	-55
-2170	-56
-2169	-60
-2169	-64
-2166	-66
-2166	-71
-2166	-76
-2164	-79
-2163	-83
-2162	-87
-2160	-90
-2159	-93
-2157	-97
-2155	-100
-2152	-102
-2149	-104
-2148	-108
-2146	-111
-2146	-116
-2147	-121
-2145	-125
-2142	-127
-2139	-129
-2140	-134
-2139	-138
-2127	-132
-2114	-127
-2109	-127
-2106	-129
-2104	-131
-2100	-133
-2097	-135
-2094	-137
-2093	-141
-2090	-143
-2080	-139
-2071	-136
-2066	-136
-2061	-137
-2058	-138
-2056	-141
-2054	-144
-2053	-148
-2051	-151
-2048	-153
-2044	-155
-2038	-153
-2032	-153
-2023	-150
-2014	-145
-2008	-145
-2005	-147
-2001	-148
-1998	-150
-1995	-152
-1985	-147
-1976	-144
-1972	-145
-1968	-146
-1963	-146
-1960	-148
-1957	-150
-1955	-152
-1952	-155
-1947	-154
-1941	-153
-1937	-154
-1934	-156
-1932	-159
-1929	-161
-1926	-163
-1924	-165
-1918	-165
-1910	-162
-1899	-156
-1893	-154
-1890	-156
-1885	-156
-1883	-158
-1880	-160
-1877	-162
-1850	-140
-1845	-139
-1841	-139
-1837	-140
-1833	-141
-1830	-143
-1825	-143
-1821	-143
-1817	-144
-1813	-144
-1810	-146
-1804	-145
-1800	-145
-1797	-147
-1794	-148
-1792	-151
-1789	-153
-1785	-154
-1785	-158
-1786	-165
-1785	-169
-1782	-170
-1778	-170
-1769	-165
-1762	-163
-1756	-162
-1753	-162
-1722	-134
-1719	-135
-1715	-136
-1712	-137
-1708	-138
-1705	-139
-1702	-141
-1699	-142
-1696	-144
-1693	-146
-1691	-148
-1689	-151
-1688	-154
-1685	-156
-1685	-160
-1684	-165
-1681	-165
-1677	-166
-1674	-167
-1670	-168
-1662	-163
-1652	-157
-1646	-154
-1641	-154
-1636	-153
-1632	-153
-1628	-153
-1624	-154
-1622	-156
-1619	-158
-1614	-157
-1612	-159
-1605	-156
-1600	-155
-1599	-158
-1597	-161
-1590	-157
-1584	-155
-1577	-152
-1572	-150
-1568	-151
-1564	-151
-1561	-152
-1556	-150
-1545	-142
-1538	-138
-1533	-138
-1530	-139
-1527	-140
-1526	-143
-1526	-148
-1525	-152
-1522	-153
-1519	-153
-1515	-155
-1513	-157
-1511	-159
-1509	-161
-1505	-161
-1500	-160
-1494	-157
-1489	-156
-1484	-155
-1481	-155
-1477	-155
-1474	-156
-1474	-161
-1470	-161
-1468	-163
-1458	-156
-1452	-153
-1446	-150
-1443	-150
-1439	-150
-1435	-150
-1423	-140
-1420	-141
-1419	-143
-1417	-146
-1413	-146
-1410	-146
-1406	-146
-1402	-146
-1399	-147
-1396	-148
-1394	-150
-1391	-151
-1389	-153
-1387	-156
-1386	-160
-1386	-165
-1380	-162
-1374	-158
-1370	-158
-1367	-158
-1364	-159
-1361	-160
-1358	-161
-1354	-161
-1350	-161
-1348	-162
-1346	-165
-1344	-167
-1341	-167
-1338	-169
-1336	-172
-1333	-173
-1327	-168
-1321	-165
-1318	-165
-1315	-166
-1312	-167
-1308	-167
-1304	-166
-1302	-168
-1300	-171
-1299	-174
-1297	-177
-1292	-175
-1285	-169
-1277	-162
-1269	-156
-1266	-156
-1264	-158
-1262	-161
-1262	-165
-1260	-169
-1259	-172
-1257	-174
-1256	-177
-1252	-177
-1247	-175
-1244	-175
-1241	-176
-1238	-177
-1235	-178
-1231	-176
-1228	-176
-1225	-178
-1222	-179
-1219	-179
-1216	-179
-1212	-179
-1208	-178
-1205	-178
-1202	-178
-1199	-180
-1196	-180
-1192	-180
-1189	-179
-1186	-180
-1180	-176
-1174	-172
-1173	-175
-1171	-177
-1167	-177
-1161	-172
-1161	-177
-1158	-178
-1155	-178
-1151	-177
-1149	-179
-1145	-179
-1142	-178
-1139	-179
-1135	-179
-1132	-179
-1129	-179
-1125	-178
-1121	-176
-1118	-177
-1116	-178
-1113	-179
-1109	-178
-1105	-177
-1103	-178
-1100	-178
-1097	-179
-1094	-179
-1084	-168
-1077	-160
-1073	-160
-1072	-163
-1072	-168
-1070	-172
-1063	-163
-1061	-166
-1060	-170
-1057	-171
-1053	-169
-1051	-170
-1049	-172
-1047	-175
-1045	-176
-1044	-180
-1040	-179
-1037	-179
-1023	-159
-1019	-158
-1016	-158
-1014	-160
-1021	-180
-1012	-168
-1011	-172
-1010	-176
-1008	-177
-1004	-176
-1002	-177
-999	-179
-998	-182
-995	-182
-991	-181
-988	-180
-983	-178
-980	-176
-977	-177
-974	-178
-970	-174
-966	-173
-964	-174
-961	-174
-958	-176
-955	-176
-952	-175
-929	-134
-926	-134
-923	-134
-921	-136
-922	-144
-922	-150
-921	-154
-919	-156
-917	-158
-915	-160
-913	-162
-912	-166
-897	-139
-894	-140
-879	-113
-876	-114
-873	-114
-870	-112
-866	-110
-863	-111
-861	-112
-858	-111
-855	-110
-852	-110
-849	-110
-847	-112
-846	-115
-844	-117
-856	-151
-779	-0
-776	1
-773	2
-770	2
-767	3
-765	2
-763	2
-760	2
-757	2
-755	1
-753	1
-750	2
-747	2
-745	2
-742	2
-739	2
-737	2
-734	3
-732	1
-732	-5
-732	-12
-731	-16
-727	-11
-722	-6
-720	-7
-719	-12
-719	-17
-717	-20
-717	-27
-745	-127
-745	-134
-744	-138
-742	-140
-740	-141
-737	-142
-735	-143
-733	-144
-730	-145
-728	-146
-725	-147
-723	-147
-721	-149
-718	-149
-716	-150
-713	-151
-711	-151
-708	-152
-706	-153
-704	-154
-701	-154
-697	-150
-693	-146
-689	-144
-686	-143
-684	-143
-682	-145
-680	-148
-678	-151
-677	-155
-674	-154
-670	-151
-668	-152
-666	-154
-662	-151
-658	-148
-655	-146
-652	-145
-650	-145
-646	-143
-643	-142
-641	-142
-638	-142
-636	-142
-633	-143
-631	-145
-631	-152
-629	-156
-627	-159
-626	-162
-625	-167
-621	-165
-617	-158
-612	-150
-608	-148
-605	-147
-603	-147
-601	-148
-599	-151
-597	-153
-596	-158
-595	-166
-592	-164
-588	-160
-584	-156
-581	-153
-579	-155
-577	-158
-574	-156
-572	-156
-570	-159
-567	-160
-565	-161
-569	-186
-512	-6
-510	-5
-507	-5
-505	-6
-503	-7
-504	-18
-504	-66
-505	-78
-505	-89
-508	-141
-507	-146
-506	-152
-504	-157
-503	-161
-501	-164
-499	-165
-497	-168
-495	-168
-492	-169
-490	-169
-487	-171
-485	-171
-482	-171
-480	-172
-477	-171
-475	-172
-472	-172
-470	-173
-466	-168
-462	-159
-458	-155
-455	-154
-453	-153
-450	-153
-448	-152
-445	-153
-443	-153
-441	-155
-438	-156
-437	-161
-435	-164
-433	-167
-431	-170
-429	-170
-426	-172
-424	-173
-422	-174
-419	-171
-416	-169
-413	-169
-411	-169
-408	-169
-405	-165
-402	-162
-401	-169
-398	-169
-395	-167
-392	-163
-389	-159
-386	-157
-383	-157
-381	-156
-378	-156
-376	-156
-373	-156
-371	-158
-370	-164
-368	-169
-364	-162
-362	-161
-359	-161
-357	-164
-356	-170
-353	-171
-351	-171
-349	-173
-346	-173
-343	-169
-340	-168
-338	-169
-336	-172
-335	-181
-333	-185
-331	-185
-328	-185
-326	-185
-323	-186
-321	-185
-318	-185
-315	-184
-313	-184
-310	-184
-308	-184
-305	-184
-303	-185
-301	-185
-298	-184
-295	-185
-293	-185
-290	-184
-288	-184
-286	-185
-283	-185
-281	-184
-278	-185
-276	-186
-273	-185
-271	-184
-268	-184
-266	-184
-263	-184
-261	-184
-258	-184
-256	-184
-253	-184
-251	-185
-248	-184
-246	-184
-243	-186
-241	-186
-238	-185
-236	-185
-233	-185
-231	-184
-228	-184
-226	-184
-224	-184
-221	-185
-219	-184
-216	-182
-213	-182
-211	-185
-209	-186
-206	-185
-204	-185
-201	-184
-199	-185
-196	-184
-194	-184
-191	-183
-189	-183
-186	-183
-184	-183
-181	-183
-179	-184
-177	-183
-174	-183
-172	-182
-169	-183
-167	-183
-164	-183
-162	-183
-159	-184
-157	-183
-154	-184
-152	-184
-150	-184
-147	-184
-145	-183
-142	-184
-140	-184
-137	-183
-135	-183
-132	-184
-130	-183
-127	-183
-125	-184
-123	-184
-120	-184
-118	-184
-115	-184
-113	-184
-110	-184
-108	-184
-105	-185
-103	-185
-101	-184
-98	-184
-96	-185
-93	-184
-91	-184
-88	-185
-86	-184
-83	-184
-81	-185
-78	-185
-76	-184
-74	-184
-69	-185
-66	-184
-64	-184
-61	-184
-59	-184
-56	-183
-54	-183
-52	-183
-49	-183
-47	-183
-44	-184
-42	-184
-39	-184
-37	-184
-34	-184
-32	-184
-29	-184
-27	-184
-25	-184
-22	-184
-20	-184
-17	-184
-15	-184
-12	-183
-10	-183
-7	-184
-5	-185
-2	-185
-0	-184
2	-184
5	-183
7	-183
10	-183
12	-183
15	-183
17	-183
20	-184
22	-185
25	-185
27	-184
29	-184
32	-183
34	-183
37	-183
39	-184
42	-183
44	-183
47	-184
49	-184
51	-183
54	-183
56	-183
59	-184
61	-184
64	-185
66	-184
69	-184
71	-185
74	-184
76	-183
78	-183
81	-184
84	-184
86	-184
88	-184
91	-183
93	-183
96	-184
98	-183
101	-183
103	-182
106	-183
108	-184
111	-183
113	-183
115	-183
118	-183
120	-183
123	-185
125	-183
128	-183
130	-183
133	-184
135	-185
138	-185
140	-185
143	-184
145	-184
148	-185
150	-184
153	-185
155	-185
158	-185
160	-184
163	-184
165	-185
168	-186
170	-185
173	-185
175	-184
177	-183
180	-184
183	-185
185	-185
188	-185
190	-184
192	-182
195	-183
197	-185
200	-185
203	-187
205	-186
207	-184
210	-186
213	-187
215	-185
218	-185
220	-186
223	-185
225	-185
227	-185
230	-185
233	-186
235	-184
237	-184
240	-186
243	-187
245	-187
248	-187
250	-186
253	-186
255	-184
258	-185
260	-186
263	-186
266	-187
268	-186
270	-185
273	-184
275	-185
278	-187
281	-187
283	-188
286	-186
288	-186
291	-185
293	-186
296	-186
298	-185
301	-184
303	-185
306	-186
309	-187
311	-187
314	-187
316	-188
319	-188
321	-187
323	-184
326	-185
329	-185
331	-183
333	-183
336	-183
337	-174
339	-172
341	-171
344	-171
346	-171
349	-171
351	-170
354	-171
356	-170
359	-171
361	-171
364	-170
366	-171
369	-169
370	-166
372	-163
374	-161
377	-159
378	-156
381	-155
383	-156
386	-157
389	-159
393	-163
396	-167
400	-170
403	-172
405	-172
408	-172
410	-172
413	-171
415	-170
417	-168
420	-168
423	-171
426	-172
429	-173
431	-173
431	-162
432	-154
434	-151
436	-152
438	-150
440	-147
449	-171
442	-136
443	-129
445	-126
447	-124
450	-125
453	-128
458	-136
463	-145
469	-156
474	-166
479	-173
481	-174
484	-175
487	-175
489	-171
491	-170
493	-168
495	-166
497	-165
500	-164
501	-161
503	-157
506	-158
510	-162
504	-85
504	-78
504	-69
504	-61
503	-50
505	-47
502	-25
502	-15
503	-10
504	-8
506	-7
509	-6
511	-5
513	-6
586	-190
568	-130
570	-129
573	-129
576	-131
580	-133
583	-133
585	-132
589	-135
596	-147
601	-156
603	-153
604	-149
606	-146
608	-144
610	-142
612	-141
616	-142
620	-148
626	-156
630	-159
632	-157
634	-155
635	-152
638	-150
640	-149
643	-149
645	-149
647	-147
650	-147
653	-147
656	-149
663	-159
665	-158
667	-156
670	-155
673	-155
675	-155
678	-156
679	-151
680	-147
682	-144
684	-142
686	-141
689	-141
692	-142
695	-143
702	-152
706	-154
709	-155
711	-154
713	-152
716	-151
718	-151
721	-150
723	-149
726	-147
728	-146
730	-145
733	-144
735	-143
738	-142
740	-142
743	-141
745	-139
745	-134
747	-131
749	-129
749	-124
749	-118
749	-110
721	-24
722	-19
721	-11
721	-6
722	-2
724	-1
726	0
729	1
732	1
734	2
736	3
739	3
741	3
744	2
747	1
750	1
754	-0
756	1
759	-1
761	0
765	-0
767	-0
769	1
772	1
775	1
778	1
781	-0
784	-1
869	-142
876	-151
881	-155
885	-157
888	-157
889	-152
888	-143
889	-140
890	-137
892	-135
895	-135
898	-135
903	-138
910	-146
916	-151
917	-147
917	-142
918	-138
920	-136
922	-133
925	-133
928	-133
930	-131
933	-131
936	-130
940	-132
968	-179
970	-176
972	-174
974	-172
976	-170
981	-174
988	-180
994	-184
997	-184
999	-181
1001	-180
1004	-180
1007	-180
1010	-179
1014	-180
1017	-179
1020	-179
1023	-178
1025	-178
1028	-177
1033	-179
1036	-179
1040	-180
1043	-180
1047	-180
1050	-181
1054	-181
1057	-181
1060	-181
1063	-180
1066	-179
1069	-179
1072	-178
1075	-178
1078	-178
1082	-178
1086	-179
1089	-179
1093	-179
1096	-179
1099	-179
1103	-179
1106	-179
1110	-180
1114	-181
1116	-179
1119	-178
1123	-179
1126	-179
1129	-178
1133	-179
1137	-180
1140	-179
1144	-179
1147	-179
1151	-180
1154	-180
1158	-180
1161	-180
1164	-179
1168	-179
1171	-178
1175	-179
1179	-179
1182	-179
1185	-179
1190	-181
1194	-181
1197	-180
1201	-181
1205	-181
1208	-181
1212	-181
1214	-180
1218	-180
1221	-180
1225	-180
1228	-179
1231	-179
1234	-178
1238	-178
1243	-180
1247	-180
1250	-180
1254	-180
1258	-180
1261	-179
1265	-180
1268	-180
1273	-181
1276	-180
1279	-179
1282	-178
1286	-178
1291	-180
1295	-181
1309	-195
1311	-193
1317	-196
1320	-195
1322	-193
1325	-191
1327	-188
1330	-187
1333	-187
1338	-188
1340	-186
1341	-182
1341	-177
1343	-174
1346	-173
1352	-176
1357	-177
1361	-178
1365	-178
1369	-179
1374	-179
1378	-180
1381	-179
1385	-179
1391	-182
1394	-181
1398	-181
1403	-182
1407	-182
1409	-180
1413	-180
1415	-177
1417	-175
1421	-175
1426	-177
1434	-182
1439	-182
1441	-180
1443	-178
1446	-176
1450	-177
1456	-178
1461	-180
1465	-180
1467	-177
1469	-175
1474	-176
1479	-177
1482	-176
1484	-173
1485	-170
1488	-168
1492	-168
1502	-175
1510	-180
1515	-180
1518	-179
1522	-179
1525	-177
1525	-173
1526	-169
1531	-170
1540	-176
1546	-178
1550	-177
1552	-175
1553	-171
1554	-168
1557	-166
1560	-164
1563	-163
1567	-163
1572	-163
1576	-163
1581	-163
1593	-173
1596	-171
1598	-169
1601	-167
1604	-165
1607	-164
1612	-165
1620	-169
1623	-167
1634	-174
1641	-177
1636	-166
1645	-172
1649	-172
1652	-169
1654	-166
1655	-163
1656	-160
1660	-159
1666	-160
1668	-158
1673	-158
1680	-161
1689	-165
1689	-161
1692	-159
1699	-161
1704	-163
1708	-162
1713	-162
1719	-163
1728	-168
1735	-170
1744	-175
1745	-171
1749	-170
1751	-168
1753	-164
1754	-161
1756	-158
1760	-157
1763	-155
1767	-155
1774	-157
1779	-157
1788	-162
1794	-162
1799	-163
1799	-158
1797	-151
1796	-145
1797	-141
1801	-141
1811	-146
1817	-147
1825	-149
1829	-149
1834	-149
1838	-148
1841	-147
1845	-145
1848	-144
1852	-143
1858	-143
1860	-140
1862	-138
1865	-135
1864	-130
1867	-128
1877	-133
1882	-132
1885	-130
1889	-130
1894	-129
1901	-131
1909	-134
1922	-141
1924	-138
1925	-134
1926	-130
1927	-127
1936	-130
1938	-127
1940	-124
1943	-123
1944	-119
1947	-116
1949	-113
1951	-111
1952	-107
1956	-106
1973	-116
1984	-121
1993	-124
2001	-126
2004	-124
2005	-121
2007	-117
2011	-116
2014	-114
2013	-109
2011	-102
2010	-97
2012	-93
2015	-91
2018	-89
2021	-87
2024	-85
2030	-85
2037	-87
2046	-89
2054	-92
2063	-94
2065	-91
2069	-90
2072	-88
2078	-88
2082	-87
2085	-84
2087	-82
2092	-81
2095	-78
2100	-78
2109	-80
2117	-82
2123	-82
2129	-83
2136	-84
2142	-83
2144	-80
2149	-79
2152	-77
2153	-74
2157	-72
2166	-75
2174	-76
2174	-71
2175	-67
2177	-64
2179	-61
2181	-58
2184	-56
2195	-59
2200	-59
2204	-57
2209	-56
2224	-63
2233	-65
2232	-59
2236	-57
2237	-54
2239	-51
2242	-48
2244	-45
2245	-41
2247	-38
2247	-33
2248	-29
2245	-23
2244	-17
2244	-12
2246	-9
2247	-5
2246	0
2246	5
2247	9
2250	12
2252	15
2254	18
2254	22
2254	27
2253	32
2254	36
2253	41
2251	47
2250	53
2250	57
2251	61
2251	65
2251	70
2250	75
2251	79
2253	82
2254	85
2255	90
2255	94
2256	98
2257	101
2257	106
2258	109
2260	113
2259	117
2261	121
2263	124
2264	128
2263	132
2265	136
2265	140
2267	143
2269	146
2269	150
2271	153
2272	157
2274	161
2273	165
2274	169
2275	173
2276	177
2277	180
2278	184
2281	186
2281	190
2281	195
2280	200
2281	203
2283	206
2284	210
2285	214
2288	216
2292	218
2296	220
2300	222
2304	223
2306	226
2305	231
2304	236
2304	240
2304	244
2303	249
2303	254
2302	258
2304	261
2307	264
2309	267
2309	271
2309	275
2310	279
2311	282
2312	286
2313	290
2316	292
2316	296
2317	300
2318	304
2319	307
2319	311
2319	315
2320	318
2321	322
2321	326
2321	330
2324	333
2327	335
2329	338
2329	343
2329	346
2330	350
2331	354
2332	357
2332	361
2333	365
2335	368
2336	371
2336	375
2337	379
2338	382
2340	386
2340	390
2340	393
2341	397
2342	400
2344	404
2344	408
2344	412
2344	415
2346	418
2349	421
2349	425
2350	428
2352	432
2353	435
2352	439
2354	442
2355	446
2355	450
2356	453
2355	458
2357	461
2357	465
2359	468
2360	471
2361	474
2361	478
2362	482
2363	485
2365	488
2365	492
2365	496
2367	499
2366	504
2367	507
2368	510
2370	514
2368	518
2368	522
2369	526
2369	530
2368	534
2370	537
2370	541
2370	545
2370	549
2370	552
2371	556
2371	560
2370	564
2370	568
2370	571
2372	575
2373	578
2375	581
2376	584
2377	588
2377	591
2378	595
2378	598
2379	602
2380	605
2381	609
2380	613
2380	617
2380	620
2382	624
2383	627
2384	630
2383	634
2384	638
2385	641
2385	645
2388	647
2389	651
2389	655
2387	659
2388	663
2388	666
2388	670
2388	674
2387	678
2389	681
2391	684
2392	687
2395	690
2396	693
2395	697
2395	701
2395	704
2395	708
2397	711
2398	714
2396	719
2398	722
2398	725
2398	729
2401	732
2402	735
2402	739
2402	743
2400	747
2398	751
2399	755
2403	757
2405	760
2405	763
2404	767
2405	771
2405	774
2405	778
2405	781
2406	785
2406	789
2406	792
2408	795
2409	799
2411	801
2413	804
2414	808
2413	812
2411	816
2411	820
2412	823
2412	826
2415	829
2417	832
2418	835
2417	839
2417	843
2418	846
2418	850
2419	853
2420	856
2421	859
2422	863
2422	866
2424	869
2422	874
2423	877
2423	880
2423	884
2425	887
2426	890
2427	893
2427	897
2428	900
2428	904
2429	907
2429	910
2429	914
2429	918
2430	921
2430	925
2430	928
2431	931
2432	935
2434	938
2434	941
2435	944
2435	948
2435	952
2436	954
2436	958
2436	962
2437	965
2437	968
2437	972
2435	976
2435	980
2437	982
2439	985
2440	989
2441	992
2441	996
2442	999
2441	1003
2441	1006
2443	1009
2444	1012
2443	1016
2443	1019
2444	1023
2444	1026
2445	1030
2445	1033
2446	1036
2447	1040
2447	1043
2447	1046
2448	1050
2450	1053
2451	1056
2451	1059
2449	1063
2450	1066
2450	1070
2451	1073
2452	1077
2453	1080
2453	1083
2454	1086
2454	1090
2455	1093
2455	1097
2455	1100
2455	1103
2456	1107
2457	1110
2456	1114
2456	1117
2457	1120
2458	1124
2458	1127
2460	1130
2460	1133
2460	1137
2460	1140
2460	1144
2461	1147
2461	1150
2462	1154
2463	1157
2463	1160
2464	1164
2466	1167
2467	1170
2465	1174
2465	1177
2468	1180
2469	1183
2470	1186
2470	1190
2471	1193
2472	1196
2473	1199
2474	1203
2475	1206
2474	1210
2474	1213
2475	1216
2475	1220
2476	1223
2476	1226
2477	1230
2478	1233
2478	1236
2480	1239
2480	1243
2480	1246
2480	1250
2481	1253
2483	1256
2483	1259
2483	1263
2482	1266
2483	1270
2484	1273
2483	1276
2485	1279
2485	1283
2486	1286
2486	1289
2487	1293
2487	1296
2488	1299
2488	1303
2489	1306
2488	1310
2489	1313
2489	1316
2490	1319
2489	1323
2490	1326
2490	1330
2491	1333
2492	1336
2493	1339
2493	1343
2493	1346
2494	1349
2494	1353
2495	1356
2495	1359
2496	1363
2497	1366
2498	1369
2498	1373
2499	1376
2499	1379
2499	1383
2498	1386
2498	1390
2499	1393
2501	1396
2502	1399
2503	1403
2505	1406
2505	1409
2504	1413
2504	1416
2505	1419
2506	1423
2507	1426
2506	1429
2506	1433
2506	1436
2508	1439
2507	1443
2506	1446
2507	1449
2508	1453
2509	1456
2508	1460
2507	1463
2507	1466
2508	1470
2509	1473
2511	1476
2510	1480
2509	1483
2509	1486
2511	1490
2512	1493
2513	1496
2513	1500
2514	1503
2514	1506
2515	1510
2515	1513
2517	1516
2517	1520
2518	1523
2520	1526
2521	1529
2521	1533
2519	1536
2520	1540
2520	1543
2520	1546
2522	1550
2523	1553
2524	1556
2524	1560
2523	1563
2523	1567
2524	1570
2525	1573
2528	1576
2527	1580
2527	1583
2527	1587
2527	1590
2528	1593
2528	1597
2529	1600
2530	1603
2530	1607
2531	1610
2531	1614
2530	1617
2531	1620
2531	1624
2534	1627
2534	1630
2534	1634
2534	1637
2535	1641
2535	1644
2535	1647
2535	1651
2536	1654
