2727	1659
2727	1662
2727	1666
2726	1670
2726	1673
2726	1677
2730	1684
2730	1688
2730	1691
2730	1695
2727	1699
2727	1702
2729	1706
2730	1710
2729	1713
2729	1717
2730	1721
2729	1724
2730	1728
2731	1732
2732	1735
2732	1739
2733	1743
2732	1746
2733	1750
2733	1754
2735	1757
2736	1761
2736	1765
2737	1768
2737	1772
2737	1776
2736	1779
2737	1783
2737	1787
2737	1790
2737	1794
2737	1798
2736	1801
2736	1805
2736	1809
2736	1812
2737	1816
2737	1820
2733	1823
2729	1827
2728	1830
2728	1834
2729	1838
2732	1842
2735	1845
2736	1849
2737	1853
2739	1857
2740	1860
2739	1864
2739	1868
2739	1871
2738	1875
2737	1879
2738	1882
2740	1886
2742	1890
2742	1894
2743	1897
2743	1901
2743	1905
2744	1909
2743	1912
2744	1916
2746	1920
2743	1923
2742	1927
2741	1931
2742	1934
2746	1938
2747	1942
2748	1946
2749	1950
2748	1953
2750	1957
2753	1961
2752	1965
2751	1969
2752	1972
2754	1976
2755	1980
2755	1984
2754	1987
2753	1991
2754	1995
2755	1999
2756	2003
2755	2006
2754	2010
2755	2014
2756	2018
2757	2021
2757	2025
2757	2029
2759	2033
2759	2037
2760	2040
2759	2044
2760	2048
2760	2052
2760	2056
2759	2059
2759	2063
2759	2067
2759	2070
2761	2075
2760	2078
2760	2082
2761	2086
2760	2089
2760	2093
2759	2097
2760	2101
2758	2104
2758	2108
2761	2112
2761	2116
2761	2120
2762	2124
2761	2127
2760	2131
2759	2135
2760	2138
2760	2142
2761	2146
2760	2150
2760	2154
2760	2157
2760	2161
2759	2165
2760	2169
2760	2173
2760	2176
2761	2180
2760	2184
2760	2188
2760	2192
2759	2195
2760	2199
2760	2203
2759	2207
2758	2211
2759	2214
2758	2218
2758	2222
2759	2226
2758	2230
2758	2233
2759	2237
2760	2241
2759	2245
2758	2249
2757	2252
2758	2256
2758	2260
2758	2264
2759	2268
2762	2273
2763	2277
2764	2281
2764	2285
2765	2289
2767	2293
2769	2297
2771	2302
2773	2306
2772	2310
2771	2313
2771	2317
2771	2321
2772	2325
2773	2329
2772	2333
2770	2336
2770	2340
2771	2345
2772	2349
2772	2353
2773	2357
2774	2361
2776	2365
2775	2369
2773	2372
2773	2376
2774	2380
2773	2384
2773	2388
2774	2392
2773	2396
2774	2400
2773	2404
2773	2408
2776	2413
2775	2416
2775	2420
2774	2424
2773	2428
2773	2432
2773	2436
2774	2440
2774	2444
2772	2447
2770	2451
2769	2454
2770	2459
2772	2463
2773	2467
2775	2472
2775	2476
2775	2480
2777	2484
2775	2488
2775	2492
2775	2496
2775	2500
2775	2504
2776	2508
2776	2512
2776	2516
2777	2521
2775	2524
2774	2528
2776	2533
2777	2537
2778	2541
2778	2545
2779	2550
2779	2554
2778	2557
2777	2561
2776	2565
2774	2569
2774	2573
2775	2577
2775	2581
2775	2585
2774	2589
2778	2594
2777	2598
2776	2602
2777	2606
2777	2610
2776	2614
2775	2618
2775	2622
2775	2626
2775	2630
2776	2635
2778	2639
2778	2644
2778	2648
2779	2652
2781	2657
2781	2661
2780	2665
2780	2669
2783	2674
2781	2678
2781	2682
2782	2687
2782	2691
2783	2695
2783	2700
2782	2703
2782	2707
2781	2712
2781	2716
2783	2721
2784	2725
2785	2730
2785	2734
2784	2738
2784	2742
2783	2746
2783	2750
2783	2754
2782	2758
2782	2762
2782	2767
2783	2771
2782	2775
2781	2779
2781	2784
2781	2788
2781	2792
2780	2796
2780	2800
2779	2804
2780	2809
2781	2814
2781	2818
2781	2822
2781	2827
2781	2831
2780	2835
2780	2839
2780	2843
2780	2848
2780	2852
2780	2856
2779	2861
2779	2865
2779	2869
2779	2874
2778	2877
2777	2881
2777	2886
2778	2890
2777	2895
2777	2899
2778	2904
2780	2909
2779	2913
2779	2917
2779	2922
2779	2926
2778	2930
2777	2934
2776	2938
2777	2943
2777	2947
2776	2952
2776	2956
2776	2961
2776	2965
2777	2970
2780	2976
2780	2980
2780	2985
2780	2989
2780	2994
2778	2997
2777	3002
2780	3007
2780	3012
2779	3016
2779	3020
2779	3025
2778	3029
2778	3034
2778	3038
2778	3043
2779	3048
2779	3052
2779	3057
2778	3061
2778	3066
2778	3070
2777	3074
2775	3078
2775	3083
2775	3087
2775	3092
2775	3096
2775	3101
2775	3106
2776	3111
2775	3115
2775	3120
2775	3125
2774	3129
2772	3132
2767	3134
2755	3133
2736	3128
2725	3127
2719	3128
2713	3130
2709	3132
2706	3135
2705	3139
2708	3146
2713	3153
2727	3165
2756	3185
2762	3193
2764	3199
2764	3203
2763	3208
2763	3213
2763	3217
2764	3222
2762	3227
2764	3232
2764	3237
2763	3241
2763	3246
2763	3251
2763	3256
2763	3261
2764	3266
2762	3270
2761	3274
2760	3278
2758	3282
2757	3286
2756	3291
2756	3296
2755	3300
2753	3304
2752	3308
2754	3314
2754	3319
2754	3324
2754	3329
2755	3335
2754	3339
2753	3343
2751	3347
2751	3352
2751	3357
2750	3361
2748	3365
2746	3369
2745	3373
2747	3380
2747	3384
2746	3389
2745	3393
2743	3397
2741	3401
2741	3406
2740	3411
2738	3414
2736	3418
2737	3424
2737	3429
2735	3433
2733	3437
2731	3440
2730	3445
2730	3450
2730	3455
2728	3459
2727	3463
2728	3469
2727	3474
2727	3479
2727	3484
2726	3489
2726	3494
2726	3499
2723	3502
2721	3506
2719	3510
2720	3516
2719	3521
2718	3525
2718	3530
2718	3536
2716	3540
2715	3544
2714	3549
2710	3551
2708	3555
2709	3561
2712	3568
2711	3573
2708	3577
2708	3581
2707	3586
2706	3591
2706	3596
2705	3601
2705	3606
2703	3611
2702	3615
2701	3619
2701	3625
2701	3631
2701	3636
2700	3640
2699	3646
2700	3652
2700	3657
2701	3663
2699	3667
2697	3671
2695	3675
2693	3680
2691	3683
2687	3686
2686	3691
2685	3695
2683	3699
2679	3702
2678	3707
2678	3713
2676	3717
2674	3721
2676	3727
2675	3732
2672	3736
2669	3739
2668	3744
2666	3748
2664	3752
2662	3756
2659	3760
2659	3765
2657	3769
2655	3774
2654	3779
2652	3782
2650	3786
2648	3791
2646	3795
2646	3801
2643	3804
2641	3808
2638	3811
2636	3816
2635	3820
2633	3824
2630	3828
2629	3833
2626	3837
2625	3842
2625	3847
2621	3850
2618	3853
2619	3860
2618	3865
2616	3869
2613	3873
2612	3877
2610	3881
2608	3886
2606	3890
2605	3895
2603	3900
2601	3904
2601	3909
2599	3914
2597	3918
2596	3923
2594	3928
2591	3931
2590	3936
2589	3941
2587	3946
2587	3952
2587	3958
2588	3964
2588	3971
2587	3975
2586	3981
2584	3985
2582	3990
2581	3994
2580	4000
2580	4006
2580	4012
2580	4018
2577	4022
2575	4026
2572	4030
2571	4035
2564	4035
2567	4044
2565	4048
2562	4052
2557	4054
2492	4001
2489	4004
2488	4009
2491	4018
2515	4047
2536	4072
2545	4086
2545	4093
2543	4097
2542	4103
2540	4108
2537	4111
2535	4115
2532	4119
2531	4124
2528	4128
2526	4133
2523	4136
2521	4140
2520	4146
2518	4150
2514	4153
2512	4158
2511	4163
2510	4169
2507	4173
2504	4176
2502	4180
2501	4186
2499	4190
2498	4196
2495	4200
2493	4205
2492	4210
2489	4213
2486	4217
2484	4222
2482	4227
2480	4231
2477	4235
2475	4240
2472	4243
2470	4249
2467	4252
2464	4255
2463	4261
2461	4266
2458	4270
2457	4275
2454	4279
2450	4282
2448	4287
2448	4294
2446	4298
2444	4302
2441	4306
2444	4317
2443	4322
2201	4074
2198	4077
2196	4081
2192	4083
2186	4083
2183	4086
2179	4088
2170	4085
2187	4110
2188	4117
2185	4120
2183	4124
2183	4130
2178	4132
2404	4385
2401	4389
2397	4392
2400	4402
2397	4406
2394	4410
2390	4413
2388	4418
2388	4425
2386	4430
2382	4433
2379	4437
2375	4440
2372	4444
2371	4449
2371	4456
2368	4460
2363	4463
2363	4470
2360	4473
2358	4478
2355	4483
2353	4488
2350	4491
2347	4495
2344	4499
2341	4504
2339	4509
2337	4514
2335	4519
2332	4523
2329	4526
2326	4530
2324	4536
2322	4541
2319	4545
2314	4547
2311	4551
2308	4555
2306	4561
2305	4566
2303	4571
2300	4576
2297	4580
2294	4585
2291	4588
2288	4592
2285	4596
2281	4599
2277	4601
2273	4605
2271	4610
2268	4615
2266	4619
2262	4622
2259	4626
2256	4631
2254	4636
2252	4641
2249	4646
2247	4651
2244	4655
2243	4662
2240	4666
2237	4671
2234	4674
2231	4678
2229	4684
2226	4689
2223	4693
2220	4697
2216	4700
2213	4704
2210	4709
2207	4712
2204	4717
2201	4721
2198	4725
2195	4729
2191	4733
2188	4737
2184	4740
2180	4743
2179	4750
2177	4756
2174	4759
2171	4764
2168	4768
2165	4773
2162	4777
2159	4782
2157	4787
2154	4792
2150	4795
2147	4799
2143	4802
2140	4806
2135	4809
2131	4812
2128	4816
2125	4820
2121	4823
2117	4826
2114	4830
2110	4833
2107	4837
2104	4842
2102	4848
2099	4852
2095	4856
2091	4859
2089	4865
2087	4870
2084	4875
2081	4880
2079	4886
2075	4890
2072	4894
2066	4895
2062	4897
2060	4903
2055	4905
2055	4914
2051	4918
2047	4920
2042	4922
2038	4924
2034	4928
2031	4933
2028	4938
2023	4939
2020	4943
2016	4947
2012	4950
2009	4955
2005	4958
2001	4962
1997	4963
1992	4966
1989	4970
1986	4975
1982	4978
1977	4979
1972	4982
1968	4984
1964	4988
1960	4991
1955	4993
1951	4995
1949	5002
1945	5005
1940	5007
1935	5008
1931	5012
1927	5015
1923	5018
1919	5021
1912	5020
1907	5021
1902	5023
1898	5026
1893	5027
1889	5030
1884	5032
1879	5034
1875	5037
1872	5042
1869	5046
1864	5049
1860	5051
1855	5052
1850	5054
1846	5058
1843	5062
1838	5064
1833	5065
1828	5066
1822	5066
1817	5067
1812	5070
1807	5071
1803	5073
1798	5075
1794	5078
1789	5079
1784	5082
1780	5084
1775	5086
1770	5087
1765	5089
1761	5091
1756	5094
1751	5094
1746	5097
1742	5100
1737	5101
1732	5102
1727	5104
1722	5105
1717	5106
1712	5108
1708	5111
1704	5114
1700	5116
1695	5119
1691	5121
1686	5123
1682	5126
1678	5130
1675	5135
1671	5139
1668	5143
1663	5145
1658	5146
1653	5148
1649	5150
1644	5151
1639	5153
1634	5155
1629	5156
1625	5160
1622	5164
1617	5166
1612	5168
1608	5170
1603	5172
1598	5172
1593	5174
1588	5175
1583	5177
1579	5181
1575	5183
1571	5187
1567	5190
1562	5192
1558	5194
1553	5196
1548	5198
1544	5200
1540	5205
1536	5207
1531	5208
1526	5211
1522	5213
1517	5215
1512	5217
1507	5218
1502	5219
1498	5221
1494	5225
1490	5229
1485	5231
1481	5233
1476	5234
1471	5236
1468	5241
1463	5244
1459	5246
1453	5246
1448	5246
1443	5248
1439	5251
1435	5255
1430	5256
1426	5259
1421	5262
1417	5264
1412	5265
1407	5266
1402	5268
1398	5271
1393	5272
1388	5273
1382	5273
1378	5275
1373	5276
1368	5278
1363	5280
1359	5283
1353	5282
1348	5283
1343	5283
1339	5286
1335	5290
1331	5294
1326	5296
1320	5295
1316	5297
1311	5300
1307	5303
1302	5304
1298	5307
1293	5308
1287	5308
1282	5310
1278	5311
1274	5315
1270	5319
1266	5322
1262	5328
1259	5334
1255	5337
1249	5338
1245	5340
1240	5341
1235	5342
1230	5343
1225	5343
1220	5345
1215	5347
1210	5348
1206	5351
1201	5353
1196	5354
1192	5357
1187	5360
1182	5361
1178	5364
1173	5365
1168	5366
1163	5367
1157	5366
1152	5368
1148	5369
1142	5369
1137	5370
1132	5370
1127	5371
1121	5371
1117	5372
1111	5371
1106	5371
1101	5373
1096	5375
1092	5379
1087	5380
1082	5382
1078	5383
1072	5384
1067	5384
1062	5386
1058	5387
1053	5390
1048	5392
1044	5394
1038	5394
1034	5396
1029	5398
1024	5399
1019	5401
1014	5401
1009	5403
1004	5403
999	5404
995	5407
990	5407
984	5408
979	5406
973	5405
968	5407
964	5410
959	5411
954	5411
949	5411
944	5412
938	5412
934	5413
929	5416
924	5417
919	5418
914	5418
909	5420
904	5421
898	5418
893	5420
889	5421
883	5420
878	5420
873	5420
868	5421
863	5421
858	5421
852	5421
847	5420
842	5421
837	5421
831	5420
826	5418
820	5418
815	5418
810	5419
805	5419
800	5421
796	5423
791	5425
786	5427
781	5427
777	5429
772	5430
767	5431
762	5433
757	5434
752	5434
746	5432
741	5433
737	5434
732	5435
727	5435
721	5435
717	5436
711	5436
706	5437
701	5436
696	5435
691	5437
687	5441
682	5444
677	5444
672	5444
667	5444
662	5445
657	5446
652	5448
648	5450
643	5452
638	5454
633	5454
628	5454
623	5454
618	5455
613	5457
608	5458
604	5460
599	5462
594	5463
589	5463
584	5462
579	5462
574	5463
569	5463
564	5464
559	5465
554	5466
549	5467
544	5467
539	5467
534	5468
528	5466
523	5466
519	5467
514	5468
508	5468
503	5468
498	5468
493	5468
488	5467
483	5469
478	5470
473	5471
468	5471
463	5471
458	5471
453	5468
448	5467
443	5466
437	5465
432	5465
427	5464
422	5464
417	5461
412	5462
407	5464
402	5466
397	5467
392	5468
387	5467
382	5468
377	5468
372	5468
367	5467
362	5467
357	5469
353	5470
348	5471
343	5470
338	5471
333	5471
328	5471
322	5469
317	5468
312	5468
307	5469
302	5470
298	5471
293	5473
288	5476
283	5478
278	5478
273	5478
268	5477
263	5477
258	5475
253	5476
248	5479
244	5482
239	5485
235	5502
189	5017
185	5023
180	5024
176	5022
171	5018
167	5017
162	5018
158	5018
154	5016
148	5005
144	5000
139	5000
135	4997
130	4991
126	4994
122	4998
118	4999
113	5000
109	5003
105	5013
101	5017
97	5017
92	5015
88	5015
84	5019
79	5023
75	5022
71	5018
74	5483
69	5483
64	5482
59	5480
54	5479
49	5478
44	5478
39	5475
34	5473
29	5473
24	5474
19	5473
14	5473
9	5469
4	5467
-1	5465
-6	5462
-11	5459
-16	5460
-21	5460
-26	5459
-31	5460
-36	5461
-41	5462
-46	5463
-50	5463
-55	5463
-60	5462
-65	5459
-70	5460
-75	5462
-80	5464
-85	5465
-90	5467
-95	5467
-100	5467
-105	5467
-110	5468
-115	5468
-120	5468
-125	5469
-130	5469
-135	5469
-140	5469
-145	5470
-150	5471
-155	5470
-160	5471
-164	5470
-169	5468
-174	5468
-179	5468
-184	5467
-189	5466
-194	5465
-199	5464
-204	5464
-209	5463
-214	5462
-219	5461
-224	5461
-228	5460
-233	5460
-238	5459
-243	5459
-248	5459
-253	5458
-258	5457
-263	5456
-268	5454
-273	5453
-278	5452
-283	5453
-287	5449
-292	5447
-297	5450
-302	5450
-307	5451
-312	5450
-317	5446
-321	5442
-326	5437
-331	5431
-335	5428
-340	5426
-345	5424
-350	5422
-355	5422
-359	5423
-364	5422
-369	5423
-374	5421
-379	5422
-384	5424
-389	5422
-394	5421
-399	5422
-404	5424
-409	5423
-414	5423
-419	5423
-424	5425
-429	5425
-434	5424
-439	5425
-444	5426
-449	5426
-454	5426
-458	5423
-463	5421
-468	5421
-473	5421
-478	5418
-482	5416
-487	5413
-492	5414
-497	5412
-501	5412
-506	5412
-511	5410
-516	5409
-521	5407
-526	5407
-530	5406
-536	5407
-541	5408
-545	5407
-550	5408
-555	5405
-560	5403
-564	5401
-569	5399
-574	5398
-579	5402
-584	5401
-589	5401
-594	5401
-599	5400
-604	5399
-609	5399
-613	5396
-618	5391
-622	5386
-627	5385
-631	5382
-636	5381
-641	5379
-645	5378
-650	5379
-655	5378
-660	5377
-665	5376
-670	5376
-675	5375
-680	5375
-685	5375
-689	5373
-694	5371
-699	5371
-704	5374
-709	5372
-714	5370
-719	5371
-724	5375
-730	5377
-735	5377
-739	5376
-744	5375
-750	5376
-755	5376
-759	5375
-764	5375
-769	5372
-773	5369
-778	5368
-783	5368
-788	5367
-792	5365
-797	5362
-802	5362
-807	5365
-812	5363
-817	5361
-822	5362
-827	5362
-832	5361
-836	5359
-841	5356
-845	5354
-850	5354
-856	5355
-860	5353
-866	5354
-870	5350
-874	5348
-879	5347
-884	5346
-889	5345
-893	5342
-897	5339
-902	5337
-907	5337
-912	5337
-916	5333
-921	5331
-926	5330
-930	5327
-934	5324
-938	5321
-943	5319
-948	5319
-952	5317
-957	5315
-962	5313
-967	5313
-972	5312
-976	5312
-981	5311
-986	5310
-991	5309
-995	5307
-1000	5305
-1005	5304
-1009	5302
-1014	5301
-1019	5301
-1024	5300
-1029	5299
-1034	5299
-1039	5298
-1043	5296
-1048	5296
-1054	5298
-1059	5297
-1064	5297
-1069	5296
-1073	5293
-1078	5292
-1083	5292
-1088	5291
-1092	5290
-1097	5289
-1102	5288
-1107	5288
-1112	5287
-1117	5286
-1122	5285
-1126	5283
-1131	5282
-1136	5281
-1141	5282
-1146	5281
-1152	5282
-1157	5281
-1161	5279
-1166	5278
-1170	5276
-1175	5275
-1180	5274
-1184	5272
-1189	5270
-1195	5272
-1199	5270
-1204	5268
-1208	5264
-1212	5262
-1216	5258
-1221	5258
-1225	5254
-1230	5252
-1234	5250
-1239	5249
-1244	5248
-1249	5247
-1253	5245
-1258	5244
-1262	5241
-1267	5240
-1273	5241
-1278	5240
-1282	5239
-1287	5238
-1292	5237
-1297	5236
-1301	5233
-1306	5230
-1311	5231
-1316	5231
-1320	5228
-1326	5229
-1331	5229
-1336	5228
-1341	5227
-1346	5226
-1350	5224
-1355	5223
-1360	5221
-1365	5220
-1369	5218
-1374	5217
-1379	5216
-1383	5214
-1388	5211
-1392	5209
-1397	5209
-1402	5207
-1406	5205
-1411	5204
-1416	5203
-1421	5201
-1425	5198
-1428	5193
-1432	5190
-1437	5188
-1441	5185
-1445	5182
-1449	5178
-1453	5175
-1457	5172
-1461	5170
-1466	5169
-1470	5165
-1475	5163
-1478	5160
-1483	5158
-1487	5155
-1492	5153
-1498	5156
-1502	5153
-1506	5149
-1510	5146
-1514	5144
-1519	5142
-1524	5142
-1530	5142
-1534	5139
-1538	5136
-1542	5134
-1547	5132
-1551	5130
-1556	5129
-1561	5127
-1566	5126
-1571	5125
-1575	5122
-1579	5120
-1583	5117
-1588	5116
-1593	5114
-1598	5113
-1602	5112
-1608	5112
-1612	5110
-1617	5108
-1622	5107
-1627	5106
-1632	5105
-1636	5103
-1640	5100
-1645	5099
-1650	5098
-1655	5097
-1660	5095
-1664	5093
-1668	5090
-1673	5088
-1677	5085
-1681	5083
-1686	5082
-1691	5080
-1695	5078
-1700	5076
-1704	5073
-1709	5072
-1714	5071
-1718	5068
-1722	5065
-1726	5062
-1730	5059
-1734	5056
-1738	5053
-1742	5051
-1747	5050
-1752	5048
-1757	5047
-1761	5044
-1765	5042
-1769	5039
-1773	5035
-1777	5032
-1781	5030
-1785	5027
-1789	5024
-1793	5021
-1798	5018
-1801	5014
-1805	5011
-1809	5008
-1812	5004
-1816	5001
-1819	4995
-1823	4993
-1827	4989
-1831	4986
-1834	4983
-1838	4980
-1843	4977
-1847	4975
-1851	4973
-1856	4971
-1860	4969
-1865	4967
-1869	4964
-1873	4962
-1877	4959
-1882	4957
-1888	4957
-1892	4956
-1897	4953
-1900	4950
-1904	4947
-1908	4944
-1912	4941
-1915	4937
-1920	4935
-1924	4932
-1929	4931
-1933	4928
-1938	4926
-1941	4923
-1944	4918
-1948	4916
-1952	4912
-1956	4910
-1960	4906
-1964	4904
-1967	4900
-1971	4896
-1975	4894
-1980	4891
-1983	4888
-1987	4886
-1992	4883
-1995	4879
-1999	4876
-2003	4873
-2007	4870
-2011	4868
-2015	4864
-2019	4862
-2023	4859
-2027	4857
-2031	4854
-2035	4851
-2039	4849
-2043	4845
-2047	4842
-2051	4839
-2054	4836
-2058	4832
-2062	4830
-2066	4826
-2070	4824
-2074	4821
-2078	4819
-2083	4817
-2086	4812
-2091	4811
-2096	4810
-2100	4807
-2104	4804
-2108	4802
-2112	4799
-2116	4797
-2122	4797
-2126	4794
-2130	4791
-2133	4786
-2137	4784
-2143	4783
-2147	4781
-2151	4779
-2155	4776
-2159	4773
-2163	4770
-2168	4768
-2172	4766
-2175	4762
-2178	4758
-2183	4756
-2188	4755
-2191	4750
-2195	4747
-2199	4745
-2203	4742
-2207	4739
-2210	4735
-2214	4733
-2218	4730
-2221	4725
-2225	4722
-2229	4720
-2232	4715
-2235	4711
-2238	4707
-2240	4701
-2245	4701
-2252	4701
-2254	4696
-2258	4694
-2261	4688
-2262	4682
-2264	4677
-2268	4673
-2272	4670
-2276	4668
-2279	4664
-2282	4660
-2286	4657
-2290	4655
-2294	4651
-2298	4648
-2301	4645
-2305	4642
-2310	4640
-2316	4640
-2320	4638
-2324	4635
-2327	4631
-2330	4626
-2334	4624
-2337	4620
-2341	4617
-2344	4613
-2348	4610
-2347	4600
-2351	4598
-2357	4598
-2361	4595
-2366	4593
-2369	4590
-2372	4586
-2374	4580
-2376	4575
-2378	4570
-2382	4567
-2385	4563
-2388	4560
-2391	4555
-2394	4551
-2397	4547
-2398	4541
-2399	4535
-2403	4531
-2406	4527
-2408	4523
-2410	4517
-2412	4512
-2415	4508
-2418	4505
-2421	4500
-2424	4497
-2426	4491
-2428	4486
-2430	4482
-2431	4475
-2433	4470
-2436	4466
-2440	4463
-2444	4461
-2446	4456
-2447	4450
-2449	4445
-2451	4440
-2454	4436
-2456	4431
-2458	4426
-2461	4422
-2465	4419
-2466	4414
-2467	4408
-2469	4402
-2472	4398
-2475	4394
-2477	4390
-2480	4386
-2482	4381
-2485	4377
-2487	4373
-2488	4367
-2491	4363
-2495	4360
-2498	4356
-2500	4352
-2502	4347
-2503	4341
-2505	4337
-2508	4333
-2511	4329
-2513	4324
-2515	4320
-2519	4316
-2521	4312
-2524	4308
-2526	4304
-2528	4298
-2530	4294
-2532	4290
-2535	4286
-2536	4280
-2538	4275
-2540	4270
-2542	4266
-2546	4263
-2549	4260
-2551	4255
-2552	4250
-2554	4244
-2556	4240
-2557	4234
-2560	4230
-2563	4227
-2563	4221
-2566	4217
-2569	4213
-2571	4209
-2574	4205
-2576	4201
-2577	4195
-2579	4190
-2580	4185
-2581	4179
-2584	4175
-2586	4171
-2589	4168
-2589	4161
-2593	4158
-2593	4152
-2595	4148
-2596	4141
-2597	4137
-2601	4134
-2605	4132
-2607	4127
-2609	4122
-2610	4117
-2611	4112
-2615	4109
-2618	4106
-2620	4101
-2622	4097
-2624	4092
-2626	4088
-2628	4084
-2628	4077
-2630	4072
-2632	4068
-2634	4064
-2635	4059
-2638	4055
-2641	4051
-2644	4048
-2646	4044
-2649	4040
-2649	4034
-2651	4030
-2653	4025
-2656	4022
-2658	4017
-2658	4011
-2663	4009
-2663	4004
-2665	3999
-2667	3995
-2669	3991
-2671	3986
-2672	3982
-2675	3978
-2677	3973
-2678	3969
-2681	3965
-2681	3959
-2683	3954
-2684	3950
-2685	3944
-2686	3939
-2685	3932
-2687	3928
-2691	3926
-2693	3921
-2695	3917
-2696	3912
-2699	3908
-2701	3904
-2701	3899
-2703	3894
-2705	3890
-2705	3885
-2707	3880
-2707	3874
-2709	3870
-2711	3866
-2714	3862
-2715	3857
-2715	3852
-2717	3847
-2719	3843
-2721	3839
-2723	3835
-2724	3830
-2726	3826
-2727	3821
-2727	3815
-2729	3811
-2730	3807
-2735	3805
-2736	3800
-2735	3794
-2738	3790
-2742	3788
-2744	3784
-2745	3778
-2747	3774
-2749	3770
-2749	3765
-2750	3760
-2752	3756
-2755	3752
-2756	3748
-2755	3741
-2758	3738
-2762	3735
-2762	3730
-2763	3725
-2765	3721
-2767	3717
-2769	3713
-2771	3709
-2772	3704
-2775	3701
-2777	3697
-2779	3692
-2780	3688
-2781	3684
-2780	3677
-2783	3673
-2784	3669
-2785	3665
-2787	3660
-2789	3656
-2791	3652
-2792	3647
-2793	3643
-2793	3637
-2794	3633
-2795	3628
-2795	3623
-2795	3617
-2794	3611
-2796	3607
-2797	3602
-2797	3598
-2798	3593
-2801	3589
-2804	3586
-2805	3582
-2806	3577
-2806	3572
-2807	3567
-2807	3562
-2807	3556
-2809	3553
-2811	3549
-2811	3543
-2810	3537
-2810	3532
-2811	3528
-2815	3526
-2819	3522
-2819	3518
-2819	3513
-2821	3508
-2822	3504
-2821	3498
-2824	3495
-2826	3491
-2828	3488
-2829	3483
-2831	3479
-2832	3474
-2833	3470
-2835	3466
-2837	3462
-2836	3457
-2838	3453
-2839	3448
-2841	3444
-2841	3439
-2842	3435
-2844	3431
-2847	3427
-2848	3423
-2849	3419
-2850	3414
-2851	3410
-2851	3405
-2855	3402
-2857	3399
-2858	3394
-2858	3389
-2856	3383
-2854	3377
-2855	3372
-2860	3370
-2861	3366
-2863	3362
-2865	3359
-2867	3354
-2866	3349
-2867	3344
-2870	3341
-2872	3338
-2872	3333
-2871	3327
-2871	3322
-2873	3318
-2876	3315
-2876	3310
-2876	3306
-2877	3301
-2877	3296
-2879	3292
-2881	3289
-2884	3285
-2887	3283
-2889	3278
-2890	3274
-2888	3269
-2888	3263
-2888	3259
-2889	3255
-2891	3250
-2891	3246
-2891	3241
-2892	3237
-2893	3232
-2895	3228
-2896	3224
-2894	3219
-2891	3212
-2891	3207
-2892	3203
-2893	3199
-2894	3194
-2894	3190
-2895	3186
-2896	3181
-2890	3174
-2889	3168
-2892	3165
-2895	3162
-2897	3158
-2897	3154
-2897	3149
-2895	3143
-2897	3139
-2897	3135
-2897	3130
-2898	3126
-2898	3121
-2897	3116
-2897	3112
-2897	3107
-2898	3103
-2898	3098
-2898	3094
-2899	3089
-2899	3085
-2900	3081
-2893	3073
-2892	3067
-2895	3064
-2896	3060
-2896	3055
-2896	3051
-2896	3046
-2895	3041
-2893	3036
-2895	3032
-2897	3028
-2897	3024
-2896	3019
-2897	3015
-2897	3011
-2897	3006
-2901	3003
-2906	3001
-2904	2996
-2903	2991
-2904	2987
-2905	2983
-2905	2978
-2905	2974
-2904	2969
-2907	2966
-2909	2962
-2913	2959
-2916	2956
-2915	2951
-2914	2947
-2920	2944
-2925	2942
-2922	2936
-2917	2930
-2913	2924
-2914	2920
-2915	2916
-2914	2911
-2912	2906
-2908	2900
-2905	2894
-2904	2889
-2903	2884
-2902	2879
-2894	2872
-2892	2866
-2891	2862
-2891	2857
-2890	2853
-2891	2849
-2891	2844
-2892	2840
-2894	2837
-2895	2833
-2897	2829
-2894	2824
-2893	2819
-2893	2815
-2894	2811
-2896	2807
-2898	2804
-2898	2800
-2898	2795
-2893	2789
-2890	2784
-2889	2779
-2891	2776
-2892	2772
-2896	2769
-2897	2765
-2896	2760
-2895	2756
-2897	2752
-2899	2749
-2893	2742
-2891	2738
-2891	2733
-2889	2728
-2889	2724
-2888	2720
-2889	2716
-2887	2711
-2888	2707
-2883	2701
-2886	2698
-2886	2694
-2884	2689
-2882	2684
-2882	2680
-2883	2676
-2881	2671
-2883	2668
-2884	2664
-2884	2660
-2883	2655
-2880	2650
-2878	2645
-2877	2641
-2878	2637
-2878	2633
-2880	2630
-2886	2627
-2891	2625
-2890	2621
-2888	2616
-2887	2611
-2884	2606
-2888	2604
-2888	2599
-2885	2594
-2878	2588
-2875	2583
-2872	2578
-2872	2574
-2872	2570
-2870	2565
-2866	2560
-2864	2555
-2862	2551
-2861	2546
-2859	2542
-2859	2538
-2858	2533
-2853	2528
-2853	2524
-2849	2519
-2855	2517
-2852	2512
-2842	2505
-2844	2502
-2845	2498
-2851	2496
-2845	2490
-2845	2486
-2843	2481
-2839	2476
-2841	2473
-2840	2469
-2839	2465
-2837	2460
-2836	2456
-2834	2451
-2833	2447
-2835	2444
-2836	2440
-2837	2437
-2836	2432
-2835	2428
-2834	2424
-2834	2420
-2834	2416
-2834	2412
-2833	2408
-2830	2404
-2826	2399
-2826	2395
-2826	2391
-2825	2387
-2823	2383
-2825	2379
-2827	2376
-2829	2372
-2822	2367
-2824	2364
-2821	2359
-2820	2355
-2822	2352
-2823	2348
-2823	2344
-2823	2340
-2821	2336
-2817	2331
-2813	2327
-2811	2322
-2811	2319
-2814	2315
-2816	2312
-2817	2309
-2819	2305
-2820	2302
-2818	2297
-2814	2293
-2816	2290
-2817	2286
-2816	2282
-2814	2278
-2814	2274
-2812	2270
-2807	2265
-2819	2264
-2802	2256
-2806	2253
-2804	2249
-2802	2245
-2800	2241
-2801	2237
-2801	2234
-2799	2230
-2798	2226
-2798	2222
-2799	2218
-2801	2215
-2801	2211
-2798	2207
-2796	2203
-2796	2199
-2796	2195
-2795	2192
-2795	2188
-2794	2184
-2786	2179
-2785	2175
-2787	2172
-2786	2168
-2783	2164
-2782	2160
-2781	2156
-2782	2153
-2779	2148
-2777	2144
-2779	2141
-2779	2137
-2779	2134
-2777	2130
-2778	2126
-2772	2122
-2773	2118
-2773	2115
-2770	2110
-2768	2106
-2768	2103
-2768	2099
-2768	2096
-2766	2092
-2765	2088
-2765	2084
-2765	2081
-2766	2077
-2766	2074
-2765	2070
-2760	2065
-2758	2062
-2757	2058
-2759	2054
-2760	2051
-2759	2047
-2756	2043
-2754	2039
-2754	2036
-2755	2032
-2755	2029
-2754	2025
-2755	2022
-2756	2018
-2757	2015
-2754	2011
-2753	2007
-2753	2004
-2752	2000
-2751	1996
-2749	1992
-2749	1989
-2750	1985
-2749	1982
-2748	1978
-2748	1975
-2749	1971
-2750	1968
-2748	1964
-2750	1960
-2751	1957
-2748	1953
-2746	1949
-2742	1945
-2742	1942
-2744	1939
-2746	1935
-2743	1931
-2741	1928
-2740	1924
-2738	1920
-2734	1916
-2733	1913
-2734	1909
-2734	1906
-2733	1902
-2730	1899
-2729	1895
-2727	1891
-2726	1888
-2726	1884
-2728	1881
-2726	1877
-2724	1874
-2722	1870
-2724	1866
-2723	1863
-2721	1859
-2718	1856
-2717	1852
-2716	1848
-2719	1845
-2718	1842
-2713	1838
-2713	1834
-2712	1831
-2710	1827
-2707	1824
-2705	1820
-2703	1816
-2702	1813
-2703	1810
-2705	1806
-2703	1803
-2702	1799
-2702	1796
-2703	1792
-2703	1789
-2703	1785
-2703	1782
-2702	1778
-2700	1775
-2699	1771
-2699	1768
-2695	1764
-2693	1761
-2692	1757
-2691	1754
-2691	1750
-2691	1747
-2690	1743
-2686	1740
-2685	1736
-2686	1733
-2685	1730
-2684	1726
-2683	1723
-2683	1719
-2681	1716
-2680	1712
-2680	1709
-2680	1705
-2680	1702
-2679	1699
-2677	1695
-2675	1692
-2672	1688
-2672	1685
-2673	1682
-2669	1678
-2664	1675
-2662	1671
-2661	1668
-2661	1664
-2661	1661
-2661	1658
-2659	1654
-2659	1651
-2660	1647
-2660	1644
-2658	1641
-2655	1637
-2653	1634
-2652	1631
-2651	1627
-2652	1624
-2653	1620
-2652	1617
-2648	1614
-2645	1610
-2643	1607
-2643	1604
-2643	1600
-2643	1597
-2640	1594
-2637	1590
-2635	1587
-2636	1584
-2636	1580
-2637	1577
-2637	1574
-2636	1570
-2636	1567
-2634	1564
-2633	1560
-2632	1557
-2632	1554
-2630	1550
-2630	1547
-2629	1544
-2627	1540
-2623	1537
-2622	1534
-2624	1530
-2623	1527
-2622	1524
-2620	1521
-2617	1517
-2617	1514
-2618	1511
-2618	1507
-2616	1504
-2612	1501
-2611	1498
-2612	1494
-2613	1491
-2611	1488
-2611	1484
-2611	1481
-2608	1478
-2606	1475
-2604	1471
-2602	1468
-2603	1465
-2606	1461
-2604	1458
-2603	1455
-2601	1451
-2598	1448
-2597	1445
-2595	1442
-2595	1439
-2595	1435
-2594	1432
-2593	1429
-2593	1426
-2592	1422
-2592	1419
-2589	1416
-2588	1413
-2589	1409
-2588	1406
-2586	1403
-2588	1399
-2586	1396
-2586	1393
-2585	1390
-2583	1386
-2581	1383
-2579	1380
-2579	1377
-2579	1374
-2574	1371
-2573	1368
-2573	1364
-2572	1361
-2572	1358
-2571	1354
-2571	1351
-2569	1348
-2568	1345
-2568	1342
-2568	1338
-2569	1335
-2568	1331
-2568	1328
-2566	1325
-2566	1322
-2564	1319
-2565	1315
-2565	1312
-2565	1308
-2562	1305
-2559	1303
-2558	1299
-2557	1296
-2555	1293
-2555	1290
-2555	1286
-2554	1283
-2554	1280
-2555	1277
-2553	1273
-2552	1270
-2551	1267
-2550	1264
-2548	1261
-2549	1257
-2551	1254
-2551	1250
-2550	1247
-2548	1244
-2546	1241
-2543	1238
-2542	1235
-2541	1232
-2541	1229
-2542	1225
-2540	1222
-2540	1219
-2540	1215
-2539	1212
-2537	1209
-2534	1206
-2531	1204
-2530	1201
-2529	1197
-2530	1194
-2527	1191
-2525	1188
-2526	1185
-2528	1181
-2527	1178
-2526	1174
-2525	1171
-2524	1168
-2524	1165
-2521	1162
-2519	1159
-2520	1156
-2521	1152
-2520	1149
-2518	1146
-2517	1143
-2516	1139
-2515	1136
-2516	1133
-2514	1130
-2512	1127
-2512	1123
-2511	1120
-2508	1118
-2507	1114
-2509	1111
-2508	1108
-2507	1104
-2507	1101
-2503	1099
-2502	1096
-2503	1092
-2502	1089
-2500	1086
-2499	1083
-2498	1080
-2497	1076
-2497	1073
-2496	1070
-2496	1067
-2497	1063
-2494	1060
-2492	1057
-2492	1054
-2494	1050
-2494	1047
-2493	1044
-2491	1041
-2489	1038
-2488	1034
-2487	1031
-2487	1028
-2485	1025
-2484	1022
-2483	1019
-2482	1016
-2481	1013
-2479	1010
-2479	1006
-2477	1004
-2476	1000
-2473	998
-2472	995
-2471	991
-2470	988
-2469	985
-2468	982
-2467	979
-2464	977
-2462	974
-2461	971
-2459	968
-2458	965
-2459	961
-2460	957
-2459	954
-2457	951
-2456	948
-2455	945
-2454	942
-2453	939
-2451	936
-2450	933
-2450	929
-2449	926
-2449	923
-2451	919
-2448	916
-2446	913
-2445	910
-2445	907
-2445	903
-2444	900
-2441	898
-2440	895
-2441	891
-2441	887
-2438	885
-2434	883
-2432	880
-2431	877
-2431	873
-2430	870
-2429	867
-2426	865
-2425	862
-2427	857
-2428	854
-2427	850
-2425	848
-2423	845
-2423	842
-2422	838
-2418	836
-2415	834
-2415	831
-2415	827
-2412	824
-2412	821
-2411	818
-2410	815
-2412	811
-2411	807
-2411	804
-2410	801
-2409	798
-2408	795
-2406	792
-2405	788
-2404	785
-2402	783
-2401	780
-2401	776
-2399	773
-2397	770
-2397	767
-2396	764
-2395	761
-2394	757
-2395	754
-2394	751
-2392	748
-2391	745
-2387	743
-2386	740
-2387	736
-2386	732
-2385	729
-2385	726
-2385	722
-2384	719
-2384	716
-2383	713
-2381	710
-2381	706
-2382	702
-2379	700
-2376	697
-2375	694
-2374	691
-2373	688
-2374	684
-2373	681
-2372	678
-2372	674
-2368	672
-2366	669
-2365	666
-2364	663
-2364	659
-2364	656
-2363	653
-2362	650
-2359	647
-2357	644
-2358	641
-2359	636
-2358	633
-2355	631
-2350	629
-2347	627
-2346	624
-2344	621
-2343	618
-2343	615
-2341	612
-2341	609
-2341	605
-2341	601
-2340	598
-2339	595
-2337	592
-2337	588
-2335	585
-2334	583
-2332	580
-2331	577
-2330	573
-2329	570
-2327	567
-2327	564
-2326	560
-2327	557
-2326	553
-2325	550
-2323	547
-2322	544
-2320	541
-2319	538
-2316	536
-2315	533
-2314	529
-2315	525
-2312	523
-2309	521
-2307	518
-2306	515
-2305	512
-2303	509
-2302	506
-2299	503
-2300	500
-2299	496
-2298	493
-2298	489
-2298	486
-2295	483
-2293	481
-2291	478
-2292	473
-2292	470
-2288	468
-2287	465
-2286	462
-2286	458
-2285	455
-2283	452
-2282	449
-2282	445
-2282	441
-2280	438
-2278	436
-2276	433
-2274	430
-2273	427
-2273	423
-2272	420
-2270	417
-2268	414
-2267	411
-2267	407
-2267	404
-2266	400
-2265	397
-2263	394
-2261	392
-2259	389
-2259	385
-2259	381
-2258	378
-2257	375
-2255	372
-2254	368
-2253	365
-2251	363
-2249	360
-2248	356
-2247	353
-2246	350
-2245	347
-2243	344
-2241	341
-2242	337
-2242	333
-2238	331
-2235	329
-2233	326
-2231	323
-2230	320
-2230	317
-2229	313
-2228	310
-2226	307
-2223	305
-2221	302
-2220	299
-2217	297
-2216	293
-2217	289
-2215	286
-2213	283
-2211	281
-2212	276
-2212	272
-2211	269
-2210	265
-2209	262
-2207	259
-2206	256
-2205	253
-2204	249
-2203	246
-2201	243
-2200	240
-2198	237
-2196	234
-2193	232
-2191	229
-2193	224
-2193	220
-2192	216
-2192	212
-2189	210
-2188	207
-2188	202
-2188	198
-2186	195
-2184	193
-2181	191
-2179	188
-2177	186
-2176	182
-2176	178
-2176	174
-2174	171
-2174	166
-2174	163
-2172	160
-2171	156
-2169	153
-2168	150
-2164	149
-2161	147
-2161	142
-2162	138
-2161	134
-2159	131
-2158	128
-2156	125
-2156	121
-2156	116
-2155	113
-2154	109
-2152	106
-2149	104
-2149	100
-2148	96
-2148	92
-2147	89
-2146	85
-2144	82
-2144	78
-2142	75
-2139	73
-2141	67
-2140	64
-2138	60
-2139	56
-2139	51
-2137	48
-2135	46
-2132	44
-2126	44
-2123	42
-2120	40
-2116	39
-2114	36
-2111	34
-2108	32
-2103	31
-2100	30
-2095	29
-2092	27
-2090	24
-2088	21
-2085	19
-2084	16
-2083	12
-2082	8
-2080	6
-2079	2
-2076	0
-2073	-2
-2071	-5
-2073	-11
-2073	-15
-2071	-18
-2069	-21
-2067	-24
-2065	-26
-2066	-32
-2064	-35
-2062	-38
-2060	-41
-2060	-45
-2059	-49
-2057	-52
-2055	-55
-2054	-59
-2052	-61
-2050	-64
-2048	-67
-2047	-71
-2045	-74
-2043	-76
-2042	-80
-2041	-84
-2040	-87
-2037	-90
-2036	-94
-2034	-96
-2033	-100
-2033	-105
-2032	-109
-2030	-111
-2028	-114
-2025	-116
-2025	-121
-2025	-126
-2023	-128
-2020	-131
-2018	-134
-2018	-138
-2014	-140
-2014	-144
-2013	-148
-2009	-150
-2007	-152
-2003	-153
-1996	-151
-1985	-146
-1976	-142
-1970	-141
-1966	-142
-1962	-143
-1957	-143
-1952	-143
-1949	-145
-1940	-141
-1940	-145
-1937	-147
-1933	-148
-1931	-151
-1929	-154
-1929	-158
-1930	-164
-1927	-166
-1914	-158
-1908	-158
-1906	-160
-1904	-162
-1900	-163
-1897	-166
-1898	-171
-1896	-174
-1892	-175
-1885	-173
-1878	-171
-1872	-169
-1868	-170
-1866	-173
-1861	-173
-1858	-174
-1852	-173
-1849	-174
-1843	-173
-1838	-172
-1834	-174
-1830	-174
-1830	-179
-1829	-183
-1818	-176
-1812	-175
-1805	-172
-1797	-168
-1792	-168
-1791	-171
-1796	-182
-1797	-188
-1790	-186
-1784	-184
-1776	-180
-1768	-177
-1765	-178
-1754	-171
-1746	-167
-1741	-166
-1737	-167
-1734	-168
-1731	-169
-1726	-169
-1722	-170
-1719	-171
-1718	-174
-1712	-173
-1708	-173
-1704	-174
-1695	-168
-1690	-167
-1686	-168
-1684	-171
-1680	-170
-1674	-169
-1667	-166
-1663	-166
-1661	-168
-1657	-169
-1653	-169
-1644	-164
-1639	-163
-1637	-165
-1628	-160
-1620	-155
-1615	-154
-1612	-156
-1611	-159
-1606	-158
-1602	-158
-1598	-158
-1596	-160
-1593	-162
-1588	-161
-1582	-159
-1576	-156
-1572	-156
-1569	-158
-1569	-162
-1568	-166
-1563	-165
-1560	-166
-1558	-169
-1555	-170
-1553	-172
-1547	-170
-1541	-168
-1537	-168
-1533	-168
-1530	-168
-1527	-170
-1525	-173
-1525	-178
-1522	-179
-1519	-179
-1512	-176
-1502	-168
-1498	-168
-1493	-166
-1487	-164
-1483	-163
-1481	-165
-1470	-156
-1466	-156
-1464	-158
-1463	-162
-1460	-163
-1457	-164
-1455	-166
-1454	-170
-1452	-173
-1450	-176
-1446	-175
-1442	-175
-1437	-173
-1434	-173
-1429	-172
-1423	-170
-1418	-167
-1414	-168
-1411	-169
-1408	-169
-1405	-170
-1402	-171
-1399	-172
-1396	-173
-1394	-175
-1391	-176
-1388	-177
-1385	-178
-1381	-178
-1376	-176
-1371	-174
-1368	-174
-1366	-177
-1362	-176
-1357	-174
-1350	-170
-1346	-169
-1343	-169
-1340	-171
-1338	-173
-1336	-175
-1335	-179
-1331	-178
-1325	-175
-1322	-176
-1320	-178
-1318	-180
-1317	-184
-1315	-186
-1311	-186
-1307	-184
-1302	-184
-1298	-183
-1294	-181
-1290	-181
-1286	-180
-1282	-180
-1280	-181
-1276	-181
-1272	-180
-1268	-180
-1264	-179
-1261	-178
-1258	-180
-1255	-181
-1252	-182
-1249	-182
-1246	-182
-1243	-183
-1239	-183
-1234	-180
-1231	-181
-1228	-180
-1225	-181
-1218	-175
-1214	-174
-1211	-175
-1208	-176
-1206	-179
-1203	-178
-1200	-179
-1197	-180
-1194	-181
-1191	-181
-1186	-178
-1182	-177
-1180	-179
-1177	-180
-1174	-180
-1170	-178
-1166	-178
-1163	-178
-1159	-178
-1156	-178
-1153	-178
-1149	-178
-1147	-179
-1144	-180
-1140	-178
-1134	-174
-1132	-175
-1130	-177
-1126	-177
-1123	-178
-1121	-179
-1118	-179
-1114	-177
-1110	-177
-1107	-177
-1104	-177
-1100	-177
-1097	-176
-1094	-176
-1091	-177
-1087	-176
-1084	-177
-1081	-177
-1079	-178
-1076	-179
-1073	-178
-1069	-177
-1066	-178
-1062	-175
-1058	-174
-1056	-176
-1053	-177
-1050	-177
-1047	-177
-1044	-177
-1041	-177
-1037	-177
-1034	-176
-1032	-178
-1029	-178
-1026	-178
-1023	-180
-1020	-180
-1016	-178
-1013	-177
-1010	-178
-1008	-180
-1005	-180
-1002	-179
-998	-179
-996	-180
-994	-181
-988	-176
-986	-177
-983	-179
-981	-181
-979	-182
-975	-181
-972	-181
-970	-182
-967	-183
-966	-186
-960	-182
-955	-178
-953	-179
-951	-180
-947	-179
-943	-177
-941	-178
-938	-178
-935	-180
-933	-180
-930	-180
-926	-179
-923	-178
-919	-176
-900	-141
-897	-141
-894	-141
-893	-144
-891	-146
-888	-147
-882	-140
-874	-128
-868	-122
-864	-118
-860	-115
-856	-114
-854	-115
-852	-117
-850	-118
-847	-119
-845	-120
-842	-121
-780	-1
-777	-0
-775	-0
-772	0
-769	0
-766	1
-764	1
-761	1
-758	1
-756	1
-753	2
-751	1
-748	1
-745	1
-743	1
-740	2
-738	1
-736	1
-733	1
-732	-4
-732	-9
-731	-15
-729	-15
-724	-10
-720	-6
-719	-9
-719	-16
-718	-19
-716	-22
-717	-30
-746	-128
-745	-133
-744	-137
-742	-139
-740	-141
-738	-142
-736	-144
-733	-145
-731	-146
-729	-147
-726	-147
-724	-148
-721	-149
-719	-150
-716	-150
-714	-153
-712	-153
-710	-154
-707	-155
-705	-156
-702	-156
-699	-156
-697	-156
-694	-157
-691	-156
-689	-158
-686	-157
-684	-158
-669	-121
-666	-121
-663	-120
-660	-119
-657	-118
-654	-116
-651	-116
-649	-118
-647	-119
-644	-118
-641	-116
-638	-114
-635	-114
-633	-117
-631	-117
-629	-119
-627	-121
-625	-122
-623	-125
-621	-127
-619	-129
-632	-180
-629	-179
-626	-179
-623	-177
-621	-179
-618	-179
-616	-180
-613	-178
-609	-175
-604	-167
-600	-160
-597	-161
-595	-162
-593	-164
-592	-169
-591	-175
-589	-176
-586	-178
-583	-174
-580	-173
-577	-174
-575	-174
-572	-172
-569	-171
-567	-173
-565	-175
-562	-174
-560	-177
-558	-179
-555	-178
-552	-178
-550	-179
-548	-181
-546	-184
-544	-184
-541	-185
-539	-185
-536	-184
-533	-185
-531	-185
-528	-185
-526	-186
-523	-187
-521	-187
-518	-186
-516	-187
-513	-186
-510	-184
-507	-185
-505	-185
-502	-186
-500	-186
-497	-186
-495	-186
-492	-186
-490	-187
-487	-186
-484	-185
-482	-186
-479	-186
-477	-187
-474	-187
-472	-187
-469	-186
-466	-186
-464	-187
-461	-185
-459	-186
-456	-186
-453	-185
-451	-184
-448	-185
-446	-185
-443	-185
-441	-184
-438	-184
-435	-184
-433	-185
-431	-185
-428	-186
-425	-185
-423	-186
-421	-186
-418	-186
-415	-186
-413	-186
-410	-186
-408	-186
-405	-186
-403	-185
-400	-186
-398	-186
-395	-187
-393	-186
-390	-187
-388	-186
-385	-187
-383	-186
-380	-186
-377	-185
-375	-185
-372	-185
-370	-185
-368	-186
-365	-186
-362	-186
-360	-186
-357	-185
-355	-185
-352	-186
-350	-186
-347	-185
-345	-185
-342	-184
-340	-184
-337	-184
-335	-185
-332	-184
-330	-184
-327	-185
-325	-185
-322	-184
-320	-184
-317	-183
-315	-183
-312	-185
-310	-184
-307	-182
-305	-185
-302	-186
-300	-186
-297	-186
-295	-185
-292	-185
-290	-184
-287	-185
-285	-185
-282	-185
-280	-185
-277	-184
-275	-185
-273	-185
-270	-186
-268	-185
-265	-184
-263	-185
-260	-186
-258	-185
-255	-185
-253	-186
-250	-186
-248	-186
-245	-185
-243	-187
-241	-187
-238	-187
-236	-187
-233	-187
-231	-186
-228	-185
-226	-186
-223	-186
-221	-185
-218	-185
-216	-186
-213	-185
-211	-184
-208	-185
-206	-186
-203	-185
-201	-185
-198	-185
-196	-186
-194	-187
-191	-187
-189	-186
-186	-186
-184	-185
-181	-187
-179	-187
-176	-186
-174	-186
-171	-186
-169	-186
-167	-185
-164	-185
-162	-184
-159	-185
-157	-185
-154	-185
-152	-184
-149	-185
-147	-185
-144	-187
-142	-187
-140	-187
-137	-186
-135	-185
-132	-185
-130	-185
-127	-186
-125	-186
-122	-186
-120	-188
-117	-187
-115	-186
-113	-187
-110	-186
-108	-184
-105	-183
-103	-184
-100	-184
-98	-184
-95	-185
-93	-186
-91	-186
-88	-186
-86	-185
-83	-185
-81	-184
-78	-184
-73	-186
-71	-184
-68	-185
-66	-186
-64	-185
-61	-185
-59	-185
-56	-185
-54	-185
-51	-186
-49	-186
-46	-185
-44	-186
-42	-185
-39	-186
-37	-184
-34	-183
-32	-185
-29	-185
-27	-185
-24	-185
-22	-185
-20	-186
-17	-186
-15	-185
-12	-185
-10	-184
-7	-184
-5	-184
-2	-185
0	-186
3	-185
5	-185
7	-185
10	-185
12	-185
15	-185
17	-185
20	-185
22	-186
25	-184
27	-185
29	-185
32	-185
34	-186
37	-185
39	-184
42	-185
44	-184
47	-184
49	-185
52	-186
54	-185
56	-185
59	-185
61	-185
64	-185
66	-184
69	-184
71	-184
74	-185
76	-185
79	-184
81	-184
83	-184
86	-184
88	-184
91	-184
93	-184
96	-185
98	-185
101	-184
103	-185
106	-184
108	-184
111	-185
113	-185
115	-183
118	-182
120	-181
123	-180
125	-181
128	-182
130	-182
133	-182
135	-185
138	-186
140	-186
143	-185
145	-185
148	-186
150	-186
153	-185
155	-185
158	-185
160	-184
163	-185
165	-185
168	-185
170	-183
172	-183
175	-184
178	-185
180	-185
183	-187
185	-185
187	-185
190	-185
193	-185
195	-185
198	-186
200	-185
202	-185
205	-185
207	-185
210	-186
213	-186
215	-185
217	-184
220	-184
222	-184
225	-185
228	-186
230	-186
232	-185
235	-185
237	-185
240	-184
242	-184
245	-186
248	-186
250	-187
253	-185
255	-183
257	-182
259	-181
262	-181
264	-178
266	-178
269	-178
271	-178
274	-179
277	-178
279	-179
282	-178
285	-181
288	-184
290	-185
293	-186
296	-187
298	-187
301	-187
303	-186
306	-187
308	-186
311	-186
313	-185
316	-185
318	-185
321	-185
324	-186
326	-185
328	-184
331	-184
334	-185
336	-186
339	-185
341	-184
344	-184
347	-186
349	-186
352	-185
354	-186
357	-186
359	-186
362	-185
364	-185
367	-185
370	-185
372	-185
375	-186
378	-187
380	-185
383	-186
385	-186
388	-184
390	-184
392	-183
395	-184
398	-185
401	-185
403	-186
406	-186
409	-186
411	-187
414	-186
416	-185
419	-184
421	-184
424	-184
426	-183
429	-183
431	-183
434	-183
437	-183
440	-186
442	-185
445	-185
448	-185
451	-186
453	-185
455	-183
457	-182
461	-184
464	-185
466	-186
468	-184
471	-182
473	-183
476	-183
478	-182
481	-183
484	-183
487	-184
490	-184
492	-183
495	-183
497	-182
500	-184
504	-186
506	-185
509	-186
511	-185
513	-183
516	-183
519	-184
522	-185
524	-184
528	-186
531	-187
533	-186
535	-185
538	-183
541	-184
544	-186
546	-185
549	-185
551	-184
553	-180
555	-178
557	-177
560	-177
562	-176
565	-175
568	-176
570	-176
573	-176
576	-176
578	-176
582	-178
584	-175
585	-171
587	-168
589	-168
591	-166
593	-164
596	-162
598	-160
600	-160
601	-154
602	-149
604	-148
606	-147
609	-146
612	-149
616	-151
618	-150
623	-154
626	-156
628	-153
630	-151
633	-152
636	-153
638	-152
640	-150
643	-149
645	-148
648	-148
650	-147
655	-152
658	-153
661	-154
664	-154
667	-156
670	-156
673	-155
676	-155
679	-156
683	-159
683	-153
683	-146
685	-145
688	-144
690	-143
693	-144
697	-147
702	-151
706	-154
709	-154
711	-153
713	-151
716	-151
719	-151
721	-150
724	-149
726	-148
728	-147
731	-146
733	-145
736	-144
738	-143
741	-142
743	-140
744	-137
745	-132
745	-125
745	-120
745	-114
747	-111
748	-107
720	-21
720	-16
721	-12
721	-7
722	-4
724	-1
726	1
728	1
730	2
733	3
736	3
738	3
741	2
745	0
754	-2
756	-1
772	1
774	1
777	2
780	2
881	-177
867	-142
872	-147
879	-155
887	-164
892	-169
896	-170
895	-163
892	-150
888	-136
887	-129
889	-127
892	-126
895	-127
901	-133
910	-145
916	-149
917	-146
919	-144
920	-140
921	-136
921	-131
922	-126
924	-125
928	-125
930	-125
933	-123
936	-123
939	-124
950	-138
970	-169
974	-169
979	-172
987	-182
991	-183
994	-183
997	-182
1000	-181
1003	-181
1006	-181
1009	-181
1013	-182
1016	-181
1019	-181
1022	-181
1025	-180
1028	-180
1033	-182
1036	-181
1040	-182
1042	-181
1045	-181
1048	-181
1051	-180
1054	-179
1057	-179
1062	-181
1065	-181
1069	-181
1072	-181
1075	-180
1077	-178
1081	-179
1085	-180
1087	-178
1090	-178
1093	-177
1095	-174
1097	-172
1102	-176
1107	-178
1111	-179
1115	-180
1118	-179
1121	-178
1124	-178
1128	-178
1133	-180
1135	-180
1139	-180
1143	-180
1146	-179
1149	-179
1153	-179
1156	-179
1159	-178
1162	-177
1165	-177
1168	-176
1172	-176
1176	-178
1179	-177
1184	-180
1187	-179
1191	-179
1195	-179
1198	-178
1201	-178
1205	-178
1209	-179
1213	-180
1217	-181
1220	-180
1223	-179
1227	-180
1230	-179
1234	-179
1240	-182
1243	-181
1246	-180
1249	-179
1252	-178
1255	-178
1260	-179
1264	-180
1268	-181
1271	-180
1275	-180
1279	-180
1282	-180
1286	-181
1290	-181
1293	-179
1297	-179
1305	-186
1312	-190
1318	-193
1325	-197
1334	-204
1338	-205
1336	-197
1335	-191
1337	-188
1341	-189
1346	-190
1351	-191
1357	-194
1361	-195
1355	-182
1352	-173
1352	-168
1354	-164
1355	-161
1357	-158
1359	-156
1360	-153
1362	-150
1364	-149
1367	-147
1370	-146
1373	-144
1376	-143
1381	-145
1384	-144
1387	-143
1392	-144
1395	-143
1399	-143
1404	-144
1411	-148
1418	-152
1446	-182
1448	-179
1450	-176
1452	-175
1455	-173
1458	-172
1463	-173
1468	-174
1473	-175
1483	-183
1494	-191
1497	-189
1502	-190
1504	-188
1508	-187
1511	-186
1515	-186
1524	-192
1528	-192
1534	-193
1533	-187
1533	-182
1536	-180
1538	-178
1541	-177
1544	-175
1546	-173
1550	-172
1554	-172
1557	-171
1561	-170
1565	-170
1569	-169
1572	-168
1576	-168
1581	-169
1591	-175
1598	-178
1603	-179
1607	-179
1613	-180
1620	-182
1624	-182
1628	-182
1631	-180
1636	-181
1644	-185
1644	-180
1646	-177
1647	-173
1648	-170
1651	-168
1654	-166
1656	-164
1660	-163
1667	-165
1676	-170
1682	-172
1688	-174
1698	-179
1702	-179
1702	-173
1702	-169
1704	-166
1703	-161
1705	-158
1716	-164
1720	-164
1724	-163
1727	-161
1730	-160
1734	-159
1740	-160
1751	-166
1756	-167
1759	-164
1760	-161
1764	-160
1767	-159
1770	-157
1774	-156
1779	-156
1782	-154
1786	-153
1790	-153
1793	-151
1796	-149
1800	-147
1801	-144
1804	-142
1807	-140
1810	-138
1816	-139
1824	-142
1839	-152
1850	-158
1861	-163
1865	-163
1871	-163
1879	-166
1873	-156
1870	-148
1871	-144
1873	-142
1876	-140
1880	-139
1886	-140
1896	-144
1907	-149
1915	-152
1920	-152
1924	-151
1929	-151
1935	-151
1940	-151
1946	-152
1951	-152
1955	-150
1959	-149
1961	-146
1964	-144
1968	-143
1972	-142
1976	-140
1976	-136
1977	-132
1979	-128
1982	-126
1998	-136
2000	-133
2003	-130
2006	-129
2015	-131
2022	-133
2025	-131
2030	-131
2035	-130
2039	-128
2042	-126
2044	-123
2046	-120
2056	-124
2068	-129
2074	-129
2076	-126
2079	-124
2082	-122
2086	-121
2091	-120
2100	-123
2104	-121
2109	-121
2116	-121
2123	-122
2126	-120
2126	-115
2130	-114
2133	-111
2133	-107
2134	-103
2139	-102
2144	-101
2154	-105
2172	-114
2191	-125
2197	-125
2196	-119
2198	-116
2205	-116
2212	-117
2218	-117
2230	-122
2232	-119
2255	-132
2241	-116
2260	-126
2260	-121
2262	-118
2263	-114
2264	-110
2266	-106
2272	-106
2284	-110
2290	-110
2289	-105
2289	-100
2335	-129
2336	-126
2339	-123
2341	-119
2343	-116
2346	-113
2347	-109
2349	-106
2351	-102
2354	-100
2358	-97
2360	-94
2361	-90
2363	-87
2366	-84
2379	-89
2391	-92
2373	-75
2374	-70
2421	-99
2424	-96
2427	-94
2428	-90
2429	-85
2430	-81
2433	-78
2437	-76
2439	-73
2433	-64
2433	-59
2432	-43
2431	-38
2432	-34
2431	-29
2431	-24
2431	-19
2429	-13
2429	-8
2430	-4
2430	1
2432	4
2432	9
2429	15
2429	20
2430	24
2431	28
2433	32
2434	36
2436	39
2435	44
2437	48
2432	56
2433	60
2433	64
2429	72
2429	76
2443	72
2437	80
2443	81
2445	85
2445	89
2444	94
2444	99
2446	103
2446	107
2446	112
2448	115
2449	119
2451	122
2453	125
2453	130
2454	134
2453	139
2453	143
2455	147
2455	152
2456	155
2456	160
2457	163
2458	168
2461	171
2459	176
2460	180
2460	184
2462	188
2463	192
2462	197
2464	200
2465	204
2466	207
2466	212
2467	216
2468	220
2469	223
2471	227
2472	230
2471	236
2471	240
2472	244
2474	247
2475	251
2474	256
2475	259
2476	263
2476	268
2476	272
2480	274
2478	280
2479	283
2479	288
2482	290
2483	294
2484	298
2487	301
2488	304
2487	310
2488	313
2488	318
2489	321
2491	324
2493	328
2494	331
2495	335
2496	339
2497	342
2500	345
2499	350
2497	355
2499	359
2502	361
2503	365
2505	368
2505	372
2503	378
2501	383
2502	387
2502	391
2503	395
2505	398
2506	401
2508	405
2510	408
2511	411
2512	415
2512	420
2510	425
2512	428
2515	431
2517	434
2517	438
2516	442
2518	446
2519	450
2519	453
2520	457
2520	461
2517	467
2516	472
2518	475
2523	477
2524	480
2526	483
2522	489
2526	491
2529	494
2528	499
2528	503
2532	505
2534	508
2535	512
2534	516
2533	521
2535	524
2534	529
2536	532
2538	535
2541	538
2540	542
2540	546
2540	551
2539	555
2539	559
2540	563
2542	566
2544	569
2547	572
2547	576
2546	580
2545	585
2548	588
2549	591
2549	595
2549	599
2551	602
2549	607
2550	611
2552	614
2554	617
2554	621
2555	625
2556	628
2556	632
2557	636
2559	639
2561	642
2562	646
2563	649
2564	653
2564	657
2564	661
2565	664
2565	668
2567	672
2568	675
2569	678
2571	682
2571	686
2570	690
2571	694
2572	697
2573	701
2575	704
2577	707
2577	711
2577	715
2578	719
2579	722
2580	725
2581	729
2579	734
2577	739
2578	742
2581	745
2583	748
2583	752
2584	755
2586	759
2586	762
2586	766
2587	770
2588	773
2588	777
2589	781
2591	784
2593	787
2594	791
2595	794
2596	798
2597	801
2597	805
2598	809
2599	812
2600	816
2601	819
2601	823
2601	827
2601	831
2601	835
2601	839
2602	842
2604	845
2606	848
2606	852
2605	856
2605	860
2607	864
2609	867
2610	870
2611	874
2612	877
2612	881
2613	885
2613	888
2613	892
2612	896
2613	900
2615	903
2617	906
2619	909
2619	913
2620	917
2618	921
2616	926
2617	929
2619	932
2621	935
2622	939
2624	942
2625	946
2626	949
2626	953
2626	957
2627	960
2627	964
2626	968
2626	972
2628	975
2628	979
2629	982
2628	986
2629	990
2631	993
2632	997
2633	1000
2633	1004
2634	1007
2635	1011
2636	1014
2637	1018
2638	1021
2638	1025
2639	1029
2637	1033
2637	1036
2638	1040
2639	1043
2640	1047
2641	1051
2641	1054
2639	1058
2642	1061
2644	1065
2644	1068
2646	1072
2646	1075
2646	1079
2647	1083
2645	1087
2649	1090
2648	1093
2648	1097
2649	1101
2650	1104
2649	1108
2649	1112
2649	1116
2649	1119
2651	1123
2652	1126
2653	1130
2653	1133
2654	1137
2654	1140
2654	1144
2656	1148
2657	1151
2657	1155
2658	1158
2659	1162
2660	1165
2662	1169
2660	1172
2660	1176
2659	1180
2660	1184
2662	1187
2664	1190
2661	1194
2661	1198
2663	1202
2663	1205
2664	1209
2665	1212
2666	1216
2667	1219
2668	1223
2667	1226
2666	1230
2666	1234
2668	1237
2669	1241
2671	1244
2670	1248
2672	1251
2674	1255
2672	1259
2672	1262
2672	1266
2675	1269
2677	1273
2679	1276
2679	1280
2680	1283
2680	1287
2681	1290
2681	1294
2681	1298
2681	1301
2684	1305
2684	1308
2685	1312
2685	1315
2686	1319
2685	1323
2684	1326
2684	1330
2688	1333
2691	1337
2692	1340
2690	1344
2692	1347
2691	1351
2691	1355
2693	1358
2693	1362
2693	1366
2693	1369
2695	1373
2695	1376
2694	1380
2693	1384
2693	1387
2696	1391
2696	1394
2697	1398
2697	1402
2697	1405
2697	1409
2698	1412
2698	1416
2698	1420
2699	1423
2698	1427
2698	1431
2699	1434
2699	1438
2700	1441
2702	1445
2702	1449
2702	1452
2703	1456
2702	1459
2702	1463
2703	1467
2703	1470
2703	1474
2703	1478
2704	1481
2703	1485
2702	1489
2703	1492
2706	1496
2707	1499
2707	1503
2708	1506
2710	1510
2711	1513
2712	1517
2712	1521
2712	1524
2712	1528
2712	1532
2712	1535
2713	1539
2714	1542
2715	1546
2715	1550
2715	1553
2715	1557
2716	1560
2718	1564
2718	1568
2717	1571
2719	1575
2719	1579
2717	1582
2716	1586
2721	1589
2722	1593
2723	1597
2721	1600
2721	1604
2723	1608
2724	1611
2724	1615
2723	1619
2721	1622
2723	1626
2725	1629
2724	1633
2724	1637
2725	1640
2725	1644
2725	1648
2727	1651
2727	1655
