2567	1662
2568	1665
2567	1669
2567	1672
2569	1675
2568	1679
2569	1686
2570	1689
2571	1693
2571	1696
2572	1700
2573	1703
2573	1707
2573	1710
2572	1713
2573	1717
2573	1720
2574	1724
2574	1727
2572	1731
2574	1734
2574	1738
2574	1741
2575	1745
2576	1748
2575	1751
2576	1755
2576	1758
2575	1762
2576	1765
2575	1769
2575	1772
2576	1776
2576	1779
2576	1783
2576	1786
2576	1790
2577	1793
2577	1797
2578	1800
2578	1803
2578	1807
2578	1810
2578	1814
2578	1817
2579	1821
2579	1824
2576	1828
2576	1831
2578	1835
2580	1838
2581	1842
2582	1845
2583	1849
2580	1852
2580	1856
2580	1859
2578	1862
2579	1866
2577	1869
2577	1873
2578	1876
2580	1880
2578	1883
2577	1887
2575	1890
2574	1893
2575	1897
2580	1901
2585	1905
2587	1908
2588	1912
2587	1915
2586	1919
2587	1922
2589	1926
2588	1930
2589	1933
2590	1937
2589	1940
2590	1944
2593	1948
2593	1951
2594	1955
2595	1958
2595	1962
2595	1965
2595	1969
2595	1972
2596	1976
2596	1980
2598	1983
2599	1987
2596	1990
2598	1994
2598	1997
2599	2001
2599	2005
2597	2008
2598	2012
2599	2015
2599	2019
2597	2022
2596	2025
2598	2029
2601	2033
2601	2037
2602	2040
2603	2044
2604	2048
2605	2051
2605	2055
2606	2059
2606	2062
2609	2066
2609	2070
2607	2073
2604	2076
2603	2080
2604	2083
2604	2087
2605	2091
2611	2095
2607	2098
2605	2102
2607	2105
2609	2109
2610	2113
2611	2117
2611	2120
2612	2124
2612	2128
2611	2131
2610	2135
2610	2138
2612	2142
2612	2146
2612	2149
2613	2153
2614	2157
2614	2161
2614	2164
2614	2168
2615	2172
2614	2175
2615	2179
2617	2183
2617	2187
2615	2190
2614	2193
2613	2197
2613	2200
2615	2204
2616	2208
2617	2212
2616	2216
2616	2219
2615	2223
2616	2226
2620	2231
2620	2234
2619	2238
2620	2242
2621	2246
2620	2249
2618	2252
2617	2256
2616	2259
2616	2263
2618	2267
2619	2271
2619	2275
2620	2279
2619	2282
2617	2285
2618	2289
2618	2293
2619	2297
2618	2300
2619	2304
2620	2308
2620	2312
2620	2316
2618	2319
2622	2323
2622	2327
2620	2330
2620	2334
2620	2338
2621	2342
2621	2346
2620	2349
2620	2353
2621	2357
2620	2360
2621	2364
2619	2367
2617	2371
2619	2375
2620	2379
2622	2383
2622	2387
2622	2391
2620	2394
2620	2398
2622	2402
2623	2406
2623	2410
2624	2414
2624	2418
2624	2422
2624	2425
2624	2429
2625	2433
2625	2437
2624	2440
2625	2445
2627	2449
2626	2452
2625	2456
2625	2460
2625	2464
2625	2467
2623	2471
2624	2475
2625	2479
2624	2483
2625	2487
2626	2491
2626	2495
2626	2498
2627	2502
2625	2506
2626	2510
2623	2513
2621	2516
2620	2520
2621	2524
2622	2528
2624	2532
2626	2537
2625	2541
2624	2544
2625	2548
2629	2553
2630	2558
2630	2562
2630	2565
2631	2570
2630	2573
2630	2577
2629	2581
2628	2584
2627	2588
2627	2592
2625	2595
2624	2599
2624	2603
2626	2607
2627	2612
2627	2615
2626	2619
2625	2623
2626	2627
2627	2631
2625	2635
2624	2638
2624	2642
2623	2646
2622	2649
2624	2654
2624	2658
2624	2662
2625	2666
2625	2670
2623	2674
2624	2678
2626	2683
2626	2687
2626	2691
2626	2695
2625	2699
2625	2702
2625	2706
2622	2710
2621	2713
2622	2717
2621	2721
2625	2727
2626	2731
2624	2735
2624	2738
2625	2743
2625	2747
2624	2751
2624	2755
2624	2759
2624	2763
2624	2767
2625	2771
2624	2775
2624	2779
2622	2783
2623	2787
2624	2792
2625	2796
2625	2800
2623	2803
2624	2808
2625	2813
2625	2817
2624	2821
2623	2824
2622	2828
2623	2833
2624	2837
2622	2840
2620	2844
2619	2848
2621	2853
2622	2857
2623	2862
2622	2866
2621	2870
2621	2873
2619	2877
2618	2880
2616	2884
2615	2888
2616	2892
2617	2897
2619	2902
2620	2907
2622	2912
2625	2918
2627	2923
2626	2927
2625	2931
2625	2935
2625	2939
2625	2943
2624	2947
2624	2951
2622	2955
2620	2958
2620	2963
2622	2968
2620	2971
2618	2975
2620	2980
2622	2985
2621	2989
2622	2994
2623	2999
2623	3003
2622	3007
2622	3011
2622	3016
2621	3020
2622	3025
2622	3029
2622	3033
2622	3038
2622	3042
2621	3046
2621	3050
2622	3056
2622	3060
2619	3063
2618	3067
2619	3071
2620	3076
2619	3080
2620	3085
2619	3090
2620	3095
2622	3100
2624	3105
2623	3109
2620	3112
2618	3116
2618	3120
2602	3116
2580	3109
2572	3109
2562	3108
2558	3111
2555	3113
2552	3116
2550	3119
2549	3123
2549	3128
2634	3184
2624	3183
2616	3183
2616	3188
2617	3193
2617	3198
2617	3202
2618	3207
2618	3212
2616	3216
2615	3220
2613	3223
2612	3227
2614	3233
2616	3239
2616	3244
2617	3249
2618	3254
2618	3259
2619	3265
2618	3269
2618	3273
2617	3277
2615	3281
2614	3285
2611	3288
2609	3292
2609	3296
2612	3303
2611	3307
2610	3311
2609	3315
2608	3320
2607	3324
2608	3329
2607	3334
2605	3337
2603	3341
2604	3346
2604	3351
2603	3355
2602	3359
2599	3363
2602	3369
2601	3373
2600	3378
2600	3383
2600	3388
2600	3393
2599	3397
2598	3401
2598	3406
2596	3410
2596	3415
2595	3419
2595	3424
2594	3428
2593	3433
2594	3438
2592	3442
2592	3447
2592	3452
2590	3456
2588	3459
2587	3464
2586	3468
2585	3472
2586	3478
2586	3483
2585	3487
2584	3492
2583	3496
2582	3501
2583	3506
2583	3512
2583	3517
2582	3521
2580	3525
2580	3530
2578	3534
2576	3538
2576	3543
2575	3547
2574	3552
2573	3556
2571	3560
2567	3562
2565	3566
2571	3575
2570	3580
2568	3584
2567	3589
2568	3594
2569	3601
2569	3605
2568	3610
2567	3615
2567	3620
2566	3625
2564	3629
2563	3633
2563	3638
2562	3643
2560	3647
2558	3651
2556	3655
2554	3659
2552	3663
2550	3667
2549	3671
2548	3675
2547	3680
2546	3685
2546	3690
2546	3696
2543	3699
2541	3703
2543	3710
2542	3714
2540	3719
2539	3723
2536	3726
2534	3730
2533	3735
2532	3740
2531	3744
2528	3748
2527	3752
2526	3758
2525	3762
2523	3766
2521	3770
2521	3775
2520	3780
2519	3785
2519	3791
2519	3796
2517	3801
2516	3805
2514	3809
2512	3813
2511	3818
2508	3821
2506	3825
2505	3830
2503	3835
2503	3840
2503	3846
2501	3850
2500	3854
2498	3859
2498	3864
2497	3870
2496	3874
2495	3879
2493	3884
2491	3888
2489	3892
2486	3895
2485	3900
2485	3906
2483	3910
2477	3911
2472	3912
2466	3912
2463	3916
2463	3922
2470	3934
2477	3946
2480	3955
2479	3960
2479	3965
2477	3970
2476	3975
2475	3980
2474	3985
2475	3992
2478	4002
2477	4007
2476	4012
2474	4016
2471	4020
2470	4024
2468	4029
2466	4034
2466	4039
2464	4044
2463	4049
2461	4053
2459	4058
2457	4062
2454	4066
2455	4072
2454	4078
2451	4082
2449	4086
2447	4090
2445	4094
2444	4100
2442	4104
2440	4108
2438	4113
2436	4118
2434	4122
2431	4126
2430	4131
2430	4137
2428	4142
2425	4145
2422	4148
2420	4154
2419	4159
2418	4164
2418	4170
2415	4174
2413	4178
2409	4182
2406	4185
2404	4189
2402	4193
2401	4199
2400	4205
2397	4209
2395	4213
2394	4218
2394	4225
2124	3964
2119	3965
2114	3965
2101	3958
2099	3962
2106	3975
2113	3988
2111	3992
2108	3995
2373	4284
2360	4277
2357	4280
2354	4284
2350	4287
2348	4291
2345	4295
2343	4299
2340	4303
2338	4308
2335	4312
2332	4315
2329	4319
2327	4324
2325	4329
2323	4333
2320	4336
2317	4340
2315	4345
2313	4349
2310	4353
2308	4358
2305	4362
2302	4366
2299	4369
2296	4373
2294	4378
2292	4383
2289	4387
2288	4392
2286	4397
2283	4402
2281	4406
2279	4411
2276	4415
2274	4419
2271	4424
2269	4428
2267	4433
2264	4437
2263	4443
2260	4447
2257	4450
2254	4454
2252	4460
2250	4464
2247	4469
2244	4472
2241	4475
2238	4479
2235	4484
2234	4489
2232	4494
2229	4499
2227	4504
2225	4508
2221	4511
2217	4513
2213	4516
2210	4520
2206	4523
2203	4527
2199	4530
2196	4533
2193	4537
2190	4541
2187	4545
2184	4549
2181	4553
2177	4556
2174	4559
2170	4562
2166	4565
2165	4572
2162	4575
2158	4577
2154	4580
2151	4584
2147	4587
2143	4589
2139	4593
2137	4597
2134	4601
2131	4605
2128	4610
2125	4613
2122	4617
2119	4621
2117	4627
2112	4628
2109	4632
2105	4635
2102	4639
2098	4642
2096	4646
2093	4651
2090	4655
2088	4660
2082	4661
2078	4663
2073	4665
2070	4668
2069	4675
2068	4682
2065	4687
2062	4690
2059	4695
2056	4698
2052	4702
2048	4704
2043	4706
2040	4709
2037	4714
2034	4718
2032	4722
2028	4726
2024	4728
2020	4731
2016	4733
2013	4738
2010	4742
2007	4746
2003	4749
1998	4751
1993	4752
1990	4756
1988	4762
1986	4768
1984	4774
1980	4776
1976	4779
1973	4782
1968	4783
1964	4787
1961	4791
1958	4796
1956	4801
1953	4806
1950	4810
1948	4815
1944	4818
1941	4822
1937	4826
1933	4829
1930	4834
1927	4838
1924	4841
1921	4846
1918	4850
1914	4854
1911	4858
1908	4862
1905	4866
1900	4869
1897	4872
1894	4876
1891	4881
1887	4884
1884	4888
1880	4891
1876	4894
1872	4898
1868	4900
1864	4904
1861	4908
1857	4911
1854	4915
1851	4920
1847	4923
1843	4926
1840	4930
1835	4932
1832	4936
1828	4940
1824	4942
1820	4946
1817	4950
1814	4954
1810	4957
1806	4961
1803	4965
1799	4967
1794	4970
1789	4970
1785	4974
1781	4977
1778	4981
1774	4984
1770	4987
1767	4991
1763	4994
1759	4998
1756	5002
1752	5006
1748	5009
1744	5011
1740	5014
1735	5016
1730	5018
1726	5020
1723	5024
1720	5029
1717	5034
1714	5039
1711	5044
1706	5046
1702	5049
1698	5053
1695	5057
1691	5061
1687	5064
1683	5067
1679	5070
1675	5073
1671	5075
1667	5078
1662	5080
1658	5083
1653	5085
1649	5087
1645	5091
1642	5095
1639	5100
1634	5103
1630	5106
1626	5109
1622	5112
1618	5115
1614	5118
1609	5120
1605	5122
1600	5124
1596	5127
1591	5129
1587	5131
1583	5134
1579	5138
1575	5142
1572	5147
1568	5149
1563	5151
1559	5154
1554	5156
1550	5158
1545	5160
1541	5163
1537	5166
1533	5169
1528	5171
1523	5172
1518	5172
1514	5176
1510	5180
1506	5183
1502	5187
1498	5190
1493	5192
1490	5196
1485	5198
1482	5202
1478	5206
1474	5210
1469	5212
1465	5215
1460	5217
1457	5221
1452	5224
1448	5227
1443	5228
1438	5229
1433	5230
1429	5233
1425	5236
1420	5238
1416	5242
1412	5245
1408	5249
1404	5252
1400	5254
1396	5258
1391	5261
1387	5264
1383	5267
1378	5270
1374	5272
1369	5274
1365	5276
1360	5277
1355	5278
1349	5278
1344	5279
1339	5281
1335	5284
1330	5285
1326	5289
1323	5294
1319	5298
1314	5300
1310	5302
1305	5306
1301	5309
1297	5312
1293	5315
1288	5316
1283	5317
1278	5318
1272	5318
1267	5320
1263	5321
1258	5324
1254	5328
1250	5330
1245	5332
1241	5335
1236	5338
1232	5340
1227	5343
1223	5345
1218	5348
1214	5351
1210	5356
1206	5360
1202	5363
1197	5366
1193	5369
1189	5372
1185	5375
1180	5377
1175	5379
1171	5382
1166	5385
1162	5388
1157	5390
1152	5391
1148	5394
1143	5396
1139	5399
1134	5401
1129	5401
1123	5402
1119	5405
1115	5409
1110	5410
1105	5411
1100	5411
1095	5413
1090	5414
1085	5415
1080	5416
1075	5417
1069	5417
1063	5415
1058	5416
1054	5418
1049	5420
1044	5421
1038	5420
1033	5421
1029	5424
1024	5426
1019	5425
1013	5426
1008	5426
1003	5428
999	5431
994	5432
989	5433
984	5434
979	5436
974	5436
969	5439
965	5442
960	5445
956	5449
952	5453
948	5456
943	5459
939	5462
934	5466
930	5469
925	5471
920	5473
915	5474
911	5477
906	5479
902	5483
897	5485
892	5486
887	5488
882	5489
877	5489
871	5489
866	5489
861	5490
856	5492
852	5494
847	5497
843	5501
838	5502
832	5502
828	5505
823	5506
818	5507
813	5509
808	5509
803	5512
798	5515
794	5518
789	5520
784	5522
779	5523
774	5525
770	5527
765	5530
760	5534
757	5541
752	5544
747	5547
743	5551
738	5554
733	5556
728	5557
723	5557
718	5559
713	5561
708	5563
704	5566
699	5570
695	5574
690	5576
685	5577
679	5577
674	5576
669	5576
664	5577
659	5580
654	5584
650	5587
645	5589
640	5591
635	5593
630	5594
625	5596
620	5598
615	5600
610	5603
605	5604
600	5605
595	5606
590	5609
585	5610
580	5610
575	5612
570	5613
564	5613
559	5614
554	5613
548	5610
543	5611
538	5614
533	5615
528	5616
523	5620
519	5624
513	5624
508	5624
503	5626
498	5628
493	5630
488	5631
483	5632
477	5630
472	5630
466	5626
461	5626
456	5630
451	5632
446	5634
441	5635
436	5635
431	5637
426	5640
421	5641
416	5642
410	5642
405	5643
400	5644
395	5644
389	5643
385	5645
379	5647
374	5648
369	5647
364	5647
358	5647
353	5648
348	5646
343	5648
338	5651
333	5654
328	5656
323	5658
318	5659
312	5660
308	5665
303	5667
297	5668
292	5668
287	5669
282	5672
277	5673
272	5675
267	5675
261	5677
256	5676
251	5674
245	5674
240	5674
235	5675
176	5004
172	5004
167	5005
163	5004
158	5001
154	4999
149	4999
145	5000
141	4998
136	4991
131	4983
127	4982
122	4974
117	4973
113	4973
109	4975
105	4979
101	4980
96	4982
92	4987
88	4996
84	4997
80	4997
75	4996
71	4998
67	5001
62	5002
58	5002
73	5700
67	5671
62	5672
57	5674
52	5677
46	5679
41	5682
36	5683
31	5682
26	5681
20	5679
15	5678
10	5676
4	5671
-1	5671
-6	5672
-11	5674
-16	5676
-22	5678
-27	5677
-32	5677
-37	5676
-43	5676
-48	5677
-53	5679
-58	5680
-63	5681
-69	5682
-74	5683
-79	5687
-84	5690
-90	5692
-95	5694
-100	5697
-106	5698
-111	5698
-116	5697
-121	5699
-127	5701
-132	5703
-137	5705
-142	5706
-148	5707
-153	5707
-158	5711
-164	5712
-169	5712
-174	5715
-180	5716
-185	5716
-190	5716
-195	5716
-201	5715
-206	5716
-211	5717
-217	5717
-222	5718
-227	5718
-233	5718
-238	5718
-243	5721
-248	5719
-254	5717
-259	5715
-264	5714
-269	5714
-275	5714
-280	5714
-285	5714
-291	5712
-296	5712
-301	5712
-306	5711
-311	5709
-317	5708
-322	5708
-327	5706
-332	5705
-338	5705
-343	5704
-348	5704
-354	5704
-359	5704
-364	5702
-369	5700
-374	5701
-380	5699
-385	5695
-390	5693
-395	5690
-400	5688
-405	5685
-410	5683
-415	5681
-420	5680
-425	5679
-431	5680
-436	5681
-441	5679
-446	5679
-452	5678
-457	5681
-463	5681
-468	5684
-474	5687
-479	5688
-485	5690
-490	5692
-495	5692
-501	5693
-506	5693
-512	5695
-517	5693
-522	5692
-527	5692
-532	5690
-537	5687
-543	5686
-548	5687
-553	5688
-559	5688
-564	5689
-569	5688
-575	5688
-580	5688
-585	5686
-590	5685
-596	5685
-601	5684
-606	5683
-611	5681
-616	5680
-622	5681
-627	5679
-632	5678
-637	5673
-642	5671
-647	5669
-652	5670
-658	5670
-662	5667
-668	5666
-673	5665
-678	5662
-683	5661
-688	5660
-693	5659
-698	5653
-702	5649
-707	5646
-712	5643
-717	5640
-722	5638
-727	5638
-732	5636
-737	5636
-743	5636
-748	5636
-753	5634
-758	5633
-763	5632
-768	5629
-773	5628
-778	5627
-784	5628
-789	5629
-795	5629
-800	5628
-805	5628
-811	5629
-816	5629
-821	5628
-826	5626
-831	5624
-836	5623
-842	5623
-847	5621
-852	5619
-857	5617
-862	5615
-867	5615
-872	5614
-877	5612
-882	5611
-888	5611
-893	5610
-898	5610
-903	5609
-909	5608
-913	5606
-918	5603
-923	5601
-928	5599
-933	5597
-938	5595
-943	5593
-948	5591
-953	5592
-959	5593
-964	5592
-969	5590
-974	5588
-979	5586
-983	5582
-988	5580
-994	5579
-999	5581
-1005	5581
-1010	5581
-1015	5580
-1020	5579
-1025	5577
-1030	5574
-1035	5570
-1039	5568
-1044	5566
-1049	5563
-1054	5561
-1059	5561
-1065	5561
-1069	5558
-1074	5555
-1080	5557
-1084	5554
-1089	5551
-1094	5551
-1100	5551
-1105	5550
-1110	5550
-1116	5549
-1121	5548
-1126	5548
-1131	5547
-1136	5545
-1141	5542
-1146	5542
-1152	5542
-1157	5542
-1162	5540
-1167	5536
-1171	5534
-1177	5533
-1182	5532
-1187	5530
-1191	5528
-1196	5525
-1201	5522
-1206	5523
-1212	5523
-1217	5523
-1223	5523
-1228	5521
-1234	5523
-1238	5519
-1242	5514
-1247	5511
-1252	5510
-1256	5506
-1261	5503
-1265	5499
-1270	5497
-1274	5494
-1279	5491
-1282	5485
-1287	5482
-1291	5477
-1295	5473
-1300	5471
-1304	5468
-1309	5465
-1313	5462
-1318	5458
-1322	5456
-1327	5453
-1332	5451
-1337	5450
-1341	5447
-1346	5443
-1350	5441
-1355	5438
-1359	5436
-1364	5434
-1369	5431
-1374	5430
-1378	5427
-1383	5426
-1389	5426
-1394	5425
-1399	5424
-1404	5422
-1409	5419
-1414	5417
-1419	5417
-1424	5415
-1429	5413
-1434	5412
-1439	5411
-1444	5410
-1448	5406
-1452	5401
-1456	5398
-1460	5394
-1465	5392
-1470	5391
-1475	5389
-1479	5386
-1483	5382
-1487	5378
-1492	5374
-1496	5371
-1501	5369
-1505	5367
-1511	5368
-1517	5368
-1522	5366
-1527	5365
-1532	5363
-1536	5360
-1541	5359
-1547	5359
-1552	5358
-1558	5358
-1562	5355
-1567	5354
-1573	5354
-1576	5349
-1581	5346
-1586	5345
-1591	5344
-1596	5343
-1601	5341
-1606	5340
-1611	5338
-1616	5335
-1620	5333
-1625	5331
-1630	5330
-1635	5328
-1640	5326
-1645	5324
-1649	5321
-1653	5316
-1658	5315
-1663	5314
-1668	5312
-1672	5307
-1675	5303
-1680	5301
-1685	5300
-1690	5299
-1695	5297
-1701	5296
-1705	5294
-1710	5291
-1715	5290
-1718	5284
-1723	5282
-1727	5280
-1732	5278
-1737	5276
-1742	5275
-1747	5272
-1751	5269
-1755	5265
-1759	5262
-1764	5260
-1769	5258
-1774	5257
-1779	5256
-1785	5255
-1789	5253
-1794	5251
-1799	5248
-1803	5246
-1808	5244
-1812	5240
-1815	5236
-1819	5231
-1824	5230
-1829	5229
-1834	5226
-1838	5222
-1842	5220
-1847	5218
-1852	5216
-1856	5213
-1860	5209
-1865	5206
-1869	5203
-1873	5201
-1878	5199
-1883	5197
-1887	5193
-1890	5188
-1894	5184
-1898	5180
-1902	5177
-1906	5174
-1910	5171
-1914	5166
-1916	5160
-1920	5157
-1924	5153
-1928	5149
-1933	5147
-1935	5141
-1937	5133
-1940	5128
-1944	5125
-1949	5123
-1953	5121
-1958	5118
-1962	5115
-1966	5113
-1971	5110
-1974	5105
-1978	5102
-1983	5100
-1987	5097
-1992	5095
-1996	5092
-2000	5089
-2004	5086
-2008	5082
-2013	5080
-2018	5079
-2023	5077
-2027	5073
-2030	5069
-2035	5067
-2039	5064
-2045	5063
-2049	5060
-2053	5057
-2058	5055
-2061	5051
-2065	5047
-2069	5044
-2073	5041
-2078	5039
-2081	5035
-2085	5031
-2088	5026
-2091	5022
-2097	5021
-2100	5015
-2103	5012
-2107	5007
-2111	5004
-2114	5000
-2117	4995
-2120	4991
-2124	4986
-2127	4983
-2131	4978
-2133	4973
-2137	4969
-2140	4965
-2144	4961
-2147	4956
-2150	4952
-2154	4948
-2158	4946
-2162	4942
-2166	4939
-2170	4937
-2174	4933
-2177	4928
-2181	4925
-2185	4922
-2189	4919
-2193	4916
-2197	4912
-2200	4909
-2204	4904
-2207	4900
-2212	4898
-2216	4895
-2220	4892
-2223	4887
-2225	4882
-2230	4879
-2235	4878
-2240	4877
-2244	4874
-2247	4870
-2251	4865
-2255	4862
-2259	4859
-2262	4856
-2267	4853
-2270	4849
-2274	4845
-2278	4842
-2281	4839
-2285	4835
-2289	4832
-2293	4828
-2296	4825
-2300	4821
-2303	4817
-2307	4813
-2310	4809
-2312	4803
-2315	4800
-2318	4795
-2322	4791
-2326	4788
-2329	4785
-2333	4781
-2335	4776
-2337	4769
-2339	4764
-2343	4761
-2347	4758
-2351	4754
-2353	4750
-2358	4747
-2363	4745
-2365	4741
-2368	4735
-2372	4732
-2375	4728
-2378	4724
-2381	4719
-2384	4715
-2388	4712
-2391	4708
-2395	4705
-2399	4701
-2402	4698
-2406	4695
-2408	4689
-2411	4685
-2416	4683
-2419	4679
-2422	4674
-2425	4671
-2428	4666
-2431	4662
-2436	4660
-2438	4655
-2440	4650
-2443	4645
-2448	4643
-2452	4641
-2455	4636
-2459	4633
-2463	4631
-2466	4626
-2468	4621
-2472	4618
-2476	4614
-2479	4610
-2481	4606
-2485	4602
-2489	4599
-2492	4595
-2495	4592
-2499	4588
-2501	4583
-2504	4578
-2506	4573
-2510	4571
-2514	4568
-2515	4561
-2519	4558
-2523	4555
-2527	4553
-2531	4549
-2535	4546
-2539	4544
-2543	4540
-2547	4537
-2552	4535
-2555	4531
-2558	4527
-2561	4523
-2563	4518
-2564	4512
-2567	4508
-2569	4502
-2571	4497
-2575	4494
-2579	4491
-2583	4488
-2585	4483
-2589	4480
-2591	4475
-2594	4471
-2597	4467
-2599	4462
-2601	4458
-2604	4454
-2605	4447
-2608	4442
-2610	4438
-2613	4434
-2615	4429
-2619	4426
-2624	4424
-2626	4419
-2627	4413
-2630	4408
-2633	4405
-2637	4402
-2640	4398
-2645	4396
-2649	4394
-2648	4385
-2650	4380
-2654	4377
-2657	4374
-2661	4371
-2664	4367
-2667	4363
-2670	4359
-2674	4356
-2678	4352
-2682	4350
-2683	4344
-2685	4339
-2687	4334
-2689	4330
-2691	4325
-2694	4321
-2696	4316
-2699	4312
-2702	4307
-2704	4303
-2705	4297
-2706	4291
-2709	4287
-2712	4283
-2716	4280
-2720	4278
-2725	4276
-2729	4273
-2733	4270
-2737	4267
-2741	4264
-2746	4262
-2751	4260
-2753	4256
-2756	4252
-2759	4248
-2760	4242
-2760	4236
-2763	4231
-2766	4228
-2768	4223
-2772	4219
-2774	4215
-2777	4212
-2781	4208
-2783	4204
-2786	4200
-2788	4195
-2791	4191
-2793	4187
-2795	4182
-2797	4177
-2800	4173
-2801	4168
-2800	4160
-2802	4155
-2805	4152
-2808	4147
-2811	4144
-2811	4138
-2814	4133
-2815	4128
-2818	4124
-2821	4120
-2823	4116
-2824	4111
-2827	4106
-2828	4101
-2830	4096
-2832	4092
-2834	4087
-2836	4083
-2840	4079
-2843	4076
-2840	4067
-2843	4063
-2846	4060
-2848	4055
-2851	4051
-2854	4047
-2855	4042
-2856	4037
-2859	4032
-2859	4026
-2860	4021
-2863	4018
-2865	4013
-2866	4008
-2867	4002
-2870	3999
-2869	3992
-2875	3991
-2876	3985
-2873	3976
-2878	3974
-2882	3971
-2885	3968
-2886	3963
-2885	3956
-2886	3950
-2887	3945
-2889	3940
-2891	3936
-2892	3931
-2891	3924
-2893	3920
-2895	3915
-2895	3910
-2896	3904
-2899	3900
-2901	3896
-2902	3891
-2904	3887
-2907	3883
-2909	3879
-2910	3873
-2909	3866
-2908	3860
-2910	3856
-2915	3853
-2919	3850
-2920	3845
-2921	3840
-2922	3835
-2924	3831
-2927	3827
-2928	3822
-2927	3816
-2927	3810
-2931	3807
-2935	3804
-2933	3797
-2934	3792
-2936	3787
-2934	3780
-2937	3777
-2940	3773
-2942	3768
-2944	3764
-2946	3760
-2948	3756
-2949	3751
-2950	3746
-2951	3741
-2954	3737
-2957	3734
-2958	3729
-2959	3724
-2962	3720
-2962	3714
-2963	3709
-2965	3705
-2967	3701
-2971	3698
-2974	3695
-2974	3689
-2972	3682
-2971	3676
-2975	3673
-2978	3670
-2980	3665
-2980	3660
-2981	3655
-2981	3649
-2979	3642
-2977	3635
-2976	3629
-2978	3625
-2982	3622
-2983	3617
-2985	3613
-2987	3609
-2987	3603
-2985	3597
-2982	3590
-2982	3584
-2987	3581
-2991	3579
-2993	3575
-2988	3566
-2990	3562
-2991	3557
-2991	3552
-2990	3545
-2990	3540
-2991	3536
-2992	3531
-2992	3525
-2991	3520
-2992	3515
-2993	3510
-2994	3505
-2995	3501
-2997	3497
-2999	3493
-3002	3489
-3005	3486
-3005	3480
-3006	3476
-3005	3470
-3005	3464
-3006	3460
-3008	3456
-3006	3450
-3006	3444
-3005	3438
-3006	3434
-3010	3431
-3013	3427
-3014	3423
-3015	3418
-3014	3413
-3017	3409
-3015	3402
-3016	3398
-3017	3394
-3017	3388
-3018	3384
-3020	3380
-3021	3375
-3021	3370
-3020	3364
-3022	3360
-3024	3356
-3022	3350
-3025	3347
-3026	3342
-3026	3337
-3028	3333
-3029	3329
-3030	3324
-3031	3319
-3032	3315
-3034	3311
-3034	3306
-3033	3300
-3033	3296
-3036	3292
-3038	3288
-3035	3282
-3036	3277
-3038	3273
-3040	3269
-3041	3265
-3042	3260
-3043	3256
-3045	3252
-3047	3248
-3047	3243
-3046	3237
-3046	3232
-3046	3227
-3046	3222
-3045	3217
-3044	3211
-3043	3206
-3040	3200
-3039	3194
-3040	3190
-3041	3186
-3041	3181
-3041	3176
-3042	3171
-3043	3167
-3043	3162
-3043	3157
-3045	3153
-3045	3149
-3046	3144
-3045	3139
-3044	3133
-3044	3129
-3043	3123
-3042	3118
-3042	3113
-3042	3109
-3043	3104
-3042	3099
-3042	3094
-3041	3089
-3041	3084
-3039	3078
-3037	3073
-3037	3068
-3038	3064
-3039	3060
-3038	3054
-3037	3049
-3037	3045
-3037	3040
-3036	3035
-3036	3030
-3035	3025
-3034	3020
-3035	3015
-3037	3011
-3038	3008
-3040	3004
-3040	2999
-3039	2994
-3038	2989
-3036	2983
-3036	2979
-3035	2974
-3036	2969
-3037	2965
-3037	2961
-3037	2956
-3037	2951
-3038	2947
-3037	2942
-3038	2938
-3038	2933
-3039	2929
-3037	2924
-3036	2919
-3035	2914
-3037	2910
-3037	2906
-3037	2901
-3035	2896
-3033	2890
-3032	2885
-3031	2881
-3030	2876
-3029	2871
-3029	2866
-3030	2862
-3031	2858
-3029	2853
-3028	2848
-3028	2843
-3029	2839
-3026	2834
-3026	2829
-3027	2825
-3028	2821
-3029	2817
-3028	2812
-3027	2807
-3026	2802
-3024	2797
-3023	2793
-3023	2788
-3023	2784
-3023	2779
-3022	2775
-3022	2770
-3021	2765
-3021	2761
-3022	2757
-3022	2752
-3020	2748
-3020	2743
-3020	2739
-3022	2735
-3021	2730
-3019	2725
-3017	2720
-3016	2715
-3014	2711
-3014	2706
-3012	2701
-3012	2697
-3010	2692
-3009	2687
-3009	2683
-3009	2679
-3008	2674
-3008	2670
-3009	2666
-3008	2661
-3007	2657
-3007	2652
-3007	2648
-3004	2643
-3005	2639
-3005	2635
-3005	2630
-3002	2625
-3000	2620
-3001	2616
-3003	2613
-3004	2609
-2999	2603
-2999	2599
-3001	2595
-3005	2592
-3005	2588
-3002	2583
-3001	2578
-3000	2574
-2996	2569
-2994	2564
-2993	2559
-2992	2555
-2991	2550
-2991	2546
-2988	2541
-2986	2536
-2988	2533
-2988	2529
-2987	2524
-2985	2519
-2986	2516
-2981	2510
-2983	2507
-2985	2503
-2984	2499
-2982	2494
-2983	2490
-2983	2486
-2982	2481
-2983	2478
-2983	2474
-2978	2468
-2974	2463
-2973	2459
-2972	2454
-2971	2450
-2971	2446
-2969	2441
-2967	2437
-2968	2433
-2968	2429
-2968	2425
-2966	2420
-2964	2416
-2964	2412
-2965	2408
-2965	2404
-2964	2400
-2961	2395
-2959	2390
-2959	2386
-2954	2381
-2952	2377
-2954	2373
-2953	2369
-2953	2365
-2954	2361
-2954	2357
-2952	2353
-2951	2349
-2948	2344
-2948	2340
-2944	2335
-2940	2330
-2940	2326
-2942	2323
-2942	2319
-2941	2314
-2941	2311
-2942	2307
-2942	2303
-2944	2299
-2943	2295
-2944	2291
-2942	2287
-2939	2283
-2940	2279
-2941	2275
-2941	2271
-2934	2266
-2931	2261
-2933	2258
-2932	2254
-2931	2250
-2926	2245
-2926	2241
-2926	2237
-2923	2232
-2923	2229
-2923	2225
-2924	2221
-2922	2217
-2916	2212
-2915	2208
-2915	2204
-2917	2200
-2912	2196
-2914	2192
-2913	2188
-2912	2184
-2910	2180
-2911	2176
-2909	2172
-2910	2168
-2908	2164
-2905	2160
-2905	2156
-2905	2152
-2903	2148
-2901	2144
-2901	2140
-2899	2136
-2899	2132
-2898	2128
-2895	2124
-2896	2120
-2894	2116
-2894	2112
-2893	2109
-2893	2105
-2893	2101
-2893	2097
-2890	2093
-2888	2089
-2887	2085
-2884	2081
-2886	2077
-2886	2074
-2885	2070
-2883	2066
-2884	2062
-2885	2058
-2886	2055
-2881	2050
-2878	2046
-2878	2042
-2881	2039
-2882	2036
-2880	2031
-2875	2027
-2874	2023
-2873	2019
-2871	2016
-2873	2012
-2875	2009
-2875	2005
-2873	2001
-2871	1997
-2870	1993
-2869	1989
-2870	1986
-2866	1981
-2863	1977
-2859	1973
-2857	1969
-2858	1966
-2855	1962
-2854	1958
-2852	1954
-2851	1950
-2850	1947
-2848	1943
-2847	1939
-2848	1935
-2848	1932
-2847	1928
-2846	1924
-2844	1920
-2843	1917
-2842	1913
-2839	1909
-2836	1905
-2838	1902
-2833	1897
-2831	1894
-2837	1891
-2837	1887
-2838	1883
-2837	1880
-2837	1876
-2836	1872
-2834	1868
-2831	1865
-2826	1861
-2826	1857
-2830	1854
-2825	1850
-2823	1846
-2824	1842
-2824	1839
-2824	1835
-2824	1832
-2822	1828
-2821	1824
-2821	1820
-2821	1817
-2819	1813
-2816	1809
-2814	1806
-2814	1802
-2815	1799
-2815	1795
-2812	1791
-2813	1788
-2810	1784
-2807	1780
-2806	1777
-2806	1773
-2807	1769
-2806	1766
-2804	1762
-2798	1758
-2797	1755
-2798	1751
-2796	1748
-2797	1744
-2797	1740
-2795	1737
-2794	1733
-2793	1730
-2793	1726
-2791	1722
-2791	1719
-2790	1715
-2789	1712
-2787	1708
-2787	1705
-2786	1701
-2786	1697
-2785	1694
-2784	1690
-2782	1687
-2782	1683
-2779	1680
-2778	1676
-2778	1673
-2775	1669
-2775	1665
-2775	1662
-2776	1658
-2775	1655
-2774	1651
-2774	1648
-2772	1644
-2772	1641
-2770	1637
-2769	1634
-2766	1630
-2767	1627
-2766	1623
-2764	1620
-2762	1616
-2759	1613
-2754	1609
-2751	1606
-2751	1602
-2751	1599
-2747	1595
-2745	1592
-2744	1588
-2747	1585
-2749	1581
-2749	1578
-2747	1574
-2745	1571
-2746	1567
-2745	1564
-2744	1560
-2743	1557
-2741	1553
-2739	1550
-2738	1547
-2735	1543
-2734	1540
-2736	1536
-2737	1533
-2736	1529
-2732	1526
-2728	1523
-2727	1519
-2728	1516
-2727	1512
-2725	1509
-2724	1505
-2723	1502
-2722	1499
-2722	1495
-2723	1491
-2723	1488
-2722	1485
-2720	1481
-2720	1478
-2720	1474
-2718	1471
-2715	1468
-2715	1464
-2715	1461
-2714	1457
-2712	1454
-2712	1450
-2713	1447
-2711	1443
-2710	1440
-2710	1437
-2708	1433
-2705	1430
-2703	1427
-2702	1423
-2703	1420
-2701	1417
-2698	1413
-2697	1410
-2697	1407
-2695	1403
-2695	1400
-2695	1396
-2692	1393
-2692	1390
-2691	1386
-2691	1383
-2690	1379
-2689	1376
-2689	1373
-2687	1369
-2687	1366
-2688	1362
-2686	1359
-2686	1356
-2683	1352
-2683	1349
-2683	1345
-2683	1342
-2683	1338
-2682	1335
-2681	1332
-2676	1329
-2676	1325
-2676	1322
-2674	1319
-2671	1316
-2670	1312
-2670	1309
-2669	1306
-2668	1302
-2669	1299
-2668	1295
-2668	1292
-2667	1288
-2666	1285
-2665	1282
-2665	1278
-2663	1275
-2662	1272
-2660	1269
-2659	1265
-2659	1262
-2659	1258
-2657	1255
-2656	1252
-2654	1249
-2653	1245
-2652	1242
-2650	1239
-2650	1235
-2649	1232
-2649	1229
-2644	1226
-2642	1223
-2643	1219
-2641	1216
-2640	1213
-2638	1210
-2636	1206
-2636	1203
-2636	1200
-2635	1196
-2634	1193
-2633	1190
-2633	1186
-2633	1183
-2631	1180
-2629	1177
-2628	1173
-2626	1170
-2625	1167
-2623	1164
-2622	1160
-2625	1156
-2624	1153
-2622	1150
-2622	1147
-2619	1144
-2618	1140
-2616	1137
-2615	1134
-2614	1131
-2613	1127
-2614	1124
-2612	1121
-2613	1117
-2611	1114
-2609	1111
-2607	1108
-2605	1105
-2604	1101
-2606	1098
-2605	1094
-2604	1091
-2602	1088
-2600	1085
-2599	1082
-2598	1078
-2597	1075
-2595	1072
-2593	1069
-2591	1066
-2591	1063
-2591	1059
-2589	1056
-2588	1053
-2587	1050
-2586	1046
-2584	1043
-2580	1041
-2579	1038
-2577	1035
-2576	1031
-2575	1028
-2573	1025
-2571	1022
-2570	1019
-2568	1016
-2566	1013
-2565	1010
-2564	1006
-2562	1003
-2561	1000
-2559	997
-2559	994
-2558	990
-2557	987
-2558	983
-2556	980
-2552	978
-2550	975
-2548	972
-2548	969
-2546	966
-2546	962
-2546	959
-2543	956
-2540	953
-2538	950
-2538	947
-2536	944
-2536	940
-2533	938
-2532	935
-2531	931
-2531	928
-2531	924
-2530	921
-2528	918
-2527	915
-2527	911
-2526	908
-2525	905
-2524	902
-2522	899
-2521	896
-2519	893
-2517	890
-2515	887
-2514	884
-2514	880
-2515	876
-2513	873
-2511	871
-2509	868
-2508	864
-2507	861
-2507	858
-2505	855
-2504	851
-2503	848
-2503	845
-2503	841
-2502	838
-2501	835
-2498	832
-2496	829
-2496	826
-2496	822
-2495	819
-2491	817
-2489	814
-2489	810
-2489	807
-2488	804
-2485	801
-2484	798
-2486	793
-2489	789
-2487	786
-2483	784
-2483	780
-2482	777
-2478	775
-2476	772
-2476	768
-2476	765
-2475	761
-2474	758
-2474	755
-2472	752
-2471	748
-2468	746
-2466	743
-2466	740
-2465	736
-2464	733
-2464	730
-2463	726
-2462	723
-2461	720
-2460	717
-2459	713
-2458	710
-2458	706
-2456	703
-2455	700
-2454	697
-2452	694
-2450	691
-2449	688
-2448	685
-2447	681
-2446	678
-2445	675
-2443	672
-2442	669
-2442	665
-2438	664
-2436	660
-2436	657
-2436	653
-2436	650
-2434	646
-2433	643
-2431	641
-2431	637
-2430	634
-2429	631
-2427	627
-2426	624
-2424	621
-2423	618
-2423	615
-2421	612
-2419	609
-2417	606
-2415	603
-2414	600
-2411	597
-2410	594
-2410	590
-2409	587
-2407	585
-2406	581
-2406	577
-2406	574
-2404	571
-2403	568
-2402	564
-2401	561
-2399	559
-2398	555
-2396	552
-2396	549
-2395	545
-2394	542
-2393	538
-2392	535
-2390	532
-2389	529
-2387	526
-2387	523
-2385	520
-2384	516
-2383	513
-2381	510
-2379	508
-2378	504
-2378	500
-2376	498
-2374	495
-2374	491
-2372	488
-2372	484
-2370	482
-2369	478
-2369	475
-2367	472
-2365	469
-2365	465
-2364	462
-2362	459
-2363	455
-2361	452
-2359	449
-2356	447
-2353	445
-2352	441
-2351	438
-2350	434
-2350	430
-2349	427
-2345	425
-2344	422
-2342	419
-2341	416
-2341	412
-2339	409
-2338	406
-2336	403
-2331	402
-2331	398
-2331	394
-2330	391
-2328	388
-2327	385
-2326	381
-2326	378
-2326	374
-2323	371
-2320	369
-2320	365
-2320	361
-2318	358
-2316	355
-2314	353
-2313	349
-2311	347
-2309	344
-2308	340
-2307	337
-2306	334
-2303	331
-2301	329
-2299	326
-2298	322
-2297	319
-2297	315
-2296	312
-2294	309
-2293	305
-2291	303
-2288	300
-2286	298
-2283	295
-2281	292
-2281	289
-2280	285
-2277	283
-2276	279
-2275	276
-2272	274
-2271	271
-2270	267
-2271	263
-2269	260
-2268	256
-2267	253
-2265	250
-2264	247
-2264	243
-2262	240
-2260	237
-2258	234
-2258	230
-2257	227
-2256	223
-2253	221
-2251	218
-2247	216
-2245	214
-2242	212
-2243	207
-2244	202
-2244	198
-2241	196
-2238	194
-2238	190
-2237	186
-2234	183
-2233	180
-2232	176
-2234	171
-2232	168
-2230	165
-2228	163
-2226	160
-2223	158
-2218	157
-2214	156
-2210	154
-2207	152
-2204	150
-2201	148
-2197	146
-2194	145
-2190	143
-2187	141
-2185	138
-2183	135
-2181	132
-2180	129
-2180	125
-2179	121
-2178	118
-2176	115
-2175	112
-2172	109
-2170	106
-2170	102
-2169	99
-2167	96
-2166	92
-2164	89
-2162	87
-2160	84
-2159	81
-2160	75
-2159	71
-2158	68
-2156	65
-2154	62
-2154	58
-2152	55
-2150	52
-2148	49
-2148	45
-2147	41
-2146	37
-2145	34
-2143	31
-2142	28
-2141	24
-2140	21
-2138	17
-2138	13
-2137	9
-2135	6
-2133	3
-2132	-0
-2131	-4
-2131	-8
-2130	-12
-2128	-15
-2125	-17
-2123	-20
-2122	-23
-2122	-28
-2122	-33
-2120	-36
-2117	-38
-2116	-41
-2117	-47
-2115	-50
-2114	-54
-2112	-57
-2109	-59
-2108	-63
-2108	-67
-2108	-71
-2106	-75
-2105	-78
-2103	-81
-2101	-84
-2101	-88
-2099	-92
-2098	-96
-2097	-100
-2097	-104
-2093	-106
-2092	-109
-2091	-113
-2089	-116
-2087	-119
-2086	-123
-2085	-127
-2084	-130
-2063	-116
-2058	-117
-2054	-118
-2051	-120
-2048	-122
-2046	-125
-2042	-126
-2039	-128
-2036	-130
-2035	-134
-2031	-135
-2026	-135
-2022	-136
-2019	-138
-2014	-138
-2004	-134
-1998	-132
-1993	-133
-1987	-132
-1983	-133
-1982	-136
-1981	-141
-1979	-143
-1970	-140
-1960	-135
-1953	-133
-1946	-131
-1941	-131
-1937	-131
-1935	-134
-1928	-132
-1922	-132
-1919	-133
-1916	-135
-1914	-137
-1911	-140
-1910	-143
-1909	-147
-1901	-144
-1894	-142
-1890	-143
-1886	-144
-1883	-145
-1879	-146
-1874	-146
-1868	-144
-1864	-145
-1861	-146
-1856	-146
-1851	-146
-1848	-148
-1845	-149
-1841	-150
-1830	-144
-1824	-143
-1821	-144
-1815	-142
-1808	-140
-1802	-138
-1796	-137
-1781	-126
-1775	-125
-1771	-125
-1767	-125
-1763	-126
-1761	-128
-1761	-133
-1762	-139
-1761	-143
-1758	-145
-1755	-145
-1751	-146
-1747	-147
-1743	-148
-1742	-151
-1740	-153
-1736	-154
-1734	-156
-1729	-156
-1726	-158
-1723	-158
-1718	-158
-1713	-158
-1707	-156
-1703	-156
-1698	-155
-1694	-156
-1693	-159
-1695	-166
-1688	-163
-1682	-161
-1673	-156
-1667	-154
-1662	-153
-1658	-153
-1655	-154
-1648	-152
-1633	-139
-1627	-136
-1622	-136
-1619	-137
-1618	-141
-1618	-145
-1618	-150
-1615	-152
-1614	-155
-1611	-156
-1606	-155
-1602	-156
-1598	-156
-1594	-156
-1590	-156
-1585	-155
-1582	-156
-1578	-156
-1574	-157
-1571	-158
-1568	-158
-1564	-159
-1556	-154
-1548	-149
-1542	-146
-1539	-147
-1536	-149
-1533	-150
-1529	-151
-1526	-152
-1523	-153
-1522	-156
-1519	-157
-1516	-159
-1513	-160
-1511	-162
-1507	-162
-1502	-161
-1498	-160
-1491	-156
-1486	-155
-1482	-155
-1479	-156
-1477	-158
-1474	-159
-1474	-164
-1470	-164
-1465	-163
-1462	-163
-1458	-163
-1454	-163
-1444	-155
-1436	-149
-1431	-147
-1427	-147
-1424	-147
-1421	-149
-1418	-150
-1415	-150
-1412	-151
-1410	-154
-1407	-155
-1404	-156
-1400	-155
-1395	-154
-1392	-154
-1388	-154
-1385	-155
-1381	-155
-1378	-155
-1375	-156
-1373	-158
-1368	-157
-1364	-156
-1361	-156
-1357	-156
-1353	-156
-1350	-157
-1348	-159
-1345	-160
-1341	-159
-1337	-159
-1336	-161
-1334	-164
-1331	-166
-1329	-168
-1325	-167
-1321	-166
-1317	-165
-1312	-164
-1309	-164
-1305	-164
-1301	-162
-1294	-157
-1288	-154
-1287	-158
-1289	-166
-1290	-173
-1290	-177
-1287	-178
-1281	-175
-1278	-175
-1274	-175
-1270	-174
-1266	-173
-1263	-173
-1259	-173
-1258	-176
-1255	-177
-1249	-173
-1245	-171
-1242	-173
-1239	-174
-1237	-175
-1235	-178
-1230	-176
-1227	-176
-1224	-177
-1221	-177
-1218	-177
-1215	-179
-1213	-180
-1209	-179
-1206	-179
-1202	-178
-1198	-178
-1196	-179
-1193	-180
-1189	-180
-1186	-180
-1182	-178
-1179	-180
-1176	-180
-1173	-180
-1169	-180
-1166	-180
-1163	-179
-1159	-179
-1156	-180
-1153	-180
-1149	-179
-1146	-180
-1143	-180
-1141	-182
-1137	-181
-1133	-179
-1130	-180
-1127	-180
-1124	-180
-1120	-180
-1117	-180
-1112	-176
-1108	-175
-1106	-176
-1103	-178
-1101	-179
-1098	-180
-1096	-182
-1093	-181
-1089	-181
-1087	-182
-1083	-181
-1079	-181
-1076	-180
-1071	-177
-1063	-167
-1059	-166
-1057	-168
-1055	-171
-1054	-174
-1053	-178
-1049	-177
-1048	-180
-1045	-182
-1043	-182
-1039	-182
-1036	-181
-1033	-182
-1029	-180
-1024	-177
-1020	-174
-1016	-173
-1015	-176
-1012	-177
-1009	-176
-1006	-177
-1003	-178
-998	-173
-993	-169
-990	-169
-986	-167
-981	-164
-979	-165
-976	-166
-974	-168
-972	-169
-969	-170
-967	-171
-965	-174
-963	-176
-960	-176
-957	-175
-952	-173
-949	-172
-930	-139
-930	-143
-930	-150
-929	-155
-926	-155
-924	-157
-922	-159
-919	-158
-914	-154
-908	-146
-903	-142
-899	-141
-897	-141
-894	-141
-892	-143
-890	-145
-889	-150
-889	-157
-887	-159
-884	-159
-881	-158
-875	-151
-870	-146
-866	-144
-864	-144
-861	-144
-858	-144
-855	-144
-852	-144
-779	1
-776	2
-773	2
-770	3
-767	4
-765	4
-762	4
-760	3
-757	4
-754	5
-752	4
-750	2
-748	2
-745	3
-742	3
-740	4
-737	3
-735	2
-734	-1
-734	-8
-734	-14
-731	-14
-727	-9
-723	-5
-720	-6
-720	-13
-720	-17
-719	-22
-720	-31
-747	-124
-746	-129
-745	-134
-744	-138
-742	-140
-740	-142
-738	-143
-735	-143
-733	-144
-731	-145
-728	-145
-726	-146
-723	-147
-721	-148
-718	-149
-716	-151
-714	-151
-712	-152
-709	-153
-707	-154
-704	-155
-702	-155
-699	-156
-697	-155
-694	-155
-691	-156
-689	-156
-686	-157
-684	-158
-682	-159
-680	-162
-677	-161
-673	-158
-671	-159
-670	-163
-669	-168
-667	-172
-665	-174
-663	-176
-660	-176
-658	-178
-656	-179
-653	-178
-650	-177
-648	-178
-645	-178
-642	-177
-639	-175
-635	-173
-633	-173
-630	-172
-626	-170
-623	-168
-621	-168
-620	-174
-618	-178
-616	-179
-613	-179
-611	-179
-608	-178
-605	-176
-602	-175
-599	-177
-597	-176
-583	-137
-580	-136
-577	-136
-575	-135
-572	-136
-571	-139
-569	-143
-568	-148
-567	-154
-565	-156
-562	-156
-560	-157
-558	-159
-556	-161
-554	-162
-552	-167
-551	-172
-550	-177
-548	-181
-546	-184
-544	-186
-541	-185
-539	-185
-536	-185
-534	-185
-531	-185
-528	-184
-526	-184
-523	-185
-520	-184
-518	-185
-516	-185
-513	-185
-510	-185
-508	-184
-505	-186
-503	-185
-500	-186
-497	-185
-495	-185
-493	-187
-490	-186
-487	-184
-484	-185
-482	-184
-479	-185
-477	-185
-474	-185
-472	-185
-469	-185
-466	-184
-464	-184
-461	-182
-458	-180
-455	-180
-453	-180
-450	-181
-448	-184
-446	-185
-443	-184
-441	-184
-438	-184
-436	-185
-433	-185
-431	-185
-428	-184
-426	-185
-423	-184
-420	-183
-418	-183
-416	-184
-413	-184
-410	-184
-408	-186
-406	-186
-403	-186
-400	-184
-398	-185
-395	-184
-393	-184
-390	-185
-388	-185
-385	-185
-383	-184
-380	-184
-378	-184
-375	-184
-373	-184
-370	-183
-368	-184
-365	-184
-363	-184
-360	-185
-358	-185
-355	-185
-353	-184
-350	-184
-348	-185
-345	-185
-343	-185
-340	-185
-338	-184
-335	-185
-333	-184
-330	-184
-328	-184
-325	-183
-323	-183
-320	-185
-318	-184
-315	-184
-313	-184
-310	-185
-308	-185
-305	-186
-303	-185
-300	-184
-298	-185
-295	-185
-293	-185
-291	-186
-288	-186
-286	-185
-283	-184
-280	-184
-278	-185
-276	-185
-273	-186
-271	-186
-268	-186
-266	-185
-263	-185
-261	-185
-258	-185
-256	-185
-253	-185
-251	-184
-248	-185
-246	-185
-244	-186
-241	-185
-239	-185
-236	-184
-234	-186
-231	-186
-229	-185
-226	-185
-224	-185
-221	-185
-219	-185
-216	-185
-214	-185
-211	-185
-209	-185
-206	-184
-204	-183
-201	-183
-199	-183
-197	-185
-194	-185
-192	-184
-189	-184
-187	-185
-184	-184
-182	-185
-179	-185
-177	-185
-175	-185
-172	-185
-170	-186
-167	-186
-165	-186
-162	-186
-160	-186
-157	-186
-155	-186
-153	-186
-150	-186
-148	-186
-145	-185
-143	-186
-140	-185
-138	-185
-135	-186
-133	-186
-131	-186
-128	-185
-126	-184
-123	-184
-121	-184
-118	-185
-116	-184
-113	-185
-111	-185
-108	-184
-106	-184
-104	-185
-101	-185
-99	-185
-96	-186
-94	-186
-91	-185
-89	-184
-86	-184
-84	-184
-82	-184
-79	-184
-74	-184
-72	-184
-69	-184
-67	-185
-64	-185
-62	-184
-60	-183
-57	-184
-55	-183
-52	-183
-50	-183
-47	-184
-45	-185
-42	-184
-40	-183
-38	-182
-35	-182
-33	-183
-30	-183
-28	-183
-25	-183
-23	-183
-20	-182
-18	-182
-16	-183
-13	-183
-11	-183
-8	-183
-6	-184
-3	-184
-1	-184
2	-182
4	-182
6	-183
9	-184
11	-185
14	-185
16	-185
19	-184
21	-183
24	-183
26	-184
29	-185
31	-185
33	-185
36	-184
38	-183
41	-184
43	-183
46	-183
48	-184
51	-184
53	-184
55	-183
58	-183
60	-184
63	-184
65	-185
68	-185
70	-184
73	-184
75	-183
78	-184
80	-184
83	-184
85	-185
87	-185
90	-184
92	-184
95	-184
97	-185
100	-185
102	-184
105	-183
107	-183
109	-183
112	-182
114	-182
117	-182
119	-182
122	-182
124	-184
127	-182
129	-182
132	-183
134	-184
137	-183
139	-184
142	-184
144	-183
146	-182
149	-182
152	-185
154	-185
157	-184
159	-184
161	-183
164	-182
166	-183
169	-184
171	-183
174	-183
176	-183
179	-183
181	-183
184	-184
186	-183
189	-183
191	-183
194	-183
196	-183
199	-183
201	-184
204	-184
206	-184
209	-183
211	-184
214	-184
216	-184
219	-184
221	-184
223	-182
226	-182
229	-184
231	-185
234	-185
236	-184
239	-183
241	-182
244	-184
246	-185
249	-184
251	-185
254	-185
256	-184
259	-183
261	-184
264	-184
267	-185
269	-185
271	-183
274	-184
277	-184
279	-183
281	-182
284	-182
286	-183
289	-183
291	-183
294	-183
296	-183
299	-182
302	-183
304	-184
307	-183
309	-183
312	-182
314	-181
317	-183
319	-183
322	-184
325	-184
327	-184
329	-182
332	-182
335	-183
337	-183
339	-181
342	-181
345	-182
347	-182
350	-183
353	-183
355	-184
358	-184
361	-185
364	-186
366	-186
368	-185
371	-184
374	-185
376	-183
378	-182
381	-184
384	-183
386	-184
389	-185
392	-185
394	-184
396	-183
399	-184
402	-184
404	-182
406	-182
409	-182
412	-182
415	-183
417	-184
420	-184
423	-185
425	-183
427	-182
430	-182
433	-182
435	-182
438	-182
440	-181
443	-181
446	-183
449	-184
452	-185
455	-186
457	-184
460	-185
462	-184
465	-184
467	-183
469	-182
472	-183
475	-183
477	-182
480	-181
483	-182
485	-182
488	-183
491	-183
494	-184
496	-182
499	-182
501	-181
504	-182
507	-182
510	-183
512	-182
515	-182
517	-183
520	-182
522	-180
524	-178
527	-178
530	-179
533	-180
536	-181
539	-182
541	-180
543	-178
545	-176
547	-173
549	-172
551	-171
554	-170
556	-168
558	-165
560	-164
562	-162
565	-163
568	-164
571	-165
574	-166
579	-172
583	-176
586	-177
589	-177
591	-176
594	-176
597	-176
599	-174
600	-172
602	-167
601	-157
600	-147
602	-145
604	-144
606	-142
609	-142
612	-144
617	-149
621	-154
625	-155
627	-155
629	-153
631	-151
632	-147
635	-145
637	-143
639	-143
642	-143
644	-142
647	-142
651	-145
654	-145
657	-145
660	-146
662	-146
666	-148
670	-152
674	-155
679	-159
682	-160
684	-159
686	-155
688	-154
691	-154
694	-154
696	-154
699	-154
702	-153
704	-152
707	-152
709	-151
712	-151
714	-149
716	-148
719	-147
721	-146
724	-146
726	-145
729	-144
731	-143
734	-142
736	-141
739	-140
741	-139
743	-137
745	-134
745	-130
746	-126
747	-120
748	-116
748	-110
747	-102
719	-22
718	-16
719	-11
720	-6
721	-4
724	-3
726	-3
729	-3
731	-2
732	1
734	4
736	5
739	5
741	6
744	4
755	-7
753	2
756	3
758	3
761	3
764	2
771	4
775	3
778	3
779	5
862	-135
865	-136
869	-137
873	-139
878	-143
884	-149
890	-154
892	-153
892	-147
893	-143
894	-140
896	-137
899	-136
901	-135
905	-137
925	-168
928	-169
932	-170
936	-171
939	-172
944	-174
948	-176
951	-176
956	-179
962	-184
967	-187
970	-187
972	-186
975	-186
978	-185
981	-185
985	-185
989	-187
992	-186
994	-185
998	-185
1000	-184
1002	-182
1004	-180
1008	-180
1011	-179
1014	-179
1016	-178
1020	-179
1023	-179
1027	-179
1031	-181
1035	-181
1038	-181
1041	-180
1043	-179
1046	-179
1050	-179
1054	-181
1057	-180
1060	-180
1063	-179
1066	-179
1069	-178
1073	-178
1075	-177
1078	-176
1081	-176
1084	-175
1087	-174
1089	-173
1095	-176
1100	-178
1102	-177
1104	-175
1107	-175
1110	-174
1113	-173
1117	-174
1121	-175
1125	-175
1128	-175
1130	-172
1131	-169
1134	-167
1136	-166
1138	-164
1139	-160
1139	-154
1138	-148
1139	-144
1141	-142
1144	-141
1148	-142
1151	-142
1155	-142
1173	-164
1182	-172
1186	-173
1190	-173
1194	-175
1198	-175
1201	-174
1204	-173
1209	-176
1213	-177
1216	-176
1219	-175
1222	-174
1226	-174
1230	-174
1235	-176
1240	-179
1244	-180
1248	-180
1253	-181
1256	-181
1260	-181
1263	-180
1265	-178
1268	-176
1270	-174
1273	-173
1276	-172
1278	-170
1281	-169
1288	-173
1291	-172
1294	-172
1297	-171
1303	-173
1315	-184
1319	-186
1324	-186
1329	-189
1333	-189
1336	-188
1339	-186
1341	-184
1343	-182
1345	-180
1348	-178
1351	-177
1356	-179
1362	-181
1366	-181
1373	-185
1379	-188
1381	-186
1384	-185
1387	-183
1390	-182
1394	-182
1397	-181
1399	-179
1400	-176
1402	-173
1406	-173
1413	-177
1421	-182
1424	-181
1428	-180
1430	-178
1431	-174
1435	-174
1440	-176
1445	-176
1448	-176
1449	-172
1451	-169
1457	-171
1467	-178
1469	-176
1471	-174
1473	-171
1475	-168
1477	-166
1480	-165
1485	-165
1488	-165
1493	-166
1498	-166
1499	-163
1501	-160
1504	-159
1508	-158
1512	-159
1517	-159
1522	-161
1528	-162
1532	-162
1536	-162
1540	-161
1545	-162
1550	-163
1554	-162
1557	-162
1560	-160
1563	-159
1568	-159
1572	-159
1578	-161
1582	-160
1586	-160
1591	-160
1596	-162
1605	-166
1608	-165
1604	-156
1611	-158
1619	-163
1624	-163
1629	-164
1635	-165
1638	-164
1640	-161
1643	-160
1647	-159
1650	-158
1654	-158
1660	-159
1669	-163
1677	-168
1681	-167
1685	-166
1692	-169
1695	-167
1697	-164
1700	-162
1704	-162
1708	-161
1711	-159
1714	-158
1719	-157
1726	-161
1734	-163
1736	-160
1739	-159
1744	-159
1747	-158
1750	-156
1752	-154
1756	-152
1759	-151
1763	-150
1768	-150
1776	-154
1785	-158
1788	-155
1791	-153
1794	-152
1800	-153
1806	-154
1810	-153
1813	-151
1817	-151
1823	-151
1829	-152
1835	-154
1843	-157
1846	-154
1852	-155
1856	-154
1862	-155
1868	-157
1872	-155
1875	-154
1878	-151
1880	-148
1885	-148
1892	-150
1899	-152
1901	-149
1902	-145
1905	-143
1909	-141
1911	-139
1913	-136
1914	-132
1916	-129
1918	-126
1923	-126
1931	-129
1934	-126
1936	-123
1941	-123
1948	-125
1954	-126
1959	-125
1966	-126
1971	-126
1982	-131
1988	-132
1992	-130
1996	-129
2002	-129
2006	-128
2009	-127
2012	-124
2015	-122
2019	-120
2026	-122
2033	-123
2038	-123
2047	-126
2054	-127
2066	-132
2070	-131
2076	-131
2083	-133
2090	-133
2091	-130
2094	-127
2097	-125
2098	-121
2099	-117
2108	-119
2122	-127
2125	-124
2128	-121
2131	-119
2140	-122
2152	-127
2158	-127
2161	-124
2164	-122
2166	-119
2168	-115
2172	-114
2177	-113
2186	-115
2189	-113
2192	-111
2196	-109
2200	-108
2206	-107
2212	-107
2217	-106
2225	-108
2233	-109
2238	-108
2240	-105
2244	-103
2247	-101
2250	-98
2253	-96
2256	-93
2260	-92
2266	-91
2272	-91
2277	-90
2277	-85
2276	-80
2278	-76
2280	-73
2282	-69
2284	-66
2284	-62
2282	-55
2283	-51
2284	-48
2285	-43
2286	-39
2288	-36
2288	-32
2289	-27
2290	-24
2290	-19
2291	-15
2292	-11
2294	-8
2295	-4
2294	2
2295	5
2293	12
2296	14
2295	19
2298	22
2298	27
2298	31
2298	36
2301	39
2303	42
2303	46
2304	50
2303	55
2302	60
2304	64
2307	66
2306	71
2306	76
2309	79
2308	84
2308	88
2309	92
2309	96
2310	100
2311	104
2313	107
2314	111
2315	115
2314	120
2314	125
2314	129
2315	133
2317	136
2317	140
2318	144
2319	148
2320	152
2318	157
2320	160
2321	164
2321	169
2320	173
2321	177
2323	180
2325	184
2327	186
2328	191
2329	194
2330	198
2331	202
2329	207
2332	209
2331	215
2333	218
2335	221
2335	225
2335	229
2336	233
2336	237
2336	241
2337	246
2337	250
2338	253
2339	257
2340	261
2340	265
2341	268
2340	273
2339	278
2340	281
2341	285
2342	289
2343	292
2343	297
2343	301
2345	304
2346	307
2346	312
2346	316
2346	320
2348	323
2350	326
2351	330
2353	333
2355	336
2356	339
2356	344
2357	347
2356	352
2357	355
2359	358
2362	361
2366	363
2369	365
2370	369
2371	373
2370	377
2367	383
2369	386
2370	390
2371	393
2373	396
2373	400
2374	404
2375	407
2375	411
2375	415
2375	419
2376	423
2377	427
2378	430
2379	433
2379	438
2379	442
2379	445
2381	449
2382	452
2382	456
2382	460
2384	463
2385	466
2386	470
2387	474
2387	478
2387	481
2389	485
2390	488
2390	492
2390	496
2392	499
2394	502
2395	506
2395	509
2397	512
2396	517
2397	520
2395	525
2395	529
2397	532
2399	535
2398	539
2400	543
2400	546
2398	551
2397	556
2398	559
2400	562
2401	565
2405	568
2408	570
2409	574
2408	578
2410	581
2410	585
2411	588
2413	591
2414	594
2415	598
2417	601
2418	604
2417	608
2418	612
2418	616
2419	619
2422	622
2423	625
2424	629
2424	632
2425	636
2426	639
2427	643
2426	647
2425	651
2426	655
2426	658
2428	662
2429	665
2429	668
2429	673
2429	676
2430	680
2431	683
2431	687
2434	690
2434	693
2433	697
2434	701
2435	704
2438	707
2437	711
2437	715
2438	718
2438	722
2438	726
2439	729
2441	732
2438	737
2438	740
2439	744
2440	747
2441	751
2441	754
2441	758
2442	762
2443	765
2443	768
2444	772
2442	776
2441	780
2443	783
2446	786
2448	789
2448	793
2447	797
2448	800
2449	804
2446	808
2445	812
2448	815
2450	818
2450	821
2449	826
2449	829
2451	832
2452	836
2453	839
2453	842
2454	846
2456	849
2458	852
2458	856
2457	860
2458	863
2458	866
2458	870
2457	874
2459	877
2461	880
2461	884
2462	887
2462	891
2463	894
2463	898
2464	901
2466	904
2469	907
2468	911
2466	915
2466	918
2467	922
2470	925
2470	928
2469	932
2470	935
2473	938
2474	941
2475	945
2478	947
2479	951
2480	954
2481	957
2481	961
2480	965
2481	968
2481	972
2482	975
2482	979
2482	982
2482	986
2483	989
2484	992
2485	996
2485	999
2486	1003
2486	1006
2487	1010
2486	1013
2486	1017
2487	1020
2488	1023
2488	1027
2488	1031
2489	1034
2490	1037
2488	1041
2487	1045
2488	1048
2489	1052
2489	1055
2490	1059
2491	1062
2490	1066
2490	1069
2491	1072
2491	1076
2493	1079
2493	1082
2493	1086
2492	1090
2493	1093
2494	1097
2494	1100
2495	1103
2496	1107
2495	1110
2495	1114
2497	1117
2497	1120
2497	1124
2496	1128
2496	1131
2498	1134
2499	1138
2498	1141
2498	1145
2499	1148
2499	1151
2500	1155
2500	1158
2500	1162
2501	1165
2502	1168
2503	1172
2503	1175
2503	1179
2503	1182
2503	1186
2505	1189
2505	1192
2506	1196
2507	1199
2507	1202
2507	1206
2507	1209
2505	1213
2506	1216
2506	1220
2507	1223
2506	1227
2505	1230
2507	1234
2509	1237
2511	1240
2512	1243
2512	1247
2514	1250
2514	1253
2514	1257
2515	1260
2518	1263
2519	1266
2519	1270
2518	1273
2517	1277
2519	1280
2520	1283
2521	1287
2521	1290
2521	1294
2522	1297
2523	1300
2522	1304
2523	1307
2524	1311
2524	1314
2523	1318
2524	1321
2526	1324
2526	1328
2527	1331
2530	1334
2530	1337
2530	1341
2532	1344
2532	1347
2533	1351
2532	1354
2534	1358
2534	1361
2533	1365
2535	1368
2536	1371
2536	1375
2535	1378
2535	1382
2536	1385
2536	1388
2538	1392
2538	1395
2537	1399
2539	1402
2539	1405
2538	1409
2540	1412
2540	1416
2541	1419
2541	1422
2541	1426
2542	1429
2542	1433
2542	1436
2542	1439
2541	1443
2541	1446
2540	1450
2543	1453
2546	1456
2546	1460
2547	1463
2547	1467
2547	1470
2547	1473
2548	1477
2547	1480
2548	1484
2549	1487
2549	1490
2551	1494
2553	1497
2552	1501
2551	1504
2551	1508
2550	1511
2550	1514
2551	1518
2551	1521
2550	1525
2550	1528
2552	1532
2552	1535
2552	1538
2552	1542
2552	1545
2551	1549
2551	1552
2552	1556
2554	1559
2555	1562
2555	1566
2555	1569
2556	1573
2557	1576
2557	1579
2556	1583
2557	1586
2558	1590
2557	1593
2557	1597
2559	1600
2561	1603
2560	1607
2560	1610
2561	1614
2560	1617
2561	1620
2563	1624
2564	1627
2564	1631
2564	1634
2564	1638
2567	1641
2567	1644
2567	1648
2567	1651
2568	1655
2567	1658
