2577	1692
2577	1695
2577	1699
2577	1702
2579	1705
2580	1709
2581	1716
2583	1719
2586	1723
2588	1726
2589	1730
2588	1733
2588	1737
2587	1740
2587	1744
2588	1747
2589	1751
2590	1754
2589	1758
2591	1761
2593	1765
2593	1768
2593	1772
2592	1775
2592	1778
2592	1782
2593	1785
2593	1789
2594	1792
2595	1796
2596	1799
2596	1803
2596	1806
2596	1810
2595	1813
2596	1817
2598	1820
2598	1824
2598	1827
2599	1831
2599	1834
2598	1838
2598	1841
2599	1845
2600	1849
2601	1852
2601	1856
2600	1859
2602	1863
2603	1866
2603	1870
2602	1873
2603	1877
2605	1880
2606	1884
2606	1887
2607	1891
2608	1895
2608	1898
2607	1902
2608	1905
2609	1909
2609	1912
2610	1916
2610	1919
2612	1923
2611	1927
2611	1930
2611	1934
2611	1937
2612	1941
2611	1944
2609	1948
2610	1951
2611	1955
2611	1958
2611	1962
2611	1965
2611	1969
2612	1973
2610	1976
2612	1980
2614	1983
2615	1987
2616	1991
2616	1994
2616	1998
2618	2002
2618	2005
2619	2009
2619	2012
2620	2016
2620	2020
2620	2023
2619	2027
2620	2030
2622	2034
2622	2038
2623	2041
2622	2045
2623	2049
2624	2052
2626	2056
2626	2060
2626	2063
2626	2067
2626	2070
2626	2074
2627	2078
2628	2082
2629	2085
2629	2089
2629	2092
2629	2096
2631	2100
2631	2104
2631	2107
2631	2111
2630	2114
2631	2118
2632	2122
2633	2125
2633	2129
2633	2133
2635	2137
2635	2140
2636	2144
2636	2148
2637	2152
2638	2155
2638	2159
2638	2163
2639	2166
2638	2170
2638	2174
2638	2177
2640	2181
2641	2185
2640	2189
2643	2193
2644	2197
2644	2200
2644	2204
2644	2208
2644	2211
2643	2215
2643	2219
2644	2222
2646	2226
2647	2230
2646	2234
2645	2237
2646	2241
2647	2245
2648	2249
2650	2253
2651	2257
2649	2260
2649	2264
2651	2268
2652	2272
2651	2276
2651	2279
2651	2283
2653	2287
2653	2291
2653	2295
2654	2299
2653	2302
2656	2307
2657	2310
2657	2314
2656	2318
2657	2322
2658	2326
2657	2329
2656	2333
2658	2337
2657	2340
2658	2344
2658	2348
2658	2352
2658	2356
2658	2360
2659	2364
2658	2367
2658	2371
2658	2375
2659	2379
2659	2382
2660	2386
2661	2391
2661	2394
2660	2398
2660	2402
2662	2406
2662	2410
2662	2414
2663	2418
2664	2422
2665	2426
2666	2430
2666	2434
2667	2438
2667	2442
2666	2445
2666	2449
2667	2453
2668	2457
2667	2461
2667	2465
2666	2469
2667	2473
2669	2477
2668	2481
2667	2484
2668	2488
2668	2492
2669	2496
2671	2501
2671	2505
2672	2509
2673	2513
2673	2517
2674	2521
2675	2526
2674	2529
2673	2533
2675	2537
2675	2541
2676	2545
2674	2549
2674	2553
2674	2557
2675	2561
2674	2565
2673	2568
2672	2572
2669	2575
2669	2579
2670	2583
2672	2588
2673	2592
2673	2596
2672	2600
2673	2604
2673	2608
2674	2612
2673	2616
2673	2620
2674	2624
2675	2628
2675	2633
2676	2637
2676	2641
2676	2645
2676	2649
2676	2653
2676	2657
2677	2661
2678	2666
2677	2670
2677	2674
2677	2677
2677	2682
2677	2686
2677	2690
2678	2694
2679	2698
2679	2703
2679	2707
2678	2711
2677	2714
2680	2720
2681	2724
2680	2728
2679	2731
2680	2736
2680	2740
2681	2745
2682	2749
2682	2753
2683	2758
2684	2762
2685	2767
2683	2770
2683	2774
2683	2778
2687	2784
2687	2788
2687	2793
2688	2797
2688	2801
2688	2805
2690	2810
2688	2814
2689	2818
2689	2823
2689	2827
2691	2832
2692	2837
2692	2841
2693	2845
2693	2850
2693	2854
2693	2858
2693	2862
2693	2867
2693	2871
2693	2875
2692	2879
2693	2884
2694	2888
2693	2892
2692	2896
2693	2901
2693	2905
2695	2910
2696	2915
2695	2919
2697	2924
2697	2929
2697	2933
2696	2937
2697	2942
2697	2946
2697	2950
2696	2954
2695	2958
2695	2962
2695	2967
2696	2972
2697	2977
2697	2981
2698	2986
2698	2990
2698	2995
2697	2999
2697	3003
2697	3008
2697	3012
2696	3016
2695	3020
2694	3024
2694	3028
2694	3033
2695	3038
2697	3043
2695	3047
2696	3052
2697	3057
2697	3061
2697	3066
2685	3064
2661	3057
2647	3054
2640	3055
2636	3057
2632	3060
2629	3063
2626	3066
2625	3070
2630	3076
2704	3119
2695	3119
2690	3121
2694	3128
2695	3133
2693	3137
2691	3140
2690	3144
2691	3149
2692	3154
2692	3159
2691	3163
2691	3168
2692	3173
2691	3177
2693	3183
2694	3188
2694	3193
2694	3197
2692	3201
2691	3205
2691	3210
2693	3216
2693	3221
2694	3226
2694	3230
2693	3234
2693	3239
2694	3244
2695	3250
2695	3255
2695	3260
2696	3265
2696	3269
2695	3274
2696	3279
2695	3284
2694	3288
2694	3292
2694	3298
2695	3303
2694	3307
2693	3311
2694	3317
2697	3323
2694	3327
2694	3331
2695	3337
2695	3342
2694	3346
2693	3351
2693	3355
2692	3360
2693	3365
2693	3370
2692	3375
2692	3379
2691	3384
2693	3390
2694	3395
2694	3401
2694	3406
2695	3411
2694	3416
2694	3421
2693	3425
2693	3430
2693	3435
2691	3439
2691	3444
2691	3449
2692	3455
2690	3459
2692	3465
2692	3470
2693	3476
2694	3482
2695	3487
2693	3491
2692	3496
2693	3501
2692	3506
2692	3511
2694	3518
2695	3523
2695	3529
2693	3533
2692	3537
2693	3543
2693	3548
2693	3553
2692	3558
2691	3563
2690	3568
2689	3572
2689	3577
2689	3582
2689	3588
2687	3592
2686	3597
2684	3601
2684	3606
2686	3613
2687	3618
2685	3623
2684	3627
2684	3633
2683	3637
2682	3642
2682	3648
2682	3653
2682	3658
2682	3664
2681	3668
2680	3674
2681	3680
2680	3684
2678	3688
2679	3694
2678	3699
2678	3705
2679	3711
2678	3716
2677	3721
2677	3726
2676	3731
2675	3736
2674	3741
2674	3746
2674	3752
2671	3755
2667	3758
2667	3764
2671	3772
2670	3777
2670	3783
2671	3790
2670	3794
2668	3798
2665	3802
2664	3807
2665	3813
2664	3818
2662	3822
2660	3827
2659	3831
2659	3837
2661	3845
2660	3850
2659	3855
2659	3860
2658	3865
2657	3871
2656	3875
2653	3879
2651	3883
2647	3886
2644	3890
2644	3895
2642	3900
2640	3904
2635	3906
2633	3910
2632	3915
2630	3919
2627	3923
2624	3927
2622	3931
2624	3938
2623	3943
2619	3946
2616	3949
2614	3954
2613	3959
2613	3965
2612	3970
2609	3974
2608	3979
2608	3985
2606	3989
2603	3993
2600	3996
2599	4001
2597	4006
2596	4011
2594	4016
2593	4020
2590	4025
2589	4029
2587	4034
2587	4040
2584	4044
2587	4053
2586	4058
2581	4060
2585	4070
2582	4073
2581	4079
2569	4074
2570	4081
2569	4086
2567	4091
2567	4097
2564	4101
2563	4106
2560	4109
2557	4114
2558	4120
2556	4125
2555	4131
2554	4136
2550	4139
2548	4144
2547	4149
2545	4153
2543	4158
2540	4162
2537	4165
2533	4168
2530	4172
2527	4176
2524	4179
2520	4182
2517	4185
2514	4189
2513	4195
2511	4199
2507	4202
2504	4205
2501	4209
2497	4212
2496	4217
2494	4222
2491	4226
2489	4230
2226	3974
2223	3977
2221	3981
2211	4007
2208	4010
2203	4011
2203	4017
2203	4023
2200	4027
2200	4032
2443	4291
2441	4296
2439	4301
2436	4305
2433	4308
2430	4312
2427	4315
2424	4320
2422	4324
2419	4328
2415	4330
2411	4334
2408	4337
2406	4341
2404	4347
2403	4352
2400	4356
2396	4359
2393	4363
2391	4367
2389	4372
2387	4377
2384	4381
2380	4383
2377	4387
2375	4392
2372	4396
2369	4400
2366	4404
2363	4407
2361	4412
2360	4418
2358	4424
2356	4428
2355	4435
2354	4441
2354	4448
2353	4455
2350	4458
2347	4462
2344	4465
2342	4470
2338	4473
2336	4478
2332	4481
2329	4485
2326	4489
2323	4493
2321	4498
2319	4503
2316	4507
2313	4511
2309	4514
2306	4518
2303	4521
2299	4524
2297	4530
2295	4534
2291	4538
2288	4541
2284	4544
2281	4548
2279	4553
2276	4557
2271	4559
2267	4562
2265	4567
2262	4571
2259	4575
2256	4578
2252	4582
2250	4587
2246	4590
2243	4593
2240	4598
2236	4601
2233	4604
2229	4608
2227	4612
2224	4616
2220	4619
2218	4624
2215	4629
2212	4633
2207	4635
2204	4638
2199	4640
2195	4642
2191	4646
2189	4651
2190	4661
2186	4663
2182	4666
2179	4669
2175	4673
2172	4677
2169	4681
2165	4684
2163	4689
2159	4693
2157	4697
2153	4701
2149	4703
2144	4705
2141	4709
2140	4716
2138	4722
2136	4727
2134	4732
2132	4738
2130	4744
2126	4747
2122	4750
2120	4755
2117	4760
2115	4765
2112	4769
2108	4773
2105	4776
2102	4781
2100	4787
2096	4790
2092	4793
2088	4795
2084	4798
2081	4803
2078	4807
2075	4812
2072	4816
2068	4820
2065	4823
2061	4826
2057	4829
2053	4832
2050	4837
2046	4840
2043	4844
2040	4848
2036	4851
2032	4854
2027	4857
2024	4860
2020	4864
2017	4867
2012	4870
2009	4874
2005	4877
2001	4880
1999	4886
1995	4889
1992	4893
1988	4896
1983	4898
1980	4903
1977	4907
1973	4910
1970	4914
1966	4917
1962	4920
1958	4924
1954	4927
1952	4932
1949	4937
1945	4941
1944	4948
1941	4953
1937	4956
1933	4960
1930	4963
1926	4968
1923	4972
1919	4975
1915	4978
1912	4982
1908	4986
1904	4989
1901	4994
1897	4997
1894	5001
1891	5006
1887	5010
1884	5015
1881	5019
1878	5023
1873	5026
1868	5028
1864	5030
1860	5034
1857	5038
1853	5041
1849	5045
1845	5049
1841	5051
1836	5053
1832	5055
1827	5058
1824	5062
1821	5066
1817	5070
1813	5073
1808	5075
1804	5079
1800	5082
1798	5088
1793	5090
1789	5093
1785	5096
1780	5098
1775	5098
1771	5102
1767	5106
1763	5109
1759	5113
1755	5116
1751	5120
1747	5123
1742	5124
1738	5128
1735	5132
1730	5134
1726	5136
1721	5138
1716	5139
1711	5142
1709	5148
1705	5152
1701	5155
1697	5158
1693	5162
1689	5165
1685	5168
1680	5171
1676	5173
1671	5175
1667	5178
1663	5182
1660	5187
1656	5190
1652	5194
1650	5200
1645	5204
1642	5209
1639	5214
1635	5217
1630	5220
1627	5224
1623	5228
1618	5230
1614	5232
1609	5235
1605	5238
1601	5241
1596	5244
1592	5247
1587	5249
1583	5252
1579	5255
1574	5257
1570	5259
1565	5262
1561	5266
1557	5269
1554	5274
1550	5278
1546	5281
1541	5284
1536	5285
1532	5288
1528	5292
1524	5295
1518	5295
1513	5296
1508	5299
1504	5302
1500	5305
1496	5309
1492	5312
1487	5314
1483	5317
1478	5319
1474	5323
1470	5326
1465	5328
1460	5330
1456	5333
1452	5337
1448	5341
1444	5344
1440	5348
1434	5349
1429	5350
1424	5352
1420	5356
1416	5358
1411	5360
1406	5362
1402	5366
1397	5368
1393	5371
1389	5374
1383	5375
1378	5377
1374	5379
1368	5380
1364	5382
1360	5385
1355	5388
1350	5390
1345	5391
1340	5392
1335	5393
1330	5394
1324	5394
1320	5397
1316	5401
1311	5405
1307	5407
1303	5411
1298	5413
1293	5414
1288	5415
1283	5417
1278	5419
1273	5421
1268	5421
1264	5425
1258	5426
1253	5427
1249	5429
1244	5432
1239	5433
1234	5434
1229	5436
1225	5441
1220	5443
1216	5445
1211	5447
1206	5450
1201	5452
1197	5454
1192	5457
1188	5460
1184	5465
1180	5468
1175	5471
1170	5474
1166	5476
1162	5481
1157	5484
1152	5486
1147	5487
1142	5489
1137	5489
1132	5490
1127	5492
1122	5494
1117	5497
1114	5503
1110	5506
1105	5509
1100	5510
1095	5513
1090	5515
1086	5519
1081	5522
1077	5526
1072	5528
1067	5530
1062	5530
1057	5532
1052	5535
1048	5538
1044	5543
1039	5545
1034	5548
1030	5551
1024	5551
1019	5552
1014	5553
1009	5554
1004	5556
999	5559
994	5561
989	5562
984	5563
979	5563
973	5561
967	5561
962	5562
957	5564
953	5568
948	5570
943	5573
938	5574
933	5577
928	5578
923	5580
918	5581
914	5585
909	5587
904	5590
899	5592
894	5595
889	5595
884	5598
880	5600
874	5601
869	5601
864	5602
859	5604
854	5607
849	5608
844	5609
839	5610
834	5613
829	5617
825	5620
820	5621
814	5621
809	5623
804	5626
800	5630
795	5632
790	5635
785	5637
780	5639
775	5642
771	5645
766	5649
761	5651
756	5651
751	5654
746	5657
741	5658
736	5659
731	5663
726	5665
721	5667
716	5668
710	5668
705	5668
700	5668
694	5669
689	5670
684	5671
679	5672
673	5672
668	5672
663	5673
658	5674
652	5674
647	5673
641	5674
636	5675
631	5676
626	5676
620	5677
615	5678
610	5678
604	5677
599	5677
594	5679
589	5679
583	5679
578	5679
572	5679
567	5680
562	5681
557	5682
552	5682
546	5682
541	5684
536	5685
530	5684
525	5684
520	5685
515	5689
510	5692
505	5696
501	5701
496	5705
491	5710
486	5713
481	5713
476	5715
471	5718
466	5720
461	5722
455	5722
450	5723
445	5725
440	5729
435	5729
430	5730
424	5729
418	5727
413	5728
408	5729
403	5730
397	5731
392	5732
387	5734
382	5734
377	5736
371	5737
365	5731
360	5730
354	5729
349	5730
344	5731
339	5733
334	5734
328	5735
323	5735
318	5736
312	5737
307	5739
302	5740
297	5740
291	5740
286	5738
280	5736
275	5736
270	5735
264	5736
259	5735
254	5734
248	5734
243	5735
238	5737
232	5738
227	5738
222	5739
217	5741
212	5743
206	5744
201	5743
196	5743
190	5744
185	5746
180	5746
174	5746
169	5745
164	5744
158	5747
153	5752
148	5757
143	5760
138	5760
132	5758
127	5759
122	5759
116	5759
111	5759
106	5758
100	5757
95	5759
90	5758
50	5024
45	5022
41	5022
36	5021
32	5016
27	5017
23	5018
19	5018
14	5012
10	5004
5	5001
1	4998
-3	4995
-8	4997
-12	4999
-16	4999
-21	5000
-25	5001
-29	5005
-34	5013
-38	5018
-42	5018
-47	5018
-51	5020
-55	5023
-60	5024
-64	5023
-68	5031
-81	5748
-86	5756
-92	5756
-97	5756
-102	5756
-107	5753
-113	5754
-118	5754
-123	5755
-129	5755
-134	5755
-139	5755
-145	5755
-150	5755
-155	5755
-161	5756
-166	5757
-171	5756
-177	5756
-182	5757
-187	5759
-193	5761
-198	5761
-204	5761
-209	5761
-214	5761
-220	5760
-225	5758
-230	5761
-252	5771
-257	5759
-262	5750
-267	5750
-273	5753
-278	5754
-283	5753
-289	5754
-294	5755
-299	5754
-305	5753
-310	5755
-315	5755
-321	5755
-326	5754
-331	5752
-337	5751
-342	5751
-347	5748
-352	5746
-357	5745
-363	5742
-368	5739
-373	5737
-378	5736
-383	5737
-389	5736
-394	5735
-399	5733
-404	5732
-409	5728
-414	5725
-420	5724
-425	5725
-430	5724
-436	5723
-441	5726
-447	5729
-452	5731
-458	5729
-463	5727
-468	5726
-473	5726
-479	5727
-484	5727
-489	5728
-495	5728
-500	5727
-505	5725
-510	5725
-516	5724
-521	5723
-526	5722
-531	5721
-537	5721
-542	5722
-548	5721
-553	5722
-558	5719
-563	5715
-568	5715
-574	5716
-579	5716
-585	5718
-590	5718
-595	5717
-601	5716
-606	5716
-611	5715
-617	5716
-622	5718
-628	5718
-633	5716
-638	5714
-643	5712
-648	5710
-653	5707
-658	5703
-662	5699
-667	5695
-672	5693
-677	5689
-682	5686
-687	5687
-693	5685
-697	5682
-702	5679
-708	5679
-712	5675
-717	5672
-722	5671
-727	5668
-731	5661
-737	5659
-741	5657
-746	5654
-751	5651
-756	5650
-762	5650
-767	5649
-772	5648
-777	5648
-783	5647
-788	5646
-793	5645
-798	5645
-804	5646
-808	5640
-813	5639
-819	5640
-824	5640
-829	5639
-834	5637
-839	5636
-845	5635
-850	5634
-856	5638
-861	5638
-867	5638
-872	5637
-877	5636
-882	5636
-887	5632
-893	5633
-897	5629
-902	5628
-908	5627
-913	5626
-918	5626
-924	5629
-930	5630
-935	5630
-940	5629
-945	5627
-950	5623
-955	5620
-960	5618
-964	5615
-968	5609
-973	5605
-978	5603
-983	5601
-988	5599
-992	5597
-998	5597
-1003	5594
-1007	5590
-1011	5586
-1016	5584
-1021	5582
-1026	5579
-1030	5575
-1035	5573
-1040	5572
-1046	5571
-1051	5570
-1056	5570
-1061	5569
-1066	5565
-1071	5563
-1076	5563
-1081	5562
-1087	5562
-1092	5563
-1098	5563
-1103	5562
-1108	5560
-1113	5561
-1119	5559
-1124	5558
-1128	5556
-1134	5556
-1139	5556
-1144	5554
-1150	5554
-1154	5552
-1160	5550
-1165	5549
-1169	5546
-1174	5545
-1180	5545
-1185	5545
-1190	5543
-1195	5542
-1200	5540
-1206	5539
-1211	5537
-1216	5536
-1220	5533
-1225	5532
-1231	5531
-1235	5529
-1240	5524
-1244	5522
-1249	5519
-1254	5518
-1259	5516
-1264	5516
-1270	5515
-1274	5512
-1279	5510
-1284	5509
-1290	5510
-1295	5509
-1299	5504
-1304	5501
-1309	5499
-1314	5499
-1318	5495
-1323	5492
-1328	5491
-1333	5489
-1337	5486
-1342	5483
-1346	5479
-1351	5478
-1356	5476
-1361	5473
-1366	5472
-1371	5470
-1375	5466
-1379	5463
-1384	5459
-1388	5456
-1393	5455
-1398	5452
-1402	5448
-1406	5444
-1410	5440
-1414	5436
-1419	5434
-1424	5431
-1428	5429
-1434	5429
-1439	5427
-1444	5426
-1449	5425
-1454	5424
-1460	5424
-1465	5424
-1471	5423
-1476	5423
-1481	5421
-1486	5418
-1490	5414
-1493	5409
-1498	5407
-1503	5406
-1508	5403
-1512	5400
-1517	5397
-1521	5395
-1526	5393
-1531	5390
-1535	5387
-1540	5385
-1544	5382
-1549	5379
-1553	5377
-1559	5376
-1564	5375
-1569	5373
-1573	5370
-1577	5365
-1582	5363
-1588	5364
-1593	5364
-1598	5363
-1604	5363
-1609	5362
-1615	5361
-1619	5358
-1624	5356
-1629	5354
-1634	5353
-1639	5352
-1644	5351
-1649	5348
-1652	5342
-1655	5337
-1660	5335
-1664	5331
-1668	5326
-1671	5321
-1675	5316
-1680	5314
-1686	5316
-1692	5316
-1696	5313
-1701	5310
-1705	5308
-1710	5305
-1714	5303
-1719	5302
-1724	5300
-1729	5296
-1733	5294
-1738	5292
-1742	5289
-1747	5287
-1751	5284
-1756	5281
-1759	5277
-1763	5272
-1767	5269
-1772	5266
-1777	5265
-1782	5263
-1785	5259
-1790	5255
-1793	5251
-1797	5246
-1800	5242
-1805	5240
-1809	5236
-1810	5227
-1815	5224
-1819	5221
-1823	5218
-1828	5215
-1832	5213
-1837	5212
-1841	5209
-1846	5206
-1852	5207
-1857	5205
-1862	5204
-1867	5201
-1872	5200
-1877	5198
-1880	5193
-1883	5188
-1887	5185
-1891	5182
-1896	5178
-1899	5174
-1903	5171
-1907	5168
-1912	5165
-1916	5163
-1920	5159
-1924	5155
-1929	5153
-1933	5150
-1937	5146
-1939	5139
-1942	5135
-1946	5131
-1951	5128
-1954	5123
-1959	5122
-1964	5120
-1968	5118
-1972	5114
-1976	5111
-1981	5108
-1984	5104
-1988	5101
-1993	5099
-1997	5096
-2001	5093
-2006	5090
-2009	5086
-2013	5082
-2017	5079
-2022	5077
-2026	5074
-2030	5071
-2034	5067
-2038	5065
-2042	5061
-2047	5060
-2051	5056
-2055	5053
-2058	5048
-2063	5046
-2067	5042
-2070	5039
-2074	5034
-2078	5032
-2083	5029
-2087	5027
-2092	5025
-2096	5021
-2100	5018
-2102	5012
-2106	5009
-2109	5004
-2114	5002
-2118	4998
-2121	4994
-2125	4990
-2128	4987
-2132	4983
-2135	4979
-2139	4975
-2143	4972
-2147	4968
-2150	4964
-2155	4962
-2159	4958
-2162	4955
-2165	4950
-2170	4948
-2175	4945
-2177	4940
-2180	4936
-2184	4932
-2188	4929
-2191	4925
-2195	4920
-2198	4916
-2202	4913
-2207	4911
-2210	4907
-2214	4904
-2218	4900
-2221	4897
-2224	4892
-2227	4888
-2232	4885
-2236	4883
-2240	4879
-2244	4875
-2247	4872
-2251	4869
-2255	4866
-2259	4862
-2262	4857
-2265	4852
-2269	4849
-2273	4847
-2276	4842
-2280	4839
-2285	4837
-2288	4832
-2292	4830
-2295	4826
-2298	4821
-2302	4818
-2306	4815
-2310	4812
-2313	4807
-2317	4804
-2321	4801
-2324	4797
-2328	4794
-2331	4790
-2335	4786
-2338	4782
-2342	4779
-2346	4776
-2349	4772
-2352	4767
-2354	4762
-2355	4755
-2357	4748
-2360	4745
-2364	4742
-2369	4739
-2373	4736
-2378	4734
-2382	4732
-2385	4728
-2389	4724
-2392	4720
-2396	4717
-2400	4714
-2403	4710
-2407	4707
-2410	4703
-2413	4698
-2416	4694
-2421	4692
-2425	4689
-2428	4685
-2431	4680
-2435	4677
-2439	4675
-2443	4672
-2445	4666
-2449	4663
-2453	4661
-2456	4656
-2459	4652
-2463	4649
-2468	4647
-2472	4644
-2476	4641
-2480	4638
-2483	4633
-2486	4630
-2490	4626
-2494	4624
-2499	4621
-2502	4617
-2504	4613
-2508	4609
-2511	4605
-2514	4601
-2518	4597
-2521	4594
-2526	4592
-2530	4589
-2533	4585
-2537	4582
-2540	4577
-2542	4572
-2545	4569
-2549	4565
-2555	4564
-2559	4562
-2561	4556
-2564	4552
-2569	4550
-2573	4547
-2576	4543
-2579	4539
-2582	4535
-2587	4532
-2590	4529
-2594	4526
-2597	4522
-2600	4518
-2604	4515
-2608	4512
-2613	4510
-2618	4507
-2623	4505
-2625	4501
-2628	4497
-2632	4493
-2636	4491
-2640	4488
-2643	4484
-2646	4479
-2649	4475
-2651	4470
-2654	4466
-2656	4461
-2660	4458
-2663	4454
-2666	4450
-2669	4446
-2671	4441
-2674	4436
-2678	4433
-2683	4431
-2686	4427
-2689	4423
-2692	4419
-2694	4414
-2697	4410
-2699	4406
-2702	4401
-2707	4399
-2710	4395
-2713	4391
-2716	4388
-2719	4384
-2724	4381
-2727	4377
-2730	4373
-2733	4369
-2735	4364
-2738	4360
-2741	4356
-2744	4352
-2747	4348
-2752	4346
-2754	4341
-2756	4337
-2759	4332
-2762	4328
-2765	4325
-2769	4321
-2771	4316
-2773	4312
-2777	4308
-2780	4305
-2784	4301
-2786	4297
-2790	4293
-2793	4290
-2795	4285
-2798	4280
-2801	4276
-2802	4271
-2803	4265
-2806	4261
-2809	4257
-2812	4253
-2812	4246
-2815	4242
-2817	4238
-2818	4232
-2820	4227
-2823	4223
-2826	4219
-2825	4212
-2827	4207
-2830	4203
-2833	4199
-2835	4194
-2837	4190
-2839	4185
-2842	4181
-2845	4177
-2847	4172
-2849	4167
-2851	4163
-2852	4157
-2854	4152
-2856	4148
-2860	4144
-2861	4139
-2864	4135
-2867	4131
-2869	4126
-2870	4121
-2873	4117
-2875	4113
-2877	4108
-2880	4104
-2882	4100
-2885	4095
-2887	4091
-2889	4086
-2891	4082
-2892	4076
-2894	4071
-2896	4067
-2898	4062
-2901	4058
-2902	4053
-2905	4049
-2908	4046
-2910	4041
-2911	4036
-2914	4031
-2916	4027
-2918	4022
-2920	4017
-2921	4012
-2922	4007
-2924	4002
-2927	3998
-2929	3994
-2931	3989
-2933	3985
-2936	3981
-2939	3977
-2941	3973
-2943	3968
-2945	3964
-2947	3959
-2948	3954
-2949	3948
-2951	3944
-2955	3941
-2958	3937
-2960	3933
-2962	3928
-2965	3924
-2965	3918
-2966	3913
-2969	3909
-2972	3906
-2974	3901
-2975	3896
-2975	3889
-2976	3884
-2978	3880
-2979	3875
-2979	3869
-2980	3864
-2981	3859
-2983	3854
-2985	3850
-2987	3845
-2988	3840
-2988	3834
-2991	3830
-2994	3826
-2995	3821
-2995	3816
-2996	3811
-2998	3806
-2999	3801
-2998	3795
-2999	3790
-3002	3786
-3004	3781
-3006	3777
-3009	3773
-3010	3768
-3012	3764
-3013	3759
-3013	3753
-3014	3748
-3017	3744
-3019	3740
-3021	3735
-3022	3731
-3023	3726
-3024	3721
-3025	3716
-3026	3711
-3028	3706
-3030	3702
-3031	3697
-3034	3693
-3035	3689
-3036	3684
-3037	3678
-3039	3674
-3041	3670
-3043	3665
-3044	3660
-3044	3655
-3045	3650
-3045	3645
-3045	3639
-3046	3634
-3046	3628
-3046	3623
-3047	3618
-3048	3613
-3049	3608
-3047	3601
-3047	3596
-3047	3590
-3047	3585
-3048	3580
-3045	3573
-3046	3568
-3047	3563
-3047	3557
-3045	3551
-3045	3545
-3046	3541
-3047	3536
-3047	3530
-3047	3525
-3048	3520
-3050	3516
-3051	3511
-3051	3506
-3051	3501
-3049	3494
-3049	3489
-3050	3484
-3050	3479
-3049	3473
-3049	3467
-3049	3462
-3048	3456
-3048	3451
-3048	3446
-3048	3440
-3048	3435
-3050	3431
-3051	3426
-3052	3421
-3049	3415
-3049	3410
-3050	3405
-3049	3399
-3049	3394
-3047	3387
-3046	3382
-3046	3377
-3046	3371
-3046	3366
-3046	3362
-3046	3356
-3045	3350
-3045	3345
-3047	3342
-3047	3336
-3047	3331
-3048	3326
-3048	3322
-3048	3316
-3047	3311
-3047	3306
-3047	3301
-3046	3295
-3047	3290
-3046	3285
-3046	3280
-3046	3275
-3046	3270
-3046	3265
-3042	3258
-3041	3252
-3040	3247
-3040	3242
-3040	3237
-3039	3232
-3039	3227
-3039	3222
-3038	3216
-3037	3211
-3037	3206
-3035	3200
-3035	3195
-3036	3190
-3037	3186
-3033	3180
-3034	3175
-3034	3170
-3035	3166
-3035	3161
-3034	3156
-3033	3150
-3032	3145
-3032	3140
-3031	3135
-3030	3130
-3030	3125
-3029	3120
-3029	3115
-3029	3110
-3027	3104
-3027	3099
-3027	3095
-3027	3090
-3027	3085
-3027	3080
-3027	3076
-3027	3071
-3027	3066
-3026	3061
-3026	3056
-3026	3052
-3025	3046
-3025	3042
-3026	3037
-3022	3031
-3022	3026
-3022	3022
-3023	3017
-3023	3013
-3024	3008
-3024	3004
-3024	2999
-3026	2996
-3027	2991
-3028	2987
-3026	2982
-3026	2977
-3026	2973
-3025	2968
-3019	2960
-3019	2956
-3020	2952
-3020	2947
-3020	2942
-3019	2938
-3019	2933
-3019	2928
-3019	2924
-3018	2919
-3017	2914
-3017	2909
-3017	2905
-3017	2900
-3017	2896
-3014	2890
-3014	2885
-3013	2880
-3012	2876
-3011	2871
-3011	2866
-3011	2862
-3011	2857
-3010	2852
-3010	2848
-3009	2843
-3009	2839
-3008	2834
-3008	2830
-3007	2825
-3005	2819
-3005	2815
-3006	2811
-3004	2806
-3004	2801
-3003	2797
-3002	2792
-3002	2787
-3001	2783
-3001	2778
-3001	2774
-3001	2770
-2999	2765
-2998	2760
-2997	2755
-2996	2750
-2996	2746
-2995	2741
-2995	2737
-2993	2732
-2993	2727
-2992	2723
-2992	2719
-2992	2714
-2990	2709
-2990	2705
-2989	2700
-2989	2696
-2989	2692
-2989	2687
-2987	2683
-2985	2678
-2985	2673
-2984	2669
-2985	2665
-2985	2661
-2984	2656
-2985	2652
-2985	2648
-2985	2644
-2985	2639
-2983	2634
-2981	2630
-2980	2625
-2979	2621
-2977	2616
-2973	2610
-2971	2605
-2970	2601
-2969	2596
-2968	2592
-2968	2588
-2968	2583
-2967	2579
-2966	2575
-2964	2570
-2964	2566
-2964	2562
-2965	2558
-2965	2554
-2963	2549
-2960	2544
-2959	2539
-2957	2535
-2956	2530
-2955	2526
-2955	2522
-2954	2517
-2954	2513
-2953	2509
-2952	2505
-2952	2501
-2951	2496
-2951	2492
-2950	2488
-2949	2483
-2947	2479
-2946	2474
-2945	2470
-2944	2466
-2944	2462
-2942	2457
-2941	2453
-2942	2449
-2940	2444
-2940	2440
-2940	2436
-2939	2432
-2939	2428
-2938	2424
-2937	2420
-2935	2415
-2935	2411
-2934	2407
-2934	2403
-2934	2399
-2933	2395
-2933	2391
-2932	2386
-2933	2383
-2931	2378
-2930	2374
-2929	2370
-2928	2366
-2928	2362
-2927	2357
-2925	2353
-2925	2349
-2925	2345
-2924	2341
-2924	2337
-2923	2333
-2921	2329
-2921	2325
-2921	2321
-2922	2317
-2922	2313
-2921	2309
-2920	2305
-2916	2300
-2915	2296
-2911	2291
-2909	2287
-2909	2283
-2908	2279
-2907	2275
-2906	2271
-2906	2267
-2906	2263
-2906	2259
-2904	2255
-2903	2251
-2902	2247
-2901	2242
-2900	2239
-2900	2235
-2896	2230
-2895	2226
-2893	2222
-2893	2218
-2893	2214
-2893	2210
-2891	2206
-2890	2202
-2889	2198
-2888	2194
-2888	2190
-2888	2186
-2887	2182
-2886	2178
-2885	2174
-2882	2170
-2881	2166
-2881	2162
-2880	2158
-2880	2155
-2880	2151
-2878	2147
-2877	2143
-2873	2138
-2872	2134
-2872	2131
-2871	2127
-2871	2123
-2871	2119
-2871	2115
-2868	2111
-2866	2107
-2866	2103
-2864	2099
-2863	2095
-2862	2092
-2862	2088
-2861	2084
-2861	2080
-2860	2076
-2859	2072
-2857	2068
-2856	2065
-2856	2061
-2855	2057
-2853	2053
-2852	2049
-2851	2045
-2850	2041
-2848	2038
-2848	2034
-2846	2030
-2846	2026
-2845	2022
-2844	2018
-2843	2015
-2842	2011
-2841	2007
-2840	2003
-2840	2000
-2839	1996
-2838	1992
-2838	1988
-2838	1985
-2837	1981
-2834	1977
-2830	1973
-2827	1969
-2826	1965
-2827	1961
-2824	1958
-2823	1954
-2823	1950
-2822	1946
-2823	1943
-2820	1939
-2819	1935
-2819	1932
-2819	1928
-2817	1924
-2816	1920
-2816	1917
-2815	1913
-2813	1909
-2812	1906
-2811	1902
-2810	1898
-2810	1895
-2810	1891
-2809	1887
-2807	1883
-2807	1880
-2805	1876
-2804	1872
-2803	1869
-2802	1865
-2802	1861
-2801	1858
-2800	1854
-2799	1851
-2799	1847
-2797	1843
-2796	1840
-2796	1836
-2796	1832
-2794	1829
-2793	1825
-2792	1821
-2792	1818
-2791	1814
-2791	1811
-2791	1807
-2790	1803
-2788	1800
-2787	1796
-2785	1792
-2784	1789
-2782	1785
-2782	1782
-2781	1778
-2781	1774
-2782	1771
-2781	1767
-2780	1764
-2779	1760
-2778	1757
-2777	1753
-2776	1749
-2776	1746
-2775	1742
-2774	1739
-2773	1735
-2772	1732
-2772	1728
-2770	1724
-2769	1721
-2768	1717
-2767	1714
-2766	1710
-2765	1707
-2764	1703
-2763	1700
-2762	1696
-2762	1692
-2761	1689
-2760	1685
-2759	1682
-2759	1678
-2758	1675
-2757	1671
-2756	1668
-2755	1664
-2755	1661
-2754	1657
-2753	1654
-2751	1650
-2750	1647
-2750	1643
-2750	1640
-2749	1636
-2748	1633
-2748	1629
-2747	1626
-2747	1622
-2746	1619
-2745	1615
-2743	1612
-2743	1608
-2742	1605
-2741	1601
-2740	1598
-2740	1594
-2739	1591
-2739	1587
-2738	1584
-2737	1580
-2737	1577
-2735	1573
-2734	1570
-2733	1566
-2733	1563
-2732	1559
-2731	1556
-2729	1553
-2729	1549
-2728	1546
-2727	1542
-2727	1539
-2726	1535
-2724	1532
-2723	1528
-2722	1525
-2721	1522
-2720	1518
-2720	1515
-2720	1511
-2720	1508
-2719	1504
-2718	1501
-2717	1497
-2716	1494
-2716	1490
-2715	1487
-2713	1484
-2713	1480
-2712	1477
-2711	1473
-2710	1470
-2710	1466
-2709	1463
-2707	1460
-2706	1456
-2706	1453
-2704	1449
-2703	1446
-2703	1443
-2701	1439
-2699	1436
-2698	1433
-2697	1429
-2697	1426
-2696	1422
-2695	1419
-2695	1415
-2695	1412
-2694	1409
-2691	1405
-2691	1402
-2690	1399
-2690	1395
-2689	1392
-2689	1388
-2688	1385
-2686	1382
-2684	1378
-2684	1375
-2682	1372
-2682	1368
-2681	1365
-2681	1361
-2679	1358
-2678	1355
-2677	1351
-2676	1348
-2676	1345
-2675	1341
-2674	1338
-2673	1334
-2673	1331
-2672	1328
-2672	1324
-2670	1321
-2670	1318
-2669	1314
-2669	1311
-2667	1307
-2665	1304
-2663	1301
-2663	1298
-2660	1295
-2658	1291
-2657	1288
-2657	1285
-2655	1281
-2655	1278
-2653	1275
-2653	1271
-2652	1268
-2652	1265
-2651	1261
-2650	1258
-2648	1255
-2647	1251
-2648	1248
-2646	1245
-2646	1241
-2645	1238
-2644	1235
-2642	1231
-2642	1228
-2641	1225
-2639	1221
-2638	1218
-2637	1215
-2636	1211
-2636	1208
-2635	1205
-2635	1201
-2634	1198
-2632	1195
-2632	1191
-2631	1188
-2630	1185
-2630	1181
-2628	1178
-2626	1175
-2626	1172
-2625	1168
-2623	1165
-2623	1162
-2622	1158
-2621	1155
-2621	1152
-2620	1148
-2619	1145
-2616	1142
-2616	1139
-2615	1135
-2613	1132
-2611	1129
-2611	1126
-2612	1122
-2611	1119
-2610	1116
-2609	1112
-2607	1109
-2606	1106
-2606	1102
-2605	1099
-2604	1096
-2602	1093
-2601	1090
-2600	1086
-2599	1083
-2598	1080
-2598	1076
-2598	1073
-2596	1070
-2594	1067
-2593	1063
-2591	1060
-2591	1057
-2590	1054
-2589	1050
-2588	1047
-2587	1044
-2585	1041
-2585	1037
-2584	1034
-2584	1030
-2582	1027
-2581	1024
-2579	1021
-2578	1018
-2578	1014
-2578	1011
-2576	1008
-2574	1005
-2574	1001
-2573	998
-2572	995
-2570	992
-2568	989
-2566	986
-2565	983
-2565	979
-2563	976
-2562	973
-2561	970
-2561	966
-2559	963
-2558	960
-2557	956
-2556	953
-2555	950
-2553	947
-2552	944
-2551	940
-2550	937
-2548	934
-2547	931
-2546	928
-2545	924
-2544	921
-2543	918
-2542	915
-2542	911
-2540	908
-2539	905
-2537	902
-2536	899
-2534	896
-2533	893
-2531	890
-2529	887
-2528	883
-2527	880
-2527	877
-2527	873
-2526	870
-2526	866
-2526	863
-2524	860
-2522	857
-2522	853
-2520	850
-2519	847
-2519	844
-2520	840
-2518	837
-2517	834
-2516	830
-2515	827
-2512	824
-2511	821
-2511	817
-2509	815
-2508	811
-2506	809
-2505	805
-2504	802
-2503	799
-2502	795
-2502	792
-2501	789
-2499	785
-2498	782
-2497	779
-2496	776
-2494	773
-2493	770
-2492	766
-2491	763
-2490	760
-2489	756
-2489	753
-2488	750
-2488	746
-2486	743
-2485	740
-2483	737
-2482	734
-2481	731
-2479	728
-2479	724
-2478	721
-2476	718
-2475	714
-2474	711
-2473	708
-2472	705
-2472	701
-2471	698
-2471	694
-2469	691
-2468	688
-2466	685
-2464	682
-2464	679
-2462	676
-2462	672
-2461	669
-2459	666
-2457	663
-2456	660
-2456	656
-2456	652
-2455	649
-2454	646
-2452	643
-2452	639
-2451	636
-2449	633
-2448	630
-2447	627
-2445	623
-2445	620
-2444	616
-2444	613
-2441	610
-2441	607
-2440	603
-2438	600
-2437	597
-2437	593
-2434	591
-2433	587
-2434	584
-2432	580
-2432	577
-2431	573
-2430	570
-2429	567
-2426	564
-2425	561
-2424	558
-2422	555
-2422	551
-2421	548
-2420	544
-2420	541
-2418	538
-2417	535
-2415	531
-2414	528
-2413	525
-2413	521
-2414	517
-2411	514
-2410	511
-2410	507
-2408	504
-2407	501
-2406	498
-2405	494
-2404	491
-2401	488
-2399	486
-2398	482
-2398	479
-2396	476
-2394	473
-2392	470
-2391	466
-2391	463
-2391	459
-2390	455
-2389	452
-2389	448
-2389	444
-2388	441
-2386	438
-2385	435
-2384	431
-2384	427
-2383	424
-2382	421
-2380	418
-2378	415
-2377	411
-2377	408
-2374	405
-2373	402
-2373	398
-2372	394
-2372	391
-2370	388
-2369	384
-2368	380
-2367	377
-2366	374
-2364	371
-2363	367
-2362	364
-2361	360
-2361	357
-2359	354
-2357	351
-2355	348
-2354	344
-2354	340
-2353	337
-2353	333
-2352	329
-2351	326
-2350	323
-2349	319
-2348	316
-2346	313
-2345	309
-2345	305
-2343	302
-2343	298
-2342	295
-2340	292
-2339	289
-2338	285
-2336	282
-2334	279
-2331	277
-2329	274
-2329	270
-2330	265
-2330	261
-2328	258
-2328	254
-2327	251
-2322	249
-2318	248
-2314	246
-2310	245
-2305	244
-2302	242
-2297	240
-2294	239
-2292	236
-2290	233
-2288	230
-2286	227
-2285	223
-2285	219
-2284	216
-2283	212
-2281	210
-2280	206
-2278	203
-2277	200
-2275	196
-2273	193
-2272	190
-2270	187
-2269	184
-2268	180
-2266	177
-2265	174
-2264	170
-2263	166
-2262	163
-2260	160
-2259	156
-2258	153
-2257	150
-2256	146
-2254	143
-2253	139
-2250	137
-2249	134
-2248	130
-2247	126
-2246	123
-2244	120
-2244	116
-2242	112
-2241	109
-2240	105
-2238	103
-2237	99
-2235	96
-2234	92
-2233	89
-2231	86
-2229	83
-2229	78
-2228	75
-2227	71
-2225	68
-2225	64
-2223	61
-2221	58
-2219	55
-2218	51
-2217	48
-2216	44
-2214	41
-2213	37
-2211	34
-2210	30
-2209	27
-2207	24
-2206	20
-2204	17
-2204	13
-2203	9
-2202	5
-2200	2
-2199	-2
-2198	-6
-2197	-9
-2195	-12
-2194	-16
-2193	-19
-2191	-23
-2190	-26
-2187	-29
-2185	-32
-2184	-35
-2185	-40
-2183	-44
-2182	-47
-2180	-51
-2179	-55
-2178	-58
-2175	-61
-2174	-64
-2172	-68
-2171	-71
-2169	-74
-2169	-79
-2168	-83
-2166	-86
-2165	-89
-2165	-94
-2163	-97
-2162	-101
-2160	-104
-2158	-108
-2155	-110
-2151	-111
-2147	-112
-2144	-114
-2142	-117
-2143	-123
-2147	-131
-2146	-135
-2143	-138
-2139	-139
-2139	-144
-2143	-152
-2141	-155
-2139	-158
-2138	-162
-2136	-165
-2134	-169
-2133	-173
-2131	-175
-2130	-179
-2129	-183
-2124	-184
-2114	-179
-2102	-174
-2097	-174
-2091	-173
-2087	-175
-2084	-177
-2080	-178
-2075	-178
-2066	-175
-2055	-169
-2048	-168
-2044	-169
-2041	-171
-2037	-172
-2030	-170
-2025	-171
-2022	-172
-2017	-173
-2013	-173
-2020	-186
-2020	-190
-2017	-192
-2014	-194
-2011	-197
-2002	-192
-1995	-191
-1989	-190
-1986	-192
-1976	-187
-1966	-182
-1961	-182
-1957	-183
-1953	-184
-1948	-184
-1947	-188
-1947	-192
-1945	-196
-1940	-196
-1936	-196
-1930	-195
-1926	-196
-1923	-198
-1919	-199
-1909	-194
-1896	-185
-1886	-180
-1882	-181
-1882	-186
-1877	-186
-1873	-186
-1869	-187
-1867	-190
-1866	-194
-1863	-196
-1860	-198
-1857	-199
-1852	-199
-1847	-199
-1845	-201
-1842	-203
-1837	-203
-1829	-199
-1822	-197
-1816	-196
-1817	-202
-1809	-198
-1794	-187
-1788	-185
-1784	-185
-1781	-187
-1778	-189
-1774	-190
-1771	-191
-1767	-192
-1762	-191
-1753	-186
-1749	-187
-1748	-190
-1745	-192
-1743	-194
-1738	-194
-1724	-183
-1711	-174
-1706	-173
-1704	-176
-1702	-178
-1699	-180
-1696	-182
-1695	-185
-1694	-188
-1692	-192
-1692	-196
-1690	-199
-1688	-201
-1677	-194
-1670	-191
-1664	-189
-1659	-188
-1656	-189
-1653	-191
-1650	-192
-1646	-193
-1643	-194
-1641	-196
-1636	-196
-1633	-197
-1630	-198
-1627	-199
-1622	-199
-1614	-194
-1609	-193
-1600	-187
-1591	-182
-1586	-180
-1581	-179
-1576	-178
-1572	-178
-1570	-180
-1566	-180
-1562	-181
-1559	-182
-1557	-184
-1554	-186
-1551	-186
-1544	-183
-1540	-183
-1537	-184
-1535	-186
-1531	-187
-1529	-189
-1527	-191
-1524	-193
-1515	-187
-1509	-183
-1506	-185
-1503	-186
-1500	-188
-1497	-188
-1493	-189
-1483	-180
-1479	-180
-1475	-179
-1470	-179
-1467	-179
-1463	-179
-1459	-179
-1454	-177
-1450	-178
-1441	-171
-1435	-168
-1430	-166
-1428	-168
-1432	-178
-1427	-177
-1419	-171
-1416	-172
-1414	-174
-1411	-175
-1409	-177
-1407	-181
-1405	-182
-1403	-185
-1402	-188
-1398	-188
-1393	-187
-1389	-186
-1385	-185
-1381	-185
-1378	-186
-1375	-187
-1370	-185
-1366	-184
-1361	-182
-1355	-179
-1352	-180
-1347	-178
-1343	-177
-1340	-178
-1338	-180
-1336	-183
-1334	-185
-1332	-188
-1331	-191
-1331	-196
-1330	-201
-1324	-196
-1319	-195
-1316	-195
-1313	-197
-1310	-198
-1307	-199
-1304	-199
-1300	-199
-1294	-195
-1284	-185
-1277	-180
-1274	-181
-1271	-181
-1268	-181
-1264	-180
-1260	-179
-1257	-180
-1254	-181
-1251	-182
-1248	-182
-1244	-182
-1241	-182
-1237	-182
-1234	-182
-1231	-182
-1228	-183
-1224	-182
-1220	-182
-1217	-183
-1214	-183
-1209	-180
-1206	-181
-1203	-181
-1199	-181
-1196	-181
-1193	-181
-1189	-180
-1185	-180
-1182	-180
-1178	-179
-1175	-180
-1173	-180
-1170	-181
-1166	-181
-1163	-181
-1159	-180
-1155	-179
-1152	-179
-1148	-179
-1145	-179
-1142	-180
-1139	-180
-1136	-180
-1133	-180
-1129	-179
-1126	-180
-1123	-180
-1120	-181
-1117	-181
-1114	-182
-1111	-181
-1108	-181
-1105	-182
-1101	-181
-1097	-180
-1094	-180
-1090	-179
-1088	-180
-1084	-179
-1081	-180
-1079	-181
-1076	-181
-1073	-182
-1070	-182
-1067	-183
-1064	-183
-1060	-181
-1057	-182
-1054	-182
-1051	-182
-1048	-183
-1045	-182
-1041	-181
-1038	-180
-1034	-180
-1032	-181
-1029	-181
-1026	-182
-1023	-182
-1020	-182
-1017	-182
-1013	-182
-1010	-182
-1008	-182
-1005	-183
-1001	-182
-998	-181
-995	-181
-992	-181
-989	-182
-986	-181
-983	-181
-981	-183
-979	-185
-976	-186
-973	-186
-970	-186
-967	-186
-964	-187
-963	-192
-959	-188
-928	-131
-926	-131
-923	-131
-920	-133
-919	-135
-916	-137
-915	-140
-914	-144
-913	-149
-912	-153
-910	-154
-907	-153
-902	-149
-896	-143
-892	-139
-889	-139
-886	-141
-884	-143
-882	-144
-882	-149
-882	-156
-880	-160
-878	-161
-875	-161
-871	-158
-862	-145
-859	-144
-856	-144
-854	-144
-851	-144
-848	-145
-846	-145
-775	-6
-771	-1
-768	-1
-765	-0
-763	-0
-760	-0
-757	-0
-755	-0
-752	1
-749	2
-747	1
-744	2
-741	1
-739	1
-736	1
-734	0
-732	-1
-729	0
-726	0
-725	-2
-724	-6
-725	-15
-723	-16
-718	-11
-714	-7
-713	-11
-713	-19
-712	-22
-711	-27
-738	-127
-737	-131
-736	-136
-735	-140
-733	-142
-731	-144
-728	-143
-726	-145
-723	-145
-721	-146
-719	-148
-717	-149
-714	-149
-712	-150
-709	-150
-707	-152
-704	-153
-702	-154
-699	-154
-697	-154
-692	-148
-687	-142
-685	-142
-682	-144
-680	-144
-677	-144
-675	-145
-673	-147
-671	-151
-671	-156
-669	-159
-666	-158
-663	-158
-660	-157
-658	-157
-655	-157
-652	-157
-649	-155
-645	-153
-642	-151
-640	-151
-637	-151
-634	-151
-632	-153
-630	-154
-627	-154
-625	-154
-623	-156
-621	-159
-619	-163
-618	-166
-615	-165
-611	-160
-606	-152
-602	-149
-600	-149
-597	-149
-594	-149
-592	-151
-591	-157
-592	-167
-590	-171
-584	-160
-579	-149
-572	-136
-570	-135
-567	-133
-564	-133
-561	-133
-559	-134
-557	-136
-556	-141
-555	-147
-554	-153
-503	-6
-500	-6
0	0
0	0
0	0
0	0
0	0
0	0
0	0
0	0
0	0
0	0
0	0
-495	-102
-496	-114
-495	-122
-495	-132
-495	-141
-496	-158
-494	-161
-492	-164
-490	-166
-488	-168
-486	-169
-484	-170
-481	-170
-479	-171
-476	-171
-474	-171
-471	-172
-469	-172
-466	-173
-463	-169
-459	-161
-455	-155
-452	-151
-449	-151
-447	-151
-444	-150
-441	-149
-439	-151
-437	-152
-434	-153
-432	-152
-429	-154
-428	-157
-426	-161
-424	-166
-423	-171
-421	-173
-418	-172
-415	-172
-413	-172
-410	-172
-408	-173
-405	-173
-403	-172
-400	-172
-398	-172
-395	-172
-393	-172
-390	-171
-387	-171
-385	-171
-382	-171
-380	-171
-378	-173
-375	-172
-373	-172
-370	-172
-367	-170
-365	-170
-362	-171
-360	-172
-358	-172
-355	-170
-352	-171
-350	-170
-347	-169
-345	-168
-342	-169
-340	-170
-337	-170
-335	-170
-333	-173
-331	-177
-329	-181
-327	-184
-324	-184
-322	-185
-320	-186
-317	-186
-315	-185
-312	-184
-309	-184
-307	-184
-305	-185
-302	-184
-300	-185
-297	-187
-295	-186
-292	-186
-290	-185
-287	-186
-285	-185
-282	-184
-280	-184
-277	-184
-275	-183
-272	-183
-270	-184
-267	-184
-265	-185
-262	-186
-260	-185
-257	-184
-255	-183
-252	-184
-250	-185
-247	-184
-245	-184
-243	-186
-240	-185
-237	-183
-235	-183
-232	-184
-230	-184
-228	-184
-225	-184
-223	-183
-220	-184
-218	-184
-215	-183
-213	-183
-210	-184
-208	-185
-205	-185
-203	-184
-200	-184
-198	-184
-196	-185
-193	-185
-191	-185
-188	-184
-186	-183
-183	-183
-181	-185
-178	-184
-176	-184
-173	-184
-171	-184
-168	-184
-166	-184
-164	-185
-161	-185
-159	-184
-156	-183
-154	-183
-151	-184
-149	-185
-146	-186
-144	-187
-142	-187
-139	-186
-136	-184
-134	-184
-132	-184
-129	-185
-127	-185
-124	-185
-122	-184
-119	-185
-117	-186
-114	-185
-112	-184
-109	-184
-107	-184
-105	-184
-102	-184
-100	-185
-97	-186
-95	-185
-92	-184
-90	-185
-87	-183
-85	-182
-83	-183
-80	-183
-78	-182
-75	-182
-73	-183
-70	-183
-68	-184
-65	-184
-63	-183
-60	-183
-58	-184
-53	-182
-51	-183
-48	-184
-46	-184
-43	-184
-41	-184
-38	-184
-36	-185
-33	-184
-31	-185
-29	-185
-26	-184
-24	-184
-21	-184
-19	-185
-16	-185
-14	-184
-11	-184
-9	-184
-7	-184
-4	-184
-2	-184
1	-183
3	-183
6	-182
8	-178
10	-171
12	-166
15	-160
17	-156
19	-154
22	-153
24	-155
27	-156
29	-159
32	-161
34	-162
37	-163
39	-163
41	-163
44	-164
46	-165
49	-167
52	-169
54	-168
56	-166
58	-159
61	-161
64	-170
66	-170
69	-169
71	-169
73	-169
76	-168
78	-168
81	-166
83	-164
85	-163
88	-163
90	-162
93	-163
95	-163
97	-163
100	-163
102	-163
105	-163
107	-162
110	-162
112	-162
115	-164
117	-163
120	-164
122	-166
125	-166
127	-166
130	-167
132	-168
135	-172
138	-176
141	-183
144	-184
146	-184
149	-183
151	-183
154	-183
156	-184
159	-184
161	-182
163	-181
166	-183
169	-185
171	-183
173	-182
176	-183
178	-183
181	-184
184	-184
186	-183
188	-183
191	-184
194	-185
196	-185
199	-185
201	-184
204	-184
206	-184
208	-183
211	-184
213	-184
216	-184
218	-182
221	-183
224	-186
226	-186
229	-185
231	-185
234	-185
236	-185
239	-185
241	-180
242	-175
244	-171
245	-163
248	-162
249	-159
252	-156
253	-153
256	-151
258	-150
261	-151
264	-154
268	-163
271	-165
273	-164
275	-161
277	-161
280	-162
283	-163
285	-164
288	-165
291	-165
293	-163
296	-165
299	-170
303	-175
306	-180
309	-181
311	-179
313	-175
315	-173
318	-175
320	-175
323	-174
326	-178
329	-177
331	-178
334	-178
337	-181
340	-183
343	-186
345	-185
347	-183
349	-176
350	-171
352	-168
354	-168
357	-168
360	-169
362	-169
365	-168
367	-167
370	-167
373	-169
375	-169
378	-169
380	-169
383	-169
385	-169
388	-169
391	-170
393	-169
396	-168
398	-169
401	-169
404	-169
405	-164
406	-159
408	-156
410	-153
412	-150
414	-148
416	-149
419	-148
421	-147
424	-147
426	-146
428	-145
431	-145
435	-150
438	-152
441	-154
444	-157
446	-155
449	-153
451	-152
453	-150
455	-149
457	-148
460	-146
462	-145
464	-142
465	-137
466	-134
473	-148
475	-147
478	-147
481	-148
483	-148
486	-147
488	-146
491	-146
494	-147
496	-146
498	-144
501	-146
507	-155
512	-163
512	-157
514	-154
513	-140
513	-131
513	-125
514	-119
514	-112
514	-104
515	-97
514	-89
515	-81
515	-74
515	-67
515	-60
515	-52
515	-44
513	-30
513	-23
512	-14
513	-8
515	-7
517	-6
519	-5
523	-7
595	-187
594	-176
597	-175
599	-175
603	-176
606	-177
608	-177
611	-177
614	-176
616	-176
619	-177
622	-178
614	-148
616	-146
618	-144
621	-144
624	-144
627	-144
630	-146
633	-147
637	-151
640	-150
641	-147
643	-145
645	-143
648	-142
650	-141
653	-142
656	-142
658	-141
661	-141
664	-141
668	-143
671	-146
675	-147
680	-153
685	-158
689	-161
691	-161
693	-157
695	-156
698	-156
700	-155
703	-154
705	-154
708	-154
711	-154
713	-152
716	-152
719	-152
721	-150
724	-150
726	-149
729	-149
731	-147
734	-147
736	-146
739	-145
741	-145
743	-143
746	-142
748	-141
751	-140
752	-137
752	-129
753	-126
754	-122
754	-116
754	-110
727	-20
727	-13
727	-9
729	-7
731	-4
732	-1
734	1
736	2
739	1
741	2
743	3
746	3
751	-1
775	-6
777	-4
781	-6
780	0
783	1
786	1
789	-0
916	-228
857	-107
860	-105
862	-105
865	-104
867	-104
870	-103
874	-106
878	-106
881	-107
885	-108
931	-189
934	-190
936	-188
940	-189
937	-178
941	-179
944	-179
946	-176
948	-175
952	-176
954	-174
957	-175
962	-177
967	-180
972	-183
975	-184
978	-183
978	-178
978	-171
978	-167
979	-163
981	-159
983	-158
985	-156
987	-154
989	-152
993	-153
996	-153
1002	-158
1012	-168
1020	-177
1024	-179
1027	-179
1031	-179
1034	-179
1037	-179
1041	-179
1044	-179
1048	-180
1051	-179
1054	-179
1056	-177
1059	-176
1063	-178
1067	-180
1071	-180
1075	-181
1077	-179
1080	-178
1084	-179
1087	-179
1090	-178
1093	-177
1097	-178
1100	-178
1104	-178
1108	-179
1111	-180
1113	-177
1117	-177
1121	-178
1125	-179
1128	-179
1131	-179
1135	-179
1138	-179
1142	-179
1144	-177
1147	-176
1150	-176
1155	-178
1159	-179
1163	-179
1166	-179
1169	-178
1172	-177
1175	-176
1179	-177
1182	-176
1185	-176
1189	-177
1193	-178
1197	-178
1200	-178
1203	-177
1208	-178
1213	-180
1218	-182
1221	-181
1224	-180
1227	-180
1231	-181
1235	-181
1238	-180
1242	-181
1246	-180
1249	-180
1252	-179
1256	-179
1260	-180
1264	-180
1267	-180
1271	-180
1276	-181
1280	-182
1284	-183
1287	-182
1291	-182
1295	-182
1298	-181
1302	-181
1302	-176
1303	-173
1306	-172
1308	-169
1310	-167
1311	-164
1314	-163
1317	-161
1319	-159
1321	-157
1324	-156
1327	-155
1332	-156
1341	-163
1351	-171
1359	-177
1364	-178
1368	-178
1371	-177
1374	-177
1376	-173
1377	-170
1379	-167
1378	-161
1378	-156
1380	-153
1383	-152
1386	-151
1388	-149
1391	-148
1395	-148
1399	-148
1402	-146
1406	-147
1409	-146
1413	-145
1418	-147
1423	-148
1430	-152
1438	-157
1447	-164
1457	-170
1463	-174
1468	-174
1472	-174
1475	-172
1475	-168
1477	-165
1481	-165
1488	-168
1493	-170
1497	-169
1499	-167
1503	-167
1505	-164
1507	-162
1511	-161
1515	-161
1517	-159
1520	-157
1523	-156
1526	-155
1528	-152
1530	-150
1533	-148
1534	-144
1536	-141
1539	-140
1542	-139
1559	-154
1562	-152
1565	-151
1569	-150
1572	-149
1575	-148
1578	-146
1580	-143
1583	-142
1587	-141
1591	-141
1596	-141
1610	-152
1617	-155
1622	-156
1628	-158
1634	-159
1637	-158
1640	-156
1643	-155
1646	-153
1650	-152
1654	-152
1660	-153
1666	-155
1674	-159
1677	-157
1681	-157
1686	-157
1690	-156
1692	-154
1695	-152
1697	-149
1700	-147
1703	-146
1705	-143
1708	-141
1709	-138
1711	-135
1713	-133
1718	-132
1724	-134
1732	-138
1735	-135
1737	-133
1740	-131
1743	-129
1746	-128
1752	-129
1767	-139
1782	-149
1785	-147
1789	-147
1793	-146
1797	-145
1803	-146
1810	-148
1809	-142
1810	-139
1816	-139
1822	-141
1825	-139
1829	-138
1832	-136
1836	-135
1839	-133
1842	-131
1845	-130
1854	-133
1858	-132
1864	-133
1876	-140
1881	-140
1884	-137
1888	-137
1891	-134
1894	-133
1898	-131
1901	-129
1906	-130
1913	-131
1921	-134
1931	-138
1934	-136
1934	-131
1935	-128
1935	-123
1936	-119
1937	-115
1939	-112
1943	-111
1948	-110
1954	-111
1965	-117
1975	-121
1980	-121
1984	-119
1990	-120
1994	-118
1996	-115
2000	-114
2005	-114
2016	-119
2020	-117
2022	-114
2025	-112
2028	-110
2032	-108
2040	-110
2052	-116
2064	-122
2071	-123
2077	-123
2080	-120
2080	-116
2083	-113
2087	-112
2093	-112
2098	-111
2102	-111
2107	-110
2115	-111
2120	-111
2123	-108
2125	-105
2128	-103
2136	-105
2147	-109
2158	-113
2161	-110
2165	-109
2164	-103
2166	-100
2168	-97
2171	-95
2176	-94
2180	-92
2186	-92
2190	-91
2193	-89
2193	-84
2193	-78
2194	-75
2198	-73
2200	-70
2201	-66
2199	-59
2201	-56
2202	-53
2202	-48
2202	-43
2202	-38
2202	-34
2203	-29
2204	-26
2205	-22
2206	-18
2208	-15
2211	-12
2210	-7
2209	-1
2205	6
2207	9
2209	12
2208	17
2209	21
2210	25
2211	29
2211	34
2210	39
2210	43
2212	47
2212	51
2211	56
2212	60
2214	63
2215	67
2217	70
2219	73
2221	76
2223	79
2224	83
2221	89
2217	96
2220	99
2226	99
2229	102
2230	105
2232	108
2236	110
2238	113
2237	118
2234	125
2234	129
2238	131
2242	132
2245	135
2246	138
2247	142
2247	146
2249	150
2252	152
2255	154
2257	157
2258	161
2261	164
2263	166
2276	162
2280	164
2285	165
2289	167
2290	170
2291	174
2292	178
2296	180
2301	181
2305	183
2309	185
2312	187
2314	190
2316	193
2316	198
2316	202
2316	206
2315	211
2318	214
2320	217
2320	221
2321	225
2321	229
2321	233
2321	237
2322	241
2321	246
2319	251
2321	254
2325	256
2324	261
2323	266
2324	270
2325	273
2328	276
2328	280
2328	284
2329	288
2329	292
2330	296
2329	300
2329	305
2330	308
2331	312
2332	315
2332	320
2332	324
2334	327
2335	330
2335	335
2333	340
2332	344
2332	348
2334	352
2335	355
2336	358
2337	362
2337	366
2337	370
2336	375
2337	378
2338	382
2338	386
2339	390
2340	393
2340	397
2341	400
2343	404
2345	407
2345	410
2345	414
2346	418
2348	421
2348	425
2349	428
2350	432
2351	436
2351	439
2352	443
2354	446
2355	450
2355	453
2357	457
2358	460
2359	463
2361	466
2362	470
2362	474
2363	477
2363	481
2364	485
2367	487
2368	490
2370	494
2371	497
2373	500
2375	503
2375	507
2375	511
2376	515
2377	518
2377	522
2377	526
2377	529
2377	533
2378	537
2380	540
2381	543
2382	547
2384	550
2384	553
2385	557
2385	561
2388	564
2388	567
2387	572
2387	576
2387	579
2389	582
2389	586
2390	590
2390	593
2389	598
2388	602
2388	606
2389	609
2389	613
2391	616
2393	619
2393	623
2393	627
2392	631
2393	634
2393	638
2395	641
2394	645
2396	648
2397	651
2399	654
2400	658
2400	662
2401	665
2402	668
2402	672
2404	675
2404	679
2403	683
2404	686
2405	690
2405	693
2405	697
2405	701
2405	705
2405	708
2405	712
2404	716
2405	719
2406	723
2407	726
2406	730
2407	734
2407	737
2409	740
2411	743
2411	747
2412	750
2412	754
2412	758
2412	761
2412	765
2412	769
2413	772
2415	775
2418	778
2418	781
2417	785
2418	788
2420	792
2419	796
2420	799
2422	802
2423	805
2424	808
2425	812
2425	815
2425	819
2426	822
2427	826
2428	829
2429	832
2430	836
2430	839
2431	842
2432	846
2432	849
2432	853
2434	856
2435	859
2435	863
2436	866
2437	870
2438	873
2437	877
2437	880
2437	884
2438	887
2440	890
2441	893
2443	897
2439	901
2441	904
2442	908
2442	911
2443	915
2444	918
2445	921
2445	925
2446	928
2448	931
2448	934
2448	938
2448	942
2449	945
2450	948
2452	951
2453	954
2453	958
2453	962
2454	965
2455	968
2455	972
2456	975
2456	979
2456	982
2456	985
2457	989
2459	992
2460	995
2462	998
2462	1002
2463	1005
2464	1008
2465	1012
2466	1015
2466	1018
2466	1022
2465	1026
2466	1029
2469	1032
2470	1035
2471	1038
2471	1042
2469	1046
2468	1050
2469	1053
2472	1056
2473	1059
2473	1063
2472	1066
2473	1069
2475	1072
2476	1076
2477	1079
2476	1083
2477	1086
2478	1089
2478	1093
2480	1096
2483	1099
2482	1102
2483	1106
2484	1109
2484	1112
2485	1116
2486	1119
2485	1123
2484	1126
2485	1130
2485	1133
2485	1137
2486	1140
2488	1143
2490	1146
2490	1149
2490	1153
2491	1156
2491	1160
2490	1163
2491	1167
2492	1170
2492	1173
2491	1177
2491	1181
2493	1184
2496	1187
2497	1190
2497	1193
2496	1197
2497	1200
2499	1203
2502	1206
2501	1210
2502	1213
2502	1217
2503	1220
2505	1223
2506	1227
2505	1230
2506	1233
2507	1237
2508	1240
2508	1243
2507	1247
2509	1250
2508	1254
2509	1257
2508	1261
2508	1264
2510	1267
2510	1271
2511	1274
2513	1277
2515	1280
2514	1284
2514	1287
2513	1291
2515	1294
2516	1297
2517	1301
2517	1304
2519	1307
2519	1311
2520	1314
2520	1317
2522	1321
2523	1324
2523	1327
2523	1331
2524	1334
2524	1338
2525	1341
2526	1344
2527	1347
2528	1351
2527	1354
2529	1358
2530	1361
2531	1364
2531	1368
2531	1371
2532	1374
2532	1378
2533	1381
2533	1385
2534	1388
2536	1391
2536	1395
2536	1398
2536	1402
2536	1405
2538	1408
2539	1412
2539	1415
2541	1418
2542	1422
2543	1425
2543	1428
2542	1432
2543	1435
2543	1439
2544	1442
2544	1445
2545	1449
2545	1452
2544	1456
2545	1459
2546	1462
2546	1466
2547	1469
2548	1473
2548	1476
2549	1479
2550	1483
2551	1486
2552	1489
2553	1493
2552	1496
2553	1500
2553	1503
2553	1507
2555	1510
2557	1513
2558	1517
2558	1520
2558	1523
2559	1527
2559	1530
2557	1534
2556	1537
2558	1541
2557	1544
2557	1548
2559	1551
2561	1554
2562	1558
2560	1561
2559	1565
2560	1568
2562	1571
2562	1575
2563	1578
2563	1582
2563	1585
2564	1588
2564	1592
2565	1595
2565	1599
2565	1602
2566	1606
2568	1609
2569	1612
2569	1616
2568	1619
2569	1623
2571	1626
2571	1630
2571	1633
2571	1636
2570	1640
2570	1643
2570	1647
2572	1650
2572	1654
2571	1657
2573	1661
2574	1664
2576	1667
2577	1671
2578	1674
2577	1678
2576	1681
2577	1685
2577	1688
