2708	1665
2710	1668
2709	1672
2709	1676
2709	1679
2709	1683
2713	1690
2713	1694
2713	1698
2713	1701
2714	1705
2714	1708
2713	1712
2712	1716
2713	1719
2714	1723
2716	1727
2713	1730
2713	1734
2715	1737
2716	1741
2715	1745
2714	1748
2713	1752
2714	1756
2714	1759
2715	1763
2716	1767
2717	1770
2715	1774
2715	1777
2716	1781
2717	1785
2718	1788
2718	1792
2722	1796
2721	1800
2720	1803
2719	1807
2720	1810
2721	1814
2721	1818
2720	1821
2720	1825
2721	1829
2721	1832
2722	1836
2723	1840
2721	1843
2719	1847
2721	1851
2724	1854
2725	1858
2723	1862
2723	1865
2723	1869
2725	1873
2725	1877
2725	1880
2724	1884
2723	1887
2721	1891
2721	1895
2723	1898
2724	1902
2725	1906
2726	1910
2725	1913
2722	1917
2723	1920
2724	1924
2724	1928
2724	1931
2724	1935
2724	1939
2724	1942
2723	1946
2725	1950
2728	1954
2730	1958
2728	1961
2728	1965
2730	1969
2730	1973
2729	1976
2729	1980
2730	1984
2729	1987
2727	1991
2726	1994
2725	1998
2728	2002
2730	2006
2731	2010
2731	2013
2730	2017
2731	2021
2732	2025
2732	2028
2729	2032
2728	2035
2728	2039
2729	2043
2731	2047
2732	2051
2733	2054
2731	2058
2729	2061
2727	2065
2732	2069
2733	2073
2734	2077
2732	2080
2731	2084
2731	2088
2733	2092
2734	2095
2734	2099
2733	2103
2731	2106
2733	2110
2734	2114
2735	2118
2736	2122
2736	2126
2736	2129
2736	2133
2737	2137
2737	2141
2736	2145
2738	2149
2739	2153
2738	2156
2736	2160
2734	2163
2735	2167
2737	2171
2737	2175
2737	2179
2738	2183
2736	2186
2737	2190
2737	2194
2736	2197
2738	2201
2738	2205
2738	2209
2739	2213
2738	2217
2737	2220
2738	2224
2736	2228
2734	2231
2736	2235
2741	2240
2740	2244
2739	2247
2739	2251
2740	2255
2740	2259
2742	2263
2743	2267
2742	2271
2742	2275
2741	2278
2741	2282
2741	2286
2741	2290
2742	2294
2743	2298
2743	2302
2744	2306
2745	2310
2745	2314
2745	2317
2746	2322
2748	2326
2747	2330
2745	2333
2743	2336
2744	2341
2747	2345
2748	2349
2748	2353
2750	2357
2750	2361
2747	2364
2744	2368
2747	2372
2749	2377
2748	2380
2748	2384
2749	2388
2748	2392
2747	2396
2745	2399
2743	2402
2746	2407
2749	2412
2747	2415
2748	2419
2749	2424
2750	2428
2751	2432
2751	2436
2749	2439
2749	2443
2749	2447
2750	2452
2750	2456
2750	2459
2751	2464
2750	2467
2750	2471
2751	2476
2752	2480
2752	2484
2752	2488
2753	2492
2752	2496
2751	2500
2752	2504
2753	2508
2752	2512
2749	2515
2748	2519
2748	2522
2750	2527
2751	2532
2750	2535
2750	2539
2751	2543
2752	2548
2750	2551
2748	2554
2746	2558
2746	2562
2745	2566
2745	2570
2746	2574
2745	2578
2746	2582
2746	2586
2747	2591
2746	2595
2745	2598
2745	2602
2746	2606
2745	2610
2744	2614
2744	2618
2746	2623
2745	2627
2746	2631
2747	2635
2745	2639
2746	2643
2747	2648
2749	2653
2751	2657
2751	2662
2750	2665
2747	2668
2747	2672
2749	2677
2751	2682
2750	2686
2750	2690
2751	2695
2751	2699
2751	2703
2749	2706
2749	2710
2748	2715
2749	2719
2749	2723
2750	2728
2749	2731
2747	2735
2749	2740
2750	2744
2752	2749
2752	2754
2752	2758
2750	2761
2749	2765
2749	2769
2751	2774
2751	2779
2751	2783
2751	2787
2750	2791
2749	2795
2749	2799
2750	2804
2747	2807
2746	2810
2746	2815
2749	2820
2750	2825
2750	2829
2750	2833
2749	2837
2749	2842
2750	2846
2750	2851
2749	2855
2750	2859
2750	2864
2750	2868
2750	2872
2747	2876
2748	2880
2748	2884
2748	2889
2747	2893
2748	2897
2751	2903
2751	2908
2749	2911
2748	2915
2747	2919
2747	2923
2747	2928
2747	2932
2747	2937
2746	2941
2745	2945
2746	2949
2745	2953
2745	2958
2744	2962
2743	2966
2745	2971
2746	2976
2748	2981
2749	2986
2749	2991
2747	2994
2745	2998
2745	3002
2745	3007
2745	3011
2746	3016
2746	3021
2747	3026
2748	3030
2749	3036
2749	3040
2749	3045
2750	3050
2749	3054
2746	3057
2746	3061
2746	3066
2746	3071
2746	3075
2747	3080
2748	3085
2746	3089
2745	3093
2745	3097
2745	3102
2744	3106
2743	3110
2744	3115
2744	3120
2743	3124
2741	3128
2740	3132
2739	3136
2740	3141
2741	3147
2740	3151
2740	3155
2741	3160
2740	3165
2727	3162
2704	3155
2692	3153
2682	3153
2676	3154
2671	3156
2668	3159
2666	3162
2665	3166
2665	3171
2670	3179
2687	3192
2713	3211
2729	3225
2733	3232
2738	3239
2737	3244
2735	3248
2735	3252
2735	3257
2735	3262
2737	3268
2736	3272
2736	3277
2736	3282
2737	3287
2736	3291
2735	3295
2734	3300
2735	3305
2737	3311
2736	3316
2735	3320
2735	3325
2733	3329
2730	3332
2729	3336
2731	3343
2733	3348
2732	3353
2731	3357
2730	3362
2732	3368
2732	3373
2735	3380
2733	3384
2733	3388
2732	3393
2733	3398
2731	3403
2731	3407
2730	3412
2729	3416
2729	3421
2730	3427
2731	3433
2730	3437
2727	3440
2724	3444
2730	3452
2729	3457
2728	3461
2727	3466
2726	3471
2727	3476
2728	3482
2727	3486
2726	3491
2726	3496
2726	3501
2726	3506
2726	3512
2725	3517
2725	3522
2725	3527
2725	3532
2724	3537
2725	3542
2727	3549
2725	3553
2722	3557
2724	3563
2725	3569
2723	3573
2723	3578
2723	3584
2723	3589
2723	3595
2723	3600
2725	3606
2724	3611
2723	3616
2722	3621
2722	3626
2722	3631
2720	3636
2722	3642
2721	3647
2722	3653
2721	3658
2719	3662
2717	3666
2716	3671
2716	3676
2718	3683
2718	3689
2718	3694
2718	3700
2717	3704
2717	3710
2715	3714
2712	3718
2711	3723
2711	3728
2710	3733
2708	3737
2705	3741
2704	3745
2704	3751
2707	3759
2706	3764
2704	3768
2702	3772
2700	3776
2699	3781
2698	3786
2697	3791
2695	3795
2695	3801
2695	3807
2695	3813
2694	3818
2693	3823
2693	3828
2691	3833
2692	3839
2693	3846
2691	3850
2690	3855
2688	3860
2685	3863
2684	3868
2683	3873
2683	3879
2680	3882
2674	3884
2670	3886
2672	3893
2682	3907
2681	3912
2680	3918
2679	3923
2676	3927
2675	3932
2674	3937
2674	3943
2672	3947
2669	3951
2668	3956
2667	3961
2666	3966
2664	3971
2664	3977
2665	3983
2663	3988
2663	3994
2661	3999
2659	4003
2659	4009
2659	4015
2659	4021
2658	4027
2657	4032
2640	4024
2629	4020
2627	4025
2624	4029
2620	4031
2616	4034
2613	4037
2612	4043
2608	4046
2610	4054
2633	4080
2657	4108
2658	4116
2657	4120
2655	4125
2653	4130
2651	4134
2649	4139
2650	4146
2649	4152
2648	4158
2647	4163
2644	4167
2643	4173
2641	4178
2640	4183
2638	4188
2636	4192
2635	4199
2634	4203
2632	4208
2630	4213
2627	4217
2625	4222
2622	4226
2621	4231
2619	4236
2618	4242
2617	4248
2615	4252
2612	4257
2610	4261
2608	4266
2606	4271
2604	4276
2603	4281
2601	4287
2599	4291
2598	4297
2599	4305
2597	4310
2593	4313
2589	4315
2585	4319
2584	4324
2298	4045
2296	4049
2291	4051
2582	4406
2577	4408
2573	4412
2564	4409
2562	4414
2560	4419
2558	4424
2555	4428
2553	4434
2552	4440
2549	4444
2546	4448
2543	4453
2543	4460
2541	4464
2538	4469
2536	4473
2533	4478
2531	4483
2530	4489
2529	4495
2527	4501
2525	4506
2521	4509
2518	4513
2516	4518
2512	4522
2509	4526
2507	4531
2504	4535
2503	4541
2500	4545
2497	4550
2497	4557
2495	4562
2494	4569
2490	4572
2486	4575
2483	4579
2480	4584
2479	4590
2475	4593
2472	4597
2471	4604
2470	4611
2469	4617
2465	4621
2462	4625
2459	4629
2456	4634
2455	4640
2453	4645
2449	4648
2445	4652
2442	4656
2439	4660
2436	4665
2433	4669
2429	4673
2425	4676
2421	4679
2418	4683
2414	4686
2410	4689
2407	4694
2405	4699
2402	4704
2398	4706
2394	4710
2391	4714
2387	4718
2383	4721
2380	4725
2377	4729
2374	4733
2370	4737
2368	4742
2364	4746
2361	4750
2357	4753
2353	4756
2350	4761
2346	4764
2342	4767
2339	4772
2337	4778
2333	4782
2330	4785
2327	4790
2324	4794
2320	4797
2317	4802
2314	4807
2309	4809
2306	4813
2303	4818
2299	4821
2296	4825
2294	4831
2290	4835
2286	4838
2282	4842
2280	4847
2276	4850
2272	4854
2269	4859
2266	4863
2263	4867
2259	4871
2255	4874
2252	4879
2250	4884
2247	4889
2244	4893
2241	4898
2238	4904
2235	4908
2233	4914
2228	4917
2224	4919
2219	4921
2213	4922
2207	4922
2202	4924
2198	4928
2195	4933
2192	4937
2189	4942
2185	4945
2182	4949
2177	4952
2174	4956
2170	4960
2167	4965
2164	4969
2159	4972
2155	4975
2152	4979
2149	4984
2145	4988
2142	4993
2138	4997
2134	4999
2130	5003
2127	5008
2123	5011
2120	5016
2118	5022
2115	5027
2112	5032
2107	5034
2103	5038
2099	5040
2094	5043
2090	5047
2086	5050
2082	5053
2078	5057
2075	5062
2070	5064
2066	5068
2063	5072
2059	5075
2054	5078
2050	5081
2045	5083
2040	5085
2036	5089
2033	5093
2028	5095
2024	5099
2020	5102
2016	5106
2012	5110
2009	5114
2005	5118
1999	5119
1994	5120
1990	5124
1986	5128
1982	5131
1978	5134
1973	5136
1969	5139
1964	5141
1960	5144
1956	5148
1952	5151
1948	5155
1944	5158
1940	5162
1936	5165
1931	5168
1927	5171
1923	5176
1919	5179
1914	5181
1909	5183
1904	5184
1899	5186
1894	5189
1890	5191
1886	5195
1880	5195
1875	5197
1870	5199
1865	5201
1861	5204
1856	5206
1852	5210
1847	5212
1843	5215
1839	5219
1835	5222
1831	5226
1827	5229
1822	5232
1818	5236
1814	5239
1810	5243
1805	5245
1802	5249
1797	5252
1793	5255
1788	5256
1783	5260
1779	5262
1774	5264
1770	5269
1766	5273
1763	5277
1758	5280
1754	5283
1748	5284
1745	5288
1741	5292
1737	5296
1731	5297
1728	5301
1724	5306
1720	5309
1715	5311
1709	5312
1705	5315
1700	5317
1695	5319
1691	5322
1687	5326
1682	5328
1677	5331
1673	5334
1668	5336
1664	5339
1659	5342
1654	5344
1650	5348
1647	5352
1642	5354
1637	5356
1632	5359
1627	5361
1623	5363
1618	5366
1614	5370
1611	5375
1607	5379
1602	5382
1596	5383
1591	5384
1587	5388
1582	5390
1577	5391
1572	5393
1567	5396
1563	5398
1558	5401
1554	5404
1549	5407
1545	5410
1540	5413
1535	5414
1530	5417
1526	5420
1521	5423
1516	5424
1511	5425
1506	5428
1501	5430
1497	5434
1493	5438
1487	5438
1482	5439
1478	5442
1473	5445
1468	5447
1464	5451
1459	5454
1455	5457
1450	5458
1444	5459
1439	5460
1434	5461
1429	5464
1424	5466
1419	5468
1414	5469
1409	5472
1405	5475
1400	5479
1395	5479
1390	5480
1385	5482
1380	5485
1376	5488
1371	5491
1366	5494
1362	5496
1357	5498
1351	5499
1346	5500
1341	5501
1335	5502
1331	5505
1326	5507
1321	5510
1316	5510
1310	5509
1304	5508
1298	5509
1294	5512
1289	5513
1284	5515
1279	5518
1275	5521
1270	5524
1265	5525
1259	5526
1254	5528
1249	5529
1244	5532
1239	5534
1234	5533
1229	5535
1224	5537
1219	5539
1214	5541
1209	5544
1204	5545
1199	5548
1195	5550
1190	5553
1186	5558
1182	5563
1177	5566
1173	5569
1167	5571
1163	5573
1158	5576
1153	5579
1149	5582
1143	5582
1138	5584
1133	5587
1128	5587
1123	5589
1118	5591
1113	5595
1108	5596
1102	5594
1097	5595
1092	5597
1087	5599
1082	5601
1076	5600
1071	5600
1065	5601
1061	5604
1056	5606
1051	5608
1045	5609
1041	5613
1036	5615
1031	5617
1026	5619
1021	5619
1015	5621
1010	5622
1005	5623
999	5623
994	5625
990	5629
984	5628
978	5627
973	5627
968	5629
963	5633
957	5631
951	5629
946	5630
941	5632
936	5633
931	5637
926	5638
921	5638
915	5638
910	5640
905	5642
900	5644
895	5647
891	5652
886	5653
881	5656
877	5660
871	5661
866	5662
861	5662
856	5664
850	5664
845	5664
839	5664
834	5664
828	5664
823	5665
818	5667
813	5670
808	5674
804	5677
798	5677
792	5672
786	5673
781	5675
776	5674
770	5674
765	5675
760	5677
755	5677
749	5677
744	5677
738	5677
733	5676
727	5676
722	5677
717	5677
711	5678
706	5679
701	5678
695	5677
689	5676
684	5676
678	5675
673	5675
668	5676
662	5677
657	5678
652	5678
646	5678
641	5678
635	5675
630	5675
624	5674
619	5674
614	5675
609	5677
604	5679
599	5682
594	5685
589	5686
583	5687
578	5687
573	5689
568	5692
563	5693
557	5692
552	5692
546	5690
541	5689
535	5689
530	5688
525	5688
519	5688
514	5689
509	5691
504	5693
499	5694
494	5696
488	5697
483	5696
478	5697
473	5699
467	5700
462	5701
457	5700
451	5700
446	5699
441	5700
436	5705
431	5707
426	5708
421	5710
415	5711
410	5712
405	5716
400	5721
395	5722
390	5722
385	5723
380	5725
374	5727
369	5728
364	5730
359	5730
353	5730
348	5731
343	5730
337	5732
332	5733
327	5734
322	5736
317	5740
312	5741
306	5742
301	5740
295	5739
290	5740
285	5739
279	5739
274	5738
268	5736
263	5736
258	5737
252	5737
247	5735
242	5736
236	5736
231	5737
226	5736
220	5736
215	5736
210	5735
204	5734
199	5732
193	5730
188	5730
183	5731
177	5730
172	5728
167	5725
161	5726
156	5728
151	5730
146	5731
140	5733
135	5734
130	5736
125	5733
84	5034
79	5030
75	5030
71	5030
66	5025
62	5025
57	5026
53	5025
48	5020
44	5011
39	5009
35	5006
30	5002
26	5000
22	5000
17	5001
13	5005
9	5007
4	5012
0	5021
-4	5026
-8	5025
-13	5024
-17	5026
-21	5030
-26	5031
-30	5030
-35	5032
-40	5728
-45	5732
-50	5732
-56	5730
-61	5729
-66	5728
-72	5727
-77	5727
-82	5726
-87	5724
-93	5723
-98	5722
-103	5721
-109	5721
-114	5721
-119	5720
-124	5719
-130	5718
-135	5719
-140	5720
-145	5720
-151	5718
-156	5714
-161	5711
-166	5710
-172	5710
-177	5709
-182	5708
-187	5708
-193	5708
-198	5709
-203	5708
-208	5708
-214	5710
-219	5711
-224	5711
-230	5708
-235	5708
-240	5708
-245	5707
-251	5706
-256	5703
-261	5703
-266	5702
-271	5702
-277	5701
-282	5700
-287	5699
-292	5697
-298	5698
-303	5700
-308	5702
-314	5709
-319	5711
-325	5711
-330	5710
-335	5709
-340	5707
-346	5707
-351	5707
-356	5706
-361	5706
-367	5705
-372	5706
-377	5707
-383	5707
-388	5706
-393	5704
-398	5705
-404	5707
-410	5710
-415	5710
-420	5710
-425	5711
-431	5710
-436	5710
-441	5707
-446	5704
-451	5702
-457	5703
-462	5702
-467	5699
-472	5696
-477	5693
-482	5692
-487	5691
-493	5691
-498	5691
-503	5692
-509	5693
-514	5689
-519	5687
-524	5686
-529	5685
-534	5684
-539	5682
-545	5682
-550	5681
-555	5681
-560	5679
-565	5678
-571	5679
-576	5679
-581	5679
-587	5680
-592	5682
-598	5682
-603	5681
-608	5680
-613	5679
-618	5674
-623	5673
-628	5673
-634	5672
-639	5671
-644	5670
-649	5670
-654	5668
-660	5667
-665	5666
-670	5668
-675	5667
-681	5665
-685	5659
-690	5655
-694	5652
-699	5650
-705	5649
-710	5647
-715	5644
-720	5642
-725	5642
-730	5641
-735	5641
-740	5640
-746	5639
-751	5639
-756	5639
-761	5637
-766	5634
-771	5632
-776	5631
-781	5629
-786	5626
-791	5625
-796	5625
-802	5624
-807	5623
-812	5624
-818	5624
-823	5623
-828	5621
-833	5619
-837	5616
-843	5615
-848	5614
-853	5613
-858	5614
-864	5614
-869	5613
-874	5612
-879	5612
-885	5614
-890	5612
-895	5611
-901	5611
-906	5610
-911	5608
-916	5608
-921	5607
-926	5605
-932	5605
-937	5605
-942	5605
-947	5603
-952	5600
-956	5595
-961	5593
-967	5593
-972	5593
-977	5592
-982	5591
-987	5588
-992	5587
-998	5587
-1003	5588
-1008	5587
-1014	5587
-1019	5586
-1024	5586
-1029	5584
-1034	5582
-1039	5578
-1043	5575
-1048	5572
-1053	5572
-1058	5571
-1063	5569
-1068	5566
-1072	5562
-1077	5560
-1082	5557
-1087	5555
-1092	5553
-1096	5551
-1102	5549
-1107	5548
-1111	5545
-1116	5543
-1121	5542
-1126	5539
-1131	5537
-1136	5535
-1141	5533
-1146	5533
-1151	5531
-1156	5530
-1161	5529
-1167	5529
-1172	5528
-1177	5527
-1182	5525
-1187	5523
-1192	5523
-1197	5522
-1202	5520
-1207	5518
-1212	5517
-1217	5515
-1222	5514
-1228	5515
-1234	5515
-1239	5514
-1243	5509
-1247	5507
-1253	5507
-1259	5508
-1264	5507
-1269	5505
-1274	5505
-1279	5503
-1285	5503
-1290	5503
-1295	5501
-1299	5496
-1303	5492
-1309	5492
-1314	5490
-1319	5489
-1324	5488
-1329	5487
-1334	5485
-1339	5483
-1343	5480
-1348	5478
-1353	5477
-1358	5475
-1362	5470
-1367	5467
-1370	5462
-1374	5458
-1379	5454
-1384	5452
-1389	5451
-1394	5450
-1398	5447
-1403	5443
-1407	5440
-1411	5436
-1414	5430
-1418	5425
-1423	5422
-1428	5421
-1432	5418
-1437	5416
-1442	5414
-1447	5411
-1451	5410
-1456	5408
-1462	5408
-1467	5406
-1471	5402
-1475	5398
-1479	5394
-1484	5393
-1489	5391
-1494	5389
-1499	5388
-1505	5389
-1510	5388
-1515	5387
-1520	5385
-1525	5384
-1531	5383
-1535	5381
-1540	5379
-1544	5375
-1548	5371
-1552	5368
-1557	5366
-1562	5363
-1565	5359
-1570	5356
-1574	5353
-1579	5352
-1585	5351
-1589	5349
-1594	5347
-1600	5346
-1605	5345
-1609	5341
-1613	5337
-1617	5333
-1621	5329
-1624	5325
-1629	5322
-1634	5320
-1639	5319
-1644	5319
-1649	5318
-1655	5318
-1661	5318
-1666	5317
-1670	5312
-1673	5306
-1676	5300
-1679	5295
-1682	5290
-1686	5286
-1690	5281
-1693	5276
-1697	5272
-1701	5269
-1707	5268
-1711	5265
-1715	5261
-1720	5260
-1725	5259
-1730	5257
-1735	5255
-1740	5253
-1744	5251
-1750	5250
-1754	5248
-1759	5246
-1764	5244
-1769	5244
-1774	5242
-1778	5238
-1783	5236
-1787	5233
-1792	5232
-1797	5230
-1802	5227
-1805	5223
-1809	5218
-1813	5215
-1817	5213
-1822	5211
-1828	5211
-1832	5206
-1835	5201
-1839	5197
-1841	5191
-1846	5188
-1850	5185
-1854	5183
-1858	5179
-1862	5176
-1867	5174
-1872	5171
-1876	5169
-1882	5168
-1887	5168
-1891	5165
-1895	5161
-1900	5159
-1904	5156
-1907	5150
-1910	5145
-1914	5142
-1918	5138
-1921	5134
-1925	5130
-1929	5126
-1933	5124
-1937	5120
-1941	5117
-1945	5114
-1949	5110
-1953	5106
-1957	5104
-1962	5101
-1964	5095
-1968	5091
-1972	5089
-1977	5086
-1982	5084
-1986	5081
-1990	5078
-1994	5074
-1996	5067
-1998	5061
-2002	5058
-2006	5055
-2011	5053
-2016	5051
-2021	5049
-2024	5046
-2029	5043
-2033	5040
-2037	5037
-2040	5032
-2044	5030
-2048	5026
-2052	5022
-2055	5018
-2060	5016
-2064	5013
-2069	5011
-2073	5008
-2077	5004
-2081	5001
-2084	4997
-2088	4994
-2092	4990
-2096	4987
-2100	4984
-2104	4981
-2108	4977
-2112	4974
-2116	4971
-2119	4967
-2123	4963
-2128	4961
-2131	4958
-2136	4955
-2140	4953
-2144	4949
-2147	4945
-2150	4941
-2153	4935
-2157	4932
-2161	4929
-2165	4925
-2169	4923
-2173	4919
-2176	4915
-2179	4910
-2183	4907
-2187	4904
-2191	4901
-2195	4897
-2198	4893
-2202	4890
-2205	4886
-2208	4881
-2212	4878
-2215	4874
-2219	4870
-2222	4866
-2226	4862
-2229	4858
-2233	4855
-2236	4851
-2241	4848
-2244	4845
-2248	4842
-2252	4838
-2254	4833
-2257	4827
-2261	4824
-2265	4822
-2269	4819
-2272	4814
-2274	4809
-2278	4805
-2281	4801
-2285	4798
-2289	4795
-2293	4792
-2297	4789
-2300	4784
-2303	4780
-2307	4777
-2310	4773
-2314	4770
-2317	4766
-2321	4762
-2325	4759
-2329	4756
-2332	4752
-2336	4749
-2339	4745
-2342	4740
-2346	4737
-2350	4734
-2354	4731
-2356	4726
-2359	4722
-2363	4718
-2366	4714
-2369	4710
-2371	4705
-2375	4701
-2378	4697
-2380	4691
-2382	4686
-2384	4681
-2388	4677
-2392	4675
-2397	4673
-2401	4670
-2404	4666
-2407	4661
-2409	4657
-2412	4653
-2414	4647
-2416	4642
-2419	4637
-2422	4632
-2425	4629
-2429	4626
-2432	4622
-2435	4617
-2437	4612
-2440	4608
-2443	4604
-2444	4598
-2447	4593
-2449	4588
-2452	4584
-2456	4580
-2459	4576
-2462	4573
-2465	4569
-2467	4564
-2470	4559
-2473	4555
-2476	4551
-2479	4547
-2481	4542
-2484	4538
-2486	4533
-2489	4529
-2493	4526
-2496	4522
-2500	4518
-2503	4515
-2506	4511
-2509	4507
-2511	4502
-2514	4498
-2517	4494
-2521	4491
-2524	4487
-2525	4481
-2529	4478
-2533	4476
-2537	4472
-2539	4468
-2540	4461
-2543	4457
-2546	4453
-2549	4449
-2553	4446
-2555	4441
-2557	4436
-2558	4430
-2561	4426
-2565	4423
-2568	4420
-2568	4412
-2571	4408
-2573	4403
-2577	4400
-2580	4397
-2581	4390
-2584	4386
-2587	4383
-2587	4376
-2589	4371
-2591	4366
-2593	4361
-2594	4355
-2595	4349
-2597	4344
-2600	4341
-2603	4337
-2605	4332
-2606	4326
-2606	4319
-2607	4313
-2608	4307
-2609	4301
-2612	4297
-2615	4294
-2619	4291
-2621	4287
-2624	4283
-2626	4278
-2628	4273
-2631	4269
-2630	4262
-2631	4256
-2634	4252
-2636	4247
-2638	4242
-2639	4237
-2642	4233
-2645	4230
-2649	4227
-2653	4224
-2654	4218
-2656	4214
-2658	4210
-2661	4205
-2662	4200
-2665	4197
-2669	4194
-2672	4190
-2672	4184
-2673	4178
-2675	4173
-2677	4168
-2680	4164
-2683	4161
-2685	4157
-2687	4152
-2690	4148
-2693	4144
-2696	4141
-2698	4136
-2700	4131
-2701	4126
-2702	4120
-2700	4113
-2700	4106
-2701	4101
-2705	4098
-2705	4092
-2705	4085
-2705	4079
-2708	4075
-2710	4071
-2711	4066
-2713	4061
-2713	4055
-2714	4050
-2716	4045
-2716	4039
-2716	4033
-2715	4026
-2717	4021
-2720	4018
-2720	4012
-2719	4005
-2721	4000
-2724	3996
-2725	3992
-2728	3988
-2731	3985
-2735	3982
-2735	3976
-2732	3967
-2731	3960
-2733	3955
-2733	3950
-2735	3946
-2739	3943
-2741	3938
-2743	3934
-2744	3929
-2745	3924
-2743	3917
-2745	3912
-2749	3909
-2751	3905
-2752	3900
-2753	3895
-2754	3890
-2755	3885
-2754	3878
-2755	3873
-2757	3869
-2758	3864
-2759	3859
-2760	3854
-2761	3849
-2763	3845
-2763	3839
-2764	3834
-2764	3828
-2766	3824
-2768	3820
-2770	3815
-2772	3811
-2772	3806
-2774	3802
-2774	3796
-2776	3792
-2779	3789
-2780	3784
-2781	3778
-2782	3774
-2785	3770
-2787	3766
-2785	3759
-2787	3755
-2787	3750
-2786	3743
-2787	3738
-2788	3734
-2789	3728
-2788	3722
-2788	3717
-2787	3710
-2786	3704
-2786	3698
-2787	3694
-2787	3688
-2786	3682
-2785	3676
-2788	3672
-2791	3669
-2791	3664
-2791	3659
-2792	3654
-2794	3650
-2794	3644
-2794	3639
-2794	3634
-2796	3630
-2800	3627
-2801	3622
-2804	3619
-2805	3615
-2806	3609
-2803	3602
-2802	3596
-2802	3591
-2804	3587
-2804	3582
-2807	3578
-2809	3574
-2811	3570
-2811	3565
-2811	3560
-2811	3554
-2810	3549
-2809	3543
-2810	3538
-2809	3532
-2809	3527
-2809	3522
-2809	3517
-2809	3512
-2810	3507
-2812	3503
-2812	3498
-2811	3492
-2811	3487
-2811	3482
-2811	3477
-2811	3471
-2811	3467
-2813	3463
-2812	3457
-2813	3453
-2814	3448
-2814	3443
-2813	3438
-2813	3432
-2813	3427
-2813	3422
-2813	3417
-2813	3412
-2811	3406
-2811	3401
-2811	3396
-2812	3391
-2810	3386
-2803	3376
-2805	3372
-2806	3368
-2808	3364
-2810	3360
-2813	3357
-2816	3354
-2817	3350
-2818	3346
-2818	3341
-2817	3336
-2817	3330
-2817	3325
-2817	3321
-2819	3317
-2813	3308
-2812	3303
-2813	3299
-2814	3294
-2813	3289
-2812	3284
-2809	3277
-2808	3272
-2810	3268
-2812	3264
-2811	3259
-2811	3254
-2811	3250
-2813	3246
-2813	3241
-2812	3236
-2812	3231
-2811	3226
-2809	3220
-2809	3215
-2809	3210
-2810	3206
-2810	3202
-2809	3197
-2808	3191
-2808	3187
-2810	3183
-2809	3178
-2810	3174
-2812	3170
-2806	3163
-2806	3158
-2809	3154
-2810	3150
-2811	3146
-2806	3139
-2804	3133
-2804	3129
-2806	3125
-2808	3122
-2807	3117
-2805	3111
-2805	3107
-2805	3102
-2805	3097
-2804	3092
-2804	3088
-2804	3083
-2801	3077
-2799	3072
-2799	3067
-2796	3061
-2796	3057
-2797	3053
-2798	3049
-2798	3044
-2797	3039
-2796	3034
-2794	3029
-2789	3022
-2785	3016
-2786	3012
-2786	3007
-2785	3003
-2784	2998
-2785	2994
-2785	2990
-2785	2985
-2784	2980
-2786	2977
-2788	2973
-2788	2969
-2786	2964
-2783	2958
-2783	2953
-2781	2948
-2777	2942
-2785	2941
-2784	2937
-2775	2929
-2775	2924
-2775	2920
-2772	2914
-2773	2910
-2777	2908
-2778	2904
-2778	2900
-2780	2896
-2781	2892
-2776	2886
-2764	2876
-2767	2874
-2770	2871
-2769	2866
-2767	2861
-2766	2856
-2765	2852
-2765	2848
-2766	2844
-2766	2839
-2764	2835
-2765	2831
-2766	2827
-2766	2823
-2765	2818
-2762	2813
-2760	2808
-2758	2803
-2756	2798
-2757	2794
-2759	2791
-2759	2787
-2758	2782
-2758	2778
-2759	2774
-2758	2770
-2755	2765
-2753	2760
-2753	2756
-2758	2753
-2759	2750
-2760	2746
-2761	2742
-2760	2738
-2758	2733
-2758	2729
-2757	2725
-2755	2720
-2753	2715
-2753	2711
-2751	2706
-2750	2702
-2748	2697
-2749	2693
-2749	2689
-2749	2686
-2743	2679
-2742	2675
-2744	2672
-2745	2668
-2745	2664
-2744	2660
-2745	2656
-2745	2652
-2744	2648
-2742	2643
-2741	2639
-2741	2635
-2741	2631
-2739	2626
-2740	2623
-2739	2618
-2738	2614
-2736	2610
-2737	2606
-2737	2602
-2737	2598
-2738	2595
-2739	2591
-2736	2586
-2736	2582
-2738	2579
-2738	2575
-2736	2570
-2735	2566
-2733	2562
-2730	2557
-2730	2553
-2729	2549
-2728	2545
-2727	2540
-2725	2536
-2726	2532
-2726	2529
-2723	2524
-2723	2520
-2723	2516
-2723	2512
-2724	2509
-2725	2505
-2725	2502
-2724	2497
-2724	2494
-2723	2489
-2720	2485
-2718	2480
-2719	2477
-2721	2474
-2724	2471
-2723	2467
-2720	2462
-2720	2458
-2721	2455
-2721	2451
-2720	2447
-2720	2443
-2721	2440
-2720	2436
-2718	2431
-2716	2427
-2717	2423
-2717	2420
-2716	2416
-2715	2412
-2715	2408
-2718	2405
-2721	2402
-2721	2399
-2718	2394
-2716	2390
-2715	2386
-2712	2381
-2710	2377
-2709	2373
-2709	2369
-2708	2365
-2708	2362
-2707	2358
-2706	2354
-2706	2350
-2705	2346
-2704	2342
-2706	2339
-2707	2336
-2706	2332
-2704	2328
-2704	2324
-2705	2320
-2705	2317
-2703	2313
-2701	2308
-2702	2305
-2698	2300
-2695	2296
-2695	2293
-2696	2289
-2698	2286
-2698	2282
-2697	2279
-2697	2275
-2697	2271
-2697	2268
-2696	2264
-2694	2260
-2695	2256
-2695	2253
-2695	2249
-2692	2245
-2690	2241
-2691	2238
-2691	2234
-2691	2230
-2691	2227
-2690	2223
-2689	2219
-2688	2215
-2686	2211
-2685	2208
-2686	2204
-2685	2201
-2685	2197
-2685	2193
-2685	2190
-2685	2186
-2685	2183
-2684	2179
-2683	2175
-2682	2171
-2680	2168
-2679	2164
-2680	2160
-2679	2157
-2679	2153
-2677	2149
-2678	2146
-2677	2142
-2675	2138
-2675	2135
-2676	2131
-2675	2128
-2673	2124
-2671	2120
-2673	2117
-2672	2113
-2672	2110
-2672	2106
-2670	2102
-2669	2099
-2667	2095
-2667	2091
-2667	2088
-2669	2085
-2670	2081
-2670	2078
-2669	2074
-2668	2071
-2667	2067
-2666	2063
-2666	2060
-2665	2056
-2666	2053
-2665	2049
-2663	2046
-2664	2042
-2663	2039
-2662	2035
-2660	2031
-2660	2028
-2659	2024
-2659	2021
-2659	2017
-2658	2014
-2656	2010
-2654	2006
-2654	2003
-2652	1999
-2651	1996
-2653	1992
-2654	1989
-2653	1986
-2651	1982
-2652	1979
-2652	1975
-2652	1972
-2651	1968
-2649	1965
-2650	1961
-2649	1958
-2649	1954
-2649	1951
-2648	1947
-2646	1944
-2646	1940
-2644	1937
-2643	1933
-2643	1930
-2642	1926
-2642	1923
-2642	1919
-2641	1916
-2640	1912
-2639	1909
-2638	1905
-2637	1902
-2637	1899
-2636	1895
-2635	1892
-2635	1888
-2636	1885
-2635	1881
-2635	1878
-2634	1875
-2633	1871
-2632	1868
-2631	1864
-2629	1861
-2628	1857
-2629	1854
-2629	1851
-2627	1847
-2627	1844
-2624	1840
-2624	1837
-2625	1833
-2624	1830
-2623	1827
-2622	1823
-2621	1820
-2621	1816
-2620	1813
-2620	1810
-2618	1806
-2618	1803
-2616	1799
-2615	1796
-2614	1793
-2614	1789
-2614	1786
-2614	1783
-2613	1779
-2613	1776
-2613	1772
-2613	1769
-2613	1766
-2613	1762
-2611	1759
-2609	1756
-2608	1752
-2607	1749
-2605	1746
-2605	1742
-2606	1739
-2608	1736
-2609	1732
-2608	1729
-2607	1726
-2606	1722
-2606	1719
-2606	1716
-2602	1712
-2599	1709
-2597	1705
-2598	1702
-2598	1699
-2597	1696
-2595	1692
-2595	1689
-2594	1686
-2593	1682
-2592	1679
-2589	1676
-2588	1672
-2588	1669
-2587	1666
-2586	1662
-2586	1659
-2587	1656
-2586	1652
-2583	1649
-2581	1646
-2586	1643
-2579	1639
-2579	1636
-2582	1633
-2582	1629
-2580	1626
-2577	1623
-2573	1620
-2571	1617
-2572	1613
-2575	1610
-2574	1607
-2574	1603
-2571	1600
-2568	1597
-2567	1594
-2567	1590
-2566	1587
-2563	1584
-2561	1581
-2560	1578
-2562	1574
-2564	1571
-2562	1568
-2560	1564
-2559	1561
-2558	1558
-2556	1555
-2555	1552
-2554	1548
-2555	1545
-2554	1542
-2552	1539
-2553	1535
-2551	1532
-2550	1529
-2549	1526
-2548	1523
-2548	1519
-2547	1516
-2547	1513
-2546	1510
-2544	1506
-2543	1503
-2543	1500
-2544	1497
-2544	1493
-2541	1490
-2541	1487
-2540	1484
-2540	1481
-2538	1477
-2536	1474
-2534	1471
-2533	1468
-2532	1465
-2532	1462
-2530	1459
-2529	1455
-2530	1452
-2531	1449
-2530	1446
-2527	1443
-2527	1439
-2527	1436
-2524	1433
-2524	1430
-2523	1427
-2520	1424
-2518	1421
-2518	1418
-2518	1414
-2520	1411
-2519	1408
-2520	1404
-2521	1401
-2519	1398
-2519	1395
-2521	1391
-2520	1388
-2517	1385
-2514	1382
-2513	1379
-2514	1376
-2512	1373
-2511	1369
-2508	1367
-2507	1363
-2506	1360
-2505	1357
-2506	1354
-2504	1351
-2499	1348
-2498	1345
-2499	1342
-2501	1338
-2497	1335
-2496	1332
-2496	1329
-2495	1326
-2493	1323
-2492	1320
-2491	1317
-2493	1313
-2492	1310
-2492	1307
-2487	1304
-2485	1302
-2485	1298
-2484	1295
-2482	1292
-2481	1289
-2479	1286
-2480	1283
-2480	1279
-2478	1277
-2476	1274
-2476	1270
-2475	1267
-2473	1265
-2472	1261
-2471	1258
-2469	1255
-2468	1252
-2468	1249
-2466	1246
-2466	1243
-2465	1240
-2464	1237
-2463	1234
-2463	1230
-2463	1227
-2462	1224
-2464	1221
-2463	1217
-2460	1215
-2460	1212
-2457	1209
-2455	1206
-2454	1203
-2454	1200
-2453	1197
-2452	1194
-2452	1190
-2451	1187
-2450	1184
-2449	1181
-2449	1178
-2447	1175
-2445	1172
-2444	1169
-2443	1166
-2441	1163
-2441	1160
-2439	1157
-2437	1154
-2435	1152
-2435	1148
-2434	1145
-2433	1142
-2430	1140
-2428	1137
-2428	1134
-2428	1130
-2426	1127
-2425	1124
-2426	1121
-2426	1118
-2425	1115
-2423	1112
-2422	1109
-2422	1105
-2423	1102
-2423	1099
-2422	1096
-2420	1093
-2418	1090
-2417	1087
-2417	1084
-2419	1080
-2418	1077
-2417	1074
-2416	1071
-2413	1068
-2413	1065
-2412	1062
-2409	1059
-2406	1057
-2405	1054
-2403	1051
-2402	1048
-2402	1045
-2404	1041
-2404	1038
-2402	1035
-2401	1032
-2401	1029
-2400	1026
-2401	1022
-2400	1019
-2400	1016
-2398	1013
-2396	1010
-2395	1007
-2396	1004
-2395	1001
-2393	998
-2391	995
-2390	992
-2391	988
-2393	985
-2392	982
-2391	978
-2388	976
-2387	973
-2385	970
-2385	967
-2384	964
-2384	961
-2385	957
-2384	954
-2383	951
-2381	948
-2379	946
-2378	943
-2377	940
-2375	937
-2373	934
-2372	931
-2372	928
-2372	924
-2372	921
-2372	918
-2372	914
-2371	911
-2369	909
-2368	906
-2367	903
-2364	900
-2361	898
-2360	895
-2359	892
-2360	888
-2361	884
-2359	881
-2358	878
-2357	875
-2355	873
-2355	869
-2354	866
-2352	864
-2350	861
-2351	857
-2351	854
-2349	851
-2347	849
-2347	845
-2346	842
-2346	839
-2344	836
-2343	833
-2341	831
-2340	828
-2339	825
-2339	821
-2337	818
-2336	815
-2335	812
-2335	809
-2334	806
-2334	803
-2332	800
-2332	796
-2331	793
-2331	790
-2331	787
-2327	785
-2324	782
-2323	779
-2321	777
-2321	773
-2322	770
-2320	767
-2320	763
-2322	759
-2323	755
-2322	752
-2319	750
-2317	747
-2315	745
-2313	742
-2312	739
-2313	735
-2312	732
-2311	729
-2309	726
-2309	723
-2306	720
-2305	718
-2304	715
-2302	712
-2301	709
-2301	705
-2300	702
-2298	700
-2303	694
-2302	691
-2302	687
-2301	684
-2300	681
-2298	679
-2296	676
-2294	673
-2294	670
-2293	667
-2293	663
-2292	660
-2290	657
-2291	654
-2289	651
-2290	647
-2288	644
-2286	642
-2286	638
-2285	635
-2285	632
-2284	628
-2281	626
-2279	624
-2278	621
-2276	618
-2275	615
-2273	612
-2273	609
-2273	605
-2273	602
-2273	598
-2273	594
-2271	592
-2269	589
-2268	586
-2265	584
-2264	581
-2265	577
-2266	572
-2264	570
-2262	567
-2260	565
-2259	561
-2258	559
-2256	556
-2255	553
-2253	550
-2253	547
-2251	544
-2248	542
-2248	538
-2249	534
-2249	530
-2247	527
-2246	525
-2245	521
-2244	518
-2242	516
-2240	513
-2238	510
-2240	506
-2238	503
-2235	501
-2235	498
-2234	494
-2235	490
-2233	487
-2230	485
-2229	482
-2230	478
-2228	475
-2225	473
-2224	470
-2222	467
-2221	464
-2218	462
-2217	459
-2216	456
-2214	453
-2213	450
-2210	448
-2209	445
-2206	443
-2204	440
-2205	436
-2205	432
-2201	431
-2199	428
-2198	425
-2198	421
-2201	416
-2200	413
-2196	411
-2195	408
-2194	405
-2193	401
-2194	397
-2193	394
-2192	391
-2190	388
-2189	385
-2187	382
-2186	379
-2186	375
-2186	372
-2184	369
-2185	364
-2184	361
-2181	359
-2180	356
-2179	353
-2177	350
-2175	347
-2173	344
-2173	341
-2173	337
-2173	333
-2170	331
-2168	328
-2168	325
-2168	320
-2167	317
-2165	315
-2163	312
-2163	308
-2164	304
-2163	300
-2161	298
-2159	295
-2158	292
-2158	288
-2157	284
-2153	283
-2152	280
-2151	277
-2150	273
-2152	268
-2152	264
-2151	261
-2147	259
-2144	258
-2142	255
-2141	251
-2140	248
-2138	246
-2135	243
-2134	240
-2134	236
-2136	231
-2136	227
-2136	222
-2134	220
-2134	216
-2132	213
-2128	212
-2126	209
-2125	206
-2123	203
-2122	200
-2121	196
-2121	192
-2119	190
-2119	185
-2119	181
-2116	179
-2115	176
-2116	171
-2114	168
-2111	166
-2108	165
-2107	161
-2107	157
-2107	152
-2105	150
-2100	150
-2093	150
-2091	148
-2088	146
-2083	146
-2079	145
-2075	144
-2073	141
-2067	141
-2062	141
-2059	139
-2054	139
-2051	137
-2051	133
-2051	128
-2049	126
-2047	123
-2047	119
-2046	116
-2045	112
-2044	109
-2044	105
-2040	103
-2037	101
-2035	99
-2033	96
-2032	93
-2030	90
-2036	81
-2034	79
-2032	76
-2032	71
-2027	71
-2025	69
-2026	63
-2025	60
-2024	56
-2024	52
-2022	49
-2020	47
-2018	44
-2017	40
-2016	37
-2014	34
-2012	31
-2010	29
-2010	24
-2010	20
-2008	17
-2006	15
-2004	12
-2003	8
-2000	6
-1999	3
-1999	-1
-1997	-4
-1997	-8
-1996	-12
-1994	-15
-1991	-17
-1989	-20
-1988	-23
-1987	-27
-1985	-29
-1982	-31
-1981	-35
-1980	-39
-1980	-43
-1979	-47
-1976	-49
-1976	-53
-1976	-58
-1974	-61
-1972	-64
-1971	-67
-1969	-69
-1968	-73
-1965	-75
-1964	-79
-1962	-82
-1961	-86
-1962	-91
-1957	-92
-1959	-98
-1959	-102
-1956	-104
-1953	-106
-1952	-110
-1951	-114
-1951	-118
-1947	-120
-1944	-122
-1943	-125
-1942	-129
-1936	-128
-1928	-124
-1923	-125
-1916	-122
-1912	-123
-1910	-126
-1909	-130
-1908	-133
-1905	-136
-1887	-122
-1877	-117
-1870	-115
-1865	-115
-1861	-115
-1858	-117
-1856	-120
-1857	-125
-1858	-131
-1859	-137
-1863	-146
-1858	-145
-1853	-145
-1847	-144
-1842	-144
-1836	-142
-1828	-139
-1824	-139
-1820	-140
-1816	-141
-1814	-143
-1811	-146
-1809	-148
-1807	-150
-1803	-152
-1800	-152
-1796	-153
-1793	-155
-1791	-158
-1791	-163
-1788	-165
-1785	-166
-1782	-168
-1776	-166
-1766	-160
-1754	-152
-1749	-152
-1744	-151
-1740	-151
-1737	-152
-1734	-154
-1732	-157
-1730	-160
-1728	-163
-1726	-165
-1722	-165
-1715	-162
-1711	-162
-1709	-165
-1706	-167
-1700	-165
-1688	-157
-1679	-151
-1676	-152
-1669	-149
-1658	-142
-1653	-141
-1648	-140
-1645	-141
-1643	-143
-1643	-148
-1648	-160
-1645	-160
-1641	-161
-1637	-161
-1634	-162
-1629	-161
-1624	-160
-1621	-161
-1618	-163
-1615	-164
-1612	-166
-1608	-165
-1603	-164
-1598	-163
-1593	-162
-1583	-156
-1576	-152
-1573	-153
-1569	-153
-1565	-153
-1560	-153
-1557	-153
-1553	-153
-1548	-151
-1544	-152
-1543	-156
-1538	-155
-1531	-151
-1524	-147
-1518	-144
-1513	-143
-1510	-143
-1506	-144
-1503	-145
-1500	-146
-1498	-148
-1496	-150
-1494	-153
-1492	-156
-1486	-153
-1481	-152
-1476	-150
-1459	-133
-1453	-130
-1448	-128
-1444	-127
-1440	-128
-1436	-127
-1431	-126
-1428	-126
-1424	-126
-1422	-128
-1421	-132
-1420	-136
-1420	-140
-1428	-156
-1423	-155
-1417	-152
-1413	-152
-1410	-152
-1405	-151
-1402	-152
-1399	-153
-1396	-153
-1392	-153
-1390	-155
-1389	-158
-1387	-162
-1381	-159
-1378	-159
-1374	-159
-1372	-160
-1369	-161
-1367	-164
-1366	-168
-1364	-170
-1359	-168
-1355	-167
-1351	-167
-1350	-170
-1344	-167
-1340	-167
-1337	-168
-1334	-168
-1331	-169
-1328	-170
-1325	-170
-1322	-172
-1319	-173
-1316	-173
-1309	-168
-1302	-163
-1298	-162
-1294	-162
-1291	-162
-1287	-162
-1284	-162
-1282	-164
-1279	-165
-1275	-165
-1271	-164
-1271	-168
-1270	-172
-1267	-173
-1264	-173
-1261	-174
-1257	-173
-1253	-172
-1245	-165
-1240	-163
-1238	-165
-1236	-167
-1236	-172
-1233	-173
-1230	-174
-1225	-172
-1222	-172
-1219	-172
-1216	-174
-1214	-175
-1211	-176
-1207	-176
-1204	-176
-1201	-176
-1197	-176
-1193	-175
-1190	-175
-1187	-175
-1183	-173
-1178	-172
-1172	-167
-1169	-168
-1166	-168
-1163	-169
-1160	-169
-1158	-171
-1155	-172
-1153	-174
-1150	-173
-1146	-173
-1143	-173
-1140	-173
-1137	-174
-1135	-177
-1132	-178
-1127	-174
-1124	-174
-1121	-175
-1118	-175
-1115	-176
-1112	-175
-1109	-176
-1106	-176
-1103	-177
-1100	-177
-1096	-176
-1093	-177
-1090	-176
-1085	-174
-1083	-175
-1080	-175
-1077	-175
-1075	-178
-1072	-178
-1068	-178
-1066	-178
-1063	-179
-1059	-177
-1055	-177
-1052	-177
-1050	-178
-1048	-180
-1045	-180
-1041	-179
-1036	-176
-1034	-177
-1030	-176
-1027	-176
-1024	-176
-1022	-178
-1019	-179
-1017	-180
-1013	-180
-1010	-178
-1006	-178
-1003	-178
-1000	-178
-998	-179
-995	-179
-992	-180
-990	-181
-983	-175
-979	-171
-975	-171
-973	-172
-970	-173
-968	-174
-966	-176
-964	-179
-961	-178
-937	-134
-934	-134
-931	-134
-928	-134
-924	-133
-922	-134
-920	-136
-919	-141
-918	-145
-918	-150
-917	-155
-915	-156
-910	-153
-903	-142
-894	-131
-890	-127
-887	-127
-885	-128
-883	-130
-882	-136
-885	-149
-889	-164
-891	-174
-886	-170
-879	-160
-871	-150
-867	-146
-864	-145
-861	-146
-858	-145
-855	-146
-853	-146
-864	-178
-776	1
-773	1
-770	2
-768	1
-766	-0
-763	1
-760	1
-758	1
-755	2
-752	2
-750	2
-747	2
-745	2
-742	1
-740	0
-738	-1
-735	0
-732	0
-731	-4
-732	-12
-732	-18
-729	-18
-724	-12
-720	-8
-718	-9
-718	-16
-717	-20
-716	-23
-745	-127
-744	-132
-743	-136
-742	-140
-740	-143
-738	-145
-735	-145
-733	-146
-730	-146
-728	-148
-726	-149
-723	-150
-721	-151
-718	-151
-716	-151
-713	-151
-711	-152
-709	-154
-706	-155
-704	-156
-701	-157
-699	-156
-696	-157
-694	-157
-691	-158
-688	-158
-686	-159
-684	-160
-681	-159
-679	-163
-676	-160
-672	-158
-669	-156
-666	-154
-662	-152
-659	-150
-655	-147
-652	-146
-650	-145
-647	-145
-644	-144
-641	-144
-639	-145
-636	-145
-634	-146
-632	-148
-630	-150
-628	-151
-626	-153
-623	-155
-622	-157
-620	-160
-617	-160
-614	-158
-609	-152
-606	-149
-603	-147
-600	-148
-598	-150
-596	-151
-595	-155
-597	-173
-596	-178
-594	-179
-591	-180
-589	-181
-586	-180
-583	-180
-581	-180
-578	-180
-576	-181
-573	-181
-570	-180
-567	-179
-565	-180
-562	-180
-559	-178
-557	-178
-554	-180
-552	-180
-550	-182
-547	-182
-545	-184
-543	-187
-541	-187
-538	-186
-535	-187
-533	-187
-530	-187
-528	-187
-525	-187
-522	-187
-520	-186
-517	-186
-514	-185
-512	-185
-509	-186
-507	-185
-504	-186
-502	-187
-499	-187
-496	-187
-494	-186
-491	-187
-489	-188
-486	-187
-484	-187
-481	-186
-478	-187
-476	-186
-473	-186
-471	-186
-468	-188
-466	-188
-463	-188
-461	-188
-458	-187
-455	-187
-453	-187
-450	-188
-448	-188
-445	-187
-443	-187
-440	-189
-438	-189
-435	-187
-432	-187
-430	-188
-427	-187
-425	-188
-422	-186
-419	-186
-417	-186
-415	-187
-412	-187
-410	-189
-407	-186
-404	-187
-402	-187
-399	-186
-397	-186
-394	-186
-392	-187
-389	-186
-387	-187
-384	-186
-382	-188
-379	-188
-377	-187
-374	-187
-371	-186
-369	-187
-366	-186
-364	-185
-361	-185
-359	-185
-356	-185
-354	-185
-351	-185
-349	-188
-346	-187
-344	-187
-341	-186
-339	-186
-336	-186
-334	-187
-331	-187
-329	-186
-326	-185
-324	-184
-321	-184
-319	-185
-316	-187
-314	-187
-311	-185
-309	-186
-306	-186
-304	-186
-300	-180
-297	-175
-295	-173
-292	-173
-290	-172
-287	-171
-284	-170
-282	-171
-280	-172
-278	-175
-276	-180
-274	-188
-272	-187
-269	-187
-267	-187
-264	-187
-262	-186
-259	-186
-257	-187
-254	-187
-252	-186
-249	-185
-247	-186
-244	-186
-242	-186
-239	-185
-237	-186
-234	-186
-232	-185
-229	-185
-227	-186
-224	-187
-222	-187
-220	-187
-217	-187
-215	-187
-212	-187
-210	-187
-207	-186
-205	-185
-202	-186
-200	-186
-197	-186
-195	-186
-192	-185
-190	-186
-187	-187
-185	-187
-183	-186
-180	-187
-178	-186
-175	-186
-173	-186
-170	-185
-168	-186
-165	-187
-163	-187
-160	-186
-158	-186
-155	-187
-153	-187
-151	-187
-148	-187
-146	-186
-143	-185
-141	-187
-138	-187
-136	-186
-133	-187
-131	-187
-128	-186
-126	-187
-124	-186
-121	-185
-119	-186
-116	-185
-114	-186
-111	-186
-109	-186
-106	-185
-104	-185
-101	-185
-99	-187
-97	-186
-94	-186
-92	-186
-89	-187
-87	-187
-84	-187
-82	-186
-79	-186
-77	-186
-75	-186
-70	-186
-67	-185
-65	-186
-62	-187
-60	-188
-57	-188
-55	-187
-52	-187
-50	-187
-48	-187
-45	-186
-43	-186
-40	-186
-38	-187
-35	-186
-33	-185
-30	-186
-28	-187
-25	-187
-23	-187
-21	-187
-18	-186
-16	-185
-13	-184
-11	-184
-8	-186
-6	-186
-3	-186
-1	-186
1	-186
4	-186
6	-186
9	-185
11	-185
14	-184
16	-185
19	-186
21	-186
24	-186
26	-186
28	-186
31	-186
33	-186
36	-186
38	-187
41	-187
43	-187
46	-187
48	-186
51	-185
53	-185
56	-186
58	-187
60	-187
63	-186
65	-186
68	-186
70	-185
73	-187
75	-187
78	-188
80	-188
83	-187
85	-186
88	-186
90	-185
92	-185
95	-185
97	-184
100	-185
102	-184
105	-184
107	-184
110	-184
112	-184
115	-186
117	-185
120	-185
122	-186
125	-186
127	-187
130	-186
132	-187
135	-188
137	-188
140	-187
142	-186
144	-186
147	-186
149	-185
152	-185
154	-185
157	-186
159	-186
162	-186
164	-187
167	-186
169	-186
172	-185
174	-184
176	-184
179	-185
181	-184
184	-185
186	-181
188	-177
190	-175
193	-175
195	-174
197	-173
200	-173
202	-173
205	-172
207	-173
210	-172
212	-171
214	-171
217	-170
219	-170
222	-171
224	-171
227	-174
230	-178
234	-185
237	-187
239	-186
242	-186
244	-184
246	-184
249	-185
252	-185
254	-186
257	-186
259	-186
262	-185
264	-184
267	-185
269	-184
272	-186
275	-186
277	-187
280	-186
282	-186
285	-186
287	-186
290	-187
292	-186
295	-186
297	-185
299	-184
302	-184
305	-185
307	-185
310	-187
313	-187
315	-186
318	-186
320	-186
323	-186
325	-186
328	-185
330	-186
333	-186
335	-186
338	-186
341	-186
343	-186
345	-184
348	-186
351	-184
353	-184
356	-184
358	-185
361	-184
363	-184
366	-184
369	-184
371	-185
374	-184
376	-185
379	-185
382	-185
384	-186
387	-185
389	-185
392	-185
395	-185
397	-185
400	-185
402	-185
405	-185
407	-183
410	-183
413	-184
415	-183
417	-183
420	-184
423	-185
426	-186
429	-186
431	-186
434	-186
436	-185
439	-185
442	-185
444	-183
446	-184
449	-183
452	-183
454	-183
457	-184
460	-184
462	-183
465	-184
468	-184
470	-183
473	-183
475	-184
478	-184
481	-183
483	-184
486	-184
489	-184
492	-184
494	-184
497	-184
499	-184
502	-183
505	-184
507	-184
510	-184
513	-184
516	-185
519	-185
521	-185
524	-185
526	-184
529	-183
532	-184
534	-184
536	-182
539	-181
541	-179
542	-176
545	-176
548	-177
552	-180
554	-178
556	-177
558	-174
559	-167
560	-163
561	-159
563	-157
566	-157
568	-156
571	-155
573	-154
574	-149
576	-147
577	-143
579	-140
583	-145
589	-154
596	-166
602	-174
605	-177
608	-177
611	-177
613	-176
615	-172
613	-161
611	-147
609	-134
611	-131
613	-129
615	-128
617	-127
619	-125
621	-123
623	-120
625	-119
628	-120
631	-120
633	-118
636	-119
639	-121
643	-123
647	-126
654	-138
660	-145
664	-149
668	-151
671	-153
674	-153
677	-153
678	-148
677	-139
677	-134
680	-133
683	-134
687	-136
690	-138
695	-142
702	-154
705	-154
708	-153
710	-152
713	-153
715	-151
718	-150
720	-149
723	-148
725	-147
728	-147
730	-146
732	-145
735	-144
737	-143
740	-142
742	-141
744	-139
745	-135
746	-131
748	-127
748	-122
748	-116
748	-108
721	-19
720	-11
721	-7
722	-5
724	-2
725	0
728	1
730	2
733	1
735	3
738	3
741	2
744	1
747	-1
751	-2
754	-2
755	1
757	2
760	2
776	-2
777	-0
780	-0
784	-2
881	-172
866	-137
870	-139
874	-141
879	-145
885	-150
891	-157
896	-160
898	-157
896	-149
896	-143
898	-141
900	-139
903	-137
905	-136
910	-140
922	-156
924	-155
927	-155
930	-154
933	-154
937	-155
942	-158
948	-164
955	-171
959	-172
961	-171
963	-168
965	-167
968	-167
971	-166
974	-166
979	-168
983	-171
992	-180
996	-182
999	-181
1002	-182
1005	-181
1008	-181
1012	-181
1015	-181
1018	-181
1021	-180
1025	-181
1028	-180
1031	-180
1034	-180
1038	-181
1041	-180
1044	-181
1047	-180
1051	-180
1054	-181
1056	-177
1057	-174
1059	-172
1061	-170
1062	-166
1063	-162
1065	-160
1067	-159
1069	-156
1072	-156
1077	-158
1084	-165
1092	-172
1098	-176
1102	-177
1105	-176
1108	-175
1111	-175
1116	-178
1121	-180
1125	-181
1128	-180
1131	-179
1134	-179
1138	-179
1141	-179
1144	-178
1147	-177
1148	-174
1151	-172
1154	-172
1156	-170
1158	-168
1161	-167
1166	-168
1171	-171
1174	-170
1175	-167
1177	-165
1179	-163
1182	-162
1186	-162
1189	-162
1193	-162
1197	-163
1203	-167
1211	-174
1216	-175
1216	-170
1216	-165
1218	-163
1221	-162
1224	-161
1228	-161
1233	-163
1237	-164
1244	-169
1250	-172
1255	-174
1261	-177
1266	-180
1267	-176
1268	-172
1269	-169
1271	-166
1273	-163
1276	-162
1278	-160
1280	-157
1283	-156
1286	-156
1291	-157
1295	-158
1302	-163
1310	-168
1319	-175
1322	-175
1325	-173
1329	-174
1339	-181
1343	-183
1345	-180
1348	-178
1351	-177
1361	-186
1363	-183
1364	-179
1366	-177
1368	-175
1371	-173
1375	-173
1380	-175
1383	-174
1387	-173
1391	-174
1395	-174
1398	-173
1400	-170
1402	-168
1402	-163
1402	-158
1405	-157
1407	-155
1411	-154
1415	-154
1420	-156
1426	-158
1430	-158
1434	-158
1437	-157
1442	-158
1448	-161
1456	-165
1458	-163
1459	-160
1462	-159
1464	-156
1466	-153
1468	-151
1472	-151
1475	-149
1477	-147
1480	-145
1483	-144
1485	-142
1488	-141
1493	-142
1506	-151
1508	-149
1512	-149
1515	-147
1518	-146
1521	-146
1526	-147
1533	-150
1538	-150
1541	-149
1543	-146
1547	-146
1552	-147
1557	-148
1561	-148
1564	-146
1568	-145
1576	-150
1575	-144
1575	-139
1576	-136
1578	-132
1581	-131
1586	-132
1589	-130
1590	-127
1591	-124
1594	-121
1598	-121
1602	-121
1607	-121
1613	-123
1632	-139
1637	-139
1641	-139
1646	-140
1652	-141
1656	-141
1659	-140
1662	-138
1666	-137
1670	-136
1672	-134
1673	-130
1675	-127
1680	-128
1685	-129
1689	-128
1692	-126
1697	-126
1701	-126
1706	-127
1711	-126
1715	-125
1718	-125
1722	-124
1727	-123
1730	-122
1733	-120
1736	-119
1739	-117
1743	-116
1746	-115
1749	-113
1753	-112
1756	-111
1759	-108
1762	-107
1765	-106
1769	-104
1772	-103
1776	-102
1779	-100
1783	-99
1787	-98
1791	-98
1796	-98
1802	-99
1809	-101
1821	-108
1827	-109
1831	-108
1838	-110
1846	-113
1853	-114
1859	-115
1863	-115
1874	-120
1875	-117
1878	-114
1879	-111
1882	-109
1887	-108
1891	-107
1894	-105
1901	-108
1914	-114
1925	-120
1928	-118
1927	-112
1921	-102
1932	-107
1944	-113
1948	-112
1951	-110
1952	-106
1952	-101
1957	-101
1966	-104
1974	-106
1976	-104
1979	-102
1981	-98
1983	-96
1985	-93
1988	-90
1989	-87
1990	-83
1990	-78
1992	-75
1994	-72
2001	-74
2039	-101
2045	-102
2050	-101
2054	-100
2057	-98
2063	-98
2073	-101
2080	-103
2081	-98
2081	-94
2081	-90
2082	-86
2085	-83
2089	-82
2097	-83
2119	-97
2124	-96
2130	-96
2136	-97
2145	-99
2153	-101
2162	-103
2169	-104
2174	-103
2175	-99
2169	-90
2171	-86
2174	-84
2178	-83
2181	-80
2192	-84
2196	-83
2202	-82
2210	-83
2217	-84
2220	-82
2222	-79
2227	-78
2235	-79
2243	-81
2248	-80
2250	-76
2254	-75
2260	-74
2265	-73
2276	-77
2284	-78
2290	-78
2295	-77
2299	-75
2304	-74
2300	-66
2300	-61
2301	-57
2307	-56
2318	-60
2326	-62
2332	-61
2337	-60
2343	-59
2356	-64
2365	-66
2374	-67
2384	-69
2386	-66
2388	-63
2392	-61
2396	-59
2402	-58
2410	-59
2415	-58
2409	-48
2400	-38
2400	-33
2399	-27
2400	-23
2400	-18
2398	-12
2400	-9
2403	-6
2404	-2
2403	3
2403	8
2406	11
2408	14
2409	18
2409	23
2410	27
2412	30
2413	34
2413	39
2415	42
2417	46
2418	49
2420	53
2421	57
2421	61
2422	66
2423	70
2427	72
2428	76
2428	80
2428	85
2430	88
2431	92
2432	96
2433	100
2435	103
2436	107
2438	111
2438	115
2440	118
2441	122
2442	126
2444	130
2446	133
2447	137
2446	142
2448	145
2448	150
2449	154
2450	158
2452	161
2454	164
2456	167
2457	171
2459	174
2459	179
2461	183
2461	187
2461	191
2461	196
2461	200
2463	203
2467	205
2467	210
2467	215
2469	218
2470	221
2471	226
2473	229
2474	232
2475	237
2476	240
2478	244
2479	247
2480	251
2481	255
2482	258
2484	262
2485	266
2487	269
2489	272
2490	276
2493	279
2495	282
2497	285
2498	289
2500	292
2501	296
2502	300
2503	304
2505	307
2506	311
2503	317
2505	320
2506	324
2506	328
2505	333
2507	336
2509	339
2510	343
2511	347
2513	350
2514	354
2515	357
2513	363
2512	368
2512	372
2515	375
2519	377
2518	382
2518	386
2519	389
2519	394
2519	398
2522	401
2522	405
2523	409
2523	413
2525	416
2525	420
2524	425
2525	429
2526	432
2528	436
2527	440
2527	444
2529	448
2530	451
2532	454
2533	458
2534	462
2535	465
2537	469
2537	473
2539	476
2539	480
2538	485
2539	488
2541	492
2542	495
2543	499
2543	503
2541	508
2543	511
2545	514
2545	519
2544	523
2545	527
2548	530
2549	533
2549	537
2551	541
2550	545
2551	549
2552	552
2554	556
2555	559
2555	563
2556	567
2557	570
2557	575
2557	578
2558	582
2560	585
2560	589
2562	593
2563	596
2564	600
2564	604
2566	607
2567	610
2569	614
2570	617
2570	621
2571	625
2571	629
2572	633
2571	637
2572	641
2573	644
2574	648
2575	651
2574	655
2576	659
2577	662
2578	666
2577	670
2576	675
2576	679
2576	683
2579	686
2578	690
2577	694
2578	698
2578	702
2580	705
2582	708
2583	712
2583	715
2584	719
2584	723
2586	726
2587	730
2589	733
2589	737
2590	740
2590	744
2592	748
2593	751
2594	755
2594	758
2596	762
2596	766
2596	769
2595	774
2597	777
2597	781
2597	785
2596	789
2597	793
2599	796
2600	799
2601	803
2602	806
2601	810
2602	814
2602	818
2602	822
2603	825
2604	829
2603	833
2605	836
2605	840
2606	843
2608	847
2608	850
2608	854
2609	858
2609	862
2611	865
2612	869
2612	872
2614	876
2614	879
2614	883
2614	887
2614	891
2614	894
2615	898
2616	901
2616	905
2615	909
2616	913
2618	916
2619	920
2620	923
2620	927
2620	931
2620	934
2621	938
2621	942
2621	945
2622	949
2623	953
2625	956
2624	960
2624	964
2626	967
2627	970
2628	974
2627	978
2628	981
2631	984
2633	988
2633	991
2632	995
2632	999
2632	1003
2633	1006
2634	1010
2636	1013
2636	1017
2637	1020
2637	1024
2636	1028
2638	1031
2640	1035
2638	1039
2638	1043
2639	1046
2639	1050
2640	1053
2641	1057
2642	1060
2643	1064
2644	1067
2644	1071
2645	1075
2645	1078
2645	1082
2645	1086
2645	1089
2646	1093
2647	1096
2647	1100
2646	1104
2646	1108
2646	1111
2647	1115
2648	1118
2649	1122
2649	1125
2650	1129
2650	1133
2650	1137
2649	1140
2650	1144
2651	1147
2652	1151
2653	1154
2653	1158
2653	1162
2652	1166
2653	1169
2654	1173
2654	1176
2654	1180
2656	1183
2657	1187
2658	1190
2658	1194
2658	1197
2658	1201
2659	1205
2658	1209
2657	1212
2657	1216
2658	1220
2659	1223
2659	1227
2659	1230
2659	1234
2660	1238
2661	1241
2661	1245
2663	1248
2663	1252
2663	1255
2665	1259
2665	1262
2665	1266
2665	1270
2667	1273
2669	1276
2670	1280
2669	1284
2670	1287
2671	1291
2673	1294
2674	1297
2675	1301
2672	1305
2673	1309
2675	1312
2677	1315
2676	1319
2677	1323
2678	1326
2679	1330
2678	1333
2678	1337
2678	1341
2680	1344
2680	1348
2681	1351
2683	1355
2682	1358
2682	1362
2683	1366
2685	1369
2684	1373
2685	1376
2686	1380
2684	1384
2684	1387
2684	1391
2684	1395
2684	1398
2682	1402
2684	1406
2685	1409
2685	1413
2686	1416
2687	1420
2686	1423
2686	1427
2686	1431
2687	1434
2687	1438
2687	1441
2688	1445
2691	1448
2691	1452
2690	1456
2691	1459
2692	1463
2691	1466
2692	1470
2694	1474
2694	1477
2695	1481
2696	1484
2696	1488
2695	1492
2695	1495
2696	1499
2697	1502
2697	1506
2698	1509
2698	1513
2698	1517
2699	1520
2700	1524
2700	1527
2700	1531
2700	1535
2700	1538
2701	1542
2702	1545
2702	1549
2703	1553
2702	1556
2702	1560
2703	1564
2703	1567
2703	1571
2703	1574
2703	1578
2705	1582
2706	1585
2706	1589
2706	1592
2706	1596
2706	1600
2707	1603
2707	1607
2707	1611
2709	1614
2709	1618
2709	1621
2709	1625
2707	1629
2709	1632
2710	1636
2709	1639
2710	1643
2712	1647
2709	1650
2707	1654
2707	1658
2708	1661
