2723	1660
2724	1664
2725	1667
2726	1671
2727	1675
2726	1678
2727	1685
2727	1689
2728	1693
2728	1696
2729	1700
2728	1704
2729	1707
2729	1711
2729	1715
2730	1718
2731	1722
2730	1726
2731	1729
2731	1733
2731	1737
2731	1740
2732	1744
2732	1748
2733	1751
2733	1755
2733	1759
2734	1762
2734	1766
2734	1770
2734	1773
2734	1777
2734	1781
2734	1784
2734	1788
2736	1792
2735	1795
2733	1799
2733	1803
2732	1806
2733	1810
2734	1814
2734	1817
2734	1821
2734	1825
2734	1828
2734	1832
2734	1836
2735	1839
2736	1843
2736	1847
2737	1850
2737	1854
2737	1858
2738	1862
2737	1865
2737	1869
2738	1873
2739	1876
2739	1880
2739	1884
2739	1887
2740	1891
2740	1895
2741	1899
2741	1902
2740	1906
2741	1910
2742	1913
2743	1917
2743	1921
2743	1925
2743	1928
2742	1932
2743	1936
2744	1939
2743	1943
2744	1947
2745	1951
2745	1954
2745	1958
2745	1962
2744	1965
2744	1969
2744	1973
2745	1977
2746	1980
2746	1984
2746	1988
2744	1991
2744	1995
2745	1999
2746	2003
2748	2007
2749	2011
2750	2014
2750	2018
2751	2022
2752	2026
2752	2030
2752	2033
2751	2037
2753	2041
2752	2045
2753	2048
2753	2052
2754	2056
2754	2060
2753	2063
2753	2067
2755	2071
2754	2075
2754	2079
2754	2082
2755	2086
2755	2090
2756	2094
2755	2098
2756	2101
2756	2105
2756	2109
2757	2113
2757	2117
2758	2121
2758	2124
2759	2128
2759	2132
2760	2136
2760	2140
2759	2143
2760	2147
2760	2151
2759	2155
2759	2159
2759	2162
2760	2166
2760	2170
2760	2174
2759	2178
2761	2182
2760	2185
2761	2189
2762	2193
2763	2197
2763	2201
2763	2205
2763	2209
2763	2213
2764	2217
2764	2220
2764	2224
2764	2228
2765	2232
2765	2236
2767	2240
2767	2244
2767	2248
2767	2252
2768	2256
2768	2260
2769	2264
2770	2268
2770	2272
2770	2276
2770	2280
2771	2283
2770	2287
2771	2291
2772	2295
2770	2299
2770	2303
2770	2307
2770	2310
2770	2314
2769	2318
2768	2322
2769	2326
2769	2330
2769	2334
2769	2337
2769	2341
2770	2346
2770	2350
2770	2353
2771	2357
2771	2361
2770	2365
2771	2369
2771	2373
2771	2377
2770	2381
2771	2385
2770	2389
2769	2392
2769	2396
2768	2400
2768	2404
2768	2408
2768	2412
2767	2416
2767	2420
2767	2423
2767	2427
2767	2431
2766	2435
2766	2439
2766	2443
2765	2447
2765	2451
2766	2455
2766	2459
2767	2463
2767	2467
2767	2471
2766	2475
2766	2479
2767	2483
2767	2487
2767	2491
2768	2495
2768	2499
2768	2503
2768	2507
2767	2511
2767	2515
2768	2519
2768	2523
2768	2527
2766	2531
2767	2535
2768	2540
2768	2544
2768	2548
2768	2552
2767	2556
2768	2560
2768	2564
2767	2568
2767	2572
2767	2576
2767	2580
2768	2584
2768	2588
2769	2593
2769	2597
2770	2601
2771	2605
2770	2609
2770	2613
2771	2618
2770	2622
2769	2625
2771	2630
2773	2635
2774	2639
2774	2644
2773	2648
2773	2652
2775	2656
2774	2660
2773	2664
2774	2668
2773	2672
2773	2676
2773	2680
2772	2685
2773	2689
2773	2693
2773	2697
2773	2701
2773	2706
2773	2710
2772	2714
2774	2719
2773	2723
2773	2727
2774	2731
2773	2735
2774	2740
2773	2744
2773	2748
2773	2752
2774	2756
2774	2761
2775	2765
2773	2769
2773	2773
2773	2778
2777	2783
2777	2787
2777	2792
2777	2796
2776	2800
2776	2804
2775	2808
2775	2812
2774	2816
2775	2821
2775	2825
2774	2829
2775	2834
2774	2838
2773	2842
2773	2846
2774	2851
2775	2856
2776	2860
2774	2864
2773	2868
2773	2872
2773	2877
2773	2881
2773	2885
2773	2890
2774	2895
2775	2900
2776	2904
2777	2909
2776	2913
2776	2918
2777	2922
2776	2926
2775	2930
2774	2934
2775	2939
2777	2944
2778	2949
2776	2953
2777	2958
2776	2962
2776	2966
2775	2970
2778	2976
2778	2981
2776	2984
2776	2989
2775	2993
2775	2997
2775	3002
2774	3006
2773	3010
2773	3014
2772	3019
2771	3022
2771	3027
2770	3031
2770	3036
2772	3041
2771	3045
2771	3050
2771	3054
2771	3059
2771	3063
2771	3068
2770	3072
2769	3076
2768	3080
2768	3085
2768	3090
2768	3094
2767	3098
2767	3103
2770	3109
2769	3113
2768	3117
2767	3122
2767	3126
2766	3131
2765	3135
2764	3139
2763	3143
2762	3147
2760	3150
2749	3150
2725	3142
2704	3136
2694	3135
2690	3137
2687	3140
2683	3143
2681	3147
2680	3151
2681	3156
2684	3162
2761	3208
2759	3212
2759	3217
2759	3221
2759	3226
2760	3231
2759	3236
2759	3240
2760	3246
2759	3250
2758	3254
2758	3259
2758	3264
2758	3269
2758	3274
2756	3277
2754	3281
2754	3286
2755	3291
2754	3296
2754	3301
2753	3305
2753	3310
2755	3316
2754	3320
2752	3324
2751	3328
2749	3332
2749	3337
2748	3341
2746	3345
2745	3350
2744	3354
2742	3358
2741	3362
2740	3367
2741	3372
2742	3378
2742	3383
2741	3387
2741	3392
2740	3397
2739	3401
2738	3406
2738	3411
2738	3415
2736	3420
2735	3424
2735	3429
2735	3434
2734	3439
2733	3443
2733	3448
2731	3452
2731	3457
2730	3462
2729	3466
2728	3471
2727	3475
2726	3479
2724	3484
2723	3488
2722	3493
2721	3497
2720	3502
2718	3506
2717	3510
2718	3516
2717	3520
2715	3525
2714	3529
2712	3533
2711	3537
2710	3542
2710	3547
2710	3553
2709	3557
2708	3561
2707	3566
2707	3572
2705	3576
2704	3580
2705	3586
2704	3591
2704	3596
2703	3601
2703	3606
2701	3610
2699	3614
2698	3618
2696	3623
2697	3629
2696	3633
2696	3639
2696	3645
2694	3649
2692	3652
2689	3655
2687	3660
2685	3664
2684	3669
2682	3673
2679	3676
2675	3678
2672	3682
2672	3687
2672	3692
2671	3698
2670	3703
2666	3705
2662	3707
2661	3712
2665	3720
2661	3723
2657	3726
2655	3730
2654	3735
2653	3739
2652	3744
2651	3749
2649	3754
2648	3758
2646	3763
2645	3767
2644	3772
2643	3777
2643	3782
2641	3786
2638	3790
2636	3794
2635	3799
2634	3804
2631	3807
2630	3812
2627	3815
2624	3819
2624	3825
2622	3829
2622	3834
2620	3839
2618	3843
2617	3848
2615	3852
2615	3858
2613	3862
2611	3867
2609	3871
2606	3874
2604	3878
2601	3882
2599	3886
2598	3891
2597	3895
2596	3901
2594	3905
2593	3910
2591	3914
2588	3918
2588	3923
2587	3929
2585	3933
2583	3938
2581	3942
2579	3946
2578	3951
2577	3956
2576	3961
2575	3966
2572	3970
2565	3970
2515	3932
2511	3934
2510	3940
2508	3944
2506	3948
2503	3951
2505	3959
2557	4011
2554	4015
2553	4020
2552	4025
2550	4030
2548	4034
2546	4039
2545	4044
2542	4048
2540	4052
2538	4057
2537	4061
2534	4065
2531	4069
2531	4075
2530	4080
2529	4086
2528	4091
2526	4095
2524	4100
2523	4105
2520	4109
2518	4114
2516	4118
2515	4123
2512	4126
2510	4131
2508	4136
2506	4141
2505	4146
2504	4151
2503	4156
2501	4161
2498	4164
2494	4168
2492	4172
2491	4177
2488	4181
2489	4189
2488	4194
2485	4198
2482	4202
2480	4206
2478	4211
2476	4215
2474	4220
2471	4224
2470	4229
2470	4235
2467	4239
2464	4243
2461	4247
2458	4251
2457	4256
2455	4261
2455	4268
2453	4273
2453	4279
2213	4038
2209	4040
2205	4041
2191	4033
2196	4045
2184	4038
2198	4059
2193	4060
2199	4073
2199	4079
2198	4085
2433	4340
2430	4344
2429	4351
2425	4353
2424	4359
2422	4364
2421	4369
2418	4373
2415	4377
2413	4382
2411	4388
2409	4392
2407	4397
2404	4401
2402	4406
2400	4410
2398	4416
2396	4421
2393	4425
2391	4429
2388	4434
2385	4437
2382	4441
2380	4446
2377	4450
2374	4454
2371	4458
2370	4464
2367	4468
2365	4473
2363	4478
2360	4482
2357	4486
2355	4491
2353	4497
2351	4501
2349	4507
2347	4511
2344	4516
2343	4521
2340	4526
2337	4530
2335	4535
2332	4539
2330	4545
2329	4550
2325	4554
2322	4558
2320	4563
2319	4569
2316	4574
2313	4577
2310	4581
2307	4585
2303	4589
2302	4594
2299	4599
2295	4602
2291	4605
2289	4610
2286	4615
2284	4619
2281	4624
2277	4627
2275	4631
2272	4636
2269	4641
2266	4645
2263	4649
2261	4655
2258	4658
2254	4661
2250	4664
2248	4670
2245	4674
2242	4678
2240	4683
2236	4686
2233	4690
2230	4695
2227	4699
2224	4703
2221	4708
2219	4713
2216	4717
2214	4723
2212	4728
2208	4732
2205	4735
2201	4738
2198	4743
2195	4747
2192	4751
2188	4755
2185	4759
2182	4763
2179	4767
2176	4772
2173	4776
2169	4780
2166	4784
2163	4788
2160	4793
2158	4799
2155	4803
2150	4805
2147	4808
2143	4812
2140	4816
2136	4820
2132	4822
2128	4825
2124	4829
2121	4833
2117	4836
2113	4838
2109	4842
2104	4844
2100	4846
2095	4848
2091	4852
2088	4855
2084	4859
2081	4863
2078	4867
2075	4872
2071	4876
2067	4878
2063	4881
2059	4884
2056	4889
2052	4892
2050	4898
2046	4901
2043	4906
2039	4909
2035	4912
2031	4915
2027	4917
2022	4920
2019	4924
2014	4926
2011	4930
2007	4934
2003	4937
1998	4939
1994	4942
1991	4947
1988	4951
1984	4954
1980	4957
1975	4958
1971	4962
1967	4965
1963	4967
1958	4970
1954	4973
1950	4975
1946	4979
1942	4982
1937	4984
1932	4986
1928	4988
1924	4992
1920	4994
1916	4997
1911	5000
1908	5004
1903	5006
1899	5008
1895	5012
1891	5014
1886	5016
1881	5018
1878	5022
1873	5023
1868	5025
1864	5028
1860	5031
1855	5033
1851	5036
1847	5040
1843	5044
1840	5047
1835	5049
1831	5052
1827	5055
1822	5058
1818	5060
1814	5063
1810	5066
1807	5071
1804	5076
1799	5078
1794	5080
1790	5083
1786	5086
1782	5089
1778	5092
1773	5095
1769	5097
1765	5100
1761	5104
1757	5107
1753	5109
1748	5112
1744	5115
1740	5119
1736	5122
1731	5123
1727	5125
1722	5128
1718	5131
1714	5134
1711	5139
1707	5142
1702	5144
1697	5146
1693	5148
1689	5151
1684	5153
1679	5155
1675	5159
1671	5161
1666	5163
1662	5166
1657	5168
1653	5171
1649	5174
1644	5175
1639	5176
1635	5180
1631	5183
1627	5187
1622	5188
1617	5190
1612	5192
1607	5194
1602	5195
1598	5197
1592	5197
1587	5199
1583	5202
1578	5203
1573	5205
1568	5206
1564	5208
1559	5211
1554	5212
1550	5214
1545	5216
1541	5219
1536	5222
1532	5225
1528	5228
1523	5230
1519	5232
1514	5234
1509	5235
1504	5237
1501	5241
1496	5243
1491	5245
1486	5246
1482	5249
1475	5247
1469	5246
1464	5247
1460	5250
1456	5253
1451	5255
1447	5257
1442	5260
1438	5262
1432	5263
1428	5266
1423	5268
1419	5270
1414	5271
1409	5272
1403	5272
1399	5275
1395	5279
1391	5281
1386	5283
1382	5286
1377	5288
1372	5290
1367	5290
1362	5291
1357	5292
1352	5293
1347	5296
1343	5300
1338	5301
1333	5301
1329	5303
1323	5304
1319	5306
1314	5308
1309	5310
1304	5311
1300	5313
1295	5315
1291	5318
1286	5320
1282	5323
1277	5325
1272	5327
1267	5328
1262	5329
1257	5329
1251	5329
1247	5332
1243	5334
1238	5336
1233	5339
1229	5340
1224	5342
1219	5343
1213	5341
1207	5340
1201	5338
1196	5339
1191	5341
1184	5336
1178	5332
1172	5332
1167	5333
1163	5335
1158	5338
1154	5340
1149	5343
1145	5346
1140	5348
1136	5352
1131	5353
1127	5355
1122	5357
1118	5360
1114	5364
1110	5368
1106	5372
1101	5374
1096	5376
1092	5378
1087	5380
1082	5380
1077	5382
1072	5382
1067	5383
1062	5384
1057	5387
1052	5388
1047	5388
1043	5391
1038	5393
1033	5394
1028	5395
1023	5395
1017	5394
1012	5394
1007	5395
1003	5399
998	5402
994	5403
988	5404
983	5404
979	5407
974	5408
970	5412
965	5413
960	5414
955	5417
951	5419
946	5422
941	5424
937	5425
931	5423
925	5422
920	5423
916	5427
911	5429
906	5430
901	5430
896	5431
891	5431
886	5432
880	5430
874	5427
869	5426
864	5426
859	5428
854	5430
849	5431
844	5432
840	5433
835	5436
830	5437
824	5435
819	5435
815	5437
810	5439
805	5441
800	5442
795	5443
790	5443
785	5443
780	5443
774	5442
770	5444
765	5446
760	5448
755	5450
751	5453
746	5456
742	5459
737	5460
731	5458
726	5457
721	5459
716	5461
711	5461
706	5460
701	5460
696	5460
690	5459
685	5458
680	5457
675	5457
670	5459
665	5461
660	5462
655	5463
650	5463
645	5465
641	5467
636	5467
631	5468
626	5469
621	5470
616	5470
610	5469
605	5469
600	5470
595	5470
590	5471
585	5472
580	5472
575	5474
571	5476
566	5477
560	5475
555	5476
550	5477
546	5478
541	5479
535	5478
530	5479
526	5480
520	5480
515	5481
510	5480
506	5483
501	5485
496	5486
491	5486
486	5486
481	5487
476	5486
471	5486
465	5484
460	5482
454	5479
449	5480
444	5481
440	5482
435	5483
429	5482
424	5481
419	5477
413	5475
408	5474
403	5473
398	5473
393	5475
389	5477
383	5475
378	5475
373	5475
368	5475
363	5476
359	5479
354	5482
349	5485
344	5487
340	5489
335	5492
330	5492
325	5493
320	5492
315	5492
310	5491
304	5490
300	5495
295	5496
290	5497
285	5497
280	5498
275	5498
270	5499
265	5500
260	5502
255	5502
250	5501
245	5502
240	5501
235	5503
184	5017
180	5020
176	5020
171	5017
167	5013
162	5014
158	5014
153	5012
148	5003
144	4998
139	4996
135	4995
130	4991
126	4992
122	4995
118	4996
113	4996
109	4998
105	5004
101	5010
97	5010
92	5010
88	5010
84	5012
79	5016
75	5018
71	5016
75	5501
70	5497
65	5495
60	5495
55	5495
50	5495
45	5495
40	5492
35	5492
30	5491
25	5490
20	5489
15	5488
10	5486
5	5486
-0	5485
-5	5484
-10	5483
-15	5483
-20	5483
-25	5482
-30	5479
-35	5478
-40	5478
-45	5478
-50	5476
-55	5475
-60	5473
-65	5471
-70	5468
-75	5463
-80	5461
-85	5459
-90	5459
-95	5459
-100	5458
-105	5456
-109	5454
-114	5453
-119	5452
-124	5451
-129	5450
-134	5451
-139	5453
-144	5453
-149	5452
-154	5451
-159	5452
-164	5450
-169	5449
-173	5447
-178	5447
-183	5448
-188	5450
-193	5451
-198	5450
-203	5447
-208	5445
-213	5443
-218	5442
-222	5440
-227	5436
-232	5434
-237	5432
-242	5432
-247	5432
-252	5433
-257	5435
-262	5436
-267	5436
-271	5436
-276	5437
-281	5438
-286	5437
-291	5434
-296	5432
-301	5429
-305	5428
-310	5427
-315	5425
-320	5423
-325	5421
-329	5420
-334	5420
-339	5420
-344	5416
-349	5415
-353	5412
-358	5409
-363	5406
-367	5402
-372	5403
-377	5406
-383	5408
-388	5410
-393	5410
-398	5412
-403	5413
-408	5416
-413	5416
-417	5414
-422	5414
-427	5415
-432	5414
-437	5414
-442	5415
-447	5414
-452	5413
-457	5411
-462	5412
-467	5413
-472	5414
-477	5413
-481	5411
-486	5410
-491	5408
-496	5408
-501	5409
-506	5409
-510	5406
-515	5405
-520	5406
-525	5405
-530	5407
-535	5406
-540	5404
-545	5404
-550	5404
-554	5403
-559	5401
-564	5399
-569	5399
-574	5400
-579	5399
-584	5399
-589	5400
-593	5396
-598	5394
-603	5394
-607	5392
-612	5388
-617	5388
-621	5387
-626	5384
-630	5380
-635	5378
-639	5375
-644	5371
-649	5372
-654	5372
-659	5371
-663	5366
-667	5362
-672	5360
-677	5360
-682	5360
-687	5360
-691	5359
-696	5361
-702	5362
-706	5361
-711	5361
-717	5362
-722	5366
-727	5367
-732	5367
-738	5368
-743	5371
-749	5376
-754	5379
-760	5379
-765	5379
-770	5381
-775	5383
-780	5383
-785	5382
-790	5381
-795	5380
-799	5377
-804	5376
-809	5377
-814	5376
-819	5374
-824	5374
-829	5373
-833	5370
-838	5369
-843	5368
-848	5368
-853	5367
-857	5365
-862	5364
-867	5365
-872	5365
-877	5362
-881	5360
-886	5358
-890	5355
-894	5351
-898	5347
-903	5343
-907	5340
-911	5337
-916	5333
-920	5331
-924	5328
-929	5326
-934	5327
-939	5328
-944	5326
-949	5324
-953	5322
-958	5320
-963	5319
-968	5319
-972	5317
-977	5314
-981	5313
-986	5313
-991	5312
-996	5310
-1000	5308
-1005	5307
-1009	5305
-1014	5305
-1019	5303
-1024	5301
-1028	5300
-1033	5299
-1038	5297
-1043	5297
-1047	5295
-1052	5293
-1056	5290
-1060	5287
-1065	5284
-1068	5278
-1073	5276
-1078	5277
-1083	5277
-1088	5276
-1093	5277
-1098	5277
-1103	5277
-1108	5276
-1113	5275
-1118	5275
-1123	5273
-1127	5271
-1132	5270
-1137	5271
-1142	5271
-1148	5273
-1153	5273
-1158	5271
-1163	5270
-1168	5269
-1173	5269
-1177	5266
-1181	5264
-1187	5264
-1191	5263
-1196	5262
-1201	5261
-1206	5260
-1211	5259
-1216	5259
-1220	5257
-1225	5255
-1230	5255
-1235	5254
-1240	5254
-1245	5253
-1249	5250
-1254	5248
-1258	5245
-1262	5243
-1267	5241
-1271	5239
-1275	5234
-1279	5232
-1284	5229
-1288	5227
-1292	5225
-1297	5223
-1301	5221
-1305	5217
-1310	5215
-1314	5213
-1319	5212
-1324	5213
-1329	5212
-1334	5210
-1339	5210
-1344	5210
-1349	5208
-1354	5207
-1360	5208
-1364	5208
-1369	5206
-1374	5205
-1379	5203
-1384	5204
-1389	5204
-1394	5203
-1399	5202
-1404	5201
-1409	5200
-1414	5200
-1419	5199
-1424	5198
-1429	5196
-1434	5195
-1438	5193
-1443	5193
-1448	5192
-1453	5190
-1458	5189
-1463	5190
-1467	5187
-1472	5185
-1477	5184
-1482	5183
-1487	5182
-1490	5178
-1495	5176
-1499	5173
-1504	5171
-1508	5169
-1512	5167
-1517	5164
-1521	5161
-1525	5157
-1529	5155
-1534	5153
-1538	5150
-1542	5149
-1546	5146
-1551	5143
-1555	5142
-1560	5141
-1564	5137
-1569	5135
-1574	5134
-1578	5132
-1583	5131
-1587	5128
-1592	5126
-1596	5123
-1601	5122
-1606	5122
-1610	5120
-1614	5117
-1619	5115
-1624	5114
-1629	5112
-1634	5111
-1639	5110
-1643	5108
-1647	5105
-1652	5104
-1656	5101
-1661	5099
-1665	5098
-1670	5096
-1674	5093
-1678	5090
-1682	5086
-1686	5084
-1691	5082
-1695	5079
-1701	5081
-1706	5079
-1710	5076
-1714	5073
-1718	5070
-1722	5068
-1727	5066
-1731	5064
-1735	5061
-1739	5058
-1744	5055
-1748	5052
-1751	5049
-1755	5046
-1759	5043
-1763	5040
-1767	5037
-1772	5034
-1776	5033
-1780	5030
-1784	5027
-1788	5024
-1793	5021
-1797	5019
-1802	5018
-1807	5016
-1811	5015
-1816	5014
-1821	5012
-1825	5010
-1830	5007
-1833	5003
-1838	5001
-1842	5000
-1847	4998
-1851	4996
-1855	4992
-1859	4989
-1863	4987
-1868	4985
-1872	4981
-1875	4978
-1880	4976
-1884	4973
-1887	4969
-1893	4969
-1898	4968
-1902	4966
-1906	4962
-1910	4960
-1915	4957
-1918	4954
-1922	4951
-1927	4949
-1931	4946
-1933	4941
-1937	4938
-1942	4936
-1947	4934
-1950	4929
-1953	4925
-1956	4921
-1960	4918
-1963	4914
-1966	4908
-1968	4903
-1972	4900
-1976	4897
-1980	4895
-1985	4893
-1989	4891
-1993	4887
-1998	4886
-2001	4882
-2006	4881
-2010	4878
-2014	4875
-2018	4871
-2021	4868
-2026	4867
-2031	4864
-2035	4862
-2038	4857
-2041	4854
-2045	4851
-2050	4849
-2054	4847
-2059	4845
-2064	4844
-2068	4842
-2072	4838
-2077	4836
-2081	4835
-2085	4831
-2090	4830
-2094	4828
-2098	4824
-2101	4821
-2105	4818
-2110	4815
-2114	4813
-2120	4813
-2122	4807
-2125	4803
-2129	4800
-2133	4797
-2136	4794
-2140	4790
-2143	4787
-2147	4783
-2151	4780
-2154	4776
-2158	4773
-2163	4772
-2168	4771
-2172	4768
-2176	4766
-2180	4763
-2185	4761
-2188	4757
-2193	4755
-2196	4752
-2200	4748
-2203	4744
-2207	4741
-2211	4738
-2214	4734
-2219	4732
-2223	4729
-2226	4725
-2228	4721
-2232	4717
-2236	4714
-2240	4711
-2241	4705
-2245	4701
-2249	4699
-2252	4695
-2255	4691
-2259	4688
-2261	4683
-2265	4680
-2269	4676
-2271	4672
-2275	4669
-2279	4666
-2284	4664
-2287	4660
-2290	4657
-2294	4654
-2298	4651
-2301	4647
-2305	4644
-2309	4641
-2312	4637
-2315	4633
-2318	4629
-2321	4625
-2323	4620
-2327	4616
-2331	4614
-2336	4613
-2339	4608
-2341	4604
-2345	4601
-2351	4600
-2352	4594
-2355	4590
-2360	4588
-2364	4586
-2368	4583
-2371	4579
-2374	4575
-2378	4571
-2380	4567
-2383	4563
-2385	4557
-2387	4552
-2390	4548
-2393	4544
-2398	4542
-2401	4539
-2404	4534
-2407	4531
-2410	4527
-2413	4523
-2417	4520
-2420	4516
-2423	4512
-2427	4509
-2430	4505
-2433	4501
-2437	4499
-2441	4497
-2442	4490
-2445	4486
-2448	4483
-2449	4476
-2452	4473
-2455	4469
-2458	4465
-2461	4460
-2464	4456
-2466	4452
-2469	4448
-2470	4442
-2476	4441
-2475	4432
-2475	4426
-2478	4421
-2480	4417
-2483	4413
-2487	4410
-2491	4408
-2495	4405
-2498	4401
-2500	4396
-2502	4391
-2502	4385
-2507	4382
-2510	4379
-2513	4375
-2513	4368
-2511	4358
-2519	4360
-2515	4349
-2520	4347
-2525	4345
-2529	4343
-2531	4339
-2529	4329
-2529	4322
-2533	4320
-2538	4318
-2541	4315
-2543	4309
-2543	4303
-2545	4298
-2545	4291
-2547	4287
-2550	4283
-2552	4278
-2555	4274
-2559	4272
-2563	4269
-2565	4264
-2566	4259
-2567	4253
-2569	4248
-2570	4243
-2571	4237
-2576	4235
-2580	4233
-2578	4224
-2581	4220
-2584	4216
-2585	4212
-2586	4206
-2589	4202
-2593	4199
-2596	4196
-2598	4191
-2598	4185
-2599	4179
-2602	4175
-2606	4173
-2609	4169
-2612	4165
-2614	4161
-2614	4155
-2616	4150
-2617	4145
-2619	4140
-2620	4135
-2630	4138
-2632	4134
-2630	4125
-2633	4121
-2635	4117
-2634	4110
-2640	4109
-2641	4104
-2641	4097
-2644	4094
-2646	4090
-2649	4086
-2651	4081
-2652	4076
-2653	4071
-2654	4065
-2656	4061
-2659	4057
-2662	4054
-2665	4050
-2667	4046
-2670	4043
-2674	4040
-2676	4036
-2676	4029
-2679	4026
-2679	4020
-2680	4015
-2681	4009
-2683	4005
-2686	4001
-2687	3997
-2687	3990
-2691	3988
-2694	3984
-2696	3979
-2696	3973
-2696	3967
-2699	3964
-2699	3958
-2698	3952
-2701	3948
-2707	3947
-2710	3944
-2713	3940
-2712	3933
-2712	3927
-2715	3924
-2718	3921
-2720	3917
-2722	3912
-2722	3906
-2724	3902
-2724	3896
-2723	3889
-2725	3885
-2725	3879
-2727	3875
-2729	3871
-2732	3867
-2733	3862
-2733	3857
-2738	3855
-2737	3848
-2735	3841
-2734	3834
-2738	3832
-2743	3830
-2746	3827
-2748	3823
-2750	3818
-2752	3814
-2755	3811
-2755	3805
-2754	3799
-2755	3793
-2758	3791
-2761	3787
-2763	3783
-2763	3777
-2764	3773
-2767	3769
-2767	3763
-2769	3760
-2769	3754
-2769	3748
-2777	3748
-2779	3745
-2781	3741
-2783	3736
-2785	3732
-2786	3728
-2787	3723
-2788	3718
-2792	3715
-2791	3709
-2793	3705
-2795	3701
-2797	3697
-2794	3689
-2797	3686
-2796	3679
-2797	3675
-2798	3670
-2799	3665
-2799	3660
-2800	3655
-2800	3650
-2801	3645
-2802	3640
-2803	3636
-2804	3631
-2802	3624
-2801	3618
-2801	3612
-2800	3607
-2799	3601
-2802	3598
-2802	3592
-2804	3588
-2807	3585
-2807	3580
-2809	3576
-2809	3570
-2809	3565
-2809	3560
-2811	3556
-2815	3553
-2816	3549
-2817	3544
-2817	3539
-2819	3535
-2821	3531
-2823	3527
-2823	3522
-2824	3518
-2827	3514
-2826	3509
-2828	3505
-2828	3499
-2829	3495
-2833	3492
-2835	3488
-2836	3484
-2835	3478
-2837	3474
-2839	3471
-2841	3466
-2843	3463
-2845	3459
-2845	3454
-2847	3450
-2846	3444
-2847	3440
-2849	3436
-2850	3431
-2850	3426
-2851	3422
-2853	3418
-2853	3413
-2854	3409
-2858	3406
-2859	3402
-2860	3397
-2860	3392
-2861	3388
-2863	3384
-2864	3380
-2865	3375
-2867	3371
-2869	3368
-2870	3363
-2872	3359
-2873	3355
-2871	3349
-2872	3345
-2874	3341
-2877	3338
-2877	3332
-2878	3328
-2876	3322
-2883	3321
-2883	3316
-2885	3313
-2886	3308
-2887	3304
-2887	3299
-2887	3294
-2886	3289
-2882	3281
-2880	3275
-2879	3270
-2881	3266
-2882	3262
-2883	3258
-2884	3253
-2885	3249
-2887	3246
-2885	3239
-2885	3235
-2886	3230
-2885	3225
-2886	3221
-2888	3217
-2888	3212
-2888	3207
-2888	3203
-2889	3198
-2889	3194
-2890	3190
-2892	3186
-2893	3182
-2894	3178
-2895	3173
-2896	3169
-2897	3165
-2899	3161
-2899	3156
-2897	3151
-2896	3146
-2896	3141
-2897	3136
-2897	3132
-2895	3126
-2896	3122
-2895	3117
-2895	3112
-2894	3107
-2896	3104
-2897	3099
-2899	3096
-2897	3090
-2897	3085
-2899	3082
-2899	3077
-2898	3072
-2898	3068
-2899	3064
-2899	3059
-2898	3054
-2898	3049
-2899	3045
-2901	3042
-2900	3037
-2899	3032
-2900	3027
-2902	3024
-2902	3019
-2903	3015
-2899	3009
-2898	3004
-2898	2999
-2897	2994
-2897	2990
-2896	2985
-2896	2981
-2898	2977
-2897	2972
-2897	2967
-2892	2961
-2895	2957
-2901	2956
-2901	2951
-2898	2946
-2893	2939
-2894	2935
-2895	2931
-2893	2925
-2875	2913
-2866	2905
-2864	2900
-2865	2896
-2867	2892
-2868	2889
-2869	2885
-2870	2880
-2870	2876
-2872	2873
-2873	2869
-2873	2865
-2872	2860
-2871	2855
-2871	2851
-2871	2846
-2869	2841
-2867	2836
-2866	2832
-2865	2827
-2864	2822
-2862	2817
-2862	2813
-2861	2808
-2863	2805
-2863	2801
-2862	2796
-2864	2792
-2863	2788
-2862	2783
-2861	2779
-2862	2775
-2862	2771
-2864	2767
-2864	2763
-2864	2759
-2863	2754
-2864	2750
-2865	2746
-2866	2742
-2867	2739
-2866	2734
-2867	2730
-2867	2726
-2866	2722
-2866	2718
-2867	2714
-2868	2710
-2871	2707
-2868	2702
-2866	2697
-2867	2693
-2866	2688
-2868	2685
-2866	2680
-2865	2676
-2864	2671
-2865	2667
-2866	2663
-2866	2659
-2864	2655
-2865	2651
-2864	2646
-2865	2643
-2865	2639
-2863	2634
-2860	2629
-2860	2625
-2860	2621
-2860	2617
-2862	2613
-2861	2609
-2856	2603
-2857	2599
-2858	2596
-2858	2592
-2856	2587
-2856	2583
-2856	2579
-2855	2574
-2854	2570
-2855	2566
-2854	2562
-2852	2557
-2850	2553
-2853	2550
-2855	2546
-2847	2540
-2850	2537
-2848	2532
-2845	2527
-2843	2523
-2844	2519
-2846	2516
-2844	2511
-2839	2506
-2838	2501
-2838	2497
-2836	2493
-2836	2489
-2837	2485
-2837	2482
-2835	2477
-2834	2473
-2831	2468
-2830	2464
-2828	2459
-2827	2455
-2827	2451
-2827	2447
-2828	2444
-2828	2440
-2827	2436
-2826	2432
-2826	2428
-2824	2423
-2821	2419
-2819	2414
-2819	2410
-2818	2406
-2818	2402
-2817	2398
-2815	2394
-2813	2390
-2812	2385
-2812	2382
-2813	2378
-2814	2374
-2814	2371
-2813	2367
-2810	2362
-2810	2358
-2807	2354
-2806	2350
-2806	2346
-2806	2342
-2807	2338
-2805	2334
-2805	2330
-2805	2327
-2803	2322
-2801	2318
-2799	2314
-2798	2310
-2799	2306
-2800	2303
-2801	2299
-2797	2295
-2795	2290
-2795	2287
-2795	2283
-2793	2279
-2793	2275
-2794	2271
-2794	2268
-2789	2263
-2784	2258
-2784	2254
-2789	2252
-2786	2247
-2783	2243
-2783	2239
-2782	2235
-2782	2232
-2782	2228
-2781	2224
-2781	2220
-2782	2217
-2780	2213
-2776	2208
-2776	2205
-2777	2201
-2776	2197
-2776	2194
-2777	2190
-2776	2186
-2774	2182
-2771	2178
-2769	2174
-2769	2170
-2770	2167
-2768	2163
-2767	2159
-2767	2155
-2765	2151
-2764	2148
-2763	2144
-2762	2140
-2761	2136
-2760	2132
-2759	2129
-2761	2125
-2760	2121
-2758	2117
-2757	2114
-2757	2110
-2756	2106
-2756	2103
-2755	2099
-2753	2095
-2752	2091
-2749	2087
-2749	2084
-2750	2080
-2751	2077
-2750	2073
-2748	2069
-2746	2065
-2745	2062
-2742	2058
-2742	2054
-2741	2050
-2739	2046
-2740	2043
-2742	2040
-2741	2036
-2740	2032
-2740	2029
-2740	2025
-2740	2022
-2738	2018
-2736	2014
-2734	2010
-2733	2006
-2732	2003
-2733	1999
-2732	1996
-2731	1992
-2730	1988
-2730	1985
-2731	1981
-2729	1978
-2728	1974
-2728	1971
-2726	1967
-2727	1963
-2727	1960
-2720	1956
-2720	1952
-2722	1949
-2717	1945
-2716	1941
-2715	1938
-2715	1934
-2713	1930
-2710	1927
-2710	1923
-2712	1920
-2713	1916
-2711	1913
-2711	1909
-2709	1906
-2707	1902
-2707	1898
-2708	1895
-2708	1892
-2707	1888
-2706	1884
-2704	1881
-2705	1877
-2705	1874
-2703	1870
-2701	1867
-2699	1863
-2700	1860
-2702	1856
-2700	1853
-2698	1849
-2697	1846
-2697	1842
-2696	1839
-2694	1835
-2693	1832
-2693	1828
-2691	1825
-2691	1821
-2691	1818
-2690	1814
-2690	1811
-2687	1807
-2684	1804
-2684	1800
-2684	1797
-2685	1793
-2686	1790
-2685	1786
-2683	1783
-2680	1779
-2681	1776
-2683	1773
-2682	1769
-2681	1766
-2679	1762
-2679	1759
-2678	1755
-2677	1752
-2675	1748
-2675	1745
-2672	1741
-2670	1738
-2668	1734
-2667	1731
-2668	1728
-2669	1724
-2668	1721
-2667	1717
-2667	1714
-2667	1711
-2666	1707
-2664	1704
-2662	1700
-2663	1697
-2663	1693
-2661	1690
-2660	1687
-2660	1683
-2660	1680
-2659	1676
-2659	1673
-2658	1670
-2657	1666
-2655	1663
-2654	1660
-2653	1656
-2653	1653
-2654	1649
-2652	1646
-2652	1643
-2652	1639
-2649	1636
-2647	1632
-2647	1629
-2646	1626
-2644	1622
-2641	1619
-2641	1616
-2642	1612
-2643	1609
-2643	1606
-2640	1602
-2639	1599
-2637	1596
-2636	1592
-2634	1589
-2634	1586
-2633	1582
-2632	1579
-2631	1576
-2631	1572
-2630	1569
-2630	1566
-2628	1562
-2628	1559
-2628	1556
-2626	1552
-2624	1549
-2623	1546
-2623	1542
-2623	1539
-2622	1536
-2621	1532
-2621	1529
-2621	1526
-2619	1522
-2617	1519
-2616	1516
-2616	1512
-2616	1509
-2615	1506
-2613	1503
-2611	1499
-2609	1496
-2610	1493
-2609	1489
-2608	1486
-2606	1483
-2606	1480
-2604	1476
-2603	1473
-2603	1470
-2604	1466
-2604	1463
-2604	1460
-2603	1456
-2602	1453
-2602	1450
-2601	1447
-2598	1443
-2596	1440
-2594	1437
-2592	1434
-2591	1431
-2591	1427
-2591	1424
-2592	1421
-2592	1417
-2590	1414
-2589	1411
-2588	1408
-2587	1404
-2587	1401
-2587	1398
-2586	1394
-2586	1391
-2581	1388
-2579	1385
-2581	1382
-2584	1378
-2584	1375
-2582	1371
-2580	1368
-2580	1365
-2579	1362
-2577	1359
-2575	1356
-2575	1352
-2575	1349
-2574	1346
-2575	1342
-2572	1339
-2572	1336
-2572	1333
-2572	1329
-2570	1326
-2568	1323
-2566	1320
-2566	1317
-2565	1313
-2565	1310
-2563	1307
-2561	1304
-2561	1301
-2562	1297
-2559	1294
-2558	1291
-2555	1288
-2555	1285
-2554	1282
-2554	1278
-2550	1276
-2546	1273
-2544	1270
-2544	1267
-2543	1263
-2544	1260
-2543	1257
-2541	1254
-2538	1251
-2538	1248
-2539	1244
-2541	1240
-2541	1237
-2540	1234
-2539	1231
-2540	1227
-2539	1224
-2538	1221
-2537	1218
-2537	1214
-2536	1211
-2535	1208
-2534	1205
-2532	1202
-2529	1199
-2527	1196
-2527	1193
-2528	1189
-2529	1186
-2528	1182
-2526	1179
-2525	1176
-2522	1174
-2522	1170
-2521	1167
-2519	1164
-2518	1161
-2517	1158
-2515	1155
-2514	1152
-2515	1148
-2512	1146
-2511	1142
-2511	1139
-2510	1136
-2509	1133
-2510	1129
-2510	1126
-2507	1123
-2505	1120
-2506	1117
-2504	1114
-2504	1110
-2504	1107
-2503	1104
-2503	1100
-2501	1097
-2498	1095
-2497	1092
-2498	1088
-2498	1085
-2496	1082
-2494	1079
-2494	1076
-2494	1072
-2493	1069
-2491	1066
-2491	1063
-2491	1059
-2492	1056
-2490	1053
-2487	1050
-2486	1047
-2485	1044
-2485	1040
-2485	1037
-2483	1034
-2480	1032
-2478	1029
-2478	1025
-2476	1022
-2477	1019
-2477	1016
-2476	1012
-2477	1009
-2474	1006
-2468	1004
-2465	1002
-2467	998
-2470	994
-2472	990
-2469	987
-2466	985
-2465	981
-2465	978
-2464	975
-2464	971
-2462	969
-2461	965
-2460	962
-2459	959
-2457	956
-2456	953
-2456	950
-2456	946
-2455	943
-2455	940
-2453	937
-2452	934
-2452	930
-2451	927
-2449	924
-2449	921
-2448	918
-2447	915
-2445	912
-2444	909
-2443	906
-2442	903
-2441	899
-2439	897
-2438	894
-2438	890
-2437	887
-2437	884
-2437	880
-2435	877
-2434	874
-2433	871
-2432	868
-2432	865
-2429	862
-2428	859
-2427	856
-2425	853
-2424	850
-2425	846
-2426	842
-2424	839
-2423	836
-2421	834
-2420	831
-2418	827
-2419	824
-2418	821
-2416	818
-2415	815
-2415	811
-2414	808
-2414	804
-2412	802
-2411	799
-2411	795
-2410	792
-2408	789
-2407	786
-2405	783
-2404	780
-2403	777
-2403	773
-2401	771
-2399	768
-2398	765
-2398	762
-2397	758
-2397	755
-2397	751
-2396	748
-2393	746
-2391	743
-2391	739
-2391	736
-2389	733
-2388	730
-2387	727
-2386	724
-2383	721
-2383	718
-2384	714
-2382	711
-2382	707
-2382	704
-2380	701
-2378	698
-2377	695
-2377	692
-2373	690
-2371	687
-2372	683
-2372	679
-2370	677
-2369	674
-2368	670
-2365	668
-2364	665
-2362	662
-2361	659
-2362	655
-2361	652
-2360	649
-2358	646
-2354	644
-2354	641
-2353	637
-2352	634
-2350	632
-2350	628
-2351	624
-2347	622
-2347	618
-2346	615
-2346	612
-2345	609
-2344	605
-2343	602
-2343	598
-2341	596
-2338	593
-2336	591
-2334	588
-2332	585
-2332	582
-2331	578
-2331	574
-2330	571
-2328	569
-2326	566
-2325	563
-2325	559
-2324	556
-2323	553
-2323	549
-2322	546
-2319	543
-2318	541
-2315	538
-2314	535
-2312	532
-2312	529
-2310	526
-2309	523
-2309	519
-2308	516
-2306	513
-2305	510
-2306	506
-2307	501
-2306	498
-2304	495
-2303	492
-2301	489
-2300	486
-2298	483
-2297	480
-2298	476
-2297	473
-2294	470
-2291	468
-2290	465
-2289	462
-2288	459
-2287	455
-2287	451
-2286	448
-2283	446
-2280	444
-2278	442
-2276	439
-2275	435
-2273	432
-2272	430
-2272	426
-2272	422
-2270	419
-2270	415
-2269	412
-2268	409
-2265	406
-2263	404
-2261	401
-2259	399
-2256	396
-2255	393
-2260	386
-2258	384
-2257	380
-2255	377
-2253	375
-2251	372
-2249	369
-2247	367
-2245	364
-2243	361
-2242	358
-2241	355
-2240	352
-2237	349
-2235	347
-2233	344
-2231	341
-2229	338
-2227	336
-2225	333
-2226	329
-2226	324
-2226	321
-2223	319
-2222	315
-2222	311
-2220	309
-2219	305
-2216	303
-2215	300
-2217	295
-2215	292
-2214	288
-2212	286
-2211	282
-2209	279
-2207	277
-2206	274
-2205	271
-2204	267
-2204	263
-2202	260
-2201	257
-2200	253
-2200	249
-2199	246
-2198	243
-2198	239
-2197	235
-2196	232
-2195	229
-2193	226
-2191	223
-2190	220
-2189	216
-2188	212
-2187	209
-2186	206
-2185	202
-2183	200
-2180	197
-2179	194
-2178	191
-2177	187
-2176	184
-2175	180
-2173	177
-2172	174
-2172	170
-2172	166
-2170	163
-2168	160
-2165	158
-2164	154
-2165	150
-2164	146
-2163	143
-2164	138
-2164	134
-2162	131
-2161	127
-2159	124
-2157	122
-2155	119
-2153	116
-2150	114
-2148	112
-2144	110
-2139	109
-2137	107
-2134	105
-2131	103
-2127	101
-2124	99
-2121	98
-2118	96
-2116	93
-2115	89
-2114	86
-2113	82
-2111	80
-2109	76
-2107	74
-2105	71
-2104	67
-2104	63
-2103	60
-2102	56
-2101	53
-2100	49
-2098	46
-2097	43
-2095	40
-2093	37
-2091	34
-2089	31
-2088	28
-2086	25
-2086	21
-2087	15
-2085	13
-2085	8
-2083	5
-2082	2
-2080	-1
-2080	-6
-2077	-8
-2076	-12
-2075	-15
-2072	-18
-2072	-21
-2072	-26
-2070	-29
-2068	-32
-2066	-35
-2065	-38
-2065	-43
-2063	-46
-2061	-49
-2058	-51
-2056	-54
-2057	-59
-2057	-63
-2054	-65
-2051	-68
-2051	-73
-2050	-76
-2049	-80
-2047	-83
-2047	-88
-2046	-91
-2044	-94
-2043	-97
-2040	-99
-2037	-102
-2037	-106
-2035	-110
-2036	-115
-2034	-118
-2034	-123
-2032	-125
-2031	-129
-2029	-133
-2027	-135
-2026	-139
-2024	-142
-2022	-145
-2023	-150
-2022	-154
-2021	-158
-2018	-161
-2014	-162
-2014	-167
-2012	-170
-2009	-172
-2008	-175
-2001	-174
-1990	-168
-1982	-165
-1978	-166
-1974	-167
-1968	-166
-1963	-166
-1956	-164
-1950	-163
-1944	-162
-1933	-156
-1927	-155
-1923	-156
-1919	-157
-1916	-158
-1912	-159
-1908	-160
-1906	-163
-1906	-168
-1904	-171
-1901	-172
-1896	-172
-1885	-166
-1877	-162
-1869	-159
-1862	-157
-1858	-157
-1853	-157
-1846	-156
-1841	-154
-1835	-153
-1830	-153
-1826	-153
-1819	-151
-1811	-148
-1805	-146
-1804	-149
-1802	-152
-1798	-153
-1796	-156
-1793	-158
-1791	-160
-1788	-162
-1785	-163
-1778	-161
-1772	-160
-1769	-160
-1766	-163
-1764	-165
-1761	-167
-1757	-167
-1741	-154
-1737	-154
-1733	-156
-1730	-157
-1727	-159
-1725	-161
-1722	-162
-1718	-163
-1716	-166
-1714	-168
-1711	-170
-1708	-172
-1704	-172
-1697	-169
-1692	-168
-1685	-165
-1681	-165
-1677	-166
-1671	-163
-1667	-164
-1661	-162
-1656	-161
-1652	-161
-1648	-161
-1645	-163
-1642	-164
-1633	-158
-1626	-156
-1620	-153
-1614	-151
-1611	-153
-1611	-157
-1610	-160
-1610	-165
-1609	-169
-1607	-172
-1604	-173
-1598	-170
-1592	-169
-1587	-168
-1584	-169
-1581	-170
-1578	-171
-1574	-172
-1565	-165
-1555	-158
-1552	-160
-1551	-163
-1549	-166
-1546	-167
-1543	-167
-1539	-168
-1534	-167
-1529	-165
-1525	-165
-1522	-166
-1518	-166
-1515	-167
-1512	-169
-1502	-161
-1494	-156
-1491	-156
-1486	-155
-1482	-154
-1479	-155
-1477	-158
-1474	-160
-1471	-161
-1469	-163
-1467	-166
-1465	-168
-1462	-169
-1459	-170
-1457	-173
-1448	-165
-1439	-158
-1435	-158
-1432	-159
-1429	-160
-1427	-163
-1428	-169
-1430	-176
-1427	-177
-1422	-176
-1415	-171
-1409	-169
-1407	-170
-1402	-169
-1400	-171
-1397	-172
-1392	-170
-1388	-170
-1386	-172
-1383	-174
-1381	-175
-1378	-176
-1375	-177
-1371	-177
-1366	-175
-1362	-175
-1353	-167
-1345	-160
-1341	-160
-1339	-162
-1337	-164
-1333	-164
-1329	-164
-1328	-166
-1325	-168
-1323	-170
-1320	-171
-1316	-170
-1310	-167
-1306	-166
-1303	-167
-1301	-169
-1300	-172
-1298	-174
-1295	-176
-1290	-173
-1287	-173
-1280	-169
-1279	-173
-1279	-177
-1277	-181
-1275	-183
-1272	-183
-1268	-182
-1264	-182
-1261	-182
-1258	-183
-1254	-182
-1250	-181
-1246	-180
-1243	-180
-1240	-181
-1234	-177
-1230	-176
-1226	-176
-1223	-176
-1220	-177
-1218	-179
-1216	-181
-1212	-180
-1208	-179
-1205	-179
-1200	-176
-1192	-169
-1188	-168
-1185	-169
-1183	-171
-1181	-174
-1181	-179
-1178	-180
-1175	-180
-1170	-178
-1166	-176
-1162	-175
-1158	-174
-1155	-174
-1153	-175
-1150	-176
-1147	-177
-1145	-179
-1142	-180
-1139	-181
-1136	-181
-1134	-182
-1130	-182
-1127	-181
-1123	-180
-1119	-180
-1115	-178
-1113	-180
-1110	-180
-1107	-181
-1104	-181
-1101	-182
-1098	-181
-1095	-182
-1091	-181
-1088	-181
-1085	-181
-1081	-179
-1077	-179
-1075	-181
-1072	-182
-1069	-181
-1066	-182
-1063	-182
-1059	-181
-1056	-180
-1053	-181
-1048	-178
-1042	-172
-1039	-171
-1036	-173
-1034	-174
-1031	-174
-1029	-176
-1027	-179
-1026	-183
-1023	-183
-1020	-182
-1016	-182
-1013	-182
-1011	-182
-1008	-183
-1004	-182
-1000	-181
-998	-183
-994	-181
-988	-174
-983	-171
-979	-169
-975	-167
-970	-162
-966	-160
-963	-160
-961	-162
-960	-165
-957	-167
-955	-168
-955	-174
-956	-183
-952	-180
-948	-179
-944	-176
-941	-176
-937	-174
-931	-169
-926	-163
-921	-159
-917	-158
-915	-158
-906	-145
-901	-141
-898	-141
-896	-142
-893	-143
-891	-145
-890	-149
-888	-150
-886	-153
-885	-157
-883	-159
-879	-156
-873	-150
-869	-147
-865	-145
-862	-145
-859	-144
-856	-144
-854	-146
-852	-147
-779	-3
-776	-3
-774	-3
-771	-2
-768	-1
-765	0
-762	1
-759	1
-757	1
-754	1
-751	2
-749	1
-746	1
-744	1
-741	1
-739	1
-736	1
-734	0
-732	-1
-732	-9
-733	-16
-730	-16
-726	-11
-722	-8
-719	-7
-718	-10
-718	-19
-717	-22
-716	-27
-747	-136
-746	-139
-743	-140
-741	-141
-739	-142
-736	-143
-734	-144
-732	-145
-729	-146
-727	-148
-725	-149
-722	-149
-720	-149
-717	-150
-715	-151
-712	-152
-710	-153
-708	-154
-705	-154
-703	-155
-700	-156
-698	-156
-693	-149
-688	-143
-685	-144
-683	-145
-680	-145
-678	-146
-676	-148
-677	-159
-674	-158
-671	-158
-668	-157
-666	-158
-664	-160
-661	-159
-658	-157
-654	-154
-651	-152
-648	-151
-645	-149
-642	-150
-639	-150
-637	-151
-635	-152
-633	-154
-631	-157
-628	-156
-633	-179
-617	-137
-614	-135
-611	-136
-609	-136
-607	-138
-605	-142
-604	-145
-602	-147
-600	-150
-600	-158
-602	-173
-599	-174
-596	-171
-591	-165
-588	-161
-578	-137
-575	-135
-572	-133
-569	-133
-568	-136
-567	-142
-568	-155
-565	-156
-563	-156
-560	-156
-558	-157
-557	-162
-555	-167
-554	-174
-552	-175
-550	-177
-548	-178
-546	-181
-545	-185
-542	-187
-540	-188
-538	-189
-535	-189
-533	-190
-530	-189
-527	-188
-524	-188
-522	-187
-519	-186
-516	-185
-514	-187
-511	-188
-509	-187
-506	-188
-503	-187
-501	-186
-498	-186
-495	-186
-493	-187
-490	-187
-488	-187
-485	-186
-482	-186
-480	-187
-478	-187
-475	-187
-472	-185
-470	-187
-468	-188
-465	-188
-462	-187
-459	-186
-457	-187
-454	-187
-452	-188
-450	-188
-447	-189
-444	-188
-442	-189
-439	-188
-436	-187
-434	-187
-432	-188
-429	-188
-426	-188
-424	-187
-421	-186
-418	-185
-416	-187
-414	-187
-411	-185
-408	-186
-406	-185
-403	-187
-401	-188
-399	-189
-396	-188
-393	-188
-391	-187
-388	-188
-386	-189
-384	-189
-381	-189
-378	-188
-376	-188
-373	-188
-371	-187
-368	-188
-366	-187
-363	-187
-361	-187
-358	-187
-356	-188
-353	-188
-351	-188
-348	-188
-346	-187
-343	-188
-341	-187
-338	-187
-336	-188
-333	-189
-331	-189
-328	-188
-326	-188
-321	-176
-319	-175
-316	-175
-314	-175
-311	-174
-309	-173
-306	-175
-304	-176
-302	-176
-299	-177
-297	-178
-295	-180
-293	-186
-291	-188
-288	-187
-286	-188
-283	-190
-281	-189
-278	-188
-276	-188
-273	-188
-271	-186
-268	-186
-266	-188
-263	-189
-261	-189
-258	-189
-256	-189
-254	-189
-251	-188
-249	-189
-246	-190
-244	-190
-241	-189
-239	-189
-236	-189
-234	-189
-231	-189
-229	-188
-226	-189
-224	-188
-221	-188
-219	-188
-216	-189
-214	-190
-211	-189
-209	-189
-207	-189
-204	-189
-202	-190
-199	-189
-197	-189
-194	-188
-192	-187
-189	-189
-187	-189
-184	-189
-182	-190
-179	-189
-177	-189
-174	-188
-172	-189
-170	-189
-167	-188
-165	-188
-162	-187
-160	-188
-157	-190
-155	-190
-152	-189
-150	-190
-147	-189
-145	-188
-142	-189
-140	-189
-137	-187
-135	-187
-133	-189
-130	-189
-128	-188
-125	-188
-123	-187
-120	-188
-118	-188
-115	-188
-113	-188
-111	-189
-108	-188
-106	-186
-103	-186
-101	-186
-98	-187
-96	-187
-93	-188
-91	-189
-88	-189
-86	-188
-83	-188
-81	-188
-79	-189
-74	-185
-71	-186
-69	-186
-66	-185
-64	-185
-61	-186
-59	-186
-56	-187
-54	-187
-52	-186
-49	-183
-47	-183
-44	-183
-42	-183
-39	-184
-37	-183
-34	-183
-32	-186
-30	-186
-27	-186
-25	-186
-22	-185
-20	-185
-17	-185
-15	-185
-12	-185
-10	-186
-7	-186
-5	-187
-3	-187
-0	-187
2	-187
5	-186
7	-185
10	-185
12	-185
15	-185
17	-186
20	-187
22	-187
24	-187
27	-186
29	-185
32	-185
34	-185
37	-186
39	-186
42	-185
44	-185
46	-185
49	-185
51	-186
54	-185
56	-185
59	-185
61	-185
64	-185
66	-185
69	-184
71	-183
73	-182
76	-183
78	-184
81	-185
83	-184
86	-185
88	-185
91	-185
93	-185
96	-185
98	-186
101	-186
103	-186
106	-185
108	-183
111	-185
113	-185
116	-186
118	-186
121	-186
123	-186
125	-186
128	-186
130	-186
133	-186
135	-186
138	-184
140	-185
143	-187
145	-188
148	-187
150	-187
153	-188
155	-186
158	-186
160	-186
163	-186
165	-185
168	-186
170	-185
173	-185
175	-185
178	-186
180	-184
182	-184
185	-185
187	-184
190	-184
193	-186
195	-186
198	-187
200	-187
203	-186
205	-187
208	-187
210	-186
213	-186
215	-187
218	-187
220	-187
223	-188
225	-186
228	-186
230	-187
233	-186
235	-186
237	-185
240	-185
242	-184
245	-187
248	-188
250	-187
253	-187
255	-186
258	-187
260	-186
263	-185
265	-186
268	-187
270	-186
273	-185
275	-185
278	-185
280	-183
282	-183
285	-182
287	-181
290	-180
292	-180
295	-180
297	-181
300	-180
302	-181
306	-184
308	-185
311	-186
314	-187
316	-185
318	-185
321	-185
323	-185
326	-184
329	-185
331	-185
334	-186
337	-186
339	-186
342	-186
344	-187
347	-186
349	-185
352	-186
354	-185
357	-185
360	-186
362	-186
364	-184
367	-185
370	-185
372	-184
375	-185
377	-185
380	-185
383	-185
385	-184
388	-185
390	-185
393	-185
395	-184
398	-183
400	-184
403	-184
406	-184
408	-184
411	-185
413	-184
416	-184
419	-183
421	-182
424	-183
427	-185
429	-185
432	-184
434	-183
437	-183
439	-183
442	-182
445	-183
447	-182
450	-183
453	-185
455	-184
458	-182
461	-185
464	-186
466	-185
469	-184
471	-184
474	-184
477	-184
479	-184
482	-184
484	-183
487	-183
490	-184
493	-185
495	-184
498	-183
501	-185
504	-186
506	-184
508	-183
511	-182
513	-182
516	-183
519	-184
522	-184
524	-183
527	-184
530	-183
532	-182
535	-182
538	-182
540	-182
543	-184
546	-183
549	-184
551	-183
553	-180
555	-179
558	-180
560	-177
563	-177
566	-177
568	-177
571	-177
574	-177
575	-174
577	-171
580	-170
582	-170
585	-171
589	-174
592	-176
595	-177
598	-177
601	-176
602	-171
601	-163
601	-153
602	-150
604	-148
606	-146
609	-146
613	-150
618	-157
624	-163
627	-165
629	-164
632	-162
634	-161
635	-157
636	-153
638	-150
640	-149
643	-149
646	-149
648	-147
650	-146
655	-152
660	-156
663	-157
665	-155
667	-155
671	-158
675	-159
677	-158
680	-158
683	-158
683	-151
683	-145
685	-143
687	-142
690	-142
694	-145
697	-146
702	-151
706	-154
709	-153
712	-153
714	-152
717	-151
719	-150
721	-149
724	-148
726	-146
729	-146
731	-145
733	-144
736	-144
739	-143
741	-142
743	-140
744	-136
745	-132
746	-128
748	-125
748	-119
748	-113
748	-107
750	-104
720	-20
720	-15
721	-10
722	-8
723	-4
724	-1
726	1
728	2
731	1
735	0
737	1
739	2
742	2
746	-1
763	-3
772	1
775	0
778	0
781	1
784	-1
880	-173
868	-144
873	-148
880	-155
889	-168
895	-173
898	-173
898	-167
892	-149
888	-137
888	-131
890	-128
892	-126
895	-125
897	-125
903	-129
917	-151
921	-153
923	-151
925	-149
927	-146
927	-141
928	-136
929	-133
931	-131
933	-129
936	-129
941	-132
972	-182
975	-182
979	-183
984	-186
987	-186
990	-185
992	-184
995	-182
997	-181
999	-180
1002	-179
1006	-179
1008	-177
1011	-177
1014	-176
1017	-176
1020	-176
1023	-176
1027	-177
1030	-177
1033	-176
1036	-176
1040	-176
1044	-177
1048	-179
1051	-178
1054	-178
1057	-177
1060	-177
1063	-177
1067	-177
1071	-178
1074	-178
1077	-178
1081	-178
1084	-178
1089	-180
1092	-179
1095	-179
1098	-178
1101	-178
1105	-179
1107	-177
1109	-174
1110	-171
1113	-171
1117	-172
1121	-172
1124	-171
1129	-174
1132	-173
1136	-174
1140	-174
1143	-174
1147	-175
1150	-174
1153	-173
1156	-173
1161	-175
1164	-175
1168	-175
1171	-174
1174	-174
1177	-173
1181	-173
1185	-174
1189	-175
1193	-175
1194	-172
1192	-164
1189	-154
1189	-149
1194	-151
1204	-161
1215	-172
1221	-174
1225	-175
1228	-175
1232	-175
1237	-177
1241	-178
1246	-180
1250	-180
1253	-179
1256	-178
1259	-177
1262	-177
1268	-180
1275	-185
1280	-186
1285	-188
1288	-188
1291	-187
1295	-186
1303	-192
1307	-193
1311	-193
1317	-196
1325	-201
1329	-201
1331	-199
1334	-199
1341	-202
1348	-206
1354	-209
1359	-211
1362	-209
1363	-207
1366	-205
1368	-203
1371	-201
1373	-199
1376	-198
1378	-196
1380	-192
1381	-189
1383	-187
1387	-186
1392	-188
1398	-191
1403	-193
1410	-195
1418	-201
1423	-202
1428	-203
1431	-202
1434	-201
1437	-200
1438	-196
1441	-195
1444	-194
1447	-192
1453	-194
1457	-195
1460	-193
1464	-193
1467	-192
1470	-190
1475	-192
1485	-198
1489	-198
1491	-196
1494	-194
1496	-192
1499	-190
1502	-189
1509	-192
1522	-203
1530	-207
1535	-208
1536	-205
1537	-201
1541	-200
1545	-200
1547	-198
1550	-196
1555	-197
1559	-197
1562	-195
1565	-194
1569	-193
1577	-197
1581	-197
1585	-196
1588	-195
1590	-192
1593	-191
1596	-190
1600	-189
1605	-190
1610	-190
1613	-189
1617	-188
1621	-188
1629	-192
1635	-194
1640	-194
1644	-193
1643	-188
1644	-184
1647	-182
1651	-182
1657	-183
1665	-187
1670	-187
1673	-186
1676	-184
1678	-181
1681	-179
1684	-178
1692	-182
1700	-185
1704	-185
1705	-180
1706	-176
1711	-177
1713	-174
1716	-172
1721	-173
1732	-180
1742	-185
1751	-190
1754	-187
1757	-186
1760	-184
1762	-181
1763	-178
1766	-176
1771	-176
1776	-175
1780	-175
1783	-173
1784	-170
1787	-168
1793	-168
1796	-167
1800	-166
1803	-165
1808	-164
1813	-164
1816	-163
1820	-162
1828	-164
1837	-169
1845	-171
1846	-167
1847	-164
1851	-163
1855	-162
1862	-163
1863	-160
1867	-158
1872	-159
1874	-155
1878	-155
1885	-157
1890	-156
1894	-156
1898	-154
1902	-153
1909	-155
1919	-160
1930	-165
1934	-164
1939	-163
1941	-161
1947	-161
1953	-162
1958	-162
1965	-163
1970	-163
1974	-162
1980	-162
1986	-163
1987	-159
1989	-156
1995	-156
2005	-160
2007	-157
2012	-157
2016	-156
2021	-155
2028	-157
2027	-151
2027	-146
2030	-143
2031	-140
2032	-136
2035	-134
2041	-134
2048	-135
2058	-139
2070	-144
2078	-147
2083	-146
2085	-142
2085	-138
2088	-135
2092	-134
2098	-134
2103	-134
2109	-134
2117	-135
2121	-134
2125	-133
2132	-134
2148	-142
2159	-146
2166	-148
2170	-145
2173	-144
2180	-144
2185	-143
2194	-146
2196	-143
2200	-141
2207	-142
2211	-140
2215	-138
2218	-136
2220	-132
2222	-129
2226	-128
2231	-126
2252	-138
2254	-135
2258	-133
2265	-133
2270	-132
2273	-130
2276	-127
2278	-124
2285	-124
2294	-127
2304	-129
2315	-133
2317	-130
2319	-127
2323	-125
2333	-127
2337	-125
2338	-121
2339	-117
2340	-113
2342	-109
2348	-109
2362	-114
2373	-117
2369	-109
2375	-109
2377	-105
2378	-102
2379	-97
2381	-94
2400	-103
2404	-101
2405	-97
2418	-101
2425	-101
2432	-101
2435	-98
2417	-80
2422	-79
2428	-79
2437	-80
2436	-74
2436	-69
2437	-66
2439	-62
2439	-57
2441	-54
2442	-50
2444	-46
2443	-41
2445	-37
2445	-32
2445	-28
2445	-23
2445	-18
2444	-13
2444	-8
2442	-2
2440	4
2441	9
2439	15
2439	20
2439	24
2440	29
2441	32
2441	37
2444	40
2443	45
2444	49
2444	54
2445	58
2446	62
2445	67
2446	71
2446	76
2448	79
2449	83
2448	88
2449	93
2450	96
2450	101
2452	105
2454	108
2455	112
2455	116
2456	120
2458	124
2459	127
2458	132
2459	137
2460	141
2459	145
2461	149
2461	154
2461	158
2461	162
2463	166
2463	170
2464	174
2466	177
2467	181
2468	185
2468	189
2469	194
2467	199
2468	203
2469	207
2471	210
2472	214
2472	219
2474	222
2475	226
2475	230
2475	234
2477	238
2478	242
2479	245
2480	249
2482	253
2480	258
2480	262
2481	266
2482	270
2483	274
2483	278
2483	282
2484	287
2484	290
2487	293
2488	297
2488	301
2488	306
2488	310
2489	314
2490	317
2492	321
2493	325
2495	328
2495	332
2495	336
2497	339
2499	343
2500	347
2502	349
2506	352
2509	355
2512	357
2515	360
2516	364
2513	370
2512	374
2514	378
2517	380
2519	384
2519	388
2520	391
2521	395
2521	399
2522	403
2522	407
2522	412
2522	416
2524	419
2525	423
2524	427
2525	431
2525	435
2528	438
2527	443
2528	446
2528	450
2529	454
2532	457
2534	460
2535	464
2534	469
2533	473
2535	476
2537	480
2537	483
2538	487
2538	492
2538	495
2538	500
2540	503
2540	507
2541	511
2542	514
2543	518
2544	522
2545	525
2546	529
2545	533
2545	537
2546	541
2547	545
2550	548
2552	551
2553	554
2554	558
2554	562
2554	566
2554	570
2555	574
2559	576
2559	580
2560	584
2559	588
2560	592
2559	596
2559	600
2559	604
2561	607
2561	611
2562	615
2564	618
2566	621
2569	624
2570	628
2571	632
2569	636
2569	640
2572	643
2573	646
2573	651
2573	654
2574	658
2574	662
2575	665
2577	669
2577	673
2577	677
2578	680
2577	685
2576	689
2576	693
2577	696
2580	699
2582	703
2579	707
2580	711
2582	714
2583	718
2584	722
2583	726
2584	729
2585	733
2587	736
2587	740
2587	744
2587	748
2586	752
2588	755
2591	758
2593	761
2592	766
2592	769
2593	773
2594	777
2595	780
2595	784
2594	788
2595	791
2596	795
2596	799
2597	803
2598	806
2600	809
2601	813
2604	816
2605	819
2606	823
2607	826
2608	830
2607	834
2607	838
2609	841
2611	844
2611	848
2611	852
2611	856
2611	860
2614	862
2616	866
2615	870
2615	874
2615	878
2616	881
2618	884
2619	888
2619	892
2619	895
2618	900
2619	903
2621	906
2621	910
2620	914
2619	918
2619	922
2619	926
2622	929
2624	932
2625	935
2625	939
2626	943
2627	946
2627	950
2628	954
2630	957
2632	960
2633	964
2634	967
2634	971
2634	975
2634	979
2634	982
2633	986
2632	990
2632	994
2633	997
2634	1001
2634	1005
2635	1008
2636	1012
2636	1016
2636	1019
2639	1022
2640	1026
2641	1029
2640	1033
2640	1037
2641	1041
2643	1044
2645	1047
2645	1051
2646	1054
2646	1058
2647	1062
2648	1065
2648	1069
2647	1073
2648	1076
2649	1080
2650	1083
2649	1087
2649	1091
2650	1094
2651	1098
2652	1101
2653	1105
2654	1108
2654	1112
2656	1115
2655	1119
2654	1123
2656	1127
2657	1130
2657	1134
2657	1137
2658	1141
2661	1144
2660	1148
2661	1151
2661	1155
2662	1159
2662	1162
2662	1166
2661	1170
2662	1173
2664	1177
2664	1180
2665	1184
2665	1188
2666	1191
2666	1195
2667	1198
2666	1202
2668	1205
2669	1209
2668	1213
2668	1217
2669	1220
2669	1224
2670	1227
2671	1231
2673	1234
2671	1238
2669	1242
2670	1246
2671	1249
2671	1253
2671	1256
2674	1260
2676	1263
2675	1267
2675	1271
2660	1276
2649	1282
2647	1286
2647	1289
2647	1293
2646	1297
2646	1300
2648	1304
2662	1305
2677	1307
2684	1309
2685	1313
2684	1317
2684	1320
2683	1324
2684	1328
2685	1331
2688	1335
2688	1338
2687	1342
2684	1346
2686	1349
2691	1352
2692	1356
2693	1360
2693	1363
2693	1367
2694	1370
2694	1374
2696	1377
2695	1381
2696	1385
2697	1388
2697	1392
2698	1396
2697	1399
2698	1403
2697	1407
2697	1410
2699	1414
2698	1417
2698	1421
2700	1425
2701	1428
2701	1432
2702	1435
2702	1439
2701	1443
2702	1446
2702	1450
2703	1453
2704	1457
2704	1461
2704	1464
2704	1468
2705	1471
2705	1475
2705	1479
2706	1482
2706	1486
2707	1489
2707	1493
2708	1497
2708	1500
2708	1504
2708	1508
2709	1511
2708	1515
2708	1519
2708	1522
2708	1526
2709	1529
2710	1533
2710	1537
2711	1540
2711	1544
2712	1547
2712	1551
2713	1555
2713	1558
2713	1562
2713	1566
2715	1569
2714	1573
2713	1576
2712	1580
2710	1584
2710	1587
2711	1591
2714	1595
2716	1598
2716	1602
2716	1605
2716	1609
2717	1613
2718	1616
2719	1620
2720	1624
2720	1627
2721	1631
2723	1634
2723	1638
2723	1642
2725	1645
2725	1649
2724	1653
2723	1656
