2630	1669
2631	1673
2631	1676
2631	1680
2632	1683
2630	1687
2631	1694
2631	1697
2631	1701
2633	1704
2634	1708
2636	1711
2637	1715
2637	1718
2637	1722
2638	1726
2637	1729
2637	1733
2640	1736
2641	1740
2642	1743
2641	1747
2640	1750
2640	1754
2643	1758
2644	1761
2643	1765
2641	1768
2641	1772
2642	1775
2642	1779
2643	1782
2644	1786
2645	1790
2646	1793
2648	1797
2649	1800
2649	1804
2647	1807
2650	1811
2650	1815
2651	1818
2651	1822
2651	1825
2652	1829
2652	1833
2651	1836
2652	1840
2651	1843
2651	1847
2653	1850
2652	1854
2653	1858
2654	1861
2654	1865
2652	1868
2653	1872
2654	1876
2657	1879
2656	1883
2658	1887
2660	1890
2661	1894
2659	1897
2659	1901
2660	1905
2658	1908
2658	1912
2660	1915
2662	1919
2663	1923
2661	1926
2661	1930
2663	1934
2664	1937
2665	1941
2666	1945
2666	1948
2665	1952
2663	1955
2663	1959
2664	1963
2665	1966
2666	1970
2666	1974
2666	1977
2667	1981
2667	1985
2667	1988
2665	1992
2665	1995
2667	1999
2666	2003
2671	2007
2672	2011
2672	2014
2671	2018
2672	2021
2673	2025
2675	2029
2676	2033
2674	2036
2676	2040
2677	2044
2678	2048
2677	2051
2677	2055
2677	2059
2679	2062
2680	2066
2679	2070
2678	2073
2679	2077
2678	2081
2679	2084
2679	2088
2679	2092
2678	2095
2678	2099
2679	2103
2680	2107
2682	2111
2680	2114
2679	2118
2682	2122
2682	2125
2683	2129
2683	2133
2684	2137
2684	2141
2683	2144
2684	2148
2686	2152
2685	2156
2686	2159
2686	2163
2686	2167
2685	2170
2686	2174
2686	2178
2686	2182
2688	2186
2689	2190
2690	2194
2689	2197
2690	2201
2691	2205
2691	2209
2689	2212
2689	2216
2688	2219
2688	2223
2690	2227
2691	2231
2693	2235
2693	2239
2695	2243
2696	2247
2695	2251
2695	2255
2695	2258
2693	2262
2693	2265
2695	2270
2696	2274
2697	2277
2696	2281
2695	2285
2695	2289
2696	2293
2699	2297
2701	2301
2700	2305
2699	2308
2699	2312
2699	2316
2700	2320
2700	2324
2700	2328
2702	2332
2701	2335
2702	2340
2702	2343
2699	2347
2700	2351
2702	2355
2703	2359
2704	2363
2704	2367
2705	2371
2706	2375
2704	2378
2704	2382
2703	2386
2704	2390
2705	2394
2705	2398
2704	2402
2704	2405
2706	2410
2709	2414
2708	2418
2708	2422
2709	2426
2709	2430
2707	2433
2706	2437
2704	2440
2706	2445
2707	2449
2707	2453
2708	2457
2710	2461
2713	2466
2711	2470
2710	2473
2711	2478
2709	2481
2708	2485
2707	2488
2707	2492
2710	2497
2711	2501
2711	2505
2712	2509
2712	2513
2713	2518
2713	2522
2714	2526
2713	2529
2714	2534
2715	2538
2715	2542
2715	2546
2716	2550
2715	2554
2713	2558
2713	2561
2713	2565
2715	2570
2716	2574
2716	2578
2716	2582
2718	2587
2717	2591
2716	2595
2716	2598
2716	2602
2716	2607
2718	2611
2718	2615
2717	2619
2717	2623
2720	2628
2720	2632
2720	2636
2722	2641
2721	2645
2718	2648
2717	2652
2719	2656
2721	2661
2722	2665
2720	2669
2720	2673
2722	2678
2721	2682
2722	2686
2722	2690
2722	2694
2722	2698
2721	2702
2722	2707
2726	2712
2725	2716
2724	2720
2727	2725
2727	2729
2727	2733
2726	2737
2726	2741
2727	2746
2728	2751
2726	2754
2726	2758
2727	2763
2728	2767
2727	2771
2730	2777
2730	2781
2729	2785
2730	2789
2730	2794
2732	2798
2731	2802
2730	2806
2729	2810
2729	2815
2731	2819
2730	2823
2731	2828
2730	2832
2730	2836
2732	2841
2732	2846
2730	2849
2731	2854
2732	2858
2733	2863
2732	2867
2733	2872
2732	2876
2731	2879
2730	2883
2729	2888
2730	2892
2733	2898
2735	2903
2734	2907
2736	2912
2734	2916
2735	2920
2733	2924
2734	2929
2732	2932
2731	2936
2734	2942
2736	2947
2735	2951
2735	2956
2735	2960
2735	2964
2736	2969
2736	2974
2736	2978
2734	2982
2732	2986
2731	2989
2732	2994
2733	2999
2733	3004
2732	3008
2731	3012
2732	3017
2732	3021
2730	3025
2730	3029
2733	3035
2733	3040
2733	3044
2731	3048
2731	3052
2732	3058
2733	3063
2733	3067
2735	3073
2735	3077
2734	3081
2734	3086
2735	3091
2733	3094
2733	3099
2731	3103
2708	3095
2686	3089
2671	3086
2666	3088
2661	3090
2659	3093
2655	3096
2654	3100
2655	3104
2656	3109
2658	3115
2731	3163
2733	3169
2735	3175
2736	3180
2736	3184
2735	3189
2735	3193
2733	3197
2732	3201
2733	3206
2731	3210
2730	3214
2730	3219
2731	3224
2731	3229
2731	3234
2731	3239
2733	3244
2732	3249
2731	3253
2731	3258
2729	3262
2728	3266
2730	3272
2729	3276
2730	3282
2729	3286
2728	3290
2728	3295
2727	3299
2726	3304
2726	3309
2726	3314
2726	3318
2726	3323
2724	3327
2725	3332
2727	3339
2726	3343
2723	3346
2723	3351
2725	3357
2725	3362
2724	3367
2721	3370
2721	3374
2725	3382
2724	3386
2723	3391
2723	3396
2723	3401
2722	3406
2722	3410
2721	3415
2721	3420
2722	3426
2721	3430
2721	3435
2721	3440
2721	3446
2719	3449
2719	3454
2720	3460
2721	3466
2721	3471
2720	3475
2719	3480
2719	3485
2718	3490
2718	3495
2718	3500
2718	3505
2718	3510
2715	3514
2713	3518
2714	3523
2716	3530
2717	3536
2717	3541
2718	3547
2717	3552
2716	3556
2714	3560
2715	3566
2714	3571
2715	3577
2715	3582
2714	3587
2713	3592
2714	3598
2714	3603
2715	3609
2715	3614
2716	3620
2715	3625
2712	3629
2710	3633
2711	3639
2713	3645
2712	3650
2708	3653
2706	3657
2705	3662
2704	3666
2704	3672
2703	3677
2702	3682
2702	3687
2701	3692
2699	3696
2697	3700
2696	3705
2697	3711
2694	3715
2694	3720
2695	3726
2691	3729
2689	3734
2689	3739
2690	3746
2690	3751
2689	3756
2688	3761
2686	3765
2684	3769
2683	3774
2683	3779
2683	3785
2683	3791
2680	3794
2679	3799
2677	3804
2676	3809
2676	3814
2675	3819
2677	3826
2676	3832
2674	3836
2672	3840
2670	3844
2666	3847
2664	3851
2665	3857
2664	3863
2661	3866
2661	3872
2663	3880
2663	3885
2661	3890
2661	3896
2662	3902
2660	3906
2658	3911
2655	3915
2653	3919
2652	3924
2651	3929
2651	3935
2650	3940
2648	3944
2646	3949
2643	3952
2640	3956
2639	3961
2637	3965
2635	3970
2634	3975
2632	3980
2631	3985
2628	3988
2626	3992
2624	3997
2622	4001
2620	4006
2619	4011
2617	4016
2616	4021
2614	4026
2613	4030
2612	4036
2612	4042
2609	4046
2609	4052
2606	4056
2603	4059
2602	4065
2601	4070
2597	4073
2594	4077
2593	4082
2594	4089
2593	4094
2568	4078
2545	4063
2540	4065
2536	4068
2535	4073
2535	4079
2531	4082
2533	4090
2531	4094
2528	4098
2530	4106
2553	4134
2568	4154
2570	4163
2567	4167
2566	4172
2564	4177
2562	4181
2561	4187
2559	4191
2555	4195
2555	4201
2555	4207
2553	4212
2551	4218
2551	4224
2550	4229
2549	4235
2547	4240
2546	4246
2545	4251
2542	4256
2540	4260
2538	4265
2537	4270
2534	4274
2530	4277
2527	4281
2524	4284
2521	4288
2518	4292
2516	4297
2513	4301
2509	4304
2257	4053
2254	4056
2251	4059
2243	4076
2240	4079
2236	4082
2236	4087
2237	4095
2234	4098
2230	4100
2471	4361
2468	4366
2462	4366
2460	4371
2459	4376
2456	4381
2454	4386
2451	4389
2448	4393
2444	4396
2441	4400
2438	4404
2436	4408
2433	4412
2431	4418
2429	4423
2427	4427
2423	4431
2420	4434
2417	4439
2415	4443
2412	4447
2409	4451
2406	4455
2404	4460
2401	4464
2400	4470
2396	4474
2391	4475
2388	4479
2387	4485
2384	4489
2379	4491
2376	4494
2374	4500
2378	4512
2375	4516
2371	4518
2366	4520
2361	4522
2357	4525
2354	4529
2351	4533
2348	4537
2346	4542
2345	4548
2343	4555
2340	4558
2336	4561
2330	4561
2326	4564
2325	4570
2321	4574
2318	4577
2314	4580
2311	4584
2307	4587
2303	4590
2300	4594
2297	4599
2293	4601
2289	4604
2286	4608
2283	4612
2280	4617
2276	4620
2272	4622
2268	4625
2264	4628
2262	4634
2261	4640
2258	4644
2254	4647
2251	4651
2247	4654
2244	4658
2240	4662
2237	4666
2234	4669
2232	4675
2227	4677
2223	4680
2218	4681
2214	4684
2211	4688
2208	4693
2205	4697
2202	4700
2198	4704
2194	4706
2188	4708
2185	4711
2184	4718
2181	4723
2178	4727
2176	4733
2172	4736
2170	4740
2166	4744
2162	4747
2158	4750
2153	4751
2149	4755
2145	4758
2142	4761
2139	4766
2135	4769
2131	4772
2126	4773
2122	4777
2119	4781
2114	4781
2106	4779
2102	4782
2101	4789
2099	4795
2096	4799
2091	4801
2086	4802
2081	4804
2078	4808
2075	4813
2074	4820
2072	4825
2068	4829
2065	4833
2063	4839
2059	4842
2055	4846
2051	4849
2048	4852
2043	4854
2039	4858
2035	4860
2030	4862
2026	4864
2022	4867
2018	4871
2015	4876
2013	4882
2010	4885
2007	4890
2004	4894
1999	4897
1995	4900
1992	4904
1989	4908
1984	4910
1979	4912
1976	4916
1974	4922
1971	4928
1969	4933
1964	4935
1960	4937
1956	4941
1953	4945
1949	4948
1943	4949
1938	4950
1933	4951
1929	4955
1927	4961
1924	4965
1921	4970
1917	4973
1914	4977
1910	4981
1905	4982
1901	4986
1897	4989
1893	4993
1890	4996
1885	4998
1880	5000
1876	5002
1871	5005
1866	5006
1863	5011
1860	5016
1857	5021
1853	5023
1848	5025
1843	5027
1840	5032
1838	5038
1834	5040
1828	5041
1824	5043
1820	5047
1815	5049
1812	5052
1807	5055
1802	5056
1797	5058
1793	5060
1789	5065
1788	5072
1785	5078
1781	5081
1776	5083
1773	5088
1769	5091
1765	5095
1761	5096
1756	5098
1751	5100
1747	5103
1742	5104
1737	5106
1733	5110
1728	5111
1724	5113
1723	5123
1718	5125
1714	5127
1709	5129
1704	5131
1701	5135
1698	5140
1694	5144
1690	5148
1686	5152
1683	5156
1679	5160
1675	5162
1670	5164
1665	5166
1663	5172
1658	5175
1653	5177
1648	5177
1644	5181
1639	5183
1636	5187
1632	5191
1628	5195
1622	5194
1618	5197
1615	5202
1611	5206
1605	5206
1601	5208
1596	5210
1591	5212
1586	5214
1582	5217
1578	5220
1573	5221
1568	5223
1564	5226
1560	5229
1555	5231
1550	5232
1545	5235
1541	5238
1536	5239
1533	5245
1528	5247
1523	5248
1519	5252
1516	5256
1511	5259
1506	5260
1501	5261
1496	5262
1492	5265
1488	5269
1484	5272
1479	5274
1475	5278
1472	5283
1467	5285
1462	5287
1457	5289
1455	5295
1450	5298
1447	5303
1440	5299
1434	5299
1429	5301
1425	5304
1421	5308
1417	5311
1413	5315
1408	5317
1401	5314
1396	5315
1392	5319
1388	5322
1383	5324
1379	5326
1374	5328
1369	5331
1365	5333
1360	5335
1355	5336
1351	5339
1346	5342
1342	5345
1337	5347
1332	5348
1327	5349
1322	5351
1318	5355
1316	5364
1307	5356
1303	5358
1300	5364
1296	5368
1291	5371
1287	5374
1282	5376
1277	5377
1272	5379
1268	5382
1264	5386
1259	5389
1255	5391
1250	5393
1245	5395
1241	5398
1236	5400
1231	5401
1227	5405
1223	5408
1218	5410
1213	5412
1208	5413
1203	5415
1198	5416
1193	5418
1189	5423
1185	5427
1181	5430
1176	5432
1171	5434
1167	5439
1164	5444
1159	5446
1153	5446
1149	5448
1144	5450
1139	5452
1135	5456
1131	5460
1126	5463
1121	5465
1117	5467
1112	5470
1107	5471
1103	5475
1097	5476
1092	5477
1087	5478
1082	5478
1077	5481
1073	5484
1068	5485
1063	5487
1058	5489
1054	5494
1049	5496
1045	5499
1040	5501
1035	5502
1030	5504
1026	5507
1020	5508
1015	5509
1010	5511
1005	5512
1000	5512
995	5513
990	5515
985	5517
981	5521
976	5523
971	5525
966	5527
961	5528
956	5528
951	5530
946	5531
941	5532
936	5536
932	5539
927	5541
922	5543
917	5546
913	5549
907	5548
902	5548
896	5548
891	5549
886	5550
881	5553
877	5557
872	5559
867	5560
862	5561
857	5564
852	5565
847	5566
842	5566
836	5564
831	5566
825	5566
820	5567
816	5569
811	5571
806	5573
801	5575
796	5576
790	5576
785	5577
780	5577
775	5578
769	5577
764	5577
759	5579
755	5585
750	5587
745	5589
740	5590
734	5587
728	5586
723	5585
718	5585
713	5586
707	5587
702	5588
697	5590
692	5592
688	5594
683	5596
677	5597
672	5597
667	5596
662	5597
656	5596
651	5597
646	5599
641	5599
636	5599
630	5599
625	5601
620	5602
615	5602
610	5603
605	5606
600	5606
595	5607
589	5606
584	5607
579	5607
574	5608
569	5609
563	5610
558	5610
553	5610
548	5610
543	5611
538	5614
533	5614
527	5615
522	5617
517	5618
512	5619
507	5621
502	5622
497	5622
491	5621
486	5621
481	5622
476	5624
471	5625
466	5628
461	5630
456	5631
451	5634
446	5638
442	5642
437	5648
432	5649
427	5651
422	5653
417	5654
411	5653
406	5653
401	5652
396	5655
391	5656
386	5658
380	5657
375	5656
370	5657
364	5657
359	5657
354	5656
348	5654
343	5654
338	5654
333	5654
327	5653
322	5654
317	5654
312	5656
307	5656
301	5657
296	5657
291	5657
286	5655
280	5655
275	5655
270	5656
265	5658
259	5657
254	5660
249	5663
244	5666
239	5667
234	5667
229	5667
224	5667
218	5667
213	5666
208	5666
203	5669
198	5670
192	5670
187	5672
182	5673
177	5673
171	5672
166	5671
161	5670
156	5670
150	5669
145	5670
140	5670
135	5670
130	5671
124	5672
119	5671
114	5669
109	5670
103	5671
98	5671
93	5671
88	5672
83	5672
77	5672
72	5672
67	5674
62	5674
56	5674
51	5675
46	5675
41	5676
36	5675
30	5675
25	5675
20	5677
15	5677
9	5677
4	5677
-1	5676
-6	5675
-11	5675
-17	5675
-22	5675
-27	5675
-32	5675
-38	5675
-43	5674
-48	5674
-53	5675
-58	5676
-64	5676
-69	5675
-74	5674
-79	5674
-85	5674
-90	5673
-95	5673
-100	5672
-106	5673
-111	5674
-112	5020
-116	5022
-121	5022
-125	5021
-129	5018
-134	5018
-138	5018
-142	5019
-147	5008
-151	5003
-155	5001
-159	4999
-164	4996
-168	4995
-172	4994
-177	4995
-181	4998
-185	5000
-190	5002
-195	5010
-199	5018
-204	5018
-208	5016
-212	5016
-217	5022
-221	5023
-226	5022
-230	5020
-272	5665
-277	5663
-283	5661
-288	5660
-293	5660
-298	5658
-303	5656
-308	5655
-313	5653
-319	5652
-324	5653
-329	5651
-334	5649
-339	5648
-344	5646
-349	5644
-354	5642
-360	5640
-365	5640
-370	5639
-375	5637
-380	5636
-385	5635
-390	5633
-395	5631
-400	5627
-405	5624
-410	5622
-415	5621
-420	5620
-425	5620
-431	5619
-436	5617
-441	5614
-445	5612
-450	5610
-455	5608
-460	5607
-465	5604
-470	5602
-476	5603
-480	5599
-485	5597
-491	5596
-496	5595
-501	5593
-506	5592
-511	5591
-516	5591
-521	5591
-526	5590
-531	5590
-536	5589
-541	5588
-546	5587
-552	5586
-557	5586
-562	5585
-567	5584
-572	5584
-577	5583
-582	5583
-587	5583
-593	5582
-598	5581
-603	5580
-608	5581
-613	5580
-618	5579
-623	5578
-628	5577
-633	5577
-639	5577
-644	5577
-649	5575
-654	5573
-659	5573
-664	5573
-669	5574
-674	5572
-680	5572
-685	5572
-690	5572
-695	5573
-700	5571
-705	5568
-710	5566
-715	5564
-720	5561
-724	5559
-729	5557
-734	5555
-739	5553
-744	5552
-749	5548
-753	5545
-758	5545
-763	5543
-768	5541
-773	5538
-777	5534
-782	5532
-787	5529
-792	5528
-797	5528
-802	5527
-807	5525
-812	5524
-817	5523
-822	5521
-827	5519
-832	5518
-837	5516
-841	5512
-846	5512
-852	5514
-857	5516
-862	5515
-867	5513
-872	5510
-877	5509
-881	5506
-886	5503
-891	5502
-896	5500
-901	5499
-905	5495
-910	5493
-915	5491
-920	5490
-925	5488
-929	5485
-934	5481
-938	5479
-943	5479
-948	5478
-954	5478
-959	5477
-964	5477
-969	5477
-974	5474
-979	5473
-984	5473
-990	5478
-996	5478
-1000	5476
-1005	5473
-1010	5473
-1016	5473
-1021	5474
-1026	5471
-1031	5470
-1036	5470
-1041	5469
-1046	5467
-1050	5465
-1055	5464
-1060	5462
-1066	5463
-1071	5462
-1076	5460
-1080	5457
-1085	5454
-1090	5453
-1094	5451
-1099	5449
-1105	5449
-1110	5450
-1115	5449
-1119	5445
-1125	5446
-1130	5444
-1134	5441
-1139	5441
-1144	5439
-1149	5438
-1154	5436
-1159	5434
-1163	5431
-1167	5427
-1172	5425
-1177	5423
-1181	5420
-1186	5417
-1190	5414
-1195	5412
-1199	5408
-1204	5406
-1209	5405
-1214	5404
-1218	5401
-1223	5399
-1228	5398
-1233	5397
-1238	5395
-1243	5394
-1249	5397
-1256	5401
-1261	5402
-1266	5401
-1271	5400
-1277	5401
-1282	5401
-1287	5398
-1292	5397
-1297	5395
-1302	5395
-1307	5393
-1312	5392
-1317	5392
-1322	5391
-1327	5389
-1332	5388
-1337	5387
-1343	5387
-1348	5388
-1354	5388
-1359	5387
-1363	5383
-1368	5382
-1374	5383
-1379	5383
-1384	5382
-1389	5380
-1394	5378
-1398	5375
-1402	5371
-1407	5369
-1412	5369
-1417	5367
-1421	5363
-1425	5360
-1429	5356
-1434	5352
-1438	5350
-1442	5347
-1447	5343
-1450	5338
-1454	5334
-1458	5331
-1463	5329
-1468	5327
-1473	5326
-1478	5325
-1482	5322
-1487	5319
-1491	5316
-1496	5314
-1501	5314
-1506	5312
-1510	5310
-1515	5308
-1520	5307
-1525	5304
-1529	5301
-1534	5300
-1540	5301
-1545	5301
-1551	5300
-1555	5298
-1560	5295
-1564	5293
-1570	5292
-1575	5293
-1581	5293
-1586	5293
-1591	5291
-1596	5290
-1601	5288
-1606	5286
-1610	5284
-1615	5281
-1619	5279
-1624	5276
-1628	5274
-1634	5272
-1638	5270
-1642	5266
-1646	5263
-1651	5261
-1656	5260
-1661	5259
-1666	5258
-1671	5255
-1675	5252
-1680	5250
-1684	5248
-1689	5246
-1694	5245
-1699	5242
-1702	5238
-1706	5233
-1710	5231
-1715	5228
-1719	5226
-1724	5224
-1729	5222
-1733	5218
-1737	5215
-1742	5213
-1746	5210
-1750	5207
-1755	5205
-1759	5203
-1764	5200
-1769	5200
-1773	5197
-1778	5195
-1783	5193
-1788	5192
-1793	5190
-1798	5189
-1802	5185
-1806	5182
-1811	5180
-1816	5178
-1821	5177
-1825	5174
-1830	5172
-1835	5171
-1840	5170
-1843	5165
-1847	5160
-1851	5157
-1855	5155
-1859	5151
-1864	5149
-1868	5146
-1872	5143
-1876	5138
-1880	5135
-1884	5133
-1889	5131
-1894	5129
-1898	5126
-1902	5122
-1905	5118
-1909	5115
-1913	5112
-1917	5108
-1921	5105
-1925	5102
-1930	5099
-1935	5098
-1939	5095
-1943	5092
-1948	5089
-1953	5089
-1958	5087
-1962	5084
-1966	5080
-1970	5077
-1975	5075
-1979	5073
-1983	5069
-1987	5066
-1991	5062
-1994	5058
-1997	5053
-2002	5052
-2007	5049
-2011	5046
-2015	5043
-2020	5041
-2023	5037
-2026	5032
-2030	5028
-2034	5025
-2038	5022
-2041	5017
-2045	5014
-2049	5010
-2053	5007
-2057	5004
-2060	5000
-2065	4997
-2069	4995
-2073	4992
-2078	4990
-2082	4987
-2086	4984
-2089	4979
-2093	4976
-2098	4974
-2102	4970
-2105	4967
-2108	4962
-2110	4955
-2112	4949
-2117	4947
-2121	4945
-2127	4944
-2132	4943
-2136	4939
-2140	4937
-2145	4935
-2148	4930
-2152	4928
-2155	4923
-2159	4920
-2163	4917
-2166	4912
-2170	4908
-2173	4904
-2177	4901
-2182	4900
-2186	4896
-2190	4892
-2193	4889
-2197	4886
-2203	4885
-2205	4880
-2209	4877
-2214	4874
-2217	4870
-2219	4864
-2223	4861
-2228	4859
-2232	4857
-2236	4854
-2240	4850
-2245	4848
-2249	4846
-2253	4842
-2257	4839
-2261	4836
-2264	4832
-2266	4826
-2268	4820
-2270	4814
-2274	4811
-2278	4808
-2282	4805
-2285	4801
-2289	4798
-2294	4795
-2298	4792
-2301	4789
-2305	4785
-2308	4781
-2311	4777
-2314	4772
-2318	4769
-2322	4766
-2325	4762
-2329	4759
-2332	4755
-2336	4751
-2338	4747
-2342	4743
-2345	4738
-2347	4733
-2350	4729
-2354	4726
-2359	4724
-2363	4722
-2367	4718
-2371	4715
-2374	4711
-2377	4707
-2381	4704
-2385	4700
-2388	4696
-2391	4693
-2395	4689
-2398	4685
-2401	4681
-2405	4677
-2408	4673
-2411	4669
-2414	4665
-2417	4661
-2420	4657
-2424	4653
-2427	4649
-2430	4646
-2432	4640
-2437	4638
-2441	4635
-2445	4632
-2448	4628
-2451	4624
-2454	4619
-2456	4614
-2459	4610
-2461	4605
-2464	4601
-2468	4597
-2470	4592
-2473	4589
-2476	4585
-2478	4579
-2481	4574
-2483	4570
-2485	4564
-2489	4561
-2492	4557
-2496	4554
-2499	4550
-2502	4546
-2505	4541
-2506	4536
-2509	4531
-2511	4526
-2515	4523
-2518	4519
-2520	4515
-2522	4509
-2524	4504
-2527	4500
-2530	4496
-2534	4493
-2537	4488
-2540	4484
-2543	4480
-2544	4475
-2549	4472
-2552	4469
-2554	4464
-2557	4460
-2559	4455
-2562	4451
-2565	4447
-2569	4444
-2572	4440
-2574	4436
-2577	4431
-2580	4427
-2582	4422
-2585	4418
-2587	4413
-2589	4409
-2591	4403
-2595	4400
-2597	4396
-2599	4391
-2602	4386
-2604	4382
-2607	4378
-2610	4374
-2612	4369
-2616	4366
-2620	4363
-2623	4359
-2626	4356
-2628	4351
-2632	4348
-2635	4344
-2639	4341
-2641	4336
-2643	4331
-2645	4326
-2646	4321
-2649	4317
-2650	4311
-2650	4304
-2651	4298
-2654	4295
-2658	4291
-2662	4289
-2657	4277
-2656	4269
-2658	4264
-2662	4262
-2665	4258
-2668	4254
-2671	4250
-2673	4245
-2675	4240
-2677	4236
-2681	4233
-2683	4229
-2685	4224
-2687	4219
-2688	4214
-2689	4208
-2692	4204
-2694	4199
-2695	4194
-2696	4188
-2697	4183
-2701	4180
-2706	4178
-2709	4174
-2712	4170
-2713	4165
-2713	4158
-2715	4154
-2717	4149
-2720	4146
-2721	4140
-2725	4137
-2728	4133
-2730	4129
-2731	4124
-2733	4119
-2738	4117
-2740	4113
-2742	4108
-2744	4104
-2747	4100
-2748	4095
-2752	4091
-2755	4088
-2759	4085
-2762	4081
-2763	4076
-2764	4071
-2766	4066
-2767	4060
-2769	4056
-2772	4053
-2774	4048
-2776	4044
-2778	4039
-2779	4034
-2780	4028
-2782	4023
-2784	4019
-2786	4015
-2785	4008
-2787	4003
-2789	3999
-2791	3994
-2792	3989
-2793	3984
-2795	3980
-2797	3975
-2798	3970
-2800	3965
-2801	3960
-2800	3953
-2802	3949
-2804	3944
-2807	3941
-2806	3934
-2807	3929
-2809	3924
-2811	3920
-2812	3915
-2811	3908
-2813	3904
-2815	3900
-2817	3895
-2817	3890
-2817	3884
-2818	3878
-2820	3874
-2821	3869
-2821	3863
-2820	3857
-2822	3853
-2825	3849
-2827	3845
-2829	3840
-2829	3834
-2830	3830
-2834	3827
-2834	3821
-2835	3816
-2837	3811
-2840	3808
-2843	3805
-2845	3801
-2847	3796
-2850	3793
-2852	3788
-2854	3784
-2856	3780
-2858	3776
-2858	3770
-2861	3767
-2861	3761
-2861	3755
-2858	3748
-2859	3743
-2862	3739
-2863	3734
-2863	3728
-2862	3722
-2861	3716
-2862	3711
-2863	3706
-2864	3701
-2864	3696
-2866	3692
-2867	3687
-2865	3680
-2863	3673
-2863	3668
-2865	3663
-2867	3659
-2867	3654
-2868	3649
-2870	3645
-2869	3639
-2868	3633
-2871	3629
-2872	3625
-2873	3620
-2870	3612
-2871	3608
-2875	3605
-2878	3601
-2879	3597
-2879	3591
-2878	3585
-2879	3581
-2879	3576
-2881	3571
-2879	3564
-2879	3559
-2878	3554
-2880	3550
-2882	3545
-2883	3541
-2883	3536
-2883	3530
-2884	3526
-2885	3521
-2887	3517
-2889	3513
-2891	3509
-2892	3504
-2891	3499
-2890	3493
-2891	3488
-2893	3484
-2894	3480
-2897	3476
-2897	3471
-2897	3466
-2897	3461
-2896	3455
-2896	3450
-2899	3447
-2900	3442
-2901	3438
-2898	3431
-2896	3424
-2890	3415
-2889	3410
-2892	3406
-2893	3402
-2894	3398
-2892	3392
-2891	3386
-2889	3380
-2890	3375
-2893	3372
-2894	3368
-2894	3362
-2894	3358
-2893	3352
-2893	3347
-2893	3342
-2890	3335
-2886	3328
-2885	3322
-2884	3317
-2885	3312
-2887	3309
-2890	3305
-2893	3302
-2892	3297
-2894	3293
-2893	3288
-2893	3283
-2893	3278
-2892	3273
-2892	3267
-2893	3263
-2893	3259
-2894	3254
-2893	3249
-2892	3244
-2893	3239
-2893	3234
-2892	3229
-2892	3224
-2890	3218
-2890	3213
-2889	3208
-2890	3204
-2891	3200
-2885	3192
-2887	3188
-2888	3184
-2889	3180
-2889	3175
-2888	3170
-2887	3165
-2888	3160
-2887	3155
-2887	3150
-2887	3146
-2886	3141
-2886	3135
-2884	3130
-2882	3124
-2877	3117
-2877	3113
-2876	3107
-2876	3103
-2876	3098
-2875	3093
-2874	3088
-2874	3083
-2875	3079
-2875	3075
-2875	3070
-2873	3065
-2870	3059
-2869	3053
-2869	3049
-2868	3044
-2868	3039
-2868	3035
-2867	3030
-2866	3025
-2866	3020
-2864	3015
-2864	3010
-2864	3006
-2865	3002
-2864	2997
-2863	2992
-2862	2987
-2862	2983
-2861	2978
-2860	2973
-2859	2968
-2858	2963
-2859	2959
-2858	2954
-2857	2949
-2856	2944
-2856	2940
-2855	2935
-2854	2930
-2853	2926
-2854	2922
-2852	2916
-2851	2911
-2851	2907
-2847	2901
-2847	2897
-2847	2892
-2846	2888
-2845	2883
-2844	2878
-2844	2874
-2843	2869
-2844	2865
-2843	2861
-2843	2856
-2842	2851
-2840	2847
-2841	2843
-2841	2838
-2839	2833
-2839	2829
-2838	2824
-2837	2819
-2833	2814
-2832	2809
-2831	2804
-2831	2800
-2831	2796
-2830	2791
-2829	2787
-2828	2782
-2826	2778
-2827	2774
-2827	2769
-2825	2764
-2824	2760
-2821	2755
-2820	2750
-2819	2745
-2816	2740
-2815	2736
-2814	2731
-2813	2727
-2812	2722
-2811	2718
-2810	2713
-2808	2708
-2805	2703
-2802	2698
-2804	2695
-2804	2691
-2803	2686
-2806	2683
-2804	2678
-2804	2674
-2798	2668
-2795	2663
-2795	2659
-2797	2655
-2797	2652
-2795	2647
-2793	2642
-2793	2638
-2797	2636
-2793	2630
-2787	2624
-2787	2620
-2786	2616
-2786	2612
-2788	2608
-2786	2604
-2783	2599
-2784	2595
-2784	2591
-2781	2586
-2779	2582
-2778	2577
-2778	2573
-2778	2570
-2778	2566
-2771	2559
-2771	2556
-2771	2552
-2770	2547
-2768	2543
-2766	2538
-2767	2535
-2769	2532
-2770	2528
-2769	2524
-2769	2520
-2769	2516
-2768	2512
-2766	2507
-2764	2503
-2759	2497
-2756	2493
-2753	2488
-2753	2484
-2750	2479
-2748	2475
-2748	2471
-2746	2467
-2744	2462
-2744	2459
-2746	2455
-2746	2452
-2746	2448
-2745	2444
-2744	2440
-2740	2435
-2739	2431
-2736	2426
-2737	2423
-2739	2419
-2738	2415
-2737	2411
-2735	2407
-2733	2403
-2732	2399
-2734	2395
-2733	2391
-2733	2388
-2731	2383
-2728	2379
-2726	2375
-2724	2370
-2721	2366
-2721	2362
-2721	2359
-2720	2355
-2721	2351
-2720	2347
-2718	2343
-2717	2339
-2716	2335
-2714	2331
-2712	2327
-2712	2323
-2713	2320
-2710	2315
-2710	2312
-2710	2308
-2710	2304
-2711	2301
-2708	2297
-2705	2292
-2703	2288
-2702	2284
-2703	2281
-2705	2278
-2704	2274
-2700	2269
-2700	2266
-2701	2262
-2699	2258
-2699	2255
-2699	2251
-2698	2247
-2696	2243
-2694	2239
-2693	2235
-2692	2232
-2690	2228
-2689	2224
-2688	2220
-2688	2216
-2687	2213
-2686	2209
-2686	2205
-2685	2201
-2686	2198
-2686	2195
-2685	2191
-2682	2187
-2680	2183
-2681	2179
-2682	2176
-2683	2173
-2681	2169
-2673	2164
-2670	2160
-2671	2156
-2671	2153
-2673	2150
-2673	2146
-2671	2142
-2672	2139
-2672	2136
-2672	2132
-2671	2128
-2667	2124
-2664	2120
-2664	2117
-2666	2113
-2667	2110
-2666	2106
-2664	2103
-2662	2099
-2661	2095
-2660	2092
-2661	2088
-2659	2084
-2657	2081
-2658	2077
-2658	2074
-2656	2070
-2655	2066
-2656	2063
-2654	2059
-2653	2056
-2651	2052
-2650	2048
-2650	2045
-2651	2042
-2648	2038
-2648	2034
-2646	2031
-2645	2027
-2643	2023
-2643	2020
-2644	2017
-2642	2013
-2642	2009
-2641	2006
-2640	2002
-2638	1999
-2637	1995
-2637	1992
-2635	1988
-2635	1985
-2635	1981
-2633	1978
-2631	1974
-2629	1970
-2628	1967
-2626	1963
-2622	1959
-2624	1956
-2625	1953
-2623	1949
-2623	1946
-2622	1943
-2620	1939
-2619	1935
-2622	1932
-2623	1929
-2622	1926
-2619	1922
-2617	1918
-2617	1915
-2617	1912
-2616	1908
-2616	1905
-2614	1901
-2613	1898
-2614	1895
-2614	1891
-2613	1888
-2612	1884
-2609	1881
-2608	1877
-2608	1874
-2603	1870
-2601	1867
-2601	1863
-2601	1860
-2604	1857
-2602	1853
-2598	1850
-2598	1847
-2602	1843
-2604	1840
-2604	1837
-2602	1833
-2591	1830
-2588	1826
-2589	1823
-2591	1820
-2591	1816
-2590	1813
-2590	1810
-2589	1806
-2587	1803
-2586	1799
-2584	1796
-2585	1793
-2585	1789
-2583	1786
-2585	1783
-2583	1779
-2580	1776
-2582	1773
-2581	1769
-2581	1766
-2580	1763
-2579	1760
-2577	1756
-2575	1753
-2574	1750
-2574	1746
-2575	1743
-2576	1740
-2576	1736
-2575	1733
-2573	1730
-2568	1726
-2565	1723
-2563	1720
-2562	1717
-2560	1713
-2559	1710
-2560	1707
-2563	1703
-2564	1700
-2565	1697
-2564	1694
-2561	1690
-2557	1687
-2555	1684
-2554	1681
-2555	1677
-2554	1674
-2553	1671
-2552	1668
-2551	1664
-2550	1661
-2549	1658
-2548	1655
-2549	1651
-2549	1648
-2548	1645
-2548	1642
-2549	1638
-2548	1635
-2546	1632
-2542	1629
-2544	1625
-2546	1622
-2542	1619
-2540	1616
-2540	1612
-2539	1609
-2538	1606
-2536	1603
-2535	1600
-2534	1596
-2530	1593
-2530	1590
-2531	1587
-2529	1584
-2527	1581
-2529	1577
-2527	1574
-2527	1571
-2526	1568
-2521	1565
-2519	1562
-2522	1558
-2523	1555
-2521	1552
-2520	1549
-2519	1545
-2519	1542
-2516	1539
-2514	1536
-2514	1533
-2510	1530
-2506	1527
-2508	1524
-2506	1521
-2505	1517
-2506	1514
-2506	1511
-2507	1508
-2507	1504
-2505	1501
-2505	1498
-2503	1495
-2503	1492
-2501	1489
-2497	1486
-2496	1483
-2495	1480
-2496	1476
-2497	1473
-2497	1470
-2497	1467
-2496	1464
-2495	1460
-2496	1457
-2495	1454
-2494	1451
-2494	1448
-2491	1445
-2488	1442
-2487	1439
-2486	1436
-2484	1433
-2482	1430
-2481	1427
-2480	1423
-2481	1420
-2480	1417
-2478	1414
-2477	1411
-2477	1408
-2477	1405
-2477	1401
-2475	1398
-2473	1395
-2472	1392
-2471	1389
-2470	1386
-2469	1383
-2468	1380
-2468	1377
-2467	1374
-2467	1371
-2467	1368
-2466	1364
-2465	1361
-2464	1358
-2463	1355
-2461	1352
-2461	1349
-2460	1346
-2460	1343
-2460	1340
-2458	1337
-2458	1334
-2456	1331
-2455	1328
-2453	1325
-2454	1321
-2454	1318
-2452	1315
-2452	1312
-2451	1309
-2451	1306
-2450	1303
-2449	1300
-2445	1297
-2444	1294
-2444	1291
-2446	1287
-2445	1284
-2445	1281
-2444	1278
-2443	1275
-2441	1272
-2439	1269
-2439	1266
-2438	1263
-2438	1260
-2436	1257
-2435	1254
-2434	1251
-2435	1248
-2436	1244
-2435	1241
-2434	1238
-2430	1236
-2428	1233
-2427	1230
-2428	1227
-2428	1223
-2427	1220
-2427	1217
-2425	1214
-2422	1212
-2420	1209
-2419	1206
-2422	1202
-2420	1199
-2418	1196
-2417	1193
-2415	1191
-2415	1187
-2414	1184
-2414	1181
-2413	1178
-2412	1175
-2411	1172
-2411	1169
-2409	1166
-2408	1163
-2408	1160
-2407	1157
-2406	1154
-2406	1151
-2405	1148
-2404	1145
-2402	1142
-2402	1139
-2400	1136
-2399	1133
-2398	1130
-2397	1127
-2396	1124
-2395	1121
-2395	1118
-2394	1115
-2395	1111
-2393	1108
-2391	1106
-2391	1103
-2394	1099
-2393	1096
-2391	1093
-2391	1090
-2390	1087
-2388	1084
-2388	1081
-2388	1078
-2386	1075
-2384	1072
-2383	1069
-2383	1066
-2382	1063
-2381	1060
-2380	1057
-2379	1054
-2378	1051
-2378	1048
-2378	1044
-2378	1041
-2377	1038
-2375	1035
-2374	1032
-2374	1029
-2373	1026
-2371	1024
-2373	1020
-2371	1017
-2370	1014
-2368	1011
-2367	1008
-2367	1005
-2366	1002
-2366	999
-2365	996
-2364	993
-2363	990
-2363	987
-2362	984
-2361	981
-2360	977
-2360	974
-2360	971
-2358	968
-2356	966
-2355	963
-2356	959
-2356	956
-2355	953
-2354	950
-2353	947
-2351	944
-2347	942
-2346	939
-2347	936
-2346	933
-2345	930
-2344	927
-2342	924
-2342	921
-2343	917
-2342	914
-2343	910
-2342	907
-2340	905
-2339	902
-2339	898
-2338	895
-2336	893
-2334	890
-2332	888
-2331	885
-2330	881
-2330	878
-2329	875
-2326	873
-2324	870
-2323	867
-2321	865
-2321	861
-2322	858
-2322	854
-2323	851
-2320	848
-2320	845
-2319	842
-2317	839
-2316	836
-2313	834
-2313	831
-2314	827
-2314	824
-2312	821
-2312	818
-2310	815
-2308	812
-2307	809
-2306	806
-2304	804
-2302	801
-2301	798
-2300	795
-2302	791
-2301	788
-2300	785
-2299	782
-2299	779
-2299	775
-2298	772
-2296	769
-2296	766
-2295	763
-2293	761
-2292	758
-2290	755
-2290	752
-2290	748
-2291	744
-2289	742
-2289	738
-2289	735
-2287	732
-2284	730
-2282	728
-2282	724
-2279	722
-2278	719
-2278	716
-2276	713
-2274	710
-2273	707
-2273	704
-2275	699
-2276	696
-2275	692
-2274	690
-2271	687
-2270	685
-2268	682
-2266	679
-2264	677
-2265	673
-2268	668
-2269	664
-2266	662
-2265	659
-2262	657
-2261	654
-2261	650
-2259	648
-2258	645
-2257	641
-2257	638
-2254	636
-2255	632
-2254	629
-2253	626
-2253	622
-2251	620
-2251	616
-2249	613
-2247	611
-2245	609
-2244	605
-2242	603
-2240	600
-2239	597
-2239	593
-2239	590
-2239	586
-2238	584
-2236	581
-2235	578
-2233	575
-2231	573
-2230	570
-2228	567
-2228	564
-2226	561
-2226	557
-2227	553
-2226	550
-2225	547
-2223	544
-2222	542
-2220	539
-2220	535
-2219	532
-2219	528
-2218	526
-2217	522
-2216	519
-2213	517
-2213	513
-2213	510
-2214	506
-2213	502
-2212	500
-2210	497
-2208	494
-2207	491
-2205	488
-2205	485
-2203	482
-2202	480
-2201	476
-2201	473
-2201	469
-2200	466
-2197	464
-2195	461
-2193	459
-2192	455
-2193	451
-2193	448
-2191	445
-2190	442
-2189	438
-2188	436
-2186	433
-2184	430
-2181	428
-2179	425
-2183	420
-2183	416
-2182	413
-2181	410
-2179	407
-2177	404
-2176	401
-2176	397
-2176	394
-2174	391
-2173	388
-2172	385
-2170	382
-2169	379
-2167	376
-2166	373
-2163	371
-2162	368
-2163	364
-2164	359
-2163	356
-2161	353
-2159	351
-2160	346
-2159	343
-2157	340
-2156	337
-2155	334
-2152	332
-2148	331
-2145	329
-2140	328
-2132	329
-2126	329
-2123	328
-2122	324
-2116	325
-2113	323
-2108	322
-2107	319
-2105	317
-2103	314
-2102	311
-2102	307
-2101	304
-2100	300
-2100	297
-2096	295
-2094	292
-2093	289
-2092	287
-2089	285
-2088	281
-2088	278
-2088	274
-2086	271
-2084	268
-2081	266
-2081	263
-2082	258
-2080	256
-2081	251
-2080	247
-2079	244
-2079	240
-2077	238
-2075	235
-2072	233
-2071	230
-2072	225
-2070	223
-2068	220
-2067	217
-2066	213
-2066	209
-2067	205
-2065	202
-2063	199
-2062	196
-2061	193
-2062	188
-2060	185
-2059	182
-2058	179
-2057	175
-2056	172
-2055	168
-2054	165
-2051	163
-2050	160
-2048	157
-2048	154
-2047	150
-2048	145
-2047	142
-2045	140
-2043	137
-2040	134
-2040	131
-2036	129
-2036	125
-2037	120
-2038	115
-2037	112
-2035	109
-2034	106
-2033	102
-2032	99
-2030	97
-2028	93
-2028	90
-2026	87
-2024	84
-2023	81
-2022	77
-2021	74
-2021	70
-2021	65
-2019	62
-2017	60
-2015	57
-2015	53
-2013	50
-2013	45
-2012	42
-2010	40
-2009	36
-2009	32
-2009	28
-2007	24
-2005	22
-2003	19
-2002	15
-2001	12
-2001	8
-2003	2
-2002	-2
-2000	-4
-1997	-7
-1996	-10
-1996	-15
-1997	-20
-1995	-23
-1994	-26
-1992	-29
-1990	-32
-1988	-34
-1986	-38
-1986	-41
-1984	-45
-1983	-48
-1982	-52
-1980	-55
-1976	-56
-1974	-59
-1973	-62
-1974	-68
-1974	-72
-1972	-75
-1970	-78
-1969	-81
-1968	-85
-1966	-88
-1964	-91
-1963	-94
-1961	-97
-1960	-101
-1960	-106
-1958	-108
-1953	-108
-1947	-108
-1941	-106
-1943	-113
-1934	-109
-1924	-104
-1918	-103
-1915	-105
-1914	-108
-1911	-111
-1908	-112
-1904	-113
-1899	-112
-1896	-114
-1889	-112
-1883	-111
-1875	-108
-1868	-106
-1863	-106
-1862	-109
-1858	-110
-1851	-108
-1847	-108
-1844	-109
-1841	-112
-1838	-113
-1837	-116
-1832	-117
-1828	-117
-1823	-116
-1817	-115
-1812	-115
-1809	-117
-1807	-119
-1803	-120
-1796	-117
-1789	-114
-1784	-114
-1779	-114
-1776	-115
-1774	-117
-1771	-119
-1761	-114
-1765	-122
-1762	-124
-1760	-126
-1752	-123
-1743	-118
-1735	-114
-1724	-107
-1717	-104
-1715	-107
-1715	-111
-1716	-117
-1715	-121
-1712	-122
-1705	-119
-1698	-116
-1687	-109
-1682	-108
-1678	-109
-1675	-110
-1672	-111
-1669	-112
-1665	-113
-1663	-115
-1662	-118
-1661	-123
-1659	-125
-1657	-127
-1654	-128
-1649	-128
-1643	-126
-1637	-123
-1635	-126
-1632	-128
-1628	-128
-1623	-127
-1618	-126
-1614	-126
-1611	-127
-1608	-129
-1606	-131
-1603	-132
-1599	-132
-1593	-129
-1587	-127
-1583	-127
-1577	-125
-1573	-126
-1570	-127
-1568	-129
-1565	-130
-1558	-127
-1551	-123
-1545	-121
-1541	-120
-1539	-122
-1536	-124
-1533	-125
-1530	-126
-1526	-126
-1522	-126
-1517	-124
-1513	-125
-1509	-124
-1506	-125
-1503	-126
-1500	-127
-1498	-130
-1500	-137
-1496	-137
-1492	-137
-1489	-138
-1482	-134
-1479	-135
-1477	-137
-1471	-135
-1467	-134
-1463	-134
-1459	-133
-1456	-134
-1452	-134
-1447	-133
-1442	-132
-1439	-133
-1439	-137
-1439	-142
-1432	-138
-1425	-133
-1424	-137
-1422	-139
-1419	-140
-1417	-142
-1414	-143
-1411	-145
-1410	-147
-1395	-133
-1394	-136
-1392	-138
-1391	-141
-1389	-144
-1388	-148
-1385	-148
-1381	-148
-1378	-149
-1373	-147
-1367	-145
-1364	-145
-1361	-146
-1358	-146
-1355	-147
-1354	-151
-1352	-153
-1349	-155
-1347	-157
-1341	-152
-1335	-149
-1332	-151
-1331	-153
-1330	-157
-1330	-162
-1324	-160
-1320	-159
-1316	-157
-1311	-156
-1309	-157
-1307	-160
-1304	-161
-1302	-163
-1300	-165
-1298	-167
-1296	-170
-1293	-170
-1287	-166
-1280	-162
-1276	-161
-1273	-161
-1270	-162
-1268	-164
-1265	-166
-1262	-166
-1259	-166
-1255	-166
-1252	-166
-1249	-167
-1246	-167
-1244	-169
-1241	-171
-1238	-171
-1235	-171
-1232	-172
-1229	-172
-1227	-175
-1223	-175
-1220	-175
-1216	-174
-1212	-173
-1208	-172
-1207	-174
-1205	-177
-1201	-177
-1198	-176
-1195	-177
-1191	-177
-1188	-177
-1185	-177
-1182	-178
-1178	-178
-1174	-176
-1171	-176
-1168	-176
-1165	-176
-1162	-177
-1158	-177
-1155	-176
-1151	-176
-1148	-176
-1145	-176
-1141	-176
-1139	-177
-1136	-177
-1133	-179
-1129	-177
-1125	-176
-1122	-177
-1119	-176
-1115	-175
-1112	-176
-1109	-176
-1107	-177
-1104	-178
-1100	-178
-1097	-177
-1094	-178
-1091	-178
-1088	-179
-1085	-178
-1081	-178
-1079	-179
-1075	-177
-1072	-177
-1069	-178
-1065	-176
-1062	-176
-1059	-177
-1055	-176
-1051	-174
-1047	-171
-1042	-169
-1039	-168
-1035	-167
-1031	-166
-1028	-165
-1025	-165
-1020	-161
-1016	-160
-1012	-159
-1009	-157
-1006	-159
-1003	-158
-999	-156
-995	-155
-992	-154
-989	-154
-986	-155
-984	-156
-981	-156
-978	-157
-977	-160
-974	-161
-972	-163
-970	-165
-967	-164
-963	-162
-960	-162
-956	-161
-953	-161
-950	-160
-946	-159
-944	-159
-941	-161
-940	-165
-939	-168
-934	-165
-923	-148
-920	-146
-917	-147
-915	-148
-913	-150
-909	-148
-904	-144
-897	-135
-889	-123
-883	-116
-879	-114
-875	-112
-872	-110
-868	-109
-866	-110
-862	-108
-859	-108
-856	-107
-853	-107
-851	-108
-849	-109
-846	-110
-844	-111
-842	-112
-840	-114
-838	-116
-775	-1
-772	1
-769	1
-767	1
-764	1
-762	0
-759	1
-756	2
-753	2
-751	2
-748	2
-746	1
-744	0
-741	-0
-739	-1
-736	-0
-733	2
-732	-1
-732	-9
-732	-16
-731	-19
-727	-15
-722	-8
-719	-7
-718	-12
-717	-17
-716	-20
-715	-26
-744	-128
-743	-134
-741	-137
-740	-140
-738	-142
-736	-143
-733	-144
-731	-145
-729	-147
-727	-148
-724	-149
-722	-150
-720	-151
-717	-151
-714	-151
-712	-153
-709	-153
-707	-154
-705	-156
-703	-157
-700	-158
-697	-157
-695	-157
-692	-157
-690	-158
-687	-157
-684	-158
-682	-160
-680	-161
-678	-162
-673	-157
-670	-154
-666	-152
-663	-151
-660	-150
-657	-148
-654	-146
-651	-145
-648	-145
-646	-145
-643	-145
-640	-145
-638	-146
-636	-147
-634	-150
-631	-151
-629	-152
-627	-153
-625	-157
-624	-160
-623	-165
-622	-171
-620	-175
-619	-178
-616	-178
-614	-179
-611	-179
-608	-180
-606	-180
-603	-180
-600	-179
-598	-179
-595	-179
-593	-181
-590	-181
-587	-180
-585	-179
-582	-179
-579	-180
-577	-180
-575	-181
-572	-181
-569	-181
-567	-181
-564	-180
-561	-180
-558	-178
-555	-178
-553	-178
-550	-178
-548	-179
-546	-182
-545	-187
-543	-188
-540	-189
-538	-191
-535	-189
-532	-189
-530	-189
-527	-189
-524	-188
-521	-187
-519	-188
-517	-189
-514	-187
-511	-187
-508	-187
-506	-187
-503	-186
-501	-186
-498	-187
-495	-186
-493	-188
-491	-190
-488	-190
-486	-190
-483	-188
-480	-189
-478	-189
-475	-189
-473	-189
-470	-187
-467	-187
-465	-187
-462	-188
-460	-189
-457	-189
-455	-189
-452	-190
-450	-190
-447	-189
-444	-186
-442	-189
-440	-189
-437	-188
-434	-188
-431	-186
-429	-186
-427	-188
-424	-189
-422	-189
-419	-188
-416	-188
-414	-188
-412	-189
-409	-188
-406	-189
-404	-189
-401	-187
-399	-187
-396	-187
-394	-188
-391	-189
-389	-190
-386	-189
-384	-188
-381	-188
-378	-187
-376	-188
-374	-188
-371	-188
-368	-185
-366	-185
-363	-185
-361	-185
-358	-187
-356	-186
-353	-186
-351	-187
-348	-188
-346	-187
-343	-187
-341	-187
-338	-188
-336	-189
-334	-189
-331	-189
-328	-188
-326	-188
-323	-188
-321	-186
-318	-187
-316	-188
-313	-187
-311	-185
-308	-187
-306	-188
-303	-188
-301	-188
-298	-188
-296	-188
-293	-188
-291	-188
-289	-188
-286	-187
-283	-187
-281	-186
-278	-185
-276	-186
-274	-188
-271	-188
-269	-187
-266	-188
-264	-187
-261	-187
-258	-185
-255	-179
-252	-166
-249	-164
-246	-164
-244	-164
-242	-164
-239	-165
-237	-166
-235	-168
-232	-169
-230	-172
-228	-173
-225	-175
-223	-176
-221	-177
-218	-178
-216	-180
-214	-183
-212	-187
-209	-186
-207	-187
-204	-188
-202	-188
-200	-189
-197	-189
-195	-189
-192	-189
-190	-189
-187	-190
-185	-188
-182	-188
-180	-187
-177	-187
-175	-187
-172	-187
-170	-188
-167	-187
-165	-185
-163	-187
-160	-187
-158	-187
-155	-187
-153	-187
-150	-187
-148	-187
-145	-188
-143	-187
-140	-187
-138	-181
-135	-173
-133	-170
-130	-170
-128	-178
-126	-184
-123	-186
-121	-185
-118	-185
-116	-185
-113	-184
-111	-183
-109	-183
-106	-184
-104	-185
-101	-183
-99	-176
-96	-169
-94	-169
-91	-170
-89	-170
-86	-168
-84	-167
-81	-167
-79	-166
-77	-166
-74	-175
-69	-185
-67	-184
-65	-183
-62	-184
-60	-184
-57	-184
-55	-186
-52	-188
-50	-188
-47	-188
-45	-188
-43	-184
-40	-183
-38	-183
-35	-183
-33	-183
-30	-183
-28	-185
-25	-184
-23	-184
-21	-184
-18	-184
-16	-184
-13	-184
-11	-184
-8	-185
-6	-181
-4	-180
-1	-179
1	-178
4	-177
6	-176
9	-179
11	-183
14	-184
16	-186
19	-187
21	-186
24	-184
26	-183
28	-184
31	-185
33	-186
36	-187
38	-186
41	-185
43	-185
46	-186
48	-186
51	-185
53	-184
55	-184
58	-185
60	-185
63	-184
65	-183
68	-183
70	-184
73	-185
75	-186
78	-187
80	-187
83	-187
85	-187
88	-187
90	-186
92	-185
95	-185
97	-185
100	-184
102	-184
105	-185
107	-185
110	-184
112	-185
114	-184
117	-184
119	-185
122	-184
125	-186
127	-185
129	-185
132	-184
134	-184
137	-183
139	-183
142	-185
144	-186
147	-186
149	-184
151	-183
154	-183
157	-185
159	-185
162	-185
164	-186
167	-186
169	-185
172	-186
174	-186
177	-186
179	-186
182	-185
184	-185
186	-185
189	-184
191	-185
194	-186
197	-186
199	-186
201	-186
204	-186
207	-187
209	-187
212	-186
214	-186
216	-186
219	-186
222	-187
224	-187
227	-187
229	-188
232	-186
234	-188
237	-189
240	-190
242	-189
244	-187
247	-187
249	-186
252	-186
254	-186
257	-186
259	-186
262	-185
264	-186
267	-186
269	-186
272	-188
275	-189
277	-189
280	-188
282	-188
285	-187
287	-186
289	-185
292	-185
295	-185
297	-186
300	-185
302	-185
305	-185
307	-185
310	-184
312	-184
315	-184
317	-186
320	-187
323	-189
325	-187
328	-187
331	-188
333	-187
335	-186
338	-187
341	-189
343	-188
346	-188
349	-189
351	-187
353	-186
356	-188
359	-188
362	-189
365	-190
367	-190
369	-189
371	-186
373	-184
376	-184
379	-187
382	-187
385	-188
387	-188
390	-188
392	-187
395	-186
397	-186
400	-187
402	-186
405	-185
408	-186
411	-187
413	-189
416	-187
418	-187
421	-188
424	-187
426	-187
429	-188
431	-187
434	-186
437	-187
440	-188
442	-187
444	-187
447	-187
450	-187
452	-186
454	-184
457	-185
460	-185
463	-186
466	-187
468	-186
471	-186
474	-189
476	-188
479	-187
481	-187
484	-186
486	-185
489	-185
492	-186
494	-185
497	-185
499	-184
502	-184
505	-186
507	-184
510	-183
513	-184
516	-186
518	-184
519	-179
521	-176
523	-175
526	-174
528	-174
531	-174
534	-174
536	-172
537	-168
540	-168
544	-174
549	-179
552	-179
554	-178
555	-175
557	-171
558	-167
559	-162
560	-157
562	-156
565	-156
568	-157
571	-156
572	-151
570	-138
572	-137
574	-136
577	-135
579	-134
582	-134
585	-135
588	-136
592	-141
598	-150
604	-157
605	-154
606	-150
608	-146
609	-143
611	-140
613	-139
615	-137
618	-138
622	-140
627	-145
632	-152
636	-156
638	-155
640	-152
642	-150
644	-148
647	-148
650	-148
653	-149
656	-149
661	-156
665	-159
668	-159
670	-158
673	-158
676	-158
678	-157
680	-155
681	-150
682	-147
684	-144
686	-143
689	-142
692	-142
695	-143
699	-147
704	-151
707	-153
710	-153
713	-153
715	-152
718	-151
720	-150
723	-149
725	-148
727	-147
729	-145
732	-145
735	-144
737	-143
740	-143
742	-141
744	-139
746	-136
747	-133
747	-126
748	-121
748	-117
749	-112
748	-105
720	-13
721	-9
723	-6
724	-4
725	-1
727	0
730	1
732	2
735	1
738	1
740	2
743	1
748	-4
776	-10
774	-0
777	-1
779	1
782	0
887	-179
890	-178
892	-175
893	-172
896	-171
898	-170
900	-168
903	-167
905	-166
908	-165
909	-161
911	-159
913	-157
915	-156
918	-155
921	-154
924	-154
926	-153
929	-153
934	-156
939	-160
946	-166
952	-172
960	-180
965	-184
970	-188
973	-187
976	-186
979	-185
983	-186
985	-185
987	-183
989	-181
992	-180
995	-180
998	-179
1001	-179
1004	-178
1006	-176
1008	-174
1011	-174
1014	-174
1017	-174
1022	-176
1026	-177
1029	-177
1032	-176
1036	-177
1039	-177
1043	-178
1046	-178
1049	-178
1053	-178
1055	-177
1058	-176
1062	-176
1065	-176
1069	-178
1073	-178
1075	-176
1079	-177
1083	-178
1085	-177
1089	-177
1090	-173
1091	-170
1093	-167
1096	-167
1098	-165
1101	-165
1107	-167
1115	-176
1117	-174
1113	-162
1108	-149
1105	-138
1102	-128
1104	-126
1107	-126
1110	-126
1114	-126
1118	-128
1123	-129
1126	-130
1129	-129
1133	-129
1136	-128
1139	-128
1143	-129
1147	-130
1151	-130
1156	-133
1167	-144
1173	-148
1177	-149
1180	-149
1186	-151
1198	-164
1208	-173
1212	-173
1215	-173
1218	-173
1221	-172
1224	-170
1226	-168
1229	-167
1232	-167
1237	-168
1240	-168
1243	-167
1246	-166
1249	-165
1251	-163
1254	-162
1258	-163
1262	-163
1265	-162
1268	-162
1271	-161
1274	-160
1277	-159
1279	-155
1282	-155
1286	-156
1291	-156
1294	-156
1296	-154
1299	-153
1302	-152
1304	-150
1306	-147
1309	-146
1313	-146
1318	-148
1324	-151
1329	-153
1333	-152
1340	-157
1344	-158
1345	-153
1345	-148
1346	-145
1348	-143
1351	-142
1354	-141
1357	-140
1361	-140
1365	-139
1368	-138
1372	-139
1375	-138
1378	-137
1383	-138
1386	-137
1389	-136
1394	-137
1401	-141
1405	-141
1408	-140
1413	-141
1418	-143
1420	-140
1422	-137
1428	-140
1439	-149
1441	-146
1443	-143
1446	-142
1449	-141
1452	-140
1456	-140
1460	-140
1465	-141
1469	-141
1470	-137
1472	-135
1474	-133
1476	-131
1478	-128
1481	-126
1485	-126
1493	-131
1507	-142
1510	-141
1513	-140
1517	-139
1522	-140
1527	-141
1532	-142
1536	-142
1539	-141
1545	-143
1553	-147
1557	-146
1558	-142
1561	-141
1567	-143
1575	-147
1577	-145
1579	-142
1581	-140
1583	-137
1585	-135
1587	-132
1589	-129
1592	-127
1598	-130
1599	-126
1597	-119
1599	-116
1604	-117
1614	-123
1623	-128
1631	-132
1641	-138
1645	-138
1652	-140
1656	-139
1658	-137
1660	-135
1664	-133
1666	-131
1669	-129
1671	-127
1673	-124
1675	-121
1675	-117
1677	-114
1680	-113
1684	-112
1687	-110
1693	-112
1702	-116
1711	-120
1716	-120
1720	-120
1726	-121
1732	-123
1738	-124
1743	-124
1745	-121
1747	-119
1751	-118
1755	-117
1760	-118
1768	-120
1777	-125
1787	-130
1795	-133
1798	-131
1800	-128
1801	-125
1803	-122
1805	-119
1806	-115
1808	-113
1812	-111
1817	-111
1821	-111
1829	-113
1837	-116
1841	-115
1847	-116
1851	-116
1854	-114
1857	-112
1860	-110
1861	-106
1864	-104
1867	-102
1871	-101
1877	-102
1888	-107
1892	-106
1894	-104
1898	-102
1901	-100
1905	-99
1909	-99
1914	-98
1917	-96
1920	-94
1923	-92
1928	-92
1934	-93
1941	-94
1946	-94
1950	-93
1956	-94
1965	-96
1971	-97
1978	-98
1982	-98
1988	-98
1994	-98
1997	-96
1999	-93
2001	-91
2005	-89
2012	-90
2015	-88
2018	-86
2021	-84
2024	-82
2028	-81
2033	-80
2038	-80
2046	-81
2053	-83
2057	-82
2061	-80
2065	-79
2066	-75
2067	-71
2070	-68
2075	-68
2080	-67
2083	-65
2085	-62
2087	-59
2091	-58
2097	-58
2103	-58
2107	-56
2110	-55
2115	-54
2121	-54
2127	-54
2131	-53
2136	-52
2143	-52
2151	-54
2150	-48
2151	-45
2154	-43
2158	-41
2162	-39
2168	-39
2174	-40
2180	-39
2187	-40
2197	-43
2199	-39
2204	-39
2210	-39
2216	-38
2220	-37
2232	-41
2233	-37
2235	-34
2242	-35
2245	-32
2247	-29
2249	-26
2252	-23
2257	-22
2281	-35
2286	-34
2291	-33
2287	-26
2293	-25
2297	-23
2320	-35
2325	-34
2326	-30
2328	-27
2331	-24
2332	-20
2334	-17
2335	-13
2335	-8
2336	-4
2337	0
2331	9
2336	10
2338	13
2336	19
2337	23
2338	27
2336	33
2337	37
2340	40
2341	44
2343	47
2344	51
2345	55
2345	59
2346	63
2346	68
2350	70
2352	73
2353	77
2352	82
2350	88
2351	92
2353	95
2356	98
2357	102
2357	106
2358	110
2362	112
2364	115
2363	120
2362	126
2361	130
2361	135
2360	140
2360	145
2361	148
2359	154
2360	158
2361	162
2363	165
2365	168
2367	171
2367	176
2367	180
2368	183
2369	188
2372	190
2373	194
2372	199
2373	203
2376	205
2377	209
2380	212
2380	216
2380	220
2379	225
2379	230
2379	234
2379	238
2379	242
2381	245
2383	249
2383	253
2380	259
2379	264
2380	267
2382	271
2387	272
2387	277
2388	280
2389	284
2390	288
2390	292
2389	297
2391	300
2390	304
2390	309
2393	311
2393	315
2392	320
2394	323
2394	327
2395	331
2395	335
2394	340
2394	344
2395	348
2396	351
2397	355
2401	357
2402	360
2401	365
2401	369
2402	373
2403	377
2406	379
2406	384
2407	387
2406	391
2404	397
2404	401
2407	403
2409	407
2407	412
2408	415
2410	418
2410	422
2411	426
2411	430
2411	434
2410	439
2411	442
2413	445
2414	449
2415	452
2416	456
2415	460
2416	464
2416	468
2417	472
2417	475
2419	479
2420	482
2418	487
2418	491
2419	495
2419	499
2420	502
2423	505
2424	508
2424	512
2424	516
2422	521
2423	525
2425	527
2424	532
2427	535
2427	538
2426	543
2424	548
2426	551
2430	553
2431	556
2432	560
2433	563
2435	566
2439	569
2445	570
2450	572
2456	573
2462	574
2463	577
2464	581
2462	586
2459	591
2460	595
2460	598
2463	601
2466	604
2466	607
2467	611
2467	615
2467	619
2468	622
2469	626
2470	629
2472	633
2472	636
2473	640
2473	644
2473	647
2474	651
2473	655
2475	659
2474	663
2474	667
2476	670
2479	672
2481	675
2481	679
2482	683
2486	685
2487	688
2485	693
2486	696
2487	700
2487	704
2487	707
2488	711
2489	714
2489	718
2492	721
2492	725
2492	729
2493	732
2496	735
2495	739
2494	743
2497	746
2498	749
2499	753
2499	756
2500	760
2500	764
2500	767
2500	771
2501	774
2503	778
2504	781
2505	785
2505	788
2505	792
2507	795
2505	800
2506	803
2507	806
2507	810
2508	814
2510	817
2512	820
2512	824
2512	827
2512	831
2512	835
2512	839
2513	842
2515	845
2517	848
2517	852
2517	855
2518	859
2519	862
2519	866
2520	870
2521	873
2522	876
2523	880
2523	883
2522	887
2522	891
2523	894
2524	898
2525	901
2526	905
2527	908
2527	912
2527	915
2527	919
2527	923
2530	926
2532	929
2532	932
2532	936
2533	939
2533	943
2533	947
2534	950
2535	954
2536	957
2537	960
2538	964
2538	968
2538	971
2540	974
2539	978
2540	982
2540	985
2542	988
2543	992
2542	996
2540	1000
2540	1003
2542	1007
2543	1010
2545	1013
2546	1017
2547	1020
2548	1023
2547	1027
2545	1031
2548	1034
2550	1037
2552	1040
2552	1044
2552	1048
2552	1051
2551	1055
2551	1059
2552	1062
2552	1066
2555	1069
2555	1072
2556	1076
2557	1079
2559	1082
2560	1086
2559	1089
2560	1093
2560	1097
2561	1100
2560	1104
2561	1107
2562	1110
2563	1114
2561	1118
2562	1121
2562	1125
2564	1128
2565	1131
2566	1135
2567	1138
2567	1142
2567	1145
2567	1149
2567	1153
2567	1156
2568	1159
2570	1163
2570	1166
2571	1170
2572	1173
2571	1177
2571	1180
2572	1184
2571	1187
2572	1191
2573	1194
2573	1198
2575	1201
2576	1205
2576	1208
2576	1212
2577	1215
2576	1219
2576	1222
2577	1226
2579	1229
2581	1232
2579	1236
2580	1239
2581	1243
2582	1246
2581	1250
2582	1253
2582	1257
2581	1261
2581	1264
2581	1268
2583	1271
2583	1274
2583	1278
2583	1281
2584	1285
2584	1288
2584	1292
2584	1295
2586	1299
2586	1302
2587	1306
2586	1309
2586	1313
2586	1316
2585	1320
2585	1324
2586	1327
2586	1331
2587	1334
2589	1337
2590	1341
2590	1344
2591	1348
2592	1351
2591	1355
2591	1358
2591	1362
2593	1365
2593	1369
2591	1372
2591	1376
2591	1379
2593	1383
2594	1386
2594	1390
2594	1393
2594	1397
2596	1400
2597	1403
2596	1407
2597	1410
2599	1414
2600	1417
2601	1421
2601	1424
2601	1428
2602	1431
2602	1435
2602	1438
2602	1442
2603	1445
2603	1449
2606	1452
2606	1455
2604	1459
2605	1462
2603	1466
2603	1470
2605	1473
2609	1476
2607	1480
2606	1483
2607	1487
2607	1490
2609	1494
2609	1497
2608	1501
2608	1504
2609	1508
2610	1511
2610	1515
2610	1518
2611	1522
2612	1525
2610	1529
2615	1532
2616	1536
2614	1539
2613	1543
2614	1546
2614	1550
2615	1553
2616	1557
2616	1560
2616	1564
2615	1567
2615	1571
2616	1574
2616	1578
2616	1581
2616	1585
2618	1588
2618	1592
2619	1595
2621	1599
2622	1602
2621	1606
2620	1609
2619	1613
2618	1616
2618	1620
2618	1623
2619	1627
2621	1630
2621	1634
2623	1637
2622	1641
2621	1644
2621	1648
2622	1651
2622	1655
2623	1658
2625	1662
2629	1665
