2652	1666
2651	1669
2653	1673
2655	1676
2657	1680
2656	1683
2656	1690
2657	1694
2659	1698
2659	1701
2660	1705
2661	1708
2661	1712
2661	1715
2662	1719
2663	1723
2662	1726
2661	1730
2660	1733
2662	1737
2663	1740
2665	1744
2667	1748
2667	1751
2666	1755
2666	1758
2667	1762
2669	1766
2670	1769
2670	1773
2669	1776
2669	1780
2669	1784
2670	1787
2670	1791
2673	1794
2673	1798
2671	1802
2672	1805
2673	1809
2673	1812
2673	1816
2673	1820
2674	1823
2676	1827
2676	1831
2676	1834
2676	1838
2676	1841
2677	1845
2678	1849
2681	1852
2683	1856
2683	1860
2683	1863
2683	1867
2684	1871
2684	1874
2686	1878
2687	1882
2688	1885
2688	1889
2687	1893
2686	1896
2686	1900
2691	1904
2692	1908
2693	1911
2692	1915
2691	1918
2692	1922
2692	1926
2693	1929
2694	1933
2694	1937
2695	1941
2696	1944
2696	1948
2696	1952
2699	1956
2701	1959
2700	1963
2702	1967
2703	1971
2703	1974
2702	1978
2703	1982
2705	1985
2704	1989
2703	1993
2700	1996
2699	1999
2700	2003
2702	2007
2707	2011
2706	2015
2708	2019
2707	2022
2708	2026
2709	2030
2710	2034
2709	2037
2709	2041
2714	2045
2715	2049
2715	2053
2714	2057
2716	2060
2715	2064
2716	2068
2717	2072
2718	2076
2718	2079
2718	2083
2718	2087
2718	2091
2719	2094
2720	2098
2720	2102
2717	2105
2717	2109
2717	2113
2719	2117
2721	2121
2722	2125
2723	2129
2723	2132
2723	2136
2724	2140
2723	2144
2720	2147
2719	2150
2721	2155
2724	2159
2724	2163
2725	2166
2726	2170
2726	2174
2726	2178
2727	2182
2728	2186
2727	2189
2725	2193
2726	2197
2727	2201
2728	2205
2726	2208
2725	2212
2730	2216
2733	2221
2733	2225
2731	2228
2731	2232
2731	2236
2733	2240
2733	2244
2734	2248
2733	2251
2732	2255
2735	2259
2735	2263
2738	2268
2740	2272
2740	2276
2740	2280
2740	2283
2740	2287
2742	2291
2743	2296
2746	2300
2746	2304
2745	2307
2744	2311
2742	2315
2743	2319
2745	2323
2747	2327
2748	2332
2748	2335
2749	2339
2751	2344
2751	2348
2751	2352
2751	2355
2755	2360
2756	2364
2755	2368
2754	2372
2752	2375
2752	2379
2753	2383
2756	2388
2759	2393
2760	2397
2760	2401
2761	2405
2765	2410
2769	2415
2773	2420
2773	2424
2773	2428
2776	2433
2777	2437
2777	2441
2777	2445
2778	2449
2780	2453
2779	2457
2778	2461
2777	2465
2777	2469
2777	2473
2781	2478
2781	2482
2781	2486
2784	2491
2784	2495
2784	2499
2785	2503
2785	2507
2784	2511
2785	2515
2785	2519
2783	2523
2783	2527
2785	2531
2788	2537
2788	2541
2790	2545
2788	2549
2789	2553
2790	2558
2789	2561
2787	2565
2786	2568
2787	2573
2788	2577
2787	2581
2787	2585
2786	2589
2786	2593
2789	2598
2792	2603
2791	2607
2794	2612
2794	2616
2794	2621
2793	2624
2792	2628
2794	2633
2792	2637
2791	2640
2791	2644
2790	2648
2790	2652
2791	2657
2791	2661
2794	2666
2797	2672
2794	2675
2792	2678
2792	2682
2790	2686
2789	2690
2791	2695
2795	2700
2793	2704
2792	2708
2791	2711
2790	2715
2791	2720
2789	2724
2789	2728
2792	2733
2791	2737
2790	2741
2789	2745
2789	2749
2788	2753
2788	2757
2787	2761
2788	2765
2787	2770
2788	2774
2787	2778
2789	2783
2788	2787
2788	2791
2789	2796
2788	2800
2788	2804
2787	2808
2789	2813
2787	2817
2787	2821
2788	2826
2788	2830
2787	2834
2786	2838
2785	2842
2785	2846
2785	2851
2786	2855
2789	2861
2789	2865
2788	2870
2788	2874
2789	2879
2790	2883
2790	2888
2788	2891
2787	2895
2788	2900
2789	2905
2789	2909
2789	2914
2788	2918
2790	2923
2789	2927
2789	2932
2789	2936
2790	2941
2790	2945
2791	2950
2789	2954
2791	2959
2791	2964
2790	2968
2791	2973
2792	2978
2791	2982
2790	2986
2794	2992
2797	2998
2797	3002
2795	3006
2793	3010
2792	3014
2791	3018
2790	3022
2790	3027
2790	3031
2790	3036
2789	3040
2789	3045
2791	3050
2791	3055
2793	3060
2793	3065
2795	3070
2794	3074
2794	3079
2795	3084
2794	3089
2794	3093
2793	3097
2793	3102
2793	3107
2792	3111
2791	3115
2790	3119
2789	3123
2791	3129
2791	3134
2791	3138
2785	3140
2764	3134
2748	3130
2733	3128
2728	3129
2723	3132
2721	3135
2718	3138
2717	3142
2719	3148
2735	3161
2762	3180
2791	3200
2790	3205
2789	3209
2789	3213
2788	3218
2787	3222
2785	3226
2785	3231
2786	3236
2786	3241
2784	3244
2782	3249
2783	3254
2783	3258
2781	3262
2782	3268
2783	3273
2784	3279
2784	3284
2784	3289
2783	3293
2783	3297
2783	3303
2783	3307
2781	3312
2780	3316
2780	3321
2780	3326
2781	3331
2781	3336
2781	3341
2780	3346
2781	3351
2781	3356
2780	3360
2779	3365
2779	3370
2777	3374
2777	3379
2776	3384
2776	3388
2775	3393
2776	3399
2777	3404
2780	3411
2780	3416
2780	3422
2780	3426
2779	3431
2778	3435
2776	3440
2776	3444
2775	3449
2774	3453
2772	3458
2772	3463
2772	3468
2772	3473
2770	3477
2772	3484
2771	3488
2772	3494
2772	3499
2771	3504
2772	3510
2772	3515
2772	3520
2773	3526
2775	3533
2774	3538
2771	3541
2770	3546
2771	3551
2772	3557
2774	3564
2771	3568
2769	3571
2766	3575
2766	3580
2766	3586
2767	3592
2767	3597
2767	3602
2766	3607
2766	3612
2764	3616
2763	3621
2764	3627
2764	3633
2762	3637
2762	3642
2762	3648
2762	3654
2762	3659
2761	3664
2760	3669
2761	3675
2762	3681
2763	3687
2764	3693
2762	3698
2759	3701
2758	3706
2757	3711
2761	3719
2758	3723
2757	3728
2757	3733
2756	3738
2757	3744
2756	3750
2756	3755
2756	3761
2755	3766
2754	3771
2754	3777
2752	3781
2751	3786
2749	3790
2749	3796
2749	3802
2750	3808
2751	3814
2751	3821
2751	3826
2751	3832
2751	3838
2748	3841
2744	3844
2744	3850
2746	3857
2745	3863
2743	3867
2744	3874
2744	3879
2742	3884
2743	3890
2744	3898
2749	3907
2749	3913
2745	3916
2740	3918
2736	3921
2736	3927
2734	3932
2738	3941
2738	3946
2732	3948
2732	3954
2729	3957
2725	3960
2724	3966
2725	3973
2728	3981
2728	3987
2728	3993
2729	4000
2729	4006
2726	4011
2723	4014
2720	4018
2717	4022
2715	4026
2712	4030
2722	4045
2721	4050
2722	4057
2722	4063
2721	4068
2706	4069
2707	4075
2706	4081
2705	4087
2704	4092
2702	4097
2699	4100
2698	4106
2697	4112
2697	4118
2696	4123
2693	4127
2692	4133
2693	4141
2694	4148
2693	4153
2691	4157
2688	4162
2686	4167
2686	4173
2688	4181
2690	4190
2690	4197
2688	4201
2687	4206
2683	4210
2681	4214
2679	4219
2676	4223
2672	4226
2669	4230
2666	4234
2664	4239
2663	4245
2664	4252
2660	4255
2656	4258
2654	4263
2653	4269
2650	4272
2648	4277
2647	4284
2647	4291
2653	4303
2660	4317
2328	4002
2326	4013
2325	4018
2322	4020
2320	4025
2318	4029
2324	4041
2322	4045
2319	4049
2319	4054
2320	4062
2316	4064
2315	4069
2613	4375
2610	4379
2607	4383
2605	4388
2603	4393
2601	4398
2598	4403
2595	4406
2598	4416
2595	4420
2592	4424
2590	4429
2588	4435
2585	4439
2584	4445
2581	4450
2577	4452
2574	4457
2572	4462
2571	4468
2569	4473
2568	4480
2567	4485
2564	4490
2560	4493
2561	4502
2564	4512
2561	4517
2558	4521
2556	4526
2554	4531
2553	4537
2550	4542
2548	4547
2545	4551
2542	4555
2540	4561
2537	4565
2535	4570
2532	4575
2529	4579
2526	4583
2523	4588
2521	4593
2518	4597
2514	4601
2512	4606
2509	4611
2506	4615
2503	4619
2499	4622
2496	4626
2494	4632
2492	4637
2489	4642
2485	4644
2481	4648
2479	4653
2474	4656
2470	4658
2466	4662
2462	4665
2459	4669
2456	4674
2454	4679
2455	4689
2456	4698
2454	4703
2449	4706
2446	4710
2444	4716
2443	4722
2440	4727
2436	4730
2433	4735
2429	4738
2425	4741
2422	4745
2420	4752
2420	4760
2418	4765
2416	4771
2413	4776
2411	4781
2408	4786
2405	4791
2402	4795
2399	4799
2396	4804
2392	4807
2387	4810
2384	4814
2381	4819
2379	4825
2378	4832
2377	4839
2375	4846
2374	4853
2370	4856
2366	4860
2364	4866
2361	4870
2358	4875
2355	4879
2350	4881
2346	4885
2342	4889
2338	4892
2334	4896
2330	4899
2326	4902
2322	4906
2320	4912
2316	4915
2312	4918
2308	4922
2303	4925
2299	4928
2295	4931
2291	4935
2288	4939
2283	4942
2279	4945
2274	4947
2270	4950
2265	4952
2261	4955
2260	4963
2256	4967
2253	4972
2251	4977
2249	4984
2245	4988
2242	4992
2238	4996
2233	4999
2231	5004
2232	5015
2230	5021
2227	5027
2224	5032
2220	5036
2217	5041
2213	5044
2209	5047
2205	5051
2202	5056
2198	5060
2195	5065
2188	5065
2186	5070
2182	5074
2177	5076
2173	5080
2171	5086
2167	5091
2162	5093
2158	5096
2156	5103
2152	5106
2147	5108
2142	5110
2135	5110
2132	5115
2129	5119
2125	5123
2121	5127
2117	5131
2112	5133
2107	5135
2103	5139
2097	5139
2094	5144
2090	5147
2085	5150
2079	5150
2073	5151
2068	5153
2065	5159
2061	5162
2057	5165
2052	5167
2047	5170
2043	5173
2038	5176
2034	5179
2030	5183
2026	5187
2022	5190
2018	5193
2015	5199
2010	5202
2005	5204
2002	5209
1998	5213
1994	5217
1989	5219
1985	5223
1982	5227
1978	5232
1973	5234
1968	5235
1963	5238
1960	5243
1956	5247
1952	5250
1947	5254
1942	5255
1937	5256
1931	5258
1928	5262
1926	5270
1924	5277
1919	5281
1914	5282
1907	5281
1901	5281
1897	5284
1892	5287
1888	5291
1885	5296
1881	5300
1877	5304
1872	5306
1867	5308
1862	5311
1857	5312
1852	5315
1847	5316
1842	5318
1836	5319
1830	5319
1826	5322
1820	5323
1815	5325
1810	5327
1805	5328
1799	5329
1793	5329
1789	5332
1783	5333
1777	5333
1772	5335
1767	5336
1762	5338
1756	5339
1751	5341
1746	5342
1742	5346
1738	5350
1732	5350
1728	5353
1723	5357
1718	5358
1712	5358
1705	5356
1701	5361
1699	5367
1695	5371
1689	5372
1686	5378
1681	5379
1675	5379
1668	5378
1662	5377
1656	5377
1654	5385
1653	5396
1649	5401
1643	5400
1639	5404
1636	5411
1632	5414
1627	5415
1619	5412
1613	5412
1609	5415
1604	5419
1600	5423
1596	5426
1591	5429
1586	5430
1581	5431
1576	5434
1570	5434
1564	5434
1560	5438
1557	5444
1553	5447
1546	5446
1541	5447
1535	5447
1530	5448
1524	5449
1520	5452
1516	5456
1511	5460
1504	5456
1501	5462
1495	5462
1491	5465
1486	5468
1481	5470
1475	5470
1469	5469
1464	5471
1459	5472
1454	5474
1449	5477
1444	5480
1440	5483
1435	5485
1430	5487
1425	5488
1420	5491
1416	5494
1411	5497
1406	5499
1401	5501
1396	5503
1391	5504
1385	5505
1381	5509
1376	5510
1370	5509
1363	5507
1358	5509
1354	5511
1348	5512
1342	5511
1336	5511
1331	5512
1326	5514
1321	5517
1316	5518
1311	5520
1306	5522
1301	5522
1295	5523
1290	5524
1284	5523
1278	5523
1273	5523
1268	5525
1262	5525
1256	5525
1251	5526
1246	5528
1242	5532
1238	5536
1231	5533
1226	5535
1221	5536
1216	5537
1210	5536
1205	5538
1203	5549
1194	5540
1189	5540
1184	5544
1179	5545
1174	5546
1168	5546
1161	5542
1154	5537
1149	5539
1145	5543
1140	5545
1136	5549
1131	5551
1126	5554
1121	5556
1116	5558
1112	5560
1107	5564
1103	5568
1098	5571
1093	5573
1087	5572
1083	5575
1079	5579
1074	5582
1070	5587
1065	5589
1060	5591
1055	5594
1050	5596
1044	5596
1040	5598
1036	5603
1031	5606
1025	5605
1020	5606
1015	5607
1010	5609
1004	5609
998	5607
992	5606
986	5605
982	5608
977	5611
972	5613
967	5615
962	5618
957	5620
953	5623
948	5626
943	5627
937	5626
932	5628
926	5628
921	5628
916	5629
910	5628
904	5627
898	5626
892	5623
887	5621
881	5621
876	5621
870	5620
865	5621
859	5622
854	5622
849	5623
844	5625
839	5627
834	5629
829	5632
825	5636
820	5638
815	5641
810	5645
806	5648
800	5647
794	5645
788	5644
783	5644
778	5646
774	5653
769	5656
764	5659
759	5660
754	5659
748	5659
743	5659
737	5657
731	5657
726	5656
721	5658
716	5662
712	5666
706	5667
701	5666
696	5667
690	5665
684	5662
679	5665
674	5666
669	5668
664	5671
659	5673
654	5674
648	5675
643	5677
638	5677
633	5677
627	5677
623	5681
617	5681
612	5682
607	5682
601	5682
596	5681
590	5679
584	5677
579	5676
574	5677
569	5680
564	5683
558	5683
553	5682
548	5684
542	5684
537	5684
532	5683
526	5681
520	5680
515	5681
510	5681
505	5680
499	5682
494	5684
489	5687
484	5688
479	5690
474	5692
469	5692
464	5693
459	5696
453	5695
448	5695
443	5696
437	5696
432	5697
427	5698
421	5697
416	5698
411	5699
406	5699
400	5700
395	5700
390	5699
385	5701
379	5703
374	5706
369	5708
364	5709
359	5710
353	5709
348	5710
343	5711
338	5712
332	5712
327	5712
322	5712
317	5713
311	5710
306	5711
300	5710
295	5710
290	5711
284	5710
279	5707
274	5707
268	5709
263	5710
258	5711
253	5710
247	5711
242	5711
237	5709
231	5708
226	5708
221	5708
215	5708
210	5708
205	5709
200	5710
194	5707
189	5704
183	5703
178	5702
173	5703
167	5703
162	5703
157	5705
152	5704
146	5704
141	5705
136	5705
131	5706
125	5705
120	5705
115	5706
110	5707
104	5708
99	5707
94	5708
89	5710
83	5710
78	5709
73	5712
68	5715
62	5715
57	5715
52	5714
46	5713
41	5715
36	5718
31	5717
25	5716
20	5716
15	5714
10	5712
4	5712
-1	5711
-6	5710
-12	5712
-17	5714
-22	5714
-27	5714
-33	5712
-38	5710
-43	5707
-49	5705
-54	5702
-59	5700
-64	5699
-70	5699
-75	5699
-80	5699
-85	5701
-91	5699
-95	5032
-99	5029
-104	5030
-108	5030
-113	5025
-117	5024
-121	5025
-126	5026
-130	5022
-134	5014
-138	5009
-143	5007
-147	5004
-151	5001
-156	5001
-160	5002
-164	5006
-169	5008
-173	5010
-178	5017
-183	5025
-187	5026
-191	5025
-196	5024
-200	5026
-205	5029
-209	5030
-213	5029
-253	5678
-258	5677
-263	5678
-268	5679
-274	5679
-279	5680
-284	5681
-289	5680
-295	5678
-300	5678
-305	5679
-310	5679
-316	5680
-321	5679
-326	5675
-331	5674
-336	5672
-341	5670
-346	5669
-352	5670
-357	5669
-362	5668
-367	5667
-373	5667
-378	5665
-383	5664
-388	5660
-393	5657
-398	5656
-403	5653
-408	5651
-413	5650
-418	5649
-423	5647
-428	5645
-434	5646
-439	5644
-443	5639
-448	5634
-453	5631
-458	5625
-462	5616
-467	5614
-472	5616
-477	5614
-482	5613
-487	5610
-492	5606
-497	5600
-502	5598
-506	5595
-511	5589
-516	5586
-521	5584
-526	5584
-531	5581
-535	5575
-541	5581
-546	5580
-551	5580
-556	5578
-560	5570
-566	5572
-571	5570
-576	5571
-581	5573
-587	5573
-592	5573
-597	5575
-603	5575
-608	5574
-613	5574
-619	5579
-624	5577
-628	5574
-633	5573
-638	5572
-644	5571
-649	5571
-654	5570
-659	5572
-664	5572
-669	5570
-674	5568
-679	5567
-684	5564
-689	5560
-694	5559
-699	5558
-704	5558
-710	5561
-715	5561
-720	5560
-725	5559
-730	5557
-735	5554
-739	5551
-744	5551
-749	5549
-754	5546
-759	5545
-764	5544
-769	5544
-774	5541
-779	5539
-784	5536
-788	5533
-792	5528
-797	5523
-801	5521
-806	5517
-811	5514
-815	5512
-820	5508
-825	5506
-830	5505
-834	5503
-839	5502
-845	5502
-850	5504
-856	5506
-861	5506
-866	5504
-870	5500
-874	5495
-879	5491
-883	5488
-889	5489
-894	5489
-899	5487
-904	5485
-909	5485
-915	5490
-921	5494
-926	5492
-931	5490
-936	5489
-941	5489
-946	5488
-951	5486
-955	5483
-960	5482
-965	5481
-971	5480
-975	5479
-980	5478
-986	5480
-992	5480
-997	5481
-1002	5479
-1006	5477
-1012	5476
-1017	5477
-1023	5478
-1028	5478
-1033	5476
-1038	5475
-1042	5473
-1047	5472
-1053	5472
-1057	5468
-1062	5466
-1067	5465
-1072	5464
-1077	5464
-1083	5464
-1088	5463
-1092	5461
-1097	5459
-1102	5459
-1107	5458
-1112	5455
-1117	5453
-1122	5451
-1126	5450
-1131	5449
-1136	5447
-1141	5444
-1145	5441
-1150	5439
-1155	5438
-1160	5436
-1165	5435
-1169	5432
-1174	5429
-1178	5426
-1182	5421
-1187	5419
-1192	5418
-1196	5415
-1200	5409
-1204	5406
-1209	5404
-1214	5402
-1218	5398
-1222	5394
-1226	5390
-1230	5388
-1235	5386
-1240	5385
-1246	5385
-1251	5386
-1257	5387
-1262	5385
-1266	5383
-1271	5380
-1277	5384
-1282	5382
-1286	5379
-1291	5377
-1295	5374
-1300	5371
-1304	5368
-1310	5368
-1315	5370
-1320	5368
-1325	5367
-1330	5366
-1335	5365
-1340	5364
-1346	5363
-1350	5362
-1356	5361
-1361	5360
-1366	5360
-1371	5360
-1376	5357
-1381	5355
-1386	5354
-1391	5354
-1396	5353
-1401	5352
-1406	5351
-1412	5351
-1417	5350
-1421	5347
-1426	5346
-1432	5346
-1437	5346
-1442	5345
-1447	5344
-1451	5340
-1456	5338
-1461	5336
-1466	5334
-1470	5331
-1474	5328
-1480	5328
-1485	5328
-1489	5325
-1494	5323
-1500	5324
-1505	5323
-1510	5320
-1513	5316
-1518	5313
-1522	5311
-1527	5309
-1531	5305
-1535	5302
-1540	5301
-1545	5299
-1550	5298
-1556	5298
-1561	5297
-1565	5294
-1571	5294
-1576	5292
-1580	5290
-1584	5287
-1589	5284
-1593	5281
-1598	5279
-1604	5280
-1610	5282
-1615	5281
-1620	5278
-1624	5276
-1629	5274
-1634	5273
-1637	5266
-1641	5264
-1646	5262
-1652	5262
-1657	5261
-1661	5257
-1665	5254
-1670	5252
-1675	5250
-1678	5247
-1682	5242
-1687	5240
-1691	5237
-1695	5234
-1700	5231
-1704	5228
-1708	5224
-1712	5221
-1716	5217
-1720	5215
-1726	5216
-1731	5214
-1736	5212
-1740	5210
-1745	5207
-1749	5205
-1754	5203
-1758	5199
-1762	5195
-1766	5191
-1770	5188
-1774	5186
-1780	5186
-1785	5185
-1790	5184
-1795	5182
-1800	5180
-1804	5177
-1808	5174
-1812	5170
-1816	5167
-1820	5163
-1824	5160
-1829	5159
-1835	5160
-1841	5159
-1845	5156
-1849	5153
-1855	5152
-1859	5150
-1863	5147
-1867	5143
-1871	5139
-1875	5136
-1878	5132
-1883	5130
-1888	5128
-1892	5126
-1897	5124
-1902	5123
-1906	5119
-1909	5114
-1914	5112
-1918	5110
-1923	5107
-1928	5106
-1932	5103
-1936	5100
-1940	5096
-1944	5093
-1949	5091
-1953	5088
-1958	5086
-1963	5084
-1968	5083
-1972	5079
-1977	5078
-1982	5077
-1986	5074
-1991	5072
-1995	5069
-1999	5065
-2002	5061
-2007	5059
-2011	5056
-2014	5050
-2018	5047
-2022	5044
-2026	5041
-2029	5036
-2033	5032
-2038	5032
-2042	5028
-2045	5023
-2049	5020
-2054	5018
-2057	5014
-2061	5011
-2065	5007
-2068	5003
-2071	4997
-2074	4993
-2078	4990
-2082	4987
-2085	4981
-2088	4977
-2093	4974
-2097	4972
-2102	4970
-2106	4967
-2110	4965
-2115	4962
-2118	4958
-2122	4955
-2126	4951
-2130	4949
-2135	4947
-2139	4943
-2142	4939
-2145	4934
-2149	4932
-2153	4929
-2157	4925
-2161	4922
-2165	4919
-2170	4917
-2175	4915
-2179	4913
-2183	4910
-2187	4906
-2192	4904
-2196	4902
-2199	4898
-2203	4893
-2206	4890
-2211	4888
-2216	4886
-2220	4883
-2223	4879
-2228	4877
-2232	4874
-2237	4871
-2241	4869
-2245	4866
-2250	4864
-2255	4862
-2259	4859
-2263	4856
-2266	4852
-2269	4848
-2275	4846
-2280	4845
-2285	4844
-2289	4841
-2293	4838
-2297	4834
-2300	4831
-2305	4829
-2308	4824
-2310	4819
-2312	4812
-2313	4805
-2315	4799
-2320	4797
-2324	4794
-2329	4792
-2333	4790
-2337	4787
-2341	4783
-2344	4778
-2347	4775
-2350	4770
-2353	4766
-2357	4762
-2361	4759
-2364	4755
-2367	4751
-2372	4749
-2376	4746
-2379	4741
-2381	4737
-2383	4731
-2386	4727
-2389	4722
-2392	4718
-2396	4715
-2402	4714
-2406	4711
-2409	4707
-2412	4702
-2416	4699
-2420	4697
-2423	4693
-2427	4689
-2430	4685
-2434	4682
-2437	4678
-2440	4673
-2443	4669
-2447	4666
-2451	4663
-2455	4660
-2458	4655
-2461	4651
-2463	4647
-2466	4642
-2470	4639
-2474	4637
-2478	4633
-2480	4628
-2485	4626
-2488	4622
-2491	4618
-2495	4614
-2499	4612
-2504	4610
-2508	4606
-2511	4602
-2514	4598
-2516	4593
-2518	4587
-2521	4583
-2524	4580
-2527	4576
-2530	4572
-2533	4567
-2535	4562
-2537	4557
-2540	4552
-2542	4547
-2545	4542
-2547	4538
-2549	4533
-2553	4530
-2557	4526
-2561	4523
-2564	4520
-2569	4517
-2572	4513
-2575	4509
-2578	4505
-2580	4500
-2582	4496
-2585	4491
-2589	4488
-2591	4483
-2592	4476
-2593	4470
-2596	4466
-2599	4463
-2602	4459
-2605	4455
-2609	4451
-2612	4447
-2615	4444
-2619	4441
-2622	4436
-2626	4433
-2629	4430
-2632	4426
-2634	4421
-2637	4416
-2639	4412
-2642	4408
-2644	4402
-2646	4397
-2649	4393
-2651	4389
-2652	4383
-2655	4379
-2658	4375
-2662	4372
-2668	4371
-2673	4369
-2677	4366
-2681	4363
-2683	4358
-2685	4354
-2690	4351
-2693	4348
-2696	4343
-2698	4339
-2700	4334
-2701	4328
-2704	4324
-2706	4319
-2708	4314
-2711	4310
-2714	4306
-2716	4301
-2718	4296
-2720	4292
-2724	4288
-2727	4285
-2731	4282
-2733	4277
-2736	4273
-2738	4268
-2741	4264
-2744	4261
-2747	4256
-2748	4251
-2750	4246
-2752	4241
-2755	4237
-2758	4233
-2760	4229
-2764	4225
-2766	4221
-2769	4217
-2771	4212
-2774	4209
-2777	4205
-2778	4199
-2779	4194
-2781	4189
-2784	4185
-2787	4181
-2790	4178
-2792	4173
-2795	4169
-2799	4166
-2802	4162
-2804	4157
-2805	4152
-2809	4149
-2812	4145
-2813	4140
-2816	4136
-2819	4132
-2822	4129
-2823	4122
-2824	4117
-2827	4114
-2831	4110
-2833	4106
-2835	4102
-2839	4098
-2843	4095
-2845	4091
-2847	4086
-2848	4081
-2849	4075
-2851	4071
-2855	4068
-2858	4064
-2861	4060
-2863	4056
-2866	4052
-2870	4049
-2873	4045
-2877	4042
-2879	4038
-2881	4033
-2882	4028
-2885	4024
-2886	4019
-2887	4013
-2887	4007
-2890	4003
-2892	3999
-2894	3994
-2896	3989
-2898	3985
-2900	3981
-2903	3977
-2906	3973
-2907	3968
-2908	3962
-2908	3956
-2910	3952
-2913	3948
-2913	3942
-2915	3937
-2918	3934
-2919	3929
-2921	3924
-2923	3920
-2924	3914
-2924	3908
-2924	3902
-2926	3898
-2929	3894
-2932	3891
-2934	3886
-2935	3881
-2938	3877
-2939	3872
-2939	3866
-2941	3861
-2940	3855
-2941	3850
-2944	3846
-2948	3843
-2949	3838
-2950	3833
-2952	3828
-2954	3825
-2955	3819
-2955	3813
-2957	3809
-2958	3804
-2958	3798
-2957	3791
-2958	3786
-2959	3781
-2960	3776
-2960	3771
-2961	3766
-2963	3761
-2964	3757
-2965	3752
-2968	3748
-2969	3743
-2969	3737
-2971	3732
-2970	3726
-2970	3721
-2968	3713
-2969	3708
-2968	3702
-2967	3696
-2965	3689
-2966	3684
-2967	3679
-2966	3673
-2966	3667
-2969	3664
-2971	3660
-2971	3654
-2972	3649
-2972	3644
-2972	3638
-2966	3628
-2967	3623
-2970	3620
-2972	3616
-2971	3610
-2970	3604
-2971	3599
-2971	3593
-2972	3588
-2972	3584
-2972	3578
-2970	3571
-2967	3564
-2967	3559
-2968	3554
-2970	3550
-2973	3546
-2973	3541
-2974	3536
-2974	3531
-2975	3526
-2974	3520
-2973	3514
-2974	3509
-2975	3505
-2976	3500
-2977	3495
-2976	3490
-2974	3483
-2974	3477
-2972	3471
-2971	3465
-2969	3459
-2969	3454
-2969	3448
-2968	3443
-2967	3437
-2966	3431
-2968	3427
-2968	3422
-2967	3416
-2965	3410
-2967	3406
-2968	3401
-2968	3396
-2966	3390
-2965	3384
-2965	3379
-2965	3374
-2967	3370
-2965	3364
-2968	3360
-2968	3356
-2969	3351
-2969	3346
-2969	3341
-2969	3336
-2967	3330
-2966	3324
-2965	3319
-2962	3312
-2962	3307
-2962	3302
-2963	3298
-2963	3292
-2960	3286
-2960	3281
-2960	3276
-2960	3271
-2958	3265
-2958	3260
-2960	3256
-2959	3251
-2958	3246
-2959	3241
-2956	3235
-2957	3230
-2957	3225
-2956	3220
-2956	3215
-2957	3211
-2955	3205
-2954	3200
-2954	3195
-2954	3190
-2955	3186
-2955	3181
-2955	3176
-2954	3171
-2952	3165
-2951	3160
-2953	3156
-2953	3151
-2952	3146
-2951	3141
-2951	3136
-2950	3131
-2949	3125
-2948	3120
-2948	3116
-2949	3111
-2950	3107
-2951	3103
-2952	3099
-2951	3094
-2946	3086
-2944	3081
-2942	3075
-2942	3071
-2943	3067
-2944	3062
-2943	3057
-2942	3052
-2940	3047
-2940	3042
-2940	3037
-2940	3033
-2940	3028
-2940	3024
-2940	3019
-2936	3012
-2935	3008
-2935	3003
-2934	2998
-2934	2994
-2933	2989
-2931	2983
-2931	2979
-2928	2973
-2929	2969
-2927	2963
-2927	2959
-2926	2954
-2925	2949
-2925	2944
-2924	2939
-2923	2935
-2922	2930
-2921	2925
-2921	2920
-2921	2916
-2920	2911
-2917	2906
-2917	2901
-2917	2896
-2916	2892
-2911	2885
-2910	2880
-2909	2876
-2910	2872
-2905	2865
-2905	2861
-2905	2857
-2905	2852
-2904	2847
-2902	2842
-2900	2837
-2897	2832
-2896	2827
-2898	2823
-2899	2819
-2900	2815
-2898	2810
-2898	2806
-2898	2802
-2891	2795
-2890	2790
-2888	2785
-2887	2781
-2889	2777
-2888	2772
-2887	2768
-2887	2763
-2885	2759
-2882	2753
-2881	2749
-2882	2745
-2881	2740
-2879	2735
-2878	2730
-2875	2725
-2875	2721
-2875	2717
-2875	2713
-2873	2708
-2873	2704
-2873	2700
-2872	2695
-2870	2690
-2868	2685
-2867	2681
-2866	2676
-2867	2672
-2866	2668
-2866	2664
-2865	2659
-2859	2653
-2854	2648
-2854	2643
-2855	2640
-2855	2636
-2855	2631
-2851	2626
-2848	2621
-2847	2617
-2848	2613
-2847	2609
-2846	2604
-2844	2599
-2845	2596
-2845	2592
-2839	2586
-2836	2581
-2836	2577
-2836	2573
-2835	2568
-2834	2564
-2832	2559
-2831	2555
-2829	2551
-2828	2546
-2829	2543
-2828	2538
-2831	2535
-2830	2531
-2828	2527
-2824	2521
-2820	2516
-2822	2513
-2826	2510
-2823	2505
-2822	2501
-2821	2497
-2819	2492
-2817	2488
-2815	2483
-2815	2479
-2815	2476
-2813	2471
-2812	2467
-2812	2463
-2807	2458
-2805	2453
-2805	2449
-2808	2446
-2808	2443
-2808	2439
-2807	2435
-2805	2430
-2803	2426
-2803	2422
-2802	2418
-2798	2413
-2798	2409
-2799	2406
-2798	2401
-2796	2397
-2797	2394
-2797	2390
-2794	2385
-2791	2381
-2790	2377
-2790	2373
-2790	2369
-2790	2365
-2789	2361
-2789	2357
-2788	2353
-2786	2349
-2784	2345
-2783	2341
-2777	2335
-2773	2331
-2775	2327
-2775	2324
-2774	2320
-2774	2316
-2773	2312
-2770	2308
-2770	2304
-2771	2300
-2771	2297
-2767	2292
-2766	2288
-2766	2284
-2765	2280
-2763	2276
-2762	2272
-2760	2268
-2761	2265
-2759	2261
-2757	2257
-2760	2253
-2759	2250
-2756	2245
-2754	2241
-2753	2237
-2752	2234
-2752	2230
-2751	2226
-2750	2222
-2746	2218
-2745	2214
-2744	2210
-2743	2206
-2742	2202
-2742	2199
-2742	2195
-2741	2191
-2738	2187
-2736	2183
-2737	2180
-2737	2176
-2736	2172
-2733	2168
-2732	2164
-2732	2161
-2730	2157
-2731	2153
-2730	2149
-2729	2146
-2727	2142
-2725	2138
-2723	2134
-2723	2130
-2720	2126
-2719	2123
-2716	2118
-2714	2115
-2713	2111
-2711	2107
-2709	2103
-2709	2099
-2707	2096
-2705	2092
-2704	2088
-2704	2085
-2703	2081
-2702	2077
-2700	2073
-2701	2070
-2701	2067
-2701	2063
-2700	2059
-2700	2056
-2700	2052
-2698	2048
-2696	2045
-2694	2041
-2694	2037
-2693	2034
-2691	2030
-2689	2026
-2688	2023
-2688	2019
-2687	2016
-2687	2012
-2686	2008
-2685	2005
-2685	2001
-2684	1998
-2681	1994
-2679	1990
-2678	1987
-2678	1983
-2677	1980
-2676	1976
-2675	1972
-2673	1969
-2672	1965
-2671	1962
-2671	1958
-2668	1954
-2666	1951
-2667	1947
-2667	1944
-2663	1940
-2663	1937
-2663	1933
-2662	1930
-2662	1926
-2661	1923
-2661	1919
-2658	1916
-2653	1912
-2652	1908
-2654	1905
-2655	1902
-2654	1898
-2651	1895
-2649	1891
-2647	1888
-2647	1884
-2648	1881
-2647	1877
-2645	1874
-2642	1870
-2642	1867
-2642	1863
-2640	1860
-2637	1856
-2637	1853
-2637	1849
-2636	1846
-2636	1843
-2635	1839
-2633	1836
-2632	1832
-2634	1829
-2634	1826
-2635	1822
-2635	1819
-2633	1816
-2630	1812
-2629	1809
-2627	1805
-2625	1802
-2623	1798
-2622	1795
-2620	1791
-2617	1788
-2614	1784
-2612	1781
-2608	1778
-2604	1774
-2606	1771
-2607	1768
-2606	1764
-2605	1761
-2603	1757
-2602	1754
-2600	1751
-2599	1747
-2599	1744
-2598	1741
-2597	1737
-2597	1734
-2597	1731
-2596	1727
-2597	1724
-2595	1721
-2591	1717
-2588	1714
-2586	1711
-2586	1707
-2588	1704
-2590	1701
-2590	1698
-2589	1694
-2588	1691
-2587	1688
-2586	1684
-2586	1681
-2584	1678
-2584	1674
-2583	1671
-2582	1668
-2582	1665
-2580	1661
-2578	1658
-2578	1655
-2576	1651
-2576	1648
-2575	1645
-2575	1642
-2574	1638
-2572	1635
-2569	1632
-2569	1629
-2569	1625
-2567	1622
-2565	1619
-2564	1616
-2564	1612
-2564	1609
-2564	1606
-2561	1603
-2560	1599
-2560	1596
-2557	1593
-2557	1590
-2556	1586
-2555	1583
-2553	1580
-2552	1577
-2552	1574
-2551	1570
-2550	1567
-2548	1564
-2548	1561
-2547	1557
-2546	1554
-2545	1551
-2543	1548
-2542	1545
-2542	1541
-2542	1538
-2536	1535
-2534	1532
-2536	1529
-2536	1526
-2535	1522
-2534	1519
-2532	1516
-2531	1513
-2530	1510
-2529	1507
-2528	1503
-2526	1500
-2525	1497
-2525	1494
-2523	1491
-2521	1488
-2521	1485
-2521	1481
-2519	1478
-2519	1475
-2521	1472
-2521	1468
-2519	1465
-2518	1462
-2518	1459
-2517	1456
-2514	1453
-2513	1450
-2513	1446
-2511	1443
-2509	1440
-2508	1437
-2507	1434
-2508	1431
-2507	1428
-2505	1425
-2504	1421
-2504	1418
-2503	1415
-2502	1412
-2501	1409
-2498	1406
-2498	1403
-2498	1400
-2497	1396
-2493	1394
-2491	1391
-2493	1387
-2493	1384
-2491	1381
-2491	1378
-2490	1375
-2490	1371
-2490	1368
-2488	1365
-2487	1362
-2485	1359
-2485	1356
-2484	1353
-2481	1350
-2479	1347
-2477	1344
-2477	1341
-2476	1338
-2474	1335
-2472	1332
-2472	1329
-2473	1326
-2472	1322
-2472	1319
-2471	1316
-2470	1313
-2467	1310
-2467	1307
-2466	1304
-2467	1301
-2465	1298
-2463	1295
-2461	1292
-2461	1289
-2458	1286
-2458	1283
-2458	1280
-2457	1277
-2455	1274
-2455	1270
-2454	1267
-2454	1264
-2453	1261
-2450	1258
-2450	1255
-2447	1252
-2447	1249
-2445	1246
-2444	1243
-2442	1241
-2440	1238
-2438	1235
-2438	1232
-2439	1228
-2438	1225
-2437	1222
-2435	1219
-2432	1217
-2432	1214
-2432	1210
-2430	1208
-2428	1205
-2427	1202
-2425	1199
-2424	1196
-2422	1193
-2422	1190
-2420	1187
-2420	1184
-2419	1181
-2418	1178
-2419	1174
-2418	1171
-2417	1168
-2417	1165
-2414	1162
-2411	1160
-2409	1157
-2408	1154
-2407	1151
-2408	1148
-2407	1145
-2406	1142
-2405	1139
-2405	1136
-2404	1132
-2404	1129
-2404	1126
-2403	1123
-2401	1120
-2400	1117
-2400	1114
-2399	1111
-2397	1108
-2392	1106
-2392	1103
-2392	1100
-2392	1097
-2391	1093
-2391	1090
-2389	1088
-2388	1085
-2388	1081
-2387	1078
-2386	1075
-2382	1073
-2382	1070
-2381	1067
-2380	1064
-2379	1061
-2377	1058
-2377	1055
-2377	1052
-2377	1048
-2377	1045
-2376	1042
-2373	1040
-2371	1037
-2369	1034
-2370	1031
-2370	1028
-2370	1025
-2368	1022
-2366	1019
-2366	1016
-2365	1013
-2363	1010
-2362	1007
-2361	1004
-2360	1001
-2358	999
-2357	996
-2357	992
-2355	990
-2355	986
-2354	983
-2351	981
-2349	979
-2347	976
-2346	973
-2346	970
-2346	966
-2345	963
-2344	960
-2343	957
-2342	954
-2342	951
-2340	948
-2339	945
-2338	942
-2339	939
-2338	936
-2336	933
-2333	931
-2333	928
-2332	925
-2331	922
-2329	919
-2327	916
-2325	914
-2324	911
-2323	908
-2322	905
-2320	902
-2318	900
-2317	897
-2315	894
-2315	891
-2315	887
-2315	884
-2314	881
-2312	879
-2310	876
-2308	873
-2308	870
-2308	867
-2308	864
-2308	860
-2307	857
-2305	855
-2303	852
-2301	849
-2300	846
-2299	843
-2297	841
-2296	838
-2295	835
-2294	832
-2293	829
-2293	826
-2292	823
-2292	819
-2290	817
-2288	814
-2288	811
-2289	807
-2285	806
-2283	803
-2283	799
-2284	796
-2286	792
-2284	789
-2283	786
-2282	783
-2283	779
-2282	776
-2280	774
-2278	771
-2276	768
-2276	765
-2276	762
-2273	759
-2273	756
-2271	754
-2270	751
-2270	747
-2270	744
-2267	742
-2265	739
-2264	736
-2264	733
-2264	729
-2263	727
-2261	724
-2260	721
-2260	717
-2259	714
-2257	712
-2256	709
-2256	706
-2254	703
-2253	700
-2252	697
-2251	694
-2250	691
-2249	688
-2248	685
-2248	681
-2247	679
-2245	676
-2245	672
-2244	670
-2243	666
-2241	664
-2239	662
-2238	658
-2238	655
-2236	653
-2234	650
-2234	646
-2235	642
-2235	639
-2233	636
-2232	633
-2230	631
-2230	627
-2229	624
-2227	622
-2227	618
-2225	615
-2224	613
-2223	609
-2222	607
-2220	604
-2219	601
-2219	598
-2216	595
-2216	592
-2214	589
-2214	586
-2212	583
-2212	580
-2209	578
-2206	576
-2206	572
-2205	569
-2204	566
-2203	563
-2202	560
-2201	557
-2200	554
-2200	550
-2200	547
-2200	543
-2196	542
-2195	539
-2193	536
-2192	533
-2191	530
-2190	527
-2188	524
-2187	521
-2186	518
-2185	515
-2186	511
-2186	508
-2185	504
-2185	501
-2185	497
-2184	494
-2182	491
-2182	488
-2180	485
-2179	482
-2179	479
-2178	476
-2176	473
-2175	470
-2175	466
-2173	463
-2173	460
-2173	456
-2172	453
-2172	449
-2172	446
-2170	443
-2166	442
-2166	438
-2167	434
-2167	430
-2165	428
-2164	424
-2163	421
-2163	418
-2163	414
-2162	411
-2158	409
-2156	407
-2154	404
-2155	400
-2155	396
-2153	394
-2150	392
-2150	388
-2150	384
-2151	380
-2150	376
-2148	374
-2147	370
-2146	368
-2144	365
-2145	361
-2142	358
-2141	355
-2142	351
-2140	348
-2139	345
-2139	342
-2137	339
-2136	336
-2135	332
-2134	329
-2133	326
-2132	323
-2131	319
-2130	316
-2128	313
-2127	311
-2127	306
-2130	301
-2128	298
-2126	296
-2123	293
-2122	290
-2125	285
-2124	281
-2123	278
-2120	276
-2117	274
-2116	271
-2116	267
-2112	266
-2110	263
-2106	262
-2105	258
-2102	257
-2098	255
-2093	255
-2087	255
-2081	255
-2076	255
-2074	253
-2072	250
-2071	247
-2070	244
-2068	241
-2064	240
-2061	238
-2060	235
-2059	232
-2060	227
-2058	225
-2056	222
-2054	219
-2055	215
-2053	212
-2051	209
-2051	205
-2050	202
-2049	199
-2048	196
-2046	193
-2045	190
-2043	187
-2041	185
-2040	181
-2039	178
-2039	174
-2037	171
-2036	168
-2035	164
-2034	161
-2033	158
-2032	155
-2030	152
-2028	149
-2028	145
-2027	142
-2025	140
-2023	137
-2021	134
-2020	131
-2020	127
-2018	124
-2019	119
-2017	116
-2016	113
-2016	109
-2015	105
-2014	102
-2013	99
-2012	95
-2012	91
-2009	89
-2007	86
-2007	82
-2006	79
-2003	77
-2003	73
-2005	66
-2004	63
-2001	61
-2000	58
-1999	54
-1998	51
-1996	49
-1993	47
-1991	44
-1993	38
-1992	35
-1989	32
-1988	29
-1987	26
-1987	21
-1985	19
-1985	14
-1984	11
-1981	9
-1979	6
-1978	2
-1978	-2
-1977	-5
-1974	-8
-1973	-11
-1972	-14
-1971	-18
-1970	-22
-1969	-25
-1967	-28
-1966	-31
-1966	-36
-1963	-38
-1962	-41
-1961	-45
-1961	-50
-1959	-52
-1959	-57
-1957	-60
-1955	-62
-1955	-67
-1953	-70
-1952	-73
-1950	-76
-1948	-79
-1948	-83
-1947	-87
-1944	-90
-1943	-93
-1942	-97
-1940	-100
-1938	-102
-1938	-107
-1935	-109
-1933	-112
-1934	-117
-1934	-122
-1932	-125
-1931	-128
-1928	-131
-1925	-133
-1924	-136
-1923	-139
-1917	-138
-1912	-138
-1906	-137
-1898	-134
-1893	-134
-1887	-133
-1882	-132
-1877	-132
-1872	-132
-1867	-132
-1864	-133
-1862	-136
-1856	-135
-1854	-138
-1850	-138
-1846	-139
-1843	-141
-1842	-144
-1839	-146
-1835	-147
-1829	-145
-1820	-140
-1814	-139
-1811	-141
-1809	-144
-1810	-149
-1804	-148
-1794	-142
-1784	-137
-1779	-136
-1775	-136
-1770	-135
-1764	-135
-1761	-135
-1758	-138
-1757	-141
-1756	-145
-1754	-147
-1745	-142
-1739	-141
-1735	-141
-1731	-141
-1722	-137
-1715	-133
-1710	-132
-1706	-134
-1703	-135
-1700	-136
-1696	-136
-1694	-139
-1693	-143
-1691	-146
-1690	-149
-1687	-150
-1684	-152
-1679	-151
-1674	-150
-1670	-151
-1665	-149
-1658	-146
-1651	-143
-1643	-138
-1636	-136
-1633	-137
-1631	-140
-1630	-143
-1601	-113
-1597	-114
-1594	-115
-1592	-117
-1591	-121
-1590	-124
-1589	-129
-1587	-131
-1586	-134
-1584	-137
-1585	-143
-1585	-148
-1584	-151
-1580	-152
-1574	-150
-1569	-148
-1564	-147
-1561	-148
-1558	-149
-1554	-149
-1549	-148
-1544	-146
-1540	-146
-1535	-146
-1531	-145
-1528	-146
-1525	-147
-1522	-149
-1521	-153
-1524	-161
-1520	-161
-1515	-160
-1509	-157
-1512	-166
-1506	-163
-1463	-112
-1460	-114
-1458	-116
-1459	-122
-1458	-126
-1458	-131
-1458	-136
-1458	-140
-1458	-145
-1457	-150
-1454	-151
-1448	-148
-1443	-146
-1440	-146
-1437	-147
-1434	-149
-1432	-151
-1428	-150
-1425	-152
-1424	-155
-1421	-156
-1417	-156
-1414	-157
-1410	-157
-1408	-159
-1405	-160
-1403	-161
-1400	-162
-1397	-163
-1394	-165
-1389	-163
-1384	-161
-1380	-160
-1376	-161
-1376	-166
-1374	-167
-1371	-169
-1366	-167
-1358	-161
-1352	-157
-1348	-156
-1345	-157
-1342	-158
-1338	-157
-1335	-158
-1332	-160
-1330	-161
-1328	-164
-1327	-167
-1326	-171
-1324	-173
-1316	-166
-1314	-169
-1311	-170
-1310	-173
-1310	-178
-1314	-189
-1309	-188
-1294	-171
-1284	-160
-1280	-159
-1277	-161
-1274	-161
-1270	-160
-1267	-160
-1265	-164
-1264	-168
-1264	-172
-1260	-171
-1255	-169
-1253	-171
-1251	-174
-1247	-173
-1244	-173
-1241	-173
-1238	-174
-1235	-176
-1232	-176
-1228	-174
-1225	-175
-1222	-176
-1214	-169
-1210	-167
-1207	-167
-1203	-167
-1199	-165
-1196	-166
-1195	-170
-1194	-173
-1191	-175
-1188	-175
-1185	-176
-1182	-176
-1176	-172
-1172	-170
-1166	-165
-1162	-165
-1165	-176
-1161	-174
-1158	-174
-1152	-170
-1151	-174
-1149	-176
-1146	-177
-1143	-177
-1140	-177
-1136	-177
-1132	-175
-1129	-174
-1125	-173
-1123	-176
-1121	-178
-1117	-177
-1113	-175
-1110	-175
-1102	-167
-1100	-169
-1097	-169
-1096	-173
-1095	-178
-1092	-178
-1089	-177
-1086	-178
-1082	-176
-1078	-175
-1075	-176
-1072	-175
-1068	-175
-1065	-174
-1062	-174
-1059	-174
-1056	-175
-1054	-177
-1051	-177
-1047	-176
-1043	-174
-1041	-176
-1038	-176
-1035	-177
-1031	-174
-1027	-173
-1024	-173
-1021	-174
-1019	-176
-1016	-175
-1013	-176
-1010	-177
-1007	-176
-1005	-177
-1003	-180
-999	-179
-996	-179
-994	-181
-992	-182
-989	-183
-982	-175
-978	-173
-979	-181
-977	-183
-973	-181
-970	-180
-967	-181
-964	-182
-961	-182
-957	-179
-941	-153
-939	-154
-937	-156
-936	-159
-931	-156
-929	-157
-926	-158
-923	-158
-920	-156
-917	-158
-914	-157
-905	-144
-900	-140
-897	-139
-894	-139
-892	-140
-890	-142
-888	-145
-888	-151
-887	-155
-885	-156
-891	-177
-889	-179
-881	-167
-879	-170
-864	-143
-862	-143
-858	-141
-855	-141
-852	-141
-850	-142
-848	-144
-780	-9
-774	-2
-770	2
-767	2
-765	2
-762	2
-759	3
-757	3
-754	3
-751	3
-749	2
-747	2
-744	3
-741	4
-738	4
-736	4
-733	4
-731	3
-729	1
-727	1
-724	1
-722	0
-720	-1
-719	-5
-718	-9
-718	-15
-717	-20
-715	-22
-745	-128
-743	-131
-742	-134
-740	-138
-738	-140
-736	-142
-734	-143
-731	-143
-729	-143
-726	-144
-724	-145
-722	-146
-719	-147
-717	-148
-714	-149
-712	-150
-710	-151
-707	-152
-705	-153
-703	-154
-700	-154
-697	-153
-693	-149
-688	-144
-685	-143
-682	-142
-680	-142
-678	-143
-676	-145
-674	-148
-674	-157
-672	-158
-669	-157
-666	-157
-663	-156
-661	-158
-659	-161
-657	-161
-653	-158
-649	-154
-645	-150
-642	-147
-639	-147
-637	-148
-634	-149
-633	-152
-631	-154
-628	-155
-627	-158
-626	-163
-624	-166
-621	-163
-616	-156
-611	-149
-607	-145
-605	-145
-603	-147
-600	-149
-599	-152
-599	-163
-599	-170
-595	-168
-590	-159
-584	-146
-580	-140
-576	-137
-573	-135
-570	-132
-567	-132
-565	-132
-562	-131
-560	-133
-558	-135
-557	-140
-557	-150
-556	-156
-554	-159
-552	-161
-551	-165
-549	-171
-548	-176
-546	-178
-544	-181
-542	-182
-540	-184
-537	-182
-534	-182
-532	-183
-529	-183
-527	-185
-524	-185
-522	-184
-519	-184
-516	-183
-514	-184
-511	-184
-509	-184
-506	-184
-504	-184
-501	-184
-498	-184
-495	-181
-492	-181
-490	-182
-488	-185
-485	-183
-483	-184
-480	-185
-478	-185
-475	-185
-473	-184
-470	-184
-467	-183
-465	-184
-462	-182
-459	-182
-457	-183
-455	-184
-452	-183
-450	-184
-447	-184
-445	-184
-442	-185
-439	-183
-437	-183
-434	-183
-432	-183
-429	-182
-427	-183
-424	-185
-422	-184
-419	-185
-417	-185
-414	-184
-411	-183
-409	-183
-406	-183
-404	-184
-402	-184
-399	-184
-396	-184
-394	-185
-392	-186
-389	-186
-387	-186
-384	-185
-382	-186
-379	-185
-376	-183
-374	-184
-371	-183
-369	-184
-366	-182
-363	-181
-361	-184
-359	-185
-356	-185
-354	-184
-351	-183
-349	-185
-346	-185
-344	-184
-341	-184
-339	-183
-336	-185
-334	-185
-331	-183
-329	-183
-326	-184
-324	-182
-321	-182
-319	-182
-316	-183
-314	-185
-312	-186
-309	-185
-306	-185
-304	-183
-301	-182
-299	-183
-296	-184
-294	-184
-291	-183
-289	-182
-286	-182
-284	-182
-281	-184
-279	-183
-276	-182
-274	-183
-271	-183
-269	-182
-266	-182
-264	-183
-262	-183
-259	-183
-257	-182
-254	-183
-252	-183
-249	-183
-247	-182
-244	-182
-242	-181
-239	-181
-237	-181
-234	-183
-232	-183
-230	-183
-227	-184
-225	-184
-222	-184
-220	-183
-217	-183
-215	-182
-212	-181
-210	-181
-207	-181
-205	-181
-202	-182
-200	-182
-197	-181
-195	-182
-192	-180
-190	-180
-188	-181
-185	-182
-183	-182
-180	-182
-178	-182
-175	-183
-173	-183
-171	-183
-168	-181
-166	-181
-163	-183
-161	-183
-158	-182
-156	-182
-153	-182
-151	-182
-149	-182
-146	-181
-144	-183
-141	-182
-139	-182
-136	-182
-134	-181
-131	-181
-129	-181
-126	-181
-124	-181
-122	-181
-119	-180
-117	-180
-114	-182
-112	-182
-109	-181
-107	-181
-104	-181
-102	-182
-100	-181
-97	-181
-95	-182
-92	-181
-90	-181
-87	-182
-85	-182
-82	-181
-80	-181
-78	-182
-73	-181
-70	-181
-68	-181
-65	-181
-63	-181
-61	-181
-58	-182
-56	-181
-53	-181
-51	-181
-48	-181
-46	-181
-43	-181
-41	-181
-39	-181
-36	-181
-34	-182
-31	-184
-29	-182
-26	-182
-24	-182
-21	-182
-19	-182
-17	-182
-14	-181
-12	-180
-9	-180
-7	-181
-4	-181
-2	-180
1	-181
3	-181
5	-181
8	-181
10	-181
13	-182
15	-180
18	-180
20	-181
23	-181
25	-181
27	-181
30	-182
32	-182
35	-183
37	-180
40	-180
42	-181
45	-182
47	-182
50	-183
52	-183
54	-182
57	-182
59	-182
62	-182
64	-182
67	-182
69	-181
72	-182
74	-181
76	-181
79	-182
81	-182
84	-182
86	-182
89	-182
91	-183
94	-180
96	-180
99	-181
101	-181
104	-182
106	-182
109	-182
111	-182
113	-182
116	-181
118	-180
121	-180
123	-182
126	-182
128	-181
131	-181
133	-181
136	-181
138	-182
141	-183
143	-183
146	-183
148	-183
150	-182
153	-181
155	-182
158	-182
160	-182
163	-181
165	-182
168	-183
170	-183
173	-183
175	-182
178	-181
180	-181
183	-181
185	-182
188	-182
190	-182
193	-181
195	-182
198	-183
200	-183
203	-184
205	-184
208	-183
210	-183
213	-182
215	-181
218	-182
220	-182
223	-182
225	-181
227	-179
230	-183
233	-183
235	-182
238	-182
240	-181
243	-182
245	-183
248	-182
250	-183
253	-181
255	-181
258	-181
260	-183
263	-184
265	-183
268	-183
270	-182
273	-183
276	-184
278	-185
281	-186
283	-185
286	-184
288	-182
290	-182
293	-182
296	-184
299	-184
301	-184
303	-182
306	-184
309	-184
311	-183
313	-182
316	-182
318	-182
321	-183
324	-183
326	-184
329	-183
331	-183
334	-182
336	-182
339	-183
342	-183
344	-182
347	-182
349	-183
352	-184
355	-185
357	-184
360	-184
362	-184
365	-183
367	-183
370	-184
373	-184
375	-181
377	-181
380	-183
383	-184
385	-184
388	-182
390	-181
393	-183
396	-182
398	-182
401	-182
403	-182
406	-183
408	-182
411	-183
414	-183
416	-182
419	-182
422	-183
424	-183
427	-184
430	-184
432	-183
435	-182
437	-183
440	-183
443	-183
445	-184
448	-182
450	-181
453	-182
455	-182
458	-182
461	-184
464	-185
466	-183
469	-181
471	-182
474	-182
476	-180
479	-180
482	-181
484	-181
487	-181
489	-180
492	-181
495	-181
498	-182
501	-184
504	-183
506	-184
509	-183
512	-183
514	-182
517	-183
519	-181
522	-181
525	-182
528	-183
530	-183
533	-182
535	-181
538	-182
542	-184
545	-186
548	-187
551	-188
553	-187
555	-184
556	-180
559	-179
561	-178
564	-179
567	-179
570	-179
572	-178
575	-178
577	-177
580	-179
583	-179
586	-180
589	-179
591	-178
594	-177
596	-177
599	-177
602	-177
604	-176
607	-177
606	-166
604	-154
605	-148
607	-147
609	-144
612	-144
614	-144
618	-146
630	-172
632	-169
634	-167
635	-164
638	-164
642	-166
644	-164
644	-157
646	-155
649	-155
651	-153
653	-152
657	-155
661	-158
664	-159
667	-158
669	-156
671	-156
674	-156
677	-156
680	-156
683	-158
687	-160
689	-159
691	-156
694	-156
696	-155
699	-154
702	-155
704	-154
707	-155
709	-153
713	-153
715	-151
717	-150
720	-150
722	-149
725	-148
727	-147
729	-146
732	-145
735	-145
737	-144
739	-143
741	-141
744	-141
746	-140
748	-137
749	-133
750	-128
750	-122
751	-118
751	-112
752	-108
724	-22
724	-16
724	-11
725	-7
726	-4
728	-2
730	-0
732	1
734	2
737	1
740	1
742	2
745	3
749	0
778	1
781	1
783	3
786	2
889	-177
877	-147
884	-155
892	-166
898	-171
902	-172
900	-162
894	-145
889	-130
888	-123
890	-121
892	-120
896	-120
900	-123
916	-146
922	-153
925	-152
926	-147
927	-143
928	-140
929	-137
931	-134
933	-132
936	-132
969	-186
971	-185
974	-184
977	-183
980	-184
983	-182
986	-182
988	-180
991	-179
993	-177
996	-178
1000	-178
1003	-179
1006	-178
1009	-177
1012	-177
1015	-177
1019	-178
1023	-179
1026	-179
1029	-178
1033	-180
1037	-180
1041	-181
1044	-181
1047	-181
1048	-178
1052	-178
1056	-179
1060	-180
1063	-179
1066	-179
1070	-180
1072	-178
1076	-179
1080	-180
1083	-179
1086	-179
1090	-179
1093	-180
1096	-179
1099	-178
1103	-178
1107	-180
1110	-179
1112	-177
1114	-176
1117	-174
1120	-173
1122	-172
1124	-169
1130	-173
1134	-175
1137	-174
1141	-174
1146	-176
1148	-174
1152	-175
1156	-175
1159	-175
1163	-175
1166	-175
1169	-175
1172	-174
1175	-173
1179	-173
1185	-177
1189	-178
1193	-178
1196	-178
1200	-179
1203	-178
1206	-177
1210	-177
1214	-177
1217	-176
1220	-176
1224	-176
1228	-177
1231	-176
1234	-175
1240	-179
1245	-181
1247	-179
1250	-178
1254	-178
1257	-177
1260	-176
1265	-178
1267	-176
1270	-174
1273	-174
1276	-173
1279	-172
1283	-172
1288	-174
1299	-184
1307	-190
1309	-187
1311	-184
1313	-183
1315	-180
1315	-176
1317	-173
1323	-176
1330	-180
1332	-178
1334	-175
1336	-173
1334	-165
1323	-146
1334	-155
1345	-165
1347	-162
1349	-159
1351	-157
1353	-155
1357	-155
1360	-154
1363	-152
1365	-151
1369	-150
1372	-149
1375	-148
1378	-148
1382	-147
1392	-155
1399	-159
1401	-157
1402	-153
1403	-149
1405	-147
1410	-148
1416	-150
1420	-151
1425	-152
1430	-154
1437	-157
1443	-159
1446	-158
1443	-150
1444	-146
1447	-144
1450	-144
1453	-142
1457	-142
1459	-140
1462	-138
1465	-137
1469	-137
1471	-135
1474	-134
1481	-136
1485	-137
1488	-135
1493	-136
1499	-138
1504	-140
1504	-135
1505	-130
1507	-128
1509	-126
1510	-123
1513	-121
1521	-125
1529	-129
1534	-130
1537	-129
1540	-128
1543	-127
1552	-132
1559	-135
1561	-132
1564	-131
1568	-130
1572	-130
1573	-127
1576	-125
1580	-125
1588	-129
1597	-134
1602	-135
1605	-133
1608	-132
1611	-130
1612	-127
1617	-127
1622	-127
1626	-127
1627	-124
1631	-123
1639	-127
1645	-128
1647	-126
1651	-125
1655	-125
1651	-116
1654	-114
1655	-111
1658	-109
1662	-108
1679	-121
1685	-123
1691	-125
1695	-124
1700	-124
1705	-125
1709	-123
1700	-110
1703	-109
1709	-110
1716	-112
1720	-112
1723	-110
1729	-110
1735	-112
1737	-110
1739	-107
1741	-105
1747	-105
1756	-110
1767	-116
1794	-137
1795	-133
1794	-128
1786	-116
1783	-108
1785	-105
1788	-103
1790	-101
1793	-99
1801	-102
1804	-100
1805	-96
1808	-95
1819	-100
1833	-108
1844	-114
1846	-111
1853	-114
1857	-112
1860	-111
1863	-108
1864	-104
1865	-101
1865	-97
1868	-94
1878	-99
1880	-96
1883	-94
1884	-91
1885	-87
1887	-83
1889	-81
1914	-98
1911	-91
1915	-90
1918	-89
1924	-89
1927	-87
1928	-83
1954	-101
1942	-86
1946	-85
1947	-82
1950	-80
1959	-82
1961	-80
1966	-79
1960	-70
1970	-74
1974	-72
1979	-72
1985	-73
1993	-75
1997	-73
1998	-69
2001	-68
2013	-73
2014	-69
2015	-65
2019	-64
2018	-59
2017	-53
2022	-53
2028	-53
2034	-53
2040	-53
2045	-53
2050	-52
2056	-53
2067	-57
2068	-53
2071	-51
2079	-53
2083	-52
2086	-49
2089	-47
2092	-45
2095	-43
2099	-42
2106	-42
2113	-43
2118	-42
2122	-41
2132	-44
2147	-51
2150	-49
2154	-48
2161	-48
2167	-48
2182	-55
2186	-54
2189	-51
2198	-53
2175	-31
2210	-53
2211	-49
2213	-46
2218	-45
2220	-42
2219	-37
2223	-34
2229	-34
2233	-33
2240	-34
2248	-35
2255	-35
2258	-33
2263	-32
2269	-32
2276	-32
2280	-30
2281	-26
2282	-22
2284	-19
2295	-22
2302	-22
2311	-24
2311	-19
2314	-17
2338	-29
2343	-28
2346	-25
2350	-24
2357	-24
2365	-24
2368	-22
2370	-19
2375	-17
2380	-16
2386	-15
2388	-12
2389	-8
2389	-3
2388	2
2388	7
2386	13
2385	18
2387	21
2389	25
2392	28
2392	32
2393	36
2393	41
2393	45
2394	49
2392	55
2394	59
2395	63
2394	68
2396	71
2395	76
2395	81
2395	85
2395	90
2394	95
2398	97
2401	100
2402	104
2397	112
2396	117
2397	121
2397	125
2397	129
2399	133
2401	136
2404	139
2406	142
2406	147
2404	152
2403	157
2403	162
2404	165
2406	169
2404	174
2404	179
2406	183
2408	185
2410	188
2411	192
2412	196
2413	200
2413	205
2414	208
2415	212
2416	216
2417	220
2417	224
2417	229
2415	234
2419	236
2420	240
2420	244
2420	248
2421	252
2421	256
2421	261
2422	264
2423	268
2423	273
2424	277
2425	280
2427	283
2428	287
2428	291
2427	296
2426	301
2425	306
2425	310
2428	313
2430	316
2430	320
2430	324
2431	328
2432	331
2432	336
2434	339
2435	343
2434	347
2435	351
2440	353
2441	356
2441	361
2441	365
2443	368
2444	372
2444	376
2445	379
2445	383
2446	387
2446	391
2447	395
2447	399
2447	403
2446	408
2446	412
2448	415
2450	418
2452	421
2454	425
2457	427
2462	429
2465	431
2467	435
2468	438
2470	441
2472	444
2469	450
2471	453
2475	455
2478	458
2476	463
2474	468
2474	472
2475	476
2475	480
2476	484
2477	487
2478	491
2479	494
2478	499
2479	502
2479	507
2481	509
2484	512
2484	516
2484	520
2484	524
2484	528
2485	532
2486	535
2489	538
2490	542
2491	545
2490	549
2491	553
2492	557
2492	561
2493	564
2491	569
2491	573
2493	576
2495	579
2492	585
2491	589
2497	590
2498	594
2498	598
2500	601
2500	605
2500	609
2500	613
2501	617
2501	620
2502	624
2501	628
2503	631
2503	635
2500	640
2500	644
2503	647
2503	651
2503	655
2505	658
2507	661
2507	665
2506	669
2504	674
2501	679
2506	681
2510	683
2512	686
2511	691
2511	695
2510	699
2510	702
2513	705
2513	709
2515	712
2516	716
2516	720
2514	724
2514	728
2515	732
2516	735
2517	738
2519	742
2519	745
2519	749
2519	753
2520	757
2520	760
2520	764
2521	767
2524	770
2525	774
2524	778
2523	782
2524	786
2524	789
2524	793
2527	796
2527	800
2527	803
2527	807
2527	811
2527	815
2529	818
2530	821
2530	825
2531	829
2531	832
2531	836
2531	840
2531	843
2532	847
2534	850
2534	854
2533	858
2533	862
2535	865
2536	868
2536	872
2537	875
2538	879
2540	882
2540	885
2540	889
2542	893
2541	897
2542	900
2543	903
2543	907
2545	910
2545	914
2545	918
2545	921
2546	925
2547	928
2547	932
2546	936
2549	939
2550	942
2549	946
2547	950
2548	954
2548	957
2549	961
2550	964
2551	968
2552	971
2553	975
2552	979
2552	982
2552	986
2554	989
2555	992
2555	996
2554	1000
2554	1004
2554	1007
2551	1012
2551	1015
2554	1018
2558	1021
2560	1024
2561	1027
2562	1031
2563	1034
2563	1038
2563	1042
2562	1045
2563	1049
2563	1052
2564	1056
2564	1059
2564	1063
2563	1067
2563	1070
2564	1074
2566	1077
2568	1080
2567	1084
2567	1088
2566	1092
2566	1095
2569	1098
2568	1102
2567	1106
2566	1110
2569	1113
2570	1116
2571	1119
2571	1123
2572	1126
2572	1130
2572	1134
2573	1137
2574	1140
2572	1144
2572	1148
2575	1151
2575	1154
2576	1158
2575	1162
2577	1165
2578	1168
2578	1172
2578	1176
2577	1179
2578	1183
2579	1186
2579	1190
2580	1193
2580	1197
2582	1200
2583	1203
2582	1207
2583	1210
2582	1214
2582	1218
2584	1221
2584	1224
2586	1228
2586	1231
2586	1235
2587	1238
2588	1242
2588	1245
2587	1249
2586	1253
2588	1256
2589	1259
2590	1263
2590	1266
2592	1270
2592	1273
2593	1277
2592	1280
2592	1284
2591	1288
2591	1291
2592	1295
2593	1298
2596	1301
2597	1304
2599	1308
2600	1311
2601	1314
2601	1318
2600	1322
2602	1325
2602	1329
2603	1332
2603	1336
2605	1339
2604	1343
2604	1346
2603	1350
2605	1353
2606	1357
2607	1360
2610	1363
2608	1367
2608	1371
2608	1374
2609	1377
2610	1381
2612	1384
2615	1387
2612	1391
2610	1395
2612	1398
2614	1402
2615	1405
2616	1409
2615	1412
2615	1416
2615	1419
2613	1423
2612	1427
2613	1430
2615	1433
2617	1437
2616	1441
2617	1444
2620	1447
2620	1451
2620	1454
2621	1458
2622	1461
2622	1465
2622	1468
2624	1472
2625	1475
2625	1479
2625	1482
2625	1486
2626	1489
2626	1493
2626	1496
2627	1500
2627	1503
2628	1507
2629	1510
2630	1514
2630	1517
2630	1521
2631	1524
2633	1528
2634	1531
2633	1535
2633	1538
2634	1542
2635	1545
2635	1549
2634	1553
2635	1556
2638	1559
2639	1563
2637	1567
2638	1570
2639	1574
2640	1577
2641	1581
2641	1584
2642	1588
2643	1591
2643	1595
2643	1598
2644	1602
2645	1605
2645	1609
2644	1612
2646	1616
2646	1619
2646	1623
2647	1627
2645	1630
2647	1634
2649	1637
2650	1641
2651	1644
2652	1648
2653	1651
2654	1655
2654	1658
2653	1662
