2572	1697
2573	1700
2573	1703
2574	1707
2574	1710
2575	1714
2576	1721
2575	1724
2576	1728
2578	1731
2580	1735
2580	1738
2580	1742
2580	1745
2579	1749
2579	1752
2579	1756
2580	1759
2581	1763
2581	1766
2580	1770
2580	1773
2581	1777
2581	1780
2582	1784
2584	1787
2583	1791
2582	1794
2583	1797
2584	1801
2584	1804
2583	1808
2583	1811
2581	1815
2581	1818
2588	1822
2588	1826
2587	1829
2587	1833
2586	1836
2586	1840
2587	1843
2587	1847
2587	1850
2587	1854
2589	1857
2590	1861
2590	1864
2590	1868
2590	1871
2589	1875
2590	1878
2591	1882
2591	1885
2592	1889
2592	1892
2593	1896
2595	1900
2597	1903
2596	1907
2595	1910
2597	1914
2596	1917
2595	1921
2598	1925
2604	1929
2603	1932
2603	1936
2603	1939
2604	1943
2603	1946
2604	1950
2605	1953
2605	1957
2606	1961
2606	1964
2605	1968
2605	1971
2606	1975
2609	1979
2611	1982
2612	1986
2613	1990
2611	1993
2611	1997
2612	2000
2611	2004
2612	2007
2612	2011
2612	2015
2613	2018
2612	2022
2614	2026
2613	2029
2615	2033
2614	2036
2616	2040
2617	2044
2617	2047
2618	2051
2618	2055
2619	2059
2620	2062
2619	2066
2618	2069
2618	2073
2618	2076
2621	2080
2624	2084
2624	2088
2625	2092
2625	2095
2628	2099
2628	2103
2627	2106
2624	2110
2624	2113
2625	2117
2626	2121
2626	2124
2624	2128
2624	2131
2625	2135
2627	2139
2630	2143
2629	2147
2630	2151
2628	2154
2627	2157
2629	2161
2629	2165
2630	2169
2629	2172
2629	2176
2631	2180
2632	2184
2632	2188
2632	2191
2630	2194
2632	2199
2635	2203
2638	2207
2640	2211
2639	2215
2638	2218
2638	2222
2640	2226
2642	2230
2641	2233
2641	2237
2640	2241
2640	2244
2642	2248
2642	2252
2642	2256
2644	2260
2645	2264
2644	2267
2643	2271
2642	2274
2643	2278
2642	2282
2642	2286
2641	2289
2641	2293
2638	2296
2638	2300
2641	2304
2641	2308
2642	2312
2642	2315
2643	2319
2644	2323
2643	2327
2640	2330
2640	2334
2641	2338
2642	2342
2643	2346
2643	2349
2643	2353
2643	2357
2642	2361
2642	2364
2641	2368
2641	2371
2643	2376
2646	2380
2646	2384
2645	2388
2645	2391
2643	2395
2641	2398
2656	2406
2647	2407
2647	2411
2648	2415
2650	2419
2653	2424
2651	2427
2651	2431
2650	2435
2647	2438
2646	2441
2648	2446
2649	2450
2647	2453
2647	2457
2649	2461
2650	2465
2649	2469
2651	2473
2651	2477
2653	2482
2652	2485
2653	2490
2654	2494
2653	2497
2661	2503
2658	2506
2655	2509
2653	2513
2653	2517
2656	2522
2658	2526
2658	2530
2663	2536
2663	2539
2661	2543
2662	2547
2663	2551
2663	2555
2662	2559
2662	2563
2660	2566
2660	2570
2660	2574
2659	2578
2661	2582
2663	2587
2663	2591
2660	2594
2658	2597
2663	2603
2665	2607
2664	2611
2664	2615
2668	2620
2665	2623
2663	2627
2663	2631
2663	2634
2663	2639
2664	2643
2664	2647
2664	2651
2663	2655
2661	2658
2662	2662
2664	2667
2665	2671
2665	2676
2666	2680
2668	2685
2668	2689
2667	2692
2665	2696
2666	2700
2667	2705
2669	2709
2669	2714
2670	2718
2668	2721
2668	2726
2670	2730
2670	2734
2669	2738
2667	2742
2669	2746
2670	2751
2670	2755
2674	2761
2676	2766
2674	2769
2675	2774
2674	2777
2671	2781
2674	2786
2679	2792
2676	2795
2675	2799
2674	2802
2674	2807
2674	2811
2673	2815
2673	2819
2674	2823
2675	2828
2675	2832
2675	2836
2674	2840
2676	2845
2678	2850
2677	2854
2677	2859
2679	2864
2679	2868
2677	2871
2681	2877
2680	2881
2680	2885
2679	2889
2679	2893
2678	2897
2677	2901
2678	2906
2676	2909
2676	2914
2678	2919
2679	2923
2677	2927
2676	2931
2677	2936
2682	2942
2681	2946
2681	2950
2681	2955
2681	2959
2681	2964
2678	2967
2677	2971
2679	2976
2685	2983
2684	2987
2682	2990
2681	2994
2681	2999
2679	3003
2687	3010
2686	3015
2683	3018
2682	3022
2682	3026
2682	3030
2682	3035
2680	3038
2680	3043
2682	3048
2681	3052
2681	3057
2682	3062
2682	3066
2682	3071
2680	3074
2679	3078
2680	3083
2683	3090
2683	3094
2679	3096
2661	3092
2636	3083
2622	3081
2618	3083
2615	3086
2613	3089
2612	3093
2612	3098
2610	3101
2611	3106
2614	3113
2618	3119
2687	3160
2689	3166
2690	3171
2689	3175
2686	3178
2686	3183
2684	3187
2683	3190
2681	3195
2682	3200
2684	3205
2689	3213
2688	3217
2685	3220
2682	3223
2681	3227
2680	3232
2683	3238
2681	3241
2677	3244
2676	3248
2678	3254
2677	3258
2677	3263
2679	3269
2680	3274
2681	3279
2678	3283
2677	3287
2677	3292
2678	3297
2676	3301
2675	3305
2674	3309
2673	3313
2673	3318
2676	3325
2676	3330
2675	3334
2676	3340
2675	3344
2671	3347
2669	3350
2670	3355
2670	3361
2669	3365
2669	3370
2670	3376
2671	3381
2672	3386
2670	3391
2671	3396
2672	3401
2673	3407
2672	3411
2671	3416
2671	3421
2669	3425
2669	3430
2670	3435
2668	3439
2667	3443
2666	3448
2665	3453
2665	3457
2669	3465
2668	3469
2669	3475
2667	3479
2665	3483
2665	3488
2664	3493
2665	3498
2666	3504
2666	3509
2665	3514
2663	3518
2660	3521
2658	3524
2657	3529
2656	3534
2654	3537
2651	3541
2652	3547
2652	3552
2652	3557
2649	3560
2648	3564
2648	3570
2648	3575
2645	3579
2643	3582
2643	3587
2643	3593
2642	3597
2643	3604
2642	3608
2639	3612
2637	3615
2636	3620
2635	3624
2635	3630
2634	3634
2630	3637
2630	3643
2631	3649
2630	3653
2628	3657
2630	3664
2629	3669
2628	3673
2627	3678
2626	3683
2623	3686
2623	3692
2624	3698
2620	3701
2621	3706
2621	3712
2620	3717
2619	3722
2618	3727
2616	3731
2614	3735
2614	3740
2615	3746
2614	3751
2611	3754
2609	3758
2608	3763
2606	3767
2604	3771
2603	3776
2606	3784
2601	3786
2599	3790
2603	3799
2601	3803
2599	3807
2602	3815
2602	3821
2602	3826
2597	3829
2597	3834
2594	3837
2592	3842
2591	3847
2589	3850
2587	3854
2586	3860
2584	3864
2582	3868
2581	3873
2579	3877
2580	3884
2579	3889
2577	3893
2574	3897
2574	3903
2575	3909
2573	3913
2571	3917
2569	3922
2569	3928
2564	3930
2563	3935
2562	3940
2559	3943
2557	3947
2560	3955
2558	3960
2557	3965
2555	3970
2553	3974
2551	3979
2551	3984
2547	3987
2544	3990
2543	3996
2542	4000
2541	4006
2540	4011
2538	4015
2533	4017
2532	4023
2533	4030
2532	4034
2531	4040
2530	4045
2528	4050
2526	4054
2527	4061
2523	4064
2522	4069
2519	4073
2521	4080
2521	4087
2520	4093
2518	4097
2519	4104
2515	4106
2514	4112
2513	4118
2511	4122
2511	4128
2507	4131
2493	4124
2470	4108
2451	4097
2443	4096
2441	4100
2440	4105
2431	4103
2433	4111
2437	4121
2495	4184
2488	4184
2489	4191
2477	4186
2452	4168
2441	4164
2437	4166
2435	4171
2433	4175
2431	4180
2429	4185
2427	4189
2423	4192
2429	4204
2422	4204
2349	4137
2348	4142
2344	4145
2332	4139
2313	4125
2300	4119
2295	4120
2293	4125
2292	4130
2290	4134
2283	4133
2272	4129
2261	4123
2323	4195
2322	4200
2191	4068
2183	4066
2175	4064
2168	4063
2164	4065
2162	4069
2160	4074
2158	4078
2157	4083
2154	4086
2153	4091
2151	4096
2150	4100
2149	4106
2147	4110
2146	4115
2144	4119
2142	4123
2140	4128
2138	4132
2137	4137
2135	4142
2134	4147
2131	4150
2130	4155
2128	4159
2126	4164
2124	4169
2125	4175
2123	4180
2121	4185
2119	4189
2117	4194
2115	4198
2113	4202
2349	4480
2344	4481
2340	4485
2339	4490
2334	4492
2331	4496
2327	4499
2323	4501
2320	4506
2319	4512
2316	4516
2313	4519
2309	4522
2306	4526
2302	4529
2298	4532
2295	4536
2292	4540
2285	4538
2274	4533
2261	4525
2253	4523
2251	4528
2248	4531
2243	4534
2240	4537
2238	4543
2236	4548
2235	4554
2233	4559
2231	4565
2234	4576
2239	4590
2238	4597
2234	4600
2232	4604
2228	4607
2225	4611
2222	4616
2220	4621
2218	4627
2215	4630
2211	4632
2206	4634
2200	4635
2195	4637
2192	4640
2189	4644
2186	4649
2184	4653
2182	4659
2179	4663
2174	4665
2169	4667
2165	4669
2161	4672
2156	4674
2154	4679
2152	4685
2149	4688
2145	4692
2142	4695
2137	4697
2134	4701
2130	4704
2126	4707
2123	4711
2123	4719
2119	4722
2116	4727
2114	4731
2111	4736
2107	4739
2104	4743
2101	4748
2098	4751
2094	4754
2090	4757
2086	4760
2082	4763
2078	4765
2073	4767
2068	4769
2064	4772
2060	4774
2056	4777
2051	4778
2046	4780
2041	4782
2036	4783
2031	4783
2026	4785
2022	4789
2019	4792
2015	4796
2011	4798
2006	4800
2004	4805
2000	4808
1995	4810
1991	4812
1987	4816
1984	4819
1980	4823
1976	4825
1971	4827
1967	4829
1963	4833
1961	4838
1957	4842
1954	4846
1950	4848
1945	4850
1942	4854
1936	4854
1931	4856
1928	4860
1924	4863
1921	4867
1918	4870
1913	4873
1909	4876
1906	4879
1901	4882
1898	4885
1894	4888
1889	4890
1886	4894
1881	4895
1876	4897
1872	4900
1868	4902
1863	4904
1858	4905
1853	4905
1848	4907
1844	4911
1840	4913
1836	4916
1832	4918
1826	4918
1821	4919
1816	4921
1813	4925
1808	4927
1804	4929
1800	4933
1796	4935
1790	4935
1786	4937
1782	4940
1777	4941
1773	4944
1769	4946
1764	4949
1760	4950
1756	4954
1752	4956
1747	4957
1743	4961
1741	4967
1737	4970
1733	4973
1730	4977
1726	4980
1721	4981
1717	4985
1715	4990
1712	4995
1708	4999
1704	5002
1700	5005
1696	5008
1691	5008
1687	5011
1683	5014
1678	5016
1674	5019
1670	5022
1666	5024
1661	5025
1656	5027
1651	5028
1647	5031
1643	5034
1637	5033
1634	5037
1629	5039
1625	5042
1621	5045
1617	5047
1613	5050
1608	5052
1603	5054
1599	5055
1594	5057
1589	5058
1585	5061
1581	5063
1577	5066
1571	5066
1566	5066
1562	5069
1557	5070
1553	5073
1548	5074
1543	5075
1538	5077
1534	5079
1529	5081
1526	5085
1520	5085
1516	5087
1512	5089
1508	5092
1503	5095
1499	5098
1495	5100
1491	5103
1486	5104
1482	5106
1477	5108
1473	5110
1467	5110
1463	5112
1458	5115
1454	5117
1449	5118
1444	5119
1440	5122
1436	5124
1431	5126
1426	5126
1421	5127
1416	5129
1412	5131
1407	5133
1403	5135
1400	5139
1396	5143
1392	5147
1388	5150
1383	5151
1379	5153
1375	5156
1370	5158
1366	5161
1362	5163
1357	5165
1352	5167
1348	5169
1344	5172
1339	5173
1334	5174
1329	5175
1325	5177
1320	5178
1316	5180
1311	5182
1294	5152
1285	5144
1296	5184
1291	5185
1267	5137
1262	5136
1256	5136
1252	5138
1247	5138
1241	5137
1236	5137
1232	5139
1228	5143
1224	5146
1218	5145
1213	5144
1209	5147
1204	5148
1200	5150
1195	5152
1191	5153
1187	5157
1184	5163
1182	5173
1181	5184
1180	5194
1178	5204
1177	5216
1174	5223
1170	5224
1165	5227
1161	5229
1156	5230
1151	5230
1145	5230
1140	5229
1135	5229
1130	5229
1123	5226
1117	5222
1111	5219
1104	5212
1095	5203
1089	5198
1082	5193
1074	5185
1068	5181
1062	5181
1058	5183
1054	5185
1049	5186
1044	5185
1038	5184
1034	5186
1030	5188
1025	5190
1020	5191
1016	5192
1011	5194
1007	5195
1003	5198
998	5200
993	5201
990	5206
989	5219
993	5249
996	5276
991	5277
986	5279
981	5279
977	5280
972	5281
967	5281
962	5283
957	5284
953	5285
948	5287
943	5289
939	5290
934	5292
929	5293
925	5295
920	5295
915	5296
910	5297
905	5298
901	5301
896	5302
892	5303
887	5305
883	5308
878	5309
874	5312
869	5314
864	5315
860	5318
855	5320
851	5321
846	5322
841	5324
836	5325
831	5322
823	5310
811	5282
800	5259
795	5259
790	5258
785	5257
782	5268
786	5303
787	5329
785	5341
781	5346
776	5346
771	5346
766	5346
762	5349
757	5352
752	5353
748	5354
743	5355
738	5356
733	5358
729	5360
724	5361
719	5362
714	5363
710	5364
705	5364
700	5365
695	5367
691	5370
686	5373
682	5374
676	5372
671	5372
666	5374
662	5376
635	5268
630	5264
624	5259
617	5250
611	5243
605	5239
600	5238
596	5238
591	5241
588	5247
584	5251
579	5253
574	5252
569	5250
564	5250
560	5251
555	5251
550	5252
545	5252
540	5251
536	5252
531	5252
526	5251
521	5251
516	5250
512	5250
506	5246
526	5396
521	5398
516	5399
465	5106
462	5118
460	5133
457	5142
453	5148
450	5158
482	5402
477	5402
472	5402
467	5402
462	5401
457	5402
452	5403
447	5404
443	5406
438	5410
434	5412
429	5412
424	5412
419	5413
414	5413
409	5413
404	5413
399	5412
394	5414
389	5414
385	5416
380	5418
375	5419
370	5419
365	5418
360	5419
355	5420
351	5421
345	5419
340	5418
335	5418
330	5417
325	5418
321	5420
316	5422
311	5421
306	5421
301	5421
296	5422
292	5423
287	5424
282	5424
270	5350
265	5354
261	5358
256	5360
252	5362
247	5363
242	5366
238	5369
233	5371
228	5372
223	5373
219	5377
214	5380
210	5382
205	5385
200	5386
196	5388
191	5391
186	5393
181	5395
177	5399
172	5402
167	5404
163	5408
158	5412
153	5416
149	5420
144	5424
139	5427
135	5429
130	5433
125	5434
120	5437
116	5441
111	5444
106	5444
101	5445
96	5453
92	5457
87	5460
82	5461
77	5461
72	5462
67	5463
62	5462
57	5463
53	5466
48	5468
43	5467
38	5476
33	5463
28	5468
23	5471
18	5471
13	5466
8	5465
3	5464
-2	5464
-7	5464
-12	5465
-17	5468
-21	5474
-31	5138
-37	5016
-41	5017
-45	5020
-50	5014
-54	5010
-58	5014
-63	5014
-67	5013
-71	5006
-76	4999
-80	4997
-84	4995
-89	4992
-93	4990
-97	4990
-102	4990
-106	4993
-110	4997
-115	4997
-119	5013
-124	5014
-128	5013
-132	5013
-137	5009
-141	5016
-145	5016
-150	5015
-154	5019
-162	5136
-175	5468
-180	5466
-185	5466
-190	5466
-195	5466
-199	5464
-204	5463
-209	5464
-214	5467
-219	5469
-224	5471
-229	5471
-234	5472
-239	5473
-244	5472
-249	5471
-254	5470
-259	5469
-264	5468
-269	5465
-274	5464
-279	5465
-284	5464
-288	5463
-293	5461
-299	5474
-304	5472
-309	5469
-313	5467
-318	5466
-323	5464
-328	5463
-333	5462
-338	5459
-343	5469
-348	5466
-353	5466
-358	5467
-363	5466
-368	5466
-373	5465
-378	5465
-383	5464
-387	5461
-392	5460
-397	5460
-402	5462
-407	5463
-412	5460
-417	5460
-422	5460
-427	5461
-432	5460
-437	5459
-442	5456
-447	5455
-452	5456
-458	5467
-463	5465
-467	5464
-437	5125
-441	5126
-446	5124
-449	5111
-453	5107
-458	5109
-463	5115
-469	5127
-512	5461
-517	5460
-497	5252
-503	5257
-507	5257
-512	5258
-517	5257
-521	5256
-526	5257
-531	5257
-536	5258
-541	5258
-545	5257
-550	5258
-555	5257
-560	5257
-564	5258
-569	5258
-574	5257
-578	5256
-583	5252
-587	5248
-591	5245
-596	5245
-601	5251
-607	5260
-638	5431
-643	5431
-648	5433
-653	5433
-658	5433
-663	5432
-669	5433
-674	5435
-679	5434
-684	5434
-689	5433
-693	5432
-698	5432
-703	5431
-708	5429
-713	5430
-719	5432
-724	5432
-729	5432
-734	5432
-739	5431
-743	5430
-748	5430
-754	5430
-758	5429
-763	5425
-767	5422
-772	5421
-777	5421
-782	5420
-787	5418
-791	5416
-796	5415
-801	5414
-806	5415
-812	5416
-817	5416
-822	5416
-827	5415
-831	5413
-836	5412
-841	5411
-846	5408
-850	5405
-854	5402
-859	5400
-864	5398
-869	5397
-873	5394
-878	5392
-882	5389
-886	5385
-891	5383
-896	5382
-901	5383
-906	5382
-911	5381
-915	5380
-920	5379
-925	5377
-929	5374
-934	5372
-939	5372
-944	5372
-949	5371
-954	5370
-959	5368
-963	5367
-969	5368
-974	5371
-980	5373
-985	5373
-990	5371
-994	5369
-999	5367
-1004	5366
-1009	5365
-1014	5364
-1018	5363
-1023	5361
-1028	5359
-1033	5359
-1038	5359
-1043	5359
-1047	5355
-1052	5353
-1057	5353
-1062	5353
-1067	5353
-1072	5352
-1077	5350
-1081	5348
-1086	5346
-1091	5345
-1096	5344
-1101	5344
-1105	5342
-1111	5342
-1115	5341
-1120	5339
-1124	5336
-1128	5332
-1132	5328
-1137	5327
-1144	5332
-1149	5333
-1154	5332
-1159	5330
-1163	5328
-1168	5326
-1173	5327
-1178	5326
-1183	5326
-1188	5324
-1192	5321
-1196	5317
-1201	5315
-1206	5316
-1212	5317
-1217	5316
-1222	5316
-1227	5316
-1232	5316
-1237	5315
-1242	5312
-1246	5309
-1250	5305
-1254	5301
-1259	5300
-1263	5296
-1267	5295
-1272	5293
-1276	5290
-1280	5286
-1285	5284
-1289	5280
-1293	5277
-1297	5274
-1301	5271
-1305	5267
-1309	5264
-1314	5263
-1319	5261
-1323	5258
-1328	5257
-1333	5258
-1338	5257
-1343	5254
-1347	5253
-1353	5254
-1357	5250
-1362	5249
-1367	5248
-1372	5248
-1377	5246
-1381	5244
-1386	5242
-1390	5239
-1395	5238
-1400	5237
-1405	5237
-1410	5236
-1414	5233
-1419	5233
-1424	5232
-1429	5230
-1433	5228
-1438	5225
-1442	5223
-1447	5221
-1451	5219
-1456	5219
-1461	5218
-1466	5216
-1470	5212
-1474	5209
-1478	5207
-1483	5205
-1488	5205
-1494	5207
-1499	5206
-1504	5204
-1508	5201
-1513	5200
-1518	5200
-1524	5200
-1528	5197
-1532	5194
-1537	5192
-1542	5191
-1546	5190
-1551	5189
-1556	5187
-1560	5184
-1564	5180
-1569	5179
-1574	5179
-1579	5178
-1584	5177
-1588	5174
-1593	5172
-1597	5170
-1602	5169
-1607	5167
-1611	5164
-1615	5162
-1620	5160
-1624	5158
-1629	5156
-1634	5154
-1638	5151
-1642	5148
-1646	5145
-1650	5143
-1654	5140
-1659	5137
-1663	5135
-1668	5134
-1672	5130
-1675	5126
-1678	5121
-1682	5118
-1687	5116
-1692	5115
-1697	5114
-1703	5114
-1707	5112
-1712	5110
-1717	5109
-1721	5107
-1725	5104
-1730	5102
-1735	5101
-1740	5101
-1745	5099
-1748	5094
-1750	5087
-1754	5084
-1760	5084
-1766	5085
-1772	5086
-1777	5086
-1781	5081
-1784	5076
-1787	5072
-1791	5069
-1796	5067
-1800	5065
-1805	5063
-1810	5063
-1814	5060
-1818	5055
-1820	5050
-1824	5046
-1828	5044
-1832	5041
-1836	5037
-1839	5032
-1842	5028
-1847	5026
-1850	5022
-1854	5018
-1858	5016
-1863	5014
-1866	5010
-1870	5006
-1874	5003
-1877	4999
-1881	4997
-1885	4993
-1889	4990
-1892	4986
-1896	4983
-1901	4980
-1904	4977
-1908	4974
-1911	4969
-1915	4965
-1920	4964
-1924	4962
-1928	4959
-1932	4957
-1936	4952
-1940	4950
-1943	4946
-1947	4942
-1951	4939
-1956	4938
-1960	4935
-1965	4934
-1970	4933
-1973	4929
-1977	4926
-1981	4924
-1985	4920
-1989	4917
-1993	4914
-1999	4914
-2003	4912
-2007	4909
-2010	4905
-2014	4902
-2018	4899
-2024	4898
-2029	4898
-2034	4896
-2037	4892
-2041	4889
-2045	4886
-2050	4885
-2053	4881
-2058	4880
-2063	4878
-2072	4883
-2076	4880
-2080	4878
-2084	4875
-2086	4868
-2089	4864
-2094	4863
-2098	4859
-2102	4857
-2107	4855
-2111	4852
-2115	4849
-2118	4846
-2121	4842
-2124	4837
-2129	4835
-2133	4833
-2137	4829
-2141	4826
-2146	4825
-2150	4822
-2153	4818
-2157	4815
-2160	4811
-2164	4809
-2168	4806
-2172	4802
-2175	4798
-2178	4793
-2182	4791
-2186	4788
-2190	4785
-2194	4782
-2197	4779
-2201	4775
-2204	4772
-2210	4770
-2214	4768
-2218	4765
-2221	4760
-2223	4756
-2227	4752
-2231	4749
-2234	4746
-2238	4742
-2243	4742
-2247	4738
-2250	4734
-2254	4732
-2259	4730
-2262	4726
-2265	4721
-2268	4718
-2273	4716
-2278	4714
-2283	4712
-2288	4711
-2291	4707
-2292	4700
-2295	4697
-2300	4695
-2304	4692
-2308	4690
-2313	4687
-2316	4684
-2321	4682
-2325	4679
-2325	4672
-2328	4667
-2333	4665
-2337	4663
-2340	4658
-2342	4654
-2345	4649
-2347	4644
-2351	4641
-2357	4640
-2361	4637
-2364	4634
-2368	4631
-2372	4628
-2376	4625
-2380	4623
-2384	4619
-2386	4615
-2390	4612
-2395	4609
-2398	4606
-2401	4602
-2403	4597
-2407	4593
-2410	4590
-2415	4588
-2419	4585
-2422	4582
-2427	4580
-2432	4578
-2434	4573
-2438	4569
-2441	4566
-2444	4562
-2446	4557
-2451	4555
-2455	4552
-2457	4548
-2462	4546
-2466	4543
-2471	4541
-2473	4536
-2474	4530
-2478	4527
-2482	4524
-2487	4523
-2491	4519
-2493	4515
-2496	4510
-2499	4506
-2502	4503
-2507	4501
-2510	4497
-2515	4495
-2518	4492
-2521	4487
-2524	4483
-2527	4480
-2532	4478
-2537	4476
-2542	4474
-2547	4472
-2550	4469
-2553	4464
-2554	4459
-2557	4455
-2561	4452
-2566	4450
-2569	4446
-2572	4442
-2574	4437
-2576	4432
-2578	4427
-2583	4426
-2586	4422
-2588	4416
-2590	4411
-2593	4408
-2596	4403
-2598	4399
-2602	4396
-2605	4392
-2607	4387
-2610	4383
-2613	4379
-2616	4376
-2619	4372
-2623	4368
-2626	4365
-2629	4361
-2630	4355
-2632	4350
-2635	4347
-2639	4343
-2641	4339
-2644	4335
-2646	4330
-2649	4326
-2652	4323
-2656	4319
-2659	4315
-2661	4311
-2664	4307
-2667	4303
-2671	4300
-2675	4298
-2678	4294
-2681	4290
-2684	4286
-2687	4282
-2689	4278
-2693	4274
-2697	4272
-2700	4268
-2702	4263
-2704	4259
-2708	4256
-2713	4254
-2717	4251
-2719	4247
-2723	4243
-2726	4240
-2729	4236
-2731	4232
-2733	4227
-2736	4223
-2739	4219
-2742	4215
-2746	4212
-2748	4208
-2751	4204
-2754	4200
-2756	4195
-2758	4190
-2760	4186
-2762	4181
-2762	4174
-2760	4166
-2761	4161
-2763	4156
-2765	4152
-2763	4143
-2768	4141
-2772	4139
-2776	4135
-2778	4131
-2780	4126
-2779	4119
-2781	4115
-2785	4112
-2787	4107
-2790	4103
-2792	4099
-2795	4095
-2799	4093
-2800	4087
-2798	4079
-2800	4074
-2802	4070
-2805	4066
-2807	4061
-2809	4057
-2811	4053
-2814	4049
-2816	4044
-2571	3828
-2575	3826
-2580	3825
-2586	3824
-2592	3824
-2598	3823
-2604	3823
-2614	3825
-2620	3824
-2625	3824
-2632	3823
-2638	3823
-2644	3822
-2650	3821
-2656	3820
-2661	3819
-2668	3819
-2674	3818
-2681	3818
-2686	3817
-2692	3816
-2698	3815
-2707	3817
-2713	3816
-2719	3815
-2726	3815
-2732	3814
-2739	3814
-2744	3812
-2750	3811
-2757	3811
-2764	3811
-2769	3809
-2776	3809
-2782	3808
-2789	3807
-2795	3806
-2805	3808
-2811	3808
-2816	3806
-2824	3806
-2831	3806
-2837	3805
-2843	3804
-2849	3803
-2856	3802
-2864	3802
-2870	3801
-2874	3798
-2873	3792
-2869	3783
-2870	3778
-2883	3782
-2901	3790
-2902	3785
-2904	3780
-2903	3774
-2903	3768
-2903	3763
-2903	3757
-2904	3752
-2905	3747
-2906	3743
-2912	3741
-2919	3740
-2921	3736
-2920	3729
-2918	3723
-2921	3719
-2924	3716
-2927	3712
-2928	3707
-2927	3701
-2929	3697
-2932	3693
-2934	3689
-2937	3686
-2939	3681
-2936	3674
-2938	3670
-2939	3665
-2944	3663
-2944	3658
-2939	3649
-2944	3646
-2943	3640
-2945	3636
-2946	3631
-2949	3628
-2951	3623
-2952	3619
-2952	3614
-2953	3609
-2952	3603
-2953	3598
-2955	3594
-2948	3584
-2945	3576
-2945	3571
-2946	3566
-2946	3561
-2948	3557
-2951	3553
-2952	3549
-2949	3542
-2948	3536
-2950	3531
-2951	3527
-2952	3522
-2954	3518
-2956	3514
-2956	3509
-2957	3504
-2957	3499
-2958	3494
-2958	3489
-2958	3484
-2958	3479
-2960	3475
-2961	3470
-2961	3465
-2963	3461
-2965	3457
-2964	3451
-2966	3447
-2966	3442
-2964	3436
-2966	3432
-2967	3427
-2970	3423
-2970	3419
-2969	3413
-2968	3407
-2969	3403
-2970	3398
-2971	3394
-2973	3390
-2973	3385
-2974	3380
-2976	3376
-2977	3372
-2974	3365
-2976	3361
-2976	3356
-2977	3351
-2976	3346
-2976	3341
-2978	3337
-2979	3332
-2979	3327
-2979	3322
-2980	3318
-2981	3314
-2983	3310
-2985	3306
-2986	3301
-2981	3294
-2982	3289
-2984	3285
-2986	3282
-2987	3277
-2987	3272
-2986	3267
-2986	3262
-2986	3257
-2986	3252
-2986	3247
-2986	3242
-2985	3237
-2985	3232
-2987	3228
-2987	3223
-2987	3218
-2988	3214
-2988	3209
-2987	3204
-2986	3199
-2986	3194
-2989	3190
-2988	3185
-2990	3181
-2991	3177
-2990	3172
-2988	3166
-2988	3161
-2989	3157
-2990	3153
-2993	3149
-2993	3145
-2993	3139
-2994	3135
-2993	3130
-2993	3125
-2993	3121
-2995	3117
-2996	3113
-2997	3108
-2997	3104
-2995	3098
-2996	3094
-2998	3090
-2998	3085
-2999	3081
-3001	3078
-3000	3072
-2998	3067
-2999	3062
-2999	3058
-3000	3053
-2999	3048
-2999	3044
-2998	3039
-2999	3035
-3000	3030
-3001	3026
-3002	3022
-2999	3016
-2999	3011
-2998	3006
-3000	3003
-3003	3000
-3005	2996
-3006	2991
-3005	2986
-3005	2982
-3005	2978
-3004	2972
-3001	2967
-3001	2962
-3003	2958
-3003	2954
-3001	2948
-3001	2944
-3001	2939
-3002	2935
-3002	2930
-3000	2925
-3001	2921
-3001	2917
-3001	2912
-3002	2908
-3005	2905
-3006	2901
-3001	2894
-2999	2889
-3002	2886
-3002	2881
-3001	2876
-3003	2873
-3002	2868
-3002	2864
-3000	2858
-2998	2853
-2997	2848
-2997	2844
-2999	2840
-3000	2836
-2999	2831
-2996	2826
-2993	2820
-2992	2815
-2992	2811
-2991	2806
-2991	2802
-2990	2797
-2993	2794
-2994	2790
-2995	2786
-2995	2782
-2997	2778
-2996	2773
-2994	2768
-2993	2764
-2993	2759
-2992	2755
-2993	2750
-2993	2746
-2995	2742
-2992	2737
-2992	2733
-2992	2729
-2993	2724
-2995	2721
-2994	2716
-2993	2712
-2989	2706
-2990	2702
-2991	2698
-2991	2694
-2989	2689
-2989	2685
-2989	2680
-2984	2675
-2986	2671
-2986	2667
-2985	2662
-2987	2658
-2984	2653
-2982	2648
-2982	2644
-2983	2640
-2983	2636
-2983	2632
-2983	2628
-2982	2623
-2982	2619
-2979	2614
-2974	2608
-2973	2604
-2973	2599
-2972	2595
-2972	2591
-2970	2586
-2967	2581
-2967	2577
-2966	2572
-2965	2568
-2964	2564
-2964	2560
-2964	2555
-2962	2551
-2961	2546
-2960	2542
-2962	2538
-2962	2534
-2961	2530
-2960	2525
-2959	2521
-2959	2517
-2956	2512
-2955	2508
-2953	2503
-2950	2498
-2950	2494
-2951	2490
-2953	2487
-2953	2483
-2948	2477
-2948	2473
-2947	2469
-2947	2465
-2946	2461
-2943	2456
-2942	2451
-2944	2448
-2945	2444
-2945	2440
-2943	2436
-2938	2430
-2937	2426
-2938	2422
-2940	2419
-2936	2414
-2934	2410
-2933	2405
-2933	2401
-2932	2397
-2931	2393
-2930	2389
-2931	2385
-2930	2381
-2928	2376
-2927	2372
-2927	2368
-2927	2364
-2926	2360
-2924	2356
-2918	2350
-2919	2347
-2922	2343
-2921	2339
-2919	2335
-2917	2331
-2918	2327
-2919	2323
-2919	2319
-2916	2315
-2915	2311
-2914	2306
-2912	2302
-2911	2298
-2913	2294
-2915	2291
-2911	2286
-2909	2282
-2909	2278
-2909	2274
-2906	2270
-2905	2266
-2905	2262
-2904	2258
-2904	2254
-2903	2250
-2900	2246
-2898	2241
-2894	2237
-2894	2233
-2891	2229
-2894	2225
-2894	2221
-2891	2217
-2890	2213
-2890	2209
-2890	2206
-2887	2201
-2888	2197
-2889	2194
-2889	2190
-2888	2186
-2888	2182
-2885	2178
-2884	2174
-2883	2170
-2883	2166
-2883	2162
-2879	2158
-2875	2154
-2875	2150
-2875	2146
-2877	2143
-2879	2139
-2878	2135
-2876	2131
-2872	2127
-2871	2123
-2871	2119
-2871	2115
-2867	2111
-2869	2108
-2867	2104
-2866	2100
-2865	2096
-2864	2092
-2865	2088
-2865	2085
-2866	2081
-2865	2077
-2866	2074
-2861	2069
-2860	2065
-2860	2062
-2861	2058
-2858	2054
-2859	2050
-2859	2047
-2860	2043
-2858	2039
-2854	2035
-2855	2031
-2853	2027
-2851	2024
-2850	2020
-2850	2016
-2848	2012
-2848	2009
-2846	2005
-2845	2001
-2844	1997
-2843	1993
-2844	1990
-2845	1986
-2845	1982
-2844	1979
-2842	1975
-2840	1971
-2839	1967
-2840	1964
-2841	1960
-2830	1955
-2831	1952
-2832	1948
-2831	1945
-2828	1941
-2826	1937
-2824	1933
-2826	1930
-2825	1926
-2826	1922
-2825	1919
-2826	1915
-2822	1911
-2821	1908
-2823	1904
-2821	1900
-2822	1897
-2822	1893
-2820	1889
-2815	1885
-2816	1882
-2815	1878
-2809	1874
-2810	1871
-2809	1867
-2806	1863
-2810	1860
-2811	1856
-2809	1853
-2808	1849
-2808	1845
-2807	1842
-2804	1838
-2806	1835
-2800	1831
-2798	1827
-2797	1823
-2796	1820
-2796	1816
-2794	1812
-2795	1809
-2794	1805
-2794	1802
-2795	1798
-2794	1795
-2793	1791
-2790	1787
-2790	1784
-2789	1780
-2786	1777
-2787	1773
-2787	1769
-2786	1766
-2784	1762
-2783	1759
-2783	1755
-2782	1752
-2782	1748
-2778	1744
-2777	1741
-2776	1737
-2774	1734
-2774	1730
-2776	1727
-2776	1723
-2772	1720
-2772	1716
-2771	1713
-2769	1709
-2768	1705
-2767	1702
-2766	1698
-2764	1695
-2764	1691
-2765	1688
-2761	1684
-2759	1681
-2758	1677
-2757	1674
-2757	1670
-2754	1667
-2754	1663
-2753	1660
-2752	1656
-2750	1653
-2748	1649
-2744	1646
-2742	1642
-2741	1639
-2738	1636
-2737	1632
-2737	1629
-2737	1625
-2736	1622
-2734	1618
-2733	1615
-2733	1611
-2730	1608
-2728	1605
-2728	1601
-2727	1598
-2728	1594
-2728	1591
-2727	1587
-2726	1584
-2724	1580
-2724	1577
-2722	1573
-2720	1570
-2720	1567
-2719	1563
-2717	1560
-2715	1556
-2713	1553
-2712	1550
-2711	1546
-2710	1543
-2708	1540
-2708	1536
-2707	1533
-2707	1529
-2707	1526
-2707	1522
-2705	1519
-2702	1516
-2701	1512
-2699	1509
-2698	1506
-2697	1502
-2698	1499
-2697	1495
-2696	1492
-2694	1489
-2692	1485
-2692	1482
-2692	1479
-2691	1475
-2688	1472
-2688	1468
-2688	1465
-2687	1462
-2685	1458
-2683	1455
-2683	1452
-2682	1448
-2682	1445
-2682	1442
-2680	1438
-2679	1435
-2678	1432
-2679	1428
-2677	1425
-2676	1421
-2674	1418
-2671	1415
-2671	1412
-2670	1408
-2670	1405
-2669	1402
-2667	1398
-2666	1395
-2664	1392
-2663	1388
-2662	1385
-2661	1382
-2661	1378
-2659	1375
-2656	1372
-2655	1369
-2655	1365
-2655	1362
-2653	1359
-2651	1356
-2649	1352
-2648	1349
-2649	1346
-2648	1342
-2648	1339
-2646	1336
-2645	1333
-2644	1329
-2643	1326
-2641	1323
-2639	1320
-2637	1316
-2637	1313
-2637	1310
-2638	1306
-2638	1303
-2638	1299
-2635	1296
-2636	1293
-2635	1289
-2635	1286
-2634	1283
-2636	1279
-2635	1276
-2634	1272
-2632	1269
-2631	1266
-2631	1263
-2628	1259
-2627	1256
-2626	1253
-2626	1250
-2624	1246
-2623	1243
-2623	1240
-2620	1237
-2619	1234
-2618	1230
-2619	1227
-2618	1223
-2615	1221
-2613	1218
-2613	1214
-2612	1211
-2610	1208
-2610	1204
-2610	1201
-2607	1198
-2607	1195
-2607	1191
-2606	1188
-2604	1185
-2603	1182
-2603	1178
-2602	1175
-2600	1172
-2598	1169
-2594	1166
-2595	1163
-2595	1159
-2594	1156
-2593	1153
-2593	1149
-2592	1146
-2589	1143
-2588	1140
-2586	1137
-2585	1134
-2584	1131
-2581	1128
-2580	1124
-2581	1121
-2580	1118
-2577	1115
-2576	1112
-2574	1109
-2572	1106
-2572	1102
-2571	1099
-2568	1096
-2567	1093
-2566	1090
-2566	1086
-2565	1083
-2565	1080
-2564	1077
-2563	1073
-2562	1070
-2561	1067
-2560	1064
-2559	1061
-2558	1057
-2557	1054
-2556	1051
-2554	1048
-2554	1045
-2552	1042
-2551	1038
-2550	1035
-2549	1032
-2547	1029
-2547	1025
-2547	1022
-2545	1019
-2543	1016
-2541	1013
-2541	1010
-2540	1007
-2539	1003
-2538	1000
-2537	997
-2536	994
-2534	991
-2533	988
-2533	984
-2532	981
-2530	978
-2529	975
-2526	972
-2525	969
-2523	966
-2523	963
-2521	960
-2520	957
-2520	953
-2519	950
-2518	947
-2516	944
-2516	940
-2516	937
-2515	934
-2512	931
-2510	928
-2511	925
-2511	921
-2508	918
-2507	915
-2506	912
-2503	910
-2502	906
-2503	903
-2504	898
-2502	896
-2500	893
-2498	890
-2496	887
-2496	883
-2497	880
-2498	876
-2494	874
-2494	870
-2494	867
-2493	864
-2493	860
-2492	857
-2490	854
-2488	851
-2486	848
-2485	845
-2485	841
-2484	838
-2482	835
-2481	832
-2481	828
-2482	825
-2482	821
-2480	818
-2479	815
-2479	812
-2477	809
-2477	805
-2476	802
-2475	799
-2474	796
-2472	792
-2471	789
-2468	787
-2467	784
-2467	780
-2467	776
-2467	773
-2466	770
-2465	767
-2464	764
-2462	760
-2461	757
-2461	754
-2460	751
-2457	748
-2454	746
-2452	743
-2451	740
-2451	736
-2451	732
-2450	729
-2449	726
-2448	723
-2448	719
-2447	716
-2445	713
-2444	710
-2444	706
-2443	703
-2441	700
-2439	698
-2439	694
-2437	691
-2435	688
-2433	686
-2431	683
-2432	679
-2431	675
-2428	673
-2427	670
-2427	666
-2426	663
-2427	659
-2425	656
-2424	653
-2422	650
-2419	647
-2418	644
-2419	640
-2418	637
-2416	634
-2415	631
-2415	627
-2414	624
-2413	621
-2412	618
-2411	614
-2409	612
-2407	609
-2409	604
-2408	601
-2407	598
-2406	594
-2405	591
-2402	589
-2402	585
-2403	581
-2401	578
-2397	576
-2395	573
-2395	569
-2394	566
-2394	563
-2394	559
-2393	556
-2392	553
-2389	550
-2387	547
-2388	543
-2387	540
-2386	537
-2383	534
-2384	530
-2381	527
-2380	524
-2378	521
-2378	518
-2376	515
-2375	512
-2375	508
-2375	504
-2374	501
-2373	498
-2370	495
-2369	492
-2367	489
-2365	486
-2362	484
-2362	480
-2363	476
-2363	472
-2360	470
-2358	467
-2358	463
-2357	460
-2356	457
-2355	453
-2354	450
-2353	446
-2351	444
-2350	440
-2349	437
-2349	433
-2347	430
-2346	427
-2344	424
-2344	421
-2342	418
-2342	414
-2341	410
-2340	407
-2339	404
-2338	400
-2337	397
-2337	393
-2336	390
-2334	387
-2334	383
-2331	381
-2330	378
-2329	374
-2328	371
-2325	368
-2323	366
-2321	363
-2320	359
-2320	356
-2319	352
-2318	349
-2316	346
-2315	343
-2315	338
-2315	334
-2314	331
-2312	328
-2309	326
-2307	323
-2307	319
-2307	315
-2306	312
-2305	308
-2303	306
-2302	302
-2301	299
-2300	296
-2299	292
-2296	290
-2295	286
-2295	282
-2294	279
-2292	276
-2290	273
-2287	271
-2286	267
-2287	263
-2285	260
-2284	256
-2281	254
-2280	251
-2279	247
-2279	243
-2278	240
-2277	236
-2276	233
-2274	230
-2272	227
-2271	224
-2270	220
-2268	217
-2265	215
-2262	213
-2262	209
-2261	205
-2260	202
-2257	200
-2256	196
-2255	193
-2252	191
-2253	185
-2251	183
-2251	179
-2249	176
-2248	172
-2248	168
-2246	165
-2247	160
-2244	158
-2243	155
-2244	149
-2243	146
-2241	143
-2240	140
-2238	136
-2237	133
-2238	128
-2237	124
-2235	122
-2232	119
-2229	117
-2229	113
-2227	110
-2226	107
-2224	103
-2224	99
-2224	95
-2220	93
-2215	93
-2213	90
-2213	85
-2209	84
-2207	82
-2205	78
-2205	74
-2204	71
-2202	67
-2200	65
-2199	61
-2197	58
-2196	55
-2195	51
-2194	47
-2191	45
-2189	42
-2190	37
-2187	35
-2186	31
-2183	29
-2182	25
-2180	23
-2179	19
-2177	16
-2177	11
-2176	8
-2175	4
-2174	0
-2172	-3
-2172	-7
-2170	-10
-2170	-14
-2167	-17
-2166	-20
-2164	-24
-2164	-28
-2162	-31
-2160	-34
-2158	-37
-2157	-41
-2155	-44
-2154	-47
-2152	-51
-2152	-55
-2150	-58
-2148	-61
-2149	-66
-2147	-70
-2143	-71
-2141	-74
-2141	-78
-2139	-82
-2139	-86
-2138	-90
-2137	-94
-2135	-96
-2133	-100
-2132	-104
-2130	-106
-2128	-110
-2127	-113
-2126	-117
-2125	-121
-2124	-125
-2122	-128
-2121	-132
-2120	-136
-2117	-139
-2116	-142
-2115	-146
-2113	-149
-2112	-153
-2110	-156
-2108	-159
-2108	-164
-2107	-168
-2106	-172
-2106	-177
-2103	-179
-2102	-183
-2101	-187
-2100	-191
-2096	-193
-2095	-196
-2092	-199
-2091	-203
-2089	-206
-2087	-209
-2087	-213
-2086	-218
-2085	-222
-2085	-227
-2085	-231
-2083	-235
-2081	-238
-2079	-241
-2078	-245
-2074	-247
-2067	-244
-2059	-242
-2055	-243
-2053	-246
-2052	-250
-2051	-254
-2048	-257
-2044	-258
-2039	-258
-2034	-258
-2024	-253
-2007	-241
-1997	-236
-1990	-235
-1984	-234
-1973	-228
-1969	-229
-1965	-230
-1962	-231
-1960	-235
-1959	-238
-1957	-242
-1956	-245
-1952	-246
-1949	-248
-1946	-250
-1937	-246
-1932	-246
-1927	-246
-1924	-248
-1923	-251
-1920	-254
-1916	-255
-1913	-256
-1911	-259
-1903	-255
-1899	-256
-1895	-257
-1892	-260
-1890	-262
-1881	-258
-1877	-259
-1870	-256
-1867	-258
-1865	-261
-1862	-263
-1851	-256
-1845	-254
-1840	-254
-1836	-255
-1833	-257
-1829	-258
-1825	-258
-1821	-259
-1816	-259
-1808	-255
-1799	-250
-1794	-249
-1788	-247
-1783	-247
-1776	-244
-1771	-243
-1765	-241
-1760	-241
-1752	-237
-1746	-235
-1741	-234
-1737	-235
-1733	-236
-1727	-234
-1724	-235
-1721	-237
-1718	-238
-1714	-239
-1709	-238
-1703	-235
-1698	-234
-1693	-234
-1691	-236
-1688	-238
-1685	-241
-1681	-240
-1677	-241
-1670	-238
-1654	-224
-1646	-219
-1641	-218
-1637	-218
-1634	-219
-1629	-218
-1625	-219
-1621	-218
-1617	-219
-1615	-221
-1612	-223
-1611	-227
-1610	-231
-1608	-233
-1605	-234
-1603	-238
-1603	-243
-1603	-248
-1604	-254
-1590	-242
-1583	-237
-1573	-230
-1564	-224
-1560	-224
-1557	-225
-1551	-223
-1547	-223
-1542	-222
-1536	-218
-1531	-218
-1528	-218
-1525	-219
-1521	-219
-1517	-219
-1512	-218
-1505	-214
-1499	-211
-1492	-207
-1486	-204
-1481	-203
-1477	-202
-1473	-203
-1470	-204
-1468	-205
-1466	-208
-1458	-203
-1454	-202
-1451	-204
-1449	-206
-1446	-207
-1443	-208
-1438	-207
-1432	-204
-1427	-201
-1423	-202
-1422	-204
-1421	-208
-1419	-211
-1416	-213
-1414	-214
-1411	-215
-1408	-217
-1404	-216
-1401	-217
-1399	-219
-1396	-221
-1393	-222
-1390	-223
-1387	-224
-1385	-227
-1384	-229
-1380	-230
-1376	-230
-1372	-229
-1368	-229
-1365	-229
-1362	-230
-1357	-228
-1352	-226
-1348	-226
-1343	-224
-1338	-221
-1333	-219
-1329	-218
-1323	-215
-1291	-172
-1286	-168
-1282	-168
-1280	-171
-1278	-173
-1273	-170
-1269	-170
-1266	-169
-1263	-171
-1262	-175
-1260	-177
-1256	-177
-1252	-175
-1249	-175
-1245	-175
-1241	-173
-1236	-171
-1233	-172
-1230	-173
-1228	-174
-1226	-178
-1221	-175
-1217	-174
-1213	-173
-1210	-173
-1207	-173
-1203	-172
-1199	-171
-1195	-171
-1192	-170
-1189	-171
-1187	-172
-1184	-173
-1179	-171
-1175	-170
-1174	-174
-1169	-171
-1166	-171
-1162	-170
-1158	-169
-1155	-169
-1152	-170
-1149	-169
-1146	-170
-1143	-171
-1140	-172
-1138	-173
-1135	-174
-1133	-175
-1129	-174
-1125	-173
-1122	-174
-1120	-175
-1117	-176
-1112	-173
-1109	-173
-1107	-175
-1105	-178
-1101	-176
-1097	-174
-1093	-174
-1092	-176
-1090	-179
-1086	-177
-1082	-176
-1079	-176
-1077	-178
-1073	-176
-1069	-176
-1067	-178
-1064	-177
-1061	-179
-1059	-181
-1056	-179
-1052	-178
-1048	-177
-1045	-177
-1043	-179
-1039	-177
-1035	-175
-1032	-176
-1029	-176
-1026	-177
-1023	-176
-1019	-175
-1017	-178
-1015	-179
-1011	-177
-1009	-179
-1006	-180
-1003	-178
-1000	-180
-997	-180
-995	-181
-992	-182
-990	-183
-988	-186
-984	-183
-981	-183
-979	-186
-975	-185
-972	-184
-970	-185
-967	-186
-963	-185
-958	-180
-954	-177
-951	-177
-947	-176
-944	-176
-943	-179
-940	-180
-936	-178
-933	-177
-930	-177
-927	-178
-924	-178
-921	-177
-901	-139
-898	-138
-895	-139
-892	-140
-890	-141
-888	-143
-886	-145
-884	-146
-881	-147
-878	-145
-873	-141
-870	-140
-866	-139
-863	-138
-861	-138
-858	-139
-856	-141
-853	-140
-875	-200
-780	0
-777	2
-774	2
-772	2
-769	2
-766	3
-764	2
-761	2
-759	2
-756	3
-753	2
-751	2
-749	2
-746	1
-744	1
-741	2
-738	2
-736	1
-734	1
-731	1
-728	2
-726	1
-724	-1
-722	-3
-721	-6
-721	-13
-721	-19
-720	-23
-745	-127
-744	-132
-744	-138
-742	-140
-740	-141
-737	-142
-735	-144
-733	-145
-731	-146
-728	-147
-726	-148
-723	-149
-721	-150
-718	-150
-716	-150
-713	-151
-711	-153
-709	-154
-706	-155
-704	-155
-701	-154
-697	-150
-691	-142
-686	-135
-682	-131
-679	-129
-677	-130
-674	-130
-671	-128
-669	-131
-668	-136
-667	-140
-665	-141
-662	-140
-658	-137
-654	-132
-650	-127
-646	-124
-643	-124
-641	-124
-637	-122
-634	-118
-631	-118
-628	-118
-626	-120
-624	-120
-622	-121
-620	-123
-618	-125
-615	-126
-613	-128
-611	-130
-610	-133
-608	-138
-618	-179
-615	-178
-612	-179
-610	-179
-607	-178
-604	-178
-602	-179
-599	-179
-595	-175
-590	-166
-586	-160
-583	-157
-580	-156
-577	-155
-575	-156
-572	-158
-570	-157
-567	-157
-565	-160
-563	-162
-561	-163
-559	-167
-558	-171
-557	-177
-554	-178
-552	-179
-550	-181
-548	-186
-546	-187
-544	-187
-541	-188
-538	-186
-535	-186
-533	-186
-530	-186
-528	-186
-525	-186
-522	-186
-520	-185
-517	-185
-514	-185
-512	-186
-509	-185
-507	-186
-505	-187
-502	-187
-499	-186
-497	-187
-494	-187
-492	-187
-489	-188
-486	-187
-484	-187
-481	-186
-479	-187
-476	-186
-473	-186
-471	-185
-468	-187
-466	-187
-463	-187
-461	-188
-458	-188
-456	-188
-453	-186
-450	-187
-448	-187
-445	-187
-443	-188
-441	-190
-438	-190
-435	-188
-433	-189
-431	-189
-428	-189
-425	-188
-423	-189
-420	-188
-417	-188
-415	-187
-412	-188
-410	-188
-407	-189
-405	-187
-402	-188
-400	-189
-397	-189
-395	-190
-392	-186
-389	-186
-387	-186
-384	-187
-382	-188
-380	-188
-377	-190
-375	-190
-372	-188
-369	-188
-367	-188
-364	-187
-362	-187
-359	-187
-357	-188
-354	-187
-352	-186
-349	-186
-346	-185
-344	-186
-342	-188
-339	-188
-337	-189
-334	-188
-332	-187
-329	-187
-327	-187
-324	-189
-322	-188
-319	-187
-317	-187
-314	-188
-312	-189
-309	-188
-306	-187
-304	-186
-301	-185
-299	-184
-296	-186
-294	-186
-291	-185
-289	-187
-287	-187
-284	-186
-282	-186
-279	-187
-277	-186
-274	-186
-272	-186
-269	-187
-267	-187
-264	-186
-262	-186
-259	-187
-257	-186
-254	-185
-252	-185
-249	-188
-247	-188
-244	-187
-242	-187
-239	-187
-237	-187
-234	-186
-232	-187
0	0
0	0
0	0
0	0
0	0
0	0
0	0
0	0
0	0
0	0
0	0
0	0
0	0
0	0
0	0
-191	-159
-188	-163
-186	-165
-184	-163
-181	-165
-178	-159
-176	-163
-174	-167
-172	-168
-169	-169
-167	-169
-164	-169
-162	-169
-159	-169
-157	-169
-155	-170
-152	-169
-150	-170
-147	-169
-145	-169
-142	-170
-140	-168
-138	-169
-135	-170
-133	-170
-130	-170
-128	-170
-125	-170
-123	-170
-120	-170
-118	-170
-116	-170
-113	-169
-111	-169
-108	-169
-106	-170
-103	-170
-101	-171
-99	-171
-96	-171
-94	-170
-91	-170
-89	-170
-86	-171
-84	-171
-81	-170
-79	-170
-77	-170
-74	-170
-72	-170
-67	-170
-64	-168
-62	-168
-60	-168
-57	-168
-55	-169
-52	-170
-50	-170
-47	-171
-45	-171
-42	-171
-40	-171
-38	-171
-35	-172
-33	-172
-30	-172
-28	-172
-25	-175
-23	-186
-20	-186
-18	-186
-15	-186
-13	-187
-10	-187
-8	-186
-5	-185
-3	-186
-0	-187
2	-187
5	-187
7	-187
10	-187
12	-187
14	-187
17	-187
19	-185
22	-185
24	-186
27	-186
29	-186
32	-186
34	-187
37	-185
39	-184
41	-185
44	-186
47	-187
49	-187
52	-188
54	-187
56	-186
59	-186
61	-186
64	-187
66	-186
69	-184
70	-172
73	-172
75	-172
77	-172
80	-170
82	-170
85	-171
87	-171
90	-171
92	-171
95	-171
97	-171
99	-170
102	-170
104	-171
107	-171
109	-172
112	-170
114	-170
117	-170
119	-170
122	-169
124	-169
126	-170
129	-170
131	-170
134	-170
136	-170
139	-171
141	-170
144	-170
146	-170
149	-169
151	-169
154	-170
156	-171
159	-170
161	-171
164	-171
166	-170
169	-170
171	-171
174	-170
176	-170
178	-170
181	-169
184	-171
186	-172
189	-171
191	-170
193	-170
196	-170
198	-169
201	-169
203	-170
206	-170
209	-171
211	-170
213	-170
216	-168
218	-170
221	-170
223	-171
226	-169
228	-167
230	-166
232	-163
234	-159
238	-168
240	-166
242	-164
245	-162
247	-160
250	-166
252	-163
255	-167
0	0
0	0
0	0
0	0
0	0
0	0
0	0
0	0
0	0
0	0
0	0
0	0
0	0
0	0
0	0
0	0
302	-187
305	-187
307	-186
310	-187
312	-185
315	-186
318	-187
320	-188
323	-187
325	-186
328	-186
330	-187
333	-187
336	-187
338	-186
340	-185
343	-186
346	-186
348	-186
351	-185
354	-187
356	-186
359	-186
361	-187
364	-186
366	-186
369	-186
371	-185
374	-185
376	-184
379	-186
382	-186
384	-185
387	-185
389	-184
392	-186
395	-185
397	-185
400	-187
403	-186
405	-185
408	-185
411	-186
413	-186
416	-186
418	-185
421	-184
424	-185
426	-185
429	-185
432	-186
434	-186
437	-187
440	-187
442	-186
445	-185
448	-186
451	-187
453	-187
455	-185
458	-184
460	-183
464	-186
466	-186
469	-188
472	-186
474	-185
477	-186
480	-187
483	-187
485	-185
487	-185
490	-187
493	-187
496	-186
498	-184
500	-184
503	-185
506	-185
509	-184
512	-186
514	-186
517	-186
520	-186
522	-185
524	-183
527	-183
530	-184
533	-186
536	-185
539	-185
541	-184
543	-182
546	-183
548	-180
550	-179
553	-178
555	-178
558	-178
561	-178
563	-178
566	-176
569	-177
572	-179
575	-179
577	-178
580	-178
583	-178
585	-178
588	-178
590	-176
593	-175
595	-175
599	-176
602	-177
604	-177
607	-177
610	-178
613	-178
604	-146
607	-146
609	-146
612	-145
614	-144
617	-144
620	-145
624	-147
627	-148
630	-149
632	-148
634	-146
636	-143
638	-142
641	-142
643	-141
647	-142
650	-144
653	-145
656	-145
659	-146
663	-147
665	-146
669	-148
674	-154
678	-158
682	-160
684	-157
685	-155
688	-154
691	-154
694	-154
696	-154
699	-154
702	-153
704	-153
707	-152
710	-152
712	-151
715	-151
717	-150
720	-149
723	-149
725	-147
727	-146
729	-144
732	-143
735	-143
737	-142
739	-141
742	-140
742	-134
742	-129
744	-125
745	-121
745	-116
746	-111
745	-103
718	-21
719	-15
719	-11
720	-6
721	-2
722	0
724	1
727	2
729	2
732	2
735	2
737	2
741	2
744	-0
770	-3
772	-1
774	1
776	1
779	1
783	-2
888	-190
850	-109
852	-108
855	-107
857	-107
860	-106
863	-106
865	-105
867	-103
909	-176
876	-107
880	-109
885	-114
922	-177
925	-176
928	-176
931	-175
924	-157
925	-154
928	-154
933	-156
937	-157
940	-159
947	-164
955	-174
962	-180
968	-186
971	-185
974	-185
977	-185
980	-185
982	-181
984	-180
988	-180
989	-176
991	-174
997	-179
999	-178
1002	-178
1006	-179
1010	-179
1013	-180
1016	-178
1019	-178
1022	-177
1025	-176
1028	-176
1031	-176
1036	-179
1039	-178
1041	-177
1044	-175
1047	-175
1049	-173
1052	-173
1058	-176
1061	-176
1065	-178
1069	-179
1072	-177
1074	-176
1077	-175
1080	-174
1083	-174
1087	-174
1090	-174
1094	-175
1097	-174
1101	-175
1104	-174
1107	-173
1110	-173
1114	-173
1118	-174
1121	-175
1124	-174
1127	-172
1130	-172
1133	-172
1137	-172
1141	-173
1143	-171
1148	-174
1152	-175
1156	-175
1160	-176
1164	-176
1167	-176
1170	-175
1174	-175
1177	-175
1181	-175
1184	-174
1187	-174
1191	-174
1194	-174
1198	-174
1202	-175
1206	-175
1209	-175
1212	-174
1216	-174
1219	-174
1226	-178
1231	-180
1234	-179
1238	-180
1243	-182
1248	-183
1252	-183
1256	-185
1260	-185
1263	-184
1266	-183
1270	-183
1274	-183
1277	-183
1280	-182
1284	-181
1287	-181
1291	-182
1295	-181
1298	-181
1303	-183
1309	-186
1315	-188
1318	-187
1323	-189
1328	-191
1333	-192
1337	-192
1340	-191
1342	-188
1344	-186
1347	-184
1350	-183
1354	-184
1360	-187
1370	-195
1373	-193
1375	-191
1378	-189
1381	-189
1385	-188
1388	-187
1392	-187
1399	-192
1406	-195
1409	-193
1410	-190
1412	-188
1415	-186
1417	-184
1420	-183
1425	-184
1431	-186
1437	-188
1446	-195
1448	-192
1450	-190
1453	-188
1456	-187
1461	-188
1464	-186
1468	-186
1471	-185
1472	-182
1473	-177
1471	-171
1473	-167
1475	-165
1479	-165
1483	-164
1486	-164
1490	-163
1496	-165
1506	-172
1513	-175
1515	-173
1518	-172
1521	-170
1523	-168
1526	-166
1529	-165
1533	-164
1538	-165
1546	-169
1561	-182
1566	-183
1570	-182
1575	-183
1580	-184
1584	-183
1587	-181
1590	-180
1596	-182
1607	-190
1611	-189
1615	-188
1619	-187
1624	-188
1632	-192
1644	-200
1646	-198
1649	-195
1651	-193
1653	-190
1655	-187
1658	-186
1662	-185
1665	-184
1671	-185
1676	-186
1685	-190
1691	-192
1695	-191
1698	-189
1704	-191
1709	-191
1717	-195
1722	-195
1718	-186
1720	-183
1722	-180
1724	-178
1727	-175
1729	-173
1732	-171
1736	-170
1737	-167
1739	-164
1744	-164
1764	-179
1768	-179
1772	-178
1776	-177
1782	-178
1788	-179
1790	-176
1793	-174
1795	-171
1798	-170
1801	-167
1803	-165
1806	-163
1809	-161
1817	-164
1841	-182
1843	-180
1848	-180
1857	-183
1864	-185
1853	-170
1855	-167
1861	-168
1872	-174
1877	-173
1882	-174
1889	-175
1895	-175
1901	-176
1907	-177
1911	-176
1913	-173
1915	-171
1917	-167
1920	-165
1924	-164
1930	-164
1933	-163
1938	-162
1943	-162
1947	-160
1952	-161
1957	-160
1963	-161
1970	-162
1972	-159
1976	-158
1986	-162
1999	-169
2003	-168
2011	-170
2024	-176
2027	-174
2030	-172
2033	-170
2036	-167
2039	-165
2042	-163
2048	-163
2052	-162
2059	-163
2066	-164
2069	-162
2075	-162
2080	-161
2081	-158
2086	-157
2098	-162
2102	-161
2107	-160
2108	-156
2103	-147
2106	-144
2112	-145
2118	-144
2127	-147
2132	-147
2138	-147
2145	-148
2153	-150
2157	-148
2159	-145
2162	-142
2163	-138
2165	-135
2169	-134
2179	-136
2192	-142
2199	-143
2202	-141
2208	-140
2213	-140
2216	-137
2216	-132
2219	-129
2222	-127
2228	-126
2229	-123
2230	-119
2230	-114
2232	-110
2233	-106
2235	-103
2237	-100
2238	-96
2238	-91
2238	-86
2242	-84
2242	-79
2243	-76
2242	-70
2245	-67
2248	-65
2248	-60
2249	-56
2242	-46
2246	-44
2247	-40
2245	-34
2244	-28
2247	-26
2248	-22
2249	-19
2258	-20
2259	-16
2259	-12
2258	-6
2259	-2
2263	-0
2264	3
2263	9
2268	10
2269	14
2271	17
2268	24
2268	29
2272	30
2273	34
2272	40
2275	42
2274	48
2276	51
2278	54
2278	58
2280	62
2276	69
2283	68
2279	75
2282	78
2285	81
2282	87
2284	90
2266	107
2268	110
2273	111
2276	113
2278	117
2279	121
2279	125
2277	131
2274	137
2274	141
2277	144
2279	147
2280	151
2283	154
2280	159
2279	165
2284	166
2284	170
2284	175
2288	177
2285	183
2288	185
2290	188
2289	193
2296	193
2297	197
2297	201
2288	211
2291	213
2291	218
2294	220
2298	222
2295	228
2302	228
2302	233
2301	237
2299	243
2300	247
2303	249
2306	251
2307	255
2301	263
2304	265
2306	268
2307	272
2310	275
2312	278
2311	282
2310	287
2312	290
2315	293
2317	295
2319	299
2320	302
2322	305
2326	307
2330	309
2332	312
2337	313
2337	318
2340	320
2346	321
2348	324
2349	328
2349	331
2349	336
2348	341
2348	345
2350	348
2354	350
2356	353
2357	356
2357	360
2357	364
2357	369
2356	374
2357	377
2360	380
2362	383
2362	386
2362	391
2361	395
2363	398
2366	401
2367	405
2367	408
2368	412
2367	417
2368	420
2370	423
2370	427
2371	431
2372	434
2372	439
2372	443
2371	447
2370	451
2371	455
2374	458
2373	462
2375	465
2378	468
2377	472
2379	475
2376	481
2378	484
2382	486
2381	490
2382	494
2382	498
2384	501
2385	504
2386	508
2387	511
2387	515
2387	519
2389	522
2385	528
2386	531
2389	534
2390	537
2391	541
2393	544
2393	548
2394	551
2394	555
2395	558
2396	562
2397	565
2400	568
2399	573
2396	578
2396	581
2398	584
2400	588
2399	592
2398	596
2400	599
2401	603
2402	606
2403	609
2404	613
2407	615
2406	620
2409	622
2408	626
2408	630
2405	636
2406	639
2408	642
2410	645
2411	648
2412	652
2413	655
2414	658
2415	662
2414	666
2415	669
2417	673
2417	676
2417	680
2416	684
2415	689
2420	690
2421	694
2421	697
2422	701
2423	704
2423	708
2424	712
2424	715
2425	718
2427	722
2427	725
2428	729
2429	732
2431	735
2431	739
2431	742
2431	746
2430	750
2431	754
2432	757
2432	761
2434	764
2435	767
2435	771
2436	774
2438	777
2439	781
2437	785
2438	789
2439	792
2438	796
2437	800
2439	803
2439	807
2440	810
2442	813
2443	816
2444	820
2444	824
2445	827
2444	831
2442	835
2442	839
2443	842
2443	846
2445	849
2447	852
2448	855
2448	859
2449	862
2451	865
2451	869
2451	873
2451	876
2450	880
2451	883
2452	887
2453	890
2453	894
2452	898
2453	901
2453	904
2452	908
2453	912
2454	915
2455	919
2456	922
2456	926
2457	929
2458	932
2459	935
2461	938
2461	942
2461	946
2460	950
2461	953
2461	956
2462	960
2462	963
2463	967
2464	970
2464	973
2465	977
2467	980
2467	983
2467	987
2468	990
2468	994
2469	997
2464	1002
2465	1005
2466	1009
2469	1012
2470	1015
2471	1018
2471	1022
2472	1025
2474	1028
2474	1032
2475	1035
2476	1038
2477	1042
2478	1045
2479	1048
2479	1052
2477	1056
2478	1059
2481	1062
2481	1065
2478	1070
2478	1073
2481	1076
2485	1079
2486	1082
2485	1086
2486	1089
2486	1092
2487	1096
2488	1099
2484	1103
2484	1107
2486	1110
2488	1113
2489	1116
2491	1120
2492	1123
2492	1126
2491	1130
2491	1134
2494	1137
2496	1140
2496	1143
2497	1146
2498	1150
2496	1154
2494	1158
2493	1161
2495	1164
2497	1167
2498	1171
2497	1175
2496	1178
2497	1182
2499	1185
2499	1188
2500	1191
2501	1195
2501	1198
2503	1201
2501	1205
2502	1208
2505	1211
2507	1214
2506	1218
2506	1222
2506	1225
2507	1229
2507	1232
2508	1235
2509	1239
2509	1242
2510	1245
2510	1249
2510	1252
2512	1256
2514	1259
2514	1262
2515	1265
2515	1269
2514	1273
2515	1276
2517	1279
2519	1282
2520	1286
2519	1289
2519	1293
2521	1296
2522	1299
2522	1303
2523	1306
2522	1310
2524	1313
2524	1316
2524	1320
2522	1323
2524	1327
2526	1330
2526	1333
2527	1337
2527	1340
2526	1344
2527	1347
2528	1350
2528	1354
2529	1357
2528	1361
2530	1364
2531	1367
2531	1371
2530	1374
2530	1378
2532	1381
2532	1385
2533	1388
2533	1391
2534	1395
2534	1398
2533	1402
2533	1405
2535	1408
2534	1412
2535	1415
2535	1419
2535	1422
2536	1426
2536	1429
2537	1432
2538	1436
2537	1439
2537	1443
2538	1446
2538	1450
2539	1453
2540	1456
2540	1460
2540	1463
2542	1466
2541	1470
2540	1473
2540	1477
2541	1480
2541	1484
2542	1487
2543	1490
2542	1494
2541	1498
2541	1501
2543	1504
2543	1508
2542	1511
2542	1515
2544	1518
2548	1521
2550	1524
2550	1528
2549	1531
2550	1535
2550	1538
2551	1542
2550	1545
2549	1549
2551	1552
2553	1555
2552	1559
2550	1562
2550	1566
2551	1569
2553	1573
2554	1576
2553	1579
2553	1583
2553	1586
2554	1590
2555	1593
2557	1597
2557	1600
2557	1603
2559	1607
2559	1610
2559	1614
2559	1617
2560	1621
2561	1624
2563	1627
2565	1631
2565	1634
2565	1638
2565	1641
2565	1645
2565	1648
2566	1652
2566	1655
2566	1658
2566	1662
2568	1665
2568	1669
2568	1672
2568	1676
2568	1679
2569	1683
2570	1686
2570	1690
2571	1693
