2688	1665
2690	1669
2690	1673
2691	1676
2690	1680
2688	1683
2689	1691
2689	1694
2690	1698
2690	1701
2691	1705
2692	1709
2692	1712
2691	1716
2691	1719
2691	1723
2692	1727
2692	1730
2692	1734
2693	1737
2694	1741
2693	1745
2692	1748
2692	1752
2691	1755
2692	1759
2692	1763
2692	1766
2692	1770
2692	1774
2693	1777
2695	1781
2696	1784
2695	1788
2695	1792
2696	1795
2697	1799
2698	1803
2699	1806
2699	1810
2698	1813
2698	1817
2698	1821
2698	1824
2698	1828
2698	1832
2698	1835
2699	1839
2700	1843
2701	1846
2702	1850
2702	1854
2702	1857
2702	1861
2702	1864
2702	1868
2702	1872
2701	1875
2701	1879
2702	1883
2705	1886
2706	1890
2706	1894
2706	1897
2707	1901
2708	1905
2708	1909
2708	1912
2708	1916
2708	1919
2708	1923
2708	1927
2709	1930
2709	1934
2710	1938
2713	1942
2712	1945
2713	1949
2713	1953
2715	1957
2714	1960
2716	1964
2715	1968
2715	1971
2715	1975
2717	1979
2716	1982
2715	1986
2716	1990
2717	1994
2717	1997
2716	2001
2715	2004
2715	2008
2715	2012
2716	2016
2717	2019
2717	2023
2718	2027
2717	2031
2718	2034
2717	2038
2717	2042
2716	2045
2717	2049
2717	2053
2718	2056
2717	2060
2717	2064
2717	2068
2717	2071
2717	2075
2718	2079
2717	2082
2718	2086
2718	2090
2718	2094
2716	2097
2718	2101
2717	2105
2718	2108
2717	2112
2716	2116
2715	2119
2713	2123
2714	2126
2713	2130
2714	2134
2713	2137
2712	2141
2714	2145
2714	2149
2714	2152
2715	2156
2715	2160
2715	2164
2716	2168
2717	2172
2717	2175
2717	2179
2717	2183
2718	2187
2716	2190
2716	2194
2717	2198
2717	2202
2717	2206
2718	2209
2718	2213
2718	2217
2719	2221
2718	2225
2718	2228
2717	2232
2717	2236
2718	2240
2718	2244
2717	2247
2717	2251
2717	2255
2718	2259
2717	2262
2718	2266
2717	2270
2716	2273
2715	2277
2717	2281
2717	2285
2717	2289
2718	2293
2718	2297
2718	2301
2719	2304
2719	2308
2718	2312
2718	2316
2717	2319
2717	2323
2719	2327
2721	2332
2721	2336
2720	2339
2718	2343
2718	2346
2719	2351
2719	2354
2718	2358
2720	2362
2721	2366
2722	2370
2721	2374
2721	2378
2721	2382
2721	2386
2721	2390
2722	2394
2722	2398
2722	2401
2723	2406
2724	2410
2724	2414
2726	2418
2726	2422
2726	2426
2725	2430
2724	2433
2725	2437
2725	2441
2724	2445
2724	2449
2724	2453
2723	2456
2723	2460
2730	2466
2731	2470
2730	2474
2728	2477
2727	2481
2727	2485
2726	2489
2726	2493
2727	2497
2729	2501
2730	2506
2730	2510
2730	2513
2729	2517
2729	2521
2731	2526
2731	2530
2730	2533
2729	2537
2729	2541
2729	2545
2730	2550
2730	2553
2729	2557
2728	2561
2727	2565
2729	2569
2730	2574
2731	2578
2732	2582
2732	2586
2731	2590
2732	2594
2731	2598
2731	2602
2731	2606
2732	2610
2732	2615
2733	2619
2734	2623
2733	2627
2733	2631
2734	2636
2733	2639
2731	2643
2732	2647
2730	2651
2729	2654
2732	2659
2734	2664
2737	2669
2738	2674
2739	2678
2741	2683
2742	2688
2742	2692
2740	2695
2740	2699
2741	2704
2741	2708
2742	2712
2741	2716
2742	2721
2742	2725
2742	2729
2742	2734
2742	2738
2741	2742
2742	2746
2742	2750
2742	2754
2742	2759
2743	2763
2742	2767
2742	2771
2745	2777
2745	2781
2744	2785
2743	2788
2742	2792
2742	2797
2742	2801
2742	2805
2742	2809
2742	2814
2742	2818
2741	2822
2741	2826
2741	2830
2739	2834
2741	2839
2741	2843
2742	2848
2742	2852
2742	2857
2742	2861
2741	2865
2740	2869
2740	2873
2740	2877
2739	2881
2740	2886
2740	2890
2738	2894
2739	2898
2738	2902
2738	2907
2738	2911
2739	2916
2739	2920
2738	2924
2737	2928
2738	2933
2737	2937
2735	2941
2734	2945
2734	2949
2733	2953
2733	2957
2735	2963
2735	2967
2735	2971
2735	2976
2734	2980
2734	2984
2734	2989
2732	2992
2732	2996
2732	3001
2732	3005
2731	3010
2731	3014
2730	3018
2729	3022
2731	3028
2733	3033
2732	3037
2733	3042
2732	3046
2732	3051
2732	3055
2732	3060
2732	3064
2731	3068
2732	3073
2732	3078
2731	3082
2730	3086
2730	3091
2731	3096
2730	3100
2730	3104
2730	3109
2731	3114
2727	3117
2726	3121
2726	3125
2727	3130
2729	3136
2728	3140
2728	3145
2728	3150
2727	3154
2726	3158
2724	3161
2711	3159
2686	3150
2669	3146
2663	3147
2658	3149
2657	3153
2656	3157
2656	3162
2668	3173
2688	3189
2711	3206
2721	3216
2722	3222
2721	3226
2724	3232
2724	3237
2725	3242
2725	3247
2725	3252
2725	3256
2724	3261
2724	3266
2724	3270
2723	3274
2722	3279
2723	3284
2723	3289
2722	3293
2722	3298
2726	3305
2725	3310
2726	3315
2724	3319
2723	3323
2723	3328
2722	3333
2721	3337
2720	3342
2718	3345
2718	3350
2717	3355
2718	3360
2716	3364
2718	3370
2717	3374
2716	3378
2717	3384
2716	3389
2716	3393
2715	3398
2713	3402
2713	3406
2713	3412
2713	3417
2713	3422
2711	3426
2710	3430
2710	3435
2712	3441
2711	3446
2711	3451
2710	3456
2709	3460
2710	3465
2711	3471
2710	3476
2709	3481
2710	3486
2710	3491
2709	3496
2708	3501
2708	3505
2707	3510
2710	3517
2709	3522
2708	3526
2708	3532
2707	3536
2707	3541
2706	3546
2705	3551
2705	3556
2705	3561
2705	3567
2704	3571
2703	3576
2701	3580
2700	3584
2703	3591
2702	3596
2702	3602
2701	3606
2701	3612
2700	3616
2700	3622
2700	3627
2699	3632
2697	3636
2696	3641
2695	3646
2696	3651
2695	3656
2694	3661
2694	3666
2695	3672
2695	3678
2694	3682
2693	3688
2693	3693
2693	3699
2693	3704
2692	3709
2691	3714
2692	3720
2692	3725
2691	3731
2691	3736
2691	3742
2692	3748
2691	3753
2691	3758
2690	3763
2689	3768
2688	3773
2687	3778
2687	3784
2686	3789
2685	3794
2685	3799
2684	3804
2683	3810
2682	3814
2681	3819
2680	3825
2680	3830
2680	3836
2678	3840
2677	3845
2677	3851
2676	3856
2676	3861
2675	3867
2675	3872
2673	3877
2672	3882
2671	3888
2670	3892
2670	3898
2669	3903
2667	3907
2666	3912
2665	3918
2664	3923
2662	3927
2662	3933
2660	3938
2658	3942
2657	3947
2655	3952
2654	3957
2654	3963
2653	3968
2654	3975
2652	3980
2651	3985
2651	3991
2651	3997
2651	4003
2650	4008
2650	4014
2649	4019
2649	4026
2649	4032
2647	4037
2646	4042
2646	4048
2645	4053
2645	4060
2645	4066
2644	4071
2643	4077
2641	4081
2639	4086
2639	4092
2637	4097
2635	4102
2634	4107
2633	4113
2632	4117
2606	4101
2577	4081
2573	4083
2597	4112
2573	4096
2616	4142
2589	4123
2566	4109
2561	4110
2622	4173
2621	4178
2616	4181
2616	4187
2614	4192
2611	4196
2609	4200
2606	4204
2604	4209
2604	4216
2603	4222
2601	4226
2600	4232
2598	4237
2597	4242
2595	4247
2592	4251
2590	4256
2590	4262
2588	4267
2586	4272
2584	4276
2581	4281
2578	4284
2574	4288
2574	4294
2575	4301
2575	4308
2573	4314
2572	4320
2570	4324
2568	4329
2567	4335
2565	4340
2562	4345
2560	4349
2558	4354
2556	4359
2559	4369
2555	4372
2560	4384
2532	4434
2526	4434
2522	4437
2520	4442
2518	4447
2516	4452
2513	4456
2510	4460
2507	4464
2505	4470
2504	4476
2502	4481
2500	4486
2498	4491
2495	4495
2493	4500
2490	4504
2489	4511
2487	4516
2484	4521
2482	4526
2480	4531
2477	4535
2474	4539
2471	4543
2467	4547
2464	4551
2463	4557
2461	4562
2457	4565
2455	4570
2451	4574
2451	4581
2448	4586
2446	4591
2443	4595
2439	4598
2436	4602
2433	4607
2431	4612
2428	4616
2425	4621
2423	4625
2420	4630
2417	4634
2413	4637
2410	4641
2409	4648
2406	4652
2401	4654
2399	4660
2398	4667
2395	4671
2391	4675
2388	4678
2383	4680
2380	4684
2377	4689
2374	4693
2370	4696
2366	4700
2364	4705
2361	4710
2357	4713
2354	4717
2351	4721
2348	4726
2346	4731
2343	4736
2339	4740
2335	4743
2331	4746
2327	4749
2324	4753
2321	4757
2318	4761
2316	4768
2313	4772
2309	4776
2306	4779
2303	4783
2299	4787
2296	4792
2293	4796
2289	4799
2285	4802
2282	4807
2279	4811
2275	4814
2271	4817
2268	4822
2266	4828
2264	4834
2261	4838
2257	4842
2254	4847
2252	4852
2249	4857
2246	4862
2244	4867
2241	4872
2238	4876
2235	4882
2233	4887
2230	4893
2227	4897
2225	4904
2223	4909
2219	4912
2216	4917
2211	4920
2207	4923
2203	4926
2200	4930
2196	4933
2192	4938
2189	4942
2186	4947
2182	4951
2179	4954
2174	4957
2170	4960
2166	4963
2162	4967
2158	4970
2154	4973
2151	4978
2147	4982
2143	4985
2139	4988
2135	4991
2131	4995
2128	4999
2124	5003
2121	5008
2118	5012
2114	5016
2109	5018
2104	5021
2100	5024
2097	5028
2094	5033
2090	5036
2085	5039
2081	5043
2078	5047
2074	5050
2069	5052
2064	5054
2060	5057
2057	5062
2052	5065
2048	5067
2043	5070
2039	5074
2036	5077
2032	5081
2027	5084
2023	5087
2020	5092
2017	5097
2013	5101
2011	5107
2008	5112
2004	5116
2000	5119
1996	5124
1992	5126
1987	5129
1983	5132
1979	5135
1973	5136
1969	5140
1965	5143
1961	5147
1957	5150
1953	5153
1949	5156
1943	5157
1939	5161
1934	5163
1930	5166
1925	5169
1921	5171
1917	5175
1912	5177
1907	5178
1902	5180
1897	5182
1893	5186
1889	5190
1886	5194
1882	5198
1878	5202
1874	5205
1871	5211
1866	5214
1862	5216
1858	5220
1855	5226
1851	5230
1847	5234
1842	5236
1838	5239
1834	5243
1830	5247
1827	5251
1823	5256
1818	5258
1813	5260
1809	5263
1804	5264
1799	5266
1794	5269
1791	5274
1787	5278
1783	5281
1778	5284
1774	5287
1769	5290
1765	5293
1761	5297
1757	5302
1753	5305
1749	5308
1745	5311
1739	5313
1735	5316
1731	5320
1727	5324
1724	5330
1721	5336
1718	5341
1715	5347
1710	5350
1706	5353
1701	5355
1696	5357
1692	5361
1687	5364
1683	5368
1679	5371
1673	5372
1668	5374
1664	5377
1659	5379
1654	5381
1649	5383
1645	5386
1640	5388
1635	5389
1629	5391
1624	5391
1618	5392
1614	5395
1608	5396
1603	5398
1599	5400
1594	5403
1590	5406
1585	5409
1580	5410
1574	5410
1569	5411
1563	5413
1559	5416
1554	5419
1550	5422
1545	5424
1541	5428
1536	5429
1531	5432
1527	5435
1522	5438
1517	5441
1513	5444
1509	5448
1504	5451
1500	5456
1497	5460
1491	5461
1486	5463
1481	5464
1475	5465
1471	5468
1466	5470
1461	5473
1456	5475
1452	5478
1448	5481
1443	5485
1439	5488
1434	5491
1429	5493
1424	5496
1420	5498
1415	5500
1409	5501
1404	5503
1401	5508
1395	5509
1390	5510
1385	5513
1380	5515
1375	5517
1370	5519
1365	5520
1359	5519
1353	5520
1348	5521
1343	5523
1339	5526
1334	5529
1329	5531
1325	5534
1320	5537
1315	5538
1310	5540
1305	5542
1300	5546
1295	5547
1289	5547
1284	5548
1279	5548
1274	5551
1269	5554
1264	5556
1259	5556
1254	5559
1249	5561
1244	5563
1239	5565
1234	5568
1229	5569
1224	5570
1219	5572
1213	5573
1209	5575
1204	5579
1199	5580
1193	5580
1188	5581
1182	5581
1178	5584
1173	5587
1168	5589
1163	5591
1158	5593
1153	5596
1148	5599
1144	5602
1139	5605
1134	5606
1129	5609
1124	5611
1119	5614
1115	5616
1109	5618
1104	5619
1099	5622
1094	5623
1089	5625
1085	5628
1080	5632
1075	5633
1069	5634
1064	5633
1058	5632
1052	5631
1047	5634
1042	5637
1038	5640
1033	5642
1027	5642
1022	5645
1017	5646
1012	5648
1007	5650
1002	5651
996	5652
991	5653
986	5654
981	5657
976	5658
970	5658
965	5660
960	5662
954	5662
949	5662
944	5662
939	5665
933	5663
927	5661
921	5661
916	5663
911	5664
906	5666
901	5669
896	5671
891	5672
886	5673
880	5675
875	5676
870	5676
864	5677
859	5678
854	5680
849	5681
844	5682
839	5686
834	5689
829	5690
824	5693
818	5691
812	5690
807	5691
802	5691
796	5692
792	5698
787	5702
782	5703
777	5704
771	5703
766	5703
760	5704
755	5706
750	5705
744	5703
738	5701
733	5703
728	5705
722	5705
717	5705
711	5705
706	5705
701	5706
695	5707
690	5707
685	5707
679	5708
674	5709
669	5710
664	5711
659	5713
653	5714
648	5714
642	5709
636	5709
631	5712
626	5713
621	5714
615	5713
610	5714
605	5716
599	5714
594	5714
588	5715
583	5716
578	5717
573	5720
568	5721
562	5720
557	5722
552	5726
547	5729
542	5729
536	5729
531	5730
526	5733
521	5734
516	5734
510	5734
505	5735
500	5737
494	5736
489	5734
483	5735
478	5737
473	5739
468	5739
462	5740
457	5739
451	5739
446	5741
441	5745
436	5749
431	5751
426	5753
421	5756
416	5760
411	5764
406	5766
401	5768
396	5770
390	5769
385	5770
380	5770
374	5773
369	5774
364	5773
358	5773
353	5772
347	5772
342	5771
336	5770
331	5769
326	5771
320	5773
315	5773
310	5773
304	5775
299	5776
294	5777
288	5776
283	5776
277	5774
272	5775
267	5775
261	5773
256	5774
250	5773
245	5773
240	5772
234	5771
229	5770
223	5770
218	5770
213	5770
207	5770
202	5771
197	5772
191	5774
186	5776
181	5777
175	5778
170	5779
165	5781
160	5784
154	5786
149	5787
144	5788
138	5783
88	5029
84	5029
80	5028
75	5026
71	5024
66	5025
62	5025
57	5022
53	5013
48	5007
44	5004
39	5003
35	5001
31	5000
26	5001
22	5004
18	5007
13	5010
9	5015
5	5024
1	5025
-4	5024
-8	5025
-12	5029
-17	5030
-21	5030
-25	5031
-34	5787
-39	5788
-44	5787
-50	5789
-55	5790
-60	5789
-66	5787
-71	5786
-77	5785
-82	5786
-87	5785
-93	5784
-98	5783
-103	5782
-109	5781
-114	5782
-119	5783
-125	5782
-130	5782
-136	5782
-141	5783
-146	5781
-152	5779
-157	5779
-162	5779
-168	5779
-173	5780
-178	5780
-184	5780
-189	5779
-194	5779
-200	5778
-205	5778
-210	5777
-216	5776
-221	5776
-226	5776
-232	5778
-237	5777
-243	5776
-248	5776
-253	5776
-259	5776
-264	5777
-269	5778
-275	5778
-280	5776
-286	5777
-291	5778
-296	5778
-302	5777
-307	5776
-312	5774
-318	5773
-323	5773
-328	5771
-333	5771
-339	5770
-344	5769
-350	5770
-355	5771
-360	5769
-366	5769
-371	5770
-376	5770
-382	5770
-387	5769
-393	5771
-398	5769
-403	5770
-409	5770
-414	5771
-419	5768
-425	5767
-430	5764
-435	5762
-440	5762
-446	5761
-451	5758
-456	5756
-461	5756
-466	5755
-472	5752
-477	5751
-482	5750
-488	5751
-493	5751
-498	5751
-503	5748
-509	5747
-514	5747
-519	5747
-525	5748
-530	5748
-536	5748
-541	5747
-546	5746
-551	5744
-557	5742
-562	5740
-567	5742
-573	5743
-578	5744
-584	5744
-588	5738
-593	5733
-598	5730
-603	5728
-609	5728
-614	5727
-619	5726
-624	5723
-629	5721
-634	5721
-640	5720
-645	5720
-650	5719
-656	5719
-661	5720
-667	5719
-672	5718
-677	5716
-682	5716
-688	5717
-693	5718
-699	5717
-704	5715
-709	5713
-714	5712
-719	5712
-725	5710
-730	5708
-735	5706
-740	5702
-744	5697
-749	5693
-754	5691
-759	5689
-764	5688
-769	5685
-774	5681
-779	5679
-784	5680
-790	5680
-795	5680
-800	5679
-806	5681
-812	5685
-818	5686
-823	5687
-829	5688
-835	5688
-840	5688
-845	5688
-851	5689
-857	5692
-862	5692
-867	5690
-873	5688
-878	5688
-883	5687
-889	5686
-894	5685
-899	5684
-904	5683
-910	5682
-915	5681
-920	5680
-925	5680
-931	5678
-936	5676
-941	5676
-947	5678
-952	5678
-958	5678
-963	5677
-968	5673
-972	5669
-977	5666
-983	5666
-989	5667
-994	5668
-1000	5668
-1005	5666
-1010	5663
-1015	5661
-1019	5658
-1024	5656
-1029	5654
-1034	5651
-1039	5648
-1044	5646
-1049	5643
-1053	5639
-1058	5636
-1062	5632
-1067	5629
-1072	5626
-1077	5626
-1082	5624
-1086	5618
-1091	5616
-1096	5615
-1102	5614
-1107	5615
-1113	5616
-1118	5615
-1123	5613
-1128	5610
-1133	5608
-1139	5609
-1144	5609
-1150	5609
-1155	5607
-1160	5604
-1165	5602
-1170	5602
-1175	5601
-1180	5598
-1185	5596
-1190	5594
-1195	5594
-1201	5592
-1206	5591
-1211	5589
-1216	5588
-1221	5585
-1226	5584
-1230	5580
-1235	5576
-1239	5571
-1244	5569
-1248	5566
-1254	5566
-1259	5565
-1264	5564
-1269	5562
-1274	5559
-1278	5556
-1284	5554
-1288	5552
-1293	5549
-1297	5546
-1302	5541
-1306	5538
-1310	5533
-1315	5531
-1320	5528
-1325	5526
-1330	5525
-1335	5523
-1340	5521
-1345	5520
-1349	5515
-1353	5513
-1358	5511
-1363	5507
-1367	5504
-1372	5501
-1377	5501
-1382	5498
-1387	5496
-1391	5493
-1396	5490
-1400	5487
-1406	5486
-1411	5484
-1415	5481
-1420	5478
-1424	5475
-1429	5472
-1433	5468
-1437	5464
-1442	5461
-1447	5460
-1450	5455
-1455	5453
-1460	5451
-1465	5448
-1469	5445
-1474	5442
-1479	5440
-1484	5439
-1490	5439
-1496	5442
-1503	5445
-1509	5447
-1515	5446
-1519	5444
-1524	5442
-1529	5438
-1533	5434
-1538	5432
-1543	5430
-1548	5430
-1554	5430
-1558	5427
-1562	5424
-1567	5420
-1571	5416
-1576	5416
-1582	5416
-1587	5414
-1591	5410
-1594	5404
-1597	5396
-1601	5393
-1605	5389
-1609	5385
-1614	5382
-1618	5380
-1623	5378
-1628	5375
-1632	5372
-1637	5370
-1642	5368
-1647	5368
-1652	5366
-1655	5358
-1657	5351
-1661	5346
-1665	5343
-1670	5340
-1674	5337
-1678	5333
-1682	5330
-1687	5328
-1692	5326
-1697	5325
-1703	5325
-1708	5323
-1714	5323
-1719	5323
-1724	5321
-1729	5318
-1733	5315
-1738	5313
-1742	5310
-1748	5310
-1753	5308
-1758	5306
-1762	5303
-1767	5301
-1772	5299
-1777	5299
-1782	5297
-1786	5294
-1791	5290
-1795	5286
-1797	5280
-1802	5278
-1807	5276
-1812	5274
-1816	5271
-1821	5268
-1824	5264
-1829	5261
-1832	5257
-1836	5253
-1839	5248
-1842	5241
-1845	5235
-1848	5230
-1851	5225
-1854	5219
-1859	5217
-1865	5217
-1870	5215
-1874	5211
-1877	5207
-1880	5202
-1884	5198
-1888	5194
-1892	5190
-1896	5186
-1899	5182
-1903	5179
-1907	5175
-1912	5173
-1916	5169
-1920	5166
-1923	5160
-1926	5155
-1930	5151
-1933	5146
-1935	5140
-1939	5137
-1945	5137
-1951	5136
-1955	5134
-1957	5126
-1961	5123
-1965	5120
-1970	5118
-1973	5113
-1977	5109
-1980	5105
-1983	5100
-1987	5096
-1991	5093
-1995	5090
-1999	5085
-2004	5084
-2008	5081
-2012	5077
-2015	5073
-2017	5066
-2020	5060
-2025	5059
-2030	5058
-2034	5054
-2037	5050
-2040	5045
-2044	5041
-2048	5037
-2051	5034
-2055	5029
-2058	5025
-2063	5022
-2066	5019
-2070	5016
-2074	5012
-2078	5009
-2082	5005
-2085	5000
-2088	4995
-2092	4993
-2096	4989
-2100	4986
-2104	4982
-2107	4978
-2111	4975
-2116	4973
-2121	4972
-2125	4969
-2129	4965
-2132	4961
-2135	4956
-2139	4953
-2142	4949
-2145	4944
-2150	4941
-2154	4939
-2160	4939
-2166	4939
-2170	4935
-2174	4933
-2179	4931
-2183	4928
-2186	4923
-2189	4918
-2192	4914
-2195	4909
-2198	4904
-2200	4898
-2203	4894
-2207	4891
-2210	4886
-2214	4882
-2217	4879
-2220	4874
-2223	4870
-2227	4866
-2231	4863
-2234	4858
-2238	4855
-2241	4852
-2244	4847
-2247	4843
-2250	4838
-2254	4834
-2257	4831
-2261	4827
-2264	4822
-2267	4819
-2270	4814
-2274	4810
-2277	4807
-2280	4802
-2284	4798
-2287	4795
-2291	4791
-2294	4787
-2298	4784
-2302	4781
-2307	4779
-2310	4776
-2315	4773
-2319	4770
-2323	4767
-2325	4762
-2329	4758
-2333	4756
-2337	4753
-2341	4749
-2344	4746
-2348	4742
-2351	4737
-2353	4733
-2355	4726
-2359	4723
-2363	4721
-2367	4718
-2371	4715
-2375	4712
-2379	4709
-2382	4705
-2385	4700
-2387	4694
-2388	4688
-2390	4683
-2392	4677
-2396	4674
-2398	4669
-2399	4661
-2402	4657
-2406	4654
-2408	4650
-2410	4644
-2412	4639
-2415	4634
-2419	4631
-2422	4626
-2423	4621
-2426	4616
-2429	4612
-2431	4606
-2433	4602
-2436	4597
-2437	4591
-2439	4585
-2441	4581
-2444	4576
-2446	4571
-2449	4567
-2452	4563
-2453	4557
-2456	4552
-2458	4547
-2461	4543
-2464	4539
-2466	4534
-2469	4530
-2473	4527
-2475	4522
-2478	4517
-2480	4512
-2483	4508
-2485	4503
-2487	4499
-2490	4495
-2493	4491
-2495	4485
-2497	4480
-2499	4475
-2502	4471
-2504	4467
-2507	4463
-2510	4458
-2513	4454
-2515	4449
-2517	4445
-2520	4441
-2522	4436
-2525	4431
-2526	4425
-2527	4420
-2530	4416
-2534	4412
-2537	4409
-2540	4405
-2543	4401
-2546	4397
-2549	4393
-2550	4387
-2550	4380
-2551	4375
-2553	4369
-2555	4364
-2559	4362
-2563	4359
-2567	4356
-2569	4352
-2571	4347
-2573	4342
-2575	4337
-2577	4332
-2579	4328
-2581	4323
-2583	4318
-2585	4313
-2587	4308
-2589	4303
-2592	4299
-2594	4294
-2596	4290
-2597	4284
-2598	4279
-2600	4274
-2602	4269
-2605	4265
-2607	4260
-2609	4256
-2608	4248
-2608	4241
-2608	4235
-2610	4230
-2613	4226
-2614	4221
-2614	4215
-2615	4208
-2617	4204
-2619	4199
-2620	4194
-2624	4191
-2626	4186
-2627	4181
-2629	4176
-2630	4171
-2634	4168
-2634	4162
-2634	4155
-2636	4151
-2639	4147
-2642	4143
-2644	4139
-2645	4133
-2646	4128
-2649	4124
-2650	4119
-2651	4113
-2654	4110
-2658	4107
-2658	4101
-2661	4097
-2661	4091
-2658	4082
-2657	4075
-2659	4071
-2662	4066
-2663	4062
-2660	4052
-2655	4041
-2655	4035
-2658	4032
-2660	4028
-2662	4024
-2664	4019
-2665	4014
-2666	4009
-2668	4004
-2669	3999
-2671	3995
-2673	3991
-2675	3987
-2676	3981
-2677	3976
-2678	3971
-2680	3966
-2681	3962
-2683	3957
-2684	3951
-2685	3947
-2688	3943
-2691	3940
-2691	3934
-2693	3930
-2694	3925
-2696	3920
-2696	3914
-2697	3909
-2698	3905
-2700	3900
-2701	3895
-2703	3891
-2705	3886
-2706	3882
-2708	3877
-2709	3873
-2711	3869
-2712	3863
-2713	3859
-2715	3854
-2717	3850
-2718	3845
-2719	3840
-2721	3836
-2722	3831
-2724	3827
-2726	3822
-2728	3818
-2729	3814
-2729	3808
-2723	3797
-2724	3793
-2727	3789
-2729	3785
-2728	3779
-2729	3774
-2731	3770
-2732	3765
-2733	3760
-2734	3755
-2734	3749
-2734	3744
-2733	3738
-2734	3733
-2734	3728
-2731	3720
-2732	3715
-2733	3710
-2736	3707
-2738	3703
-2740	3699
-2741	3694
-2741	3689
-2739	3682
-2739	3676
-2741	3673
-2743	3669
-2743	3663
-2744	3658
-2745	3654
-2743	3647
-2746	3643
-2748	3640
-2750	3636
-2751	3631
-2752	3626
-2753	3622
-2754	3618
-2754	3612
-2754	3606
-2754	3601
-2755	3597
-2756	3592
-2758	3588
-2760	3584
-2759	3578
-2760	3574
-2761	3570
-2762	3565
-2762	3560
-2763	3555
-2763	3550
-2764	3545
-2765	3541
-2768	3537
-2769	3533
-2769	3528
-2769	3523
-2771	3519
-2773	3515
-2775	3511
-2776	3507
-2776	3502
-2777	3497
-2778	3492
-2779	3488
-2781	3484
-2783	3481
-2784	3477
-2785	3472
-2784	3466
-2784	3461
-2785	3456
-2787	3453
-2789	3449
-2787	3443
-2788	3438
-2789	3434
-2791	3430
-2791	3425
-2790	3420
-2792	3415
-2793	3411
-2794	3407
-2793	3401
-2794	3397
-2795	3393
-2796	3388
-2796	3384
-2796	3378
-2795	3373
-2795	3368
-2795	3363
-2794	3357
-2795	3353
-2796	3349
-2796	3344
-2796	3339
-2798	3335
-2799	3331
-2798	3325
-2797	3320
-2798	3316
-2797	3311
-2796	3305
-2795	3299
-2796	3295
-2795	3290
-2795	3285
-2796	3281
-2797	3277
-2798	3272
-2797	3267
-2797	3262
-2798	3258
-2799	3254
-2799	3249
-2796	3243
-2796	3238
-2796	3233
-2794	3227
-2794	3223
-2795	3219
-2794	3214
-2795	3209
-2794	3204
-2793	3199
-2793	3194
-2792	3189
-2792	3184
-2791	3179
-2789	3173
-2788	3168
-2789	3164
-2789	3159
-2786	3153
-2785	3148
-2784	3143
-2785	3139
-2787	3135
-2786	3130
-2786	3126
-2787	3122
-2787	3117
-2786	3112
-2786	3107
-2786	3103
-2785	3098
-2785	3093
-2786	3089
-2784	3084
-2782	3078
-2781	3073
-2781	3069
-2781	3064
-2780	3059
-2780	3055
-2780	3051
-2779	3046
-2779	3041
-2780	3037
-2779	3032
-2779	3028
-2778	3023
-2777	3018
-2773	3012
-2773	3007
-2772	3002
-2771	2997
-2771	2993
-2772	2989
-2770	2984
-2770	2980
-2770	2975
-2767	2970
-2765	2964
-2766	2960
-2767	2956
-2765	2951
-2766	2947
-2762	2941
-2761	2936
-2760	2932
-2759	2927
-2758	2922
-2758	2918
-2760	2914
-2760	2911
-2758	2905
-2757	2901
-2757	2896
-2758	2892
-2757	2888
-2759	2884
-2759	2880
-2757	2875
-2755	2870
-2754	2865
-2755	2862
-2755	2858
-2756	2854
-2755	2849
-2755	2845
-2753	2840
-2753	2836
-2753	2831
-2753	2827
-2754	2824
-2753	2819
-2754	2815
-2751	2810
-2751	2806
-2750	2801
-2751	2797
-2751	2793
-2751	2789
-2750	2785
-2749	2780
-2747	2775
-2745	2771
-2746	2767
-2749	2764
-2749	2760
-2748	2755
-2746	2750
-2745	2746
-2746	2742
-2746	2738
-2747	2735
-2746	2730
-2744	2725
-2744	2721
-2746	2718
-2746	2714
-2745	2710
-2744	2705
-2743	2701
-2746	2698
-2744	2693
-2745	2689
-2746	2686
-2746	2682
-2745	2678
-2742	2673
-2743	2669
-2744	2665
-2745	2662
-2744	2657
-2742	2653
-2741	2648
-2741	2644
-2741	2640
-2742	2637
-2742	2633
-2742	2629
-2738	2623
-2734	2618
-2733	2614
-2733	2610
-2733	2606
-2733	2602
-2734	2599
-2734	2595
-2732	2590
-2732	2586
-2731	2582
-2729	2578
-2727	2573
-2726	2569
-2725	2565
-2724	2560
-2725	2557
-2726	2553
-2727	2550
-2728	2546
-2728	2542
-2727	2538
-2725	2534
-2725	2530
-2726	2526
-2727	2523
-2727	2519
-2727	2515
-2726	2511
-2725	2507
-2725	2503
-2723	2499
-2723	2495
-2723	2491
-2722	2487
-2721	2483
-2720	2479
-2722	2476
-2721	2472
-2721	2468
-2718	2463
-2716	2459
-2717	2455
-2719	2452
-2719	2448
-2718	2444
-2715	2440
-2715	2436
-2715	2432
-2715	2428
-2715	2425
-2715	2421
-2715	2417
-2714	2413
-2716	2410
-2718	2407
-2719	2403
-2719	2400
-2719	2396
-2718	2392
-2718	2388
-2716	2384
-2714	2380
-2713	2376
-2713	2372
-2713	2368
-2711	2364
-2711	2360
-2708	2356
-2706	2352
-2706	2348
-2707	2345
-2707	2341
-2707	2337
-2706	2333
-2705	2329
-2703	2325
-2705	2322
-2706	2319
-2706	2315
-2704	2311
-2702	2307
-2702	2303
-2702	2299
-2703	2296
-2703	2293
-2702	2289
-2700	2284
-2700	2281
-2699	2277
-2697	2273
-2695	2269
-2694	2265
-2694	2261
-2694	2258
-2694	2254
-2694	2251
-2693	2247
-2695	2244
-2692	2239
-2690	2235
-2692	2232
-2694	2229
-2693	2225
-2690	2221
-2689	2217
-2688	2214
-2688	2210
-2688	2206
-2686	2202
-2685	2199
-2685	2195
-2685	2191
-2683	2188
-2682	2184
-2683	2180
-2682	2177
-2683	2173
-2683	2170
-2683	2166
-2682	2162
-2682	2159
-2681	2155
-2680	2151
-2678	2148
-2676	2144
-2676	2140
-2673	2136
-2674	2133
-2675	2129
-2673	2126
-2672	2122
-2673	2119
-2674	2115
-2673	2112
-2673	2108
-2672	2104
-2670	2101
-2668	2097
-2668	2093
-2669	2090
-2668	2086
-2668	2083
-2665	2079
-2665	2075
-2666	2072
-2669	2069
-2668	2065
-2667	2062
-2665	2058
-2665	2054
-2660	2050
-2656	2046
-2655	2043
-2654	2039
-2652	2035
-2652	2032
-2654	2029
-2655	2025
-2653	2022
-2653	2018
-2651	2015
-2650	2011
-2651	2008
-2648	2004
-2647	2000
-2647	1997
-2647	1993
-2644	1990
-2643	1986
-2643	1983
-2643	1979
-2644	1976
-2643	1972
-2642	1969
-2641	1965
-2640	1962
-2639	1958
-2638	1955
-2635	1951
-2635	1948
-2633	1944
-2632	1941
-2633	1937
-2634	1934
-2634	1931
-2634	1927
-2634	1924
-2633	1920
-2632	1917
-2632	1913
-2631	1910
-2630	1906
-2631	1903
-2633	1900
-2633	1897
-2631	1893
-2631	1890
-2630	1886
-2629	1883
-2626	1879
-2625	1876
-2624	1872
-2625	1869
-2622	1865
-2624	1862
-2623	1859
-2623	1855
-2624	1852
-2624	1849
-2623	1845
-2619	1842
-2619	1838
-2620	1835
-2621	1832
-2621	1828
-2620	1825
-2618	1821
-2616	1818
-2615	1814
-2614	1811
-2614	1808
-2615	1804
-2614	1801
-2614	1798
-2614	1794
-2613	1791
-2610	1787
-2611	1784
-2610	1781
-2609	1777
-2608	1774
-2608	1771
-2606	1767
-2606	1764
-2607	1761
-2606	1757
-2604	1754
-2606	1751
-2607	1747
-2606	1744
-2605	1741
-2604	1737
-2604	1734
-2603	1731
-2603	1727
-2604	1724
-2601	1721
-2598	1717
-2599	1714
-2596	1710
-2593	1707
-2591	1704
-2592	1701
-2593	1697
-2594	1694
-2592	1691
-2589	1687
-2587	1684
-2586	1681
-2586	1677
-2587	1674
-2586	1671
-2585	1667
-2584	1664
-2583	1661
-2581	1658
-2579	1654
-2579	1651
-2579	1648
-2579	1644
-2575	1641
-2576	1638
-2578	1635
-2576	1631
-2576	1628
-2576	1625
-2574	1621
-2572	1618
-2570	1615
-2569	1612
-2566	1609
-2566	1605
-2564	1602
-2565	1599
-2564	1595
-2564	1592
-2564	1589
-2563	1586
-2561	1582
-2561	1579
-2560	1576
-2559	1573
-2559	1569
-2559	1566
-2558	1563
-2556	1560
-2555	1557
-2554	1553
-2554	1550
-2554	1547
-2555	1543
-2553	1540
-2554	1537
-2552	1534
-2551	1531
-2549	1527
-2547	1524
-2546	1521
-2547	1518
-2547	1515
-2546	1511
-2543	1508
-2542	1505
-2542	1502
-2542	1499
-2539	1495
-2538	1492
-2537	1489
-2537	1486
-2536	1483
-2538	1479
-2537	1476
-2535	1473
-2532	1470
-2532	1467
-2532	1463
-2532	1460
-2532	1457
-2533	1454
-2531	1450
-2529	1447
-2528	1444
-2528	1441
-2529	1438
-2528	1434
-2527	1431
-2527	1428
-2527	1425
-2525	1422
-2524	1419
-2524	1415
-2523	1412
-2522	1409
-2524	1406
-2524	1402
-2523	1399
-2523	1396
-2524	1392
-2523	1389
-2523	1386
-2520	1383
-2519	1380
-2518	1377
-2516	1374
-2515	1371
-2514	1368
-2510	1365
-2508	1362
-2508	1359
-2508	1355
-2508	1352
-2506	1349
-2506	1346
-2504	1343
-2502	1340
-2502	1337
-2502	1333
-2502	1330
-2500	1327
-2498	1324
-2495	1321
-2495	1318
-2494	1315
-2493	1312
-2492	1309
-2492	1305
-2491	1302
-2488	1300
-2487	1296
-2487	1293
-2486	1290
-2486	1287
-2485	1284
-2485	1281
-2485	1277
-2485	1274
-2483	1271
-2482	1268
-2480	1265
-2479	1262
-2477	1259
-2476	1256
-2476	1253
-2476	1249
-2476	1246
-2475	1243
-2475	1240
-2472	1237
-2471	1234
-2471	1231
-2470	1228
-2469	1225
-2466	1222
-2465	1219
-2464	1216
-2463	1213
-2463	1209
-2462	1206
-2461	1203
-2461	1200
-2458	1197
-2457	1194
-2456	1191
-2455	1188
-2455	1185
-2455	1182
-2453	1179
-2451	1176
-2451	1173
-2451	1169
-2451	1166
-2450	1163
-2448	1160
-2445	1158
-2444	1155
-2443	1151
-2442	1148
-2442	1145
-2441	1142
-2441	1139
-2441	1136
-2440	1133
-2438	1130
-2439	1126
-2440	1123
-2439	1120
-2436	1117
-2436	1114
-2436	1110
-2435	1107
-2434	1104
-2431	1102
-2431	1099
-2431	1095
-2431	1092
-2431	1089
-2429	1086
-2428	1083
-2428	1079
-2427	1076
-2427	1073
-2428	1069
-2424	1067
-2421	1065
-2418	1062
-2417	1059
-2416	1056
-2415	1053
-2414	1050
-2415	1046
-2411	1044
-2411	1041
-2412	1038
-2410	1035
-2408	1032
-2409	1028
-2406	1026
-2405	1023
-2406	1019
-2406	1016
-2406	1013
-2405	1010
-2403	1007
-2401	1004
-2398	1002
-2397	998
-2397	995
-2398	991
-2398	988
-2397	985
-2393	983
-2393	980
-2393	976
-2392	973
-2390	971
-2387	968
-2386	965
-2384	962
-2383	959
-2384	956
-2384	952
-2384	949
-2383	946
-2381	943
-2380	940
-2380	937
-2377	934
-2376	932
-2375	929
-2374	926
-2374	922
-2373	919
-2371	916
-2370	913
-2369	911
-2367	908
-2366	905
-2366	901
-2366	898
-2365	895
-2362	892
-2360	890
-2360	886
-2358	884
-2360	880
-2360	876
-2357	874
-2355	871
-2355	868
-2355	865
-2355	861
-2353	859
-2352	855
-2352	852
-2351	849
-2349	846
-2347	844
-2347	840
-2345	838
-2347	834
-2346	830
-2343	828
-2341	825
-2341	822
-2340	819
-2338	817
-2336	814
-2336	811
-2334	808
-2332	805
-2331	802
-2330	799
-2330	796
-2330	792
-2331	788
-2328	786
-2326	783
-2327	780
-2327	776
-2326	773
-2324	770
-2320	769
-2319	766
-2320	762
-2318	759
-2318	756
-2318	752
-2317	749
-2317	746
-2318	742
-2316	739
-2314	736
-2313	733
-2312	731
-2310	728
-2309	725
-2310	721
-2308	718
-2306	716
-2304	713
-2303	710
-2303	707
-2303	703
-2300	701
-2300	697
-2300	694
-2299	691
-2299	687
-2298	684
-2299	680
-2297	677
-2296	674
-2295	672
-2292	669
-2292	666
-2291	663
-2290	659
-2290	656
-2288	654
-2285	651
-2285	648
-2285	644
-2284	641
-2281	639
-2279	636
-2280	632
-2279	629
-2279	626
-2277	623
-2276	620
-2275	617
-2274	614
-2274	610
-2272	607
-2272	604
-2271	601
-2271	597
-2269	595
-2268	592
-2265	589
-2264	586
-2264	583
-2264	579
-2261	577
-2261	573
-2260	570
-2259	567
-2258	564
-2257	561
-2254	559
-2255	555
-2252	552
-2251	550
-2250	546
-2248	544
-2246	541
-2245	538
-2243	535
-2242	532
-2241	529
-2241	526
-2239	523
-2238	520
-2236	517
-2234	514
-2234	511
-2232	508
-2232	505
-2231	502
-2230	498
-2228	496
-2227	493
-2227	489
-2228	485
-2226	482
-2223	480
-2221	477
-2219	475
-2219	471
-2217	468
-2216	465
-2217	461
-2213	460
-2211	457
-2209	454
-2208	451
-2208	448
-2205	445
-2203	443
-2203	439
-2204	435
-2204	431
-2201	429
-2200	426
-2198	423
-2197	420
-2196	417
-2192	415
-2189	414
-2187	411
-2185	408
-2184	405
-2184	402
-2183	398
-2181	395
-2180	393
-2180	389
-2179	386
-2177	383
-2175	380
-2177	375
-2174	373
-2172	371
-2170	368
-2169	365
-2168	361
-2167	358
-2167	355
-2166	351
-2166	348
-2165	344
-2162	342
-2160	339
-2161	335
-2162	331
-2159	328
-2157	326
-2157	322
-2156	319
-2154	316
-2150	315
-2148	313
-2146	310
-2143	308
-2141	305
-2140	302
-2140	298
-2139	294
-2137	292
-2136	289
-2135	285
-2138	280
-2137	276
-2135	274
-2133	271
-2132	268
-2132	264
-2130	261
-2127	259
-2125	256
-2124	253
-2122	250
-2123	246
-2124	242
-2122	238
-2121	236
-2122	231
-2122	226
-2120	224
-2119	221
-2117	218
-2116	215
-2115	211
-2115	207
-2113	204
-2112	201
-2109	199
-2108	196
-2106	193
-2105	190
-2105	186
-2106	181
-2105	177
-2104	174
-2102	172
-2100	168
-2100	165
-2101	159
-2102	154
-2101	151
-2097	150
-2094	148
-2094	144
-2093	140
-2091	138
-2083	139
-2080	138
-2077	136
-2074	134
-2072	131
-2068	130
-2063	130
-2061	127
-2060	124
-2060	119
-2058	117
-2058	113
-2057	109
-2055	106
-2053	104
-2052	101
-2052	96
-2049	94
-2047	92
-2045	89
-2045	85
-2045	81
-2044	77
-2043	74
-2040	72
-2039	68
-2037	65
-2038	61
-2038	56
-2036	54
-2033	51
-2034	46
-2031	44
-2032	39
-2029	37
-2028	34
-2027	30
-2026	26
-2025	23
-2024	19
-2021	17
-2020	14
-2019	10
-2017	7
-2017	3
-2016	-1
-2013	-2
-2013	-7
-2012	-10
-2010	-13
-2010	-18
-2009	-21
-2007	-24
-2004	-26
-2002	-29
-2000	-31
-1998	-34
-1996	-37
-1995	-40
-1992	-43
-1991	-47
-1991	-50
-1991	-56
-1991	-60
-1988	-62
-1986	-65
-1984	-67
-1983	-71
-1982	-75
-1980	-78
-1979	-81
-1977	-84
-1975	-87
-1973	-89
-1972	-93
-1970	-96
-1969	-100
-1969	-105
-1967	-107
-1966	-111
-1964	-114
-1963	-118
-1960	-120
-1960	-125
-1958	-127
-1955	-129
-1949	-129
-1942	-126
-1935	-125
-1931	-126
-1927	-126
-1916	-120
-1913	-122
-1911	-124
-1907	-125
-1904	-127
-1903	-131
-1902	-135
-1901	-138
-1899	-141
-1895	-142
-1890	-142
-1884	-141
-1879	-140
-1875	-141
-1876	-147
-1878	-154
-1874	-154
-1869	-154
-1864	-155
-1861	-156
-1855	-155
-1848	-152
-1841	-150
-1836	-150
-1833	-152
-1830	-153
-1814	-141
-1801	-132
-1796	-132
-1794	-134
-1791	-136
-1787	-136
-1781	-135
-1773	-131
-1767	-129
-1764	-131
-1763	-135
-1764	-141
-1763	-145
-1765	-151
-1767	-158
-1761	-157
-1760	-160
-1761	-166
-1760	-170
-1756	-171
-1739	-157
-1729	-151
-1722	-148
-1718	-148
-1714	-148
-1709	-148
-1706	-150
-1704	-152
-1702	-155
-1699	-156
-1695	-157
-1690	-156
-1686	-157
-1683	-157
-1679	-158
-1673	-156
-1670	-158
-1666	-158
-1663	-159
-1659	-160
-1655	-160
-1647	-155
-1641	-153
-1637	-153
-1633	-154
-1630	-155
-1626	-156
-1623	-157
-1620	-157
-1616	-159
-1613	-160
-1612	-163
-1612	-168
-1612	-173
-1583	-143
-1579	-143
-1576	-144
-1573	-146
-1570	-147
-1568	-149
-1566	-151
-1563	-153
-1562	-157
-1563	-164
-1565	-171
-1558	-167
-1552	-164
-1549	-166
-1550	-172
-1551	-178
-1538	-167
-1528	-160
-1519	-153
-1509	-145
-1504	-144
-1500	-144
-1497	-145
-1495	-147
-1497	-154
-1503	-167
-1505	-174
-1501	-175
-1497	-175
-1495	-177
-1493	-180
-1490	-181
-1488	-183
-1485	-184
-1480	-182
-1472	-178
-1468	-176
-1463	-176
-1460	-176
-1457	-177
-1454	-179
-1442	-168
-1436	-165
-1432	-164
-1428	-164
-1424	-164
-1421	-164
-1416	-163
-1412	-163
-1409	-164
-1407	-165
-1405	-168
-1403	-170
-1398	-169
-1395	-170
-1392	-171
-1390	-173
-1385	-171
-1382	-171
-1377	-171
-1373	-170
-1370	-171
-1367	-172
-1364	-172
-1360	-172
-1354	-169
-1351	-169
-1349	-172
-1348	-175
-1346	-178
-1336	-168
-1327	-161
-1323	-160
-1322	-164
-1321	-167
-1319	-170
-1317	-171
-1313	-171
-1310	-171
-1307	-172
-1305	-174
-1303	-178
-1301	-180
-1297	-178
-1292	-177
-1290	-178
-1287	-179
-1283	-178
-1279	-177
-1275	-177
-1272	-178
-1269	-179
-1266	-179
-1261	-178
-1259	-179
-1256	-180
-1250	-177
-1247	-177
-1245	-179
-1241	-179
-1238	-178
-1235	-180
-1230	-176
-1226	-176
-1223	-177
-1216	-171
-1209	-165
-1204	-163
-1200	-161
-1195	-158
-1191	-158
-1189	-159
-1185	-158
-1182	-158
-1177	-155
-1172	-152
-1168	-152
-1166	-154
-1165	-158
-1165	-163
-1165	-169
-1165	-175
-1164	-178
-1161	-179
-1158	-180
-1155	-180
-1147	-171
-1140	-165
-1136	-163
-1133	-164
-1130	-165
-1128	-168
-1125	-168
-1123	-170
-1122	-173
-1120	-175
-1117	-176
-1115	-178
-1112	-178
-1109	-179
-1106	-180
-1103	-180
-1101	-181
-1098	-181
-1094	-181
-1091	-181
-1087	-179
-1084	-180
-1081	-179
-1077	-179
-1074	-179
-1071	-179
-1068	-179
-1065	-179
-1059	-174
-1054	-171
-1050	-170
-1047	-169
-1044	-170
-1041	-171
-1039	-172
-1038	-175
-1036	-178
-1034	-180
-1031	-181
-1028	-180
-1025	-181
-1021	-179
-1017	-178
-1014	-178
-1012	-180
-1010	-182
-1007	-181
-1003	-181
-1000	-181
-997	-181
-995	-183
-993	-185
-989	-182
-986	-183
-985	-186
-982	-188
-980	-190
-978	-191
-975	-191
-971	-189
-967	-188
-964	-188
-961	-188
-955	-182
-948	-172
-940	-162
-935	-159
-932	-158
-929	-159
-927	-159
-924	-159
-921	-160
-920	-163
-918	-166
-916	-168
-915	-173
-914	-177
-913	-180
-910	-181
-907	-181
-903	-178
-897	-172
-893	-169
-890	-168
-886	-165
-882	-165
-880	-167
-878	-169
-876	-171
-874	-172
-872	-174
-870	-176
-869	-180
-866	-180
-778	-1
-775	0
-772	1
-770	1
-767	1
-765	0
-762	1
-759	1
-757	1
-754	1
-751	2
-748	2
-745	3
-743	2
-741	1
-739	0
-736	1
-733	1
-731	-0
-731	-7
-732	-15
-731	-19
-727	-15
-722	-9
-718	-5
-716	-7
-717	-16
-717	-21
-716	-26
-746	-127
-744	-129
-744	-134
-743	-139
-740	-141
-738	-142
-737	-145
-734	-146
-732	-147
-729	-147
-727	-148
-724	-149
-722	-149
-719	-149
-717	-150
-715	-152
-712	-153
-710	-154
-707	-154
-705	-155
-703	-157
-701	-158
-698	-158
-695	-158
-693	-159
-690	-159
-687	-158
-685	-158
-682	-159
-681	-163
-679	-165
-675	-161
-670	-156
-667	-154
-664	-153
-661	-151
-657	-149
-654	-147
-651	-145
-648	-145
-645	-145
-643	-146
-640	-144
-638	-145
-635	-145
-632	-145
-630	-147
-629	-150
-626	-152
-625	-155
-623	-158
-622	-162
-619	-163
-616	-160
-611	-154
-608	-150
-605	-149
-602	-149
-599	-148
-597	-149
-595	-151
-597	-169
-597	-177
-595	-180
-593	-180
-590	-178
-587	-179
-585	-180
-582	-179
-579	-179
-577	-179
-574	-179
-572	-180
-569	-182
-567	-183
-565	-183
-562	-185
-560	-186
-558	-188
-556	-190
-553	-188
-550	-187
-547	-188
-545	-187
-542	-186
-539	-184
-536	-184
-534	-185
-532	-190
-529	-189
-527	-190
-521	-177
-517	-169
-513	-164
-510	-164
-508	-164
-505	-163
-502	-163
-500	-163
-498	-164
-495	-165
-492	-164
-490	-165
-487	-164
-485	-165
-483	-167
-481	-169
-479	-170
-477	-173
-475	-179
-475	-189
-473	-192
-470	-192
-468	-190
-465	-190
-462	-189
-460	-191
-457	-191
-454	-189
-451	-185
-448	-183
-446	-184
-443	-185
-441	-186
-438	-185
-436	-185
-433	-184
-431	-186
-429	-188
-426	-190
-424	-189
-421	-189
-419	-189
-416	-189
-414	-190
-411	-189
-408	-189
-406	-188
-403	-188
-400	-186
-396	-178
-394	-179
-392	-181
-390	-182
-388	-187
-385	-187
-383	-186
-380	-187
-378	-186
-375	-186
-373	-186
-370	-186
-367	-185
-364	-181
-361	-179
-359	-177
-356	-177
-353	-176
-351	-174
-348	-173
-345	-173
-343	-175
-341	-176
-339	-177
-336	-178
-334	-178
-331	-179
-329	-181
-327	-183
-325	-184
-322	-184
-320	-184
-317	-180
-314	-179
-311	-179
-309	-180
-307	-181
-304	-181
-302	-183
-300	-184
-297	-184
-295	-185
-292	-185
-290	-183
-287	-182
-285	-184
-282	-186
-280	-186
-278	-186
-275	-187
-273	-186
-270	-186
-268	-189
-265	-188
-263	-186
-260	-184
-257	-182
-254	-179
-252	-178
-249	-175
-246	-173
-244	-170
-241	-169
-239	-169
-236	-170
-234	-171
-232	-172
-229	-173
-227	-175
-225	-176
-222	-176
-220	-176
-217	-176
-215	-178
-213	-179
-210	-181
-208	-182
-205	-181
-203	-180
-200	-179
-198	-179
-195	-180
-193	-180
-190	-179
-188	-179
-185	-178
-183	-178
-181	-178
-178	-180
-176	-179
-173	-179
-171	-180
-168	-180
-166	-181
-164	-183
-161	-183
-159	-183
-156	-183
-154	-184
-151	-184
-149	-184
-147	-185
-144	-184
-142	-183
-139	-183
-137	-185
-134	-189
-132	-190
-130	-190
-127	-189
-125	-188
-122	-188
-120	-188
-117	-190
-115	-191
-112	-192
-110	-191
-107	-190
-105	-190
-103	-189
-100	-190
-98	-191
-95	-191
-93	-190
-90	-190
-88	-189
-85	-187
-83	-186
-80	-186
-78	-186
-75	-186
-71	-188
-68	-189
-66	-190
-63	-189
-61	-189
-58	-189
-56	-188
-53	-190
-51	-190
-48	-187
-46	-185
-44	-185
-41	-184
-39	-185
-36	-187
-34	-187
-31	-187
-29	-189
-26	-188
-24	-188
-21	-188
-19	-189
-17	-189
-14	-190
-12	-191
-9	-190
-7	-189
-4	-189
-2	-189
1	-189
3	-189
6	-189
8	-190
11	-191
13	-190
15	-190
18	-190
20	-190
23	-189
25	-189
28	-190
30	-190
33	-189
35	-188
38	-188
40	-189
42	-189
45	-190
48	-191
50	-190
52	-188
55	-189
57	-191
60	-191
62	-190
65	-191
67	-190
70	-189
72	-189
75	-189
77	-189
79	-189
82	-189
85	-190
87	-190
90	-191
92	-192
94	-190
97	-189
99	-190
102	-191
104	-191
107	-189
109	-189
112	-189
114	-190
117	-190
119	-190
122	-190
124	-191
127	-192
129	-191
132	-191
134	-190
137	-191
139	-191
142	-190
144	-189
146	-188
149	-189
151	-190
154	-190
156	-188
159	-188
161	-188
164	-189
166	-190
169	-191
171	-191
174	-190
176	-190
179	-190
181	-189
184	-190
186	-190
189	-189
191	-190
194	-190
196	-190
199	-190
201	-190
204	-189
207	-191
209	-191
211	-189
213	-187
216	-185
218	-182
220	-180
222	-179
225	-180
228	-184
231	-189
234	-191
237	-191
239	-190
242	-190
244	-189
246	-189
249	-188
252	-189
254	-189
256	-185
258	-183
260	-181
263	-183
266	-185
269	-185
271	-187
274	-187
276	-187
279	-187
281	-187
284	-186
287	-187
289	-188
292	-189
294	-189
297	-188
299	-188
302	-187
304	-187
307	-186
310	-189
312	-189
315	-191
318	-191
320	-191
323	-191
325	-190
327	-185
329	-185
332	-185
335	-185
337	-183
339	-183
342	-183
344	-183
347	-183
350	-183
352	-184
355	-183
357	-183
359	-181
361	-178
364	-177
366	-177
369	-176
371	-175
373	-173
375	-172
378	-174
381	-175
384	-176
387	-177
389	-177
392	-178
395	-178
397	-177
399	-176
402	-175
405	-176
407	-175
410	-176
413	-178
415	-177
418	-177
421	-178
423	-178
426	-176
428	-175
430	-174
433	-174
436	-177
441	-185
444	-186
446	-184
448	-183
451	-182
453	-181
455	-178
457	-175
459	-173
461	-171
463	-169
465	-168
468	-168
470	-168
473	-168
475	-166
477	-165
480	-167
483	-167
486	-167
489	-167
491	-167
493	-164
495	-163
499	-167
502	-168
505	-171
509	-173
513	-178
518	-185
520	-185
523	-185
525	-181
525	-172
526	-168
528	-167
531	-166
533	-166
536	-167
539	-168
542	-169
545	-170
548	-170
550	-169
552	-167
555	-167
558	-167
561	-169
564	-170
567	-172
570	-170
571	-167
574	-166
577	-166
579	-166
582	-168
585	-167
588	-167
590	-167
592	-165
595	-164
598	-164
601	-165
603	-165
606	-165
609	-166
612	-167
616	-168
619	-169
622	-170
625	-172
629	-174
632	-175
636	-178
638	-177
641	-177
644	-177
647	-178
649	-177
651	-174
652	-171
654	-169
657	-168
659	-166
662	-167
666	-170
669	-171
671	-169
672	-164
673	-158
675	-157
678	-158
681	-159
685	-160
686	-157
689	-156
692	-156
695	-157
697	-156
700	-155
702	-155
705	-155
708	-155
710	-154
713	-153
715	-152
718	-151
720	-150
722	-149
725	-148
727	-147
730	-146
732	-144
734	-143
737	-143
739	-142
742	-141
744	-140
745	-136
746	-132
747	-127
748	-122
748	-118
749	-112
721	-21
719	-10
720	-7
722	-5
724	-5
727	-4
729	-3
731	-1
733	0
735	2
738	2
740	2
743	1
747	0
751	-3
752	-0
754	1
758	0
760	0
766	-7
775	-2
777	-0
779	2
782	1
870	-146
879	-157
881	-155
884	-156
887	-155
892	-159
893	-155
891	-145
892	-142
895	-140
896	-138
898	-136
901	-136
905	-137
923	-166
927	-167
934	-174
940	-180
946	-185
948	-183
949	-179
951	-176
954	-176
957	-176
960	-175
962	-174
967	-177
971	-179
974	-177
976	-175
978	-173
980	-171
982	-170
986	-170
988	-169
990	-167
993	-166
998	-168
1001	-170
1004	-169
1008	-169
1013	-173
1018	-176
1022	-176
1026	-178
1029	-178
1032	-177
1035	-177
1037	-175
1040	-174
1043	-174
1047	-175
1048	-171
1050	-168
1052	-167
1056	-168
1061	-171
1067	-175
1070	-174
1074	-176
1078	-177
1080	-175
1082	-173
1086	-174
1090	-175
1093	-173
1096	-174
1099	-173
1101	-170
1104	-169
1107	-169
1111	-169
1113	-169
1116	-168
1119	-167
1123	-168
1126	-167
1129	-166
1133	-168
1139	-170
1143	-171
1147	-172
1151	-174
1155	-174
1157	-172
1157	-167
1159	-165
1163	-166
1168	-167
1172	-169
1176	-170
1180	-170
1188	-176
1190	-174
1191	-171
1193	-168
1195	-166
1197	-164
1199	-161
1201	-159
1204	-158
1207	-157
1211	-158
1216	-161
1222	-164
1228	-167
1233	-169
1243	-178
1247	-178
1249	-176
1250	-173
1251	-168
1252	-165
1254	-162
1256	-161
1258	-158
1259	-155
1261	-152
1264	-151
1268	-151
1271	-151
1275	-151
1278	-151
1282	-151
1285	-151
1293	-155
1309	-172
1321	-183
1324	-182
1326	-180
1329	-178
1332	-178
1336	-179
1337	-175
1337	-170
1338	-166
1339	-162
1342	-161
1346	-161
1350	-162
1355	-163
1361	-166
1369	-171
1374	-173
1379	-174
1381	-171
1386	-173
1388	-171
1391	-169
1394	-168
1396	-166
1400	-165
1402	-164
1404	-161
1407	-160
1409	-158
1408	-151
1410	-149
1415	-150
1420	-152
1426	-154
1432	-156
1438	-159
1442	-159
1444	-156
1447	-155
1450	-154
1460	-162
1468	-166
1472	-165
1469	-157
1468	-151
1469	-147
1470	-144
1473	-142
1475	-140
1478	-139
1481	-137
1482	-134
1485	-133
1490	-134
1495	-134
1501	-137
1504	-135
1508	-135
1511	-134
1513	-131
1517	-131
1519	-129
1522	-128
1525	-126
1528	-125
1531	-124
1535	-123
1540	-124
1548	-129
1553	-129
1559	-131
1566	-134
1575	-139
1576	-136
1579	-134
1583	-134
1587	-134
1590	-132
1598	-135
1613	-148
1613	-143
1615	-140
1618	-138
1622	-138
1625	-136
1624	-130
1621	-123
1622	-119
1625	-118
1633	-122
1643	-127
1650	-130
1659	-135
1661	-132
1662	-129
1665	-126
1666	-123
1668	-120
1670	-118
1673	-117
1681	-119
1692	-126
1698	-128
1703	-128
1706	-127
1711	-126
1719	-131
1727	-134
1729	-131
1731	-129
1734	-126
1736	-124
1738	-121
1739	-118
1742	-115
1745	-114
1748	-113
1750	-110
1752	-107
1756	-106
1761	-106
1772	-112
1779	-115
1781	-111
1782	-108
1784	-105
1788	-105
1794	-106
1804	-110
1814	-116
1824	-120
1826	-118
1827	-114
1829	-111
1836	-113
1842	-114
1845	-112
1852	-114
1861	-117
1870	-121
1878	-124
1883	-124
1888	-124
1892	-123
1894	-120
1898	-119
1899	-115
1900	-112
1905	-111
1915	-116
1919	-115
1922	-113
1925	-111
1931	-111
1937	-112
1941	-111
1946	-110
1953	-112
1962	-115
1969	-117
1969	-112
1967	-106
1972	-105
1983	-110
1997	-118
2001	-116
2002	-112
2005	-110
2009	-109
2014	-109
2017	-107
2021	-105
2026	-105
2032	-105
2036	-103
2040	-102
2043	-100
2047	-98
2050	-96
2057	-98
2063	-99
2069	-98
2076	-99
2080	-99
2085	-98
2090	-97
2095	-96
2095	-92
2097	-88
2101	-87
2109	-89
2118	-92
2127	-94
2133	-94
2135	-91
2137	-88
2140	-86
2144	-84
2149	-83
2153	-81
2160	-82
2168	-84
2176	-86
2183	-87
2190	-87
2185	-79
2183	-72
2187	-71
2192	-70
2195	-68
2198	-65
2201	-62
2206	-62
2212	-61
2214	-58
2218	-57
2224	-57
2230	-57
2236	-56
2242	-56
2252	-59
2256	-57
2266	-60
2268	-57
2272	-55
2275	-52
2279	-50
2283	-49
2288	-48
2292	-46
2297	-45
2306	-47
2309	-44
2312	-42
2315	-39
2319	-37
2322	-35
2326	-33
2331	-32
2336	-31
2339	-28
2339	-23
2341	-20
2346	-19
2352	-18
2360	-19
2378	-27
2395	-34
2394	-29
2393	-23
2393	-18
2393	-14
2394	-10
2394	-5
2394	-0
2392	6
2395	9
2397	12
2397	17
2397	21
2398	26
2397	31
2399	34
2401	38
2401	42
2403	46
2405	49
2404	54
2406	57
2408	61
2407	66
2407	71
2409	74
2413	76
2415	79
2416	83
2417	87
2419	91
2421	94
2420	99
2422	102
2422	107
2423	111
2427	113
2427	118
2425	123
2425	128
2424	133
2426	136
2429	139
2430	143
2431	147
2430	152
2430	156
2431	160
2430	165
2431	169
2433	172
2435	175
2436	179
2437	183
2438	187
2441	190
2442	194
2442	198
2443	202
2444	206
2445	209
2445	214
2445	219
2446	222
2447	226
2450	229
2451	233
2451	237
2452	241
2455	244
2456	247
2457	251
2457	255
2456	260
2455	265
2455	269
2456	273
2456	278
2457	282
2457	285
2457	290
2458	294
2459	298
2460	301
2461	305
2462	309
2464	312
2466	315
2465	320
2465	324
2467	327
2469	331
2469	335
2468	340
2468	344
2470	347
2473	350
2472	354
2472	359
2473	362
2475	366
2476	369
2476	373
2477	377
2480	380
2482	383
2482	387
2480	392
2481	396
2483	399
2485	403
2486	406
2486	410
2486	414
2486	419
2488	422
2492	424
2493	428
2492	432
2491	437
2490	441
2491	445
2493	448
2493	452
2494	456
2497	459
2497	463
2499	466
2500	470
2499	474
2501	477
2503	481
2504	484
2505	488
2504	493
2505	496
2507	499
2507	503
2508	507
2509	511
2510	514
2512	517
2513	521
2515	524
2516	528
2515	532
2515	536
2515	540
2516	544
2516	548
2516	552
2518	555
2519	558
2520	562
2519	566
2520	570
2521	574
2521	578
2523	581
2525	584
2525	588
2524	592
2525	596
2524	600
2525	604
2526	608
2528	611
2529	614
2530	618
2531	622
2530	626
2532	629
2532	633
2532	637
2531	641
2532	645
2533	648
2535	651
2537	655
2538	658
2539	661
2539	666
2536	670
2537	674
2538	678
2539	681
2540	685
2539	689
2540	693
2541	696
2541	700
2544	703
2546	706
2547	709
2548	713
2549	717
2549	720
2547	725
2549	728
2550	732
2552	735
2552	739
2552	743
2551	747
2554	749
2555	753
2555	757
2556	760
2557	764
2558	767
2558	771
2556	776
2555	780
2556	784
2558	787
2558	790
2559	794
2560	797
2561	801
2561	805
2561	809
2561	812
2563	815
2565	819
2566	822
2565	826
2566	830
2567	833
2566	837
2566	841
2568	844
2569	848
2571	851
2572	854
2574	858
2575	861
2575	865
2575	869
2576	872
2577	875
2579	879
2579	882
2580	886
2582	889
2583	893
2583	896
2584	900
2584	904
2584	907
2584	911
2586	914
2589	917
2589	921
2591	924
2591	928
2591	932
2593	935
2593	939
2593	942
2594	946
2596	949
2597	953
2599	956
2601	959
2600	963
2601	966
2602	970
2603	973
2605	976
2605	980
2604	984
2604	988
2605	991
2606	995
2606	999
2607	1002
2609	1005
2610	1009
2610	1012
2612	1016
2613	1019
2613	1023
2614	1026
2615	1030
2616	1033
2617	1037
2616	1041
2617	1044
2618	1048
2616	1052
2618	1055
2621	1058
2620	1062
2620	1066
2620	1069
2621	1073
2623	1076
2622	1080
2622	1084
2622	1087
2622	1091
2624	1094
2627	1097
2627	1101
2626	1105
2626	1109
2627	1112
2628	1115
2628	1119
2629	1123
2628	1126
2628	1130
2630	1133
2632	1137
2634	1140
2636	1143
2637	1147
2635	1151
2638	1154
2640	1157
2640	1161
2640	1164
2641	1168
2640	1172
2640	1175
2641	1179
2643	1182
2644	1186
2645	1189
2647	1193
2645	1196
2646	1200
2645	1204
2647	1207
2647	1211
2646	1215
2647	1218
2648	1222
2646	1226
2646	1229
2647	1233
2647	1236
2648	1240
2648	1243
2650	1247
2650	1250
2649	1254
2650	1258
2649	1261
2649	1265
2650	1269
2653	1272
2654	1275
2656	1279
2657	1282
2657	1286
2657	1289
2658	1293
2658	1296
2659	1300
2659	1304
2657	1307
2657	1311
2659	1314
2659	1318
2658	1322
2658	1325
2658	1329
2656	1333
2657	1336
2658	1340
2660	1343
2660	1347
2661	1350
2661	1354
2660	1358
2662	1361
2661	1365
2661	1369
2660	1372
2660	1376
2661	1379
2662	1383
2663	1386
2663	1390
2664	1393
2663	1397
2663	1401
2664	1404
2665	1408
2665	1411
2665	1415
2665	1419
2665	1422
2666	1426
2665	1429
2666	1433
2667	1436
2666	1440
2666	1444
2667	1447
2667	1451
2666	1454
2666	1458
2667	1462
2668	1465
2669	1469
2669	1472
2669	1476
2669	1479
2671	1483
2671	1486
2672	1490
2672	1493
2673	1497
2672	1501
2671	1504
2672	1508
2674	1511
2674	1515
2672	1519
2671	1522
2674	1526
2674	1529
2675	1533
2674	1536
2673	1540
2674	1544
2675	1547
2677	1551
2678	1554
2678	1558
2678	1561
2678	1565
2678	1569
2678	1572
2678	1576
2680	1579
2679	1583
2679	1587
2681	1590
2682	1594
2681	1597
2681	1601
2681	1604
2681	1608
2683	1612
2683	1615
2683	1619
2684	1622
2684	1626
2684	1630
2684	1633
2686	1637
2685	1640
2684	1644
2685	1647
2687	1651
2687	1655
2689	1658
2688	1662
