2594	1673
2593	1677
2594	1680
2596	1684
2596	1687
2595	1691
2596	1698
2600	1701
2602	1705
2601	1708
2600	1712
2600	1715
2601	1719
2601	1722
2602	1726
2601	1729
2601	1733
2601	1736
2601	1740
2602	1743
2602	1747
2602	1750
2602	1754
2601	1757
2600	1761
2601	1764
2602	1768
2603	1771
2602	1775
2602	1778
2603	1782
2604	1785
2605	1789
2605	1792
2607	1796
2607	1799
2607	1803
2608	1806
2612	1810
2612	1813
2612	1817
2612	1821
2611	1824
2610	1827
2610	1831
2612	1835
2611	1838
2611	1842
2613	1845
2614	1849
2614	1852
2612	1856
2614	1859
2615	1863
2614	1866
2614	1870
2614	1873
2614	1877
2614	1880
2613	1884
2615	1888
2616	1891
2616	1895
2616	1898
2616	1902
2616	1905
2617	1909
2620	1913
2625	1917
2628	1920
2630	1924
2631	1928
2632	1931
2629	1935
2627	1938
2626	1942
2624	1945
2622	1948
2618	1952
2619	1955
2621	1959
2623	1963
2622	1966
2621	1970
2621	1973
2621	1977
2622	1980
2621	1984
2620	1987
2622	1991
2624	1995
2624	1998
2622	2002
2620	2005
2624	2009
2624	2013
2624	2016
2624	2020
2624	2023
2624	2027
2624	2031
2625	2034
2624	2038
2625	2041
2625	2045
2626	2049
2626	2052
2626	2056
2627	2060
2626	2063
2625	2067
2627	2070
2627	2074
2628	2078
2628	2081
2629	2085
2631	2089
2630	2092
2629	2096
2630	2100
2630	2103
2632	2107
2634	2111
2634	2115
2635	2119
2634	2122
2634	2126
2636	2130
2636	2133
2637	2137
2636	2141
2636	2144
2634	2147
2632	2151
2633	2155
2634	2158
2634	2162
2633	2165
2634	2169
2634	2173
2633	2176
2633	2180
2633	2184
2634	2188
2636	2192
2636	2195
2638	2199
2639	2203
2641	2207
2641	2211
2640	2214
2641	2218
2638	2221
2637	2225
2641	2229
2644	2233
2644	2237
2646	2241
2647	2245
2646	2249
2646	2252
2647	2256
2648	2260
2649	2264
2649	2268
2649	2272
2649	2275
2650	2279
2653	2284
2653	2287
2652	2291
2650	2294
2652	2298
2653	2302
2653	2306
2650	2309
2649	2313
2648	2316
2647	2320
2649	2324
2651	2328
2651	2332
2651	2336
2651	2339
2651	2343
2651	2347
2652	2351
2654	2355
2654	2359
2656	2363
2657	2367
2656	2371
2655	2374
2655	2378
2656	2382
2656	2386
2656	2390
2656	2394
2655	2397
2655	2401
2655	2405
2656	2409
2656	2413
2655	2416
2655	2420
2655	2424
2655	2428
2655	2431
2657	2436
2658	2440
2659	2444
2658	2448
2658	2451
2663	2457
2662	2460
2663	2464
2665	2469
2664	2472
2662	2476
2661	2479
2661	2483
2661	2487
2661	2491
2661	2495
2664	2500
2665	2504
2666	2508
2666	2512
2667	2516
2667	2520
2666	2524
2668	2528
2668	2532
2669	2536
2670	2540
2669	2544
2669	2548
2669	2552
2669	2556
2670	2560
2669	2564
2668	2567
2667	2571
2666	2575
2667	2579
2670	2584
2668	2587
2666	2590
2668	2595
2677	2602
2678	2606
2678	2610
2676	2614
2676	2618
2676	2622
2674	2625
2672	2628
2669	2631
2675	2637
2675	2641
2675	2645
2674	2649
2674	2653
2674	2657
2675	2661
2674	2665
2675	2670
2676	2674
2675	2678
2675	2682
2674	2685
2674	2690
2673	2693
2674	2698
2676	2702
2675	2706
2672	2709
2672	2713
2673	2718
2674	2722
2673	2726
2676	2731
2678	2736
2677	2740
2677	2744
2677	2748
2678	2753
2678	2756
2677	2760
2677	2764
2677	2769
2679	2773
2680	2778
2681	2783
2683	2788
2682	2791
2682	2795
2681	2799
2680	2803
2679	2807
2680	2811
2682	2816
2683	2821
2684	2826
2686	2831
2685	2835
2682	2837
2681	2841
2682	2846
2681	2850
2682	2855
2684	2860
2686	2865
2685	2869
2686	2873
2685	2877
2691	2884
2688	2887
2686	2890
2686	2895
2687	2899
2687	2904
2687	2908
2688	2913
2689	2917
2690	2922
2691	2927
2693	2932
2694	2937
2696	2942
2696	2947
2697	2951
2694	2954
2694	2959
2696	2964
2695	2968
2696	2973
2695	2977
2696	2982
2694	2985
2693	2989
2694	2994
2695	2999
2695	3003
2694	3007
2693	3011
2694	3016
2692	3020
2694	3025
2694	3030
2694	3034
2697	3040
2698	3045
2697	3049
2696	3053
2697	3058
2698	3063
2696	3066
2695	3070
2695	3075
2693	3079
2691	3082
2694	3088
2695	3093
2693	3097
2691	3100
2690	3104
2691	3109
2691	3114
2692	3119
2693	3124
2689	3127
2677	3125
2651	3116
2628	3108
2622	3110
2617	3111
2615	3115
2613	3118
2614	3123
2616	3129
2622	3137
2648	3155
2673	3173
2685	3185
2689	3192
2690	3197
2690	3201
2688	3205
2686	3208
2687	3213
2687	3219
2688	3224
2689	3229
2688	3233
2690	3239
2692	3245
2692	3249
2691	3254
2690	3258
2689	3262
2689	3267
2691	3273
2691	3278
2688	3281
2688	3286
2686	3289
2690	3296
2689	3301
2688	3305
2687	3309
2688	3315
2691	3322
2690	3326
2689	3330
2687	3333
2685	3338
2684	3342
2686	3348
2688	3354
2687	3358
2688	3364
2687	3368
2685	3372
2686	3377
2687	3383
2686	3387
2684	3391
2686	3397
2686	3402
2685	3407
2687	3413
2686	3417
2685	3421
2684	3426
2684	3431
2684	3436
2683	3441
2683	3446
2683	3450
2683	3456
2684	3461
2684	3467
2683	3471
2683	3476
2681	3480
2681	3485
2681	3490
2681	3495
2680	3500
2680	3505
2682	3512
2681	3516
2678	3519
2678	3524
2678	3530
2677	3534
2676	3539
2677	3545
2677	3550
2675	3554
2675	3559
2672	3562
2670	3566
2671	3572
2673	3579
2671	3582
2669	3586
2669	3592
2669	3597
2669	3602
2667	3606
2665	3610
2664	3615
2667	3622
2670	3630
2668	3634
2666	3638
2663	3641
2662	3645
2661	3650
2662	3657
2661	3661
2660	3666
2659	3671
2658	3676
2655	3679
2654	3683
2654	3689
2654	3695
2657	3702
2655	3706
2651	3709
2648	3712
2646	3716
2647	3723
2651	3731
2649	3735
2647	3739
2645	3743
2647	3751
2645	3754
2643	3758
2642	3763
2641	3768
2637	3771
2634	3774
2636	3781
2636	3787
2637	3793
2638	3800
2637	3805
2635	3809
2632	3812
2631	3817
2630	3822
2630	3827
2630	3833
2629	3839
2627	3843
2625	3846
2624	3852
2623	3857
2622	3862
2623	3868
2623	3874
2620	3878
2619	3883
2622	3891
2621	3896
2621	3902
2619	3906
2617	3911
2615	3915
2613	3919
2611	3923
2610	3928
2609	3933
2609	3940
2608	3944
2609	3951
2607	3956
2606	3961
2603	3965
2601	3969
2598	3972
2596	3977
2594	3981
2592	3985
2592	3991
2591	3996
2591	4002
2589	4007
2585	4009
2582	4013
2585	4022
2583	4026
2582	4032
2582	4037
2581	4043
2579	4048
2580	4054
2578	4059
2578	4065
2576	4070
2574	4074
2572	4079
2569	4082
2567	4087
2567	4093
2566	4099
2560	4100
2558	4104
2564	4116
2560	4119
2557	4121
2544	4116
2523	4103
2510	4097
2504	4098
2502	4102
2502	4108
2500	4113
2496	4116
2496	4122
2498	4130
2497	4136
2496	4141
2493	4145
2491	4150
2490	4154
2491	4162
2493	4171
2494	4178
2493	4184
2491	4189
2489	4193
2488	4198
2483	4200
2488	4212
2417	4148
2413	4150
2409	4153
2396	4146
2376	4133
2364	4127
2361	4130
2359	4135
2358	4140
2353	4142
2344	4139
2336	4137
2327	4134
2347	4162
2255	4073
2247	4071
2241	4072
2234	4071
2230	4073
2227	4076
2225	4080
2224	4085
2221	4089
2220	4094
2218	4098
2216	4102
2215	4107
2212	4111
2210	4115
2210	4121
2208	4126
2206	4130
2205	4134
2203	4139
2201	4143
2199	4148
2197	4152
2196	4157
2194	4162
2192	4166
2191	4171
2190	4177
2188	4181
2185	4185
2185	4191
2183	4196
2182	4201
2177	4202
2437	4500
2434	4504
2431	4508
2427	4512
2424	4516
2421	4519
2416	4521
2412	4524
2407	4526
2402	4528
2397	4529
2392	4532
2392	4539
2390	4544
2386	4547
2383	4551
2380	4555
2376	4558
2371	4560
2369	4565
2365	4568
2361	4570
2357	4574
2354	4577
2350	4581
2347	4585
2343	4588
2340	4592
2336	4594
2332	4598
2329	4601
2324	4603
2321	4607
2318	4612
2316	4617
2311	4619
2308	4622
2304	4626
2300	4628
2287	4620
2278	4617
2275	4621
2272	4625
2268	4628
2264	4631
2263	4637
2262	4644
2261	4650
2261	4659
2261	4667
2260	4673
2256	4677
2254	4681
2250	4685
2245	4686
2240	4688
2237	4692
2234	4697
2232	4702
2228	4705
2225	4709
2220	4710
2214	4712
2210	4715
2207	4718
2202	4721
2197	4722
2194	4726
2192	4731
2187	4733
2183	4735
2179	4739
2176	4743
2172	4747
2170	4751
2166	4755
2163	4759
2161	4765
2158	4768
2152	4770
2148	4772
2139	4768
2130	4765
2124	4764
2117	4762
2112	4764
2109	4768
2105	4772
2101	4774
2099	4780
2098	4787
2099	4798
2101	4809
2095	4809
2090	4811
2086	4813
2081	4815
2078	4819
2074	4822
2070	4825
2065	4827
2061	4830
2058	4833
2055	4839
2052	4842
2046	4843
2041	4844
2036	4846
2032	4848
2028	4851
2025	4856
2021	4859
2017	4863
2014	4867
2011	4871
2007	4873
2002	4875
1998	4879
1995	4882
1990	4885
1987	4888
1984	4893
1981	4897
1977	4901
1973	4903
1968	4906
1964	4909
1960	4911
1955	4912
1951	4916
1946	4918
1942	4919
1937	4922
1933	4925
1926	4922
1917	4917
1909	4914
1903	4913
1897	4914
1894	4918
1890	4921
1885	4921
1880	4923
1876	4926
1874	4932
1871	4938
1868	4941
1864	4944
1861	4949
1858	4955
1857	4962
1855	4969
1851	4971
1846	4972
1841	4974
1837	4977
1833	4980
1828	4982
1824	4985
1819	4987
1814	4986
1809	4988
1805	4991
1801	4995
1797	4998
1794	5001
1790	5005
1786	5008
1782	5012
1778	5014
1773	5016
1769	5019
1765	5022
1761	5025
1757	5028
1753	5031
1749	5034
1745	5037
1741	5040
1737	5043
1732	5044
1727	5046
1722	5047
1718	5050
1714	5054
1710	5056
1706	5058
1702	5062
1699	5066
1694	5068
1689	5069
1685	5072
1681	5076
1676	5077
1671	5078
1667	5081
1663	5084
1658	5086
1654	5088
1650	5091
1646	5095
1641	5097
1637	5099
1632	5100
1629	5106
1625	5109
1621	5112
1616	5114
1612	5116
1608	5119
1604	5123
1599	5124
1594	5126
1590	5129
1586	5132
1582	5135
1578	5137
1573	5139
1569	5143
1565	5145
1560	5147
1556	5150
1552	5153
1548	5156
1544	5158
1539	5161
1534	5163
1531	5167
1527	5170
1522	5173
1518	5175
1513	5177
1508	5178
1503	5179
1498	5179
1489	5172
1480	5163
1473	5159
1467	5159
1462	5159
1457	5160
1452	5161
1447	5162
1442	5164
1438	5167
1434	5169
1430	5173
1428	5181
1430	5199
1430	5210
1426	5215
1422	5218
1417	5219
1412	5220
1407	5222
1403	5226
1399	5228
1395	5230
1390	5231
1385	5232
1380	5235
1376	5238
1371	5240
1367	5243
1362	5244
1357	5244
1352	5246
1348	5248
1343	5251
1339	5254
1335	5256
1330	5257
1325	5259
1320	5260
1315	5261
1310	5263
1306	5265
1301	5266
1297	5269
1292	5272
1288	5274
1283	5276
1279	5278
1274	5279
1269	5281
1264	5281
1257	5277
1243	5255
1230	5231
1221	5223
1215	5221
1209	5218
1204	5219
1200	5223
1198	5231
1201	5255
1208	5289
1209	5306
1204	5308
1200	5311
1195	5313
1191	5316
1187	5320
1183	5322
1178	5325
1173	5326
1169	5328
1163	5329
1159	5331
1154	5333
1150	5335
1145	5337
1140	5338
1136	5340
1131	5342
1125	5341
1120	5340
1114	5340
1109	5339
1104	5341
1100	5343
1095	5345
1090	5345
1085	5346
1080	5349
1076	5353
1072	5355
1067	5356
1062	5358
1057	5359
1052	5358
1047	5361
1042	5362
1038	5366
999	5251
994	5253
989	5254
985	5255
981	5259
977	5263
973	5268
1002	5386
997	5386
992	5387
988	5390
983	5392
978	5392
972	5390
967	5390
962	5392
957	5394
952	5394
948	5398
944	5402
939	5404
934	5405
929	5406
925	5408
920	5411
916	5413
911	5414
906	5415
901	5416
896	5418
891	5418
886	5419
881	5421
877	5424
872	5426
867	5428
863	5429
858	5431
853	5431
848	5432
843	5433
838	5435
834	5439
829	5441
824	5442
819	5444
815	5446
809	5445
805	5447
799	5448
795	5449
790	5451
785	5454
781	5456
776	5456
770	5456
765	5457
761	5460
756	5461
751	5461
746	5462
741	5463
736	5464
731	5464
726	5465
721	5467
716	5469
711	5469
706	5468
701	5468
696	5468
691	5469
687	5475
681	5475
677	5476
630	5264
624	5260
620	5261
615	5260
609	5257
604	5255
599	5251
594	5251
590	5255
585	5257
581	5258
575	5257
571	5257
566	5256
561	5256
555	5252
590	5481
524	5125
519	5124
515	5124
510	5124
504	5117
498	5108
492	5102
488	5101
484	5105
480	5110
475	5110
471	5110
466	5110
462	5113
459	5122
455	5127
451	5127
446	5128
441	5128
437	5128
432	5129
428	5129
423	5128
419	5129
414	5128
409	5122
403	5117
398	5115
393	5108
389	5116
438	5521
433	5524
429	5526
424	5529
419	5530
414	5532
409	5534
404	5534
399	5534
394	5532
388	5531
383	5532
378	5530
373	5530
368	5532
363	5532
358	5533
353	5534
348	5535
343	5536
338	5538
333	5538
328	5535
323	5533
318	5535
313	5535
307	5535
302	5535
297	5536
292	5536
287	5538
282	5539
278	5542
272	5533
264	5497
256	5471
251	5464
246	5465
241	5470
236	5472
232	5473
227	5477
222	5479
218	5488
215	5517
213	5557
207	5553
202	5551
197	5551
192	5553
187	5555
182	5554
177	5554
172	5554
167	5554
162	5555
157	5561
152	5566
147	5568
142	5566
137	5567
132	5568
127	5567
122	5567
117	5567
112	5569
107	5570
102	5567
96	5567
91	5568
86	5569
81	5567
76	5563
71	5560
66	5562
61	5564
56	5564
51	5564
45	5562
40	5560
35	5558
30	5557
25	5556
20	5557
15	5559
10	5564
5	5564
-0	5563
-5	5563
-10	5562
-15	5562
-20	5563
-25	5565
-31	5567
-36	5570
-41	5569
-46	5566
-53	5140
-57	5141
-62	5021
-66	5025
-70	5024
-75	5019
-79	5016
-84	5020
-88	5020
-92	5011
-96	5003
-101	5002
-105	5001
-109	5000
-114	4998
-118	4995
-122	4995
-127	4999
-131	5001
-135	5002
-140	5004
-144	5011
-149	5020
-153	5019
-158	5020
-162	5024
-167	5027
-171	5026
-175	5021
-198	5553
-203	5551
-208	5549
-212	5544
-217	5539
-222	5537
-227	5537
-232	5537
-237	5537
-242	5537
-247	5537
-253	5547
-258	5546
-263	5547
-268	5548
-273	5547
-278	5546
-283	5547
-288	5549
-294	5551
-299	5551
-304	5548
-309	5547
-314	5550
-319	5551
-314	5401
-318	5391
-323	5384
-327	5381
-332	5379
-350	5554
-355	5554
-360	5554
-365	5555
-370	5554
-375	5552
-363	5346
-368	5345
-373	5345
-378	5344
-382	5340
-387	5339
-392	5338
-396	5334
-400	5330
-405	5328
-410	5328
-415	5327
-419	5327
-424	5327
-429	5325
-433	5318
-460	5538
-465	5536
-433	5181
-437	5180
-480	5530
-452	5227
-459	5251
-465	5262
-470	5262
-475	5264
-479	5263
-484	5264
-489	5264
-494	5265
-499	5265
-503	5265
-508	5266
-513	5265
-518	5266
-522	5266
-527	5267
-532	5266
-537	5265
-541	5266
-546	5267
-551	5266
-556	5266
-561	5266
-565	5266
-570	5266
-574	5263
-579	5263
-585	5267
-621	5482
-625	5479
-630	5477
-635	5478
-640	5478
-645	5477
-650	5475
-655	5476
-660	5476
-666	5476
-671	5476
-676	5476
-681	5477
-686	5477
-691	5477
-696	5475
-701	5473
-705	5471
-710	5471
-715	5470
-720	5468
-725	5467
-730	5467
-735	5466
-740	5466
-745	5466
-750	5465
-755	5462
-759	5457
-763	5454
-768	5453
-773	5453
-778	5451
-783	5449
-788	5446
-792	5443
-796	5438
-800	5433
-805	5430
-810	5429
-814	5427
-819	5427
-824	5425
-829	5425
-835	5427
-840	5427
-845	5427
-849	5423
-854	5421
-858	5418
-863	5417
-868	5415
-873	5414
-877	5409
-881	5406
-886	5405
-891	5406
-897	5407
-902	5406
-906	5405
-912	5406
-917	5406
-922	5405
-927	5405
-932	5404
-937	5403
-941	5400
-946	5397
-950	5394
-955	5394
-960	5392
-964	5390
-969	5388
-974	5386
-979	5385
-984	5385
-989	5385
-994	5384
-999	5384
-1004	5385
-1009	5386
-1015	5385
-1019	5382
-1023	5380
-1029	5380
-1033	5377
-1038	5376
-1043	5374
-1048	5374
-1053	5373
-1057	5371
-1062	5371
-1068	5371
-1072	5370
-1077	5368
-1081	5364
-1086	5361
-1090	5359
-1095	5360
-1100	5358
-1104	5354
-1108	5351
-1113	5347
-1117	5345
-1121	5342
-1126	5339
-1130	5337
-1134	5331
-1138	5328
-1143	5327
-1147	5324
-1151	5319
-1156	5317
-1160	5316
-1165	5315
-1170	5315
-1175	5312
-1180	5311
-1184	5308
-1188	5306
-1193	5304
-1198	5302
-1203	5302
-1207	5300
-1212	5298
-1216	5295
-1221	5294
-1226	5292
-1230	5291
-1235	5290
-1241	5290
-1246	5290
-1250	5287
-1255	5286
-1260	5284
-1264	5283
-1269	5281
-1274	5279
-1278	5277
-1283	5275
-1287	5274
-1292	5272
-1296	5270
-1301	5268
-1306	5268
-1311	5266
-1316	5264
-1321	5263
-1326	5263
-1331	5263
-1336	5262
-1341	5262
-1348	5266
-1354	5269
-1359	5268
-1364	5266
-1368	5264
-1373	5264
-1378	5263
-1383	5261
-1388	5259
-1393	5259
-1399	5261
-1405	5262
-1409	5260
-1413	5255
-1415	5248
-1419	5244
-1424	5243
-1430	5244
-1433	5239
-1438	5236
-1442	5233
-1447	5233
-1452	5232
-1456	5230
-1461	5228
-1465	5225
-1470	5224
-1475	5222
-1480	5221
-1483	5217
-1488	5215
-1492	5211
-1496	5208
-1500	5206
-1504	5202
-1508	5199
-1513	5197
-1518	5196
-1521	5190
-1525	5188
-1530	5187
-1535	5185
-1539	5183
-1544	5181
-1548	5179
-1553	5178
-1559	5178
-1564	5177
-1568	5175
-1573	5173
-1578	5172
-1583	5172
-1587	5169
-1592	5168
-1597	5167
-1602	5165
-1607	5164
-1612	5163
-1617	5162
-1620	5158
-1624	5154
-1629	5153
-1634	5152
-1638	5149
-1643	5147
-1647	5144
-1651	5141
-1655	5138
-1659	5136
-1665	5135
-1669	5133
-1673	5128
-1677	5125
-1681	5122
-1685	5119
-1689	5116
-1693	5114
-1697	5111
-1703	5111
-1709	5112
-1712	5108
-1717	5107
-1720	5101
-1724	5098
-1728	5095
-1732	5092
-1736	5089
-1741	5087
-1745	5085
-1749	5081
-1753	5078
-1757	5076
-1762	5075
-1767	5073
-1771	5070
-1774	5066
-1778	5062
-1780	5055
-1784	5052
-1788	5049
-1792	5045
-1796	5042
-1800	5040
-1804	5038
-1809	5036
-1814	5034
-1818	5031
-1821	5028
-1827	5027
-1832	5026
-1836	5023
-1839	5019
-1843	5016
-1847	5012
-1851	5009
-1854	5005
-1857	5001
-1861	4997
-1865	4994
-1869	4992
-1873	4989
-1877	4984
-1878	4978
-1882	4974
-1888	4974
-1893	4973
-1898	4973
-1903	4971
-1908	4970
-1910	4964
-1913	4959
-1917	4955
-1920	4952
-1925	4950
-1929	4948
-1934	4946
-1938	4943
-1942	4941
-1946	4938
-1950	4935
-1954	4932
-1957	4927
-1959	4921
-1961	4915
-1964	4910
-1968	4907
-1972	4905
-1976	4901
-1980	4899
-1984	4896
-1987	4892
-1991	4889
-1996	4887
-2000	4885
-2005	4884
-2009	4880
-2012	4877
-2016	4873
-2020	4870
-2023	4867
-2028	4864
-2031	4861
-2035	4857
-2039	4855
-2044	4853
-2048	4851
-2053	4849
-2057	4847
-2060	4842
-2063	4838
-2067	4836
-2071	4833
-2076	4830
-2081	4829
-2085	4827
-2088	4822
-2090	4817
-2094	4814
-2098	4811
-2103	4810
-2108	4809
-2113	4807
-2116	4804
-2119	4799
-2124	4798
-2129	4796
-2132	4792
-2136	4789
-2140	4786
-2143	4782
-2146	4778
-2150	4774
-2154	4772
-2158	4770
-2163	4768
-2166	4764
-2170	4762
-2175	4760
-2179	4758
-2183	4755
-2185	4749
-2188	4744
-2192	4742
-2197	4740
-2200	4736
-2204	4733
-2209	4731
-2213	4728
-2215	4724
-2218	4719
-2222	4716
-2226	4714
-2229	4709
-2232	4705
-2233	4699
-2237	4695
-2242	4694
-2247	4693
-2250	4689
-2253	4685
-2257	4682
-2260	4678
-2263	4674
-2267	4672
-2270	4667
-2272	4662
-2275	4658
-2279	4655
-2284	4653
-2290	4653
-2293	4649
-2295	4644
-2298	4639
-2301	4636
-2305	4633
-2309	4630
-2313	4627
-2316	4624
-2318	4618
-2323	4616
-2326	4613
-2330	4609
-2333	4606
-2338	4604
-2340	4600
-2344	4596
-2347	4592
-2348	4585
-2350	4581
-2351	4575
-2355	4572
-2362	4573
-2368	4573
-2375	4573
-2376	4567
-2380	4564
-2383	4560
-2386	4557
-2390	4553
-2393	4550
-2396	4546
-2400	4543
-2404	4540
-2406	4535
-2408	4529
-2411	4525
-2413	4521
-2417	4518
-2422	4516
-2427	4515
-2429	4510
-2433	4507
-2437	4504
-2440	4500
-2443	4496
-2448	4494
-2453	4494
-2455	4488
-2457	4483
-2454	4473
-2453	4464
-2456	4460
-2459	4457
-2463	4453
-2467	4450
-2469	4446
-2473	4443
-2476	4439
-2479	4435
-2481	4431
-2484	4427
-2485	4421
-2489	4418
-2494	4416
-2498	4413
-2500	4409
-2504	4406
-2508	4403
-2509	4398
-2512	4393
-2516	4391
-2521	4389
-2523	4384
-2525	4379
-2530	4378
-2533	4374
-2535	4369
-2538	4365
-2541	4362
-2544	4358
-2547	4354
-2550	4351
-2554	4347
-2557	4343
-2559	4339
-2562	4335
-2566	4332
-2569	4329
-2572	4325
-2576	4322
-2579	4318
-2582	4315
-2586	4312
-2590	4309
-2592	4305
-2596	4302
-2599	4298
-2603	4295
-2606	4292
-2609	4288
-2611	4284
-2615	4280
-2616	4275
-2620	4272
-2624	4270
-2628	4266
-2631	4263
-2633	4258
-2636	4255
-2638	4250
-2642	4247
-2646	4245
-2650	4241
-2653	4238
-2657	4235
-2660	4232
-2664	4229
-2668	4226
-2671	4222
-2672	4217
-2675	4213
-2678	4209
-2682	4207
-2686	4203
-2688	4199
-2691	4195
-2693	4191
-2695	4186
-2699	4183
-2702	4179
-2703	4174
-2706	4170
-2709	4167
-2711	4162
-2713	4158
-2717	4154
-2719	4150
-2722	4147
-2726	4144
-2730	4141
-2732	4136
-2732	4130
-2735	4126
-2739	4123
-2742	4120
-2746	4117
-2748	4113
-2749	4107
-2753	4104
-2753	4098
-2754	4092
-2758	4090
-2762	4087
-2765	4083
-2768	4080
-2770	4075
-2773	4071
-2777	4068
-2780	4066
-2782	4061
-2784	4056
-2786	4052
-2789	4048
-2791	4043
-2792	4038
-2795	4034
-2578	3842
-2585	3842
-2591	3842
-2595	3840
-2595	3834
-2591	3825
-2590	3819
-2594	3816
-2601	3816
-2616	3823
-2633	3832
-2642	3834
-2648	3833
-2653	3831
-2658	3830
-2665	3830
-2675	3833
-2681	3832
-2687	3831
-2693	3830
-2698	3828
-2703	3827
-2710	3826
-2716	3825
-2722	3825
-2728	3824
-2733	3822
-2739	3821
-2745	3821
-2751	3820
-2756	3817
-2764	3818
-2769	3816
-2773	3813
-2775	3810
-2778	3806
-2781	3803
-2784	3799
-2786	3795
-2790	3793
-2795	3791
-2799	3789
-2805	3787
-2810	3786
-2816	3784
-2821	3782
-2827	3782
-2833	3780
-2839	3779
-2847	3779
-2854	3779
-2862	3779
-2868	3778
-2875	3777
-2880	3776
-2887	3775
-2899	3778
-2919	3787
-2929	3789
-2933	3786
-2935	3781
-2938	3778
-2942	3775
-2944	3771
-2946	3767
-2949	3763
-2951	3759
-2953	3754
-2954	3749
-2957	3746
-2960	3742
-2962	3738
-2964	3734
-2967	3730
-2970	3727
-2962	3715
-2980	3722
-2983	3719
-2986	3715
-2988	3711
-2990	3707
-2759	3542
-2760	3538
-2765	3536
-2769	3534
-2773	3531
-2777	3528
-2781	3526
-2786	3524
-2794	3524
-2999	3656
-2997	3650
-2991	3640
-2997	3638
-2997	3633
-2998	3628
-2999	3623
-3000	3619
-2999	3613
-2998	3606
-2999	3602
-3002	3598
-3003	3593
-3003	3588
-3003	3582
-3007	3579
-3008	3575
-3007	3569
-3009	3564
-3010	3560
-3014	3557
-3015	3552
-3014	3546
-3013	3540
-3013	3535
-3017	3531
-3017	3527
-3016	3521
-3017	3516
-3019	3511
-3018	3505
-3019	3501
-3021	3497
-3023	3493
-3021	3486
-3019	3480
-3019	3474
-3022	3471
-3026	3468
-3028	3464
-3028	3459
-3029	3454
-3028	3449
-3028	3443
-3029	3438
-3029	3433
-3030	3428
-3031	3424
-3032	3419
-3033	3415
-3035	3411
-3036	3406
-3036	3401
-3036	3396
-3037	3391
-3037	3386
-3038	3382
-3040	3377
-3044	3374
-3046	3370
-3047	3366
-3049	3362
-3050	3357
-3049	3352
-3051	3347
-3050	3342
-3052	3338
-3053	3333
-3051	3327
-3050	3322
-3052	3318
-3054	3314
-3055	3309
-3057	3305
-3057	3300
-3055	3294
-3054	3289
-3054	3283
-3054	3278
-3053	3273
-3052	3267
-3053	3263
-3053	3258
-3053	3253
-3052	3248
-3051	3242
-3051	3237
-3052	3233
-3053	3228
-3051	3222
-3047	3215
-3048	3211
-3049	3206
-3050	3202
-3051	3197
-3051	3193
-3051	3188
-3051	3183
-3051	3178
-3051	3173
-3049	3167
-3047	3161
-3045	3156
-3044	3150
-3043	3145
-3045	3141
-3046	3137
-3046	3132
-3047	3127
-3046	3122
-3046	3117
-3046	3113
-3047	3108
-3047	3104
-3047	3099
-3045	3093
-3043	3088
-3044	3083
-3046	3079
-3045	3074
-3041	3068
-3043	3064
-3045	3060
-3044	3055
-3043	3050
-3046	3046
-3042	3040
-3040	3034
-3041	3030
-3038	3024
-3036	3018
-3032	3012
-3032	3007
-3033	3003
-3036	3000
-3032	2993
-3027	2986
-3026	2982
-3027	2977
-3028	2973
-3029	2969
-3030	2965
-3030	2960
-3030	2956
-3027	2950
-3023	2944
-3022	2939
-3022	2934
-3021	2929
-3021	2924
-3018	2919
-3018	2914
-3018	2910
-3016	2904
-3015	2899
-3013	2894
-3012	2889
-3011	2884
-3013	2880
-3014	2876
-3014	2872
-3011	2866
-3009	2861
-3009	2857
-3008	2852
-3007	2847
-3005	2842
-3005	2837
-3004	2832
-3002	2827
-3000	2822
-3001	2818
-3001	2814
-3000	2809
-2997	2803
-2996	2799
-2995	2794
-2994	2789
-2995	2785
-2994	2780
-2987	2773
-2988	2769
-2988	2765
-2988	2761
-2987	2756
-2986	2751
-2985	2746
-2984	2742
-2981	2736
-2979	2732
-2981	2728
-2981	2724
-2982	2720
-2983	2716
-2983	2712
-2983	2707
-2976	2700
-2975	2696
-2973	2691
-2971	2686
-2969	2681
-2969	2677
-2967	2672
-2964	2667
-2963	2662
-2963	2658
-2963	2654
-2962	2649
-2962	2645
-2962	2641
-2960	2636
-2956	2630
-2954	2626
-2953	2621
-2949	2616
-2946	2611
-2945	2606
-2947	2602
-2949	2599
-2947	2594
-2947	2590
-2946	2586
-2944	2581
-2942	2576
-2941	2572
-2940	2567
-2936	2562
-2936	2558
-2933	2553
-2933	2549
-2936	2546
-2937	2542
-2934	2537
-2932	2532
-2932	2528
-2930	2523
-2928	2519
-2927	2515
-2928	2511
-2927	2506
-2926	2502
-2920	2496
-2919	2492
-2919	2488
-2919	2484
-2918	2479
-2915	2475
-2915	2471
-2916	2467
-2914	2462
-2912	2458
-2911	2454
-2910	2449
-2909	2445
-2908	2441
-2907	2437
-2907	2433
-2906	2429
-2904	2424
-2901	2419
-2898	2414
-2895	2410
-2894	2406
-2892	2401
-2888	2396
-2884	2391
-2882	2387
-2881	2383
-2882	2379
-2884	2376
-2883	2371
-2878	2366
-2879	2363
-2880	2359
-2879	2355
-2876	2350
-2875	2346
-2875	2342
-2875	2339
-2878	2335
-2880	2332
-2879	2328
-2878	2324
-2878	2320
-2876	2316
-2874	2311
-2871	2307
-2872	2303
-2868	2298
-2867	2294
-2867	2291
-2864	2286
-2861	2282
-2862	2278
-2862	2274
-2861	2270
-2860	2266
-2861	2263
-2861	2259
-2860	2255
-2860	2251
-2858	2247
-2857	2243
-2853	2238
-2854	2235
-2856	2231
-2856	2227
-2854	2223
-2853	2219
-2853	2215
-2850	2211
-2850	2207
-2851	2204
-2850	2200
-2849	2196
-2846	2192
-2844	2187
-2841	2183
-2842	2180
-2845	2176
-2843	2172
-2841	2168
-2841	2164
-2837	2160
-2837	2156
-2834	2152
-2833	2148
-2833	2144
-2831	2140
-2828	2136
-2827	2132
-2823	2128
-2821	2124
-2818	2120
-2817	2116
-2815	2112
-2813	2108
-2812	2104
-2809	2100
-2807	2096
-2807	2093
-2807	2089
-2804	2085
-2801	2081
-2800	2077
-2800	2073
-2797	2069
-2795	2065
-2796	2062
-2793	2058
-2792	2054
-2788	2050
-2786	2046
-2788	2042
-2788	2039
-2787	2035
-2783	2031
-2782	2027
-2780	2023
-2779	2020
-2778	2016
-2777	2012
-2779	2009
-2779	2005
-2780	2002
-2777	1998
-2778	1994
-2774	1990
-2772	1987
-2771	1983
-2770	1979
-2770	1976
-2770	1972
-2769	1968
-2768	1965
-2767	1961
-2766	1957
-2765	1954
-2763	1950
-2763	1946
-2761	1943
-2759	1939
-2758	1935
-2757	1932
-2755	1928
-2755	1924
-2753	1921
-2753	1917
-2752	1913
-2751	1910
-2750	1906
-2747	1902
-2746	1899
-2745	1895
-2744	1892
-2743	1888
-2743	1884
-2742	1881
-2741	1877
-2739	1874
-2739	1870
-2737	1866
-2736	1863
-2736	1859
-2735	1856
-2732	1852
-2729	1848
-2728	1845
-2727	1841
-2728	1838
-2727	1834
-2725	1831
-2722	1827
-2722	1824
-2721	1820
-2720	1817
-2719	1813
-2718	1810
-2716	1806
-2716	1803
-2716	1799
-2716	1796
-2712	1792
-2711	1788
-2711	1785
-2710	1781
-2709	1778
-2707	1774
-2706	1771
-2706	1767
-2705	1764
-2703	1760
-2701	1757
-2700	1754
-2699	1750
-2697	1747
-2697	1743
-2695	1740
-2693	1736
-2692	1733
-2692	1729
-2691	1726
-2690	1722
-2689	1719
-2686	1715
-2686	1712
-2685	1709
-2683	1705
-2682	1702
-2681	1698
-2679	1695
-2678	1691
-2675	1688
-2674	1685
-2672	1681
-2671	1678
-2671	1674
-2671	1671
-2668	1668
-2666	1664
-2664	1661
-2663	1657
-2663	1654
-2663	1651
-2660	1647
-2659	1644
-2657	1641
-2655	1637
-2655	1634
-2654	1630
-2652	1627
-2651	1624
-2650	1620
-2649	1617
-2647	1614
-2645	1610
-2644	1607
-2642	1604
-2640	1600
-2640	1597
-2640	1594
-2640	1590
-2636	1587
-2633	1584
-2632	1581
-2633	1577
-2630	1574
-2629	1571
-2628	1567
-2627	1564
-2625	1561
-2623	1557
-2623	1554
-2623	1551
-2621	1548
-2619	1544
-2619	1541
-2619	1538
-2617	1534
-2616	1531
-2614	1528
-2612	1525
-2611	1521
-2610	1518
-2608	1515
-2607	1512
-2606	1508
-2604	1505
-2603	1502
-2601	1499
-2602	1495
-2603	1492
-2600	1489
-2598	1486
-2597	1482
-2596	1479
-2593	1476
-2592	1473
-2593	1469
-2593	1466
-2590	1463
-2589	1460
-2590	1456
-2588	1453
-2587	1450
-2586	1447
-2584	1443
-2582	1440
-2581	1437
-2579	1434
-2579	1431
-2578	1427
-2576	1424
-2575	1421
-2574	1418
-2572	1415
-2571	1412
-2570	1408
-2568	1405
-2569	1402
-2568	1399
-2565	1396
-2563	1393
-2563	1389
-2563	1386
-2562	1383
-2560	1380
-2559	1377
-2557	1373
-2556	1370
-2554	1367
-2552	1364
-2551	1361
-2550	1358
-2550	1355
-2548	1351
-2545	1349
-2544	1346
-2543	1342
-2542	1339
-2540	1336
-2538	1333
-2535	1330
-2535	1327
-2535	1324
-2537	1320
-2536	1317
-2535	1314
-2533	1311
-2531	1308
-2529	1305
-2527	1302
-2526	1299
-2524	1296
-2523	1292
-2523	1289
-2520	1286
-2520	1283
-2519	1280
-2518	1277
-2516	1274
-2516	1271
-2515	1267
-2514	1264
-2513	1261
-2513	1258
-2510	1255
-2508	1252
-2508	1249
-2507	1246
-2506	1243
-2505	1239
-2504	1236
-2501	1234
-2501	1230
-2500	1227
-2497	1224
-2497	1221
-2495	1218
-2493	1215
-2491	1213
-2491	1209
-2493	1206
-2491	1203
-2489	1200
-2488	1197
-2486	1194
-2484	1191
-2482	1188
-2480	1185
-2480	1182
-2480	1178
-2478	1176
-2477	1172
-2476	1169
-2474	1167
-2473	1163
-2474	1160
-2471	1157
-2470	1154
-2471	1151
-2470	1148
-2468	1145
-2468	1142
-2467	1138
-2466	1135
-2464	1132
-2465	1129
-2464	1126
-2463	1123
-2461	1120
-2459	1117
-2458	1114
-2458	1111
-2457	1108
-2457	1104
-2455	1101
-2454	1098
-2452	1095
-2452	1092
-2450	1089
-2449	1086
-2448	1083
-2447	1080
-2447	1077
-2446	1074
-2445	1071
-2444	1068
-2441	1065
-2439	1062
-2438	1059
-2438	1056
-2436	1053
-2435	1050
-2435	1047
-2434	1044
-2433	1041
-2431	1038
-2430	1035
-2428	1032
-2428	1029
-2426	1026
-2426	1023
-2425	1020
-2423	1017
-2421	1014
-2420	1011
-2419	1008
-2419	1005
-2418	1002
-2417	999
-2416	996
-2415	992
-2413	990
-2410	987
-2408	984
-2406	982
-2406	978
-2406	975
-2406	972
-2404	969
-2403	966
-2401	963
-2400	960
-2400	957
-2398	954
-2397	951
-2396	948
-2396	945
-2395	942
-2394	939
-2392	936
-2392	932
-2391	929
-2389	927
-2389	923
-2388	920
-2387	917
-2386	914
-2384	912
-2383	909
-2382	905
-2381	902
-2381	899
-2380	896
-2379	893
-2378	890
-2377	887
-2377	884
-2376	880
-2376	877
-2375	874
-2374	871
-2373	868
-2373	865
-2372	861
-2371	858
-2371	855
-2370	852
-2370	848
-2369	845
-2368	842
-2368	839
-2367	836
-2366	833
-2364	830
-2363	827
-2362	824
-2362	821
-2361	818
-2360	815
-2359	812
-2357	809
-2354	807
-2351	804
-2352	800
-2351	797
-2349	795
-2348	792
-2347	789
-2345	786
-2345	782
-2345	779
-2344	776
-2342	773
-2341	770
-2339	768
-2338	765
-2336	762
-2335	759
-2335	755
-2334	752
-2334	749
-2332	746
-2332	743
-2333	739
-2331	736
-2329	733
-2328	730
-2329	727
-2327	724
-2325	721
-2324	718
-2323	715
-2321	712
-2320	709
-2320	706
-2318	703
-2318	700
-2316	697
-2317	693
-2317	690
-2316	686
-2316	683
-2315	680
-2312	677
-2310	675
-2309	672
-2308	669
-2307	666
-2307	662
-2305	659
-2304	656
-2303	654
-2302	650
-2303	646
-2301	643
-2300	641
-2300	637
-2300	633
-2298	631
-2296	628
-2294	626
-2292	623
-2291	620
-2291	616
-2292	612
-2290	609
-2289	606
-2288	603
-2285	601
-2284	598
-2282	595
-2282	592
-2281	588
-2280	586
-2279	582
-2278	579
-2276	576
-2275	574
-2274	570
-2274	567
-2273	564
-2272	561
-2270	558
-2270	554
-2269	551
-2268	548
-2268	544
-2266	541
-2265	539
-2263	536
-2262	533
-2260	530
-2261	526
-2259	523
-2258	520
-2258	517
-2257	513
-2255	510
-2255	507
-2253	504
-2251	502
-2249	499
-2249	495
-2249	492
-2248	488
-2247	486
-2246	482
-2246	478
-2246	475
-2245	472
-2243	469
-2240	467
-2238	464
-2237	461
-2236	458
-2235	455
-2232	452
-2231	450
-2231	446
-2230	442
-2229	439
-2229	436
-2227	433
-2225	430
-2224	427
-2222	424
-2221	421
-2220	418
-2220	414
-2218	412
-2217	408
-2217	404
-2216	401
-2216	397
-2215	394
-2213	392
-2211	389
-2210	386
-2209	382
-2209	378
-2209	374
-2209	371
-2207	368
-2206	365
-2206	361
-2205	358
-2203	355
-2203	351
-2203	347
-2201	345
-2200	341
-2200	338
-2199	335
-2198	331
-2196	328
-2195	325
-2194	322
-2194	318
-2193	315
-2192	311
-2190	308
-2188	306
-2188	302
-2188	298
-2185	296
-2184	293
-2183	290
-2182	286
-2181	282
-2179	280
-2177	277
-2175	275
-2175	271
-2175	266
-2174	264
-2174	259
-2172	257
-2168	255
-2166	253
-2165	249
-2165	245
-2164	242
-2163	239
-2162	235
-2160	232
-2159	229
-2157	226
-2156	223
-2154	220
-2153	217
-2155	212
-2154	208
-2152	206
-2150	202
-2150	198
-2149	195
-2147	192
-2146	189
-2145	186
-2143	183
-2142	180
-2141	176
-2140	173
-2139	169
-2138	166
-2137	162
-2136	159
-2134	156
-2132	153
-2131	150
-2130	147
-2128	143
-2127	140
-2128	136
-2127	132
-2126	128
-2124	126
-2121	124
-2121	120
-2119	116
-2118	113
-2116	111
-2115	107
-2114	103
-2112	101
-2111	97
-2109	94
-2108	91
-2107	87
-2106	84
-2104	81
-2102	78
-2101	75
-2099	72
-2098	68
-2097	65
-2096	61
-2095	58
-2093	55
-2093	51
-2091	48
-2090	44
-2089	41
-2087	38
-2085	35
-2085	31
-2084	27
-2083	24
-2081	21
-2079	18
-2079	13
-2078	9
-2078	6
-2076	2
-2074	-0
-2073	-4
-2072	-8
-2070	-11
-2068	-13
-2067	-17
-2066	-21
-2065	-24
-2064	-28
-2062	-31
-2061	-34
-2059	-38
-2059	-42
-2058	-45
-2056	-49
-2055	-53
-2053	-55
-2052	-58
-2050	-62
-2049	-66
-2048	-69
-2046	-72
-2044	-75
-2044	-79
-2042	-83
-2041	-86
-2038	-88
-2039	-94
-2037	-97
-2037	-101
-2036	-105
-2035	-109
-2033	-112
-2031	-115
-2030	-118
-2028	-121
-2026	-124
-2026	-129
-2024	-132
-2022	-135
-2020	-138
-2011	-134
-1997	-126
-1987	-121
-1981	-121
-1977	-121
-1974	-124
-1974	-128
-1973	-131
-1967	-131
-1962	-131
-1956	-130
-1951	-129
-1947	-131
-1947	-135
-1946	-139
-1938	-137
-1936	-139
-1928	-136
-1918	-131
-1912	-129
-1906	-129
-1903	-130
-1901	-133
-1899	-136
-1891	-133
-1885	-132
-1881	-132
-1878	-134
-1875	-135
-1869	-134
-1861	-131
-1858	-133
-1856	-136
-1853	-137
-1848	-137
-1839	-133
-1830	-128
-1824	-126
-1819	-127
-1818	-130
-1815	-132
-1813	-134
-1811	-137
-1810	-141
-1808	-144
-1807	-148
-1805	-150
-1802	-151
-1795	-149
-1790	-149
-1785	-148
-1781	-149
-1778	-150
-1774	-150
-1771	-152
-1767	-153
-1765	-156
-1758	-153
-1752	-150
-1745	-148
-1738	-145
-1728	-139
-1724	-140
-1721	-141
-1719	-144
-1717	-146
-1714	-148
-1712	-151
-1710	-153
-1700	-147
-1692	-142
-1688	-143
-1686	-145
-1684	-148
-1683	-151
-1679	-151
-1675	-152
-1674	-156
-1671	-157
-1664	-154
-1659	-154
-1655	-153
-1651	-153
-1646	-153
-1642	-153
-1637	-152
-1625	-142
-1622	-144
-1620	-146
-1619	-150
-1620	-156
-1616	-157
-1612	-157
-1607	-156
-1603	-155
-1595	-151
-1586	-146
-1580	-143
-1577	-144
-1574	-145
-1571	-146
-1567	-146
-1566	-150
-1565	-154
-1565	-159
-1565	-163
-1559	-161
-1554	-160
-1549	-158
-1544	-157
-1539	-157
-1535	-156
-1530	-155
-1526	-155
-1521	-153
-1516	-151
-1512	-152
-1509	-153
-1507	-156
-1506	-159
-1502	-159
-1496	-156
-1492	-156
-1488	-156
-1487	-159
-1486	-163
-1485	-167
-1482	-168
-1478	-168
-1474	-168
-1467	-163
-1460	-160
-1456	-159
-1454	-161
-1451	-162
-1448	-163
-1442	-160
-1439	-162
-1438	-165
-1436	-167
-1433	-168
-1429	-168
-1427	-170
-1425	-173
-1422	-174
-1417	-172
-1413	-171
-1409	-171
-1403	-168
-1398	-167
-1394	-165
-1389	-165
-1386	-165
-1386	-170
-1387	-176
-1390	-185
-1388	-188
-1385	-189
-1382	-190
-1379	-191
-1377	-193
-1370	-188
-1358	-177
-1350	-170
-1345	-168
-1342	-170
-1341	-173
-1336	-171
-1329	-166
-1324	-163
-1320	-163
-1317	-164
-1315	-165
-1312	-166
-1310	-169
-1307	-170
-1304	-171
-1302	-173
-1299	-174
-1297	-176
-1293	-175
-1289	-174
-1285	-174
-1282	-175
-1278	-173
-1274	-172
-1271	-174
-1267	-173
-1263	-172
-1260	-173
-1258	-175
-1255	-176
-1251	-175
-1246	-173
-1243	-173
-1239	-173
-1238	-175
-1235	-176
-1232	-176
-1228	-176
-1224	-175
-1221	-175
-1218	-176
-1215	-177
-1212	-177
-1208	-177
-1205	-177
-1202	-177
-1199	-178
-1196	-178
-1192	-178
-1189	-178
-1185	-177
-1182	-177
-1178	-177
-1175	-178
-1172	-177
-1169	-177
-1165	-177
-1162	-177
-1159	-177
-1155	-177
-1152	-177
-1149	-178
-1146	-178
-1142	-177
-1139	-178
-1136	-177
-1133	-177
-1129	-177
-1126	-177
-1123	-177
-1119	-177
-1116	-176
-1113	-176
-1109	-176
-1106	-175
-1103	-177
-1100	-177
-1097	-177
-1094	-177
-1091	-178
-1088	-178
-1086	-179
-1082	-178
-1077	-176
-1075	-176
-1072	-178
-1069	-178
-1066	-178
-1063	-179
-1060	-179
-1057	-180
-1054	-179
-1050	-178
-1047	-178
-1045	-180
-1042	-180
-1038	-178
-1035	-178
-1032	-178
-1029	-179
-1026	-178
-1023	-179
-1020	-179
-1017	-179
-1014	-179
-1011	-179
-1008	-180
-1005	-181
-1002	-180
-999	-181
-996	-181
-994	-182
-992	-185
-990	-186
-988	-188
-985	-190
-983	-191
-980	-192
-977	-191
-974	-192
-971	-191
-965	-185
-953	-167
-942	-149
-933	-137
-929	-135
-926	-135
-924	-136
-921	-137
-919	-139
-917	-141
-915	-143
-915	-150
-916	-156
-914	-158
-907	-151
-901	-143
-897	-141
-894	-140
-891	-141
-889	-143
-887	-145
-889	-155
-888	-161
-886	-162
-883	-162
-878	-158
-872	-150
-868	-146
-864	-145
-862	-145
-858	-144
-856	-145
-854	-147
-851	-147
-778	-0
-775	0
-773	-0
-770	-0
-767	0
-765	0
-762	0
-759	0
-757	1
-754	1
-752	1
-749	1
-747	-0
-744	-0
-742	-0
-739	-1
-736	-0
-734	-0
-732	-1
-732	-9
-732	-16
-731	-18
-727	-15
-722	-9
-719	-8
-719	-14
-718	-19
-716	-21
-744	-130
-743	-135
-742	-138
-740	-141
-738	-143
-736	-144
-733	-145
-731	-146
-729	-147
-726	-147
-724	-148
-721	-149
-718	-149
-716	-151
-714	-151
-711	-151
-709	-154
-707	-155
-704	-155
-702	-155
-698	-152
-694	-148
-690	-146
-687	-145
-685	-146
-682	-145
-680	-146
-678	-148
-679	-160
-676	-160
-673	-159
-671	-159
-667	-157
-665	-157
-662	-156
-659	-156
-656	-155
-653	-153
-649	-150
-646	-150
-644	-151
-642	-151
-639	-151
-636	-151
-634	-153
-632	-154
-630	-157
-629	-161
-627	-163
-625	-165
-622	-165
-619	-164
-615	-160
-611	-153
-607	-148
-604	-147
-601	-147
-599	-149
-597	-153
-597	-160
-597	-169
-594	-169
-589	-162
-586	-159
-583	-158
-580	-156
-577	-154
-573	-151
-569	-145
-567	-145
-565	-149
-564	-153
-562	-157
-560	-159
-558	-162
-556	-163
-554	-166
-553	-171
-552	-177
-550	-180
-548	-183
-546	-186
-544	-187
-541	-188
-539	-188
-536	-188
-534	-188
-531	-187
-528	-188
-526	-187
-523	-187
-520	-187
-518	-187
-515	-186
-512	-186
-510	-185
-507	-186
-505	-187
-502	-188
-500	-190
-497	-188
-494	-187
-492	-186
-489	-187
-487	-188
-484	-188
-482	-188
-479	-186
-476	-187
-474	-187
-471	-188
-469	-187
-466	-186
-463	-185
-461	-186
-458	-187
-456	-187
-454	-189
-451	-187
-448	-189
-446	-187
-443	-187
-440	-186
-438	-188
-436	-189
-433	-188
-430	-188
-428	-187
-425	-185
-422	-185
-419	-184
-417	-185
-415	-187
-412	-185
-409	-185
-407	-185
-405	-186
-402	-187
-400	-188
-397	-187
-395	-187
-392	-188
-390	-189
-387	-189
-385	-188
-382	-188
-379	-187
-377	-186
-374	-187
-372	-186
-369	-186
-367	-187
-365	-188
-362	-189
-360	-189
-357	-190
-355	-189
-352	-187
-349	-187
-347	-186
-344	-187
-342	-188
-340	-189
-337	-190
-334	-187
-332	-186
-329	-187
-327	-188
-324	-187
-322	-188
-319	-188
-317	-188
-314	-188
-312	-187
-309	-187
-307	-187
-304	-187
-302	-187
-299	-187
-297	-187
-294	-187
-292	-187
-289	-188
-287	-187
-284	-187
-281	-185
-279	-183
-276	-183
-274	-185
-271	-185
-269	-187
-267	-186
-264	-186
-262	-186
-259	-182
-256	-180
-253	-177
-251	-175
-248	-175
-246	-176
-244	-178
-241	-182
-239	-187
-237	-187
-234	-186
-232	-188
-230	-188
-227	-188
-225	-187
-222	-187
-220	-187
-217	-185
-214	-179
-211	-176
-209	-175
-206	-174
-204	-172
-201	-172
-199	-172
-196	-171
-194	-170
-191	-169
-189	-169
-186	-170
-184	-170
-182	-173
-179	-177
-177	-179
-175	-181
-172	-183
-170	-184
-168	-185
-165	-185
-163	-188
-160	-188
-158	-182
-155	-174
-152	-172
-150	-172
-147	-170
-145	-170
-142	-170
-140	-169
-138	-172
-135	-173
-133	-175
-130	-176
-128	-176
-126	-176
-123	-177
-121	-179
-118	-181
-116	-183
-114	-183
-111	-186
-109	-188
-106	-189
-104	-189
-101	-189
-99	-189
-96	-189
-94	-188
-91	-188
-89	-188
-87	-187
-84	-187
-82	-188
-79	-184
-74	-176
-72	-176
-69	-178
-67	-180
-64	-184
-62	-186
-59	-188
-57	-189
-55	-189
-52	-189
-50	-189
-47	-189
-45	-190
-42	-190
-40	-189
-37	-187
-35	-187
-32	-189
-30	-189
-28	-189
-25	-187
-23	-186
-20	-187
-18	-188
-15	-187
-13	-188
-10	-189
-8	-188
-5	-188
-3	-189
-0	-190
2	-190
5	-190
7	-189
9	-188
12	-188
14	-188
17	-188
19	-189
22	-189
24	-188
27	-189
29	-189
32	-187
34	-188
37	-189
39	-187
41	-187
44	-188
46	-190
49	-188
51	-188
54	-187
56	-187
59	-187
61	-188
64	-189
66	-189
69	-189
71	-189
74	-189
76	-188
78	-186
81	-186
83	-187
86	-188
88	-188
91	-187
93	-188
96	-188
98	-189
101	-188
103	-187
106	-188
108	-189
111	-190
113	-188
116	-188
118	-188
121	-189
123	-188
126	-188
128	-187
131	-188
133	-187
135	-187
138	-187
140	-187
143	-186
145	-187
148	-187
150	-187
153	-187
156	-188
158	-189
161	-190
163	-190
166	-189
168	-188
171	-189
173	-188
175	-187
178	-188
180	-188
183	-187
185	-186
188	-186
190	-186
193	-187
195	-187
198	-186
200	-187
203	-186
205	-185
208	-187
211	-188
213	-188
216	-189
218	-188
221	-189
223	-188
226	-187
228	-188
231	-189
233	-189
236	-190
239	-190
241	-190
243	-189
246	-188
249	-189
251	-189
254	-190
256	-188
259	-188
261	-189
264	-188
266	-188
269	-187
271	-189
274	-189
277	-190
279	-187
281	-186
283	-186
286	-187
289	-188
292	-188
294	-189
297	-187
299	-186
301	-186
304	-187
307	-187
309	-188
312	-187
314	-187
317	-187
320	-188
322	-188
325	-188
327	-187
330	-187
333	-188
335	-187
338	-188
340	-188
342	-186
345	-187
348	-188
350	-187
353	-188
356	-187
358	-188
361	-188
363	-187
366	-187
368	-187
371	-188
373	-186
376	-185
379	-186
381	-185
384	-186
387	-187
389	-187
392	-187
394	-186
397	-187
399	-186
402	-186
405	-188
408	-188
410	-187
412	-186
415	-187
418	-186
420	-187
423	-187
426	-188
429	-188
431	-187
434	-188
437	-189
439	-188
442	-187
444	-187
447	-186
449	-186
452	-186
455	-187
458	-187
460	-186
463	-188
465	-187
468	-188
471	-188
474	-188
476	-187
479	-187
482	-189
484	-188
487	-188
490	-187
492	-186
494	-185
497	-186
500	-186
503	-187
505	-187
508	-188
511	-188
514	-188
516	-187
519	-186
521	-186
524	-185
526	-184
529	-186
532	-186
535	-186
538	-187
541	-187
543	-187
547	-190
549	-188
550	-182
552	-179
554	-177
554	-171
555	-165
557	-163
559	-161
561	-159
563	-157
565	-155
567	-153
569	-150
568	-140
570	-137
572	-137
575	-136
577	-135
579	-133
582	-133
607	-196
610	-197
605	-174
603	-163
603	-155
605	-151
607	-150
609	-148
612	-148
616	-152
621	-158
625	-163
629	-164
631	-164
633	-162
635	-158
636	-156
638	-153
641	-152
643	-152
646	-152
649	-152
652	-152
655	-153
660	-160
663	-160
665	-157
668	-157
671	-158
674	-158
676	-158
680	-160
681	-156
682	-151
684	-148
686	-146
688	-144
690	-143
693	-143
696	-145
701	-148
705	-151
708	-153
711	-154
714	-153
716	-152
719	-151
721	-150
724	-149
726	-148
728	-146
731	-145
733	-145
736	-144
739	-145
741	-144
743	-142
745	-139
746	-135
747	-131
748	-126
749	-122
749	-116
749	-110
719	-15
720	-11
722	-8
723	-4
724	-1
726	1
728	2
731	1
735	-1
738	-2
740	-1
743	-1
746	-1
754	-2
764	-5
766	-4
768	-2
770	-1
772	1
775	0
778	0
781	0
784	-0
870	-147
874	-150
880	-155
885	-160
889	-161
891	-160
893	-158
894	-154
895	-150
896	-146
898	-143
900	-142
903	-141
906	-142
910	-143
917	-151
922	-153
921	-146
923	-143
925	-142
927	-139
928	-137
931	-135
934	-135
938	-137
969	-188
960	-166
971	-179
976	-182
982	-188
983	-183
987	-185
990	-185
992	-183
995	-182
997	-181
1000	-180
1003	-180
1007	-180
1010	-180
1013	-180
1016	-179
1019	-179
1022	-179
1025	-178
1028	-178
1032	-178
1036	-179
1039	-179
1043	-181
1046	-180
1050	-180
1053	-181
1056	-180
1059	-178
1062	-178
1065	-178
1069	-179
1071	-178
1074	-177
1078	-177
1081	-177
1086	-180
1090	-180
1093	-181
1096	-180
1100	-181
1103	-180
1106	-180
1109	-178
1112	-178
1116	-178
1119	-178
1123	-179
1127	-180
1130	-179
1133	-178
1138	-181
1141	-180
1146	-182
1149	-182
1152	-181
1155	-180
1159	-180
1162	-180
1165	-180
1169	-181
1173	-181
1176	-180
1179	-179
1182	-178
1186	-178
1190	-180
1194	-180
1197	-180
1201	-180
1205	-181
1208	-180
1211	-179
1214	-178
1218	-178
1222	-179
1225	-178
1229	-179
1233	-179
1237	-180
1241	-180
1245	-180
1247	-179
1249	-176
1251	-174
1254	-173
1259	-174
1264	-177
1267	-176
1270	-175
1273	-174
1275	-172
1278	-170
1281	-170
1284	-168
1286	-166
1290	-166
1294	-167
1301	-172
1310	-179
1313	-177
1315	-174
1318	-173
1319	-171
1321	-168
1323	-165
1326	-164
1329	-163
1331	-161
1333	-159
1337	-159
1340	-158
1343	-157
1347	-156
1349	-154
1352	-153
1355	-152
1358	-150
1359	-148
1362	-146
1365	-145
1368	-144
1372	-144
1376	-144
1379	-144
1383	-143
1387	-144
1390	-142
1393	-141
1396	-140
1401	-141
1405	-142
1413	-146
1414	-143
1416	-141
1419	-140
1422	-139
1426	-138
1430	-138
1434	-138
1438	-138
1441	-137
1444	-136
1447	-135
1452	-136
1457	-137
1464	-140
1476	-150
1485	-156
1486	-152
1489	-150
1492	-149
1494	-147
1498	-147
1503	-148
1507	-147
1511	-147
1513	-144
1514	-140
1515	-138
1519	-136
1524	-137
1531	-140
1536	-141
1540	-141
1546	-143
1552	-145
1555	-144
1557	-142
1561	-141
1563	-138
1566	-137
1570	-136
1573	-135
1577	-134
1581	-134
1587	-136
1591	-136
1595	-136
1603	-140
1607	-139
1610	-138
1614	-137
1617	-135
1619	-133
1622	-132
1627	-132
1630	-130
1634	-130
1637	-128
1640	-127
1643	-125
1647	-125
1651	-124
1656	-125
1665	-129
1675	-135
1681	-137
1684	-135
1688	-134
1692	-134
1696	-133
1702	-135
1707	-135
1711	-134
1717	-136
1719	-133
1723	-132
1728	-133
1732	-132
1735	-130
1737	-127
1739	-125
1742	-123
1745	-121
1746	-118
1749	-115
1752	-114
1755	-112
1759	-111
1762	-109
1766	-109
1771	-109
1777	-111
1778	-107
1781	-104
1785	-104
1795	-109
1802	-111
1804	-108
1808	-107
1816	-110
1819	-109
1822	-106
1824	-104
1827	-102
1834	-104
1847	-111
1852	-111
1855	-109
1859	-108
1862	-107
1866	-106
1870	-104
1874	-103
1878	-102
1882	-101
1885	-99
1888	-98
1892	-96
1897	-96
1908	-102
1923	-110
1925	-108
1928	-106
1931	-103
1934	-101
1937	-99
1944	-101
1949	-101
1955	-101
1964	-104
1970	-105
1973	-103
1974	-99
1977	-97
1978	-93
1982	-92
1987	-91
1991	-91
1995	-89
1998	-87
2001	-85
2005	-84
2009	-82
2014	-82
2024	-85
2033	-88
2043	-92
2049	-92
2055	-93
2062	-94
2070	-96
2074	-95
2076	-91
2080	-90
2083	-88
2088	-87
2091	-85
2094	-83
2097	-80
2099	-77
2102	-75
2109	-76
2117	-78
2122	-77
2125	-74
2128	-72
2132	-71
2136	-70
2140	-68
2143	-66
2146	-63
2149	-61
2152	-59
2156	-57
2170	-63
2180	-66
2185	-66
2187	-62
2188	-59
2191	-56
2195	-54
2201	-54
2211	-57
2218	-58
2220	-55
2223	-52
2228	-51
2232	-49
2237	-49
2252	-55
2256	-54
2258	-50
2259	-46
2274	-53
2269	-44
2280	-47
2286	-47
2290	-45
2294	-43
2298	-42
2303	-41
2309	-40
2312	-37
2314	-34
2318	-32
2318	-28
2320	-24
2320	-19
2317	-13
2314	-6
2317	-3
2316	2
2317	6
2322	7
2325	9
2327	13
2327	17
2331	19
2331	24
2322	35
2325	38
2327	41
2328	45
2328	50
2330	53
2332	56
2334	59
2326	69
2327	73
2328	77
2329	81
2331	84
2327	91
2330	94
2328	100
2329	103
2331	107
2328	113
2329	117
2331	120
2334	123
2332	128
2327	136
2329	139
2332	142
2332	146
2330	152
2331	156
2332	159
2333	163
2334	167
2334	172
2336	175
2339	177
2341	180
2343	184
2343	188
2342	193
2343	196
2345	200
2346	204
2346	208
2346	212
2346	217
2346	221
2349	223
2350	227
2351	231
2351	235
2350	240
2351	244
2354	246
2357	249
2356	254
2355	258
2357	261
2359	265
2360	268
2360	272
2361	276
2363	279
2363	284
2360	290
2358	295
2363	297
2366	299
2367	302
2366	307
2368	310
2369	314
2371	317
2370	322
2370	326
2369	331
2369	335
2372	338
2372	342
2372	346
2374	349
2375	353
2377	355
2376	360
2378	363
2380	366
2379	371
2380	375
2381	378
2381	382
2382	386
2381	390
2382	394
2385	397
2386	400
2385	405
2387	408
2387	412
2387	416
2389	419
2391	422
2391	426
2391	430
2393	434
2393	437
2392	442
2394	445
2396	448
2396	452
2398	455
2399	459
2399	462
2400	466
2402	469
2401	474
2399	479
2402	481
2406	483
2410	486
2411	489
2415	491
2422	491
2421	496
2423	499
2424	502
2426	506
2425	510
2424	515
2423	519
2422	523
2421	528
2424	530
2428	533
2429	536
2429	540
2429	544
2430	548
2431	551
2433	554
2434	558
2435	561
2435	565
2435	569
2435	573
2434	577
2434	581
2437	584
2440	586
2440	590
2442	593
2442	597
2443	601
2441	605
2442	609
2444	612
2448	614
2446	619
2449	622
2449	625
2449	629
2449	633
2454	635
2456	638
2457	642
2457	645
2457	649
2458	653
2458	657
2460	660
2461	663
2462	667
2463	670
2463	674
2462	678
2461	682
2463	685
2464	689
2464	692
2465	696
2465	700
2466	703
2466	707
2467	710
2468	714
2467	718
2468	721
2469	725
2469	729
2470	732
2472	735
2472	739
2472	743
2473	746
2475	749
2475	753
2473	757
2474	761
2476	764
2477	767
2478	771
2477	775
2478	778
2479	782
2477	786
2476	790
2477	794
2479	797
2482	799
2482	803
2482	807
2484	810
2485	813
2484	817
2484	821
2482	825
2483	829
2484	832
2486	835
2488	838
2489	842
2488	846
2488	849
2490	852
2491	856
2491	860
2489	864
2491	867
2492	870
2493	874
2494	877
2495	880
2494	884
2494	888
2495	892
2497	895
2498	898
2497	902
2496	906
2497	909
2498	913
2497	917
2500	919
2501	923
2501	926
2500	930
2501	934
2503	937
2504	940
2506	943
2506	947
2507	950
2508	954
2508	957
2509	961
2510	964
2509	968
2511	971
2512	974
2512	978
2511	982
2511	986
2510	990
2511	993
2512	996
2512	1000
2512	1003
2512	1007
2513	1010
2513	1014
2513	1018
2513	1021
2514	1025
2514	1028
2514	1032
2516	1035
2516	1038
2516	1042
2516	1046
2518	1049
2519	1052
2519	1055
2520	1059
2520	1062
2520	1066
2522	1069
2521	1073
2522	1076
2524	1079
2524	1083
2524	1087
2524	1090
2524	1094
2526	1097
2525	1101
2526	1104
2527	1107
2527	1111
2528	1114
2529	1118
2529	1121
2530	1124
2531	1128
2531	1131
2531	1135
2530	1139
2531	1142
2534	1145
2533	1149
2533	1152
2533	1156
2534	1159
2531	1163
2531	1167
2534	1170
2536	1173
2536	1177
2535	1180
2533	1184
2534	1187
2536	1191
2536	1194
2536	1198
2537	1201
2539	1204
2539	1208
2539	1211
2539	1215
2542	1218
2543	1221
2543	1225
2543	1228
2543	1232
2544	1235
2544	1238
2545	1242
2545	1245
2545	1249
2547	1252
2547	1256
2549	1259
2551	1262
2552	1265
2553	1269
2553	1272
2555	1275
2556	1279
2557	1282
2555	1286
2554	1290
2552	1293
2553	1297
2554	1300
2554	1304
2553	1307
2555	1311
2554	1314
2555	1318
2555	1321
2556	1324
2556	1328
2557	1331
2556	1335
2557	1338
2558	1342
2560	1345
2560	1348
2560	1352
2560	1355
2560	1359
2561	1362
2559	1366
2559	1369
2559	1373
2560	1376
2560	1380
2562	1383
2562	1387
2562	1390
2563	1393
2563	1397
2563	1400
2565	1404
2564	1407
2564	1411
2563	1414
2562	1418
2565	1421
2567	1424
2567	1428
2566	1431
2565	1435
2566	1438
2567	1442
2568	1445
2569	1448
2569	1452
2569	1455
2570	1459
2570	1462
2571	1466
2571	1469
2570	1473
2571	1476
2572	1480
2572	1483
2572	1486
2573	1490
2573	1493
2573	1497
2572	1500
2573	1504
2575	1507
2574	1511
2572	1514
2575	1518
2577	1521
2578	1524
2577	1528
2577	1531
2576	1535
2577	1538
2578	1542
2579	1545
2580	1549
2579	1552
2579	1555
2580	1559
2580	1562
2580	1566
2582	1569
2584	1573
2585	1576
2584	1580
2584	1583
2583	1587
2583	1590
2584	1593
2584	1597
2587	1600
2586	1604
2587	1607
2588	1611
2588	1614
2588	1618
2589	1621
2590	1625
2591	1628
2592	1632
2592	1635
2591	1638
2592	1642
2593	1645
2593	1649
2594	1652
2594	1656
2593	1659
2592	1663
2593	1666
2594	1670
