2589	1702
2590	1706
2591	1709
2592	1713
2593	1716
2594	1720
2594	1727
2594	1730
2595	1734
2596	1737
2597	1741
2599	1744
2599	1748
2599	1751
2599	1754
2599	1758
2599	1761
2600	1765
2601	1768
2601	1772
2604	1775
2604	1779
2604	1782
2604	1786
2603	1789
2603	1793
2603	1796
2604	1800
2605	1803
2606	1807
2606	1810
2607	1814
2607	1817
2606	1821
2606	1824
2608	1828
2608	1831
2609	1835
2611	1839
2611	1842
2611	1846
2613	1849
2614	1853
2614	1856
2615	1860
2617	1863
2617	1867
2618	1871
2616	1874
2616	1877
2618	1881
2620	1885
2620	1888
2621	1892
2621	1895
2620	1899
2619	1902
2623	1906
2625	1910
2625	1913
2625	1917
2626	1920
2627	1924
2626	1928
2626	1931
2629	1935
2628	1938
2628	1942
2627	1945
2627	1949
2629	1953
2630	1956
2630	1960
2631	1963
2630	1967
2631	1971
2631	1974
2630	1978
2631	1981
2634	1985
2633	1989
2634	1992
2634	1996
2635	1999
2636	2003
2636	2007
2636	2010
2635	2014
2636	2017
2636	2021
2638	2025
2639	2028
2639	2032
2640	2036
2641	2039
2642	2043
2640	2047
2638	2050
2637	2053
2639	2057
2640	2061
2641	2065
2641	2068
2642	2072
2642	2076
2644	2079
2646	2083
2647	2087
2643	2090
2646	2094
2647	2098
2647	2101
2645	2105
2646	2109
2648	2112
2648	2116
2649	2120
2650	2124
2652	2128
2652	2131
2651	2135
2653	2139
2653	2142
2649	2145
2649	2149
2651	2153
2653	2157
2654	2161
2657	2165
2657	2169
2657	2172
2658	2176
2658	2180
2658	2183
2660	2187
2661	2191
2661	2195
2663	2199
2663	2203
2664	2207
2664	2210
2663	2214
2663	2217
2665	2222
2667	2226
2666	2229
2667	2233
2667	2237
2666	2240
2664	2244
2663	2247
2665	2251
2666	2255
2667	2259
2668	2263
2667	2266
2667	2270
2667	2274
2668	2278
2669	2282
2670	2286
2671	2290
2671	2293
2671	2297
2671	2301
2671	2305
2672	2308
2672	2312
2673	2316
2677	2321
2677	2325
2677	2329
2676	2332
2675	2336
2674	2339
2675	2343
2676	2347
2676	2351
2676	2355
2676	2359
2676	2362
2676	2366
2678	2370
2678	2374
2680	2379
2681	2382
2681	2386
2681	2390
2681	2394
2682	2398
2682	2402
2681	2405
2679	2409
2679	2412
2680	2417
2681	2421
2681	2425
2681	2428
2686	2433
2685	2437
2685	2441
2686	2445
2686	2449
2685	2452
2685	2456
2686	2460
2686	2465
2686	2468
2687	2473
2688	2477
2689	2481
2689	2485
2689	2489
2691	2493
2692	2497
2692	2501
2693	2505
2695	2510
2697	2514
2698	2519
2698	2522
2698	2527
2700	2531
2699	2535
2699	2539
2699	2542
2696	2546
2696	2549
2699	2554
2705	2560
2704	2564
2703	2567
2703	2572
2704	2576
2705	2580
2704	2584
2705	2588
2706	2592
2706	2596
2706	2600
2705	2604
2705	2608
2706	2612
2709	2618
2709	2622
2709	2625
2709	2630
2710	2634
2711	2638
2710	2642
2710	2646
2710	2650
2710	2654
2711	2659
2711	2663
2709	2666
2710	2670
2713	2675
2713	2680
2714	2684
2714	2688
2715	2693
2715	2697
2715	2701
2716	2705
2717	2710
2717	2714
2717	2718
2717	2722
2716	2726
2717	2730
2717	2735
2718	2739
2720	2744
2723	2749
2723	2754
2723	2757
2722	2761
2722	2765
2721	2769
2722	2774
2722	2778
2722	2782
2720	2786
2721	2790
2724	2796
2724	2800
2724	2804
2724	2808
2724	2812
2726	2818
2727	2822
2728	2827
2726	2830
2725	2834
2726	2839
2728	2844
2729	2849
2730	2853
2729	2857
2729	2862
2728	2865
2727	2869
2729	2874
2728	2878
2725	2881
2724	2885
2723	2889
2724	2894
2727	2899
2729	2905
2730	2909
2729	2913
2729	2918
2728	2922
2729	2926
2728	2930
2731	2936
2730	2940
2730	2944
2731	2949
2732	2954
2733	2959
2732	2963
2732	2967
2732	2972
2733	2977
2733	2981
2734	2986
2734	2990
2734	2994
2732	2998
2734	3003
2734	3008
2736	3013
2736	3018
2735	3022
2735	3026
2735	3031
2734	3035
2734	3040
2734	3044
2734	3048
2734	3053
2734	3057
2734	3062
2733	3066
2734	3071
2734	3076
2733	3079
2732	3084
2728	3086
2717	3085
2691	3077
2674	3072
2665	3073
2661	3075
2658	3078
2657	3082
2656	3086
2656	3090
2666	3100
2718	3132
2732	3143
2734	3149
2735	3154
2736	3160
2738	3165
2738	3170
2738	3174
2738	3179
2740	3185
2741	3190
2740	3195
2740	3199
2741	3204
2742	3209
2744	3215
2744	3220
2744	3225
2743	3229
2743	3234
2743	3239
2742	3243
2741	3247
2741	3252
2742	3257
2742	3262
2741	3266
2741	3271
2741	3276
2741	3281
2744	3287
2744	3293
2744	3297
2744	3302
2743	3307
2744	3312
2744	3317
2745	3322
2745	3327
2744	3331
2742	3335
2742	3340
2743	3345
2743	3351
2743	3355
2743	3361
2742	3365
2742	3370
2742	3375
2741	3379
2740	3384
2741	3389
2739	3393
2739	3398
2740	3404
2740	3409
2741	3414
2739	3418
2738	3423
2742	3430
2743	3436
2744	3442
2743	3446
2740	3449
2738	3453
2740	3459
2739	3464
2738	3468
2736	3472
2736	3478
2736	3482
2734	3487
2732	3490
2729	3494
2730	3500
2730	3504
2731	3511
2736	3519
2739	3526
2738	3531
2739	3536
2738	3541
2736	3545
2735	3550
2735	3555
2736	3561
2735	3566
2735	3571
2733	3575
2733	3580
2733	3586
2732	3591
2731	3595
2730	3599
2730	3605
2731	3611
2731	3617
2729	3620
2726	3624
2725	3628
2724	3633
2724	3638
2724	3644
2725	3650
2726	3656
2726	3661
2725	3667
2726	3673
2725	3678
2723	3682
2723	3687
2722	3692
2722	3697
2722	3703
2722	3709
2721	3714
2720	3718
2718	3722
2718	3728
2720	3735
2720	3741
2720	3746
2720	3752
2720	3757
2720	3763
2719	3768
2718	3773
2717	3778
2716	3783
2714	3787
2714	3792
2713	3798
2713	3803
2712	3808
2714	3815
2715	3822
2715	3828
2713	3832
2713	3838
2712	3843
2712	3849
2711	3854
2711	3860
2708	3863
2706	3868
2706	3873
2704	3877
2702	3881
2699	3886
2684	3879
2667	3872
2662	3873
2655	3874
2651	3876
2647	3879
2646	3884
2662	3902
2681	3924
2686	3934
2685	3939
2683	3944
2682	3949
2679	3952
2677	3957
2675	3961
2674	3966
2672	3971
2672	3977
2670	3981
2669	3986
2667	3991
2665	3995
2663	4000
2661	4004
2659	4009
2657	4013
2656	4018
2654	4023
2654	4029
2653	4034
2651	4039
2648	4043
2647	4047
2646	4054
2645	4058
2642	4063
2640	4067
2639	4072
2637	4076
2635	4081
2632	4085
2630	4090
2630	4095
2630	4102
2628	4107
2627	4112
2624	4116
2622	4120
2619	4124
2619	4130
2618	4136
2616	4140
2614	4145
2612	4150
2256	3837
2251	3838
2251	3845
2579	4203
2575	4206
2571	4209
2568	4213
2566	4217
2564	4222
2561	4226
2559	4231
2557	4235
2554	4239
2551	4242
2548	4246
2545	4250
2543	4255
2540	4259
2537	4262
2534	4266
2531	4270
2529	4275
2526	4278
2523	4282
2521	4287
2519	4292
2517	4296
2513	4300
2511	4304
2508	4308
2506	4313
2502	4316
2500	4320
2497	4324
2495	4329
2493	4333
2490	4337
2487	4341
2484	4345
2482	4350
2479	4354
2475	4357
2473	4362
2470	4366
2468	4370
2465	4374
2461	4377
2458	4381
2456	4385
2453	4389
2449	4392
2446	4396
2444	4401
2443	4407
2441	4412
2438	4416
2435	4420
2433	4425
2430	4429
2427	4432
2424	4436
2421	4441
2418	4444
2416	4449
2411	4451
2408	4455
2406	4460
2403	4464
2399	4466
2398	4473
2395	4477
2392	4481
2391	4487
2388	4491
2385	4495
2382	4499
2379	4503
2376	4507
2374	4512
2371	4516
2367	4518
2364	4523
2361	4527
2358	4531
2354	4534
2351	4538
2349	4542
2345	4546
2342	4549
2339	4553
2336	4558
2333	4562
2330	4566
2326	4569
2323	4573
2320	4577
2317	4581
2314	4584
2311	4588
2309	4595
2306	4598
2302	4601
2299	4605
2295	4608
2292	4611
2288	4615
2284	4618
2280	4621
2277	4625
2275	4630
2272	4635
2270	4639
2266	4643
2264	4648
2262	4653
2258	4657
2255	4661
2253	4665
2250	4670
2247	4674
2244	4678
2241	4682
2237	4685
2234	4690
2232	4696
2230	4700
2226	4704
2222	4707
2220	4712
2216	4715
2213	4719
2211	4725
2208	4729
2205	4734
2202	4738
2200	4743
2198	4749
2196	4754
2192	4757
2188	4760
2184	4764
2181	4768
2179	4773
2177	4779
2173	4783
2171	4787
2168	4792
2164	4796
2161	4800
2157	4802
2153	4806
2150	4811
2146	4813
2143	4817
2139	4821
2135	4824
2131	4827
2127	4830
2124	4835
2121	4839
2118	4844
2115	4847
2111	4851
2108	4855
2104	4857
2099	4859
2095	4862
2091	4866
2088	4870
2084	4873
2082	4879
2079	4884
2075	4887
2071	4889
2067	4894
2064	4898
2061	4903
2058	4906
2054	4910
2051	4914
2047	4918
2044	4922
2041	4927
2037	4930
2033	4934
2030	4937
2026	4941
2022	4944
2019	4949
2016	4953
2013	4958
2009	4961
2006	4966
2002	4969
1999	4974
1996	4979
1992	4982
1988	4985
1984	4988
1979	4990
1976	4994
1971	4997
1966	4997
1962	5000
1958	5004
1954	5007
1950	5011
1946	5014
1942	5017
1937	5018
1932	5020
1928	5024
1924	5027
1921	5030
1916	5033
1912	5036
1908	5040
1904	5042
1900	5045
1895	5048
1891	5051
1888	5055
1885	5060
1882	5065
1877	5066
1872	5069
1868	5072
1863	5074
1859	5076
1856	5081
1853	5086
1848	5088
1846	5094
1843	5099
1839	5104
1835	5107
1831	5109
1826	5112
1823	5116
1818	5118
1814	5122
1810	5124
1806	5128
1801	5130
1796	5132
1792	5134
1787	5136
1784	5141
1779	5143
1775	5145
1771	5149
1767	5154
1764	5158
1760	5162
1756	5165
1752	5169
1748	5172
1743	5174
1739	5177
1735	5180
1731	5183
1726	5185
1722	5189
1718	5192
1714	5195
1709	5197
1704	5199
1699	5200
1694	5202
1689	5204
1685	5206
1680	5208
1676	5211
1672	5214
1667	5217
1662	5218
1658	5221
1654	5224
1649	5226
1644	5228
1640	5231
1635	5233
1631	5237
1628	5242
1624	5245
1620	5248
1616	5252
1611	5255
1607	5259
1603	5261
1598	5262
1593	5265
1589	5268
1584	5269
1580	5272
1575	5275
1572	5279
1567	5282
1563	5286
1559	5290
1555	5293
1551	5296
1547	5299
1543	5303
1539	5307
1534	5309
1529	5311
1524	5313
1520	5315
1515	5317
1510	5320
1505	5322
1501	5324
1496	5325
1491	5327
1486	5330
1482	5332
1476	5331
1470	5331
1466	5335
1461	5337
1456	5338
1451	5340
1447	5343
1443	5348
1439	5350
1434	5351
1429	5353
1424	5355
1419	5356
1414	5356
1409	5358
1405	5362
1401	5366
1396	5369
1391	5370
1386	5372
1383	5377
1381	5386
1376	5387
1371	5390
1366	5391
1360	5390
1354	5389
1349	5390
1344	5391
1339	5393
1334	5396
1330	5397
1324	5398
1319	5398
1313	5398
1308	5399
1303	5400
1298	5401
1294	5405
1289	5408
1285	5411
1280	5411
1275	5414
1271	5417
1265	5417
1260	5419
1256	5423
1251	5425
1247	5428
1242	5429
1237	5431
1232	5433
1228	5435
1223	5437
1218	5438
1213	5440
1208	5442
1203	5443
1198	5445
1194	5448
1189	5451
1185	5455
1181	5460
1176	5462
1171	5463
1167	5466
1162	5467
1156	5466
1150	5466
1146	5468
1141	5470
1136	5472
1131	5474
1126	5476
1122	5479
1117	5481
1112	5484
1107	5484
1102	5485
1096	5485
1091	5485
1086	5485
1080	5485
1075	5486
1070	5487
1065	5489
1060	5491
1056	5493
1051	5494
1045	5494
1040	5496
1035	5497
1031	5501
1026	5503
1021	5505
1017	5508
1012	5509
1007	5512
1003	5517
999	5521
994	5522
989	5523
984	5525
978	5524
973	5524
968	5525
963	5527
957	5527
953	5532
949	5535
944	5537
938	5536
933	5534
927	5535
922	5536
917	5537
912	5539
907	5540
902	5541
897	5542
892	5543
887	5545
882	5547
879	5555
874	5556
869	5560
864	5561
860	5565
856	5571
851	5574
846	5575
841	5578
836	5580
832	5584
827	5587
822	5589
817	5591
813	5594
808	5598
803	5599
798	5599
792	5599
787	5600
782	5602
778	5605
773	5609
769	5613
764	5617
760	5622
755	5623
749	5621
743	5619
737	5618
732	5619
727	5620
722	5620
717	5621
711	5620
706	5621
701	5622
696	5623
691	5624
685	5625
680	5625
675	5625
669	5625
663	5621
658	5620
653	5620
647	5620
642	5621
637	5621
632	5622
626	5620
621	5620
616	5620
610	5617
604	5616
599	5615
594	5616
589	5617
583	5618
579	5623
575	5628
570	5631
565	5633
560	5633
555	5635
550	5638
545	5641
540	5643
535	5644
530	5645
524	5646
519	5649
515	5651
510	5655
505	5658
500	5658
495	5661
490	5663
485	5664
479	5662
474	5662
469	5665
464	5668
459	5669
453	5669
448	5671
443	5671
438	5671
432	5670
427	5671
422	5668
417	5670
411	5670
406	5669
401	5670
396	5671
390	5668
385	5668
379	5668
374	5669
369	5667
364	5668
358	5667
353	5668
348	5669
343	5667
337	5668
332	5667
326	5664
321	5662
316	5660
310	5659
305	5659
300	5659
295	5661
290	5664
285	5666
280	5669
275	5670
269	5671
264	5670
259	5672
254	5676
249	5677
244	5678
239	5679
233	5681
228	5684
223	5687
218	5687
213	5688
208	5687
202	5686
197	5684
192	5685
187	5687
181	5688
176	5689
171	5691
166	5693
161	5691
155	5689
150	5690
145	5691
139	5690
134	5690
129	5692
124	5692
119	5692
113	5693
108	5692
73	5024
68	5022
64	5024
59	5022
55	5019
51	5018
46	5018
42	5019
37	5018
33	5012
28	5002
24	4998
20	4994
15	4993
11	4993
7	4994
2	4998
-2	4999
-6	5002
-11	5010
-15	5017
-19	5018
-24	5019
-28	5017
-32	5018
-37	5022
-41	5021
-45	5022
-54	5679
-60	5679
-65	5678
-70	5677
-75	5677
-80	5678
-86	5678
-91	5679
-96	5678
-101	5677
-107	5676
-112	5676
-117	5679
-122	5693
-128	5715
-154	5677
-159	5676
-164	5675
-169	5673
-174	5674
-180	5674
-185	5673
-190	5673
-195	5673
-200	5674
-206	5675
-211	5674
-216	5674
-221	5676
-227	5676
-232	5675
-237	5675
-242	5674
-247	5675
-253	5676
-258	5675
-263	5676
-268	5674
-273	5672
-279	5672
-284	5673
-289	5674
-295	5674
-300	5673
-305	5674
-310	5674
-315	5674
-321	5673
-326	5672
-331	5673
-336	5674
-342	5673
-347	5673
-352	5672
-357	5670
-362	5669
-367	5668
-373	5669
-378	5669
-383	5669
-388	5668
-394	5667
-399	5668
-404	5667
-409	5667
-414	5666
-420	5665
-425	5665
-430	5667
-436	5667
-441	5667
-446	5665
-451	5664
-456	5662
-461	5662
-466	5660
-472	5660
-477	5659
-482	5660
-487	5660
-493	5659
-498	5658
-503	5659
-508	5660
-514	5660
-519	5660
-524	5663
-530	5662
-535	5660
-540	5661
-545	5661
-551	5661
-556	5661
-561	5661
-567	5661
-572	5661
-577	5660
-582	5661
-588	5662
-593	5660
-598	5660
-603	5659
-608	5658
-614	5657
-619	5656
-624	5656
-629	5656
-634	5654
-640	5653
-645	5653
-650	5651
-655	5651
-660	5650
-665	5648
-670	5647
-676	5646
-680	5643
-685	5641
-691	5641
-696	5641
-701	5639
-706	5635
-710	5631
-715	5629
-720	5626
-725	5625
-730	5624
-735	5622
-740	5619
-745	5616
-750	5614
-755	5612
-759	5609
-764	5606
-769	5602
-773	5597
-777	5592
-782	5590
-787	5589
-793	5588
-798	5587
-802	5584
-807	5581
-812	5578
-817	5576
-821	5573
-826	5572
-832	5572
-837	5570
-841	5567
-846	5565
-851	5562
-856	5561
-862	5563
-867	5564
-872	5563
-877	5562
-882	5560
-887	5559
-892	5556
-897	5556
-903	5559
-909	5560
-914	5558
-919	5557
-924	5557
-929	5554
-934	5552
-938	5550
-943	5549
-949	5550
-954	5550
-959	5548
-965	5548
-970	5548
-975	5548
-980	5546
-985	5545
-990	5545
-995	5543
-1000	5540
-1005	5538
-1010	5536
-1015	5535
-1020	5534
-1024	5531
-1029	5529
-1035	5529
-1040	5530
-1045	5528
-1050	5525
-1054	5522
-1059	5519
-1064	5517
-1069	5516
-1074	5516
-1079	5516
-1084	5515
-1089	5513
-1094	5510
-1098	5507
-1104	5506
-1109	5507
-1114	5506
-1119	5504
-1124	5503
-1129	5502
-1135	5502
-1140	5501
-1145	5500
-1150	5498
-1155	5496
-1160	5496
-1165	5496
-1170	5494
-1175	5492
-1180	5492
-1185	5489
-1190	5487
-1195	5485
-1200	5485
-1205	5483
-1210	5481
-1215	5479
-1220	5478
-1225	5477
-1230	5476
-1235	5474
-1239	5472
-1244	5470
-1249	5467
-1254	5465
-1258	5463
-1263	5460
-1267	5457
-1273	5457
-1278	5456
-1284	5457
-1289	5458
-1295	5458
-1300	5457
-1305	5456
-1310	5454
-1315	5451
-1319	5449
-1324	5447
-1329	5445
-1334	5445
-1341	5447
-1345	5444
-1350	5443
-1356	5444
-1361	5443
-1365	5438
-1369	5434
-1373	5430
-1377	5426
-1381	5421
-1385	5417
-1390	5416
-1395	5413
-1399	5411
-1404	5409
-1409	5408
-1414	5406
-1419	5405
-1425	5405
-1431	5406
-1436	5405
-1441	5403
-1445	5400
-1450	5398
-1455	5398
-1460	5396
-1464	5392
-1469	5390
-1474	5389
-1479	5386
-1483	5382
-1486	5378
-1491	5375
-1496	5373
-1500	5370
-1505	5367
-1509	5363
-1514	5362
-1519	5361
-1523	5357
-1527	5353
-1531	5349
-1535	5345
-1540	5343
-1544	5341
-1549	5339
-1554	5338
-1559	5336
-1563	5333
-1568	5331
-1572	5327
-1576	5323
-1580	5320
-1584	5316
-1588	5312
-1592	5308
-1596	5304
-1600	5300
-1604	5296
-1608	5294
-1613	5293
-1618	5291
-1622	5288
-1627	5286
-1632	5285
-1637	5283
-1640	5277
-1644	5273
-1648	5269
-1652	5266
-1657	5264
-1661	5260
-1664	5254
-1668	5252
-1672	5249
-1676	5244
-1681	5242
-1686	5241
-1690	5238
-1694	5234
-1697	5230
-1701	5225
-1704	5219
-1707	5215
-1712	5212
-1716	5210
-1721	5208
-1725	5205
-1730	5203
-1735	5201
-1740	5200
-1744	5197
-1749	5196
-1752	5191
-1756	5187
-1760	5184
-1765	5182
-1770	5180
-1774	5178
-1778	5175
-1782	5171
-1786	5167
-1790	5164
-1794	5161
-1799	5160
-1804	5157
-1807	5153
-1811	5150
-1817	5149
-1822	5149
-1827	5147
-1831	5143
-1836	5142
-1840	5140
-1844	5136
-1848	5131
-1851	5127
-1855	5124
-1860	5122
-1864	5119
-1868	5116
-1872	5113
-1875	5107
-1878	5103
-1883	5100
-1887	5097
-1891	5094
-1895	5091
-1900	5089
-1904	5086
-1908	5082
-1910	5076
-1913	5071
-1916	5066
-1921	5064
-1924	5061
-1929	5058
-1934	5056
-1939	5055
-1944	5053
-1948	5051
-1952	5047
-1956	5044
-1960	5042
-1965	5039
-1969	5037
-1974	5035
-1978	5032
-1982	5029
-1986	5026
-1991	5024
-1995	5021
-2000	5020
-2004	5016
-2007	5012
-2010	5008
-2014	5004
-2018	5001
-2022	4998
-2026	4995
-2030	4991
-2033	4987
-2037	4984
-2041	4980
-2045	4977
-2048	4972
-2052	4970
-2057	4967
-2060	4964
-2065	4961
-2068	4958
-2072	4954
-2076	4951
-2080	4947
-2083	4944
-2087	4940
-2091	4937
-2095	4934
-2099	4930
-2102	4927
-2106	4923
-2110	4921
-2114	4917
-2118	4914
-2120	4908
-2124	4905
-2128	4901
-2131	4898
-2135	4894
-2139	4891
-2143	4889
-2147	4885
-2151	4882
-2155	4879
-2159	4876
-2163	4873
-2167	4870
-2170	4865
-2174	4862
-2178	4860
-2182	4857
-2186	4853
-2189	4850
-2193	4846
-2197	4842
-2201	4840
-2205	4837
-2207	4831
-2210	4826
-2213	4822
-2217	4819
-2220	4815
-2224	4812
-2229	4810
-2233	4807
-2238	4805
-2242	4803
-2247	4801
-2252	4799
-2256	4796
-2259	4792
-2261	4787
-2264	4783
-2268	4779
-2272	4776
-2276	4773
-2279	4770
-2283	4766
-2286	4762
-2290	4758
-2293	4754
-2296	4750
-2300	4747
-2303	4743
-2306	4739
-2310	4735
-2314	4732
-2318	4729
-2321	4725
-2324	4722
-2327	4717
-2331	4714
-2334	4710
-2338	4707
-2341	4703
-2344	4698
-2347	4694
-2351	4691
-2355	4688
-2358	4685
-2362	4681
-2365	4678
-2369	4674
-2372	4670
-2375	4666
-2379	4662
-2383	4659
-2386	4656
-2390	4653
-2394	4649
-2396	4645
-2400	4642
-2404	4639
-2406	4634
-2410	4631
-2414	4628
-2417	4624
-2420	4619
-2423	4615
-2427	4612
-2431	4610
-2435	4607
-2438	4602
-2441	4598
-2445	4595
-2448	4591
-2451	4587
-2455	4584
-2459	4581
-2462	4578
-2463	4571
-2466	4567
-2469	4563
-2472	4559
-2475	4554
-2478	4550
-2482	4548
-2486	4545
-2490	4542
-2494	4538
-2497	4534
-2500	4531
-2503	4527
-2506	4523
-2509	4519
-2513	4515
-2514	4510
-2517	4506
-2520	4501
-2522	4496
-2525	4493
-2529	4489
-2532	4486
-2535	4482
-2538	4477
-2541	4473
-2543	4469
-2547	4465
-2551	4463
-2554	4459
-2555	4452
-2558	4448
-2561	4445
-2565	4442
-2568	4438
-2571	4435
-2575	4431
-2578	4427
-2582	4424
-2584	4420
-2587	4416
-2591	4413
-2594	4408
-2597	4404
-2600	4401
-2602	4396
-2605	4392
-2608	4388
-2611	4384
-2613	4379
-2617	4376
-2620	4373
-2624	4369
-2626	4364
-2629	4361
-2632	4357
-2636	4354
-2638	4349
-2642	4346
-2645	4343
-2649	4339
-2651	4335
-2654	4331
-2656	4326
-2659	4322
-2662	4319
-2666	4315
-2669	4312
-2673	4308
-2675	4304
-2678	4300
-2681	4296
-2684	4292
-2687	4288
-2690	4285
-2693	4281
-2696	4277
-2698	4272
-2700	4267
-2702	4262
-2705	4259
-2708	4255
-2710	4250
-2714	4247
-2715	4242
-2717	4237
-2720	4233
-2723	4229
-2724	4224
-2728	4220
-2729	4215
-2731	4211
-2733	4206
-2735	4201
-2737	4196
-2740	4192
-2743	4189
-2746	4185
-2748	4180
-2751	4176
-2754	4173
-2757	4168
-2759	4164
-2761	4159
-2763	4154
-2765	4150
-2768	4146
-2770	4142
-2773	4138
-2776	4134
-2779	4130
-2782	4127
-2784	4122
-2786	4118
-2789	4113
-2790	4108
-2791	4103
-2795	4099
-2798	4096
-2801	4092
-2801	4086
-2803	4082
-2807	4078
-2809	4074
-2811	4070
-2814	4065
-2817	4062
-2820	4058
-2821	4053
-2823	4048
-2826	4045
-2828	4040
-2831	4036
-2834	4032
-2837	4029
-2838	4023
-2841	4020
-2845	4017
-2849	4014
-2852	4011
-2854	4006
-2857	4002
-2858	3997
-2860	3992
-2862	3988
-2862	3982
-2865	3978
-2867	3974
-2868	3969
-2869	3963
-2870	3958
-2873	3954
-2874	3949
-2876	3944
-2880	3941
-2883	3938
-2883	3932
-2886	3928
-2888	3924
-2890	3919
-2891	3914
-2892	3909
-2895	3905
-2896	3900
-2896	3894
-2895	3888
-2899	3884
-2902	3881
-2903	3876
-2904	3871
-2906	3866
-2908	3862
-2909	3857
-2913	3853
-2913	3848
-2915	3844
-2917	3839
-2919	3835
-2920	3830
-2921	3824
-2922	3819
-2926	3817
-2929	3813
-2929	3807
-2927	3800
-2929	3796
-2933	3793
-2935	3788
-2938	3785
-2938	3779
-2940	3775
-2942	3770
-2944	3767
-2947	3763
-2947	3757
-2948	3752
-2950	3748
-2951	3743
-2952	3737
-2953	3732
-2955	3728
-2958	3725
-2959	3720
-2962	3716
-2964	3712
-2967	3708
-2969	3704
-2970	3699
-2968	3692
-2968	3687
-2970	3683
-2970	3677
-2971	3672
-2970	3666
-2968	3659
-2967	3652
-2965	3646
-2968	3642
-2971	3639
-2971	3633
-2970	3627
-2970	3622
-2970	3616
-2971	3611
-2971	3606
-2969	3599
-2969	3594
-2971	3589
-2972	3584
-2973	3580
-2973	3575
-2973	3569
-2973	3564
-2973	3558
-2971	3552
-2971	3546
-2971	3541
-2972	3536
-2973	3531
-2974	3527
-2974	3521
-2972	3515
-2970	3508
-2969	3503
-2972	3499
-2974	3495
-2975	3490
-2975	3485
-2975	3480
-2976	3475
-2977	3470
-2977	3465
-2976	3459
-2975	3453
-2975	3448
-2973	3442
-2974	3437
-2975	3432
-2975	3428
-2977	3424
-2980	3420
-2980	3415
-2979	3409
-2977	3403
-2977	3397
-2978	3393
-2978	3388
-2977	3382
-2979	3379
-2981	3374
-2978	3367
-2979	3363
-2980	3359
-2981	3354
-2980	3348
-2979	3343
-2980	3338
-2971	3328
-2973	3324
-2977	3322
-2978	3317
-2978	3312
-2979	3308
-2981	3304
-2981	3299
-2979	3293
-2979	3288
-2978	3282
-2980	3278
-2980	3273
-2979	3268
-2978	3262
-2978	3258
-2979	3253
-2980	3249
-2980	3244
-2978	3238
-2979	3233
-2979	3228
-2978	3223
-2975	3217
-2976	3212
-2978	3208
-2979	3204
-2978	3199
-2975	3192
-2975	3188
-2977	3184
-2976	3179
-2976	3173
-2976	3169
-2975	3164
-2973	3158
-2975	3154
-2976	3150
-2972	3143
-2974	3139
-2975	3135
-2975	3130
-2976	3126
-2973	3119
-2972	3114
-2973	3110
-2974	3106
-2973	3101
-2972	3095
-2973	3091
-2973	3087
-2971	3081
-2969	3075
-2967	3070
-2967	3065
-2967	3061
-2967	3056
-2967	3051
-2967	3047
-2966	3041
-2967	3037
-2968	3033
-2968	3028
-2967	3023
-2965	3018
-2964	3013
-2966	3009
-2966	3004
-2962	2998
-2962	2993
-2962	2989
-2962	2984
-2962	2980
-2961	2975
-2962	2971
-2962	2966
-2963	2962
-2964	2958
-2961	2952
-2959	2946
-2958	2942
-2958	2937
-2957	2932
-2956	2927
-2957	2924
-2956	2919
-2954	2913
-2954	2909
-2954	2904
-2955	2900
-2956	2896
-2955	2891
-2954	2886
-2952	2881
-2954	2877
-2955	2873
-2954	2869
-2952	2863
-2950	2858
-2950	2854
-2946	2848
-2946	2843
-2947	2839
-2946	2835
-2947	2831
-2947	2826
-2944	2821
-2943	2816
-2944	2812
-2944	2808
-2944	2803
-2942	2798
-2942	2794
-2942	2790
-2940	2784
-2939	2780
-2940	2776
-2939	2771
-2937	2766
-2938	2762
-2937	2758
-2938	2753
-2937	2749
-2938	2745
-2938	2741
-2938	2736
-2935	2731
-2934	2726
-2932	2722
-2934	2718
-2934	2714
-2932	2709
-2929	2703
-2928	2699
-2925	2694
-2924	2689
-2921	2684
-2923	2680
-2923	2676
-2920	2671
-2921	2667
-2922	2663
-2922	2659
-2920	2654
-2914	2648
-2916	2644
-2917	2641
-2916	2636
-2917	2632
-2916	2628
-2916	2624
-2916	2620
-2915	2615
-2910	2609
-2909	2605
-2912	2602
-2909	2597
-2908	2592
-2910	2589
-2911	2585
-2909	2580
-2907	2576
-2905	2571
-2905	2567
-2904	2562
-2905	2559
-2904	2554
-2902	2549
-2899	2544
-2897	2540
-2897	2536
-2898	2532
-2897	2528
-2897	2524
-2893	2518
-2895	2515
-2895	2511
-2895	2507
-2896	2503
-2895	2499
-2895	2495
-2894	2490
-2893	2486
-2893	2482
-2892	2478
-2891	2474
-2890	2469
-2889	2465
-2888	2461
-2882	2455
-2882	2451
-2883	2448
-2885	2444
-2883	2440
-2878	2434
-2876	2430
-2879	2427
-2881	2423
-2882	2420
-2882	2416
-2880	2411
-2879	2407
-2880	2403
-2880	2399
-2876	2394
-2876	2390
-2875	2386
-2875	2382
-2875	2378
-2875	2374
-2874	2370
-2875	2367
-2877	2363
-2880	2360
-2879	2356
-2878	2352
-2874	2347
-2870	2342
-2867	2338
-2863	2333
-2861	2328
-2862	2325
-2861	2321
-2860	2317
-2859	2313
-2857	2308
-2856	2304
-2858	2301
-2858	2297
-2858	2293
-2859	2290
-2861	2286
-2860	2282
-2858	2278
-2852	2273
-2850	2269
-2850	2265
-2849	2261
-2850	2257
-2850	2253
-2849	2249
-2849	2245
-2849	2242
-2848	2238
-2847	2234
-2847	2230
-2845	2226
-2844	2222
-2844	2218
-2840	2213
-2839	2209
-2841	2206
-2842	2202
-2839	2198
-2839	2194
-2839	2191
-2839	2187
-2839	2183
-2839	2179
-2838	2175
-2836	2171
-2834	2167
-2831	2163
-2831	2159
-2830	2155
-2829	2151
-2831	2148
-2832	2144
-2833	2141
-2833	2137
-2831	2133
-2830	2129
-2829	2125
-2829	2122
-2828	2118
-2827	2114
-2827	2110
-2825	2106
-2826	2102
-2825	2099
-2824	2095
-2823	2091
-2822	2087
-2822	2083
-2820	2079
-2820	2076
-2819	2072
-2818	2068
-2817	2064
-2818	2061
-2816	2057
-2815	2053
-2814	2049
-2816	2046
-2815	2042
-2814	2038
-2812	2034
-2810	2030
-2809	2026
-2808	2023
-2809	2019
-2807	2015
-2806	2011
-2804	2008
-2802	2004
-2798	2000
-2796	1996
-2798	1992
-2796	1988
-2798	1985
-2800	1982
-2798	1978
-2797	1974
-2798	1971
-2797	1967
-2794	1963
-2792	1959
-2792	1955
-2791	1952
-2791	1948
-2794	1945
-2794	1941
-2794	1938
-2793	1934
-2791	1930
-2789	1926
-2788	1923
-2787	1919
-2786	1915
-2785	1912
-2785	1908
-2785	1904
-2785	1901
-2784	1897
-2783	1893
-2782	1890
-2782	1886
-2783	1883
-2783	1879
-2781	1875
-2780	1872
-2779	1868
-2777	1864
-2776	1861
-2776	1857
-2775	1853
-2774	1850
-2772	1846
-2773	1843
-2773	1839
-2774	1835
-2774	1832
-2773	1828
-2772	1825
-2768	1821
-2768	1817
-2767	1814
-2767	1810
-2766	1807
-2766	1803
-2767	1799
-2767	1796
-2766	1792
-2765	1789
-2764	1785
-2762	1781
-2761	1778
-2760	1774
-2760	1771
-2758	1767
-2758	1764
-2758	1760
-2758	1757
-2759	1753
-2757	1749
-2756	1746
-2755	1742
-2755	1739
-2755	1735
-2753	1732
-2752	1728
-2752	1725
-2750	1721
-2748	1717
-2749	1714
-2747	1710
-2746	1707
-2747	1703
-2746	1700
-2743	1696
-2741	1693
-2740	1689
-2739	1686
-2738	1682
-2738	1679
-2738	1675
-2737	1672
-2737	1668
-2738	1665
-2738	1661
-2734	1658
-2732	1654
-2732	1651
-2733	1647
-2734	1644
-2734	1640
-2734	1637
-2733	1633
-2732	1630
-2732	1626
-2730	1623
-2728	1619
-2727	1616
-2728	1612
-2727	1609
-2725	1605
-2725	1602
-2725	1598
-2724	1595
-2722	1591
-2722	1588
-2722	1584
-2723	1581
-2721	1577
-2720	1574
-2718	1571
-2717	1567
-2717	1564
-2716	1560
-2715	1557
-2714	1553
-2714	1550
-2712	1546
-2711	1543
-2711	1539
-2711	1536
-2711	1532
-2709	1529
-2708	1526
-2707	1522
-2707	1519
-2706	1515
-2703	1512
-2701	1509
-2701	1505
-2702	1502
-2699	1498
-2699	1495
-2699	1491
-2699	1488
-2698	1484
-2697	1481
-2697	1478
-2695	1474
-2694	1471
-2694	1467
-2692	1464
-2691	1461
-2692	1457
-2692	1454
-2689	1450
-2688	1447
-2688	1444
-2687	1440
-2686	1437
-2685	1433
-2684	1430
-2684	1427
-2682	1423
-2680	1420
-2680	1417
-2680	1413
-2678	1410
-2677	1406
-2676	1403
-2674	1400
-2674	1396
-2674	1393
-2675	1389
-2674	1386
-2672	1383
-2672	1379
-2671	1376
-2671	1372
-2669	1369
-2667	1366
-2667	1362
-2665	1359
-2665	1356
-2665	1352
-2665	1349
-2665	1345
-2662	1342
-2662	1339
-2660	1335
-2659	1332
-2658	1329
-2657	1326
-2656	1322
-2656	1319
-2655	1315
-2655	1312
-2653	1309
-2653	1305
-2651	1302
-2651	1299
-2650	1295
-2649	1292
-2647	1289
-2647	1285
-2648	1282
-2649	1278
-2647	1275
-2646	1272
-2645	1268
-2646	1265
-2645	1261
-2643	1258
-2644	1254
-2643	1251
-2641	1248
-2636	1245
-2636	1242
-2637	1238
-2637	1235
-2637	1231
-2635	1228
-2633	1225
-2632	1222
-2632	1218
-2632	1215
-2632	1211
-2630	1208
-2629	1205
-2628	1201
-2628	1198
-2627	1195
-2625	1191
-2624	1188
-2623	1185
-2622	1182
-2622	1178
-2622	1175
-2621	1171
-2620	1168
-2617	1165
-2616	1162
-2618	1158
-2617	1155
-2615	1151
-2614	1148
-2612	1145
-2611	1142
-2610	1138
-2609	1135
-2607	1132
-2605	1129
-2605	1126
-2603	1123
-2603	1119
-2603	1116
-2603	1112
-2603	1109
-2601	1106
-2598	1103
-2596	1100
-2595	1096
-2594	1093
-2593	1090
-2593	1086
-2594	1083
-2594	1079
-2592	1076
-2591	1073
-2591	1069
-2590	1066
-2589	1063
-2588	1059
-2587	1056
-2586	1053
-2585	1049
-2584	1046
-2584	1043
-2582	1040
-2580	1037
-2578	1034
-2577	1030
-2576	1027
-2574	1024
-2572	1021
-2570	1018
-2570	1015
-2569	1011
-2568	1008
-2567	1005
-2566	1002
-2563	999
-2562	996
-2561	992
-2560	989
-2560	986
-2559	982
-2559	979
-2558	975
-2556	972
-2555	969
-2556	965
-2555	962
-2554	959
-2552	956
-2551	953
-2549	950
-2548	946
-2547	943
-2546	940
-2545	937
-2544	933
-2543	930
-2541	927
-2539	924
-2538	921
-2537	918
-2536	914
-2534	912
-2532	909
-2531	905
-2530	902
-2530	899
-2529	895
-2529	892
-2529	888
-2527	885
-2527	881
-2526	878
-2522	876
-2520	873
-2520	869
-2521	866
-2521	862
-2520	859
-2518	856
-2517	853
-2515	850
-2514	847
-2512	844
-2509	841
-2507	838
-2506	835
-2505	831
-2505	828
-2506	824
-2506	820
-2504	817
-2504	814
-2502	811
-2500	808
-2499	805
-2497	802
-2496	799
-2496	795
-2496	791
-2496	788
-2493	785
-2492	782
-2491	778
-2492	775
-2491	771
-2488	769
-2486	766
-2484	763
-2483	760
-2483	756
-2483	753
-2481	749
-2481	746
-2481	742
-2480	739
-2478	736
-2477	733
-2477	729
-2475	726
-2474	723
-2474	719
-2473	716
-2473	712
-2471	710
-2470	706
-2469	703
-2468	700
-2467	697
-2464	694
-2462	691
-2460	688
-2460	685
-2459	681
-2457	678
-2456	675
-2455	672
-2455	668
-2452	665
-2450	663
-2450	659
-2448	656
-2445	654
-2442	651
-2438	649
-2435	647
-2431	645
-2424	644
-2416	644
-2408	644
-2397	645
-2387	646
-2382	645
-2380	642
-2379	638
-2382	634
-2393	625
-2430	604
-2433	599
-2433	595
-2432	592
-2431	589
-2429	586
-2427	583
-2425	580
-2425	577
-2424	573
-2423	570
-2420	567
-2419	564
-2417	561
-2417	558
-2416	554
-2415	551
-2414	547
-2413	544
-2412	541
-2411	538
-2408	535
-2407	532
-2407	528
-2407	524
-2406	521
-2404	518
-2403	515
-2399	513
-2398	510
-2398	506
-2398	502
-2397	498
-2396	495
-2393	492
-2391	490
-2389	487
-2389	483
-2389	479
-2388	476
-2388	472
-2386	469
-2384	466
-2383	463
-2382	459
-2381	456
-2381	452
-2378	450
-2376	447
-2377	443
-2375	440
-2372	437
-2371	434
-2371	430
-2371	426
-2368	424
-2368	420
-2367	417
-2365	414
-2363	411
-2361	408
-2361	404
-2359	401
-2358	398
-2359	394
-2359	390
-2358	386
-2357	382
-2354	380
-2353	377
-2350	374
-2348	371
-2347	368
-2345	365
-2345	361
-2344	358
-2343	354
-2341	351
-2340	348
-2340	344
-2339	341
-2338	337
-2336	334
-2334	331
-2333	328
-2331	325
-2330	322
-2330	317
-2330	313
-2329	310
-2327	307
-2326	304
-2324	301
-2323	298
-2322	294
-2320	291
-2319	288
-2317	285
-2316	282
-2313	279
-2312	276
-2311	272
-2311	268
-2306	267
-2303	265
-2299	263
-2293	263
-2287	263
-2283	261
-2281	258
-2280	255
-2279	251
-2277	249
-2276	245
-2273	243
-2271	240
-2269	237
-2268	233
-2267	230
-2267	226
-2265	223
-2263	220
-2262	217
-2262	213
-2260	209
-2259	206
-2257	204
-2255	201
-2253	198
-2252	194
-2250	191
-2250	187
-2249	183
-2246	181
-2245	178
-2243	175
-2241	172
-2240	169
-2240	164
-2238	161
-2236	158
-2234	155
-2231	153
-2231	149
-2229	146
-2228	143
-2227	139
-2227	135
-2225	132
-2223	129
-2223	125
-2220	123
-2218	120
-2215	118
-2213	115
-2211	112
-2208	110
-2206	107
-2204	104
-2203	100
-2202	97
-2200	94
-2199	91
-2198	87
-2197	83
-2195	80
-2192	78
-2193	73
-2191	70
-2191	66
-2189	63
-2187	59
-2185	57
-2183	54
-2182	50
-2181	46
-2180	43
-2178	40
-2176	37
-2173	35
-2174	30
-2172	27
-2170	24
-2169	20
-2167	17
-2167	13
-2165	10
-2162	8
-2161	4
-2159	1
-2158	-3
-2156	-6
-2155	-9
-2152	-12
-2150	-14
-2148	-18
-2148	-22
-2149	-27
-2147	-30
-2145	-33
-2143	-36
-2142	-40
-2140	-43
-2139	-47
-2137	-49
-2135	-53
-2133	-56
-2132	-59
-2131	-63
-2130	-67
-2128	-70
-2126	-73
-2126	-77
-2123	-80
-2120	-82
-2120	-87
-2120	-91
-2117	-94
-2115	-96
-2113	-100
-2113	-104
-2113	-109
-2111	-112
-2108	-114
-2105	-116
-2104	-120
-2102	-123
-2102	-128
-2101	-132
-2099	-135
-2098	-139
-2097	-143
-2095	-146
-2094	-150
-2092	-153
-2089	-155
-2084	-155
-2081	-157
-2078	-160
-2078	-164
-2076	-167
-2073	-170
-2053	-155
-2042	-151
-2036	-150
-2034	-152
-2034	-158
-2038	-166
-2036	-169
-2021	-160
-2011	-155
-2005	-154
-2002	-157
-1999	-159
-1997	-161
-1993	-163
-1990	-165
-1986	-166
-1986	-171
-1982	-172
-1972	-167
-1959	-159
-1953	-158
-1950	-159
-1946	-161
-1942	-162
-1939	-163
-1936	-165
-1932	-166
-1929	-168
-1925	-170
-1918	-167
-1913	-167
-1914	-173
-1912	-176
-1910	-179
-1906	-179
-1901	-179
-1895	-179
-1891	-179
-1885	-178
-1880	-178
-1874	-177
-1869	-176
-1865	-177
-1860	-177
-1855	-176
-1847	-173
-1838	-169
-1832	-167
-1828	-168
-1825	-169
-1820	-169
-1816	-170
-1813	-172
-1810	-173
-1804	-172
-1798	-170
-1792	-169
-1789	-171
-1786	-172
-1783	-174
-1781	-176
-1778	-178
-1775	-180
-1766	-175
-1760	-173
-1756	-174
-1752	-174
-1742	-168
-1734	-164
-1726	-161
-1720	-158
-1714	-157
-1710	-157
-1707	-158
-1704	-160
-1700	-161
-1694	-159
-1689	-158
-1685	-159
-1681	-158
-1677	-159
-1673	-159
-1670	-160
-1666	-162
-1663	-162
-1659	-163
-1655	-163
-1653	-166
-1648	-165
-1645	-166
-1642	-167
-1639	-169
-1637	-171
-1636	-175
-1634	-179
-1630	-178
-1621	-173
-1612	-167
-1608	-167
-1605	-168
-1602	-170
-1600	-172
-1596	-173
-1590	-170
-1582	-165
-1575	-162
-1568	-158
-1564	-158
-1561	-159
-1556	-159
-1552	-159
-1548	-158
-1545	-159
-1543	-162
-1541	-164
-1538	-165
-1530	-161
-1525	-160
-1520	-159
-1517	-159
-1511	-157
-1506	-155
-1507	-162
-1507	-167
-1505	-169
-1502	-170
-1493	-164
-1487	-161
-1484	-163
-1482	-164
-1478	-165
-1475	-165
-1470	-164
-1466	-164
-1462	-164
-1459	-164
-1455	-165
-1449	-162
-1443	-158
-1436	-154
-1432	-154
-1429	-155
-1426	-156
-1424	-158
-1421	-159
-1417	-159
-1413	-159
-1410	-160
-1408	-161
-1405	-162
-1402	-163
-1397	-163
-1393	-161
-1390	-163
-1388	-166
-1386	-167
-1383	-169
-1382	-172
-1379	-173
-1376	-173
-1371	-173
-1368	-173
-1365	-174
-1362	-175
-1360	-178
-1357	-178
-1352	-176
-1346	-173
-1343	-173
-1340	-174
-1337	-175
-1334	-176
-1332	-178
-1330	-181
-1327	-182
-1323	-182
-1321	-183
-1318	-185
-1317	-188
-1315	-190
-1314	-194
-1311	-196
-1298	-182
-1291	-177
-1286	-174
-1284	-176
-1281	-176
-1277	-176
-1274	-176
-1270	-176
-1267	-177
-1264	-178
-1261	-178
-1257	-177
-1254	-177
-1251	-178
-1247	-177
-1241	-175
-1237	-173
-1234	-174
-1232	-176
-1228	-176
-1225	-176
-1223	-177
-1219	-177
-1216	-178
-1213	-178
-1210	-178
-1206	-178
-1203	-178
-1200	-178
-1197	-179
-1192	-176
-1188	-175
-1184	-175
-1181	-176
-1178	-176
-1175	-177
-1172	-177
-1169	-177
-1165	-177
-1162	-177
-1159	-178
-1156	-179
-1153	-179
-1151	-180
-1147	-179
-1143	-178
-1140	-178
-1136	-178
-1133	-177
-1130	-178
-1126	-178
-1123	-177
-1119	-177
-1117	-177
-1114	-178
-1111	-179
-1108	-179
-1105	-180
-1102	-180
-1098	-180
-1094	-178
-1091	-178
-1088	-179
-1085	-179
-1081	-178
-1078	-178
-1075	-179
-1071	-176
-1067	-175
-1064	-176
-1061	-176
-1058	-177
-1055	-176
-1052	-176
-1049	-176
-1047	-178
-1044	-179
-1041	-179
-1038	-179
-1035	-179
-1031	-178
-1028	-179
-1025	-179
-1023	-180
-1020	-180
-1016	-180
-1013	-180
-1011	-180
-1008	-181
-1005	-181
-1002	-182
-998	-180
-995	-180
-992	-181
-991	-184
-989	-187
-987	-188
-984	-188
-981	-188
-978	-189
-975	-189
-972	-189
-968	-188
-965	-186
-957	-177
-949	-166
-940	-154
-936	-152
-934	-154
-931	-155
-929	-157
-927	-158
-924	-157
-921	-157
-918	-158
-925	-179
-922	-178
-918	-177
-887	-117
-884	-116
-880	-114
-876	-110
-874	-112
-872	-114
-871	-118
-892	-173
-876	-142
-874	-144
-870	-141
-866	-140
-863	-140
-861	-141
-858	-142
-856	-144
-854	-144
-783	1
-780	2
-777	2
-774	2
-771	2
-769	2
-766	3
-762	5
-760	4
-758	2
-756	2
-753	2
-750	3
-748	2
-745	2
-743	1
-741	1
-738	1
-735	2
-732	3
-732	-3
-733	-12
-732	-17
-730	-16
-725	-10
-721	-7
-719	-9
-718	-13
-717	-18
-738	-98
-734	-96
-731	-95
-729	-96
-727	-97
-732	-118
-730	-120
-730	-126
-731	-137
-731	-144
-729	-146
-726	-147
-724	-148
-721	-148
-719	-149
-717	-150
-714	-150
-711	-151
-709	-153
-707	-154
-704	-154
-702	-153
-699	-154
-697	-155
-695	-157
-692	-158
-689	-156
-686	-156
-684	-157
-682	-161
-680	-161
-676	-158
-672	-155
-669	-153
-666	-151
-663	-150
-659	-148
-656	-146
-653	-144
-650	-143
-647	-142
-645	-144
-642	-144
-639	-144
-637	-144
-635	-146
-633	-149
-631	-151
-628	-151
-625	-150
-622	-148
-619	-147
-616	-146
-613	-146
-611	-145
-608	-145
-606	-147
-603	-147
-601	-147
-607	-178
-605	-177
-602	-177
-599	-177
-596	-177
-594	-176
-591	-176
-589	-177
-586	-178
-583	-177
-581	-177
-578	-178
-575	-177
-573	-177
-569	-174
-513	-7
-511	-6
-508	-5
-506	-7
-504	-8
-503	-15
-504	-24
-504	-33
-504	-44
-504	-53
-504	-63
-504	-71
-504	-82
-506	-101
-507	-112
-505	-116
-502	-114
-499	-113
-496	-111
-494	-112
-492	-115
-494	-134
-492	-135
-495	-159
-490	-148
-486	-142
-483	-141
-482	-144
-484	-165
-483	-172
-481	-173
-478	-173
-476	-174
-473	-173
-470	-173
-467	-170
-463	-164
-460	-160
-457	-158
-454	-158
-452	-158
-449	-158
-447	-160
-445	-161
-443	-165
-441	-168
-440	-173
-437	-173
-435	-173
-432	-174
-430	-175
-427	-174
-425	-174
-422	-173
-420	-174
-417	-174
-415	-174
-412	-173
-409	-173
-407	-174
-404	-173
-402	-174
-399	-174
-397	-174
-394	-173
-392	-174
-389	-173
-387	-174
-384	-174
-382	-173
-379	-174
-377	-174
-374	-174
-372	-173
-369	-173
-367	-173
-364	-173
-362	-174
-359	-173
-356	-173
-354	-173
-352	-174
-349	-174
-347	-173
-344	-173
-342	-175
-340	-179
-338	-184
-336	-189
-334	-189
-331	-189
-329	-188
-326	-189
-324	-189
-321	-188
-319	-188
-316	-188
-314	-188
-311	-189
-309	-189
-306	-188
-304	-189
-301	-188
-299	-188
-296	-188
-294	-188
-291	-188
-289	-189
-286	-188
-284	-187
-281	-187
-279	-188
-276	-188
-274	-188
-271	-188
-269	-189
-266	-189
-264	-189
-261	-187
-259	-187
-256	-187
-254	-189
-251	-188
-249	-188
-246	-187
-244	-189
-241	-190
-239	-189
-236	-187
-234	-187
-231	-187
-229	-189
-226	-188
-224	-189
-222	-189
-219	-188
-217	-188
-214	-188
-212	-188
-209	-189
-207	-189
-204	-188
-202	-188
-199	-189
-197	-189
-194	-188
-192	-188
-189	-188
-187	-188
-184	-188
-182	-188
-179	-188
-177	-188
-174	-187
-172	-188
-169	-188
-167	-188
-165	-189
-162	-189
-160	-189
-157	-189
-155	-189
-152	-189
-150	-188
-147	-188
-145	-188
-142	-188
-140	-188
-137	-187
-135	-188
-132	-188
-130	-187
-128	-188
-125	-189
-123	-188
-120	-188
-118	-187
-115	-188
-113	-187
-110	-187
-108	-188
-105	-187
-103	-188
-100	-188
-98	-187
-96	-187
-93	-186
-91	-186
-88	-187
-86	-187
-83	-187
-81	-187
-78	-187
-76	-186
-73	-187
-71	-187
-69	-187
-66	-187
-64	-187
-61	-187
-59	-187
-56	-186
-54	-187
-51	-187
-49	-186
-46	-185
-44	-186
-39	-186
-37	-187
-34	-187
-32	-187
-29	-187
-27	-186
-24	-186
-22	-186
-19	-187
-17	-187
-14	-187
-12	-187
-10	-187
-7	-188
-5	-188
-2	-187
0	-187
3	-187
5	-186
8	-186
10	-186
13	-185
15	-186
18	-186
20	-187
22	-188
25	-188
27	-188
30	-187
32	-185
35	-186
37	-186
40	-187
42	-187
45	-187
47	-187
49	-186
52	-186
54	-186
57	-187
59	-187
62	-187
64	-187
67	-187
69	-186
72	-186
74	-186
77	-187
79	-187
82	-187
84	-185
86	-185
89	-186
91	-186
94	-188
96	-186
99	-186
101	-186
104	-186
106	-186
109	-186
111	-186
114	-187
116	-188
119	-186
121	-186
124	-187
126	-187
129	-187
131	-186
134	-186
136	-186
139	-187
141	-187
144	-187
146	-188
148	-187
151	-187
154	-187
156	-187
158	-187
161	-186
163	-187
166	-188
168	-186
171	-187
173	-187
176	-187
178	-185
181	-186
183	-187
186	-187
188	-187
191	-188
193	-186
196	-186
198	-186
201	-185
203	-185
206	-186
208	-185
211	-184
213	-185
216	-184
218	-185
221	-185
223	-185
226	-186
228	-186
231	-186
233	-187
236	-186
238	-186
241	-187
243	-186
246	-185
248	-185
251	-187
254	-187
256	-186
259	-186
261	-186
264	-186
266	-187
269	-186
271	-185
274	-185
276	-186
279	-185
281	-186
284	-185
286	-185
289	-186
291	-185
294	-186
297	-186
299	-186
301	-183
303	-181
306	-180
308	-181
311	-182
314	-183
316	-182
318	-181
321	-180
323	-178
325	-178
328	-179
331	-179
333	-179
336	-179
337	-174
339	-172
342	-171
344	-171
347	-171
349	-171
352	-170
354	-169
357	-171
360	-171
362	-171
365	-170
367	-171
370	-170
372	-170
375	-170
378	-171
380	-171
383	-171
385	-171
388	-170
391	-171
393	-172
396	-171
398	-172
401	-171
403	-170
406	-171
408	-168
409	-162
409	-152
411	-149
413	-146
415	-144
417	-141
418	-139
421	-137
423	-137
426	-138
429	-139
431	-140
434	-141
438	-143
441	-146
444	-147
445	-141
448	-142
451	-144
453	-145
456	-146
459	-147
462	-147
465	-148
467	-146
469	-146
472	-147
475	-149
478	-150
479	-145
480	-139
483	-138
487	-145
493	-156
492	-144
493	-139
493	-129
495	-128
498	-128
501	-129
504	-130
506	-128
506	-120
506	-112
506	-105
505	-93
503	-79
504	-72
503	-63
504	-56
504	-49
504	-41
504	-33
504	-25
504	-17
504	-10
504	-4
506	-3
509	-4
512	-5
565	-132
567	-130
569	-129
572	-129
575	-129
577	-130
580	-130
585	-135
592	-148
599	-160
602	-160
602	-153
602	-146
604	-144
606	-143
609	-144
612	-143
615	-145
620	-151
625	-157
628	-159
630	-156
632	-154
634	-151
635	-148
637	-146
640	-145
643	-146
646	-146
648	-146
652	-149
656	-151
659	-152
662	-153
665	-153
668	-153
671	-154
674	-155
677	-155
678	-150
679	-147
681	-145
683	-143
685	-141
688	-140
691	-142
695	-145
700	-151
703	-151
706	-150
709	-150
711	-149
714	-149
716	-147
717	-144
719	-141
719	-136
721	-133
723	-130
725	-129
729	-132
726	-119
726	-112
727	-109
729	-106
733	-108
737	-111
742	-116
744	-115
745	-110
715	-13
716	-9
717	-6
722	-10
727	-15
729	-13
729	-8
729	-1
730	3
732	4
734	5
737	4
740	3
744	1
766	1
768	2
771	2
773	3
776	3
779	2
860	-139
863	-138
865	-137
868	-138
873	-140
877	-142
883	-148
888	-153
891	-153
892	-148
892	-143
893	-139
895	-137
898	-136
900	-135
904	-136
918	-156
919	-154
922	-153
925	-152
928	-153
932	-154
935	-154
938	-153
942	-156
951	-166
961	-179
967	-185
971	-186
974	-186
977	-185
980	-184
982	-183
984	-181
987	-179
990	-180
993	-179
996	-179
999	-178
1002	-178
1005	-178
1009	-178
1011	-178
1014	-177
1017	-176
1020	-176
1024	-177
1027	-177
1031	-177
1034	-177
1038	-179
1041	-179
1044	-178
1047	-178
1050	-177
1054	-177
1057	-177
1060	-177
1064	-177
1067	-177
1070	-177
1073	-176
1077	-177
1080	-176
1083	-176
1085	-175
1088	-173
1089	-169
1089	-164
1090	-161
1093	-160
1097	-161
1100	-160
1103	-159
1106	-159
1110	-160
1112	-158
1115	-158
1118	-156
1121	-155
1123	-155
1128	-156
1132	-157
1134	-155
1134	-149
1142	-157
1150	-165
1158	-171
1162	-172
1165	-172
1168	-171
1169	-166
1161	-149
1162	-145
1164	-144
1168	-144
1180	-157
1193	-171
1197	-172
1201	-172
1204	-172
1208	-172
1211	-171
1214	-171
1218	-171
1222	-172
1227	-174
1232	-176
1235	-175
1239	-175
1243	-176
1246	-176
1250	-176
1254	-176
1257	-176
1261	-176
1264	-176
1268	-176
1271	-175
1275	-175
1279	-175
1282	-175
1287	-176
1290	-176
1296	-179
1303	-183
1313	-191
1315	-190
1317	-187
1319	-184
1321	-183
1323	-180
1325	-177
1328	-176
1331	-175
1334	-174
1337	-173
1343	-176
1347	-176
1352	-178
1357	-180
1362	-180
1366	-181
1370	-181
1374	-182
1379	-182
1383	-183
1388	-184
1389	-181
1391	-179
1393	-176
1395	-173
1404	-179
1409	-181
1411	-179
1414	-177
1418	-177
1426	-182
1429	-181
1433	-181
1436	-180
1438	-178
1440	-175
1446	-177
1451	-179
1454	-178
1457	-176
1460	-175
1460	-169
1461	-166
1464	-165
1468	-164
1470	-162
1473	-161
1475	-158
1477	-155
1479	-153
1482	-152
1486	-153
1489	-151
1490	-147
1491	-143
1497	-145
1503	-148
1511	-152
1519	-157
1530	-164
1536	-167
1540	-166
1543	-165
1545	-163
1548	-161
1551	-160
1557	-162
1562	-163
1566	-163
1567	-159
1569	-157
1573	-156
1576	-155
1579	-152
1581	-150
1584	-149
1586	-146
1588	-143
1591	-142
1595	-142
1599	-141
1603	-141
1611	-145
1621	-151
1628	-154
1632	-153
1634	-151
1637	-149
1641	-149
1645	-149
1649	-148
1654	-149
1659	-149
1661	-146
1663	-144
1666	-142
1670	-142
1676	-143
1687	-150
1697	-155
1698	-152
1702	-151
1707	-151
1714	-154
1720	-155
1722	-152
1724	-150
1728	-149
1731	-148
1731	-143
1732	-139
1734	-136
1737	-135
1740	-133
1742	-130
1747	-130
1758	-137
1772	-146
1782	-151
1786	-151
1786	-146
1789	-144
1793	-143
1796	-142
1800	-140
1804	-140
1809	-140
1815	-141
1821	-142
1826	-142
1834	-145
1839	-145
1843	-144
1847	-143
1849	-141
1852	-138
1855	-136
1860	-137
1870	-142
1871	-138
1873	-135
1877	-133
1883	-134
1889	-135
1895	-136
1907	-142
1911	-142
1916	-141
1924	-144
1934	-148
1935	-144
1939	-143
1948	-147
1952	-145
1960	-148
1963	-146
1966	-144
1970	-142
1975	-142
1979	-141
1986	-143
1992	-143
1995	-141
1999	-140
2001	-137
2006	-136
2014	-139
2020	-140
2022	-136
2024	-133
2025	-129
2030	-129
2039	-132
2051	-138
2054	-136
2058	-133
2058	-129
2062	-128
2068	-128
2078	-132
2083	-131
2090	-132
2097	-133
2101	-132
2103	-129
2107	-128
2112	-127
2117	-126
2121	-124
2123	-121
2131	-123
2138	-125
2142	-122
2145	-120
2149	-118
2150	-115
2153	-112
2154	-109
2157	-106
2160	-104
2164	-102
2170	-102
2177	-103
2178	-99
2177	-93
2177	-88
2178	-85
2180	-81
2182	-78
2183	-74
2184	-70
2186	-67
2188	-64
2189	-60
2188	-55
2189	-51
2187	-45
2186	-39
2188	-36
2188	-31
2191	-29
2194	-26
2196	-23
2197	-20
2198	-16
2197	-10
2196	-5
2197	-1
2200	2
2198	8
2196	13
2197	18
2198	21
2201	24
2203	26
2203	31
2203	36
2206	38
2208	41
2208	45
2207	51
2206	56
2207	60
2208	64
2210	67
2213	69
2214	73
2213	78
2215	81
2213	87
2214	91
2214	95
2216	98
2218	101
2219	105
2219	109
2222	112
2224	115
2226	118
2226	122
2226	127
2224	132
2226	136
2229	137
2230	141
2232	145
2234	147
2237	150
2237	154
2237	158
2238	162
2238	166
2239	170
2244	171
2246	174
2247	177
2249	180
2251	183
2254	186
2255	190
2255	194
2255	198
2255	202
2257	205
2259	208
2260	212
2262	215
2263	218
2265	222
2268	224
2270	227
2271	231
2272	234
2274	237
2274	241
2276	244
2277	248
2277	253
2276	257
2277	261
2280	263
2282	266
2284	269
2285	272
2286	276
2286	280
2288	283
2289	287
2290	290
2290	294
2290	299
2291	302
2292	306
2293	309
2294	313
2295	316
2296	320
2296	324
2296	328
2298	331
2300	334
2301	337
2302	341
2302	345
2302	350
2302	353
2304	356
2306	359
2306	363
2305	368
2305	372
2306	376
2306	380
2308	383
2308	386
2309	390
2310	394
2309	398
2309	402
2309	406
2311	409
2312	412
2313	416
2313	420
2313	424
2315	427
2317	430
2318	433
2318	437
2318	441
2318	445
2320	448
2321	452
2321	456
2320	460
2324	462
2325	465
2327	468
2329	471
2329	475
2330	478
2331	482
2331	485
2334	488
2335	491
2336	495
2337	498
2338	502
2340	505
2341	508
2341	512
2341	516
2342	519
2344	522
2346	525
2348	528
2349	532
2350	535
2351	538
2352	541
2352	545
2352	549
2353	553
2353	557
2352	561
2354	564
2355	567
2356	570
2356	574
2355	578
2356	582
2357	585
2360	588
2361	591
2362	594
2362	598
2363	602
2363	605
2364	609
2363	613
2365	616
2366	619
2367	622
2368	626
2367	630
2367	634
2367	637
2370	640
2370	644
2369	648
2369	652
2372	655
2374	657
2374	661
2373	665
2374	668
2375	672
2375	676
2376	679
2377	682
2377	686
2378	689
2379	693
2378	697
2380	700
2381	703
2379	707
2379	711
2381	714
2382	717
2382	721
2382	725
2383	728
2385	731
2386	734
2386	738
2386	741
2388	744
2389	748
2390	751
2390	754
2391	758
2391	762
2391	765
2392	769
2392	772
2391	776
2391	780
2392	783
2392	787
2393	790
2395	793
2397	796
2397	800
2397	803
2398	806
2399	809
2400	813
2401	816
2403	819
2403	823
2404	826
2405	829
2405	833
2408	835
2409	838
2411	841
2411	845
2413	848
2413	852
2414	855
2414	858
2414	862
2415	865
2416	868
2417	872
2417	876
2417	879
2418	882
2419	886
2421	888
2422	892
2422	895
2423	898
2423	902
2423	906
2424	909
2426	912
2427	915
2427	919
2429	922
2431	924
2432	928
2432	931
2432	935
2432	938
2434	941
2436	944
2436	948
2436	951
2437	955
2438	958
2438	961
2440	964
2440	968
2441	971
2443	974
2445	977
2445	981
2445	984
2446	988
2447	991
2447	994
2448	997
2448	1001
2448	1004
2449	1008
2450	1011
2451	1014
2451	1018
2451	1021
2452	1025
2453	1028
2453	1031
2455	1034
2455	1038
2456	1041
2456	1045
2457	1048
2458	1051
2459	1054
2460	1057
2461	1061
2462	1064
2463	1067
2463	1071
2463	1074
2464	1077
2466	1080
2468	1084
2467	1087
2468	1090
2469	1094
2468	1097
2468	1101
2468	1104
2470	1107
2473	1110
2474	1114
2472	1117
2472	1121
2472	1124
2472	1128
2472	1131
2474	1134
2477	1137
2479	1140
2478	1144
2478	1147
2479	1151
2480	1154
2481	1157
2484	1160
2484	1163
2485	1167
2487	1170
2489	1173
2491	1176
2491	1179
2490	1183
2491	1186
2491	1190
2491	1193
2491	1196
2493	1200
2493	1203
2495	1206
2496	1209
2496	1213
2497	1216
2498	1219
2498	1223
2499	1226
2500	1229
2501	1233
2503	1236
2503	1239
2504	1242
2504	1246
2505	1249
2505	1252
2506	1256
2507	1259
2507	1263
2509	1266
2509	1269
2510	1272
2510	1276
2511	1279
2510	1283
2510	1286
2511	1290
2512	1293
2514	1296
2514	1299
2515	1303
2514	1306
2515	1310
2515	1313
2516	1316
2517	1319
2518	1323
2518	1326
2517	1330
2519	1333
2519	1336
2520	1340
2520	1343
2522	1346
2522	1350
2523	1353
2523	1356
2525	1360
2525	1363
2525	1366
2527	1370
2527	1373
2529	1376
2529	1380
2530	1383
2531	1386
2532	1390
2534	1393
2534	1396
2534	1400
2535	1403
2536	1406
2538	1410
2538	1413
2539	1416
2541	1419
2541	1423
2541	1426
2542	1430
2542	1433
2543	1436
2544	1440
2544	1443
2545	1446
2546	1450
2546	1453
2546	1457
2547	1460
2548	1463
2550	1467
2549	1470
2551	1473
2552	1477
2553	1480
2554	1483
2555	1487
2556	1490
2556	1494
2557	1497
2556	1500
2557	1504
2558	1507
2561	1510
2560	1514
2560	1517
2560	1521
2561	1524
2563	1527
2563	1531
2562	1534
2562	1538
2562	1541
2563	1545
2562	1548
2562	1552
2562	1555
2563	1558
2564	1562
2564	1565
2566	1569
2566	1572
2566	1575
2567	1579
2568	1582
2570	1586
2570	1589
2570	1592
2571	1596
2571	1599
2573	1603
2573	1606
2574	1609
2575	1613
2575	1616
2577	1620
2578	1623
2579	1627
2579	1630
2579	1633
2580	1637
2581	1640
2581	1644
2582	1647
2582	1651
2583	1654
2585	1657
2584	1661
2582	1664
2583	1668
2586	1671
2586	1675
2586	1678
2586	1682
2587	1685
2587	1689
2588	1692
2589	1695
2589	1699
