2599	1696
2599	1699
2600	1703
2600	1706
2601	1710
2602	1713
2603	1720
2604	1724
2604	1727
2604	1731
2605	1734
2606	1738
2607	1741
2606	1745
2607	1748
2607	1752
2608	1755
2609	1759
2610	1762
2609	1766
2610	1769
2610	1773
2611	1776
2612	1780
2611	1783
2612	1787
2613	1790
2613	1794
2613	1797
2613	1801
2614	1804
2615	1808
2617	1811
2617	1815
2617	1818
2617	1822
2618	1825
2619	1829
2621	1833
2620	1836
2619	1839
2618	1843
2620	1847
2620	1850
2622	1854
2623	1857
2625	1861
2626	1864
2626	1868
2626	1871
2627	1875
2627	1879
2626	1882
2627	1886
2629	1889
2631	1893
2630	1896
2629	1900
2630	1904
2632	1907
2633	1911
2630	1914
2629	1918
2630	1921
2632	1925
2633	1929
2634	1932
2635	1936
2637	1940
2637	1943
2636	1947
2637	1950
2639	1954
2637	1957
2637	1961
2639	1965
2640	1968
2641	1972
2640	1975
2638	1979
2639	1982
2641	1986
2643	1990
2644	1994
2644	1997
2645	2001
2644	2004
2645	2008
2644	2012
2645	2015
2647	2019
2649	2023
2651	2027
2650	2030
2652	2034
2651	2038
2652	2041
2651	2045
2652	2048
2654	2052
2655	2056
2654	2060
2655	2063
2655	2067
2655	2070
2656	2074
2656	2078
2654	2081
2656	2085
2657	2089
2657	2092
2656	2096
2658	2100
2659	2104
2661	2107
2661	2111
2659	2115
2660	2118
2660	2122
2661	2126
2660	2129
2660	2133
2662	2137
2663	2141
2663	2144
2662	2148
2665	2152
2664	2155
2664	2159
2666	2163
2666	2167
2666	2170
2665	2174
2663	2177
2665	2181
2669	2186
2670	2190
2671	2193
2672	2197
2673	2201
2674	2205
2675	2209
2674	2212
2674	2216
2674	2220
2675	2224
2675	2227
2675	2231
2677	2235
2677	2239
2677	2243
2677	2246
2677	2250
2677	2254
2678	2258
2678	2262
2680	2266
2682	2270
2681	2273
2680	2277
2679	2280
2680	2284
2682	2288
2682	2292
2682	2296
2682	2300
2683	2304
2683	2307
2683	2311
2683	2315
2683	2319
2683	2323
2683	2326
2684	2330
2684	2334
2684	2338
2685	2342
2685	2346
2686	2350
2687	2354
2687	2358
2686	2361
2687	2365
2687	2369
2690	2374
2691	2377
2691	2381
2691	2385
2691	2389
2691	2393
2692	2397
2692	2401
2692	2405
2691	2408
2693	2413
2695	2417
2695	2421
2696	2425
2697	2429
2697	2433
2698	2437
2699	2441
2700	2445
2700	2449
2700	2453
2700	2457
2699	2461
2699	2465
2699	2468
2699	2472
2700	2476
2701	2481
2701	2484
2703	2489
2704	2493
2704	2497
2703	2501
2703	2505
2704	2509
2705	2513
2706	2517
2707	2521
2708	2526
2708	2530
2708	2534
2708	2538
2709	2542
2709	2546
2710	2550
2711	2554
2712	2559
2714	2563
2713	2567
2711	2570
2712	2575
2713	2579
2714	2583
2714	2587
2715	2592
2716	2596
2716	2600
2716	2604
2716	2608
2719	2613
2718	2617
2718	2621
2719	2625
2718	2629
2718	2633
2720	2637
2720	2642
2719	2645
2719	2649
2720	2654
2720	2658
2720	2662
2720	2666
2721	2670
2722	2675
2723	2679
2723	2683
2722	2687
2724	2692
2723	2696
2722	2700
2721	2703
2721	2708
2722	2712
2723	2716
2725	2721
2725	2725
2726	2730
2726	2734
2728	2739
2728	2743
2727	2747
2727	2751
2728	2756
2727	2760
2727	2764
2726	2768
2726	2772
2727	2776
2727	2780
2727	2785
2728	2789
2728	2793
2728	2797
2732	2803
2732	2808
2733	2812
2733	2816
2733	2821
2733	2825
2732	2829
2732	2833
2731	2837
2731	2841
2732	2846
2735	2851
2735	2856
2735	2860
2736	2865
2740	2871
2740	2875
2739	2879
2740	2883
2738	2887
2736	2891
2737	2895
2737	2900
2736	2904
2736	2908
2735	2912
2736	2917
2737	2921
2738	2926
2739	2931
2740	2936
2741	2941
2741	2945
2741	2950
2741	2954
2742	2959
2743	2963
2743	2968
2742	2972
2742	2976
2742	2981
2743	2986
2744	2991
2745	2996
2748	3001
2748	3006
2747	3010
2746	3014
2747	3019
2747	3023
2747	3028
2747	3032
2747	3037
2747	3041
2747	3046
2747	3050
2747	3055
2747	3059
2747	3064
2750	3070
2750	3074
2750	3079
2750	3084
2749	3088
2740	3088
2709	3077
2683	3068
2672	3067
2667	3069
2664	3072
2662	3075
2661	3079
2661	3084
2673	3095
2751	3144
2754	3150
2754	3155
2754	3160
2755	3165
2755	3170
2755	3175
2755	3179
2756	3184
2757	3190
2756	3194
2757	3199
2757	3204
2757	3208
2757	3214
2756	3218
2758	3223
2757	3228
2757	3233
2757	3237
2757	3242
2755	3246
2755	3251
2754	3255
2754	3259
2752	3264
2752	3268
2754	3274
2752	3278
2754	3284
2753	3288
2752	3293
2754	3299
2755	3304
2755	3309
2755	3314
2755	3319
2755	3324
2754	3328
2752	3332
2753	3337
2753	3342
2753	3347
2753	3352
2755	3358
2754	3363
2753	3367
2752	3371
2752	3376
2750	3380
2751	3386
2750	3390
2750	3395
2749	3400
2749	3405
2749	3410
2749	3415
2749	3420
2749	3425
2748	3430
2748	3434
2747	3439
2748	3445
2749	3450
2748	3455
2746	3459
2747	3464
2748	3470
2748	3475
2746	3480
2746	3484
2743	3488
2743	3493
2745	3500
2744	3504
2744	3509
2745	3515
2746	3521
2745	3526
2745	3531
2745	3536
2744	3540
2743	3545
2742	3550
2743	3556
2742	3560
2742	3565
2740	3570
2742	3576
2741	3581
2740	3586
2740	3591
2739	3596
2739	3601
2737	3605
2735	3609
2735	3614
2734	3619
2734	3624
2734	3630
2734	3635
2734	3640
2734	3646
2733	3651
2732	3656
2732	3661
2731	3666
2730	3671
2729	3676
2729	3681
2729	3687
2729	3692
2727	3696
2727	3702
2725	3706
2724	3711
2723	3715
2724	3721
2724	3727
2723	3732
2723	3738
2723	3743
2722	3748
2722	3754
2721	3759
2720	3763
2719	3769
2719	3774
2719	3780
2718	3785
2718	3791
2717	3795
2717	3801
2719	3809
2719	3814
2719	3820
2719	3826
2718	3831
2717	3836
2717	3842
2716	3847
2715	3852
2715	3857
2712	3861
2709	3865
2706	3868
2704	3872
2702	3877
2700	3881
2697	3884
2694	3888
2692	3892
2691	3897
2689	3902
2689	3907
2687	3912
2684	3916
2682	3920
2681	3925
2680	3930
2680	3936
2678	3940
2676	3945
2674	3949
2671	3953
2670	3958
2670	3964
2668	3968
2668	3974
2665	3978
2662	3981
2660	3986
2658	3990
2657	3996
2658	4002
2656	4007
2651	4009
2655	4018
2649	4019
2654	4030
2651	4033
2645	4034
2646	4041
2643	4045
2642	4051
2640	4055
2638	4059
2637	4065
2637	4071
2635	4076
2633	4081
2631	4085
2630	4090
2628	4094
2626	4099
2624	4104
2623	4110
2621	4114
2620	4119
2617	4123
2615	4128
2613	4132
2611	4137
2607	4139
2604	4143
2601	4147
2597	4149
2593	4153
2589	4155
2586	4158
2582	4162
2580	4166
2577	4169
2573	4173
2570	4176
2567	4180
2564	4184
2561	4187
2559	4192
2557	4196
2553	4199
2234	3962
2232	3966
2225	3965
2515	4262
2513	4266
2510	4270
2507	4274
2504	4278
2501	4281
2497	4284
2495	4289
2493	4293
2490	4297
2487	4301
2484	4305
2482	4309
2479	4313
2477	4318
2474	4322
2473	4327
2469	4331
2466	4334
2462	4337
2460	4341
2457	4345
2455	4351
2453	4355
2450	4360
2448	4364
2445	4368
2442	4372
2439	4376
2436	4380
2434	4384
2432	4389
2429	4393
2426	4396
2423	4400
2421	4405
2418	4409
2415	4413
2412	4418
2410	4422
2408	4427
2406	4432
2403	4436
2400	4440
2396	4442
2393	4446
2389	4449
2386	4453
2384	4459
2382	4463
2379	4466
2375	4470
2371	4473
2368	4477
2365	4481
2363	4485
2360	4489
2357	4493
2355	4498
2351	4502
2348	4505
2345	4510
2342	4513
2339	4517
2336	4521
2333	4525
2330	4529
2328	4534
2325	4538
2321	4541
2318	4545
2316	4550
2313	4555
2310	4558
2306	4561
2302	4564
2298	4567
2295	4571
2291	4574
2288	4578
2285	4581
2282	4585
2279	4589
2275	4592
2272	4596
2268	4599
2266	4604
2263	4608
2260	4613
2258	4617
2255	4621
2251	4624
2247	4627
2243	4630
2240	4634
2238	4639
2235	4644
2233	4649
2230	4654
2228	4658
2226	4665
2224	4669
2221	4674
2218	4678
2215	4682
2211	4685
2208	4689
2203	4691
2200	4695
2198	4700
2196	4706
2192	4709
2189	4713
2186	4717
2185	4724
2183	4730
2178	4732
2174	4735
2170	4738
2167	4741
2164	4746
2162	4751
2159	4756
2157	4761
2153	4765
2150	4769
2147	4773
2144	4777
2141	4782
2139	4787
2136	4792
2132	4795
2128	4798
2124	4800
2120	4803
2117	4808
2115	4814
2113	4820
2111	4826
2108	4830
2104	4833
2100	4836
2097	4841
2094	4845
2090	4848
2086	4851
2082	4853
2077	4856
2073	4858
2068	4860
2064	4863
2060	4866
2056	4869
2053	4874
2049	4877
2045	4880
2042	4884
2037	4886
2034	4890
2031	4894
2028	4899
2024	4903
2021	4907
2018	4911
2013	4914
2010	4917
2007	4922
2003	4925
2000	4930
1995	4932
1992	4936
1987	4938
1983	4940
1978	4943
1975	4947
1972	4952
1968	4955
1965	4959
1961	4963
1959	4968
1956	4973
1952	4976
1947	4979
1945	4984
1941	4988
1937	4991
1933	4994
1929	4997
1924	4998
1919	5000
1915	5004
1911	5007
1908	5010
1905	5016
1902	5022
1897	5022
1892	5023
1888	5027
1884	5031
1881	5035
1877	5039
1873	5042
1869	5045
1865	5049
1861	5051
1857	5055
1854	5059
1850	5062
1846	5066
1843	5071
1839	5075
1836	5078
1831	5081
1826	5082
1822	5085
1817	5087
1813	5090
1809	5094
1805	5097
1800	5098
1795	5099
1791	5102
1787	5107
1783	5109
1778	5111
1774	5114
1771	5118
1766	5121
1762	5124
1758	5128
1755	5132
1751	5136
1747	5139
1742	5141
1738	5144
1735	5148
1731	5152
1727	5156
1724	5161
1722	5168
1717	5171
1713	5173
1708	5174
1704	5177
1699	5180
1695	5183
1690	5184
1685	5187
1682	5191
1678	5195
1674	5199
1670	5202
1666	5205
1661	5207
1657	5210
1653	5213
1649	5217
1645	5220
1640	5222
1635	5224
1631	5227
1626	5230
1622	5233
1617	5234
1613	5236
1608	5238
1603	5240
1598	5241
1594	5244
1590	5249
1586	5253
1582	5256
1577	5258
1572	5259
1568	5263
1565	5268
1562	5273
1557	5275
1552	5277
1548	5280
1544	5285
1540	5287
1535	5290
1531	5292
1526	5295
1522	5299
1518	5301
1513	5303
1509	5306
1505	5310
1500	5312
1495	5314
1492	5319
1488	5323
1484	5327
1480	5330
1475	5333
1470	5334
1465	5336
1461	5338
1456	5341
1452	5344
1446	5344
1441	5346
1437	5348
1432	5351
1428	5355
1424	5357
1419	5359
1415	5363
1411	5367
1406	5370
1402	5372
1397	5374
1393	5379
1389	5383
1384	5385
1380	5387
1375	5389
1370	5389
1364	5390
1359	5391
1354	5392
1348	5392
1343	5392
1338	5394
1333	5396
1328	5398
1324	5402
1320	5405
1315	5408
1311	5411
1307	5414
1302	5417
1297	5419
1292	5419
1287	5419
1282	5422
1277	5425
1273	5427
1268	5430
1263	5431
1258	5433
1254	5435
1249	5437
1244	5439
1240	5442
1235	5446
1231	5449
1226	5451
1221	5453
1217	5456
1212	5458
1207	5459
1202	5462
1197	5464
1192	5465
1188	5468
1183	5470
1178	5472
1173	5474
1168	5474
1163	5476
1159	5481
1155	5485
1150	5487
1146	5490
1141	5493
1137	5497
1132	5499
1127	5502
1123	5504
1119	5509
1114	5511
1108	5511
1103	5511
1098	5514
1093	5515
1088	5517
1084	5519
1079	5522
1074	5523
1069	5524
1064	5526
1059	5528
1055	5532
1050	5534
1045	5536
1039	5536
1034	5537
1029	5537
1024	5539
1019	5542
1014	5542
1009	5544
1004	5544
998	5544
993	5546
989	5548
983	5549
979	5552
973	5551
968	5553
963	5553
958	5555
953	5558
949	5563
944	5565
939	5566
934	5568
929	5569
924	5571
919	5573
914	5575
909	5577
905	5580
900	5584
896	5589
891	5591
886	5594
882	5597
877	5599
872	5600
867	5602
862	5605
857	5608
852	5609
847	5611
843	5614
838	5616
833	5618
828	5621
823	5625
818	5627
813	5628
808	5629
803	5630
798	5632
793	5632
787	5632
782	5632
776	5633
772	5635
766	5636
761	5638
756	5640
751	5639
745	5639
740	5640
735	5640
730	5641
724	5640
719	5641
714	5642
709	5644
703	5643
698	5643
693	5645
688	5647
683	5647
677	5646
672	5647
667	5649
662	5649
656	5650
651	5650
646	5651
641	5652
635	5652
630	5652
625	5654
620	5655
614	5655
609	5656
604	5655
598	5653
593	5655
588	5656
583	5660
578	5663
573	5665
568	5667
563	5666
558	5667
552	5666
547	5666
542	5667
537	5668
532	5671
526	5672
521	5673
516	5676
512	5679
506	5681
501	5683
496	5684
491	5685
486	5685
480	5684
475	5685
470	5688
465	5688
460	5690
455	5693
450	5695
445	5697
440	5701
435	5702
429	5702
424	5702
419	5701
413	5699
407	5697
402	5698
397	5701
392	5703
387	5705
382	5707
377	5709
372	5710
366	5708
360	5705
355	5706
350	5706
345	5705
339	5705
334	5705
329	5705
323	5704
318	5704
313	5704
307	5704
302	5703
297	5703
291	5705
286	5705
281	5710
276	5711
271	5713
266	5714
260	5714
255	5716
250	5717
245	5718
240	5719
234	5721
229	5724
224	5724
219	5724
213	5725
208	5725
203	5726
198	5726
192	5726
187	5727
182	5729
177	5730
171	5731
166	5736
161	5736
156	5737
150	5737
145	5738
140	5740
135	5742
130	5745
124	5748
119	5750
114	5751
109	5751
103	5749
98	5756
63	5026
58	5024
54	5024
49	5022
45	5020
41	5018
36	5020
32	5017
27	5007
23	5004
18	4999
14	4994
10	4993
5	4994
1	4995
-3	4997
-8	5000
-12	5002
-16	5005
-20	5015
-25	5018
-29	5017
-34	5017
-38	5020
-42	5024
-47	5024
-51	5025
-67	5759
-72	5761
-78	5761
-83	5761
-88	5761
-94	5761
-99	5761
-104	5757
-110	5756
-115	5755
-120	5753
-126	5752
-131	5752
-136	5754
-142	5755
-147	5757
-152	5757
-158	5756
-163	5755
-168	5756
-174	5755
-190	5758
-195	5756
-200	5756
-206	5757
-211	5757
-216	5757
-222	5757
-227	5757
-232	5755
-238	5755
-243	5753
-248	5753
-254	5754
-259	5755
-264	5754
-269	5754
-275	5753
-280	5751
-285	5748
-290	5745
-296	5744
-301	5743
-306	5740
-311	5740
-316	5738
-322	5734
-327	5733
-332	5733
-337	5730
-342	5726
-348	5727
-353	5726
-358	5726
-364	5726
-369	5728
-375	5730
-380	5732
-385	5732
-391	5731
-396	5731
-401	5730
-407	5731
-412	5731
-417	5732
-423	5733
-428	5732
-433	5729
-438	5728
-444	5727
-449	5728
-454	5729
-460	5729
-465	5729
-471	5731
-476	5731
-481	5730
-486	5728
-492	5726
-497	5723
-502	5721
-507	5721
-512	5722
-518	5725
-524	5726
-529	5724
-534	5723
-539	5720
-544	5718
-549	5717
-554	5714
-559	5711
-565	5711
-570	5710
-575	5712
-581	5717
-587	5716
-592	5713
-597	5709
-602	5709
-607	5711
-613	5709
-618	5707
-623	5705
-628	5702
-633	5701
-638	5701
-644	5701
-649	5700
-654	5698
-659	5698
-665	5699
-670	5698
-676	5699
-681	5697
-686	5695
-691	5696
-697	5696
-702	5694
-707	5691
-711	5687
-716	5684
-721	5681
-726	5681
-732	5680
-736	5677
-741	5675
-747	5673
-752	5673
-757	5672
-762	5670
-767	5668
-773	5668
-778	5667
-783	5667
-788	5665
-793	5664
-799	5665
-805	5669
-811	5670
-816	5670
-821	5668
-826	5665
-831	5664
-837	5667
-843	5667
-847	5663
-852	5660
-857	5657
-861	5651
-865	5646
-871	5645
-876	5644
-881	5642
-885	5638
-890	5637
-896	5636
-901	5635
-906	5634
-911	5632
-916	5629
-921	5626
-925	5624
-930	5622
-935	5620
-940	5618
-945	5616
-950	5614
-955	5610
-959	5607
-965	5606
-969	5603
-974	5600
-979	5598
-983	5594
-988	5591
-993	5589
-998	5587
-1003	5585
-1008	5583
-1013	5581
-1018	5579
-1023	5579
-1029	5580
-1035	5582
-1039	5579
-1044	5576
-1050	5577
-1055	5577
-1060	5577
-1066	5578
-1072	5580
-1077	5578
-1082	5577
-1087	5576
-1093	5576
-1098	5575
-1103	5572
-1108	5570
-1113	5570
-1118	5569
-1123	5568
-1128	5566
-1133	5565
-1139	5564
-1145	5566
-1150	5566
-1156	5567
-1161	5566
-1166	5563
-1171	5561
-1176	5559
-1181	5559
-1186	5557
-1191	5557
-1196	5555
-1201	5552
-1206	5549
-1211	5547
-1216	5545
-1221	5544
-1226	5542
-1231	5542
-1236	5540
-1241	5538
-1246	5535
-1250	5532
-1255	5531
-1261	5530
-1266	5530
-1271	5528
-1275	5525
-1281	5524
-1286	5523
-1291	5521
-1296	5519
-1300	5515
-1304	5511
-1308	5506
-1312	5502
-1316	5498
-1321	5496
-1326	5492
-1330	5488
-1334	5483
-1339	5482
-1344	5481
-1349	5480
-1354	5478
-1359	5475
-1363	5470
-1367	5468
-1371	5463
-1376	5460
-1380	5457
-1385	5454
-1388	5448
-1393	5446
-1398	5446
-1404	5446
-1409	5445
-1414	5443
-1419	5443
-1424	5441
-1430	5440
-1435	5439
-1440	5439
-1446	5438
-1451	5437
-1456	5436
-1461	5435
-1466	5434
-1471	5432
-1476	5431
-1481	5428
-1485	5424
-1491	5425
-1497	5426
-1502	5423
-1506	5420
-1511	5419
-1517	5419
-1521	5416
-1525	5411
-1529	5406
-1532	5401
-1537	5399
-1542	5398
-1546	5393
-1551	5391
-1556	5389
-1560	5385
-1564	5382
-1569	5380
-1573	5377
-1578	5374
-1582	5371
-1586	5368
-1591	5365
-1596	5363
-1600	5361
-1606	5360
-1610	5356
-1613	5351
-1618	5348
-1622	5346
-1627	5344
-1632	5341
-1636	5339
-1642	5338
-1646	5335
-1650	5332
-1655	5328
-1659	5325
-1663	5322
-1667	5319
-1672	5315
-1677	5314
-1680	5309
-1684	5305
-1688	5301
-1693	5300
-1698	5298
-1703	5297
-1708	5295
-1713	5294
-1719	5293
-1724	5292
-1728	5290
-1733	5286
-1737	5284
-1742	5281
-1745	5276
-1749	5273
-1754	5271
-1759	5270
-1764	5268
-1769	5265
-1773	5263
-1778	5261
-1783	5258
-1787	5256
-1792	5254
-1796	5250
-1800	5246
-1803	5241
-1806	5236
-1809	5229
-1813	5226
-1817	5223
-1822	5221
-1827	5219
-1831	5216
-1835	5212
-1838	5207
-1842	5203
-1846	5199
-1850	5196
-1853	5192
-1857	5187
-1860	5181
-1864	5178
-1868	5175
-1873	5173
-1877	5169
-1880	5165
-1884	5161
-1888	5158
-1893	5155
-1898	5154
-1902	5150
-1906	5148
-1910	5144
-1914	5141
-1918	5138
-1923	5136
-1927	5132
-1931	5129
-1935	5126
-1939	5122
-1943	5120
-1947	5116
-1952	5114
-1956	5111
-1960	5108
-1964	5104
-1968	5100
-1972	5098
-1977	5095
-1981	5092
-1986	5090
-1990	5088
-1994	5084
-1998	5081
-2003	5078
-2007	5077
-2012	5074
-2016	5071
-2020	5067
-2024	5064
-2028	5060
-2031	5057
-2035	5053
-2039	5049
-2043	5046
-2047	5043
-2051	5040
-2055	5036
-2060	5034
-2063	5030
-2066	5026
-2070	5022
-2075	5020
-2079	5017
-2083	5014
-2088	5012
-2092	5009
-2096	5006
-2100	5002
-2103	4997
-2106	4993
-2110	4990
-2114	4987
-2118	4983
-2121	4979
-2125	4974
-2128	4971
-2133	4968
-2136	4964
-2140	4960
-2143	4956
-2146	4951
-2150	4949
-2154	4945
-2158	4942
-2162	4940
-2167	4937
-2170	4932
-2175	4930
-2178	4927
-2181	4921
-2185	4918
-2188	4914
-2193	4911
-2197	4909
-2200	4905
-2205	4902
-2208	4898
-2211	4893
-2215	4890
-2220	4888
-2223	4885
-2225	4878
-2229	4875
-2233	4872
-2237	4868
-2239	4863
-2242	4858
-2246	4856
-2250	4853
-2254	4849
-2258	4846
-2263	4844
-2267	4841
-2271	4837
-2275	4834
-2279	4832
-2283	4829
-2288	4827
-2291	4823
-2294	4818
-2297	4814
-2299	4808
-2302	4804
-2305	4798
-2307	4793
-2310	4789
-2313	4785
-2316	4780
-2319	4775
-2323	4772
-2327	4770
-2329	4764
-2332	4760
-2335	4756
-2339	4753
-2343	4749
-2346	4745
-2350	4741
-2352	4737
-2356	4733
-2359	4728
-2363	4725
-2367	4722
-2370	4718
-2373	4715
-2377	4711
-2379	4706
-2383	4702
-2387	4699
-2391	4696
-2394	4692
-2397	4688
-2400	4684
-2404	4681
-2408	4678
-2412	4675
-2416	4671
-2418	4667
-2422	4663
-2425	4660
-2429	4657
-2432	4652
-2435	4648
-2439	4645
-2443	4642
-2446	4638
-2449	4634
-2453	4631
-2456	4627
-2460	4624
-2464	4621
-2467	4617
-2471	4613
-2474	4609
-2477	4605
-2481	4602
-2484	4598
-2487	4594
-2491	4591
-2495	4587
-2498	4583
-2501	4579
-2505	4576
-2509	4574
-2514	4571
-2517	4567
-2520	4564
-2525	4562
-2531	4561
-2534	4557
-2535	4551
-2539	4547
-2542	4543
-2544	4538
-2546	4534
-2550	4530
-2553	4526
-2557	4523
-2561	4520
-2564	4516
-2565	4510
-2568	4505
-2570	4501
-2573	4497
-2577	4493
-2579	4488
-2583	4485
-2586	4482
-2590	4479
-2593	4474
-2595	4469
-2598	4466
-2601	4461
-2605	4458
-2609	4455
-2609	4449
-2611	4443
-2613	4438
-2615	4433
-2619	4430
-2621	4425
-2623	4420
-2626	4416
-2629	4412
-2632	4408
-2636	4405
-2640	4402
-2643	4398
-2644	4392
-2646	4387
-2649	4383
-2651	4379
-2654	4374
-2658	4371
-2661	4367
-2662	4361
-2664	4356
-2668	4353
-2671	4350
-2676	4348
-2679	4343
-2681	4339
-2683	4334
-2686	4330
-2688	4325
-2692	4322
-2696	4319
-2699	4315
-2701	4311
-2703	4306
-2705	4300
-2707	4295
-2710	4292
-2713	4288
-2715	4284
-2717	4279
-2720	4275
-2723	4270
-2726	4267
-2729	4263
-2731	4258
-2733	4254
-2735	4249
-2739	4245
-2743	4242
-2745	4238
-2749	4235
-2750	4230
-2753	4225
-2755	4221
-2757	4216
-2760	4212
-2763	4208
-2765	4204
-2768	4199
-2770	4194
-2772	4190
-2773	4185
-2774	4179
-2777	4175
-2781	4172
-2784	4168
-2787	4165
-2790	4161
-2792	4156
-2795	4152
-2797	4148
-2799	4143
-2801	4138
-2803	4134
-2806	4129
-2808	4125
-2810	4120
-2813	4117
-2815	4112
-2817	4107
-2817	4101
-2818	4095
-2820	4091
-2822	4086
-2825	4083
-2830	4080
-2834	4077
-2836	4073
-2838	4068
-2839	4063
-2842	4059
-2844	4055
-2847	4051
-2850	4047
-2851	4042
-2853	4037
-2857	4034
-2861	4031
-2863	4027
-2865	4022
-2865	4016
-2868	4012
-2871	4008
-2874	4005
-2877	4001
-2879	3997
-2882	3993
-2883	3987
-2884	3982
-2886	3978
-2889	3974
-2893	3971
-2895	3967
-2898	3963
-2903	3961
-2906	3957
-2906	3951
-2907	3946
-2911	3943
-2916	3941
-2918	3936
-2920	3931
-2922	3927
-2924	3923
-2923	3916
-2923	3910
-2926	3906
-2928	3902
-2930	3897
-2931	3892
-2932	3887
-2935	3883
-2937	3879
-2938	3873
-2938	3868
-2941	3864
-2943	3860
-2944	3855
-2946	3850
-2948	3845
-2949	3840
-2950	3835
-2952	3831
-2954	3826
-2955	3821
-2956	3816
-2956	3810
-2959	3806
-2962	3803
-2964	3799
-2965	3794
-2967	3789
-2967	3783
-2969	3779
-2972	3775
-2973	3770
-2975	3766
-2977	3762
-2978	3756
-2981	3753
-2982	3748
-2982	3742
-2983	3737
-2985	3733
-2988	3729
-2990	3725
-2991	3720
-2992	3715
-2994	3710
-2994	3705
-2995	3700
-2997	3695
-2998	3691
-2999	3686
-3002	3682
-3006	3679
-3010	3677
-3014	3673
-3016	3669
-3017	3665
-3017	3658
-3017	3653
-3017	3647
-3018	3642
-3014	3634
-3014	3629
-3015	3624
-3015	3619
-3015	3613
-3015	3608
-3016	3603
-3016	3597
-3014	3591
-3014	3585
-3014	3580
-3014	3574
-3014	3569
-3014	3563
-3015	3558
-3014	3552
-3014	3547
-3015	3542
-3015	3537
-3015	3531
-3015	3526
-3016	3521
-3016	3516
-3017	3511
-3018	3506
-3018	3501
-3019	3496
-3020	3491
-3020	3486
-3018	3480
-3019	3475
-3020	3470
-3020	3465
-3018	3459
-3017	3453
-3019	3448
-3019	3443
-3018	3438
-3018	3432
-3019	3428
-3020	3423
-3020	3418
-3021	3413
-3021	3408
-3022	3403
-3019	3396
-3019	3392
-3020	3387
-3020	3382
-3022	3377
-3022	3373
-3024	3368
-3024	3363
-3025	3359
-3025	3353
-3026	3349
-3026	3344
-3025	3338
-3026	3334
-3027	3329
-3023	3322
-3022	3316
-3026	3313
-3026	3308
-3026	3303
-3027	3299
-3027	3294
-3026	3288
-3025	3283
-3025	3278
-3026	3273
-3025	3268
-3024	3262
-3024	3257
-3023	3252
-3020	3245
-3019	3240
-3020	3235
-3020	3230
-3020	3225
-3020	3221
-3021	3216
-3020	3211
-3018	3205
-3018	3200
-3019	3195
-3019	3190
-3019	3186
-3019	3181
-3019	3176
-3015	3169
-3014	3164
-3014	3159
-3014	3154
-3013	3149
-3014	3144
-3014	3140
-3013	3134
-3012	3129
-3013	3125
-3013	3120
-3010	3114
-3010	3109
-3009	3104
-3009	3099
-3009	3094
-3008	3089
-3007	3084
-3008	3080
-3009	3075
-3007	3069
-3005	3064
-3005	3059
-3006	3055
-3007	3051
-3006	3046
-3005	3040
-3005	3036
-3004	3031
-3004	3026
-3003	3021
-3001	3015
-2998	3009
-2995	3003
-2994	2998
-2994	2994
-2991	2988
-2989	2982
-2991	2978
-2991	2974
-2989	2969
-2987	2963
-2987	2959
-2988	2954
-2988	2950
-2985	2944
-2985	2939
-2985	2935
-2983	2930
-2981	2924
-2979	2919
-2979	2914
-2980	2910
-2979	2906
-2979	2901
-2978	2896
-2975	2890
-2974	2885
-2973	2881
-2974	2876
-2974	2872
-2974	2868
-2975	2863
-2973	2858
-2971	2853
-2971	2849
-2971	2844
-2971	2840
-2971	2835
-2971	2831
-2972	2827
-2970	2822
-2969	2817
-2969	2813
-2968	2808
-2966	2802
-2965	2798
-2965	2793
-2964	2789
-2964	2784
-2964	2780
-2965	2776
-2964	2772
-2963	2767
-2961	2761
-2960	2757
-2960	2752
-2959	2748
-2958	2743
-2955	2738
-2954	2733
-2954	2729
-2954	2725
-2952	2720
-2953	2716
-2953	2711
-2953	2707
-2952	2703
-2952	2698
-2954	2695
-2953	2690
-2951	2685
-2950	2681
-2950	2676
-2951	2672
-2951	2668
-2952	2664
-2952	2660
-2949	2655
-2947	2650
-2946	2645
-2946	2641
-2946	2637
-2945	2633
-2945	2628
-2946	2624
-2945	2620
-2944	2616
-2944	2611
-2944	2607
-2944	2603
-2942	2598
-2939	2593
-2937	2588
-2938	2585
-2939	2580
-2937	2576
-2936	2571
-2934	2567
-2935	2563
-2935	2559
-2934	2554
-2935	2551
-2934	2546
-2933	2542
-2931	2537
-2927	2532
-2926	2527
-2926	2523
-2926	2519
-2926	2515
-2925	2511
-2925	2507
-2925	2503
-2922	2498
-2921	2493
-2920	2489
-2920	2485
-2919	2481
-2918	2476
-2917	2472
-2916	2468
-2916	2464
-2912	2459
-2910	2454
-2912	2451
-2913	2447
-2911	2442
-2909	2438
-2909	2434
-2911	2430
-2910	2426
-2908	2421
-2908	2417
-2907	2413
-2906	2409
-2905	2405
-2904	2401
-2904	2397
-2903	2392
-2902	2388
-2899	2383
-2897	2379
-2897	2375
-2896	2371
-2896	2367
-2895	2363
-2893	2359
-2893	2355
-2893	2351
-2893	2347
-2892	2343
-2892	2339
-2892	2335
-2891	2330
-2888	2326
-2882	2321
-2880	2317
-2880	2313
-2880	2309
-2882	2305
-2881	2301
-2880	2297
-2880	2293
-2879	2289
-2878	2285
-2876	2281
-2874	2276
-2871	2272
-2872	2268
-2875	2265
-2875	2261
-2873	2257
-2868	2252
-2868	2248
-2866	2244
-2864	2240
-2863	2236
-2865	2232
-2867	2229
-2866	2225
-2864	2221
-2863	2217
-2863	2213
-2863	2209
-2861	2205
-2860	2201
-2859	2197
-2858	2193
-2857	2189
-2857	2185
-2856	2181
-2857	2178
-2858	2174
-2856	2170
-2853	2166
-2849	2161
-2847	2157
-2847	2153
-2849	2150
-2851	2146
-2851	2143
-2849	2139
-2850	2135
-2849	2131
-2848	2127
-2847	2123
-2846	2119
-2845	2115
-2844	2112
-2845	2108
-2843	2104
-2842	2100
-2841	2096
-2839	2092
-2839	2088
-2838	2085
-2838	2081
-2835	2077
-2834	2073
-2834	2069
-2833	2065
-2832	2062
-2834	2058
-2832	2054
-2832	2050
-2828	2046
-2828	2042
-2829	2039
-2829	2035
-2827	2031
-2827	2027
-2827	2024
-2827	2020
-2826	2016
-2821	2012
-2820	2008
-2817	2004
-2814	2000
-2813	1997
-2815	1993
-2810	1989
-2809	1985
-2811	1982
-2811	1978
-2810	1974
-2808	1970
-2805	1966
-2805	1963
-2805	1959
-2803	1955
-2803	1952
-2804	1948
-2803	1944
-2804	1941
-2804	1937
-2800	1933
-2798	1929
-2799	1926
-2799	1922
-2799	1919
-2797	1915
-2796	1911
-2796	1908
-2795	1904
-2793	1900
-2794	1897
-2795	1893
-2792	1889
-2791	1886
-2791	1882
-2790	1878
-2786	1874
-2785	1871
-2785	1867
-2786	1864
-2785	1860
-2785	1856
-2785	1853
-2785	1849
-2785	1846
-2785	1842
-2785	1838
-2783	1835
-2780	1831
-2779	1827
-2776	1824
-2777	1820
-2779	1817
-2779	1813
-2778	1809
-2777	1806
-2777	1802
-2777	1799
-2775	1795
-2774	1791
-2773	1788
-2772	1784
-2771	1780
-2770	1777
-2769	1773
-2769	1770
-2767	1766
-2766	1763
-2767	1759
-2768	1755
-2767	1752
-2767	1748
-2767	1745
-2767	1741
-2765	1738
-2763	1734
-2760	1730
-2760	1727
-2761	1723
-2759	1720
-2757	1716
-2757	1713
-2755	1709
-2754	1706
-2753	1702
-2753	1698
-2751	1695
-2749	1691
-2749	1688
-2750	1684
-2748	1681
-2747	1677
-2746	1674
-2746	1670
-2744	1667
-2743	1663
-2741	1660
-2742	1656
-2739	1653
-2737	1649
-2736	1646
-2736	1642
-2736	1639
-2737	1635
-2736	1632
-2734	1628
-2732	1625
-2731	1621
-2730	1618
-2730	1614
-2731	1611
-2729	1607
-2730	1604
-2729	1600
-2727	1597
-2727	1593
-2725	1590
-2723	1586
-2722	1583
-2721	1579
-2720	1576
-2718	1573
-2717	1569
-2715	1566
-2715	1562
-2715	1559
-2715	1555
-2716	1552
-2716	1548
-2714	1545
-2713	1541
-2712	1538
-2711	1534
-2710	1531
-2708	1528
-2706	1524
-2705	1521
-2706	1517
-2705	1514
-2704	1510
-2702	1507
-2702	1504
-2701	1500
-2701	1497
-2702	1493
-2700	1490
-2698	1486
-2696	1483
-2696	1480
-2696	1476
-2695	1473
-2694	1469
-2692	1466
-2692	1463
-2691	1459
-2691	1456
-2692	1452
-2690	1449
-2688	1445
-2687	1442
-2685	1439
-2683	1436
-2684	1432
-2685	1428
-2685	1425
-2684	1422
-2682	1418
-2680	1415
-2679	1412
-2680	1408
-2681	1404
-2681	1401
-2682	1397
-2681	1394
-2679	1391
-2679	1387
-2679	1384
-2678	1380
-2677	1377
-2674	1374
-2673	1370
-2673	1367
-2673	1363
-2673	1360
-2672	1357
-2671	1353
-2669	1350
-2669	1347
-2670	1343
-2668	1340
-2667	1336
-2664	1333
-2664	1330
-2662	1327
-2662	1323
-2662	1320
-2661	1316
-2658	1313
-2657	1310
-2656	1306
-2656	1303
-2655	1300
-2656	1296
-2655	1293
-2654	1289
-2651	1286
-2650	1283
-2649	1280
-2650	1276
-2647	1273
-2648	1269
-2646	1266
-2645	1263
-2644	1260
-2643	1256
-2642	1253
-2642	1249
-2641	1246
-2640	1243
-2639	1240
-2638	1236
-2637	1233
-2637	1229
-2636	1226
-2636	1223
-2634	1219
-2632	1216
-2632	1213
-2631	1210
-2631	1206
-2629	1203
-2627	1200
-2626	1197
-2625	1193
-2624	1190
-2625	1186
-2623	1183
-2622	1180
-2620	1177
-2619	1173
-2618	1170
-2617	1167
-2617	1163
-2616	1160
-2615	1157
-2614	1153
-2614	1150
-2614	1147
-2611	1144
-2610	1140
-2611	1136
-2611	1133
-2610	1130
-2608	1127
-2607	1123
-2604	1121
-2603	1117
-2603	1114
-2603	1110
-2601	1107
-2600	1104
-2599	1101
-2597	1098
-2598	1094
-2597	1091
-2595	1087
-2592	1085
-2593	1081
-2592	1078
-2590	1075
-2589	1071
-2588	1068
-2589	1064
-2588	1061
-2587	1058
-2586	1054
-2585	1051
-2584	1048
-2583	1045
-2582	1041
-2581	1038
-2580	1035
-2578	1032
-2576	1029
-2577	1025
-2577	1022
-2577	1018
-2576	1015
-2572	1012
-2569	1009
-2567	1006
-2567	1003
-2567	999
-2567	996
-2566	993
-2564	990
-2563	986
-2560	984
-2560	980
-2560	976
-2559	973
-2558	970
-2555	967
-2555	964
-2554	960
-2554	957
-2553	954
-2552	950
-2550	947
-2549	944
-2547	941
-2546	938
-2546	934
-2544	931
-2542	928
-2541	925
-2540	922
-2539	919
-2538	915
-2537	912
-2536	909
-2535	906
-2534	902
-2533	899
-2532	896
-2530	893
-2529	890
-2528	886
-2527	883
-2526	880
-2524	877
-2523	873
-2522	870
-2522	867
-2521	863
-2520	860
-2519	857
-2518	854
-2517	851
-2517	847
-2516	844
-2514	841
-2513	837
-2511	834
-2510	831
-2510	828
-2509	824
-2508	821
-2507	818
-2505	815
-2505	811
-2505	808
-2504	804
-2502	802
-2502	798
-2501	795
-2499	792
-2498	788
-2497	785
-2497	782
-2494	779
-2493	776
-2493	772
-2492	769
-2491	766
-2490	762
-2489	759
-2489	755
-2487	753
-2485	749
-2486	745
-2484	743
-2483	739
-2483	736
-2483	732
-2481	729
-2479	726
-2477	723
-2477	720
-2476	716
-2475	713
-2473	710
-2473	707
-2472	703
-2470	700
-2468	697
-2467	694
-2466	691
-2466	687
-2464	684
-2462	681
-2462	678
-2461	675
-2458	672
-2456	669
-2455	666
-2453	663
-2451	660
-2450	657
-2449	654
-2448	650
-2448	647
-2445	644
-2444	641
-2443	638
-2442	634
-2442	631
-2440	627
-2439	624
-2437	622
-2436	618
-2434	615
-2432	612
-2431	609
-2430	606
-2429	602
-2428	599
-2427	596
-2426	593
-2424	590
-2424	586
-2422	583
-2421	580
-2421	576
-2421	572
-2419	569
-2416	567
-2414	564
-2415	560
-2414	556
-2414	553
-2413	549
-2411	546
-2409	544
-2408	540
-2408	537
-2405	534
-2405	530
-2404	527
-2403	524
-2401	521
-2399	518
-2399	514
-2398	511
-2399	507
-2400	502
-2398	499
-2396	497
-2395	493
-2394	489
-2394	486
-2391	483
-2389	481
-2388	477
-2388	473
-2388	469
-2390	465
-2388	462
-2385	460
-2383	457
-2383	453
-2383	449
-2382	446
-2376	444
-2372	443
-2371	440
-2371	436
-2370	432
-2368	429
-2368	425
-2368	422
-2367	418
-2366	415
-2366	411
-2365	407
-2365	403
-2364	400
-2363	397
-2361	394
-2359	391
-2360	387
-2358	384
-2357	380
-2356	377
-2355	373
-2354	370
-2352	367
-2349	364
-2347	361
-2347	358
-2347	354
-2346	350
-2346	346
-2345	343
-2343	340
-2341	337
-2340	333
-2339	330
-2336	328
-2335	324
-2334	321
-2333	317
-2333	313
-2331	310
-2329	308
-2329	303
-2329	299
-2327	297
-2323	295
-2322	291
-2322	287
-2321	284
-2318	281
-2316	279
-2315	275
-2315	271
-2314	268
-2312	265
-2311	261
-2310	258
-2309	254
-2307	251
-2306	248
-2300	247
-2295	247
-2291	245
-2287	243
-2283	242
-2281	239
-2276	238
-2273	236
-2272	233
-2271	229
-2271	225
-2268	223
-2267	219
-2265	216
-2265	212
-2264	208
-2262	206
-2261	202
-2259	199
-2258	196
-2257	192
-2257	188
-2255	185
-2253	183
-2251	179
-2249	176
-2248	173
-2246	170
-2245	166
-2245	162
-2244	159
-2242	156
-2240	153
-2238	150
-2236	147
-2235	144
-2235	140
-2234	136
-2232	133
-2230	130
-2229	126
-2228	123
-2225	121
-2224	117
-2223	113
-2225	108
-2222	105
-2220	103
-2217	100
-2215	97
-2213	94
-2210	92
-2209	89
-2207	86
-2205	83
-2204	80
-2202	77
-2199	75
-2196	72
-2197	67
-2195	64
-2194	60
-2193	57
-2191	54
-2188	51
-2187	48
-2185	45
-2183	42
-2181	39
-2182	34
-2182	30
-2180	27
-2175	26
-2174	23
-2173	19
-2172	15
-2170	12
-2168	9
-2166	6
-2165	2
-2164	-1
-2162	-4
-2159	-7
-2160	-11
-2159	-15
-2157	-18
-2154	-20
-2151	-23
-2152	-28
-2151	-32
-2149	-35
-2149	-39
-2147	-42
-2144	-45
-2143	-48
-2143	-53
-2140	-55
-2138	-58
-2137	-62
-2137	-66
-2136	-70
-2133	-73
-2130	-75
-2129	-78
-2127	-82
-2126	-85
-2125	-89
-2124	-93
-2123	-97
-2123	-102
-2122	-106
-2119	-108
-2117	-111
-2115	-114
-2115	-119
-2115	-123
-2114	-127
-2113	-131
-2112	-135
-2110	-138
-2100	-134
-2090	-129
-2084	-129
-2082	-132
-2067	-123
-2060	-122
-2063	-129
-2074	-144
-2074	-149
-2073	-153
-2072	-157
-2064	-155
-2060	-155
-2054	-155
-2050	-156
-2046	-157
-2045	-161
-2041	-162
-2037	-163
-2027	-159
-2021	-158
-2017	-160
-2013	-161
-2011	-163
-2008	-165
-2005	-168
-2002	-170
-1998	-171
-1994	-171
-1992	-175
-1989	-176
-1986	-179
-1982	-179
-1974	-176
-1969	-177
-1962	-175
-1955	-173
-1952	-175
-1949	-177
-1941	-174
-1929	-167
-1919	-162
-1914	-162
-1907	-160
-1903	-161
-1899	-161
-1894	-161
-1891	-162
-1889	-165
-1886	-168
-1883	-170
-1880	-171
-1876	-172
-1872	-173
-1865	-171
-1852	-162
-1845	-159
-1841	-160
-1840	-164
-1837	-166
-1831	-165
-1824	-162
-1817	-160
-1812	-159
-1808	-159
-1804	-161
-1790	-150
-1780	-145
-1775	-144
-1772	-146
-1770	-149
-1767	-151
-1763	-151
-1761	-154
-1762	-159
-1758	-160
-1755	-161
-1751	-162
-1747	-162
-1742	-162
-1737	-161
-1732	-161
-1727	-160
-1723	-160
-1717	-159
-1709	-154
-1704	-154
-1700	-154
-1695	-154
-1690	-153
-1688	-155
-1685	-157
-1682	-159
-1679	-159
-1676	-162
-1674	-164
-1672	-167
-1670	-169
-1666	-169
-1657	-165
-1652	-164
-1649	-164
-1647	-167
-1642	-166
-1639	-168
-1635	-168
-1630	-167
-1624	-165
-1619	-164
-1614	-163
-1611	-164
-1608	-166
-1605	-167
-1603	-170
-1600	-171
-1598	-173
-1594	-174
-1585	-168
-1579	-165
-1573	-163
-1568	-162
-1564	-161
-1560	-162
-1557	-163
-1555	-166
-1555	-170
-1554	-174
-1547	-171
-1542	-170
-1539	-171
-1536	-172
-1532	-172
-1529	-173
-1525	-173
-1521	-173
-1517	-173
-1513	-173
-1505	-168
-1497	-162
-1491	-160
-1488	-161
-1483	-160
-1480	-160
-1477	-162
-1476	-165
-1474	-168
-1467	-164
-1464	-165
-1462	-167
-1458	-167
-1454	-167
-1451	-168
-1449	-171
-1448	-174
-1446	-176
-1443	-177
-1440	-179
-1438	-182
-1435	-182
-1431	-182
-1427	-181
-1423	-181
-1418	-180
-1414	-180
-1410	-179
-1406	-178
-1402	-178
-1401	-182
-1402	-188
-1402	-193
-1374	-160
-1371	-160
-1370	-164
-1368	-167
-1366	-170
-1364	-171
-1362	-174
-1361	-178
-1361	-182
-1359	-185
-1355	-184
-1349	-182
-1345	-180
-1342	-182
-1338	-181
-1335	-182
-1333	-183
-1328	-183
-1325	-183
-1322	-184
-1319	-184
-1315	-184
-1312	-185
-1310	-187
-1308	-189
-1305	-191
-1303	-193
-1297	-189
-1290	-184
-1285	-182
-1280	-180
-1277	-180
-1274	-181
-1270	-181
-1266	-180
-1262	-179
-1258	-178
-1255	-178
-1252	-178
-1248	-178
-1245	-178
-1241	-178
-1238	-179
-1235	-179
-1231	-178
-1229	-180
-1227	-182
-1223	-182
-1219	-181
-1214	-179
-1209	-176
-1204	-174
-1200	-173
-1197	-174
-1195	-175
-1193	-177
-1188	-175
-1184	-174
-1182	-175
-1179	-176
-1175	-175
-1172	-175
-1169	-177
-1165	-176
-1161	-174
-1158	-175
-1155	-176
-1152	-175
-1149	-176
-1147	-179
-1145	-180
-1141	-179
-1137	-178
-1134	-178
-1131	-178
-1128	-180
-1125	-179
-1121	-179
-1118	-179
-1115	-179
-1113	-181
-1110	-181
-1107	-182
-1103	-181
-1099	-180
-1095	-178
-1092	-178
-1089	-178
-1085	-178
-1081	-177
-1079	-178
-1076	-179
-1073	-179
-1069	-177
-1065	-176
-1062	-177
-1059	-177
-1057	-178
-1055	-181
-1052	-181
-1049	-181
-1045	-180
-1043	-181
-1040	-183
-1037	-182
-1034	-182
-1030	-181
-1026	-180
-1023	-179
-1019	-178
-1017	-179
-1013	-179
-1010	-178
-1008	-179
-1005	-180
-1001	-179
-998	-179
-996	-181
-993	-181
-991	-182
-989	-185
-987	-187
-984	-187
-980	-186
-978	-187
-975	-187
-972	-187
-969	-188
-966	-188
-963	-188
-960	-188
-953	-181
-950	-179
-947	-180
-943	-179
-939	-176
-935	-173
-930	-171
-927	-170
-925	-171
-923	-173
-921	-175
-919	-177
-916	-178
-913	-179
-911	-179
-908	-179
-905	-179
-902	-180
-899	-180
-896	-180
-893	-180
-891	-181
-888	-180
-884	-180
-881	-179
-878	-179
-875	-179
-872	-179
-869	-177
-866	-177
-862	-176
-773	-1
-770	-1
-768	-1
-765	0
-762	0
-759	0
-756	1
-753	2
-751	2
-749	1
-746	2
-743	1
-741	0
-739	-0
-736	0
-733	0
-731	1
-728	1
-726	-1
-725	-4
-726	-12
-725	-18
-721	-14
-717	-9
-714	-8
-711	-8
-712	-16
-713	-26
-740	-125
-738	-127
-737	-131
-736	-135
-734	-138
-733	-140
-731	-142
-728	-143
-726	-145
-724	-146
-721	-147
-719	-148
-717	-148
-714	-148
-712	-150
-709	-150
-707	-152
-705	-154
-702	-155
-700	-154
-697	-154
-694	-155
-692	-155
-689	-155
-686	-155
-684	-156
-681	-157
-679	-156
-677	-159
-678	-170
-679	-182
-679	-189
-677	-191
-675	-193
-672	-193
-654	-147
-651	-147
-648	-145
-645	-143
-643	-144
-640	-144
-637	-144
-634	-144
-632	-143
-629	-143
-627	-144
-625	-147
-623	-150
-621	-152
-619	-155
-618	-159
-616	-162
-613	-160
-609	-155
-604	-149
-601	-145
-598	-144
-596	-146
-594	-150
-593	-155
-593	-164
-593	-172
-592	-177
-589	-178
-587	-179
-584	-179
-581	-177
-578	-176
-576	-176
-573	-177
-571	-177
-568	-176
-565	-176
-565	-186
-565	-195
-507	-7
-504	-7
-502	-6
0	0
0	0
0	0
0	0
0	0
0	0
0	0
0	0
0	0
0	0
0	0
-498	-107
-498	-116
-498	-125
-497	-134
-497	-142
-496	-150
-496	-158
-494	-161
-492	-165
-490	-166
-488	-168
-486	-170
-483	-171
-481	-171
-478	-172
-476	-171
-473	-171
-470	-171
-468	-170
-465	-171
-463	-171
-460	-172
-458	-171
-455	-172
-453	-171
-450	-171
-448	-173
-445	-172
-443	-173
-440	-172
-438	-173
-435	-173
-432	-172
-430	-171
-427	-172
-425	-171
-422	-171
-419	-170
-417	-171
-415	-172
-412	-172
-410	-172
-407	-172
-405	-172
-402	-171
-400	-172
-397	-172
-395	-173
-392	-172
-390	-172
-387	-172
-384	-171
-382	-171
-380	-173
-377	-171
-374	-171
-372	-173
-370	-173
-367	-173
-365	-173
-362	-173
-360	-173
-357	-171
-354	-172
-352	-172
-349	-172
-347	-172
-345	-172
-342	-175
-340	-175
-337	-171
-335	-174
-334	-182
-331	-184
-329	-185
-327	-186
-324	-187
-322	-186
-319	-186
-317	-186
-314	-184
-311	-183
-309	-183
-306	-183
-304	-183
-301	-185
-299	-186
-297	-186
-294	-186
-291	-184
-289	-184
-286	-184
-284	-184
-281	-184
-279	-184
-276	-184
-274	-184
-271	-185
-269	-185
-267	-186
-264	-187
-262	-187
-259	-186
-257	-185
-254	-184
-252	-184
-249	-185
-247	-185
-244	-186
-242	-186
-239	-187
-237	-188
-234	-187
-232	-185
-229	-184
-227	-186
-225	-187
-222	-186
-219	-185
-217	-185
-215	-185
-212	-186
-210	-185
-207	-183
-204	-183
-202	-184
-200	-186
-197	-186
-195	-185
-192	-185
-190	-185
-187	-185
-185	-186
-183	-187
-180	-186
-178	-185
-175	-184
-173	-185
-170	-185
-168	-184
-165	-185
-163	-187
-160	-186
-158	-185
-155	-185
-153	-185
-150	-185
-148	-184
-146	-185
-143	-185
-141	-184
-138	-185
-136	-185
-133	-186
-131	-185
-128	-185
-126	-184
-123	-184
-121	-184
-118	-183
-116	-182
-114	-183
-111	-186
-109	-187
-106	-186
-104	-186
-101	-185
-99	-185
-96	-187
-94	-188
-92	-188
-89	-187
-87	-185
-84	-184
-82	-184
-79	-184
-77	-184
-74	-186
-72	-187
-69	-187
-67	-186
-65	-185
-62	-185
-60	-185
-57	-185
-55	-186
-52	-185
-50	-185
-47	-185
-45	-185
-40	-185
-38	-185
-35	-185
-33	-184
-30	-184
-28	-184
-25	-184
-23	-184
-20	-184
-18	-184
-15	-184
-13	-183
-11	-184
-8	-185
-6	-184
-3	-183
-1	-184
2	-185
4	-185
7	-184
9	-184
12	-186
14	-185
16	-185
19	-185
21	-185
24	-185
26	-184
29	-184
31	-185
34	-185
36	-184
38	-183
41	-184
43	-185
46	-185
48	-185
51	-185
53	-186
56	-184
58	-183
61	-184
63	-184
66	-184
68	-185
71	-186
73	-185
75	-184
78	-185
80	-185
83	-186
85	-186
88	-184
90	-184
93	-184
95	-184
98	-185
100	-186
103	-185
105	-185
108	-185
110	-185
112	-185
115	-184
117	-185
120	-185
122	-186
125	-186
128	-187
130	-186
132	-185
135	-185
137	-185
140	-185
142	-185
145	-185
147	-185
150	-186
152	-185
154	-184
157	-185
160	-185
162	-185
165	-185
167	-184
169	-184
172	-184
174	-185
177	-186
179	-186
182	-186
184	-185
187	-186
189	-184
191	-179
193	-173
194	-166
196	-160
198	-158
200	-157
203	-155
205	-155
208	-156
210	-157
213	-159
216	-161
218	-160
221	-161
224	-164
227	-166
229	-168
232	-170
235	-171
238	-173
240	-174
242	-173
244	-169
247	-168
249	-168
252	-168
254	-168
257	-168
260	-170
262	-171
265	-172
268	-174
271	-177
274	-180
277	-183
280	-185
282	-181
284	-178
285	-175
288	-173
290	-171
292	-169
294	-168
296	-164
298	-162
301	-162
303	-162
306	-164
310	-169
313	-175
316	-175
317	-169
319	-164
321	-163
323	-162
326	-164
329	-163
331	-164
334	-164
337	-167
340	-167
342	-168
345	-169
348	-170
350	-170
353	-170
355	-170
358	-169
360	-170
363	-170
366	-171
368	-171
371	-170
373	-170
376	-170
379	-171
381	-170
384	-171
386	-171
389	-170
391	-171
394	-170
397	-171
399	-171
402	-171
404	-171
407	-171
410	-172
412	-171
415	-170
417	-171
420	-171
423	-171
425	-171
428	-171
430	-171
433	-171
435	-170
436	-163
437	-157
439	-154
441	-151
442	-149
442	-138
443	-133
445	-129
447	-127
449	-126
452	-126
454	-127
457	-128
460	-128
463	-129
466	-130
473	-148
476	-148
478	-146
480	-144
482	-142
484	-140
486	-138
488	-137
490	-135
493	-134
495	-135
498	-135
502	-140
508	-151
513	-159
513	-148
513	-141
513	-133
514	-127
512	-113
512	-104
512	-95
512	-89
513	-83
512	-73
512	-64
512	-57
512	-50
513	-42
513	-35
513	-28
513	-20
513	-14
514	-9
516	-7
517	-4
520	-4
581	-153
583	-153
587	-155
590	-158
595	-163
601	-172
605	-176
608	-176
610	-176
613	-176
616	-176
619	-176
621	-175
624	-175
627	-177
630	-177
633	-176
635	-176
638	-177
641	-177
644	-176
646	-175
649	-175
652	-176
655	-177
657	-176
661	-177
664	-178
666	-177
669	-176
671	-175
674	-174
675	-170
676	-165
677	-161
678	-157
680	-155
683	-155
686	-156
690	-158
691	-155
694	-155
697	-155
700	-155
702	-155
705	-154
708	-154
710	-154
713	-154
716	-153
718	-152
720	-151
723	-149
725	-149
728	-148
730	-146
733	-146
735	-144
737	-143
740	-142
743	-142
745	-141
747	-140
749	-138
750	-134
751	-130
751	-123
752	-119
752	-113
753	-109
756	-108
723	-23
724	-19
724	-14
725	-9
726	-5
727	-3
729	-1
731	0
733	2
735	3
738	4
740	4
743	3
746	3
749	2
774	1
777	1
779	1
782	2
784	4
787	3
868	-143
871	-142
875	-143
879	-147
885	-153
891	-158
894	-158
895	-153
894	-147
893	-138
894	-134
896	-131
897	-128
901	-130
908	-137
917	-149
922	-154
925	-153
927	-151
929	-148
929	-143
929	-137
930	-133
933	-132
936	-133
939	-132
941	-131
944	-131
984	-197
986	-196
983	-184
987	-185
989	-184
993	-185
996	-185
1000	-185
1003	-185
1005	-183
1008	-182
1011	-183
1015	-184
1018	-183
1021	-184
1024	-183
1027	-182
1030	-182
1034	-182
1037	-183
1040	-182
1043	-181
1046	-182
1050	-182
1053	-181
1056	-182
1060	-182
1063	-182
1066	-182
1068	-178
1066	-170
1066	-164
1066	-159
1067	-155
1070	-155
1073	-155
1077	-156
1082	-159
1086	-160
1089	-159
1093	-160
1097	-161
1101	-162
1104	-162
1107	-161
1110	-161
1115	-162
1120	-165
1126	-169
1133	-175
1140	-180
1145	-183
1149	-184
1153	-185
1156	-185
1158	-182
1158	-176
1159	-172
1160	-169
1161	-165
1163	-163
1167	-164
1171	-165
1176	-167
1180	-167
1184	-168
1189	-170
1196	-175
1203	-180
1207	-181
1211	-182
1216	-184
1219	-184
1221	-181
1223	-179
1227	-180
1233	-183
1237	-183
1241	-184
1247	-187
1250	-187
1253	-186
1256	-185
1260	-186
1264	-186
1268	-186
1271	-186
1275	-185
1278	-185
1282	-185
1285	-184
1290	-187
1294	-187
1298	-187
1302	-187
1307	-189
1313	-192
1316	-191
1319	-190
1323	-190
1325	-188
1327	-186
1329	-183
1332	-182
1336	-182
1339	-182
1342	-180
1344	-177
1346	-175
1348	-173
1351	-172
1355	-172
1358	-171
1362	-171
1366	-172
1372	-174
1379	-178
1382	-177
1386	-177
1389	-177
1389	-171
1387	-163
1385	-156
1386	-152
1389	-151
1397	-157
1400	-155
1404	-155
1408	-156
1412	-156
1418	-158
1423	-159
1427	-160
1430	-158
1432	-156
1434	-154
1437	-152
1439	-150
1442	-148
1445	-147
1451	-150
1463	-159
1469	-162
1469	-158
1472	-156
1476	-156
1483	-159
1489	-162
1491	-159
1493	-156
1495	-154
1498	-152
1501	-151
1506	-153
1515	-158
1518	-157
1522	-157
1526	-157
1531	-157
1534	-156
1538	-156
1542	-155
1546	-155
1549	-153
1554	-155
1558	-154
1561	-153
1564	-151
1567	-150
1571	-150
1576	-151
1580	-150
1585	-151
1590	-152
1594	-151
1596	-149
1597	-144
1598	-142
1602	-141
1607	-142
1612	-142
1614	-140
1617	-138
1622	-139
1626	-139
1632	-140
1639	-143
1647	-147
1652	-148
1656	-147
1659	-145
1663	-145
1667	-145
1672	-145
1679	-147
1688	-152
1693	-153
1697	-152
1698	-148
1700	-145
1704	-145
1707	-143
1710	-141
1712	-139
1717	-139
1727	-145
1732	-145
1734	-143
1734	-138
1734	-133
1737	-131
1746	-136
1751	-135
1754	-134
1758	-133
1763	-134
1769	-134
1775	-136
1776	-132
1779	-131
1787	-134
1795	-136
1798	-135
1802	-134
1805	-133
1810	-132
1817	-135
1823	-135
1831	-138
1838	-141
1844	-142
1851	-143
1855	-143
1859	-141
1865	-142
1868	-141
1871	-138
1871	-134
1873	-131
1879	-132
1884	-132
1886	-129
1889	-127
1893	-126
1898	-126
1900	-123
1904	-122
1909	-121
1909	-117
1909	-112
1915	-113
1928	-120
1940	-126
1940	-122
1948	-124
1941	-113
1942	-110
1945	-107
1948	-105
1952	-104
1956	-103
1962	-103
1971	-107
1977	-107
1981	-106
1985	-105
1991	-105
1993	-103
1994	-99
1996	-96
2000	-95
2008	-97
2014	-98
2018	-96
2021	-94
2026	-93
2032	-94
2040	-96
2049	-99
2054	-98
2058	-97
2067	-100
2078	-105
2083	-104
2087	-102
2091	-101
2098	-102
2104	-102
2106	-99
2109	-97
2112	-95
2115	-92
2118	-91
2122	-89
2129	-89
2132	-88
2134	-84
2140	-85
2151	-89
2153	-85
2155	-82
2156	-78
2157	-75
2160	-72
2164	-71
2165	-66
2169	-65
2180	-69
2184	-67
2189	-67
2198	-69
2205	-69
2209	-68
2214	-67
2212	-61
2210	-54
2211	-51
2210	-45
2210	-41
2213	-38
2215	-35
2216	-31
2215	-26
2216	-22
2218	-19
2220	-15
2221	-11
2220	-6
2221	-2
2222	2
2225	4
2229	6
2230	9
2232	13
2232	17
2234	21
2234	25
2236	28
2236	33
2237	37
2237	41
2239	45
2238	49
2239	53
2240	57
2241	61
2242	65
2242	69
2243	73
2246	75
2247	79
2247	84
2245	90
2246	93
2249	96
2249	100
2248	105
2251	108
2253	111
2253	115
2254	119
2254	124
2253	128
2252	133
2253	137
2255	140
2256	144
2258	147
2258	151
2258	155
2259	159
2260	163
2262	166
2253	176
2256	179
2257	182
2257	187
2256	191
2260	193
2261	197
2264	199
2267	202
2257	212
2260	215
2260	219
2269	218
2258	229
2261	231
2263	234
2264	237
2265	241
2266	245
2267	248
2268	252
2268	256
2269	260
2272	262
2274	265
2276	268
2278	271
2277	276
2275	281
2278	283
2279	287
2278	292
2279	295
2282	297
2286	299
2288	302
2289	306
2290	309
2291	313
2291	317
2291	321
2292	325
2292	329
2294	332
2295	335
2296	339
2295	343
2293	349
2295	351
2297	354
2299	357
2300	361
2301	364
2302	368
2304	371
2306	374
2308	377
2310	379
2312	383
2312	387
2313	390
2313	394
2306	402
2308	405
2310	408
2310	411
2311	415
2316	417
2318	419
2318	423
2319	427
2320	430
2320	434
2321	438
2323	441
2323	444
2325	447
2327	450
2327	454
2328	458
2328	462
2330	465
2331	468
2333	471
2333	475
2334	478
2336	481
2336	485
2338	488
2340	491
2340	495
2341	498
2340	503
2341	506
2343	509
2344	513
2344	516
2347	519
2348	522
2350	525
2350	529
2351	532
2352	536
2353	539
2355	542
2358	544
2359	548
2359	552
2360	555
2361	558
2362	562
2361	566
2361	570
2361	574
2361	577
2362	581
2363	584
2365	587
2366	590
2368	593
2371	596
2371	600
2371	604
2370	608
2371	611
2373	614
2376	617
2377	620
2377	623
2377	627
2377	631
2379	634
2379	638
2380	641
2381	644
2383	648
2384	651
2382	655
2385	658
2385	662
2387	665
2387	668
2387	672
2387	676
2388	679
2389	683
2389	686
2391	689
2392	693
2392	696
2392	700
2394	703
2395	706
2394	710
2395	714
2397	716
2397	720
2398	723
2399	727
2398	731
2398	735
2399	738
2400	741
2403	744
2403	748
2404	751
2404	754
2404	758
2405	761
2406	765
2407	768
2407	771
2408	775
2410	778
2410	781
2411	785
2411	788
2411	792
2410	796
2409	800
2409	804
2410	807
2411	810
2414	813
2415	816
2414	820
2414	824
2416	827
2418	830
2419	833
2419	836
2422	839
2423	842
2425	845
2425	849
2425	852
2426	856
2427	859
2428	862
2429	866
2432	868
2431	872
2432	875
2433	879
2433	882
2435	885
2436	888
2436	892
2437	895
2438	898
2438	902
2440	905
2440	909
2441	912
2441	916
2442	919
2443	922
2443	926
2444	929
2445	932
2445	936
2446	939
2447	942
2447	946
2448	949
2449	952
2449	956
2449	959
2450	963
2451	966
2451	969
2452	973
2453	976
2454	979
2455	982
2456	986
2457	989
2459	992
2460	995
2460	999
2459	1003
2460	1006
2461	1009
2462	1012
2461	1016
2461	1020
2463	1023
2465	1026
2465	1029
2465	1033
2466	1036
2465	1040
2467	1043
2468	1046
2468	1049
2469	1053
2470	1056
2470	1060
2471	1063
2470	1066
2471	1070
2472	1073
2473	1076
2473	1080
2475	1083
2475	1086
2476	1090
2477	1093
2477	1096
2478	1100
2480	1103
2481	1106
2480	1109
2483	1112
2485	1115
2486	1119
2484	1122
2484	1126
2485	1129
2487	1132
2488	1136
2489	1139
2489	1142
2491	1145
2491	1149
2491	1152
2492	1156
2493	1159
2496	1162
2498	1165
2498	1168
2500	1171
2502	1174
2503	1178
2505	1181
2506	1184
2506	1187
2508	1191
2507	1194
2507	1198
2507	1201
2507	1205
2507	1208
2507	1212
2508	1215
2511	1218
2513	1221
2512	1225
2513	1228
2513	1231
2515	1234
2516	1238
2517	1241
2518	1244
2518	1248
2518	1251
2518	1255
2520	1258
2521	1261
2521	1264
2523	1268
2523	1271
2524	1274
2524	1278
2526	1281
2526	1284
2527	1288
2527	1291
2526	1295
2528	1298
2530	1301
2531	1304
2531	1308
2532	1311
2533	1314
2533	1318
2534	1321
2534	1325
2536	1328
2535	1331
2536	1335
2537	1338
2539	1341
2538	1345
2538	1348
2538	1352
2539	1355
2543	1358
2542	1362
2544	1365
2545	1368
2547	1371
2547	1375
2545	1378
2545	1382
2546	1385
2548	1388
2548	1392
2549	1395
2550	1399
2551	1402
2552	1405
2553	1409
2553	1412
2554	1415
2555	1419
2556	1422
2557	1425
2558	1429
2558	1432
2559	1436
2559	1439
2559	1442
2558	1446
2559	1449
2560	1453
2561	1456
2564	1459
2565	1463
2566	1466
2567	1469
2568	1473
2569	1476
2568	1479
2568	1483
2568	1486
2568	1490
2571	1493
2572	1496
2574	1500
2574	1503
2573	1507
2574	1510
2573	1514
2573	1517
2573	1521
2575	1524
2576	1527
2575	1531
2576	1534
2576	1538
2579	1541
2578	1544
2579	1548
2579	1551
2579	1555
2579	1558
2580	1562
2579	1565
2578	1569
2581	1572
2581	1575
2583	1579
2584	1582
2584	1586
2584	1589
2584	1592
2585	1596
2586	1599
2587	1603
2590	1606
2589	1610
2589	1613
2591	1616
2592	1620
2592	1623
2592	1627
2592	1630
2593	1634
2593	1637
2592	1641
2593	1644
2593	1647
2594	1651
2595	1654
2595	1658
2595	1661
2596	1665
2597	1668
2598	1672
2597	1675
2596	1679
2596	1682
2597	1686
2597	1689
2598	1692
