2653	1670
2654	1674
2654	1677
2655	1681
2655	1685
2656	1688
2659	1695
2660	1699
2662	1702
2662	1706
2662	1710
2664	1713
2664	1717
2665	1720
2665	1724
2663	1727
2661	1731
2664	1735
2665	1738
2665	1742
2667	1745
2667	1749
2667	1752
2668	1756
2669	1760
2670	1763
2670	1767
2672	1771
2673	1774
2672	1778
2668	1781
2669	1785
2671	1788
2672	1792
2669	1796
2672	1799
2675	1803
2674	1806
2674	1810
2674	1814
2676	1817
2676	1821
2677	1825
2676	1828
2677	1832
2676	1835
2676	1839
2677	1843
2676	1846
2677	1850
2681	1854
2681	1857
2682	1861
2682	1865
2683	1868
2683	1872
2683	1875
2683	1879
2684	1883
2684	1886
2685	1890
2686	1894
2687	1897
2686	1901
2684	1904
2687	1908
2687	1912
2690	1916
2688	1919
2689	1923
2691	1927
2689	1930
2689	1934
2690	1938
2689	1941
2688	1945
2691	1949
2694	1953
2695	1956
2696	1960
2695	1964
2694	1967
2694	1971
2693	1974
2695	1978
2695	1982
2696	1986
2698	1989
2698	1993
2698	1997
2696	2000
2695	2004
2698	2008
2697	2011
2700	2015
2700	2019
2699	2022
2696	2026
2699	2030
2701	2034
2702	2038
2702	2041
2701	2045
2700	2048
2700	2052
2702	2056
2702	2060
2703	2063
2703	2067
2706	2071
2706	2075
2707	2079
2706	2082
2707	2086
2709	2090
2707	2094
2708	2097
2709	2101
2709	2105
2708	2109
2708	2112
2708	2116
2711	2120
2712	2124
2712	2128
2711	2131
2712	2135
2713	2139
2713	2143
2713	2147
2714	2150
2714	2154
2713	2158
2715	2162
2716	2166
2717	2170
2718	2174
2716	2177
2717	2181
2717	2185
2719	2189
2720	2193
2719	2196
2718	2200
2720	2204
2720	2208
2721	2212
2720	2216
2721	2219
2721	2223
2721	2227
2722	2231
2721	2235
2721	2238
2721	2242
2722	2246
2723	2250
2724	2254
2723	2258
2725	2262
2726	2266
2726	2270
2726	2274
2726	2277
2728	2282
2729	2286
2729	2289
2730	2294
2730	2297
2728	2301
2729	2305
2730	2309
2731	2313
2730	2317
2729	2320
2730	2324
2732	2329
2732	2332
2732	2336
2732	2340
2732	2344
2731	2348
2732	2352
2733	2356
2732	2360
2733	2364
2735	2368
2736	2372
2737	2376
2737	2380
2738	2384
2739	2388
2739	2392
2738	2396
2738	2400
2738	2404
2738	2408
2739	2412
2741	2416
2740	2420
2742	2424
2741	2428
2742	2432
2743	2436
2742	2440
2742	2444
2742	2448
2742	2452
2740	2455
2741	2459
2743	2464
2744	2468
2744	2472
2748	2477
2747	2481
2747	2485
2748	2489
2748	2493
2747	2497
2747	2501
2748	2505
2747	2509
2747	2513
2749	2517
2749	2521
2749	2525
2749	2529
2749	2533
2753	2539
2752	2542
2750	2546
2751	2550
2755	2555
2754	2559
2756	2564
2756	2568
2756	2572
2754	2576
2756	2580
2757	2584
2758	2589
2758	2593
2756	2596
2756	2600
2757	2605
2756	2609
2758	2613
2761	2618
2760	2622
2760	2626
2761	2631
2762	2635
2765	2640
2766	2645
2764	2648
2763	2652
2763	2656
2763	2660
2765	2665
2765	2669
2765	2673
2766	2678
2766	2682
2767	2687
2767	2691
2766	2695
2768	2699
2768	2704
2768	2708
2768	2712
2769	2717
2770	2721
2771	2726
2771	2730
2770	2734
2769	2737
2770	2742
2773	2747
2774	2752
2774	2756
2772	2760
2771	2764
2771	2768
2769	2771
2767	2775
2768	2780
2770	2785
2771	2789
2772	2794
2771	2798
2771	2802
2770	2806
2770	2810
2768	2814
2767	2818
2768	2822
2773	2829
2774	2833
2774	2838
2775	2843
2775	2847
2773	2850
2772	2854
2776	2860
2776	2865
2776	2869
2776	2873
2776	2878
2777	2882
2779	2888
2780	2893
2781	2897
2779	2901
2776	2904
2773	2907
2772	2911
2773	2916
2771	2919
2771	2924
2771	2928
2770	2932
2768	2936
2767	2940
2769	2945
2770	2950
2770	2954
2769	2958
2768	2963
2770	2968
2772	2973
2772	2978
2773	2983
2773	2987
2771	2991
2770	2995
2772	3000
2776	3006
2776	3011
2774	3015
2771	3018
2770	3022
2772	3027
2772	3032
2772	3036
2772	3041
2772	3045
2771	3050
2774	3056
2773	3060
2773	3064
2773	3069
2774	3074
2774	3079
2773	3083
2772	3087
2772	3091
2773	3097
2774	3102
2773	3106
2772	3110
2772	3115
2773	3120
2776	3126
2776	3130
2775	3135
2774	3139
2773	3143
2770	3146
2752	3142
2733	3137
2717	3133
2709	3133
2703	3135
2700	3138
2697	3141
2695	3144
2695	3149
2709	3161
2733	3179
2761	3198
2772	3209
2772	3214
2771	3218
2769	3222
2769	3227
2769	3231
2768	3235
2767	3240
2767	3245
2767	3249
2767	3255
2766	3259
2764	3262
2762	3266
2761	3270
2760	3274
2760	3280
2759	3284
2758	3288
2757	3292
2757	3297
2758	3303
2757	3307
2757	3312
2756	3317
2757	3322
2757	3327
2759	3333
2759	3338
2760	3344
2762	3349
2759	3353
2757	3357
2755	3360
2755	3366
2756	3371
2754	3375
2753	3379
2752	3384
2752	3389
2753	3395
2754	3400
2752	3404
2753	3410
2755	3416
2755	3421
2755	3426
2755	3431
2754	3436
2753	3440
2753	3445
2753	3450
2752	3455
2751	3459
2751	3465
2751	3470
2752	3475
2749	3479
2749	3484
2750	3489
2750	3495
2749	3499
2749	3505
2749	3510
2747	3514
2745	3518
2743	3522
2742	3526
2742	3532
2743	3538
2744	3544
2745	3549
2744	3554
2748	3562
2753	3570
2753	3576
2752	3581
2751	3585
2750	3590
2749	3595
2750	3601
2749	3605
2747	3609
2745	3614
2744	3618
2743	3623
2741	3627
2740	3632
2741	3638
2740	3643
2739	3647
2739	3653
2739	3658
2737	3662
2737	3668
2738	3674
2738	3680
2737	3685
2736	3689
2736	3695
2735	3700
2737	3707
2739	3713
2736	3717
2733	3721
2731	3725
2730	3730
2729	3735
2727	3739
2725	3743
2724	3748
2727	3756
2728	3762
2729	3768
2727	3773
2725	3776
2723	3781
2721	3785
2719	3789
2719	3795
2719	3801
2718	3805
2718	3812
2721	3819
2722	3826
2722	3832
2720	3836
2718	3841
2719	3847
2719	3853
2715	3856
2715	3861
2716	3868
2716	3874
2716	3880
2716	3886
2714	3890
2711	3894
2710	3899
2709	3904
2709	3910
2709	3916
2707	3920
2704	3924
2665	3898
2647	3889
2643	3892
2642	3898
2644	3905
2688	3947
2697	3960
2697	3967
2694	3970
2693	3976
2694	3982
2692	3987
2691	3992
2689	3996
2686	4000
2683	4004
2685	4012
2684	4017
2683	4022
2682	4027
2678	4031
2677	4036
2677	4042
2677	4048
2677	4054
2676	4060
2674	4065
2673	4070
2672	4075
2669	4079
2668	4084
2669	4092
2668	4097
2666	4102
2664	4106
2663	4111
2661	4116
2659	4121
2659	4127
2661	4136
2660	4141
2658	4146
2657	4151
2654	4155
2653	4161
2652	4166
2650	4171
2648	4175
2646	4180
2646	4187
2646	4194
2644	4198
2641	4202
2637	4205
2649	4223
2649	4230
2330	3942
2327	3946
2322	3947
2323	3972
2323	3978
2321	3982
2322	3988
2622	4298
2620	4303
2616	4306
2613	4310
2609	4313
2605	4316
2605	4323
2605	4329
2602	4334
2599	4338
2597	4343
2595	4348
2594	4353
2592	4359
2590	4363
2587	4368
2585	4373
2583	4378
2580	4382
2575	4384
2571	4387
2573	4395
2571	4401
2569	4406
2567	4410
2564	4415
2562	4419
2560	4424
2557	4429
2555	4434
2554	4440
2551	4445
2548	4448
2546	4454
2545	4460
2544	4466
2543	4473
2543	4479
2540	4484
2537	4488
2534	4491
2529	4494
2526	4498
2526	4505
2526	4512
2523	4516
2520	4520
2517	4525
2514	4529
2511	4534
2509	4539
2509	4546
2509	4553
2505	4557
2502	4561
2500	4566
2498	4571
2494	4575
2491	4579
2488	4583
2486	4588
2486	4596
2483	4600
2479	4604
2476	4608
2475	4614
2471	4618
2468	4621
2464	4625
2460	4628
2455	4631
2455	4638
2456	4647
2453	4651
2450	4656
2448	4662
2446	4667
2442	4670
2439	4674
2435	4677
2431	4680
2428	4685
2424	4688
2419	4690
2414	4692
2412	4697
2409	4702
2405	4705
2401	4708
2397	4711
2393	4714
2389	4718
2387	4723
2383	4727
2381	4732
2379	4738
2375	4741
2372	4746
2369	4751
2367	4756
2363	4759
2359	4762
2355	4765
2351	4769
2348	4774
2345	4778
2341	4781
2338	4785
2333	4788
2329	4790
2325	4794
2323	4799
2320	4804
2317	4808
2313	4811
2310	4816
2306	4820
2302	4823
2299	4827
2294	4829
2289	4832
2285	4834
2280	4836
2275	4838
2270	4841
2267	4844
2263	4848
2260	4852
2256	4855
2252	4859
2249	4864
2246	4868
2241	4871
2237	4874
2234	4878
2231	4883
2229	4889
2227	4895
2225	4901
2221	4905
2219	4911
2218	4917
2215	4923
2212	4927
2208	4931
2206	4936
2202	4940
2199	4945
2195	4949
2191	4951
2187	4954
2183	4958
2180	4963
2177	4967
2174	4972
2171	4977
2167	4981
2163	4985
2160	4989
2157	4994
2154	4999
2150	5002
2146	5006
2142	5009
2138	5013
2135	5018
2132	5022
2127	5024
2122	5026
2117	5029
2115	5034
2111	5039
2108	5042
2103	5045
2099	5048
2096	5053
2093	5058
2088	5061
2084	5064
2080	5068
2075	5070
2071	5073
2067	5076
2064	5081
2063	5089
2060	5095
2057	5099
2053	5104
2050	5109
2047	5114
2043	5116
2038	5119
2033	5121
2029	5124
2025	5127
2020	5130
2017	5134
2013	5139
2009	5142
2006	5148
2003	5152
1999	5156
1995	5159
1992	5165
1988	5169
1983	5172
1978	5173
1973	5174
1967	5175
1963	5179
1959	5182
1955	5186
1950	5189
1946	5191
1941	5193
1936	5195
1931	5197
1927	5202
1924	5206
1921	5211
1917	5216
1913	5219
1907	5220
1900	5218
1895	5220
1892	5224
1887	5227
1883	5230
1878	5233
1873	5235
1869	5238
1864	5239
1858	5240
1853	5242
1847	5242
1842	5244
1838	5247
1833	5250
1829	5252
1824	5254
1819	5256
1813	5257
1808	5258
1803	5261
1800	5265
1795	5268
1789	5268
1785	5271
1780	5273
1775	5275
1770	5277
1766	5281
1762	5284
1757	5287
1753	5290
1749	5294
1743	5294
1737	5294
1731	5294
1727	5298
1723	5300
1717	5301
1713	5305
1710	5311
1705	5313
1701	5315
1696	5317
1690	5318
1685	5319
1680	5321
1674	5320
1670	5325
1664	5325
1658	5325
1654	5327
1649	5330
1645	5333
1640	5335
1635	5338
1631	5340
1626	5342
1621	5345
1617	5348
1613	5351
1608	5354
1604	5357
1598	5358
1592	5356
1587	5359
1583	5363
1580	5369
1577	5374
1572	5376
1567	5379
1563	5382
1559	5385
1554	5388
1549	5390
1544	5393
1540	5397
1535	5399
1531	5402
1525	5402
1520	5403
1515	5404
1510	5406
1504	5407
1500	5410
1496	5414
1492	5417
1486	5418
1481	5420
1477	5422
1471	5424
1466	5425
1461	5426
1456	5428
1450	5427
1445	5428
1440	5430
1434	5431
1429	5432
1424	5433
1419	5434
1413	5435
1408	5437
1404	5439
1399	5442
1394	5443
1388	5444
1383	5445
1378	5445
1373	5447
1367	5448
1363	5450
1358	5453
1354	5457
1349	5460
1344	5461
1340	5463
1334	5464
1330	5467
1325	5471
1320	5472
1315	5472
1310	5474
1305	5477
1301	5481
1297	5484
1292	5487
1287	5490
1283	5492
1278	5495
1273	5498
1268	5499
1263	5499
1257	5500
1253	5503
1249	5507
1245	5513
1240	5514
1234	5514
1229	5516
1225	5519
1220	5520
1214	5521
1209	5522
1203	5522
1198	5522
1193	5524
1188	5526
1184	5529
1179	5532
1174	5532
1168	5533
1163	5534
1157	5534
1152	5535
1147	5538
1142	5539
1137	5541
1133	5543
1127	5544
1122	5546
1117	5548
1112	5550
1108	5552
1103	5555
1098	5556
1092	5557
1088	5559
1083	5561
1078	5562
1072	5564
1068	5566
1063	5567
1057	5569
1052	5570
1047	5572
1043	5574
1037	5576
1032	5576
1027	5578
1022	5580
1017	5582
1012	5584
1008	5587
1003	5590
998	5592
993	5595
989	5598
983	5599
978	5600
973	5603
968	5604
963	5603
958	5605
952	5606
947	5606
942	5607
936	5608
931	5608
926	5611
921	5611
915	5611
910	5613
905	5615
900	5616
895	5616
890	5617
885	5619
880	5623
875	5625
870	5626
865	5627
859	5627
854	5627
849	5629
845	5634
840	5639
835	5640
830	5641
825	5642
819	5641
814	5642
808	5640
803	5640
797	5641
792	5641
787	5643
782	5644
776	5642
770	5641
765	5641
759	5641
754	5641
749	5641
744	5643
738	5643
733	5645
728	5646
723	5649
719	5653
714	5656
709	5658
703	5656
698	5656
692	5655
687	5657
682	5660
677	5662
672	5662
666	5661
661	5661
656	5661
651	5663
646	5665
640	5666
635	5666
630	5666
625	5668
620	5669
614	5670
609	5671
604	5671
598	5671
593	5671
588	5671
582	5672
577	5672
572	5672
567	5673
561	5674
556	5675
551	5677
546	5675
540	5671
534	5669
529	5669
523	5670
518	5670
513	5672
508	5674
503	5675
498	5675
493	5677
487	5679
482	5681
477	5681
472	5682
467	5682
461	5682
456	5685
451	5687
446	5688
441	5688
435	5687
430	5685
425	5686
419	5688
414	5689
409	5691
404	5692
399	5693
394	5694
388	5694
383	5695
378	5694
372	5694
367	5694
362	5694
357	5696
352	5698
346	5700
341	5700
336	5701
331	5700
325	5701
320	5703
315	5707
310	5707
305	5709
300	5709
294	5710
289	5709
284	5711
279	5713
274	5715
268	5715
263	5713
258	5716
253	5719
248	5721
242	5722
237	5725
232	5728
227	5728
221	5727
216	5725
210	5721
205	5720
200	5721
195	5723
190	5727
184	5726
179	5725
173	5724
168	5724
163	5724
158	5726
152	5728
147	5728
142	5728
137	5728
131	5726
126	5726
121	5729
115	5730
110	5729
105	5729
100	5729
94	5729
89	5729
84	5730
78	5732
73	5731
68	5730
62	5729
57	5729
52	5728
46	5727
41	5725
36	5725
31	5725
25	5723
20	5721
15	5721
9	5719
4	5714
-1	5708
-7	5706
-12	5704
-17	5702
-23	5702
-28	5701
-33	5701
-38	5700
-44	5699
-49	5699
-54	5699
-59	5698
-65	5698
-70	5699
-75	5699
-80	5698
-86	5697
-91	5697
-96	5696
-101	5696
-104	5025
-108	5023
-113	5024
-117	5022
-121	5019
-126	5017
-130	5018
-134	5018
-139	5017
-143	5004
-147	5003
-151	5001
-156	5000
-160	5000
-164	5000
-169	5001
-173	5000
-177	5002
-182	5004
-186	5012
-191	5019
-195	5019
-200	5018
-204	5018
-209	5020
-213	5024
-217	5022
-222	5020
-263	5679
-268	5665
-273	5664
-278	5665
-283	5665
-289	5662
-294	5661
-299	5661
-304	5659
-309	5659
-314	5660
-320	5662
-325	5660
-330	5659
-335	5657
-340	5657
-346	5657
-351	5657
-356	5656
-361	5656
-366	5654
-371	5653
-377	5652
-382	5654
-387	5656
-392	5654
-398	5653
-403	5651
-408	5650
-413	5650
-418	5650
-423	5647
-428	5646
-433	5645
-439	5644
-444	5645
-449	5644
-454	5643
-459	5641
-464	5641
-470	5642
-475	5640
-480	5640
-485	5640
-491	5642
-496	5641
-501	5641
-506	5642
-512	5642
-517	5642
-522	5641
-527	5641
-532	5640
-538	5639
-543	5638
-548	5637
-553	5637
-558	5634
-563	5632
-568	5630
-573	5628
-578	5627
-583	5627
-588	5625
-593	5624
-599	5626
-604	5625
-609	5622
-614	5620
-619	5621
-625	5628
-631	5627
-636	5627
-641	5628
-646	5627
-651	5625
-656	5623
-661	5623
-667	5622
-672	5621
-677	5618
-681	5613
-685	5606
-690	5603
-695	5604
-700	5601
-705	5600
-710	5599
-715	5597
-720	5596
-725	5593
-730	5591
-735	5589
-740	5588
-745	5586
-750	5585
-755	5583
-759	5579
-764	5575
-769	5572
-774	5571
-779	5570
-784	5568
-788	5564
-793	5560
-797	5556
-802	5551
-806	5545
-811	5543
-816	5542
-820	5539
-825	5536
-829	5532
-834	5529
-839	5528
-844	5527
-849	5525
-854	5523
-858	5521
-863	5519
-868	5517
-873	5516
-878	5514
-883	5515
-888	5514
-894	5516
-899	5515
-904	5512
-908	5510
-913	5508
-918	5507
-923	5506
-928	5504
-933	5504
-939	5505
-944	5505
-949	5504
-954	5503
-959	5503
-964	5502
-969	5501
-974	5500
-979	5497
-983	5492
-988	5489
-992	5487
-998	5487
-1003	5485
-1008	5484
-1013	5484
-1019	5486
-1024	5485
-1029	5485
-1034	5486
-1039	5484
-1044	5482
-1049	5481
-1055	5482
-1060	5482
-1065	5480
-1069	5478
-1074	5475
-1079	5474
-1084	5473
-1089	5471
-1095	5472
-1100	5472
-1105	5470
-1110	5469
-1115	5467
-1120	5466
-1125	5466
-1130	5467
-1136	5467
-1141	5466
-1146	5465
-1151	5463
-1155	5461
-1160	5458
-1165	5456
-1170	5455
-1174	5452
-1180	5453
-1185	5452
-1190	5451
-1195	5449
-1200	5448
-1204	5445
-1209	5444
-1215	5445
-1220	5445
-1225	5443
-1230	5442
-1235	5440
-1240	5438
-1245	5437
-1250	5436
-1255	5435
-1260	5432
-1264	5429
-1268	5426
-1273	5425
-1278	5423
-1283	5420
-1287	5416
-1291	5414
-1296	5412
-1302	5412
-1307	5413
-1313	5412
-1317	5410
-1322	5408
-1327	5407
-1332	5405
-1337	5405
-1342	5403
-1347	5400
-1351	5398
-1355	5394
-1360	5393
-1365	5391
-1370	5388
-1374	5386
-1379	5385
-1384	5383
-1389	5381
-1393	5379
-1398	5377
-1403	5376
-1408	5373
-1413	5372
-1418	5371
-1424	5372
-1429	5371
-1433	5368
-1438	5366
-1443	5366
-1448	5364
-1453	5363
-1459	5362
-1464	5361
-1469	5361
-1475	5362
-1480	5359
-1483	5355
-1488	5352
-1492	5350
-1497	5348
-1502	5347
-1506	5343
-1511	5341
-1516	5340
-1522	5340
-1526	5336
-1530	5333
-1535	5331
-1540	5330
-1544	5327
-1549	5324
-1553	5321
-1557	5319
-1561	5315
-1565	5310
-1567	5303
-1571	5298
-1575	5295
-1580	5293
-1585	5292
-1590	5291
-1595	5290
-1601	5289
-1606	5288
-1610	5286
-1615	5283
-1620	5281
-1625	5280
-1630	5278
-1635	5277
-1640	5277
-1646	5277
-1650	5274
-1655	5272
-1660	5270
-1665	5270
-1671	5270
-1677	5271
-1682	5269
-1686	5267
-1691	5264
-1695	5261
-1700	5259
-1705	5258
-1710	5257
-1715	5254
-1718	5250
-1723	5247
-1727	5244
-1731	5242
-1735	5238
-1739	5234
-1742	5229
-1745	5222
-1747	5215
-1750	5210
-1754	5206
-1758	5203
-1762	5199
-1765	5193
-1769	5190
-1773	5186
-1776	5182
-1780	5178
-1785	5175
-1789	5173
-1794	5172
-1800	5171
-1805	5170
-1810	5169
-1814	5165
-1819	5164
-1823	5162
-1828	5159
-1832	5157
-1837	5156
-1842	5153
-1846	5150
-1851	5150
-1857	5149
-1862	5148
-1866	5144
-1870	5141
-1874	5138
-1879	5136
-1885	5137
-1891	5137
-1897	5138
-1901	5135
-1906	5133
-1911	5131
-1915	5127
-1918	5123
-1923	5121
-1927	5118
-1932	5116
-1936	5113
-1940	5109
-1944	5106
-1947	5102
-1951	5098
-1956	5097
-1962	5097
-1969	5098
-1972	5094
-1976	5089
-1979	5085
-1982	5081
-1986	5078
-1991	5076
-1996	5074
-2002	5073
-2005	5068
-2007	5062
-2011	5059
-2016	5057
-2020	5055
-2024	5051
-2028	5047
-2030	5042
-2034	5038
-2039	5036
-2043	5032
-2046	5028
-2049	5024
-2053	5019
-2057	5016
-2062	5015
-2067	5013
-2071	5010
-2073	5005
-2077	5000
-2080	4996
-2084	4993
-2088	4990
-2092	4986
-2097	4984
-2101	4981
-2105	4978
-2109	4975
-2113	4972
-2117	4968
-2120	4965
-2124	4961
-2127	4957
-2132	4955
-2137	4953
-2141	4951
-2146	4949
-2150	4946
-2154	4942
-2157	4938
-2161	4934
-2165	4932
-2170	4929
-2174	4927
-2179	4924
-2183	4921
-2187	4919
-2190	4914
-2193	4910
-2196	4905
-2201	4903
-2205	4901
-2210	4899
-2218	4901
-2223	4900
-2228	4898
-2233	4896
-2237	4893
-2239	4887
-2243	4884
-2247	4881
-2251	4878
-2255	4875
-2260	4873
-2264	4869
-2268	4867
-2271	4863
-2274	4858
-2278	4855
-2281	4850
-2285	4846
-2289	4843
-2292	4840
-2296	4836
-2299	4832
-2303	4828
-2308	4826
-2312	4823
-2315	4819
-2319	4816
-2323	4813
-2326	4809
-2329	4805
-2333	4802
-2338	4799
-2343	4797
-2344	4791
-2348	4788
-2353	4786
-2357	4783
-2361	4780
-2366	4778
-2370	4775
-2373	4770
-2377	4767
-2381	4765
-2386	4763
-2388	4757
-2390	4752
-2394	4749
-2399	4746
-2402	4742
-2406	4739
-2411	4737
-2413	4732
-2416	4727
-2419	4722
-2423	4719
-2427	4717
-2432	4715
-2434	4710
-2438	4706
-2439	4699
-2443	4696
-2447	4694
-2452	4691
-2454	4686
-2457	4682
-2461	4679
-2465	4676
-2469	4673
-2474	4671
-2477	4667
-2482	4665
-2484	4659
-2485	4652
-2488	4648
-2488	4641
-2490	4636
-2494	4632
-2497	4628
-2501	4624
-2504	4621
-2508	4617
-2513	4616
-2517	4613
-2519	4607
-2520	4601
-2523	4597
-2525	4592
-2530	4589
-2532	4584
-2534	4579
-2535	4573
-2537	4567
-2540	4563
-2545	4561
-2549	4558
-2554	4556
-2557	4552
-2558	4546
-2560	4541
-2562	4535
-2563	4529
-2567	4526
-2572	4524
-2575	4520
-2578	4516
-2580	4511
-2581	4505
-2584	4501
-2588	4498
-2591	4493
-2593	4489
-2595	4483
-2597	4478
-2601	4475
-2605	4472
-2608	4468
-2610	4463
-2614	4460
-2617	4456
-2621	4453
-2623	4448
-2627	4445
-2631	4442
-2634	4438
-2635	4432
-2638	4428
-2641	4423
-2643	4419
-2647	4416
-2648	4410
-2651	4406
-2654	4402
-2656	4397
-2658	4392
-2664	4391
-2667	4387
-2670	4383
-2673	4379
-2675	4375
-2678	4371
-2681	4366
-2682	4360
-2684	4355
-2687	4351
-2689	4346
-2690	4341
-2690	4334
-2693	4330
-2696	4325
-2698	4321
-2701	4317
-2705	4314
-2708	4310
-2709	4305
-2712	4301
-2714	4296
-2717	4291
-2720	4288
-2723	4284
-2725	4279
-2728	4275
-2730	4271
-2733	4267
-2738	4265
-2741	4261
-2738	4251
-2742	4248
-2747	4247
-2749	4241
-2750	4236
-2754	4233
-2759	4231
-2760	4225
-2760	4219
-2763	4215
-2764	4209
-2766	4205
-2771	4203
-2774	4198
-2775	4193
-2778	4189
-2781	4186
-2785	4182
-2788	4179
-2791	4175
-2795	4172
-2797	4167
-2795	4159
-2797	4155
-2799	4150
-2801	4145
-2803	4140
-2807	4137
-2809	4133
-2813	4130
-2815	4126
-2818	4121
-2822	4118
-2826	4115
-2827	4110
-2830	4106
-2834	4103
-2838	4101
-2840	4096
-2842	4092
-2844	4087
-2846	4082
-2851	4080
-2851	4074
-2854	4070
-2856	4065
-2857	4060
-2858	4054
-2859	4049
-2861	4045
-2864	4040
-2871	4040
-2872	4035
-2872	4029
-2874	4024
-2875	4019
-2877	4015
-2879	4010
-2877	4002
-2877	3996
-2880	3992
-2884	3989
-2887	3985
-2882	3975
-2885	3971
-2888	3967
-2891	3964
-2894	3960
-2897	3956
-2899	3952
-2899	3946
-2898	3939
-2898	3933
-2902	3930
-2906	3927
-2910	3925
-2914	3922
-2915	3917
-2917	3912
-2918	3907
-2921	3903
-2923	3899
-2923	3893
-2924	3887
-2925	3883
-2925	3876
-2928	3873
-2931	3869
-2928	3861
-2927	3855
-2927	3849
-2928	3843
-2931	3840
-2936	3837
-2938	3834
-2940	3829
-2943	3825
-2945	3821
-2946	3816
-2948	3811
-2949	3806
-2950	3801
-2952	3797
-2957	3795
-2958	3790
-2958	3784
-2959	3779
-2961	3774
-2962	3769
-2960	3763
-2962	3758
-2963	3753
-2964	3748
-2962	3741
-2963	3736
-2965	3732
-2966	3727
-2967	3722
-2963	3713
-2963	3707
-2965	3704
-2966	3699
-2967	3693
-2969	3689
-2969	3683
-2971	3680
-2970	3673
-2968	3666
-2969	3661
-2967	3654
-2965	3648
-2967	3643
-2967	3638
-2964	3631
-2967	3627
-2969	3622
-2968	3616
-2965	3609
-2963	3602
-2964	3597
-2966	3594
-2965	3588
-2964	3582
-2966	3577
-2969	3573
-2969	3569
-2968	3563
-2968	3557
-2970	3553
-2971	3548
-2970	3542
-2970	3537
-2971	3532
-2972	3527
-2970	3521
-2968	3514
-2968	3509
-2970	3505
-2972	3501
-2972	3495
-2973	3491
-2974	3486
-2973	3480
-2971	3474
-2972	3469
-2971	3463
-2970	3457
-2969	3452
-2970	3447
-2971	3442
-2972	3438
-2971	3432
-2969	3426
-2969	3420
-2967	3414
-2964	3408
-2963	3402
-2966	3398
-2966	3393
-2966	3388
-2965	3383
-2962	3376
-2967	3373
-2962	3366
-2961	3360
-2963	3356
-2964	3351
-2960	3344
-2959	3338
-2959	3333
-2961	3330
-2961	3325
-2960	3319
-2957	3312
-2959	3309
-2959	3303
-2959	3299
-2960	3294
-2959	3289
-2959	3284
-2959	3279
-2959	3274
-2958	3268
-2957	3263
-2956	3258
-2954	3251
-2952	3245
-2953	3241
-2952	3236
-2952	3231
-2953	3226
-2954	3222
-2954	3217
-2953	3212
-2951	3206
-2947	3199
-2944	3193
-2946	3189
-2949	3186
-2951	3182
-2950	3177
-2951	3172
-2951	3168
-2944	3159
-2943	3154
-2943	3149
-2943	3145
-2943	3140
-2944	3136
-2945	3132
-2946	3127
-2945	3122
-2945	3117
-2946	3113
-2944	3108
-2942	3102
-2943	3098
-2942	3092
-2943	3088
-2944	3084
-2939	3077
-2936	3071
-2936	3066
-2936	3062
-2935	3057
-2933	3051
-2932	3046
-2933	3042
-2932	3037
-2932	3032
-2930	3027
-2926	3020
-2927	3016
-2926	3011
-2923	3005
-2922	3000
-2924	2997
-2924	2992
-2923	2987
-2922	2982
-2921	2977
-2923	2974
-2920	2968
-2919	2963
-2919	2958
-2916	2953
-2915	2948
-2916	2944
-2909	2936
-2907	2931
-2909	2927
-2910	2923
-2911	2919
-2911	2915
-2909	2909
-2909	2905
-2908	2900
-2908	2896
-2906	2891
-2905	2886
-2906	2882
-2901	2876
-2899	2870
-2893	2864
-2893	2859
-2894	2855
-2892	2850
-2892	2846
-2894	2842
-2893	2838
-2894	2833
-2894	2829
-2893	2825
-2892	2820
-2884	2812
-2882	2807
-2881	2803
-2883	2799
-2881	2794
-2882	2790
-2883	2786
-2884	2782
-2884	2778
-2883	2774
-2882	2769
-2882	2765
-2883	2761
-2880	2756
-2878	2751
-2877	2746
-2877	2742
-2877	2738
-2875	2733
-2871	2727
-2872	2723
-2872	2719
-2870	2714
-2869	2709
-2865	2704
-2864	2699
-2866	2696
-2866	2692
-2864	2687
-2862	2682
-2862	2678
-2860	2673
-2858	2668
-2857	2664
-2858	2660
-2853	2655
-2852	2650
-2849	2645
-2848	2640
-2846	2636
-2845	2631
-2846	2627
-2847	2624
-2843	2619
-2844	2615
-2843	2610
-2843	2606
-2841	2602
-2840	2597
-2838	2593
-2837	2588
-2836	2584
-2833	2579
-2830	2574
-2830	2570
-2831	2566
-2829	2562
-2826	2557
-2826	2553
-2826	2549
-2826	2545
-2823	2540
-2827	2537
-2828	2534
-2823	2528
-2821	2524
-2820	2519
-2819	2515
-2820	2512
-2820	2507
-2818	2503
-2818	2499
-2817	2495
-2814	2490
-2812	2486
-2809	2481
-2808	2477
-2809	2473
-2810	2469
-2806	2465
-2806	2461
-2809	2458
-2801	2452
-2799	2447
-2801	2444
-2799	2439
-2794	2434
-2792	2430
-2793	2426
-2795	2423
-2795	2419
-2795	2415
-2791	2410
-2787	2405
-2789	2402
-2789	2398
-2786	2394
-2783	2389
-2785	2386
-2786	2382
-2786	2379
-2787	2375
-2788	2371
-2784	2367
-2783	2363
-2782	2359
-2778	2354
-2778	2350
-2779	2347
-2773	2342
-2777	2339
-2775	2334
-2772	2330
-2771	2326
-2772	2322
-2769	2318
-2770	2315
-2773	2312
-2773	2308
-2765	2302
-2766	2299
-2764	2294
-2762	2290
-2759	2286
-2756	2282
-2757	2278
-2757	2274
-2757	2271
-2754	2267
-2756	2263
-2755	2259
-2753	2255
-2751	2251
-2753	2248
-2753	2244
-2748	2239
-2751	2236
-2750	2233
-2750	2229
-2750	2225
-2748	2221
-2745	2217
-2744	2213
-2743	2209
-2744	2206
-2740	2201
-2737	2197
-2738	2194
-2737	2190
-2736	2186
-2736	2182
-2734	2179
-2733	2175
-2732	2171
-2732	2167
-2730	2163
-2728	2159
-2729	2156
-2730	2153
-2727	2149
-2728	2145
-2728	2141
-2725	2137
-2724	2134
-2722	2130
-2722	2126
-2720	2122
-2717	2118
-2718	2115
-2715	2111
-2716	2107
-2717	2104
-2716	2100
-2714	2096
-2713	2093
-2713	2089
-2713	2086
-2713	2082
-2710	2078
-2710	2075
-2708	2071
-2707	2067
-2705	2063
-2703	2059
-2702	2056
-2701	2052
-2699	2048
-2699	2045
-2698	2041
-2698	2038
-2697	2034
-2697	2030
-2692	2026
-2692	2023
-2691	2019
-2693	2016
-2691	2012
-2691	2009
-2691	2005
-2689	2002
-2687	1998
-2685	1994
-2685	1991
-2683	1987
-2682	1983
-2680	1980
-2680	1976
-2679	1973
-2678	1969
-2676	1965
-2676	1962
-2675	1958
-2674	1955
-2675	1951
-2673	1948
-2670	1944
-2670	1941
-2669	1937
-2667	1933
-2667	1930
-2666	1926
-2664	1923
-2664	1919
-2663	1916
-2661	1912
-2661	1909
-2660	1905
-2659	1902
-2658	1898
-2658	1895
-2655	1891
-2653	1888
-2653	1884
-2652	1881
-2652	1877
-2650	1874
-2650	1870
-2649	1867
-2648	1864
-2646	1860
-2646	1857
-2645	1853
-2644	1850
-2643	1846
-2642	1843
-2640	1839
-2639	1836
-2638	1832
-2637	1829
-2636	1826
-2634	1822
-2634	1819
-2633	1815
-2632	1812
-2630	1808
-2627	1805
-2625	1801
-2625	1798
-2624	1795
-2623	1791
-2621	1788
-2618	1784
-2617	1781
-2617	1778
-2617	1774
-2617	1771
-2617	1768
-2616	1764
-2614	1761
-2613	1757
-2611	1754
-2611	1751
-2610	1747
-2610	1744
-2610	1741
-2611	1737
-2610	1734
-2608	1731
-2606	1727
-2603	1724
-2602	1721
-2600	1717
-2599	1714
-2598	1711
-2599	1707
-2600	1704
-2598	1701
-2597	1697
-2593	1694
-2591	1691
-2591	1687
-2591	1684
-2592	1681
-2591	1677
-2589	1674
-2585	1671
-2584	1668
-2584	1664
-2584	1661
-2582	1658
-2582	1654
-2582	1651
-2584	1648
-2584	1644
-2583	1641
-2582	1638
-2576	1635
-2573	1632
-2571	1628
-2573	1625
-2575	1622
-2575	1618
-2573	1615
-2572	1612
-2570	1609
-2569	1605
-2570	1602
-2569	1599
-2568	1596
-2566	1592
-2567	1589
-2564	1586
-2563	1583
-2563	1579
-2563	1576
-2560	1573
-2557	1570
-2557	1567
-2557	1563
-2556	1560
-2556	1557
-2555	1554
-2552	1550
-2550	1547
-2549	1544
-2548	1541
-2544	1538
-2542	1535
-2541	1532
-2540	1528
-2540	1525
-2539	1522
-2539	1519
-2541	1515
-2541	1512
-2539	1509
-2536	1506
-2535	1503
-2534	1500
-2536	1496
-2533	1493
-2529	1490
-2531	1487
-2533	1483
-2531	1480
-2531	1477
-2531	1474
-2530	1471
-2530	1467
-2529	1464
-2526	1461
-2524	1458
-2524	1455
-2524	1452
-2523	1448
-2521	1445
-2521	1442
-2523	1439
-2521	1436
-2519	1433
-2516	1430
-2517	1426
-2518	1423
-2516	1420
-2512	1417
-2511	1414
-2510	1411
-2507	1408
-2507	1405
-2508	1401
-2507	1398
-2507	1395
-2504	1392
-2503	1389
-2501	1386
-2501	1383
-2500	1380
-2498	1377
-2497	1374
-2497	1370
-2497	1367
-2497	1364
-2494	1361
-2493	1358
-2494	1354
-2492	1352
-2489	1349
-2489	1345
-2488	1342
-2486	1339
-2485	1336
-2484	1333
-2484	1330
-2481	1327
-2481	1324
-2480	1321
-2480	1318
-2477	1315
-2477	1312
-2478	1308
-2477	1305
-2475	1302
-2471	1300
-2470	1297
-2471	1293
-2470	1290
-2469	1287
-2468	1284
-2466	1281
-2465	1278
-2463	1275
-2462	1272
-2463	1269
-2462	1266
-2463	1262
-2462	1259
-2459	1256
-2455	1254
-2454	1251
-2454	1248
-2452	1245
-2452	1242
-2450	1239
-2450	1236
-2450	1232
-2448	1229
-2446	1227
-2445	1223
-2444	1221
-2444	1217
-2442	1214
-2440	1212
-2434	1209
-2434	1206
-2435	1203
-2433	1200
-2432	1197
-2430	1194
-2429	1191
-2429	1188
-2428	1185
-2426	1182
-2426	1179
-2425	1176
-2423	1173
-2424	1170
-2423	1167
-2422	1163
-2422	1160
-2420	1157
-2419	1154
-2418	1152
-2418	1148
-2419	1145
-2419	1142
-2417	1139
-2417	1135
-2418	1132
-2418	1129
-2415	1126
-2414	1123
-2413	1120
-2413	1117
-2414	1113
-2412	1111
-2410	1108
-2410	1105
-2407	1102
-2405	1099
-2405	1096
-2407	1092
-2406	1089
-2406	1086
-2405	1083
-2404	1080
-2403	1077
-2402	1074
-2400	1071
-2400	1068
-2398	1065
-2397	1062
-2395	1060
-2394	1057
-2395	1053
-2393	1050
-2392	1047
-2392	1044
-2391	1041
-2390	1038
-2389	1035
-2388	1032
-2387	1029
-2386	1026
-2385	1023
-2383	1020
-2380	1018
-2380	1014
-2381	1011
-2380	1008
-2378	1005
-2377	1002
-2376	999
-2378	995
-2377	992
-2376	989
-2374	987
-2373	984
-2370	981
-2370	978
-2370	975
-2370	971
-2369	968
-2368	965
-2366	963
-2365	960
-2364	957
-2362	954
-2361	951
-2361	948
-2358	945
-2356	943
-2355	940
-2356	936
-2356	933
-2355	930
-2352	927
-2350	925
-2348	922
-2346	919
-2346	916
-2344	913
-2343	910
-2341	908
-2339	905
-2339	902
-2338	899
-2338	895
-2336	893
-2335	890
-2334	887
-2333	884
-2331	881
-2329	879
-2330	875
-2329	872
-2328	869
-2328	865
-2327	862
-2325	860
-2324	857
-2324	854
-2323	851
-2321	848
-2319	845
-2318	842
-2317	840
-2317	836
-2316	833
-2314	830
-2314	827
-2315	823
-2315	820
-2313	817
-2313	814
-2314	810
-2312	808
-2311	805
-2309	802
-2306	799
-2305	797
-2303	794
-2302	791
-2302	788
-2302	784
-2301	781
-2299	779
-2298	776
-2297	773
-2295	770
-2294	767
-2294	764
-2294	760
-2293	757
-2290	755
-2289	752
-2289	749
-2289	745
-2288	742
-2287	739
-2286	736
-2286	733
-2286	729
-2286	726
-2285	723
-2285	719
-2284	716
-2283	713
-2281	711
-2279	708
-2279	705
-2278	701
-2278	698
-2277	695
-2276	692
-2275	689
-2274	686
-2273	683
-2273	680
-2271	677
-2268	675
-2265	673
-2263	670
-2263	667
-2261	664
-2262	660
-2260	657
-2258	655
-2257	652
-2255	649
-2255	646
-2254	643
-2251	641
-2249	638
-2249	635
-2248	632
-2248	628
-2247	625
-2247	622
-2244	619
-2242	617
-2243	613
-2244	609
-2241	607
-2238	605
-2236	602
-2235	599
-2233	596
-2232	594
-2231	590
-2231	587
-2231	583
-2231	580
-2231	576
-2230	573
-2229	570
-2230	566
-2230	562
-2228	560
-2225	557
-2224	555
-2222	552
-2222	549
-2220	546
-2220	542
-2217	540
-2215	538
-2213	535
-2213	532
-2212	528
-2211	525
-2211	522
-2211	518
-2211	514
-2210	511
-2210	508
-2207	505
-2205	503
-2204	500
-2202	497
-2202	494
-2202	490
-2201	487
-2199	484
-2198	481
-2198	478
-2198	474
-2195	472
-2195	468
-2193	466
-2192	462
-2191	459
-2191	456
-2192	451
-2194	447
-2191	444
-2190	441
-2188	439
-2187	435
-2189	431
-2188	427
-2187	425
-2184	422
-2183	419
-2183	415
-2183	411
-2183	408
-2182	405
-2179	403
-2180	398
-2180	394
-2178	392
-2177	389
-2175	386
-2173	383
-2172	381
-2175	375
-2172	372
-2171	370
-2171	366
-2169	363
-2165	362
-2161	360
-2160	357
-2160	353
-2163	348
-2164	343
-2161	341
-2159	338
-2156	336
-2156	333
-2159	327
-2157	324
-2155	321
-2154	318
-2156	313
-2157	309
-2156	306
-2155	302
-2151	301
-2148	298
-2147	295
-2145	293
-2141	291
-2139	289
-2138	285
-2132	286
-2127	285
-2123	284
-2119	283
-2115	281
-2111	280
-2108	278
-2106	276
-2105	273
-2103	270
-2101	268
-2100	264
-2099	261
-2098	258
-2096	255
-2095	252
-2095	248
-2094	244
-2093	241
-2092	238
-2090	235
-2088	233
-2086	230
-2085	227
-2083	224
-2082	221
-2083	217
-2080	214
-2078	212
-2078	208
-2077	205
-2076	201
-2076	197
-2074	195
-2072	192
-2069	190
-2068	187
-2068	183
-2066	180
-2063	178
-2060	176
-2059	173
-2059	169
-2057	166
-2056	163
-2053	161
-2053	157
-2053	152
-2052	149
-2051	146
-2049	143
-2048	140
-2047	137
-2046	133
-2045	130
-2042	128
-2039	126
-2039	122
-2039	118
-2038	115
-2036	112
-2034	109
-2033	106
-2033	102
-2030	99
-2028	97
-2028	93
-2027	89
-2025	86
-2025	82
-2023	80
-2021	77
-2020	74
-2018	71
-2017	67
-2014	65
-2014	61
-2015	56
-2013	53
-2010	51
-2008	49
-2007	45
-2007	41
-2006	38
-2004	35
-2004	30
-2004	26
-2001	24
-1999	21
-1998	18
-1996	15
-1997	10
-1995	7
-1993	5
-1991	2
-1988	-0
-1986	-2
-1986	-7
-1987	-13
-1987	-17
-1986	-20
-1984	-24
-1981	-25
-1979	-28
-1978	-32
-1977	-35
-1977	-39
-1977	-45
-1975	-47
-1973	-50
-1972	-53
-1970	-57
-1970	-61
-1967	-63
-1966	-66
-1966	-71
-1963	-73
-1962	-76
-1961	-80
-1959	-83
-1958	-86
-1955	-89
-1954	-92
-1953	-96
-1951	-99
-1950	-103
-1950	-107
-1944	-106
-1937	-104
-1931	-103
-1926	-103
-1924	-106
-1917	-103
-1912	-104
-1909	-106
-1905	-107
-1901	-107
-1894	-105
-1889	-105
-1887	-107
-1884	-109
-1879	-109
-1875	-110
-1873	-112
-1872	-116
-1864	-113
-1850	-103
-1841	-99
-1834	-97
-1831	-98
-1829	-101
-1827	-104
-1825	-106
-1823	-109
-1821	-112
-1818	-113
-1816	-116
-1813	-117
-1810	-119
-1808	-122
-1799	-118
-1789	-112
-1782	-109
-1778	-110
-1777	-113
-1774	-114
-1771	-116
-1770	-120
-1769	-123
-1755	-113
-1747	-109
-1742	-109
-1740	-112
-1737	-113
-1734	-115
-1730	-115
-1727	-117
-1724	-118
-1722	-121
-1721	-124
-1716	-124
-1708	-119
-1697	-113
-1692	-112
-1687	-111
-1683	-111
-1679	-112
-1677	-114
-1675	-116
-1674	-119
-1669	-119
-1660	-113
-1655	-112
-1651	-113
-1646	-112
-1642	-112
-1638	-112
-1631	-109
-1629	-112
-1626	-113
-1623	-114
-1620	-116
-1615	-114
-1607	-110
-1601	-107
-1596	-107
-1591	-105
-1586	-104
-1581	-103
-1578	-104
-1576	-106
-1574	-109
-1573	-113
-1569	-112
-1564	-112
-1562	-114
-1559	-115
-1556	-116
-1553	-117
-1550	-119
-1547	-120
-1543	-120
-1540	-121
-1536	-121
-1532	-121
-1528	-121
-1525	-122
-1523	-124
-1522	-128
-1519	-129
-1516	-130
-1514	-132
-1513	-137
-1503	-128
-1497	-125
-1493	-125
-1488	-124
-1484	-124
-1482	-126
-1479	-128
-1478	-130
-1475	-132
-1472	-133
-1472	-138
-1472	-142
-1469	-144
-1466	-145
-1464	-147
-1460	-147
-1456	-146
-1451	-145
-1447	-144
-1444	-145
-1441	-146
-1434	-142
-1427	-139
-1424	-139
-1423	-142
-1420	-143
-1416	-143
-1414	-145
-1412	-148
-1410	-150
-1408	-153
-1405	-154
-1401	-153
-1398	-154
-1396	-156
-1393	-157
-1390	-158
-1385	-157
-1377	-150
-1372	-148
-1364	-142
-1362	-144
-1361	-148
-1360	-152
-1358	-154
-1357	-158
-1358	-164
-1355	-166
-1354	-168
-1340	-153
-1336	-153
-1332	-153
-1329	-154
-1327	-156
-1323	-155
-1321	-157
-1320	-161
-1316	-161
-1313	-161
-1310	-162
-1302	-155
-1297	-153
-1294	-154
-1292	-157
-1292	-161
-1290	-164
-1287	-164
-1284	-165
-1284	-170
-1281	-170
-1276	-168
-1272	-168
-1271	-171
-1270	-175
-1266	-175
-1262	-174
-1258	-173
-1255	-174
-1249	-169
-1246	-170
-1243	-171
-1240	-171
-1236	-170
-1230	-166
-1226	-165
-1223	-167
-1222	-169
-1220	-171
-1217	-173
-1214	-173
-1210	-172
-1207	-172
-1204	-174
-1199	-171
-1197	-172
-1194	-174
-1191	-174
-1189	-175
-1186	-176
-1182	-176
-1179	-175
-1168	-163
-1161	-157
-1158	-157
-1155	-158
-1154	-162
-1154	-168
-1152	-170
-1151	-174
-1149	-175
-1146	-175
-1142	-175
-1139	-175
-1137	-178
-1135	-179
-1130	-176
-1126	-176
-1123	-175
-1111	-160
-1111	-165
-1109	-167
-1106	-169
-1104	-171
-1103	-174
-1100	-174
-1096	-172
-1092	-172
-1090	-174
-1088	-176
-1085	-175
-1082	-176
-1076	-172
-1076	-176
-1072	-176
-1070	-177
-1068	-179
-1052	-156
-1051	-159
-1048	-160
-1046	-161
-1044	-164
-1048	-178
-1044	-176
-1042	-177
-1039	-179
-1036	-178
-1032	-176
-1028	-175
-1026	-178
-1023	-177
-1017	-172
-1016	-176
-1013	-176
-1011	-177
-1008	-178
-1006	-179
-1001	-177
-997	-175
-994	-174
-991	-175
-989	-175
-979	-162
-976	-162
-974	-165
-973	-169
-972	-172
-970	-175
-968	-177
-965	-177
-962	-177
-958	-175
-954	-173
-951	-172
-948	-172
-945	-173
-943	-175
-942	-178
-939	-178
-934	-175
-931	-175
-929	-175
-925	-175
-922	-175
-920	-176
-917	-176
-914	-177
-910	-173
-907	-173
-906	-178
-903	-178
-900	-178
-896	-174
-893	-176
-892	-179
-889	-179
-886	-178
-883	-178
-879	-177
-876	-175
-872	-174
-870	-175
-867	-175
-876	-202
-779	-1
-775	2
-772	2
-769	4
-766	5
-764	4
-761	3
-758	4
-756	4
-753	4
-750	5
-748	4
-746	4
-743	4
-741	4
-738	4
-736	4
-733	3
-732	-1
-733	-8
-732	-14
-730	-14
-726	-10
-721	-4
-719	-6
-719	-12
-717	-15
-716	-19
-716	-25
-747	-127
-745	-129
-743	-132
-742	-137
-740	-138
-738	-139
-735	-140
-733	-142
-731	-144
-728	-143
-726	-144
-724	-145
-721	-146
-719	-147
-716	-148
-714	-149
-712	-149
-709	-150
-707	-151
-704	-152
-702	-153
-700	-154
-697	-154
-694	-154
-692	-155
-689	-154
-686	-154
-684	-155
-682	-157
-681	-161
-681	-171
-683	-185
-681	-186
-679	-188
-676	-189
-674	-190
-669	-183
-665	-181
-663	-182
-661	-182
-658	-182
-654	-179
-651	-179
-641	-155
-638	-152
-635	-151
-632	-152
-629	-151
-627	-151
-623	-149
-621	-149
-618	-148
-615	-145
-612	-145
-609	-146
-607	-146
-605	-147
-602	-148
-600	-151
-602	-164
-603	-177
-601	-182
-599	-181
-596	-181
-594	-183
-592	-186
-590	-187
-587	-186
-584	-185
-582	-188
-580	-190
-577	-190
-575	-190
-572	-188
-569	-187
-566	-185
-562	-183
-560	-184
-557	-183
-555	-184
-553	-187
-550	-186
-548	-187
-545	-188
-543	-188
-539	-184
-536	-181
-533	-180
-531	-182
-528	-181
-525	-178
-522	-178
-520	-180
-517	-178
-514	-177
-511	-177
-510	-180
-506	-176
-503	-173
-501	-175
-498	-176
-496	-178
-493	-177
-490	-175
-487	-174
-485	-175
-483	-176
-480	-175
-478	-176
-475	-176
-473	-176
-470	-176
-468	-177
-466	-179
-464	-182
-462	-185
-459	-186
-457	-186
-454	-184
-451	-183
-449	-183
-446	-182
-443	-182
-441	-184
-438	-183
-436	-182
-433	-183
-431	-184
-428	-184
-426	-183
-423	-182
-420	-182
-418	-182
-416	-184
-413	-185
-411	-184
-407	-180
-405	-179
-403	-184
-401	-185
-398	-185
-396	-185
-393	-186
-391	-185
-388	-184
-385	-185
-383	-184
-380	-184
-378	-183
-375	-183
-373	-183
-370	-183
-368	-185
-365	-185
-363	-185
-360	-183
-358	-183
-355	-185
-353	-186
-351	-186
-348	-187
-345	-185
-343	-185
-340	-185
-338	-184
-335	-184
-333	-184
-330	-183
-328	-184
-325	-184
-323	-184
-320	-185
-318	-183
-315	-183
-312	-183
-310	-183
-308	-183
-305	-185
-303	-185
-300	-185
-298	-186
-295	-185
-293	-183
-290	-183
-288	-183
-285	-183
-283	-183
-280	-183
-278	-182
-275	-183
-273	-185
-270	-180
-267	-177
-265	-176
-262	-177
-260	-178
-257	-177
-255	-176
-252	-175
-250	-175
-248	-178
-245	-179
-243	-181
-240	-182
-238	-182
-236	-182
-233	-183
-231	-183
-228	-183
-226	-183
-223	-182
-221	-183
-218	-183
-216	-184
-213	-183
-211	-183
-209	-184
-206	-184
-204	-184
-201	-183
-199	-183
-196	-183
-194	-183
-191	-182
-189	-183
-186	-182
-184	-182
-181	-183
-179	-185
-177	-184
-174	-184
-172	-182
-169	-182
-167	-182
-164	-184
-162	-183
-159	-183
-157	-183
-154	-183
-152	-182
-149	-182
-147	-182
-145	-183
-142	-182
-140	-182
-137	-182
-135	-183
-132	-183
-130	-182
-127	-182
-125	-182
-123	-182
-120	-182
-118	-182
-115	-183
-113	-183
-110	-183
-108	-183
-105	-183
-103	-183
-100	-183
-98	-183
-96	-182
-93	-181
-91	-182
-88	-182
-86	-182
-83	-182
-81	-182
-78	-182
-76	-183
-71	-178
-69	-178
-66	-178
-64	-179
-61	-180
-59	-180
-56	-179
-54	-179
-52	-179
-49	-179
-47	-179
-44	-179
-42	-179
-39	-179
-37	-179
-34	-180
-32	-181
-29	-181
-27	-179
-25	-179
-22	-179
-20	-180
-17	-181
-15	-181
-12	-182
-10	-185
-7	-186
-5	-184
-3	-181
-0	-180
2	-180
5	-180
7	-180
10	-181
12	-181
15	-181
17	-181
19	-180
22	-180
24	-181
27	-180
29	-180
32	-180
34	-181
37	-182
39	-182
42	-182
44	-182
47	-182
49	-183
51	-183
54	-182
56	-181
59	-180
61	-181
64	-182
66	-182
69	-182
71	-181
74	-181
76	-181
78	-181
81	-181
83	-181
86	-182
88	-182
91	-181
93	-181
96	-181
98	-182
101	-181
103	-182
106	-182
108	-181
111	-182
113	-182
115	-182
118	-181
120	-181
123	-181
125	-182
128	-182
130	-182
133	-182
135	-183
138	-182
140	-182
143	-182
145	-182
147	-180
150	-181
152	-181
155	-183
158	-183
160	-182
163	-183
165	-182
167	-181
170	-181
172	-181
175	-183
178	-184
180	-184
183	-184
185	-184
188	-183
190	-183
192	-182
195	-183
198	-184
200	-185
203	-184
205	-184
208	-185
210	-185
213	-185
215	-183
217	-181
220	-183
223	-185
226	-186
228	-186
230	-183
233	-183
235	-183
238	-183
240	-183
243	-182
245	-183
248	-183
250	-183
253	-183
255	-183
258	-184
260	-184
263	-185
266	-184
268	-184
271	-185
273	-185
276	-185
278	-182
280	-181
283	-181
285	-182
288	-180
290	-181
293	-182
295	-182
299	-184
301	-184
303	-183
305	-181
308	-182
311	-181
313	-182
316	-182
318	-183
321	-183
323	-182
326	-182
329	-182
331	-183
334	-182
336	-183
339	-184
342	-185
344	-184
347	-183
349	-183
352	-185
355	-186
358	-185
360	-186
363	-185
365	-185
368	-184
370	-183
372	-183
376	-185
378	-186
380	-183
383	-182
386	-184
388	-184
391	-186
394	-185
396	-185
399	-184
401	-184
404	-184
406	-183
409	-183
412	-184
414	-183
416	-183
419	-182
422	-182
425	-184
427	-183
429	-182
432	-183
435	-184
438	-185
441	-186
443	-185
445	-183
448	-184
451	-183
453	-182
456	-182
459	-183
461	-183
464	-184
467	-184
470	-185
472	-184
475	-183
477	-184
479	-182
482	-181
485	-181
488	-183
491	-184
493	-183
496	-182
498	-183
501	-182
504	-183
507	-184
509	-183
512	-183
514	-182
517	-182
520	-183
523	-183
525	-182
528	-182
531	-183
533	-183
536	-183
539	-184
541	-183
544	-182
547	-184
550	-183
552	-182
554	-180
555	-176
558	-174
560	-174
563	-175
566	-175
569	-175
571	-175
573	-173
576	-172
578	-171
581	-172
585	-174
588	-176
591	-177
594	-177
596	-176
599	-176
602	-176
605	-176
607	-176
610	-176
613	-175
615	-173
617	-173
620	-173
623	-174
627	-177
630	-177
632	-176
634	-175
637	-174
640	-175
643	-176
646	-176
648	-174
650	-173
654	-174
657	-176
660	-176
663	-176
665	-175
667	-173
669	-171
671	-168
672	-162
672	-157
674	-154
677	-154
680	-155
683	-155
685	-154
688	-154
690	-153
693	-153
696	-154
699	-153
701	-152
704	-152
707	-152
709	-151
711	-149
714	-149
717	-149
719	-148
722	-147
724	-145
726	-144
729	-144
731	-143
734	-143
737	-142
739	-141
742	-141
744	-139
745	-136
746	-131
747	-126
748	-123
748	-116
748	-110
750	-107
721	-15
722	-10
723	-7
724	-3
725	0
727	2
729	3
732	3
734	3
737	3
739	5
741	6
744	6
775	3
778	3
781	4
784	3
787	1
903	-210
876	-150
879	-150
881	-149
887	-153
892	-158
894	-156
893	-148
893	-142
895	-140
897	-138
899	-137
902	-135
905	-136
911	-142
923	-158
940	-185
944	-186
948	-188
951	-187
954	-186
956	-185
960	-186
963	-186
967	-187
970	-187
973	-186
976	-186
979	-185
982	-186
985	-185
988	-185
992	-185
996	-186
999	-187
1002	-185
1004	-185
1007	-183
1009	-182
1012	-182
1015	-181
1019	-181
1022	-182
1025	-181
1028	-180
1031	-179
1035	-182
1039	-182
1041	-181
1044	-179
1047	-180
1050	-179
1053	-178
1057	-179
1061	-180
1065	-181
1068	-180
1071	-180
1074	-180
1077	-179
1080	-179
1083	-178
1088	-180
1091	-180
1094	-179
1096	-178
1102	-181
1104	-179
1107	-179
1111	-179
1114	-179
1118	-180
1120	-177
1122	-175
1124	-173
1128	-173
1132	-175
1136	-176
1139	-175
1143	-176
1147	-176
1150	-176
1151	-172
1152	-167
1155	-167
1158	-167
1162	-167
1163	-164
1164	-160
1166	-158
1171	-160
1177	-164
1188	-175
1192	-175
1195	-175
1198	-174
1200	-172
1203	-171
1208	-172
1211	-171
1214	-170
1217	-170
1222	-172
1227	-174
1231	-175
1235	-175
1238	-175
1244	-178
1248	-178
1247	-172
1247	-167
1249	-164
1252	-163
1255	-162
1257	-161
1259	-158
1261	-156
1264	-155
1267	-154
1271	-154
1275	-155
1280	-156
1293	-169
1300	-174
1303	-173
1307	-173
1311	-173
1316	-176
1322	-179
1327	-180
1330	-179
1333	-177
1333	-173
1336	-171
1339	-170
1341	-168
1345	-168
1350	-170
1355	-171
1360	-173
1367	-177
1372	-178
1369	-170
1369	-164
1372	-163
1375	-162
1379	-162
1383	-162
1387	-162
1391	-163
1395	-162
1395	-158
1396	-154
1398	-152
1401	-150
1403	-148
1405	-145
1407	-143
1408	-140
1411	-138
1414	-137
1419	-138
1425	-141
1431	-143
1437	-145
1442	-147
1446	-147
1447	-143
1450	-141
1453	-141
1458	-142
1462	-142
1465	-141
1469	-140
1473	-141
1478	-141
1479	-138
1482	-136
1486	-136
1489	-135
1492	-134
1497	-134
1502	-135
1505	-134
1508	-133
1510	-131
1513	-129
1517	-129
1519	-127
1521	-124
1524	-122
1528	-122
1533	-123
1538	-124
1542	-124
1548	-126
1557	-131
1560	-129
1564	-129
1567	-128
1572	-128
1575	-128
1579	-127
1583	-126
1587	-126
1592	-126
1597	-127
1602	-128
1604	-126
1607	-124
1612	-125
1615	-124
1618	-121
1620	-119
1625	-120
1629	-119
1632	-118
1635	-116
1639	-115
1643	-115
1645	-113
1647	-110
1650	-109
1654	-108
1662	-111
1675	-120
1685	-126
1688	-124
1689	-120
1690	-117
1692	-114
1696	-113
1699	-112
1703	-112
1706	-110
1709	-108
1709	-103
1710	-100
1713	-99
1716	-96
1719	-95
1722	-93
1724	-91
1726	-88
1728	-85
1731	-84
1735	-83
1741	-84
1747	-85
1751	-85
1758	-86
1768	-92
1782	-100
1795	-108
1800	-109
1803	-107
1806	-105
1809	-104
1814	-103
1819	-103
1823	-102
1825	-100
1828	-97
1831	-96
1836	-96
1841	-96
1846	-96
1850	-95
1853	-93
1856	-92
1859	-90
1863	-88
1865	-85
1866	-82
1867	-78
1872	-78
1878	-79
1885	-81
1888	-78
1892	-78
1893	-74
1898	-74
1911	-81
1915	-79
1916	-76
1919	-74
1928	-77
1945	-88
1950	-88
1953	-85
1954	-82
1957	-79
1957	-75
1955	-68
1951	-61
1954	-58
1967	-64
1979	-70
1990	-75
1998	-77
2001	-75
2003	-73
2005	-70
2006	-66
2011	-65
2015	-64
2020	-63
2024	-62
2028	-61
2031	-58
2034	-56
2037	-54
2042	-54
2050	-56
2056	-56
2064	-58
2070	-58
2077	-60
2084	-61
2087	-58
2090	-56
2097	-57
2108	-61
2111	-59
2115	-58
2122	-59
2131	-61
2135	-59
2138	-57
2141	-54
2145	-53
2141	-45
2144	-43
2153	-45
2164	-49
2167	-47
2176	-49
2182	-49
2182	-44
2182	-39
2183	-36
2185	-33
2188	-30
2190	-27
2190	-23
2191	-19
2194	-16
2197	-14
2199	-11
2202	-9
2208	-8
2219	-12
2238	-21
2252	-27
2253	-23
2257	-21
2262	-20
2270	-22
2278	-23
2285	-23
2303	-32
2311	-32
2315	-31
2318	-28
2321	-26
2327	-25
2329	-22
2332	-19
2331	-14
2332	-10
2327	-1
2332	-0
2343	-4
2351	-4
2356	-3
2358	0
2362	2
2362	7
2362	11
2364	15
2366	18
2367	22
2368	26
2369	30
2370	34
2372	38
2373	41
2373	46
2371	52
2372	56
2375	59
2375	63
2375	68
2376	72
2378	75
2378	80
2379	83
2381	87
2384	89
2385	93
2384	98
2385	103
2386	106
2386	111
2384	117
2381	123
2380	128
2380	133
2381	136
2383	140
2383	144
2383	149
2384	152
2386	156
2387	160
2388	164
2388	168
2390	171
2392	174
2392	179
2393	183
2392	188
2391	192
2391	197
2392	201
2394	204
2395	208
2395	212
2395	217
2395	221
2396	225
2398	228
2398	232
2398	236
2397	241
2398	245
2397	250
2397	254
2400	257
2402	260
2402	265
2404	268
2405	272
2405	276
2404	280
2404	285
2405	288
2405	293
2405	297
2404	302
2406	305
2408	308
2409	312
2409	316
2408	321
2408	325
2409	329
2412	331
2414	335
2414	339
2413	343
2411	349
2411	353
2411	357
2413	360
2414	364
2413	368
2415	371
2416	375
2415	380
2416	383
2416	388
2417	391
2418	395
2419	398
2420	402
2421	406
2422	409
2421	414
2420	419
2421	422
2424	425
2425	428
2423	433
2423	437
2426	440
2427	444
2426	448
2425	452
2428	455
2429	459
2429	463
2428	467
2428	471
2429	475
2431	478
2433	481
2436	484
2438	487
2440	490
2443	493
2447	495
2451	497
2455	499
2461	500
2467	501
2471	503
2473	507
2474	510
2476	513
2475	518
2473	523
2475	526
2477	529
2479	532
2478	536
2480	540
2481	543
2482	547
2483	550
2485	553
2486	557
2489	560
2490	563
2492	566
2491	570
2489	575
2491	579
2494	581
2497	584
2498	588
2498	591
2498	595
2497	600
2498	603
2499	607
2502	610
2502	613
2502	618
2503	621
2505	624
2505	628
2505	632
2506	635
2505	640
2505	644
2504	648
2505	652
2506	655
2508	658
2510	661
2510	665
2511	669
2512	672
2513	676
2513	680
2511	684
2513	687
2514	691
2516	694
2517	698
2517	701
2516	705
2517	709
2519	712
2521	715
2522	719
2523	722
2524	726
2526	729
2527	732
2529	736
2531	739
2531	742
2531	746
2532	750
2530	754
2530	758
2533	761
2533	765
2531	769
2531	773
2534	776
2535	779
2535	783
2536	786
2535	791
2536	794
2537	798
2537	801
2538	805
2538	809
2539	812
2539	816
2540	819
2542	822
2543	826
2543	830
2545	833
2548	836
2548	840
2548	843
2549	847
2548	851
2547	855
2547	858
2550	862
2552	865
2551	869
2552	872
2554	875
2555	879
2552	883
2552	887
2554	890
2555	894
2554	898
2555	901
2556	904
2557	908
2558	911
2559	915
2560	918
2561	922
2561	926
2561	929
2560	933
2561	937
2563	940
2563	944
2564	947
2563	951
2565	954
2566	958
2566	961
2566	965
2565	969
2567	972
2568	975
2568	979
2568	983
2568	987
2570	990
2569	994
2570	997
2574	1000
2574	1004
2576	1007
2575	1010
2575	1014
2575	1018
2576	1021
2576	1025
2577	1028
2578	1032
2579	1035
2580	1039
2580	1042
2580	1046
2581	1049
2582	1053
2583	1056
2586	1059
2586	1063
2586	1067
2586	1070
2586	1074
2586	1078
2586	1081
2588	1084
2590	1088
2592	1091
2593	1094
2592	1098
2591	1102
2592	1105
2593	1109
2592	1113
2591	1116
2590	1120
2592	1124
2592	1127
2593	1131
2592	1134
2592	1138
2590	1142
2590	1146
2591	1149
2593	1152
2595	1156
2597	1159
2598	1162
2598	1166
2598	1169
2599	1173
2599	1176
2600	1180
2600	1184
2599	1187
2600	1191
2602	1194
2603	1197
2604	1201
2605	1204
2604	1208
2605	1212
2605	1215
2605	1219
2606	1222
2607	1226
2609	1229
2608	1233
2607	1236
2608	1240
2608	1243
2609	1247
2609	1250
2611	1254
2613	1257
2613	1261
2614	1264
2612	1268
2611	1272
2611	1275
2612	1279
2612	1282
2614	1286
2615	1289
2616	1292
2617	1296
2618	1299
2618	1303
2617	1307
2617	1310
2617	1314
2617	1317
2618	1321
2619	1324
2619	1328
2619	1331
2620	1335
2619	1338
2619	1342
2619	1346
2621	1349
2622	1352
2623	1356
2623	1359
2622	1363
2623	1367
2620	1370
2621	1374
2624	1377
2626	1381
2626	1384
2626	1388
2626	1391
2628	1394
2630	1398
2631	1401
2632	1405
2631	1408
2631	1412
2632	1415
2633	1419
2634	1422
2634	1426
2635	1429
2634	1433
2634	1437
2634	1440
2633	1444
2633	1447
2635	1451
2633	1455
2633	1458
2632	1462
2632	1465
2633	1469
2633	1472
2636	1476
2637	1479
2637	1483
2637	1486
2639	1490
2639	1493
2640	1497
2641	1500
2641	1504
2640	1507
2639	1511
2638	1515
2640	1518
2641	1522
2641	1525
2642	1529
2641	1532
2639	1536
2638	1539
2640	1543
2641	1546
2641	1550
2642	1553
2644	1557
2645	1560
2645	1564
2644	1568
2645	1571
2646	1575
2646	1578
2646	1582
2647	1585
2646	1589
2647	1592
2648	1596
2651	1599
2650	1603
2649	1606
2650	1610
2652	1613
2651	1617
2651	1621
2653	1624
2653	1628
2653	1631
2653	1635
2652	1638
2653	1642
2654	1645
2654	1649
2654	1653
2654	1656
2653	1660
2652	1663
2652	1667
