2581	1703
2582	1707
2582	1710
2583	1713
2584	1717
2585	1720
2586	1727
2585	1731
2586	1734
2587	1738
2587	1741
2588	1745
2588	1748
2588	1752
2589	1755
2590	1758
2591	1762
2591	1765
2592	1769
2591	1772
2591	1776
2592	1779
2593	1783
2593	1786
2594	1790
2594	1793
2594	1797
2593	1800
2594	1804
2595	1807
2596	1811
2596	1814
2596	1818
2597	1821
2597	1825
2599	1828
2600	1832
2601	1835
2602	1839
2600	1842
2601	1846
2604	1849
2606	1853
2606	1857
2604	1860
2604	1863
2605	1867
2606	1871
2607	1874
2608	1878
2609	1881
2612	1885
2613	1889
2613	1892
2613	1896
2613	1899
2612	1903
2611	1906
2611	1909
2611	1913
2611	1917
2612	1920
2614	1924
2615	1927
2615	1931
2614	1934
2614	1938
2617	1942
2617	1945
2616	1949
2618	1952
2620	1956
2618	1959
2617	1963
2618	1966
2619	1970
2620	1974
2621	1977
2621	1981
2624	1985
2623	1988
2623	1992
2623	1995
2624	1999
2626	2003
2626	2006
2627	2010
2625	2013
2625	2017
2626	2021
2626	2024
2627	2028
2626	2031
2627	2035
2628	2039
2629	2042
2629	2046
2631	2050
2631	2053
2632	2057
2632	2061
2631	2064
2632	2068
2632	2071
2632	2075
2632	2079
2634	2082
2634	2086
2634	2090
2637	2094
2637	2097
2636	2101
2635	2104
2636	2108
2637	2112
2638	2115
2639	2119
2639	2123
2639	2126
2638	2130
2638	2133
2638	2137
2639	2141
2639	2145
2639	2148
2639	2152
2638	2155
2638	2159
2640	2163
2641	2167
2642	2170
2641	2174
2640	2177
2642	2181
2643	2185
2643	2189
2645	2193
2645	2197
2644	2200
2645	2204
2646	2208
2648	2212
2647	2215
2647	2219
2647	2223
2647	2226
2648	2230
2647	2234
2647	2237
2647	2241
2648	2245
2649	2249
2649	2252
2648	2256
2650	2260
2649	2263
2649	2267
2650	2271
2652	2275
2651	2279
2651	2282
2651	2286
2651	2290
2654	2294
2654	2298
2654	2302
2654	2305
2654	2309
2654	2313
2656	2317
2656	2321
2656	2324
2656	2328
2657	2332
2657	2336
2658	2340
2658	2344
2660	2348
2660	2352
2660	2355
2661	2359
2662	2363
2663	2368
2664	2372
2665	2376
2665	2379
2664	2383
2664	2387
2665	2391
2665	2395
2665	2398
2666	2403
2667	2407
2667	2410
2666	2414
2667	2418
2668	2422
2668	2426
2669	2430
2670	2434
2671	2438
2671	2442
2671	2446
2670	2449
2671	2454
2671	2457
2672	2461
2673	2466
2673	2469
2674	2474
2674	2477
2675	2482
2675	2485
2676	2490
2676	2494
2677	2498
2678	2502
2679	2506
2679	2510
2679	2514
2681	2518
2681	2522
2681	2526
2682	2530
2682	2534
2683	2538
2683	2542
2682	2546
2684	2551
2686	2555
2687	2559
2687	2564
2687	2567
2687	2571
2687	2575
2687	2579
2687	2583
2688	2588
2688	2591
2689	2596
2689	2600
2689	2604
2690	2608
2690	2612
2689	2616
2689	2620
2690	2624
2690	2628
2690	2632
2690	2636
2690	2640
2692	2645
2692	2649
2691	2653
2692	2657
2692	2661
2691	2665
2691	2669
2694	2674
2694	2678
2694	2682
2693	2686
2694	2690
2695	2694
2694	2698
2696	2703
2695	2707
2695	2711
2695	2715
2696	2719
2696	2723
2695	2727
2696	2732
2700	2737
2699	2741
2699	2745
2699	2749
2698	2753
2698	2757
2697	2761
2699	2766
2700	2771
2700	2775
2700	2779
2700	2783
2701	2788
2700	2791
2700	2795
2701	2800
2702	2805
2703	2809
2703	2814
2703	2818
2702	2822
2701	2825
2699	2829
2700	2833
2700	2838
2701	2842
2701	2847
2703	2851
2704	2856
2704	2861
2706	2866
2708	2871
2710	2876
2710	2880
2710	2885
2712	2889
2713	2894
2713	2899
2714	2903
2714	2908
2715	2912
2714	2916
2714	2921
2714	2925
2716	2930
2718	2935
2718	2940
2717	2944
2717	2948
2717	2953
2718	2957
2718	2962
2717	2966
2717	2970
2716	2974
2716	2979
2717	2984
2718	2988
2719	2993
2722	2999
2722	3004
2722	3008
2723	3013
2724	3017
2724	3022
2725	3027
2725	3031
2724	3035
2723	3040
2723	3044
2723	3049
2724	3054
2724	3058
2725	3063
2727	3068
2727	3073
2727	3078
2727	3082
2726	3086
2711	3083
2684	3074
2651	3062
2644	3063
2640	3065
2637	3068
2635	3072
2633	3075
2633	3079
2633	3084
2729	3143
2730	3148
2731	3153
2730	3158
2729	3162
2729	3166
2729	3171
2729	3175
2730	3181
2730	3186
2731	3191
2732	3196
2731	3200
2732	3205
2735	3211
2733	3216
2733	3220
2734	3225
2734	3230
2734	3235
2734	3240
2734	3244
2732	3248
2730	3252
2730	3257
2730	3261
2729	3266
2729	3270
2729	3275
2731	3281
2732	3286
2732	3291
2733	3297
2734	3302
2734	3307
2735	3313
2735	3318
2735	3322
2735	3327
2734	3332
2734	3336
2732	3341
2732	3345
2732	3350
2733	3356
2731	3360
2731	3364
2731	3369
2731	3374
2731	3379
2732	3385
2733	3390
2731	3395
2730	3399
2730	3404
2731	3409
2731	3414
2730	3419
2732	3425
2732	3430
2733	3436
2732	3441
2731	3445
2729	3449
2730	3454
2730	3459
2730	3465
2730	3470
2732	3476
2732	3482
2732	3486
2733	3492
2734	3498
2738	3506
2739	3512
2740	3518
2738	3522
2737	3526
2735	3530
2733	3534
2731	3538
2729	3542
2727	3546
2727	3551
2725	3555
2723	3559
2722	3563
2723	3569
2726	3577
2726	3582
2724	3586
2723	3591
2723	3596
2722	3600
2720	3605
2719	3609
2719	3615
2719	3620
2718	3625
2717	3629
2716	3634
2715	3639
2714	3643
2715	3650
2714	3655
2714	3660
2715	3666
2715	3671
2714	3676
2713	3681
2715	3688
2717	3695
2715	3699
2715	3704
2714	3710
2714	3715
2714	3720
2713	3725
2713	3731
2714	3737
2713	3742
2713	3747
2711	3752
2710	3756
2710	3762
2709	3767
2707	3771
2705	3776
2706	3782
2707	3788
2706	3793
2705	3798
2705	3804
2708	3812
2707	3817
2706	3822
2705	3827
2705	3833
2706	3840
2708	3846
2709	3854
2709	3859
2704	3861
2693	3858
2686	3859
2688	3866
2683	3868
2682	3873
2691	3886
2698	3897
2700	3905
2699	3910
2698	3916
2697	3921
2694	3924
2693	3929
2691	3934
2691	3939
2689	3944
2686	3948
2684	3952
2682	3956
2682	3962
2681	3967
2678	3971
2676	3976
2676	3981
2674	3986
2671	3990
2669	3994
2667	3998
2664	4002
2662	4006
2661	4012
2661	4017
2658	4022
2658	4027
2658	4034
2657	4039
2655	4044
2654	4049
2652	4053
2650	4058
2647	4062
2646	4067
2644	4071
2643	4077
2642	4083
2640	4087
2638	4091
2635	4095
2634	4101
2633	4105
2630	4110
2628	4114
2626	4119
2623	4122
2623	4128
2623	4135
2625	4143
2256	3822
2256	3827
2251	3828
2604	4209
2594	4206
2592	4210
2589	4214
2587	4219
2585	4223
2582	4227
2580	4232
2577	4236
2574	4239
2572	4244
2569	4248
2566	4252
2564	4256
2561	4260
2558	4265
2557	4269
2555	4274
2550	4277
2548	4281
2546	4286
2543	4290
2540	4294
2538	4298
2536	4304
2534	4308
2532	4313
2528	4316
2526	4321
2524	4326
2521	4330
2518	4333
2515	4337
2512	4341
2510	4345
2507	4349
2504	4353
2501	4357
2498	4361
2496	4366
2493	4370
2490	4374
2488	4378
2485	4383
2482	4386
2479	4391
2477	4395
2474	4399
2472	4403
2469	4408
2466	4412
2464	4417
2461	4420
2458	4424
2456	4430
2453	4434
2451	4439
2448	4443
2445	4447
2442	4451
2439	4455
2436	4459
2433	4462
2430	4467
2429	4472
2427	4477
2424	4481
2421	4486
2419	4490
2417	4495
2414	4500
2410	4503
2407	4507
2404	4511
2401	4515
2398	4519
2395	4523
2392	4527
2389	4531
2385	4534
2382	4537
2379	4541
2376	4545
2372	4548
2370	4554
2367	4558
2364	4562
2359	4564
2356	4567
2352	4570
2349	4574
2345	4577
2341	4581
2337	4584
2334	4587
2329	4588
2324	4591
2320	4594
2318	4598
2317	4605
2314	4609
2311	4613
2308	4617
2306	4623
2304	4628
2302	4633
2300	4640
2297	4643
2294	4647
2291	4652
2289	4657
2286	4661
2283	4665
2281	4670
2278	4675
2276	4680
2273	4684
2270	4689
2268	4695
2266	4700
2264	4705
2261	4710
2258	4714
2255	4719
2252	4723
2249	4727
2245	4730
2242	4734
2241	4741
2238	4746
2235	4750
2233	4756
2230	4760
2225	4762
2221	4765
2217	4768
2213	4771
2210	4774
2206	4778
2203	4783
2200	4787
2198	4792
2193	4794
2189	4797
2184	4799
2180	4801
2176	4805
2173	4809
2170	4813
2166	4816
2161	4819
2157	4822
2152	4823
2147	4824
2142	4827
2138	4829
2133	4831
2129	4834
2128	4841
2124	4845
2120	4848
2116	4851
2112	4853
2109	4858
2105	4862
2101	4864
2098	4868
2095	4873
2093	4880
2091	4886
2089	4892
2087	4898
2084	4902
2081	4907
2078	4911
2076	4917
2072	4921
2070	4926
2066	4930
2063	4934
2059	4937
2055	4941
2051	4944
2048	4948
2045	4952
2041	4957
2038	4960
2033	4963
2030	4968
2026	4970
2020	4971
2016	4974
2012	4978
2009	4981
2005	4985
2001	4988
1998	4993
1995	4997
1990	4999
1984	4999
1978	5000
1974	5003
1971	5007
1967	5011
1962	5012
1956	5012
1952	5015
1948	5018
1945	5023
1940	5025
1936	5029
1932	5031
1928	5035
1923	5037
1918	5038
1913	5039
1908	5041
1904	5043
1899	5046
1895	5048
1890	5050
1886	5054
1883	5058
1879	5061
1875	5065
1871	5068
1868	5072
1864	5076
1859	5077
1854	5080
1851	5084
1847	5087
1843	5092
1839	5095
1835	5098
1832	5102
1828	5105
1824	5108
1820	5112
1816	5116
1813	5122
1810	5127
1808	5133
1805	5138
1801	5141
1796	5143
1791	5145
1787	5148
1782	5150
1777	5152
1772	5153
1767	5155
1763	5157
1759	5160
1755	5164
1751	5168
1747	5172
1743	5175
1739	5177
1734	5179
1729	5181
1724	5183
1719	5185
1714	5186
1709	5188
1704	5189
1700	5191
1695	5194
1691	5198
1687	5201
1683	5203
1678	5205
1673	5207
1669	5211
1665	5214
1661	5217
1657	5220
1654	5226
1651	5231
1646	5233
1641	5236
1637	5238
1633	5243
1629	5245
1624	5246
1619	5248
1615	5252
1610	5255
1606	5257
1601	5258
1596	5260
1592	5264
1588	5266
1583	5268
1579	5272
1575	5275
1570	5279
1566	5281
1561	5284
1557	5287
1552	5288
1548	5291
1544	5295
1540	5298
1536	5302
1530	5303
1526	5305
1521	5308
1517	5311
1512	5313
1508	5316
1503	5318
1499	5320
1495	5324
1490	5327
1485	5329
1481	5331
1477	5335
1472	5338
1467	5339
1462	5339
1457	5342
1453	5345
1448	5347
1444	5349
1439	5351
1434	5353
1429	5355
1425	5358
1420	5360
1415	5361
1410	5362
1405	5364
1400	5366
1395	5367
1389	5367
1385	5370
1381	5373
1376	5376
1372	5378
1367	5380
1362	5382
1357	5384
1353	5387
1348	5388
1343	5389
1338	5391
1332	5392
1327	5393
1323	5396
1319	5399
1315	5404
1310	5407
1305	5408
1301	5411
1296	5414
1292	5416
1287	5418
1282	5421
1278	5424
1273	5424
1267	5425
1263	5427
1258	5429
1252	5429
1247	5428
1241	5429
1236	5430
1231	5431
1227	5434
1221	5435
1216	5436
1211	5437
1206	5439
1202	5441
1197	5442
1193	5447
1189	5451
1184	5455
1180	5457
1175	5459
1170	5459
1165	5462
1160	5464
1155	5465
1150	5467
1145	5468
1140	5469
1135	5471
1130	5472
1125	5475
1120	5476
1115	5477
1110	5478
1106	5481
1101	5484
1096	5486
1092	5488
1087	5490
1082	5492
1077	5493
1071	5492
1066	5494
1061	5495
1056	5495
1050	5495
1046	5497
1041	5500
1036	5501
1030	5501
1025	5502
1020	5504
1015	5504
1010	5504
1005	5506
1000	5507
995	5508
990	5509
985	5510
980	5512
975	5513
969	5513
964	5514
959	5515
955	5518
951	5526
947	5530
942	5531
937	5533
933	5537
928	5540
923	5541
918	5541
912	5542
907	5542
902	5543
897	5544
892	5546
887	5548
883	5551
878	5554
873	5555
868	5557
863	5558
858	5561
854	5564
849	5567
844	5570
839	5572
834	5573
829	5575
824	5576
819	5576
814	5578
809	5580
804	5583
800	5585
794	5586
789	5587
784	5586
778	5585
773	5585
768	5586
763	5586
758	5587
752	5588
747	5587
742	5588
737	5589
731	5589
726	5589
720	5588
715	5587
710	5588
705	5588
699	5588
694	5589
689	5589
684	5589
678	5590
674	5593
669	5594
664	5595
658	5595
653	5596
648	5596
643	5598
638	5599
633	5601
628	5603
623	5604
618	5603
612	5604
607	5605
602	5606
597	5608
592	5609
587	5612
582	5613
577	5613
572	5615
567	5618
562	5620
557	5621
552	5623
547	5624
542	5626
537	5627
532	5630
527	5632
522	5634
517	5633
512	5633
506	5633
501	5633
496	5633
491	5634
486	5635
481	5636
475	5637
470	5637
465	5636
459	5636
454	5633
449	5633
443	5633
438	5635
433	5637
428	5639
423	5637
418	5639
413	5641
408	5641
403	5642
397	5640
392	5641
387	5642
382	5643
376	5643
371	5643
366	5646
361	5646
356	5647
351	5649
346	5653
341	5654
336	5657
331	5660
326	5662
321	5663
316	5665
311	5665
305	5667
300	5667
295	5669
290	5670
285	5671
280	5671
274	5671
269	5672
264	5672
259	5673
254	5673
248	5674
243	5675
238	5676
233	5679
228	5678
222	5677
217	5677
212	5676
207	5674
201	5676
196	5678
191	5681
186	5684
181	5683
176	5682
170	5683
165	5681
160	5680
154	5679
149	5676
144	5673
138	5673
133	5676
128	5680
123	5682
118	5683
113	5682
76	5019
72	5022
68	5023
63	5022
59	5018
54	5015
50	5015
46	5015
41	5016
37	5010
32	5001
28	4997
24	4997
19	4997
15	4997
11	4996
6	4998
2	5000
-2	5004
-6	5012
-11	5017
-15	5017
-19	5016
-24	5016
-28	5018
-33	5021
-37	5021
-41	5022
-49	5685
-54	5683
-60	5684
-65	5684
-70	5684
-75	5687
-81	5688
-86	5688
-91	5687
-96	5686
-102	5685
-107	5685
-112	5685
-133	5696
-138	5696
-143	5686
-149	5687
-154	5686
-159	5685
-164	5684
-169	5684
-175	5684
-180	5685
-185	5687
-191	5690
-196	5688
-201	5686
-206	5684
-211	5684
-216	5682
-222	5679
-227	5678
-232	5678
-237	5679
-242	5678
-248	5678
-253	5678
-258	5676
-263	5674
-268	5673
-274	5672
-279	5672
-284	5670
-289	5669
-294	5668
-299	5666
-304	5665
-310	5665
-315	5663
-320	5663
-325	5663
-330	5660
-335	5660
-341	5661
-346	5661
-351	5663
-356	5661
-361	5659
-367	5658
-372	5657
-377	5657
-382	5656
-388	5659
-393	5660
-398	5660
-403	5659
-408	5657
-414	5657
-419	5655
-424	5655
-429	5653
-434	5652
-439	5651
-444	5652
-450	5651
-455	5651
-460	5651
-465	5652
-471	5651
-476	5650
-481	5650
-486	5648
-491	5648
-497	5649
-502	5649
-507	5648
-512	5647
-517	5647
-523	5647
-528	5647
-533	5645
-538	5644
-543	5643
-548	5642
-553	5641
-559	5642
-564	5641
-569	5642
-575	5645
-581	5648
-586	5647
-591	5647
-596	5645
-601	5642
-606	5640
-611	5640
-616	5639
-621	5636
-626	5635
-631	5634
-636	5632
-641	5631
-646	5630
-651	5628
-658	5633
-663	5635
-668	5633
-673	5631
-678	5632
-684	5631
-689	5629
-693	5624
-697	5617
-702	5613
-706	5608
-711	5605
-716	5602
-721	5599
-726	5598
-731	5596
-735	5594
-740	5592
-745	5590
-750	5586
-755	5584
-760	5581
-764	5578
-769	5576
-774	5573
-778	5570
-783	5568
-788	5566
-793	5565
-799	5565
-804	5565
-809	5565
-814	5565
-820	5565
-824	5562
-829	5557
-833	5552
-838	5550
-843	5551
-849	5552
-854	5552
-859	5552
-864	5552
-869	5551
-874	5549
-879	5546
-884	5544
-889	5542
-894	5541
-899	5540
-904	5538
-908	5536
-913	5534
-919	5535
-924	5534
-929	5532
-934	5532
-939	5532
-945	5532
-949	5529
-954	5529
-959	5527
-964	5526
-969	5525
-974	5524
-979	5523
-984	5521
-989	5519
-994	5518
-999	5517
-1004	5515
-1010	5515
-1014	5513
-1019	5509
-1024	5508
-1029	5507
-1034	5505
-1039	5505
-1044	5503
-1049	5503
-1054	5502
-1059	5499
-1064	5498
-1069	5497
-1074	5495
-1078	5493
-1083	5492
-1089	5491
-1094	5491
-1099	5491
-1104	5487
-1108	5485
-1113	5484
-1118	5482
-1123	5481
-1128	5478
-1132	5476
-1137	5475
-1142	5473
-1147	5472
-1153	5471
-1157	5470
-1162	5467
-1166	5462
-1171	5460
-1176	5460
-1181	5459
-1185	5455
-1190	5453
-1195	5450
-1199	5448
-1205	5447
-1209	5446
-1215	5445
-1220	5445
-1224	5442
-1229	5441
-1234	5439
-1239	5436
-1243	5433
-1247	5430
-1252	5428
-1257	5427
-1262	5426
-1268	5425
-1273	5425
-1278	5423
-1283	5422
-1288	5421
-1293	5419
-1298	5418
-1302	5415
-1307	5414
-1312	5411
-1316	5409
-1321	5408
-1326	5407
-1331	5404
-1336	5403
-1341	5401
-1345	5397
-1349	5395
-1355	5394
-1359	5392
-1365	5391
-1370	5391
-1375	5390
-1379	5387
-1384	5384
-1388	5382
-1393	5380
-1398	5378
-1403	5376
-1407	5374
-1412	5371
-1417	5369
-1422	5368
-1426	5366
-1431	5365
-1436	5363
-1441	5361
-1446	5359
-1450	5356
-1454	5352
-1459	5350
-1463	5347
-1468	5346
-1473	5344
-1478	5342
-1482	5340
-1487	5337
-1491	5333
-1495	5331
-1501	5331
-1506	5330
-1511	5329
-1516	5327
-1520	5324
-1522	5315
-1526	5311
-1530	5308
-1535	5307
-1541	5308
-1547	5308
-1551	5306
-1556	5304
-1561	5301
-1565	5299
-1569	5295
-1574	5292
-1578	5289
-1582	5285
-1586	5282
-1590	5278
-1594	5275
-1598	5272
-1602	5268
-1606	5264
-1611	5262
-1615	5259
-1619	5255
-1623	5252
-1627	5249
-1632	5247
-1636	5244
-1640	5240
-1644	5236
-1648	5233
-1652	5230
-1657	5228
-1662	5227
-1667	5225
-1671	5223
-1677	5223
-1681	5221
-1685	5216
-1688	5212
-1693	5210
-1698	5209
-1703	5208
-1708	5205
-1711	5201
-1715	5197
-1720	5196
-1725	5194
-1730	5192
-1733	5188
-1738	5186
-1742	5183
-1746	5180
-1751	5178
-1756	5177
-1761	5176
-1765	5171
-1769	5168
-1772	5164
-1776	5159
-1780	5156
-1784	5152
-1787	5147
-1791	5143
-1794	5139
-1797	5134
-1800	5129
-1804	5126
-1809	5124
-1813	5121
-1817	5118
-1822	5116
-1826	5113
-1830	5111
-1834	5107
-1838	5103
-1842	5100
-1846	5098
-1850	5095
-1855	5092
-1859	5089
-1863	5087
-1868	5084
-1872	5082
-1877	5079
-1882	5078
-1883	5070
-1886	5065
-1891	5064
-1897	5064
-1901	5061
-1906	5059
-1911	5057
-1916	5057
-1920	5054
-1925	5052
-1930	5051
-1935	5049
-1939	5047
-1943	5044
-1948	5041
-1950	5035
-1952	5029
-1956	5026
-1961	5024
-1964	5019
-1968	5017
-1973	5015
-1977	5011
-1979	5006
-1983	5002
-1986	4996
-1989	4992
-1993	4989
-1998	4987
-2002	4985
-2006	4982
-2011	4980
-2016	4979
-2020	4976
-2024	4973
-2028	4970
-2032	4967
-2036	4963
-2039	4960
-2043	4956
-2049	4955
-2052	4951
-2056	4948
-2060	4945
-2064	4941
-2068	4939
-2072	4936
-2075	4932
-2079	4928
-2082	4924
-2087	4922
-2090	4918
-2094	4915
-2098	4912
-2103	4910
-2107	4908
-2112	4905
-2115	4902
-2118	4897
-2122	4894
-2127	4892
-2131	4889
-2135	4886
-2138	4881
-2141	4878
-2145	4875
-2150	4872
-2154	4869
-2158	4867
-2162	4863
-2166	4860
-2169	4857
-2173	4853
-2176	4850
-2180	4846
-2184	4843
-2188	4840
-2192	4837
-2196	4834
-2201	4832
-2205	4830
-2208	4825
-2211	4821
-2214	4817
-2217	4811
-2220	4808
-2224	4804
-2228	4802
-2232	4798
-2235	4794
-2238	4789
-2242	4786
-2246	4784
-2250	4781
-2252	4775
-2255	4771
-2259	4769
-2265	4767
-2268	4763
-2271	4759
-2275	4756
-2280	4754
-2283	4751
-2287	4748
-2290	4744
-2294	4740
-2298	4737
-2301	4733
-2303	4728
-2307	4724
-2311	4721
-2315	4718
-2317	4714
-2320	4709
-2325	4707
-2330	4706
-2333	4702
-2336	4697
-2339	4693
-2343	4690
-2347	4687
-2350	4684
-2354	4680
-2357	4676
-2359	4671
-2362	4667
-2366	4664
-2370	4661
-2375	4659
-2379	4656
-2382	4652
-2385	4648
-2389	4645
-2393	4642
-2397	4639
-2400	4635
-2402	4630
-2404	4625
-2407	4620
-2412	4618
-2417	4617
-2422	4615
-2426	4612
-2427	4606
-2433	4605
-2435	4600
-2439	4597
-2443	4594
-2446	4591
-2450	4588
-2455	4585
-2458	4582
-2462	4579
-2466	4576
-2467	4570
-2470	4565
-2473	4562
-2478	4559
-2481	4555
-2484	4551
-2486	4546
-2490	4543
-2492	4538
-2494	4533
-2497	4529
-2502	4527
-2505	4523
-2509	4520
-2512	4516
-2515	4512
-2518	4508
-2522	4505
-2525	4501
-2528	4497
-2531	4493
-2533	4489
-2536	4485
-2539	4481
-2542	4476
-2544	4471
-2548	4468
-2551	4464
-2554	4460
-2556	4455
-2559	4451
-2562	4448
-2565	4444
-2568	4440
-2572	4436
-2575	4433
-2580	4431
-2583	4427
-2586	4423
-2589	4419
-2592	4415
-2596	4412
-2598	4407
-2600	4402
-2602	4397
-2605	4393
-2609	4390
-2612	4387
-2615	4383
-2618	4379
-2621	4374
-2624	4371
-2627	4367
-2630	4364
-2633	4360
-2636	4355
-2639	4351
-2642	4348
-2645	4344
-2648	4340
-2651	4336
-2654	4332
-2656	4327
-2659	4323
-2662	4320
-2664	4315
-2666	4310
-2668	4305
-2670	4300
-2674	4297
-2678	4294
-2681	4291
-2684	4287
-2686	4282
-2686	4275
-2687	4269
-2689	4265
-2691	4260
-2694	4256
-2697	4253
-2700	4249
-2703	4245
-2705	4240
-2707	4235
-2710	4231
-2712	4227
-2715	4223
-2717	4218
-2719	4214
-2723	4210
-2725	4206
-2729	4203
-2730	4198
-2732	4192
-2735	4189
-2738	4185
-2741	4182
-2743	4177
-2744	4171
-2747	4167
-2750	4164
-2753	4160
-2756	4157
-2758	4152
-2760	4147
-2762	4143
-2765	4138
-2768	4135
-2770	4131
-2772	4126
-2774	4121
-2776	4117
-2779	4113
-2782	4109
-2784	4105
-2787	4100
-2788	4095
-2791	4091
-2794	4088
-2795	4083
-2799	4079
-2800	4074
-2803	4070
-2805	4066
-2808	4062
-2810	4057
-2812	4053
-2814	4049
-2817	4044
-2819	4040
-2821	4036
-2824	4032
-2827	4028
-2830	4025
-2833	4021
-2837	4018
-2839	4013
-2840	4008
-2843	4004
-2844	3999
-2845	3994
-2847	3989
-2849	3985
-2851	3981
-2853	3976
-2854	3971
-2857	3967
-2859	3963
-2862	3959
-2862	3952
-2862	3947
-2864	3942
-2866	3938
-2869	3934
-2870	3929
-2871	3924
-2873	3919
-2875	3915
-2877	3911
-2879	3906
-2881	3902
-2883	3898
-2884	3892
-2885	3887
-2888	3883
-2890	3879
-2892	3875
-2894	3870
-2896	3866
-2897	3861
-2899	3856
-2902	3853
-2904	3848
-2905	3843
-2907	3839
-2910	3835
-2911	3830
-2911	3825
-2912	3819
-2912	3814
-2914	3809
-2915	3804
-2917	3800
-2920	3796
-2922	3792
-2925	3788
-2925	3783
-2924	3777
-2925	3772
-2927	3767
-2930	3764
-2931	3759
-2934	3755
-2937	3752
-2937	3746
-2940	3742
-2945	3740
-2949	3737
-2951	3733
-2953	3729
-2957	3726
-2960	3722
-2961	3717
-2961	3711
-2960	3705
-2960	3700
-2963	3696
-2964	3691
-2963	3685
-2965	3681
-2963	3674
-2963	3668
-2964	3663
-2964	3658
-2965	3653
-2966	3648
-2967	3643
-2967	3638
-2968	3633
-2967	3626
-2965	3620
-2967	3616
-2970	3612
-2970	3607
-2970	3601
-2970	3596
-2970	3590
-2967	3583
-2965	3576
-2966	3571
-2968	3567
-2969	3562
-2969	3557
-2969	3552
-2969	3546
-2968	3540
-2968	3535
-2968	3530
-2968	3525
-2966	3518
-2969	3514
-2968	3509
-2967	3502
-2968	3498
-2971	3495
-2971	3489
-2970	3483
-2970	3478
-2971	3474
-2970	3468
-2968	3461
-2970	3457
-2971	3453
-2973	3448
-2968	3440
-2967	3435
-2968	3430
-2969	3425
-2971	3422
-2972	3417
-2971	3411
-2972	3407
-2972	3401
-2971	3396
-2972	3391
-2971	3386
-2972	3381
-2971	3375
-2970	3370
-2967	3363
-2967	3358
-2966	3352
-2964	3346
-2962	3340
-2962	3335
-2963	3330
-2966	3327
-2964	3321
-2965	3316
-2965	3312
-2966	3307
-2965	3302
-2966	3297
-2966	3292
-2961	3284
-2959	3279
-2959	3273
-2961	3270
-2963	3266
-2962	3260
-2961	3255
-2960	3250
-2961	3245
-2961	3240
-2961	3235
-2961	3231
-2961	3225
-2958	3219
-2958	3214
-2957	3209
-2956	3204
-2956	3199
-2957	3194
-2957	3189
-2956	3184
-2955	3179
-2956	3175
-2957	3170
-2957	3165
-2956	3160
-2957	3156
-2958	3152
-2957	3147
-2957	3142
-2957	3137
-2957	3132
-2955	3127
-2953	3121
-2952	3116
-2953	3111
-2954	3107
-2954	3103
-2953	3097
-2951	3092
-2949	3086
-2948	3081
-2948	3076
-2949	3072
-2950	3068
-2948	3062
-2949	3058
-2949	3054
-2948	3049
-2948	3044
-2946	3038
-2946	3034
-2948	3030
-2949	3026
-2947	3020
-2943	3014
-2940	3008
-2941	3004
-2942	3000
-2942	2995
-2937	2989
-2937	2984
-2939	2980
-2940	2976
-2940	2972
-2938	2966
-2936	2961
-2936	2956
-2936	2952
-2936	2947
-2936	2943
-2934	2937
-2934	2933
-2935	2929
-2937	2925
-2934	2920
-2932	2915
-2931	2910
-2931	2905
-2930	2900
-2929	2895
-2929	2891
-2928	2886
-2928	2882
-2929	2878
-2930	2874
-2929	2869
-2928	2864
-2927	2859
-2926	2855
-2924	2849
-2923	2844
-2922	2840
-2923	2836
-2921	2831
-2922	2827
-2923	2823
-2921	2818
-2921	2813
-2920	2809
-2920	2804
-2919	2800
-2917	2795
-2917	2790
-2916	2786
-2916	2781
-2917	2777
-2916	2773
-2915	2768
-2914	2763
-2914	2759
-2913	2755
-2913	2750
-2913	2746
-2915	2742
-2914	2738
-2914	2733
-2914	2729
-2913	2725
-2914	2721
-2912	2716
-2913	2712
-2911	2707
-2910	2703
-2909	2698
-2910	2694
-2908	2689
-2907	2685
-2903	2679
-2902	2675
-2901	2670
-2898	2665
-2898	2661
-2897	2656
-2898	2653
-2900	2649
-2899	2645
-2897	2640
-2897	2636
-2895	2631
-2895	2627
-2894	2622
-2893	2618
-2892	2614
-2892	2609
-2890	2605
-2890	2601
-2890	2596
-2890	2592
-2890	2588
-2889	2584
-2888	2579
-2888	2575
-2888	2571
-2889	2568
-2887	2563
-2884	2558
-2882	2553
-2881	2549
-2882	2545
-2884	2541
-2884	2538
-2882	2533
-2880	2528
-2880	2524
-2881	2521
-2880	2516
-2881	2512
-2880	2508
-2878	2504
-2876	2499
-2877	2495
-2876	2491
-2875	2487
-2875	2483
-2875	2479
-2873	2474
-2873	2470
-2874	2467
-2873	2462
-2871	2458
-2867	2453
-2866	2449
-2867	2445
-2866	2441
-2864	2436
-2862	2432
-2862	2428
-2861	2424
-2863	2420
-2863	2416
-2863	2413
-2863	2409
-2862	2404
-2861	2400
-2861	2396
-2859	2392
-2858	2388
-2858	2384
-2857	2380
-2857	2376
-2855	2371
-2853	2367
-2850	2363
-2849	2358
-2848	2354
-2847	2350
-2847	2346
-2847	2342
-2846	2338
-2845	2334
-2844	2330
-2842	2326
-2841	2322
-2843	2318
-2843	2315
-2842	2310
-2840	2306
-2839	2302
-2837	2298
-2838	2294
-2839	2291
-2837	2287
-2837	2283
-2837	2279
-2837	2275
-2835	2271
-2835	2267
-2834	2263
-2833	2259
-2832	2255
-2831	2251
-2829	2247
-2827	2243
-2826	2239
-2827	2235
-2826	2231
-2827	2228
-2827	2224
-2826	2220
-2826	2216
-2825	2212
-2824	2208
-2823	2204
-2822	2200
-2821	2197
-2819	2193
-2818	2189
-2818	2185
-2817	2181
-2817	2177
-2817	2173
-2816	2170
-2816	2166
-2815	2162
-2813	2158
-2812	2154
-2812	2150
-2812	2147
-2812	2143
-2811	2139
-2811	2135
-2811	2132
-2811	2128
-2811	2124
-2809	2120
-2807	2116
-2806	2112
-2806	2109
-2805	2105
-2804	2101
-2803	2097
-2801	2093
-2800	2089
-2800	2086
-2799	2082
-2798	2078
-2797	2074
-2797	2071
-2799	2067
-2800	2064
-2799	2060
-2797	2056
-2798	2052
-2796	2049
-2796	2045
-2796	2041
-2799	2038
-2797	2034
-2795	2030
-2794	2026
-2793	2023
-2790	2019
-2789	2015
-2789	2011
-2789	2008
-2789	2004
-2787	2000
-2786	1996
-2786	1993
-2786	1989
-2783	1985
-2779	1981
-2778	1978
-2779	1974
-2777	1970
-2776	1967
-2778	1963
-2776	1959
-2776	1956
-2775	1952
-2774	1948
-2774	1945
-2773	1941
-2773	1937
-2773	1934
-2769	1930
-2769	1926
-2768	1923
-2767	1919
-2767	1915
-2767	1912
-2768	1908
-2768	1905
-2767	1901
-2767	1898
-2766	1894
-2765	1890
-2764	1887
-2763	1883
-2762	1879
-2761	1876
-2759	1872
-2759	1868
-2758	1865
-2758	1861
-2757	1858
-2755	1854
-2756	1851
-2756	1847
-2755	1843
-2754	1840
-2754	1836
-2754	1833
-2754	1829
-2753	1826
-2752	1822
-2751	1818
-2751	1815
-2750	1811
-2750	1808
-2749	1804
-2749	1801
-2748	1797
-2746	1793
-2746	1790
-2746	1786
-2746	1783
-2746	1779
-2745	1776
-2744	1772
-2744	1769
-2744	1765
-2744	1762
-2742	1758
-2741	1754
-2740	1751
-2739	1747
-2738	1744
-2737	1740
-2738	1737
-2738	1733
-2738	1730
-2737	1726
-2736	1723
-2735	1719
-2734	1716
-2731	1712
-2728	1709
-2728	1705
-2729	1702
-2727	1698
-2727	1695
-2728	1691
-2728	1688
-2727	1684
-2725	1681
-2725	1677
-2724	1674
-2723	1670
-2722	1667
-2721	1663
-2720	1660
-2717	1656
-2716	1653
-2717	1649
-2718	1646
-2717	1642
-2715	1639
-2715	1635
-2713	1632
-2712	1629
-2710	1625
-2709	1622
-2708	1618
-2707	1615
-2708	1611
-2707	1608
-2708	1604
-2709	1601
-2708	1597
-2706	1594
-2704	1590
-2703	1587
-2704	1584
-2704	1580
-2704	1577
-2704	1573
-2702	1570
-2700	1566
-2699	1563
-2699	1559
-2696	1556
-2695	1553
-2692	1549
-2692	1546
-2693	1542
-2693	1539
-2692	1536
-2690	1532
-2689	1529
-2689	1525
-2689	1522
-2690	1518
-2689	1515
-2688	1512
-2686	1508
-2685	1505
-2684	1501
-2683	1498
-2683	1495
-2683	1491
-2681	1488
-2679	1485
-2679	1481
-2680	1478
-2679	1474
-2678	1471
-2677	1467
-2674	1464
-2674	1461
-2674	1457
-2672	1454
-2670	1451
-2670	1447
-2669	1444
-2667	1441
-2669	1437
-2669	1434
-2667	1430
-2667	1427
-2667	1423
-2666	1420
-2666	1417
-2664	1413
-2663	1410
-2663	1407
-2662	1403
-2661	1400
-2659	1397
-2657	1393
-2658	1390
-2657	1386
-2657	1383
-2656	1380
-2654	1376
-2652	1373
-2652	1370
-2652	1366
-2651	1363
-2649	1360
-2649	1356
-2645	1353
-2644	1350
-2642	1347
-2642	1343
-2641	1340
-2641	1337
-2643	1333
-2643	1330
-2642	1326
-2639	1323
-2638	1320
-2636	1317
-2637	1313
-2636	1310
-2637	1306
-2633	1303
-2631	1300
-2630	1297
-2630	1293
-2627	1290
-2628	1287
-2627	1284
-2627	1280
-2625	1277
-2624	1274
-2622	1271
-2620	1267
-2621	1264
-2620	1260
-2619	1257
-2616	1254
-2616	1251
-2616	1247
-2614	1244
-2613	1241
-2612	1238
-2612	1234
-2609	1231
-2609	1228
-2607	1225
-2605	1222
-2606	1218
-2606	1215
-2605	1211
-2604	1208
-2603	1205
-2602	1202
-2602	1198
-2601	1195
-2600	1192
-2599	1188
-2597	1185
-2596	1182
-2596	1178
-2595	1175
-2594	1172
-2591	1169
-2590	1166
-2591	1162
-2590	1159
-2589	1156
-2589	1152
-2589	1149
-2588	1145
-2586	1142
-2585	1139
-2583	1136
-2580	1133
-2580	1130
-2580	1126
-2580	1123
-2579	1120
-2578	1117
-2577	1113
-2577	1110
-2575	1107
-2574	1104
-2574	1100
-2573	1097
-2572	1093
-2570	1090
-2570	1087
-2569	1084
-2568	1080
-2568	1077
-2567	1074
-2566	1071
-2564	1068
-2562	1065
-2561	1061
-2560	1058
-2560	1055
-2558	1052
-2557	1048
-2555	1045
-2554	1042
-2554	1039
-2553	1035
-2552	1032
-2551	1029
-2551	1025
-2549	1022
-2547	1019
-2545	1016
-2544	1013
-2544	1010
-2543	1007
-2543	1003
-2541	1000
-2540	997
-2539	994
-2539	990
-2538	987
-2536	984
-2534	981
-2533	978
-2533	974
-2530	972
-2529	968
-2528	965
-2527	962
-2527	958
-2528	955
-2527	951
-2526	948
-2524	945
-2525	941
-2525	938
-2523	935
-2521	932
-2520	929
-2519	926
-2518	922
-2517	919
-2516	916
-2514	913
-2514	909
-2513	906
-2513	903
-2514	899
-2512	896
-2510	893
-2509	890
-2508	887
-2506	883
-2504	880
-2503	877
-2503	874
-2503	870
-2502	867
-2502	864
-2501	860
-2500	857
-2499	854
-2499	850
-2498	847
-2496	844
-2494	841
-2493	838
-2493	834
-2493	831
-2494	827
-2493	823
-2490	821
-2489	818
-2489	814
-2489	811
-2489	807
-2488	804
-2485	801
-2483	798
-2482	795
-2482	792
-2482	788
-2480	785
-2480	781
-2479	778
-2477	775
-2476	772
-2475	769
-2474	766
-2474	762
-2473	759
-2473	755
-2473	751
-2472	748
-2470	745
-2468	742
-2467	739
-2466	736
-2464	733
-2463	730
-2462	726
-2462	723
-2460	720
-2459	717
-2458	714
-2457	710
-2455	707
-2452	705
-2450	702
-2450	699
-2448	695
-2447	692
-2446	689
-2442	687
-2442	683
-2442	680
-2441	676
-2439	674
-2437	671
-2435	668
-2435	664
-2434	661
-2432	658
-2432	654
-2431	651
-2431	647
-2430	644
-2426	642
-2425	639
-2425	635
-2424	632
-2422	629
-2419	626
-2419	623
-2418	619
-2416	617
-2415	614
-2413	611
-2412	607
-2411	604
-2409	601
-2408	598
-2405	596
-2405	592
-2403	589
-2403	586
-2401	582
-2401	579
-2400	575
-2400	572
-2399	568
-2398	565
-2397	562
-2396	558
-2396	555
-2394	552
-2393	549
-2391	546
-2390	543
-2388	540
-2387	536
-2385	533
-2385	530
-2383	527
-2382	524
-2380	521
-2379	518
-2378	514
-2376	511
-2376	508
-2374	505
-2373	502
-2371	499
-2370	496
-2368	493
-2367	489
-2367	486
-2365	483
-2364	479
-2363	476
-2361	473
-2360	470
-2358	467
-2356	464
-2356	460
-2355	457
-2354	453
-2353	450
-2352	447
-2351	443
-2349	440
-2348	437
-2348	434
-2346	431
-2345	428
-2344	424
-2344	420
-2343	417
-2342	413
-2341	410
-2339	407
-2336	405
-2334	402
-2334	398
-2334	394
-2331	392
-2331	388
-2330	385
-2329	381
-2328	378
-2325	375
-2324	372
-2321	370
-2319	367
-2319	363
-2318	359
-2318	356
-2317	353
-2316	349
-2314	346
-2311	344
-2310	340
-2309	337
-2307	334
-2305	331
-2304	328
-2303	324
-2301	321
-2300	318
-2299	315
-2296	313
-2296	309
-2295	305
-2293	302
-2291	300
-2290	296
-2289	292
-2288	289
-2287	286
-2286	282
-2285	279
-2283	276
-2281	273
-2279	270
-2279	266
-2278	263
-2277	259
-2276	256
-2275	253
-2275	248
-2275	244
-2273	241
-2272	238
-2271	234
-2270	231
-2266	229
-2263	227
-2258	226
-2254	225
-2250	223
-2249	219
-2249	216
-2248	212
-2245	210
-2244	206
-2243	203
-2241	200
-2240	197
-2240	193
-2239	189
-2237	186
-2234	183
-2233	181
-2231	177
-2230	174
-2229	170
-2229	166
-2227	163
-2225	161
-2223	158
-2221	154
-2221	150
-2220	147
-2218	144
-2217	141
-2215	138
-2213	135
-2211	132
-2208	129
-2207	126
-2207	122
-2205	119
-2203	116
-2200	114
-2198	111
-2196	108
-2196	104
-2194	101
-2192	98
-2191	95
-2188	92
-2188	88
-2186	85
-2186	81
-2185	77
-2183	75
-2181	72
-2179	68
-2179	64
-2178	60
-2177	57
-2174	55
-2173	51
-2173	47
-2171	44
-2168	41
-2166	39
-2164	36
-2162	33
-2160	30
-2158	27
-2158	23
-2158	18
-2158	14
-2156	11
-2153	9
-2152	5
-2149	3
-2149	-1
-2147	-5
-2146	-8
-2144	-11
-2143	-15
-2141	-18
-2140	-22
-2138	-25
-2136	-28
-2135	-32
-2133	-34
-2130	-36
-2128	-39
-2126	-43
-2125	-46
-2123	-49
-2123	-54
-2123	-58
-2122	-62
-2118	-63
-2116	-66
-2115	-70
-2115	-75
-2115	-79
-2113	-83
-2110	-85
-2108	-87
-2106	-91
-2105	-94
-2104	-98
-2102	-101
-2101	-105
-2099	-108
-2099	-113
-2097	-116
-2095	-119
-2094	-123
-2091	-125
-2090	-129
-2090	-133
-2085	-133
-2076	-131
-2069	-129
-2064	-129
-2063	-133
-2061	-136
-2054	-134
-2046	-132
-2041	-132
-2039	-135
-2035	-136
-2032	-139
-2029	-141
-2027	-143
-2024	-145
-2017	-144
-2008	-140
-2002	-139
-1999	-141
-1996	-144
-1996	-147
-1993	-150
-1989	-150
-1984	-151
-1979	-151
-1969	-146
-1963	-145
-1958	-145
-1954	-146
-1951	-148
-1948	-150
-1946	-153
-1944	-155
-1939	-156
-1932	-153
-1925	-152
-1920	-151
-1915	-151
-1913	-154
-1907	-154
-1896	-147
-1891	-147
-1887	-148
-1883	-148
-1878	-149
-1875	-150
-1872	-152
-1870	-155
-1869	-158
-1859	-153
-1851	-150
-1847	-151
-1844	-153
-1835	-148
-1830	-148
-1826	-148
-1823	-150
-1819	-151
-1815	-151
-1813	-154
-1810	-156
-1808	-158
-1807	-162
-1797	-156
-1786	-149
-1779	-147
-1775	-148
-1773	-150
-1770	-152
-1766	-152
-1762	-153
-1756	-151
-1749	-148
-1745	-149
-1743	-151
-1739	-152
-1735	-152
-1731	-153
-1725	-151
-1716	-146
-1710	-144
-1706	-145
-1702	-146
-1699	-146
-1695	-147
-1692	-148
-1689	-150
-1686	-152
-1679	-148
-1675	-149
-1673	-151
-1668	-151
-1660	-146
-1656	-146
-1653	-148
-1651	-150
-1648	-151
-1646	-154
-1645	-158
-1642	-160
-1639	-160
-1628	-153
-1622	-151
-1616	-149
-1613	-150
-1613	-155
-1609	-155
-1605	-155
-1602	-157
-1601	-160
-1598	-161
-1590	-157
-1586	-156
-1583	-159
-1581	-161
-1576	-159
-1564	-150
-1561	-151
-1558	-153
-1557	-156
-1554	-157
-1552	-160
-1554	-167
-1550	-167
-1546	-167
-1542	-167
-1538	-168
-1535	-168
-1532	-169
-1529	-171
-1526	-172
-1520	-170
-1515	-168
-1507	-163
-1501	-160
-1495	-158
-1492	-159
-1489	-161
-1488	-163
-1486	-166
-1477	-159
-1467	-151
-1461	-149
-1460	-153
-1459	-156
-1460	-162
-1460	-167
-1449	-158
-1443	-156
-1434	-148
-1430	-148
-1430	-153
-1427	-154
-1424	-155
-1420	-155
-1417	-155
-1414	-157
-1412	-159
-1410	-161
-1408	-163
-1404	-163
-1402	-165
-1401	-169
-1397	-169
-1394	-170
-1391	-171
-1386	-169
-1383	-170
-1379	-170
-1378	-173
-1375	-174
-1372	-174
-1368	-175
-1365	-175
-1362	-177
-1360	-179
-1356	-179
-1351	-176
-1346	-175
-1343	-176
-1341	-178
-1339	-180
-1337	-183
-1332	-180
-1326	-177
-1321	-174
-1316	-173
-1313	-173
-1310	-173
-1307	-175
-1304	-176
-1298	-173
-1289	-163
-1285	-163
-1282	-163
-1279	-164
-1276	-166
-1273	-166
-1269	-165
-1265	-165
-1262	-164
-1259	-165
-1255	-165
-1252	-165
-1249	-166
-1246	-166
-1243	-168
-1239	-167
-1236	-167
-1232	-167
-1229	-167
-1226	-168
-1223	-168
-1219	-168
-1216	-168
-1213	-168
-1210	-169
-1207	-170
-1203	-169
-1200	-169
-1197	-170
-1192	-168
-1188	-167
-1186	-169
-1183	-170
-1180	-171
-1178	-171
-1174	-170
-1169	-167
-1166	-169
-1164	-171
-1161	-172
-1157	-170
-1154	-170
-1151	-172
-1148	-172
-1145	-173
-1142	-172
-1139	-172
-1136	-173
-1132	-172
-1129	-173
-1126	-173
-1123	-174
-1120	-174
-1116	-173
-1114	-174
-1111	-174
-1108	-175
-1104	-174
-1101	-175
-1099	-176
-1095	-175
-1092	-175
-1088	-174
-1085	-175
-1083	-176
-1080	-177
-1077	-177
-1074	-178
-1071	-177
-1068	-178
-1064	-177
-1061	-177
-1058	-177
-1055	-178
-1052	-178
-1049	-178
-1045	-176
-1042	-177
-1040	-178
-1037	-178
-1034	-179
-1031	-180
-1028	-180
-1024	-179
-1021	-178
-1018	-178
-1015	-178
-1012	-179
-1009	-178
-1006	-179
-1003	-180
-999	-178
-996	-177
-993	-178
-991	-180
-989	-182
-986	-183
-982	-181
-980	-182
-977	-183
-975	-185
-973	-187
-971	-188
-967	-187
-961	-182
-952	-167
-936	-141
-931	-138
-930	-142
-929	-146
-929	-151
-927	-154
-925	-156
-923	-157
-921	-159
-915	-154
-906	-141
-902	-138
-899	-138
-897	-139
-895	-141
-893	-143
-895	-153
-894	-158
-890	-156
-884	-148
-878	-142
-874	-140
-870	-138
-867	-136
-863	-136
-860	-135
-857	-134
-855	-136
-853	-138
-868	-178
-783	-2
-779	2
-776	2
-773	3
-770	4
-768	4
-765	3
-762	4
-760	4
-757	4
-755	3
-752	4
-749	4
-746	5
-745	3
-742	2
-740	2
-737	3
-735	2
-733	0
-733	-7
-734	-15
-732	-17
-728	-13
-723	-8
-719	-4
-718	-9
-718	-15
-718	-21
-747	-124
-746	-129
-745	-133
-744	-137
-742	-140
-740	-142
-738	-143
-735	-143
-733	-144
-730	-144
-728	-145
-726	-147
-723	-147
-720	-148
-718	-149
-716	-150
-714	-152
-712	-153
-709	-154
-706	-154
-703	-153
-699	-148
-694	-142
-691	-140
-688	-140
-686	-142
-684	-145
-681	-145
-681	-151
-681	-159
-677	-156
-674	-155
-672	-155
-669	-154
-666	-154
-663	-155
-661	-155
-657	-153
-654	-150
-651	-149
-648	-147
-645	-148
-643	-150
-641	-151
-638	-150
-636	-152
-634	-154
-632	-157
-630	-160
-629	-164
-627	-165
-624	-165
-621	-164
-617	-158
-612	-152
-609	-149
-605	-147
-603	-148
-601	-151
-600	-156
-600	-166
-600	-175
-598	-176
-595	-176
-593	-176
-590	-176
-587	-173
-583	-171
-580	-170
-577	-169
-575	-168
-572	-168
-570	-171
-512	-4
-510	-4
-507	-4
-505	-5
-504	-10
-504	-19
-504	-30
-505	-40
-504	-49
-504	-57
-504	-66
-504	-75
-506	-94
-507	-105
-506	-114
-506	-124
-506	-132
-505	-140
-505	-148
-504	-156
-502	-159
-501	-163
-498	-164
-496	-167
-494	-169
-492	-168
-489	-170
-487	-171
-485	-172
-482	-172
-480	-173
-477	-171
-475	-172
-472	-171
-469	-171
-467	-172
-464	-170
-461	-170
-459	-170
-456	-171
-454	-171
-451	-172
-449	-172
-446	-171
-444	-172
-441	-172
-439	-172
-436	-170
-433	-170
-431	-170
-428	-172
-426	-171
-423	-172
-421	-172
-418	-172
-416	-171
-413	-172
-411	-171
-408	-172
-406	-171
-403	-171
-401	-171
-398	-171
-395	-171
-393	-171
-391	-172
-388	-171
-386	-172
-383	-172
-380	-172
-378	-171
-375	-169
-373	-171
-370	-170
-368	-170
-365	-170
-363	-171
-360	-170
-358	-170
-355	-170
-353	-169
-350	-171
-348	-171
-345	-170
-343	-170
-340	-171
-338	-175
-337	-183
-335	-184
-332	-183
-330	-184
-327	-185
-325	-185
-322	-184
-320	-184
-317	-184
-315	-184
-312	-183
-310	-184
-307	-184
-305	-184
-302	-185
-300	-184
-297	-184
-295	-184
-292	-184
-290	-184
-287	-185
-285	-184
-282	-184
-280	-184
-277	-185
-275	-184
-272	-184
-270	-185
-267	-184
-265	-184
-262	-183
-260	-184
-257	-184
-255	-185
-253	-186
-250	-186
-248	-185
-245	-184
-243	-185
-240	-185
-238	-184
-235	-184
-233	-184
-230	-185
-228	-185
-225	-185
-223	-185
-220	-185
-218	-184
-215	-183
-213	-183
-210	-183
-208	-184
-205	-185
-203	-184
-200	-184
-198	-184
-195	-184
-193	-184
-191	-184
-188	-184
-186	-184
-183	-185
-181	-185
-178	-184
-176	-184
-173	-184
-171	-183
-168	-184
-166	-184
-163	-185
-161	-185
-158	-184
-156	-184
-154	-184
-151	-184
-149	-186
-146	-186
-144	-186
-141	-185
-139	-185
-136	-185
-134	-184
-131	-184
-129	-185
-126	-185
-124	-184
-122	-184
-119	-184
-117	-185
-114	-184
-112	-184
-109	-184
-107	-184
-104	-184
-102	-184
-99	-183
-97	-184
-94	-183
-92	-184
-90	-184
-87	-184
-85	-184
-82	-184
-80	-184
-77	-184
-75	-184
-72	-184
-70	-184
-67	-184
-65	-184
-63	-183
-60	-183
-58	-183
-55	-184
-53	-185
-50	-185
-48	-185
-45	-184
-40	-184
-38	-183
-36	-184
-33	-184
-31	-184
-28	-184
-26	-184
-23	-184
-21	-184
-18	-185
-16	-186
-13	-185
-11	-185
-9	-184
-6	-183
-4	-184
-1	-183
1	-184
4	-184
6	-184
9	-184
11	-185
14	-185
16	-185
19	-185
21	-185
23	-184
26	-184
28	-185
31	-185
33	-185
36	-184
38	-184
41	-185
43	-186
46	-185
48	-184
51	-185
53	-186
56	-186
58	-185
60	-185
63	-185
65	-185
68	-184
70	-184
73	-184
75	-185
78	-184
80	-184
83	-185
85	-186
88	-186
90	-185
92	-184
95	-184
97	-183
100	-183
102	-184
105	-185
107	-185
110	-184
112	-185
115	-185
117	-185
120	-184
122	-185
125	-184
127	-184
130	-184
132	-183
134	-184
137	-183
139	-184
142	-185
144	-185
147	-183
149	-183
152	-184
154	-184
157	-184
159	-184
162	-184
164	-184
167	-185
169	-185
172	-185
174	-185
177	-185
179	-186
182	-185
184	-184
187	-185
189	-185
192	-186
194	-185
197	-184
199	-184
202	-184
204	-184
207	-185
209	-184
212	-183
214	-184
217	-184
219	-183
222	-184
224	-185
227	-185
229	-184
232	-184
234	-185
237	-185
240	-185
242	-185
244	-185
247	-183
249	-184
252	-184
254	-184
257	-185
260	-184
262	-184
265	-185
267	-185
270	-184
272	-184
275	-185
277	-184
280	-183
282	-181
284	-180
286	-178
288	-175
290	-172
292	-169
294	-167
297	-167
299	-166
301	-162
303	-161
306	-162
309	-164
312	-165
314	-165
317	-166
319	-166
322	-168
325	-169
327	-168
330	-168
333	-168
335	-169
338	-172
341	-171
343	-170
346	-170
348	-169
350	-169
353	-168
356	-169
358	-169
361	-170
363	-170
366	-170
369	-170
371	-169
373	-169
376	-170
379	-171
381	-170
384	-170
387	-171
389	-170
392	-171
395	-171
397	-171
400	-172
402	-171
405	-170
407	-170
410	-170
413	-171
415	-171
418	-171
421	-172
423	-170
425	-170
428	-170
430	-169
433	-170
436	-171
439	-171
441	-172
444	-171
446	-169
448	-169
449	-160
451	-159
453	-158
457	-160
459	-160
462	-160
464	-160
467	-161
470	-161
472	-161
475	-161
478	-161
480	-161
484	-164
488	-168
490	-168
493	-168
495	-167
497	-165
500	-163
501	-161
504	-159
504	-153
504	-144
505	-138
505	-129
506	-123
506	-116
506	-108
506	-100
504	-85
504	-76
504	-68
504	-60
505	-54
505	-47
504	-37
504	-29
504	-22
504	-14
504	-8
506	-5
508	-4
511	-4
514	-6
577	-171
580	-172
583	-173
586	-174
589	-174
592	-175
595	-175
597	-175
601	-176
603	-176
605	-173
607	-171
610	-171
612	-170
614	-168
617	-168
618	-163
617	-154
619	-150
621	-149
624	-150
627	-151
631	-153
634	-155
641	-166
644	-166
646	-165
649	-166
652	-166
655	-166
659	-169
664	-175
665	-171
667	-168
668	-164
669	-159
671	-157
674	-157
677	-159
681	-160
682	-156
684	-154
687	-154
689	-153
692	-153
696	-156
698	-155
701	-154
703	-152
705	-152
708	-152
711	-151
713	-150
715	-148
717	-146
720	-147
722	-145
725	-144
728	-144
730	-142
732	-142
735	-141
737	-140
739	-138
741	-136
742	-132
743	-127
743	-122
744	-117
745	-111
715	-15
716	-10
717	-7
720	-6
721	-4
723	-2
725	0
727	1
728	4
731	3
734	3
736	4
739	4
743	2
746	0
755	-2
759	-5
764	-3
767	-4
768	1
770	1
772	3
775	3
777	3
860	-141
864	-142
869	-147
877	-157
886	-168
892	-174
893	-170
888	-154
883	-138
881	-129
882	-124
883	-121
886	-120
889	-122
896	-127
911	-151
917	-158
920	-156
922	-155
925	-154
926	-151
926	-145
927	-141
929	-138
931	-136
934	-137
964	-187
967	-187
971	-187
974	-187
977	-186
979	-185
982	-183
985	-183
988	-182
990	-182
993	-181
996	-180
998	-179
1002	-179
1005	-179
1009	-180
1012	-179
1014	-179
1017	-177
1020	-178
1024	-179
1028	-179
1031	-180
1034	-179
1038	-179
1041	-179
1044	-178
1047	-178
1050	-179
1054	-179
1057	-178
1060	-178
1063	-177
1066	-177
1069	-176
1072	-176
1078	-180
1081	-179
1084	-179
1087	-178
1091	-179
1094	-179
1097	-179
1100	-178
1104	-178
1107	-178
1111	-178
1114	-179
1118	-179
1121	-179
1124	-178
1128	-178
1131	-179
1135	-179
1138	-179
1142	-179
1145	-178
1148	-178
1151	-178
1155	-178
1159	-179
1162	-178
1165	-177
1168	-177
1172	-177
1175	-177
1180	-179
1183	-178
1187	-178
1191	-179
1194	-178
1197	-178
1201	-179
1204	-178
1207	-177
1211	-178
1215	-178
1217	-176
1221	-176
1225	-177
1228	-177
1232	-178
1235	-177
1239	-177
1243	-177
1246	-177
1250	-177
1255	-178
1258	-178
1261	-177
1264	-176
1268	-176
1272	-177
1276	-178
1280	-178
1284	-178
1288	-178
1293	-181
1301	-186
1306	-188
1314	-194
1318	-194
1320	-192
1322	-189
1324	-187
1326	-185
1329	-183
1330	-180
1329	-173
1323	-160
1321	-152
1338	-171
1345	-174
1347	-172
1349	-170
1351	-167
1356	-169
1361	-171
1364	-170
1367	-168
1369	-166
1372	-165
1375	-164
1377	-161
1380	-159
1384	-160
1396	-170
1402	-173
1403	-170
1406	-168
1408	-165
1410	-163
1413	-161
1416	-160
1421	-162
1427	-164
1430	-164
1439	-170
1452	-181
1458	-184
1460	-181
1462	-178
1462	-173
1463	-170
1466	-168
1468	-166
1470	-164
1473	-162
1475	-159
1476	-156
1479	-155
1484	-156
1489	-157
1496	-160
1505	-165
1515	-173
1527	-182
1530	-180
1531	-177
1534	-175
1540	-178
1547	-180
1549	-178
1550	-175
1553	-173
1556	-171
1560	-171
1565	-172
1570	-173
1575	-173
1581	-175
1590	-180
1593	-180
1597	-179
1604	-182
1613	-187
1616	-185
1618	-183
1622	-182
1627	-182
1631	-182
1637	-185
1643	-185
1645	-183
1648	-182
1647	-176
1648	-172
1651	-170
1655	-169
1658	-168
1663	-168
1670	-171
1675	-172
1680	-172
1685	-173
1690	-173
1695	-174
1704	-179
1710	-180
1713	-179
1717	-178
1722	-178
1727	-178
1734	-181
1740	-181
1742	-179
1744	-177
1748	-175
1751	-174
1755	-173
1759	-172
1762	-171
1766	-170
1771	-169
1776	-170
1780	-170
1787	-171
1791	-171
1795	-170
1801	-171
1804	-169
1808	-168
1812	-168
1817	-167
1821	-167
1826	-167
1830	-166
1836	-167
1842	-168
1847	-168
1846	-162
1848	-159
1851	-157
1855	-157
1862	-158
1874	-165
1881	-166
1884	-164
1893	-169
1899	-169
1902	-167
1906	-166
1911	-166
1917	-167
1923	-168
1931	-170
1935	-170
1938	-167
1941	-165
1943	-162
1945	-159
1953	-162
1960	-163
1964	-162
1968	-161
1972	-159
1975	-158
1978	-156
1983	-155
1988	-155
1995	-156
2012	-167
2014	-164
2016	-160
2019	-158
2022	-156
2028	-156
2031	-155
2035	-153
2039	-152
2045	-152
2050	-152
2057	-153
2064	-154
2072	-156
2077	-156
2080	-154
2081	-149
2083	-146
2086	-144
2089	-142
2092	-139
2096	-138
2102	-138
2108	-138
2115	-139
2120	-139
2126	-139
2130	-138
2134	-136
2138	-135
2142	-133
2145	-130
2147	-127
2149	-124
2152	-121
2154	-119
2158	-117
2165	-118
2170	-117
2175	-116
2179	-115
2180	-111
2182	-107
2182	-103
2185	-100
2186	-96
2186	-92
2186	-87
2188	-83
2191	-81
2194	-79
2195	-74
2198	-72
2198	-67
2199	-63
2199	-59
2199	-54
2197	-48
2196	-42
2195	-37
2196	-33
2198	-30
2198	-25
2200	-22
2202	-19
2204	-16
2206	-12
2207	-9
2207	-4
2208	-0
2209	4
2211	7
2213	10
2215	13
2214	18
2213	24
2215	27
2216	30
2218	34
2220	37
2221	40
2222	45
2222	49
2223	53
2224	56
2226	60
2227	64
2228	67
2229	71
2230	75
2231	79
2229	84
2231	87
2231	92
2232	95
2234	99
2232	104
2234	108
2235	111
2236	115
2237	119
2239	122
2240	126
2240	130
2241	134
2242	138
2243	141
2244	145
2245	149
2246	152
2248	155
2249	159
2252	161
2253	165
2253	169
2254	173
2254	177
2254	181
2255	186
2257	189
2259	191
2260	195
2260	199
2261	203
2262	206
2262	211
2263	215
2265	218
2266	221
2268	224
2270	227
2271	230
2273	233
2274	237
2271	243
2271	247
2272	251
2274	254
2276	257
2278	260
2280	263
2281	267
2280	271
2280	276
2280	280
2282	283
2284	286
2286	289
2287	292
2286	297
2286	301
2287	305
2287	309
2288	312
2290	315
2291	319
2290	323
2290	327
2291	331
2291	336
2291	340
2293	342
2295	345
2296	349
2295	353
2298	356
2299	360
2297	365
2298	368
2301	370
2302	374
2304	377
2305	381
2304	385
2304	389
2305	392
2305	396
2305	400
2307	403
2307	407
2307	411
2307	415
2307	419
2307	423
2307	427
2308	431
2309	434
2310	438
2310	441
2311	445
2314	448
2316	450
2317	454
2318	457
2318	461
2319	465
2319	469
2320	472
2321	475
2323	478
2324	481
2324	485
2324	489
2325	493
2329	495
2329	498
2330	502
2330	506
2331	509
2333	512
2334	516
2334	519
2336	522
2336	526
2337	530
2339	533
2339	536
2341	539
2339	544
2341	547
2342	550
2343	554
2344	557
2346	560
2346	564
2347	567
2348	571
2348	574
2349	578
2349	581
2351	584
2351	588
2352	592
2353	595
2355	598
2354	602
2355	605
2356	609
2357	612
2357	616
2359	619
2358	623
2359	626
2359	630
2361	633
2362	636
2363	639
2365	643
2365	646
2367	649
2368	653
2368	656
2369	660
2369	663
2370	667
2371	670
2371	674
2372	677
2372	681
2374	684
2375	687
2374	691
2375	694
2377	697
2378	700
2379	704
2379	708
2380	711
2380	715
2380	718
2380	722
2382	725
2384	728
2383	732
2384	735
2385	738
2387	741
2387	745
2389	748
2390	751
2390	755
2390	759
2391	762
2392	765
2393	768
2393	772
2394	775
2396	778
2396	782
2397	785
2397	789
2398	792
2400	795
2400	799
2402	801
2402	805
2403	809
2403	812
2404	815
2405	819
2404	822
2405	826
2406	829
2407	832
2407	836
2406	840
2407	843
2409	846
2410	850
2410	853
2410	857
2411	860
2412	863
2414	866
2414	870
2415	873
2417	876
2417	879
2418	883
2418	886
2419	890
2421	892
2422	896
2423	899
2423	903
2423	906
2423	910
2423	913
2425	916
2428	919
2431	921
2431	925
2430	929
2430	932
2431	936
2432	939
2433	942
2435	945
2437	948
2437	952
2437	955
2438	958
2439	962
2441	965
2440	968
2442	971
2442	975
2443	978
2444	982
2444	985
2444	988
2446	991
2448	994
2447	998
2447	1002
2449	1005
2450	1008
2451	1011
2451	1015
2451	1018
2452	1022
2452	1025
2452	1028
2454	1031
2456	1034
2457	1038
2458	1041
2458	1045
2457	1048
2459	1051
2460	1054
2459	1058
2459	1062
2460	1065
2461	1068
2462	1071
2463	1075
2463	1078
2464	1081
2465	1085
2464	1088
2464	1092
2465	1095
2467	1098
2467	1102
2469	1105
2470	1108
2471	1111
2471	1115
2471	1118
2471	1122
2472	1125
2474	1128
2473	1131
2473	1135
2472	1139
2473	1142
2474	1145
2475	1148
2476	1152
2476	1155
2477	1158
2479	1161
2479	1165
2480	1168
2481	1171
2480	1175
2481	1178
2482	1182
2482	1185
2482	1188
2483	1192
2483	1195
2485	1198
2486	1201
2486	1205
2487	1208
2489	1211
2489	1215
2490	1218
2491	1221
2491	1225
2493	1228
2492	1231
2493	1235
2495	1238
2494	1241
2495	1245
2496	1248
2497	1251
2496	1255
2497	1258
2498	1261
2498	1265
2500	1268
2500	1271
2501	1274
2501	1278
2503	1281
2503	1284
2505	1288
2506	1291
2507	1294
2507	1297
2508	1301
2509	1304
2508	1308
2510	1311
2510	1314
2511	1318
2511	1321
2511	1324
2513	1328
2513	1331
2515	1334
2515	1337
2517	1341
2517	1344
2518	1347
2517	1351
2517	1354
2517	1358
2518	1361
2519	1364
2519	1368
2519	1371
2519	1375
2521	1378
2522	1381
2522	1384
2524	1388
2524	1391
2525	1394
2525	1398
2525	1401
2526	1405
2527	1408
2527	1411
2528	1415
2528	1418
2528	1421
2529	1425
2530	1428
2531	1431
2531	1435
2531	1438
2532	1442
2533	1445
2533	1448
2535	1452
2535	1455
2535	1458
2536	1462
2538	1465
2538	1468
2538	1472
2539	1475
2539	1478
2539	1482
2539	1485
2540	1489
2540	1492
2541	1495
2542	1499
2542	1502
2542	1506
2542	1509
2544	1512
2548	1515
2547	1519
2547	1522
2548	1526
2549	1529
2550	1532
2550	1536
2551	1539
2551	1543
2553	1546
2553	1549
2553	1553
2554	1556
2555	1559
2556	1563
2556	1566
2557	1570
2557	1573
2558	1576
2559	1580
2559	1583
2561	1587
2561	1590
2561	1593
2560	1597
2560	1600
2561	1604
2563	1607
2565	1610
2566	1614
2566	1617
2569	1621
2570	1624
2570	1627
2571	1631
2571	1634
2571	1638
2571	1641
2571	1645
2571	1648
2572	1651
2573	1655
2574	1658
2575	1662
2576	1665
2577	1669
2577	1672
2578	1676
2579	1679
2580	1682
2579	1686
2579	1689
2580	1693
2580	1696
2580	1700
