2484	1654
2485	1658
2484	1661
2485	1664
2485	1668
2485	1671
2487	1678
2486	1681
2486	1684
2487	1688
2488	1691
2489	1694
2489	1698
2490	1701
2491	1704
2492	1708
2491	1711
2491	1714
2491	1718
2491	1721
2492	1724
2492	1728
2492	1731
2493	1734
2494	1738
2493	1741
2493	1745
2493	1748
2493	1751
2494	1755
2494	1758
2494	1761
2495	1765
2495	1768
2494	1771
2495	1775
2495	1778
2495	1781
2495	1785
2496	1788
2496	1791
2497	1795
2497	1798
2498	1802
2498	1805
2499	1808
2500	1812
2501	1815
2501	1819
2502	1822
2503	1825
2502	1829
2502	1832
2505	1836
2507	1839
2507	1842
2507	1846
2507	1849
2508	1853
2508	1856
2509	1859
2510	1863
2509	1866
2510	1870
2510	1873
2513	1877
2511	1880
2511	1883
2513	1887
2513	1890
2513	1894
2512	1897
2512	1900
2512	1904
2513	1907
2515	1911
2514	1914
2514	1917
2515	1921
2517	1924
2517	1928
2517	1931
2518	1935
2518	1938
2518	1942
2517	1945
2517	1948
2519	1952
2519	1955
2519	1959
2520	1962
2519	1966
2519	1969
2520	1973
2520	1976
2520	1979
2520	1983
2520	1986
2521	1990
2521	1993
2521	1997
2521	2000
2522	2004
2523	2007
2523	2011
2523	2014
2523	2017
2524	2021
2523	2024
2523	2028
2524	2031
2524	2035
2524	2038
2523	2042
2524	2045
2524	2049
2526	2052
2526	2056
2527	2059
2526	2063
2526	2066
2526	2070
2526	2073
2525	2076
2526	2080
2526	2083
2528	2087
2528	2091
2529	2094
2530	2098
2528	2101
2528	2105
2529	2108
2529	2112
2528	2115
2528	2118
2527	2122
2528	2126
2530	2129
2531	2133
2532	2137
2532	2140
2532	2144
2532	2147
2532	2151
2531	2154
2532	2158
2534	2162
2535	2165
2535	2169
2535	2172
2535	2176
2535	2179
2536	2183
2537	2187
2537	2190
2538	2194
2539	2198
2539	2201
2538	2205
2537	2208
2538	2212
2538	2215
2538	2219
2539	2222
2538	2226
2538	2229
2538	2233
2539	2237
2542	2241
2541	2244
2541	2248
2542	2251
2542	2255
2542	2259
2541	2262
2543	2266
2543	2270
2542	2273
2542	2277
2541	2280
2542	2284
2542	2287
2543	2291
2544	2295
2544	2299
2544	2302
2544	2306
2545	2310
2545	2313
2544	2317
2544	2320
2544	2324
2544	2328
2545	2331
2544	2335
2544	2338
2544	2342
2544	2346
2545	2349
2546	2353
2546	2357
2546	2361
2546	2364
2546	2368
2547	2372
2547	2375
2548	2379
2549	2383
2549	2387
2549	2391
2548	2394
2548	2398
2550	2402
2549	2405
2550	2409
2550	2413
2551	2417
2552	2421
2553	2425
2553	2428
2552	2432
2552	2436
2552	2439
2553	2443
2553	2447
2552	2450
2552	2454
2553	2458
2553	2462
2554	2466
2554	2470
2555	2474
2556	2478
2556	2481
2556	2485
2556	2489
2557	2493
2557	2497
2557	2501
2557	2504
2557	2508
2557	2512
2562	2517
2561	2521
2561	2524
2561	2528
2561	2532
2561	2536
2561	2539
2561	2543
2560	2547
2560	2551
2561	2555
2562	2559
2561	2562
2561	2566
2561	2570
2564	2575
2564	2579
2563	2582
2564	2586
2564	2590
2564	2594
2564	2598
2564	2602
2565	2606
2564	2610
2564	2613
2564	2617
2564	2621
2565	2625
2566	2629
2565	2633
2567	2638
2567	2641
2567	2646
2567	2649
2567	2653
2566	2657
2566	2661
2567	2665
2567	2669
2567	2673
2567	2677
2567	2681
2568	2685
2567	2689
2568	2693
2568	2697
2568	2701
2568	2705
2568	2709
2567	2712
2567	2716
2568	2721
2568	2725
2568	2728
2568	2733
2569	2737
2569	2741
2569	2745
2569	2749
2571	2754
2571	2758
2572	2762
2573	2767
2572	2770
2572	2774
2571	2778
2571	2782
2570	2786
2570	2790
2571	2794
2572	2798
2570	2802
2569	2805
2571	2810
2570	2814
2571	2818
2571	2823
2572	2827
2572	2831
2572	2835
2571	2839
2571	2843
2571	2847
2571	2851
2571	2855
2571	2860
2570	2863
2571	2868
2574	2873
2575	2878
2573	2881
2573	2885
2573	2889
2573	2894
2573	2898
2574	2902
2575	2907
2575	2911
2574	2915
2574	2919
2574	2923
2573	2927
2573	2932
2575	2937
2575	2941
2576	2945
2575	2949
2574	2953
2574	2957
2573	2961
2573	2965
2574	2970
2575	2975
2575	2979
2575	2983
2575	2988
2576	2992
2575	2996
2577	3002
2577	3006
2577	3010
2579	3016
2578	3019
2578	3024
2578	3028
2577	3032
2578	3037
2577	3041
2577	3045
2576	3049
2576	3053
2576	3058
2576	3062
2578	3068
2578	3072
2579	3077
2579	3081
2579	3086
2579	3090
2578	3094
2577	3098
2577	3102
2577	3107
2577	3111
2577	3116
2576	3120
2575	3124
2574	3128
2574	3132
2573	3136
2574	3141
2574	3145
2573	3150
2573	3154
2573	3159
2574	3163
2574	3168
2573	3172
2573	3177
2573	3181
2572	3185
2572	3190
2571	3194
2571	3198
2572	3203
2571	3208
2569	3211
2552	3206
2522	3193
2501	3185
2499	3189
2497	3192
2495	3195
2493	3198
2491	3201
2493	3207
2568	3261
2571	3268
2570	3272
2570	3277
2570	3281
2569	3286
2569	3290
2569	3295
2568	3299
2567	3303
2567	3308
2568	3313
2568	3318
2568	3323
2567	3327
2567	3332
2567	3337
2568	3342
2567	3346
2567	3351
2566	3355
2566	3360
2565	3364
2565	3369
2566	3374
2565	3379
2564	3383
2563	3387
2564	3393
2563	3397
2565	3403
2564	3408
2564	3412
2563	3417
2563	3422
2563	3426
2561	3430
2561	3435
2560	3440
2559	3443
2556	3447
2556	3452
2557	3458
2557	3462
2557	3467
2557	3472
2556	3477
2556	3482
2555	3486
2553	3490
2552	3494
2552	3499
2552	3504
2552	3510
2551	3514
2551	3519
2551	3524
2550	3528
2549	3533
2548	3537
2548	3542
2547	3547
2546	3551
2546	3556
2545	3561
2544	3566
2544	3571
2543	3575
2542	3580
2541	3584
2541	3589
2541	3594
2540	3599
2540	3604
2538	3608
2539	3614
2539	3619
2538	3624
2537	3628
2536	3633
2534	3637
2533	3641
2533	3647
2532	3651
2532	3657
2531	3662
2530	3666
2529	3670
2528	3675
2528	3681
2528	3686
2528	3691
2527	3696
2526	3700
2525	3705
2523	3709
2521	3713
2520	3717
2519	3722
2517	3726
2515	3730
2512	3733
2511	3738
2505	3739
2502	3742
2498	3744
2495	3747
2491	3750
2489	3753
2487	3757
2485	3761
2482	3764
2480	3768
2478	3772
2475	3776
2481	3786
2491	3799
2492	3806
2491	3811
2491	3817
2490	3821
2488	3826
2487	3830
2486	3835
2485	3840
2484	3845
2483	3850
2481	3854
2481	3859
2479	3863
2477	3868
2476	3873
2475	3877
2473	3882
2473	3888
2471	3892
2470	3896
2468	3901
2468	3906
2466	3910
2464	3915
2464	3920
2464	3926
2461	3930
2461	3935
2460	3941
2459	3946
2458	3951
2456	3955
2456	3961
2454	3965
2453	3970
2452	3975
2450	3980
2449	3984
2449	3990
2448	3996
2446	4000
2445	4005
2445	4011
2443	4016
2441	4020
2440	4025
2438	4030
2438	4036
2436	4040
2435	4045
2433	4050
2431	4054
2431	4060
2431	4066
2429	4071
2427	4075
2425	4079
2431	4091
2108	3796
2103	3796
2099	3814
2097	3818
2094	3821
2408	4145
2404	4148
2402	4152
2400	4156
2399	4162
2396	4166
2394	4170
2395	4177
2393	4182
2390	4186
2388	4190
2387	4196
2386	4201
2384	4206
2382	4210
2379	4214
2376	4217
2375	4223
2374	4228
2373	4234
2370	4237
2367	4241
2369	4250
2366	4253
2364	4258
2363	4263
2361	4268
2359	4273
2357	4277
2355	4282
2352	4286
2350	4290
2348	4295
2347	4301
2345	4306
2343	4310
2340	4314
2340	4321
2339	4327
2339	4333
2336	4337
2334	4342
2331	4346
2329	4350
2326	4355
2324	4360
2321	4363
2319	4367
2315	4370
2312	4374
2309	4378
2306	4381
2302	4384
2299	4387
2297	4393
2296	4398
2293	4402
2289	4405
2286	4409
2283	4413
2281	4417
2279	4423
2280	4430
2278	4436
2274	4439
2271	4442
2268	4445
2268	4453
2266	4458
2262	4461
2259	4464
2256	4468
2253	4472
2251	4477
2249	4482
2246	4486
2244	4490
2241	4495
2240	4501
2238	4506
2235	4510
2233	4516
2231	4520
2229	4525
2227	4530
2224	4535
2222	4539
2220	4544
2217	4548
2214	4553
2212	4557
2209	4562
2207	4567
2204	4571
2202	4576
2200	4581
2198	4586
2195	4591
2193	4596
2191	4601
2188	4606
2186	4611
2184	4616
2182	4622
2179	4625
2176	4629
2172	4632
2168	4635
2165	4639
2162	4643
2160	4648
2158	4654
2155	4658
2152	4661
2148	4665
2144	4668
2140	4670
2135	4672
2131	4675
2128	4678
2124	4681
2120	4683
2117	4688
2113	4691
2109	4694
2105	4696
2101	4699
2097	4702
2094	4706
2089	4708
2085	4710
2083	4715
2080	4719
2076	4722
2072	4726
2068	4729
2065	4732
2062	4736
2058	4739
2055	4743
2051	4747
2048	4750
2044	4754
2041	4757
2038	4762
2035	4766
2031	4769
2027	4772
2024	4776
2021	4780
2017	4783
2014	4787
2011	4791
2008	4795
2004	4799
2001	4803
1998	4808
1995	4811
1991	4815
1988	4818
1984	4822
1981	4826
1978	4830
1975	4835
1971	4838
1968	4843
1964	4845
1960	4848
1956	4851
1953	4856
1950	4860
1947	4863
1943	4867
1940	4872
1938	4877
1935	4882
1931	4885
1926	4887
1923	4890
1921	4896
1918	4902
1916	4907
1912	4911
1908	4914
1905	4918
1900	4920
1896	4922
1893	4926
1889	4930
1886	4935
1882	4938
1878	4941
1874	4943
1870	4947
1866	4949
1862	4952
1858	4955
1853	4957
1849	4960
1845	4963
1841	4966
1836	4967
1831	4969
1828	4973
1825	4978
1821	4981
1817	4983
1812	4985
1808	4987
1803	4990
1799	4993
1796	4996
1792	5001
1789	5006
1786	5011
1782	5012
1777	5014
1772	5016
1768	5018
1764	5022
1761	5026
1757	5029
1752	5032
1748	5034
1745	5038
1742	5043
1739	5048
1735	5051
1729	5052
1724	5052
1719	5054
1715	5056
1710	5059
1706	5061
1702	5064
1698	5068
1695	5072
1691	5076
1687	5079
1683	5082
1679	5085
1676	5090
1672	5094
1668	5096
1663	5098
1660	5103
1656	5106
1651	5108
1646	5109
1641	5109
1635	5109
1631	5111
1627	5115
1623	5118
1618	5120
1613	5121
1610	5125
1606	5130
1603	5134
1599	5137
1594	5139
1590	5142
1587	5147
1583	5151
1579	5153
1574	5155
1570	5157
1565	5159
1560	5162
1557	5167
1553	5170
1549	5173
1544	5175
1540	5178
1536	5181
1532	5184
1527	5186
1522	5187
1518	5190
1513	5192
1509	5194
1505	5197
1500	5200
1496	5203
1492	5205
1487	5207
1482	5209
1478	5212
1473	5213
1469	5215
1464	5216
1459	5217
1454	5218
1449	5219
1444	5220
1438	5221
1433	5221
1428	5222
1423	5224
1419	5227
1415	5229
1410	5231
1405	5233
1400	5234
1396	5236
1391	5239
1387	5242
1382	5244
1377	5244
1372	5245
1367	5245
1361	5245
1356	5245
1351	5246
1346	5247
1341	5249
1337	5251
1332	5254
1328	5257
1323	5258
1319	5260
1314	5262
1310	5265
1305	5267
1301	5270
1297	5274
1293	5276
1287	5276
1282	5277
1277	5278
1273	5280
1268	5282
1263	5284
1258	5284
1253	5284
1248	5286
1243	5287
1239	5290
1234	5292
1230	5295
1226	5298
1221	5299
1216	5300
1211	5303
1207	5305
1203	5308
1198	5310
1193	5311
1189	5314
1185	5318
1180	5319
1175	5320
1170	5321
1165	5323
1161	5326
1157	5330
1153	5332
1148	5334
1142	5334
1137	5334
1133	5337
1128	5339
1124	5342
1119	5342
1114	5344
1109	5346
1105	5349
1101	5352
1096	5355
1091	5356
1087	5358
1082	5358
1076	5358
1071	5358
1067	5361
1062	5362
1057	5364
1052	5366
1047	5367
1042	5367
1038	5370
1033	5372
1028	5373
1023	5375
1019	5377
1014	5379
1009	5379
1004	5380
999	5381
994	5381
989	5383
984	5383
979	5383
974	5384
969	5385
964	5387
959	5389
955	5391
951	5394
946	5398
941	5399
936	5399
932	5402
927	5404
922	5405
917	5405
912	5406
907	5406
902	5406
897	5408
892	5408
887	5409
881	5408
876	5409
871	5409
866	5410
861	5410
856	5412
852	5414
847	5417
842	5417
837	5418
832	5419
827	5420
822	5421
817	5422
813	5423
807	5423
802	5421
797	5424
793	5428
788	5431
784	5434
779	5433
773	5432
768	5433
764	5435
759	5437
754	5439
749	5440
745	5442
740	5442
734	5443
729	5443
724	5444
720	5446
714	5445
709	5443
704	5443
698	5442
693	5443
689	5445
684	5447
679	5446
674	5448
669	5450
664	5451
659	5450
654	5449
649	5450
644	5450
638	5448
633	5448
628	5449
623	5449
618	5449
613	5449
608	5449
602	5447
597	5445
592	5443
587	5444
565	5349
562	5358
558	5365
552	5359
544	5339
538	5330
532	5327
527	5326
521	5317
516	5314
511	5314
506	5316
552	5642
538	5586
523	5522
510	5469
505	5473
500	5474
496	5476
491	5477
486	5476
480	5475
475	5475
471	5479
466	5482
461	5484
457	5487
452	5488
447	5492
442	5495
438	5496
433	5498
428	5501
423	5505
419	5510
414	5510
408	5507
403	5506
398	5506
393	5508
388	5505
382	5500
377	5499
372	5499
367	5499
362	5495
356	5488
350	5481
345	5479
340	5480
335	5480
330	5480
325	5480
319	5479
314	5476
309	5474
304	5473
299	5475
294	5473
289	5470
284	5471
279	5472
274	5475
269	5474
264	5473
259	5471
254	5471
248	5467
243	5462
238	5456
233	5457
228	5461
223	5455
218	5458
213	5460
208	5459
203	5458
198	5460
203	5605
150	5010
146	5014
141	5012
137	5008
132	5008
128	5008
124	5007
119	5006
114	4996
110	4991
105	4989
101	4985
96	4982
92	4982
88	4983
84	4987
79	4991
75	4991
71	5001
67	5006
63	5006
58	5006
54	5007
50	5010
45	5012
41	5012
37	5009
32	5016
39	5614
32	5538
27	5538
22	5538
16	5533
11	5527
6	5524
1	5523
-4	5523
-9	5526
-14	5529
-19	5532
-24	5533
-29	5532
-34	5530
-39	5528
-44	5525
-49	5521
-54	5518
-59	5518
-64	5520
-69	5521
-74	5519
-79	5516
-84	5511
-89	5505
-94	5502
-99	5502
-104	5502
-109	5503
-114	5502
-119	5500
-124	5500
-129	5498
-134	5498
-139	5498
-144	5496
-149	5498
-156	5589
-161	5589
-167	5587
-169	5502
-174	5502
-179	5506
-184	5510
-190	5515
-195	5520
-200	5526
-205	5533
-211	5544
-216	5548
-221	5552
-227	5556
-232	5561
-237	5563
-242	5565
-247	5563
-252	5554
-256	5543
-261	5536
-266	5532
-271	5528
-275	5522
-280	5515
-297	5721
-304	5739
-283	5319
-286	5287
-291	5287
-295	5287
-300	5285
-304	5282
-309	5280
-314	5278
-318	5279
-323	5281
-328	5282
-333	5284
-354	5496
-359	5497
-364	5496
-369	5498
-374	5497
-379	5496
-384	5495
-389	5495
-394	5495
-399	5495
-404	5497
-409	5496
-414	5496
-419	5494
-424	5495
-430	5498
-435	5501
-440	5502
-445	5501
-450	5500
-456	5504
-461	5507
-466	5510
-471	5510
-477	5513
-482	5516
-487	5518
-493	5518
-498	5519
-503	5519
-508	5520
-513	5520
-518	5517
-523	5515
-528	5513
-532	5507
-537	5504
-541	5502
-546	5500
-551	5500
-556	5498
-561	5497
-566	5494
-571	5492
-576	5493
-581	5494
-586	5491
-590	5489
-596	5489
-601	5491
-606	5493
-612	5495
-617	5495
-622	5494
-627	5493
-632	5494
-637	5494
-642	5493
-647	5491
-651	5484
-655	5480
-660	5479
-665	5478
-670	5479
-675	5477
-680	5474
-684	5470
-689	5468
-694	5467
-699	5465
-704	5466
-709	5466
-714	5467
-719	5466
-724	5464
-729	5467
-735	5467
-740	5467
-745	5467
-750	5467
-755	5468
-760	5468
-766	5469
-771	5471
-777	5473
-782	5473
-788	5476
-794	5480
-799	5482
-805	5484
-811	5488
-816	5489
-821	5490
-826	5489
-831	5487
-836	5486
-841	5485
-846	5484
-851	5482
-855	5479
-860	5475
-864	5473
-869	5471
-874	5470
-879	5467
-883	5463
-888	5460
-892	5458
-897	5455
-901	5451
-906	5447
-910	5445
-915	5443
-919	5440
-924	5436
-928	5433
-933	5432
-939	5435
-944	5434
-948	5429
-952	5423
-955	5417
-959	5412
-964	5408
-968	5404
-971	5398
-975	5392
-979	5387
-984	5387
-989	5385
-992	5378
-996	5374
-1001	5373
-1005	5367
-1009	5362
-1013	5359
-1017	5356
-1022	5355
-1028	5357
-1033	5357
-1038	5355
-1042	5354
-1048	5356
-1052	5351
-1056	5348
-1061	5347
-1067	5348
-1072	5347
-1076	5345
-1081	5345
-1087	5346
-1091	5345
-1095	5339
-1100	5338
-1105	5338
-1110	5337
-1115	5336
-1119	5334
-1124	5332
-1129	5333
-1135	5335
-1141	5337
-1146	5335
-1151	5334
-1155	5332
-1160	5332
-1165	5330
-1170	5328
-1174	5325
-1178	5321
-1182	5317
-1186	5314
-1190	5310
-1194	5306
-1198	5301
-1202	5298
-1207	5297
-1211	5294
-1216	5292
-1220	5288
-1225	5288
-1230	5289
-1236	5289
-1241	5289
-1245	5286
-1249	5283
-1253	5279
-1258	5279
-1263	5278
-1268	5277
-1273	5276
-1278	5275
-1283	5274
-1286	5266
-1289	5262
-1294	5260
-1299	5259
-1304	5258
-1309	5257
-1313	5256
-1318	5255
-1323	5254
-1329	5254
-1333	5253
-1338	5251
-1343	5250
-1348	5250
-1353	5248
-1357	5244
-1360	5240
-1365	5237
-1369	5236
-1373	5232
-1378	5231
-1384	5231
-1388	5230
-1392	5227
-1397	5224
-1401	5222
-1407	5223
-1412	5222
-1416	5219
-1420	5216
-1425	5215
-1431	5216
-1436	5217
-1442	5217
-1448	5219
-1453	5219
-1459	5219
-1463	5218
-1468	5215
-1472	5213
-1477	5210
-1480	5206
-1484	5202
-1488	5198
-1492	5194
-1496	5193
-1502	5193
-1506	5191
-1510	5186
-1514	5183
-1518	5179
-1522	5177
-1526	5175
-1531	5174
-1537	5174
-1542	5174
-1549	5176
-1553	5174
-1557	5171
-1560	5166
-1564	5162
-1569	5162
-1574	5160
-1578	5158
-1583	5156
-1586	5151
-1589	5145
-1593	5142
-1598	5141
-1604	5142
-1610	5143
-1616	5145
-1619	5140
-1623	5135
-1626	5131
-1631	5130
-1636	5128
-1640	5125
-1644	5122
-1649	5122
-1655	5122
-1659	5118
-1663	5116
-1668	5116
-1673	5115
-1678	5113
-1683	5111
-1688	5110
-1693	5109
-1697	5108
-1703	5107
-1708	5107
-1714	5107
-1718	5105
-1723	5104
-1728	5103
-1733	5101
-1739	5101
-1744	5101
-1748	5098
-1753	5096
-1757	5094
-1761	5091
-1765	5088
-1769	5085
-1774	5082
-1778	5079
-1783	5078
-1787	5076
-1792	5073
-1796	5072
-1801	5071
-1806	5068
-1809	5064
-1812	5059
-1817	5057
-1821	5054
-1825	5052
-1830	5050
-1834	5048
-1840	5047
-1845	5046
-1849	5044
-1853	5040
-1856	5036
-1861	5034
-1865	5030
-1869	5028
-1873	5026
-1876	5021
-1881	5018
-1886	5017
-1889	5014
-1893	5010
-1895	5004
-1899	5000
-1903	4998
-1908	4995
-1912	4992
-1915	4989
-1919	4986
-1924	4984
-1930	4984
-1934	4982
-1938	4978
-1942	4976
-1946	4973
-1950	4969
-1954	4966
-1958	4963
-1966	4967
-1969	4962
-1972	4958
-1977	4957
-1982	4956
-1987	4954
-1993	4954
-1998	4953
-2003	4952
-2008	4950
-2013	4949
-2018	4948
-2024	4948
-2029	4947
-2033	4944
-2038	4942
-2042	4940
-2047	4937
-2050	4934
-2055	4931
-2059	4930
-2064	4927
-2069	4925
-2074	4924
-2079	4922
-2082	4918
-2085	4914
-2089	4911
-2095	4911
-2099	4907
-2102	4904
-2105	4899
-2108	4894
-2112	4891
-2116	4888
-2120	4885
-2123	4881
-2126	4877
-2130	4873
-2134	4870
-2137	4866
-2141	4862
-2144	4858
-2147	4854
-2151	4850
-2154	4846
-2156	4840
-2160	4837
-2164	4834
-2168	4831
-2171	4827
-2173	4822
-2177	4819
-2182	4817
-2186	4814
-2190	4811
-2194	4808
-2198	4806
-2203	4803
-2207	4801
-2212	4800
-2216	4797
-2220	4793
-2224	4791
-2228	4787
-2232	4785
-2236	4782
-2241	4780
-2245	4777
-2248	4773
-2251	4769
-2255	4765
-2258	4762
-2262	4759
-2266	4756
-2270	4753
-2274	4750
-2278	4747
-2283	4745
-2286	4741
-2289	4737
-2294	4735
-2299	4734
-2304	4732
-2308	4729
-2313	4727
-2318	4726
-2324	4726
-2329	4724
-2331	4718
-2335	4715
-2338	4712
-2342	4708
-2345	4704
-2349	4701
-2353	4698
-2356	4694
-2359	4690
-2364	4688
-2368	4685
-2372	4682
-2375	4677
-2378	4674
-2382	4671
-2385	4667
-2388	4662
-2392	4659
-2396	4656
-2399	4653
-2403	4649
-2407	4647
-2411	4644
-2414	4640
-2418	4636
-2421	4633
-2425	4630
-2429	4627
-2432	4622
-2435	4618
-2439	4615
-2442	4611
-2446	4608
-2449	4604
-2452	4600
-2456	4597
-2460	4594
-2464	4591
-2467	4588
-2471	4585
-2474	4581
-2477	4577
-2482	4574
-2486	4571
-2489	4567
-2492	4563
-2496	4561
-2500	4558
-2503	4554
-2507	4550
-2511	4548
-2515	4545
-2519	4542
-2523	4538
-2526	4534
-2529	4530
-2533	4527
-2536	4523
-2539	4519
-2541	4514
-2544	4510
-2547	4506
-2551	4503
-2554	4500
-2557	4496
-2560	4491
-2563	4487
-2566	4483
-2569	4479
-2572	4475
-2575	4471
-2578	4468
-2581	4464
-2585	4460
-2588	4456
-2592	4453
-2595	4449
-2598	4446
-2602	4442
-2605	4438
-2608	4434
-2611	4431
-2614	4427
-2617	4423
-2621	4419
-2624	4415
-2626	4411
-2630	4408
-2632	4403
-2633	4397
-2636	4393
-2639	4389
-2642	4385
-2646	4382
-2649	4378
-2653	4375
-2655	4370
-2658	4366
-2661	4362
-2663	4358
-2666	4354
-2670	4350
-2673	4347
-2675	4342
-2677	4337
-2681	4334
-2684	4330
-2687	4326
-2690	4322
-2693	4318
-2695	4314
-2698	4309
-2701	4305
-2704	4302
-2708	4298
-2710	4294
-2713	4290
-2716	4286
-2719	4282
-2723	4280
-2727	4277
-2731	4274
-2735	4271
-2739	4268
-2742	4263
-2745	4260
-2748	4256
-2754	4255
-2759	4253
-2763	4250
-2766	4246
-2769	4242
-2771	4237
-2774	4234
-2775	4228
-2778	4224
-2780	4220
-2782	4215
-2784	4210
-2787	4206
-2789	4201
-2792	4197
-2793	4192
-2795	4187
-2799	4184
-2801	4179
-2804	4175
-2806	4171
-2809	4167
-2809	4160
-2811	4156
-2815	4152
-2816	4147
-2819	4143
-2821	4138
-2822	4133
-2825	4129
-2828	4125
-2831	4122
-2834	4117
-2836	4113
-2837	4108
-2836	4100
-2836	4094
-2839	4090
-2845	4089
-2848	4085
-2851	4082
-2854	4078
-2858	4074
-2861	4071
-2864	4067
-2866	4063
-2869	4059
-2872	4055
-2873	4050
-2875	4045
-2877	4041
-2879	4036
-2880	4031
-2882	4026
-2885	4023
-2889	4019
-2891	4015
-2893	4010
-2895	4006
-2897	4001
-2899	3997
-2901	3992
-2904	3988
-2907	3985
-2910	3980
-2913	3977
-2916	3973
-2919	3969
-2922	3966
-2926	3963
-2928	3958
-2930	3954
-2931	3949
-2933	3944
-2935	3940
-2938	3936
-2941	3932
-2943	3927
-2943	3922
-2944	3916
-2945	3911
-2947	3907
-2949	3902
-2950	3897
-2952	3892
-2950	3885
-2951	3879
-2953	3875
-2955	3870
-2956	3865
-2959	3862
-2960	3857
-2961	3852
-2963	3847
-2965	3843
-2967	3838
-2969	3833
-2969	3828
-2969	3822
-2971	3818
-2973	3813
-2976	3810
-2978	3805
-2978	3799
-2977	3793
-2978	3788
-2980	3784
-2983	3780
-2986	3776
-2987	3771
-2987	3765
-2988	3760
-2988	3754
-2989	3749
-2991	3745
-2993	3741
-2994	3736
-2995	3731
-2997	3726
-2999	3722
-3001	3718
-3001	3712
-3003	3708
-3007	3704
-3008	3700
-3009	3695
-3011	3691
-3010	3684
-3011	3679
-3013	3675
-3014	3670
-3015	3665
-3016	3660
-3019	3656
-3020	3652
-3020	3646
-3020	3640
-3022	3636
-3024	3632
-3024	3626
-3026	3622
-3026	3617
-3026	3611
-3027	3606
-3027	3601
-3028	3596
-3030	3592
-3031	3587
-3032	3582
-3033	3577
-3033	3572
-3033	3566
-3034	3561
-3034	3556
-3034	3551
-3037	3547
-3038	3542
-3037	3536
-3037	3531
-3037	3525
-3038	3521
-3039	3516
-3038	3510
-3037	3504
-3038	3499
-3040	3495
-3041	3490
-3041	3485
-3041	3479
-3043	3476
-3043	3470
-3043	3465
-3042	3459
-3043	3454
-3043	3449
-3045	3445
-3045	3440
-3044	3434
-3045	3429
-3045	3424
-3048	3420
-3049	3416
-3049	3411
-3048	3405
-3050	3401
-3050	3396
-3053	3392
-3050	3385
-3051	3381
-3052	3376
-3052	3371
-3052	3366
-3053	3361
-3054	3357
-3052	3350
-3051	3345
-3054	3341
-3053	3336
-3052	3330
-3053	3325
-3053	3320
-3054	3316
-3053	3310
-3053	3305
-3053	3300
-3054	3295
-3054	3290
-3053	3284
-3054	3280
-3055	3276
-3056	3271
-3056	3266
-3055	3261
-3055	3256
-3056	3251
-3055	3246
-3055	3241
-3052	3234
-3053	3230
-3054	3225
-3053	3220
-3053	3215
-3055	3211
-3055	3206
-3054	3201
-3053	3195
-3052	3190
-3053	3185
-3053	3181
-3051	3174
-3051	3170
-3052	3165
-3051	3160
-3050	3155
-3051	3150
-3052	3146
-3052	3141
-3053	3136
-3051	3131
-3051	3126
-3051	3121
-3051	3116
-3050	3111
-3050	3106
-3051	3102
-3051	3097
-3050	3092
-3052	3088
-3052	3083
-3050	3077
-3050	3073
-3051	3068
-3051	3064
-3052	3059
-3052	3054
-3051	3049
-3051	3045
-3051	3040
-3051	3036
-3050	3030
-3051	3026
-3051	3021
-3050	3016
-3049	3011
-3047	3005
-3047	3001
-3046	2996
-3046	2991
-3047	2987
-3047	2982
-3047	2977
-3046	2973
-3046	2968
-3045	2963
-3046	2958
-3046	2954
-3045	2949
-3043	2943
-3042	2939
-3041	2933
-3040	2928
-3040	2924
-3041	2919
-3041	2915
-3041	2910
-3041	2906
-3040	2901
-3040	2896
-3039	2891
-3038	2886
-3039	2882
-3038	2878
-3036	2872
-3035	2867
-3035	2863
-3036	2859
-3035	2854
-3035	2849
-3034	2844
-3033	2839
-3032	2834
-3032	2830
-3031	2825
-3030	2821
-3029	2816
-3029	2811
-3028	2806
-3025	2801
-3026	2797
-3025	2792
-3024	2787
-3023	2782
-3022	2778
-3023	2773
-3023	2769
-3023	2765
-3022	2760
-3022	2755
-3022	2751
-3023	2747
-3022	2742
-3022	2738
-3022	2734
-3019	2728
-3019	2724
-3019	2719
-3017	2715
-3017	2710
-3018	2706
-3016	2701
-3015	2696
-3013	2692
-3012	2687
-3011	2682
-3010	2677
-3008	2673
-3008	2668
-3006	2663
-3002	2658
-3001	2653
-3002	2649
-3002	2645
-3000	2640
-2999	2636
-3001	2632
-3000	2627
-3000	2623
-2999	2618
-2997	2614
-2996	2609
-2995	2605
-2995	2600
-2994	2596
-2993	2591
-2993	2587
-2991	2582
-2990	2578
-2991	2574
-2992	2570
-2991	2565
-2987	2560
-2985	2555
-2987	2552
-2989	2548
-2988	2544
-2986	2539
-2985	2535
-2984	2530
-2983	2526
-2981	2521
-2981	2517
-2979	2512
-2977	2508
-2978	2503
-2979	2500
-2979	2496
-2978	2491
-2976	2487
-2974	2482
-2972	2477
-2972	2473
-2973	2469
-2974	2466
-2973	2461
-2974	2457
-2974	2453
-2970	2448
-2970	2444
-2970	2440
-2966	2435
-2965	2431
-2965	2427
-2964	2422
-2964	2418
-2965	2414
-2963	2410
-2963	2406
-2963	2402
-2961	2397
-2958	2392
-2957	2388
-2958	2384
-2958	2380
-2957	2376
-2957	2372
-2954	2367
-2950	2362
-2951	2359
-2953	2355
-2952	2351
-2950	2347
-2950	2343
-2950	2339
-2948	2334
-2945	2330
-2946	2326
-2948	2322
-2946	2318
-2941	2313
-2938	2308
-2937	2304
-2942	2301
-2942	2297
-2943	2293
-2942	2289
-2940	2285
-2941	2281
-2942	2278
-2940	2273
-2940	2269
-2938	2265
-2936	2261
-2934	2256
-2934	2252
-2933	2248
-2933	2244
-2933	2240
-2932	2236
-2930	2232
-2927	2228
-2927	2224
-2927	2220
-2925	2216
-2923	2211
-2923	2207
-2923	2204
-2920	2199
-2922	2196
-2919	2191
-2918	2187
-2920	2184
-2919	2180
-2917	2176
-2916	2172
-2915	2167
-2914	2164
-2915	2160
-2914	2156
-2910	2151
-2910	2147
-2911	2144
-2910	2140
-2909	2136
-2907	2132
-2907	2128
-2905	2124
-2904	2120
-2905	2116
-2903	2112
-2901	2108
-2898	2104
-2897	2100
-2899	2096
-2898	2092
-2897	2088
-2894	2084
-2892	2080
-2891	2076
-2892	2073
-2893	2069
-2893	2065
-2891	2061
-2891	2057
-2889	2053
-2890	2050
-2887	2046
-2886	2042
-2884	2038
-2885	2034
-2882	2030
-2884	2026
-2884	2023
-2884	2019
-2883	2015
-2881	2011
-2880	2007
-2878	2003
-2876	1999
-2875	1995
-2877	1992
-2877	1988
-2876	1984
-2876	1981
-2872	1976
-2873	1973
-2871	1969
-2869	1965
-2868	1961
-2868	1957
-2868	1954
-2869	1950
-2867	1946
-2866	1942
-2867	1939
-2865	1935
-2864	1931
-2865	1927
-2863	1924
-2861	1920
-2861	1916
-2859	1912
-2857	1908
-2856	1905
-2856	1901
-2857	1897
-2855	1894
-2855	1890
-2853	1886
-2853	1882
-2852	1879
-2851	1875
-2849	1871
-2847	1867
-2848	1864
-2846	1860
-2845	1856
-2844	1852
-2843	1849
-2844	1845
-2844	1841
-2844	1838
-2843	1834
-2838	1830
-2838	1826
-2839	1823
-2837	1819
-2835	1815
-2835	1812
-2837	1808
-2836	1805
-2834	1801
-2833	1797
-2830	1793
-2827	1790
-2827	1786
-2825	1782
-2825	1779
-2824	1775
-2822	1771
-2823	1768
-2823	1764
-2821	1760
-2817	1757
-2816	1753
-2819	1750
-2817	1746
-2816	1742
-2815	1739
-2812	1735
-2812	1731
-2808	1728
-2807	1724
-2809	1720
-2809	1717
-2810	1713
-2810	1710
-2810	1706
-2808	1702
-2806	1699
-2803	1695
-2803	1692
-2803	1688
-2801	1684
-2800	1681
-2801	1677
-2801	1674
-2801	1670
-2799	1667
-2797	1663
-2796	1659
-2795	1656
-2795	1652
-2795	1649
-2795	1645
-2795	1642
-2794	1638
-2793	1634
-2792	1631
-2791	1627
-2791	1624
-2791	1620
-2790	1617
-2789	1613
-2787	1609
-2787	1606
-2787	1602
-2785	1599
-2784	1595
-2782	1592
-2780	1588
-2778	1585
-2778	1581
-2778	1578
-2777	1574
-2775	1571
-2776	1567
-2774	1564
-2773	1560
-2772	1557
-2771	1553
-2771	1550
-2771	1546
-2769	1543
-2766	1539
-2765	1536
-2765	1532
-2763	1529
-2762	1525
-2761	1522
-2759	1518
-2758	1515
-2757	1511
-2754	1508
-2751	1505
-2753	1501
-2754	1497
-2754	1494
-2753	1490
-2752	1487
-2749	1483
-2749	1480
-2748	1476
-2747	1473
-2746	1470
-2743	1466
-2741	1463
-2741	1459
-2741	1456
-2740	1452
-2739	1449
-2737	1446
-2733	1442
-2732	1439
-2732	1435
-2731	1432
-2731	1428
-2731	1425
-2730	1421
-2730	1418
-2729	1415
-2728	1411
-2728	1408
-2727	1404
-2726	1401
-2725	1397
-2725	1394
-2723	1390
-2722	1387
-2720	1384
-2721	1380
-2722	1376
-2720	1373
-2720	1370
-2718	1366
-2716	1363
-2716	1360
-2715	1356
-2715	1353
-2712	1349
-2711	1346
-2709	1343
-2709	1339
-2707	1336
-2707	1332
-2707	1329
-2705	1326
-2705	1322
-2703	1319
-2704	1315
-2702	1312
-2701	1309
-2699	1305
-2698	1302
-2697	1298
-2697	1295
-2694	1292
-2694	1288
-2693	1285
-2692	1282
-2691	1278
-2691	1275
-2687	1272
-2687	1268
-2687	1265
-2685	1262
-2684	1258
-2683	1255
-2683	1251
-2681	1248
-2680	1245
-2679	1241
-2679	1238
-2679	1234
-2676	1231
-2675	1228
-2672	1225
-2672	1222
-2672	1218
-2670	1215
-2670	1211
-2669	1208
-2669	1204
-2668	1201
-2666	1198
-2666	1194
-2664	1191
-2661	1188
-2660	1185
-2660	1181
-2660	1178
-2657	1175
-2654	1172
-2654	1168
-2655	1165
-2653	1161
-2653	1158
-2653	1155
-2651	1151
-2649	1148
-2648	1145
-2647	1142
-2647	1138
-2647	1135
-2645	1131
-2643	1128
-2641	1125
-2640	1122
-2638	1119
-2637	1115
-2636	1112
-2636	1109
-2634	1105
-2632	1102
-2631	1099
-2630	1096
-2631	1092
-2631	1088
-2629	1085
-2628	1082
-2627	1079
-2627	1075
-2624	1072
-2623	1069
-2623	1066
-2623	1062
-2623	1058
-2622	1055
-2618	1052
-2617	1049
-2616	1046
-2615	1043
-2614	1039
-2612	1036
-2613	1032
-2613	1029
-2613	1025
-2611	1022
-2609	1019
-2608	1016
-2607	1013
-2605	1009
-2603	1006
-2604	1003
-2603	999
-2603	996
-2602	993
-2599	990
-2597	987
-2596	983
-2595	980
-2594	977
-2594	973
-2593	970
-2591	967
-2590	964
-2590	960
-2589	957
-2588	953
-2586	950
-2585	947
-2583	944
-2581	941
-2581	938
-2580	934
-2579	931
-2577	928
-2577	924
-2577	921
-2575	918
-2574	914
-2573	911
-2572	908
-2572	904
-2571	901
-2570	898
-2569	894
-2568	891
-2567	888
-2565	885
-2563	882
-2562	879
-2561	875
-2561	872
-2560	869
-2558	865
-2557	862
-2556	859
-2554	856
-2554	852
-2553	849
-2553	845
-2551	842
-2550	839
-2550	836
-2548	832
-2546	829
-2543	827
-2544	823
-2544	819
-2544	816
-2542	813
-2541	809
-2541	806
-2539	803
-2538	799
-2538	796
-2538	792
-2535	789
-2533	786
-2532	783
-2532	780
-2532	776
-2531	772
-2531	769
-2532	765
-2532	761
-2531	758
-2530	755
-2528	752
-2527	748
-2526	745
-2525	742
-2523	739
-2522	736
-2521	732
-2521	728
-2521	725
-2519	722
-2517	719
-2518	715
-2517	712
-2515	708
-2513	705
-2513	702
-2512	699
-2511	695
-2511	692
-2509	689
-2508	685
-2505	683
-2504	679
-2501	677
-2499	674
-2499	670
-2498	667
-2497	663
-2496	660
-2495	657
-2496	653
-2495	650
-2491	647
-2490	644
-2489	641
-2487	638
-2487	634
-2486	630
-2485	627
-2482	625
-2479	622
-2479	619
-2478	615
-2476	612
-2477	608
-2475	605
-2475	602
-2474	598
-2472	595
-2470	592
-2471	588
-2469	585
-2468	582
-2466	579
-2465	575
-2464	572
-2464	568
-2464	564
-2464	561
-2461	558
-2459	555
-2457	553
-2455	549
-2454	546
-2450	544
-2451	540
-2451	536
-2449	533
-2450	529
-2448	526
-2447	523
-2445	520
-2444	516
-2442	513
-2441	510
-2441	506
-2437	504
-2434	502
-2433	499
-2433	495
-2432	491
-2431	488
-2430	484
-2429	481
-2429	477
-2428	474
-2426	471
-2425	468
-2423	464
-2423	460
-2422	457
-2420	454
-2419	451
-2419	447
-2417	444
-2415	441
-2415	437
-2413	434
-2411	431
-2411	428
-2409	425
-2408	421
-2407	418
-2406	414
-2404	411
-2403	408
-2402	405
-2400	402
-2398	399
-2397	396
-2396	392
-2395	389
-2393	385
-2391	382
-2390	379
-2389	376
-2387	373
-2386	369
-2385	366
-2383	363
-2382	360
-2380	357
-2379	354
-2376	351
-2373	348
-2372	345
-2368	343
-2366	340
-2366	336
-2363	334
-2360	332
-2358	329
-2355	327
-2353	324
-2351	321
-2350	317
-2350	313
-2349	310
-2347	307
-2344	305
-2345	300
-2346	296
-2345	292
-2342	290
-2338	288
-2337	284
-2338	280
-2341	274
-2339	271
-2335	269
-2334	266
-2334	262
-2333	258
-2331	255
-2328	253
-2327	249
-2326	246
-2324	243
-2323	240
-2322	236
-2320	233
-2318	230
-2318	226
-2320	221
-2318	218
-2316	215
-2314	212
-2311	209
-2309	207
-2305	205
-2300	204
-2298	202
-2295	199
-2291	197
-2287	196
-2282	195
-2277	194
-2274	192
-2272	190
-2268	188
-2265	185
-2263	183
-2261	180
-2258	177
-2256	174
-2254	172
-2253	168
-2252	165
-2253	160
-2252	156
-2249	154
-2249	150
-2249	146
-2248	142
-2247	138
-2244	136
-2241	134
-2239	131
-2238	127
-2238	123
-2237	119
-2238	115
-2238	110
-2237	107
-2234	105
-2232	102
-2230	99
-2229	95
-2231	90
-2230	86
-2228	83
-2226	80
-2223	78
-2220	75
-2219	72
-2218	68
-2218	63
-2218	59
-2217	56
-2215	53
-2213	50
-2213	46
-2212	42
-2211	38
-2209	35
-2206	33
-2205	29
-2204	25
-2204	21
-2202	18
-2200	15
-2199	11
-2198	7
-2198	3
-2196	-0
-2194	-3
-2193	-7
-2191	-10
-2191	-14
-2190	-18
-2188	-21
-2185	-23
-2185	-27
-2183	-31
-2183	-35
-2180	-38
-2179	-41
-2177	-44
-2177	-48
-2176	-52
-2173	-55
-2171	-58
-2170	-61
-2168	-65
-2168	-69
-2167	-73
-2164	-76
-2162	-78
-2161	-82
-2161	-87
-2159	-90
-2157	-93
-2155	-96
-2155	-101
-2154	-105
-2153	-108
-2153	-113
-2149	-114
-2146	-117
-2146	-122
-2144	-124
-2142	-127
-2141	-131
-2139	-135
-2137	-138
-2136	-141
-2133	-144
-2132	-147
-2132	-152
-2131	-157
-2130	-160
-2128	-164
-2127	-168
-2125	-171
-2124	-174
-2123	-178
-2121	-182
-2120	-186
-2119	-190
-2117	-193
-2114	-195
-2114	-200
-2114	-205
-2111	-207
-2108	-209
-2106	-213
-2091	-203
-2081	-199
-2077	-200
-2075	-204
-2072	-206
-2067	-206
-2063	-207
-2069	-218
-2067	-221
-2059	-218
-2056	-221
-2053	-223
-2045	-220
-2040	-220
-2036	-221
-2033	-223
-2030	-225
-2027	-228
-2023	-229
-2017	-227
-2011	-226
-2006	-227
-2003	-229
-1999	-230
-1995	-231
-1989	-230
-1981	-227
-1975	-226
-1969	-225
-1965	-226
-1958	-224
-1954	-225
-1950	-226
-1946	-227
-1942	-228
-1938	-229
-1934	-230
-1930	-231
-1926	-232
-1921	-231
-1917	-233
-1914	-235
-1911	-236
-1906	-236
-1900	-235
-1896	-236
-1892	-237
-1887	-236
-1884	-238
-1878	-237
-1867	-231
-1862	-230
-1859	-232
-1849	-226
-1840	-222
-1837	-224
-1835	-227
-1834	-231
-1832	-234
-1830	-236
-1827	-238
-1823	-238
-1812	-231
-1803	-227
-1796	-225
-1791	-224
-1787	-225
-1785	-227
-1783	-230
-1781	-232
-1771	-227
-1764	-224
-1759	-223
-1754	-222
-1748	-221
-1743	-220
-1738	-220
-1735	-222
-1731	-221
-1728	-224
-1724	-224
-1715	-218
-1708	-215
-1703	-215
-1699	-215
-1691	-211
-1683	-207
-1678	-205
-1674	-206
-1671	-207
-1664	-204
-1657	-201
-1653	-201
-1651	-203
-1649	-207
-1649	-211
-1645	-212
-1641	-212
-1637	-212
-1634	-214
-1627	-210
-1617	-203
-1611	-201
-1607	-201
-1603	-201
-1599	-201
-1594	-200
-1590	-200
-1586	-201
-1577	-195
-1574	-196
-1571	-198
-1567	-197
-1564	-198
-1561	-200
-1559	-202
-1553	-200
-1548	-199
-1550	-206
-1547	-208
-1545	-210
-1542	-212
-1538	-212
-1529	-205
-1522	-202
-1518	-201
-1514	-201
-1511	-202
-1506	-201
-1501	-199
-1497	-200
-1492	-198
-1487	-196
-1481	-194
-1479	-196
-1476	-197
-1471	-196
-1478	-210
-1454	-183
-1451	-184
-1449	-186
-1444	-186
-1441	-187
-1439	-189
-1437	-191
-1435	-194
-1431	-193
-1429	-196
-1424	-193
-1417	-189
-1414	-190
-1413	-195
-1407	-191
-1403	-191
-1400	-192
-1396	-191
-1392	-190
-1389	-192
-1386	-192
-1375	-182
-1368	-178
-1364	-177
-1360	-177
-1356	-175
-1351	-175
-1348	-175
-1345	-176
-1342	-177
-1340	-179
-1338	-181
-1336	-183
-1334	-186
-1332	-189
-1329	-189
-1325	-189
-1321	-187
-1319	-190
-1316	-191
-1312	-191
-1308	-190
-1304	-189
-1299	-186
-1294	-184
-1287	-179
-1284	-179
-1280	-179
-1277	-179
-1273	-179
-1270	-179
-1266	-179
-1262	-179
-1259	-179
-1255	-179
-1252	-179
-1249	-180
-1246	-180
-1242	-180
-1238	-179
-1234	-178
-1230	-177
-1227	-178
-1225	-179
-1221	-179
-1218	-179
-1214	-179
-1211	-179
-1207	-178
-1203	-176
-1198	-174
-1195	-175
-1193	-176
-1191	-178
-1186	-176
-1182	-175
-1180	-176
-1177	-178
-1174	-178
-1171	-178
-1167	-177
-1164	-178
-1160	-177
-1157	-177
-1154	-178
-1151	-177
-1147	-176
-1143	-175
-1139	-175
-1135	-173
-1131	-172
-1129	-174
-1125	-173
-1122	-173
-1119	-173
-1117	-176
-1115	-178
-1111	-177
-1108	-176
-1105	-176
-1102	-177
-1097	-174
-1094	-175
-1092	-176
-1089	-178
-1086	-176
-1083	-177
-1080	-177
-1076	-176
-1073	-177
-1071	-179
-1068	-179
-1064	-178
-1061	-177
-1058	-178
-1054	-177
-1052	-178
-1049	-179
-1046	-179
-1042	-178
-1039	-178
-1037	-179
-1033	-178
-1030	-178
-1026	-177
-1024	-178
-1020	-177
-1016	-176
-1014	-177
-1012	-178
-1009	-179
-1005	-178
-1002	-178
-1000	-179
-998	-181
-994	-180
-992	-182
-989	-183
-987	-184
-984	-184
-981	-185
-978	-185
-976	-186
-974	-188
-970	-187
-968	-189
-965	-188
-959	-182
-934	-137
-933	-140
-932	-146
-933	-154
-932	-158
-930	-159
-928	-160
-924	-160
-921	-158
-917	-158
-912	-151
-905	-143
-901	-141
-898	-142
-896	-143
-894	-144
-892	-146
-891	-150
-891	-158
-889	-159
-886	-160
-883	-160
-879	-156
-873	-149
-868	-144
-864	-141
-861	-142
-859	-144
-857	-146
-855	-147
-781	-1
-778	-1
-775	0
-772	1
-770	1
-767	1
-764	2
-762	1
-760	0
-757	0
-754	0
-751	1
-748	2
-746	3
-744	1
-740	3
-738	2
-736	1
-733	1
-733	-3
-733	-12
-733	-18
-730	-17
-725	-10
-721	-6
-719	-7
-719	-13
-718	-18
-717	-23
-747	-128
-745	-131
-744	-136
-743	-140
-741	-141
-739	-143
-737	-144
-734	-145
-732	-146
-729	-147
-727	-148
-725	-149
-723	-150
-720	-150
-717	-151
-715	-152
-713	-153
-710	-154
-708	-155
-705	-154
-703	-155
-700	-156
-696	-152
-692	-148
-689	-146
-685	-142
-682	-143
-681	-146
-679	-149
-679	-157
-677	-158
-674	-157
-671	-158
-668	-156
-666	-158
-664	-159
-661	-158
-657	-154
-654	-154
-651	-154
-648	-152
-645	-151
-643	-152
-639	-149
-637	-150
-635	-152
-633	-153
-631	-156
-629	-159
-627	-159
-624	-158
-619	-152
-624	-178
-611	-143
-608	-143
-606	-145
-604	-145
-602	-146
-600	-150
-603	-168
-600	-167
-603	-186
-600	-185
-583	-137
-581	-136
-577	-134
-575	-135
-573	-136
-570	-134
-567	-133
-564	-134
-563	-136
-561	-140
-560	-145
-559	-150
-559	-159
-557	-163
-555	-164
-553	-166
-556	-187
0	0
0	0
0	0
0	0
0	0
0	0
0	0
0	0
0	0
-493	-101
-492	-109
-492	-118
-492	-128
-492	-137
-491	-146
-491	-155
-490	-161
-488	-166
-486	-167
-484	-168
-481	-168
-479	-169
-476	-169
-474	-171
-472	-171
-469	-172
-467	-171
-464	-172
-462	-172
-459	-171
-456	-172
-454	-173
-452	-173
-449	-171
-446	-171
-444	-171
-441	-171
-439	-171
-436	-173
-434	-172
-431	-173
-429	-172
-426	-172
-424	-172
-421	-173
-419	-173
-416	-173
-413	-171
-411	-172
-408	-171
-406	-171
-403	-171
-401	-171
-398	-171
-396	-171
-393	-171
-391	-171
-388	-172
-386	-171
-383	-172
-381	-172
-378	-171
-376	-172
-373	-171
-371	-172
-368	-171
-366	-170
-363	-171
-361	-171
-358	-173
-356	-172
-353	-171
-351	-170
-348	-170
-346	-171
-343	-171
-341	-170
-338	-171
-336	-170
-333	-170
-331	-171
-328	-171
-326	-172
-325	-184
-323	-185
-320	-185
-318	-187
-316	-186
-313	-185
-311	-186
-308	-186
-306	-185
-303	-186
-301	-186
-298	-186
-296	-186
-293	-186
-291	-186
-288	-187
-286	-186
-283	-186
-281	-187
-278	-186
-276	-185
-273	-185
-271	-186
-268	-186
-266	-186
-263	-186
-261	-186
-258	-186
-256	-186
-253	-186
-251	-186
-248	-185
-246	-184
-243	-185
-241	-182
-238	-184
-236	-186
-234	-186
-231	-186
-229	-186
-226	-185
-224	-183
-221	-183
-219	-183
-216	-183
-214	-184
-211	-184
-209	-185
-206	-185
-204	-185
-202	-185
-199	-186
-197	-186
-194	-186
-192	-186
-189	-186
-187	-185
-184	-185
-182	-185
-179	-185
-177	-185
-175	-185
-172	-185
-170	-185
-167	-184
-165	-185
-162	-185
-160	-186
-157	-185
-155	-185
-152	-185
-150	-184
-147	-184
-145	-185
-143	-185
-140	-185
-138	-186
-135	-185
-133	-186
-130	-186
-128	-186
-125	-185
-123	-185
-121	-186
-118	-186
-116	-186
-113	-186
-111	-186
-108	-186
-106	-186
-103	-186
-101	-187
-99	-186
-96	-186
-94	-186
-91	-186
-89	-186
-86	-185
-84	-185
-81	-186
-76	-186
-74	-186
-72	-186
-69	-186
-67	-186
-64	-187
-62	-187
-59	-187
-57	-187
-54	-187
-52	-187
-50	-186
-47	-186
-45	-186
-42	-185
-40	-185
-37	-184
-35	-184
-32	-185
-30	-185
-28	-185
-25	-185
-23	-185
-20	-185
-18	-185
-15	-185
-13	-186
-10	-186
-8	-186
-5	-186
-3	-186
-1	-186
2	-186
4	-186
7	-186
9	-186
12	-186
14	-186
17	-186
19	-185
21	-185
24	-186
26	-186
29	-185
31	-185
34	-185
36	-185
39	-185
41	-185
44	-186
46	-187
49	-186
51	-187
53	-186
56	-186
58	-185
61	-185
63	-186
66	-187
68	-187
71	-186
73	-186
76	-187
78	-188
80	-186
83	-186
85	-186
88	-186
90	-186
93	-186
95	-186
98	-186
100	-186
103	-187
105	-186
108	-186
110	-187
113	-187
115	-186
117	-186
120	-187
123	-188
125	-188
127	-186
130	-186
132	-186
135	-187
137	-186
140	-185
142	-186
145	-186
147	-186
150	-187
152	-187
155	-186
157	-187
160	-188
162	-188
165	-186
167	-186
170	-187
172	-187
175	-187
177	-187
179	-185
182	-186
185	-187
187	-187
190	-187
192	-187
194	-186
197	-187
200	-188
202	-187
204	-186
207	-187
209	-186
212	-187
215	-188
217	-187
219	-187
222	-188
224	-186
227	-187
230	-188
232	-189
235	-189
237	-187
239	-186
242	-185
244	-186
247	-187
250	-187
252	-188
255	-188
257	-188
260	-187
262	-186
265	-187
267	-186
270	-187
273	-188
275	-187
277	-187
280	-186
282	-187
285	-186
287	-186
290	-185
292	-186
295	-187
298	-189
300	-187
303	-188
306	-188
308	-188
310	-186
313	-186
315	-186
318	-188
321	-187
323	-186
325	-185
326	-175
328	-172
330	-170
332	-171
335	-171
338	-173
340	-170
343	-171
345	-172
348	-172
351	-173
353	-173
356	-173
358	-172
361	-172
363	-172
366	-172
368	-172
371	-171
373	-171
376	-172
379	-172
381	-172
384	-171
386	-171
388	-170
391	-171
394	-172
396	-171
399	-172
402	-173
405	-173
407	-172
409	-171
412	-172
415	-173
418	-173
420	-172
422	-171
425	-171
428	-172
430	-172
433	-172
435	-172
438	-172
441	-171
443	-172
446	-171
448	-170
451	-170
454	-173
457	-173
459	-173
462	-174
464	-172
467	-173
470	-173
472	-172
475	-172
478	-174
480	-173
482	-169
484	-167
486	-166
488	-163
489	-159
490	-154
495	-159
495	-151
494	-140
494	-132
495	-127
496	-122
498	-118
497	-108
0	0
0	0
0	0
0	0
0	0
0	0
0	0
0	0
0	0
0	0
0	0
0	0
0	0
500	-7
502	-7
578	-208
563	-158
564	-151
563	-140
565	-139
567	-138
570	-137
572	-135
574	-134
577	-135
581	-138
585	-142
592	-156
599	-166
601	-166
601	-159
602	-153
604	-151
606	-150
609	-149
611	-148
615	-150
619	-155
625	-162
628	-163
629	-159
630	-156
632	-154
635	-154
637	-152
639	-149
641	-148
644	-148
647	-149
651	-153
654	-153
657	-154
660	-155
664	-156
667	-157
670	-157
673	-157
675	-157
678	-156
679	-152
680	-148
683	-148
686	-148
687	-145
690	-144
694	-147
697	-150
702	-154
706	-156
708	-155
711	-154
713	-152
715	-151
718	-152
721	-151
723	-150
725	-148
727	-147
729	-145
732	-145
735	-145
737	-144
740	-142
742	-141
744	-139
744	-134
746	-130
746	-125
747	-120
748	-116
748	-109
718	-24
718	-19
719	-16
720	-11
720	-7
721	-3
723	-1
725	0
727	1
730	0
733	1
736	1
738	2
740	2
744	1
747	-1
751	-2
753	-2
756	-2
758	0
761	-1
763	-0
765	2
767	3
770	2
774	0
777	-1
780	-1
783	-2
886	-189
867	-146
871	-148
876	-152
881	-155
885	-158
888	-157
889	-152
889	-147
889	-142
891	-139
893	-138
896	-137
899	-138
904	-140
915	-156
918	-156
919	-151
918	-145
919	-141
921	-138
922	-135
925	-133
927	-133
930	-133
933	-132
937	-133
969	-186
975	-190
978	-191
981	-190
984	-191
987	-190
990	-190
993	-189
996	-188
998	-186
1000	-183
1002	-183
1005	-182
1009	-183
1013	-184
1017	-185
1019	-184
1023	-184
1026	-184
1030	-185
1034	-187
1036	-185
1039	-185
1043	-185
1046	-185
1050	-186
1052	-184
1056	-185
1059	-184
1061	-181
1062	-178
1063	-175
1065	-172
1066	-169
1068	-166
1071	-166
1076	-168
1083	-174
1088	-177
1091	-176
1094	-175
1097	-175
1100	-175
1104	-175
1107	-174
1108	-172
1110	-169
1112	-166
1114	-165
1120	-168
1125	-171
1129	-173
1135	-176
1135	-170
1133	-163
1134	-159
1136	-156
1139	-156
1143	-157
1147	-157
1150	-156
1154	-158
1165	-169
1177	-181
1180	-181
1185	-183
1188	-183
1181	-167
1180	-160
1183	-159
1192	-167
1201	-175
1204	-174
1207	-173
1210	-173
1214	-173
1217	-173
1221	-173
1225	-174
1230	-176
1234	-176
1238	-177
1242	-177
1246	-178
1250	-179
1253	-178
1256	-177
1260	-177
1263	-177
1266	-176
1270	-176
1275	-178
1279	-178
1281	-176
1289	-181
1297	-188
1300	-187
1304	-188
1307	-187
1310	-185
1311	-181
1314	-180
1317	-179
1320	-178
1321	-174
1322	-171
1324	-168
1327	-167
1330	-166
1338	-171
1343	-174
1346	-173
1348	-169
1355	-174
1357	-172
1363	-174
1371	-179
1375	-180
1377	-177
1378	-174
1380	-172
1385	-172
1387	-170
1388	-167
1391	-166
1394	-165
1399	-165
1405	-168
1410	-170
1413	-169
1416	-168
1419	-166
1422	-165
1427	-166
1431	-166
1435	-166
1439	-166
1443	-166
1448	-167
1462	-179
1465	-177
1467	-175
1469	-173
1472	-171
1476	-172
1481	-172
1483	-170
1487	-170
1490	-168
1492	-166
1495	-164
1498	-163
1501	-162
1505	-162
1511	-164
1516	-165
1520	-165
1521	-161
1525	-161
1533	-165
1541	-169
1548	-173
1552	-173
1555	-171
1558	-169
1560	-167
1562	-164
1566	-165
1573	-168
1582	-173
1587	-173
1591	-173
1595	-172
1599	-172
1604	-173
1611	-176
1619	-179
1623	-179
1623	-174
1623	-170
1625	-166
1627	-164
1631	-164
1639	-168
1649	-174
1652	-172
1655	-171
1662	-173
1669	-176
1674	-176
1681	-179
1687	-180
1690	-178
1691	-174
1691	-170
1692	-166
1694	-163
1696	-160
1698	-158
1703	-158
1708	-158
1714	-160
1724	-166
1734	-171
1740	-173
1743	-171
1747	-169
1750	-168
1753	-166
1753	-162
1751	-155
1750	-149
1753	-147
1762	-151
1766	-150
1769	-149
1776	-151
1791	-162
1797	-163
1802	-162
1806	-161
1808	-159
1811	-156
1813	-154
1817	-153
1822	-153
1831	-157
1838	-159
1842	-158
1845	-157
1849	-155
1854	-155
1857	-153
1860	-151
1862	-149
1865	-146
1868	-145
1871	-143
1875	-142
1881	-142
1886	-143
1894	-145
1908	-153
1910	-150
1912	-147
1914	-145
1917	-143
1921	-141
1923	-138
1926	-137
1931	-136
1937	-137
1943	-137
1948	-138
1953	-137
1958	-137
1965	-138
1968	-136
1969	-132
1972	-130
1974	-128
1976	-124
1977	-120
1978	-116
1979	-113
1982	-110
1985	-108
1987	-106
1993	-106
2006	-112
2015	-116
2021	-116
2026	-116
2032	-116
2051	-127
2058	-129
2061	-127
2064	-124
2067	-122
2070	-120
2074	-118
2078	-117
2082	-115
2085	-113
2089	-112
2093	-111
2098	-110
2101	-108
2104	-106
2108	-104
2112	-102
2115	-100
2120	-99
2120	-94
2121	-90
2123	-88
2128	-87
2134	-87
2138	-85
2141	-83
2143	-80
2145	-77
2147	-74
2152	-73
2163	-77
2169	-77
2177	-79
2188	-83
2194	-82
2197	-80
2198	-76
2201	-73
2201	-69
2202	-65
2203	-61
2204	-57
2206	-54
2206	-49
2205	-43
2206	-40
2207	-36
2207	-32
2209	-28
2210	-24
2210	-20
2210	-15
2210	-10
2209	-5
2210	-1
2212	2
2214	5
2213	11
2214	14
2216	18
2215	23
2215	27
2216	32
2217	35
2218	39
2219	43
2219	47
2221	51
2222	54
2223	58
2224	62
2225	65
2226	69
2227	73
2227	77
2228	81
2230	84
2230	89
2230	93
2230	97
2232	101
2232	105
2233	109
2234	113
2235	116
2235	120
2236	125
2237	128
2238	132
2238	136
2238	141
2238	145
2240	148
2241	152
2241	156
2242	160
2244	163
2243	168
2244	171
2246	174
2246	178
2248	182
2249	186
2249	190
2248	194
2249	198
2249	202
2250	206
2251	210
2252	213
2253	217
2254	221
2255	224
2256	227
2257	232
2257	236
2257	240
2257	244
2258	247
2258	251
2260	255
2261	259
2262	262
2264	265
2265	268
2267	271
2271	273
2273	276
2275	279
2277	282
2277	286
2278	290
2279	293
2279	297
2278	302
2279	306
2279	309
2280	313
2281	317
2282	320
2283	324
2284	327
2285	331
2285	335
2285	339
2285	343
2287	346
2289	349
2289	353
2289	357
2289	361
2290	364
2291	368
2293	371
2293	375
2295	378
2295	382
2296	385
2297	389
2298	393
2299	396
2299	400
2299	404
2300	407
2299	412
2301	415
2302	418
2303	421
2304	425
2305	429
2306	432
2306	436
2307	439
2308	443
2309	446
2309	450
2309	454
2311	457
2312	460
2312	464
2313	468
2313	472
2314	475
2316	478
2317	482
2316	486
2317	489
2318	493
2319	496
2320	499
2321	503
2322	506
2323	510
2323	513
2324	517
2324	521
2324	524
2324	528
2324	532
2324	536
2326	539
2327	543
2326	547
2325	551
2326	554
2327	558
2329	561
2328	565
2328	569
2327	573
2329	576
2330	579
2331	582
2331	586
2332	590
2332	593
2333	597
2333	601
2333	604
2335	607
2336	610
2337	614
2338	617
2338	621
2339	624
2338	628
2340	631
2340	635
2342	638
2343	641
2343	645
2344	648
2345	651
2346	655
2346	658
2346	662
2347	665
2348	669
2349	672
2347	676
2348	680
2349	683
2349	687
2351	690
2351	693
2352	697
2353	700
2353	704
2353	707
2355	710
2355	714
2355	717
2356	721
2356	724
2357	728
2358	731
2359	734
2359	738
2360	741
2362	744
2363	747
2362	751
2362	755
2363	758
2363	762
2364	765
2363	769
2363	773
2364	776
2365	779
2366	782
2367	786
2367	789
2366	793
2367	796
2368	800
2369	803
2370	806
2371	809
2372	813
2372	816
2373	819
2374	823
2374	826
2374	830
2375	833
2376	836
2376	840
2377	843
2377	847
2376	851
2376	854
2378	857
2379	860
2379	864
2379	867
2380	870
2382	874
2383	877
2383	880
2383	884
2385	887
2385	890
2385	894
2385	897
2386	900
2387	904
2387	907
2387	911
2388	914
2390	917
2390	920
2390	924
2391	927
2391	930
2391	934
2393	937
2395	940
2396	943
2396	947
2395	950
2394	954
2394	958
2395	961
2396	964
2396	967
2397	971
2397	974
2398	977
2398	981
2398	984
2398	988
2400	991
2402	994
2403	997
2402	1001
2402	1004
2403	1007
2404	1010
2404	1014
2403	1018
2404	1021
2405	1024
2406	1027
2406	1031
2407	1034
2408	1037
2409	1040
2409	1044
2409	1047
2410	1050
2410	1054
2411	1057
2412	1060
2412	1064
2414	1067
2415	1070
2412	1074
2412	1077
2413	1081
2413	1084
2414	1087
2415	1090
2416	1093
2417	1097
2418	1100
2417	1103
2418	1107
2419	1110
2420	1113
2420	1116
2421	1120
2421	1123
2422	1126
2421	1130
2422	1133
2423	1136
2424	1140
2424	1143
2424	1146
2426	1149
2424	1153
2425	1156
2426	1160
2427	1163
2428	1166
2428	1169
2427	1173
2427	1176
2426	1180
2427	1183
2427	1186
2428	1190
2429	1193
2429	1196
2431	1199
2431	1202
2432	1206
2432	1209
2432	1212
2433	1216
2433	1219
2433	1222
2434	1226
2434	1229
2434	1232
2434	1236
2434	1239
2435	1242
2434	1246
2435	1249
2436	1252
2435	1256
2437	1259
2436	1262
2438	1265
2438	1269
2439	1272
2439	1275
2439	1279
2440	1282
2440	1285
2441	1288
2442	1292
2443	1295
2442	1298
2443	1302
2442	1305
2443	1308
2444	1311
2446	1314
2445	1318
2445	1321
2447	1324
2447	1328
2447	1331
2447	1334
2448	1338
2449	1341
2447	1344
2447	1348
2449	1351
2449	1354
2450	1357
2451	1361
2451	1364
2449	1368
2448	1371
2449	1374
2453	1377
2453	1380
2454	1384
2453	1387
2454	1390
2454	1394
2454	1397
2454	1400
2454	1404
2455	1407
2456	1410
2456	1413
2455	1417
2455	1420
2456	1423
2457	1427
2458	1430
2457	1433
2458	1436
2458	1440
2459	1443
2460	1446
2461	1449
2461	1453
2460	1456
2462	1459
2462	1463
2461	1466
2462	1469
2462	1473
2463	1476
2463	1479
2464	1482
2465	1486
2465	1489
2465	1492
2465	1496
2464	1499
2466	1502
2466	1506
2467	1509
2467	1512
2467	1515
2466	1519
2466	1522
2467	1525
2467	1529
2468	1532
2469	1535
2468	1539
2469	1542
2469	1545
2469	1549
2469	1552
2469	1555
2471	1558
2472	1562
2473	1565
2473	1568
2474	1572
2475	1575
2475	1578
2476	1581
2475	1585
2474	1588
2474	1591
2475	1595
2477	1598
2477	1601
2477	1605
2478	1608
2479	1611
2480	1615
2480	1618
2480	1621
2481	1625
2481	1628
2480	1631
2481	1634
2481	1638
2481	1641
2483	1644
2484	1648
2484	1651
