2801	1672
2802	1676
2802	1680
2803	1683
2804	1687
2805	1691
2809	1698
2810	1702
2811	1706
2812	1710
2813	1713
2814	1717
2814	1721
2815	1725
2816	1729
2816	1732
2816	1736
2815	1740
2816	1744
2817	1747
2818	1751
2819	1755
2819	1759
2819	1763
2820	1766
2821	1770
2821	1774
2821	1778
2820	1781
2821	1785
2821	1789
2822	1793
2823	1797
2823	1800
2823	1804
2823	1808
2824	1812
2825	1816
2825	1819
2826	1823
2827	1827
2828	1831
2829	1835
2830	1839
2831	1843
2832	1846
2832	1850
2833	1854
2833	1858
2833	1862
2832	1865
2834	1869
2836	1873
2837	1877
2838	1881
2839	1885
2839	1889
2840	1893
2840	1897
2841	1900
2842	1904
2843	1908
2843	1912
2843	1916
2844	1920
2844	1924
2844	1927
2845	1931
2845	1935
2846	1939
2847	1943
2847	1947
2848	1951
2849	1955
2849	1959
2849	1962
2850	1966
2849	1970
2850	1974
2852	1978
2853	1982
2854	1986
2854	1990
2854	1994
2853	1998
2852	2001
2852	2005
2852	2009
2856	2013
2858	2017
2859	2021
2859	2025
2860	2029
2860	2033
2861	2037
2861	2041
2860	2045
2861	2049
2860	2053
2861	2057
2861	2060
2862	2064
2863	2069
2864	2072
2864	2076
2865	2080
2865	2084
2865	2088
2866	2092
2867	2096
2867	2100
2867	2104
2868	2108
2869	2112
2870	2116
2870	2120
2870	2124
2870	2128
2869	2132
2871	2136
2871	2140
2872	2144
2872	2148
2871	2152
2873	2156
2874	2160
2873	2164
2873	2168
2873	2172
2874	2176
2875	2180
2875	2184
2876	2188
2876	2192
2876	2196
2876	2200
2877	2204
2877	2208
2876	2212
2879	2217
2880	2221
2880	2225
2881	2229
2881	2233
2880	2237
2880	2241
2882	2245
2881	2249
2881	2253
2881	2257
2882	2261
2881	2265
2881	2269
2881	2273
2881	2277
2882	2281
2883	2285
2884	2290
2884	2294
2885	2298
2886	2302
2886	2306
2887	2310
2888	2315
2890	2319
2891	2323
2892	2328
2892	2332
2893	2336
2896	2340
2897	2345
2898	2349
2900	2354
2901	2358
2902	2362
2902	2366
2903	2371
2904	2375
2903	2379
2902	2383
2902	2387
2904	2392
2905	2396
2905	2400
2906	2404
2906	2408
2906	2412
2906	2416
2907	2421
2907	2425
2908	2429
2908	2433
2909	2438
2909	2442
2909	2446
2909	2451
2909	2455
2911	2459
2911	2463
2911	2468
2911	2472
2911	2476
2911	2480
2912	2484
2912	2489
2911	2493
2912	2497
2912	2501
2911	2505
2910	2509
2910	2513
2911	2518
2912	2522
2915	2527
2917	2532
2917	2536
2919	2541
2920	2545
2920	2550
2921	2554
2921	2559
2921	2563
2920	2567
2920	2571
2921	2576
2921	2580
2922	2584
2921	2588
2922	2593
2922	2597
2923	2602
2924	2606
2923	2610
2922	2614
2922	2619
2923	2623
2922	2627
2923	2632
2924	2636
2924	2641
2925	2645
2927	2650
2926	2654
2929	2660
2930	2664
2932	2669
2933	2674
2934	2679
2937	2684
2937	2688
2938	2693
2938	2697
2939	2702
2940	2707
2940	2711
2941	2716
2940	2720
2942	2725
2943	2730
2943	2734
2943	2739
2944	2743
2944	2748
2946	2753
2946	2757
2947	2762
2947	2767
2947	2771
2946	2775
2947	2780
2946	2784
2946	2788
2946	2793
2948	2798
2947	2802
2947	2807
2948	2812
2948	2816
2948	2821
2946	2825
2947	2829
2947	2834
2946	2838
2946	2842
2946	2847
2946	2851
2945	2856
2944	2860
2947	2865
2946	2870
2946	2874
2945	2878
2944	2883
2943	2887
2943	2891
2943	2896
2943	2901
2944	2905
2944	2910
2945	2915
2946	2920
2947	2925
2949	2930
2950	2935
2950	2940
2951	2945
2951	2950
2951	2955
2951	2959
2951	2964
2953	2969
2954	2974
2955	2979
2955	2984
2955	2989
2954	2993
2955	2998
2956	3003
2956	3008
2957	3013
2957	3018
2957	3023
2958	3028
2958	3033
2958	3037
2957	3042
2956	3046
2956	3051
2956	3056
2956	3060
2956	3065
2957	3070
2958	3076
2958	3080
2958	3085
2958	3090
2958	3095
2959	3100
2959	3105
2959	3110
2959	3114
2959	3119
2960	3124
2959	3129
2958	3133
2957	3138
2957	3142
2957	3147
2956	3152
2955	3156
2955	3161
2955	3166
2954	3171
2952	3174
2942	3174
2914	3165
2892	3159
2886	3161
2883	3165
2881	3168
2879	3172
2879	3177
2952	3224
2954	3230
2953	3234
2954	3240
2953	3244
2951	3248
2950	3253
2949	3257
2950	3263
2949	3267
2949	3272
2950	3278
2950	3283
2949	3288
2951	3293
2950	3298
2950	3303
2951	3309
2951	3314
2951	3319
2951	3324
2951	3329
2951	3334
2950	3339
2950	3344
2949	3349
2949	3354
2947	3358
2947	3363
2948	3369
2949	3374
2949	3380
2949	3385
2949	3390
2949	3395
2948	3400
2948	3405
2947	3410
2946	3415
2946	3420
2946	3425
2946	3430
2944	3434
2944	3439
2946	3446
2946	3451
2945	3456
2945	3461
2943	3466
2944	3471
2943	3476
2942	3481
2942	3486
2941	3491
2940	3495
2938	3500
2938	3505
2938	3511
2940	3517
2939	3522
2938	3527
2937	3532
2937	3537
2936	3542
2935	3547
2935	3552
2932	3556
2930	3560
2930	3565
2931	3571
2930	3576
2927	3580
2926	3584
2927	3591
2927	3596
2926	3601
2925	3606
2924	3611
2923	3615
2922	3620
2921	3625
2920	3630
2918	3635
2917	3640
2916	3645
2916	3650
2915	3655
2913	3659
2915	3666
2914	3671
2913	3676
2913	3682
2912	3687
2911	3692
2909	3696
2909	3702
2908	3707
2906	3711
2905	3716
2904	3721
2903	3726
2902	3731
2901	3736
2901	3742
2901	3748
2900	3753
2899	3758
2898	3763
2896	3767
2894	3772
2893	3777
2893	3782
2892	3788
2891	3793
2889	3798
2889	3803
2887	3808
2886	3813
2886	3819
2884	3823
2884	3829
2882	3833
2881	3838
2880	3843
2878	3848
2876	3853
2876	3859
2875	3864
2873	3868
2871	3872
2870	3878
2870	3884
2869	3889
2871	3897
2871	3902
2869	3908
2869	3913
2867	3918
2866	3923
2865	3928
2863	3933
2862	3938
2861	3943
2859	3949
2857	3953
2856	3958
2854	3962
2853	3968
2852	3973
2850	3978
2848	3983
2846	3987
2844	3992
2843	3997
2841	4002
2840	4007
2839	4013
2837	4017
2834	4021
2832	4026
2830	4031
2829	4036
2828	4041
2825	4045
2817	4045
2818	4052
2827	4066
2825	4070
2818	4072
2809	4070
2811	4079
2809	4083
2808	4088
2804	4092
2802	4096
2800	4101
2798	4106
2797	4111
2795	4116
2792	4120
2791	4125
2788	4129
2786	4134
2783	4138
2781	4143
2779	4148
2777	4153
2776	4158
2775	4163
2773	4168
2770	4173
2768	4177
2767	4183
2765	4188
2763	4193
2762	4198
2759	4202
2758	4208
2755	4212
2754	4217
2753	4223
2749	4227
2747	4232
2746	4237
2744	4242
2741	4246
2738	4250
2737	4256
2735	4261
2732	4265
2729	4269
2727	4274
2725	4279
2722	4283
2719	4287
2720	4295
2718	4299
2717	4305
2687	4353
2683	4356
2680	4360
2677	4365
2675	4369
2672	4373
2669	4377
2665	4381
2665	4387
2662	4392
2660	4397
2657	4401
2653	4404
2651	4409
2648	4413
2645	4417
2642	4421
2639	4426
2636	4430
2633	4434
2632	4440
2630	4445
2627	4450
2625	4455
2623	4460
2621	4465
2618	4469
2615	4473
2611	4477
2608	4481
2606	4486
2604	4491
2601	4495
2598	4499
2595	4503
2593	4509
2590	4513
2586	4517
2583	4521
2581	4526
2578	4530
2575	4534
2571	4538
2568	4542
2566	4547
2563	4552
2560	4555
2555	4558
2552	4562
2549	4566
2546	4570
2542	4574
2540	4579
2536	4583
2533	4587
2530	4590
2526	4594
2523	4599
2519	4602
2516	4605
2513	4610
2511	4615
2507	4619
2504	4623
2500	4626
2496	4629
2493	4633
2490	4638
2486	4642
2482	4645
2479	4649
2476	4653
2473	4657
2470	4661
2466	4665
2462	4668
2458	4672
2455	4675
2451	4679
2447	4683
2443	4686
2440	4689
2436	4693
2434	4698
2430	4702
2426	4705
2422	4709
2420	4713
2417	4718
2414	4722
2410	4725
2406	4729
2402	4733
2398	4736
2394	4738
2388	4740
2384	4742
2382	4749
2380	4754
2376	4758
2373	4762
2371	4767
2368	4772
2363	4774
2359	4777
2355	4781
2352	4784
2348	4788
2344	4791
2338	4792
2334	4796
2332	4801
2333	4811
2330	4815
2326	4819
2323	4824
2320	4828
2315	4830
2311	4832
2306	4836
2302	4839
2299	4843
2296	4847
2292	4851
2288	4853
2282	4855
2276	4856
2272	4858
2267	4861
2264	4865
2260	4869
2257	4872
2253	4876
2249	4879
2245	4882
2242	4887
2238	4891
2235	4895
2232	4900
2230	4905
2227	4910
2222	4913
2218	4916
2214	4920
2211	4924
2208	4928
2205	4933
2202	4938
2198	4942
2195	4946
2190	4949
2187	4953
2184	4957
2180	4961
2176	4965
2171	4967
2166	4969
2162	4972
2158	4975
2154	4978
2150	4982
2148	4988
2144	4992
2142	4998
2138	5001
2134	5005
2130	5009
2126	5011
2121	5013
2116	5016
2112	5018
2108	5021
2104	5026
2100	5029
2098	5035
2095	5040
2091	5043
2086	5045
2081	5047
2077	5051
2072	5053
2067	5055
2064	5060
2061	5065
2057	5069
2053	5072
2050	5076
2046	5080
2041	5082
2036	5084
2032	5087
2027	5089
2022	5092
2017	5094
2012	5095
2007	5097
2003	5101
1999	5104
1994	5105
1990	5108
1986	5112
1982	5116
1977	5118
1972	5119
1967	5121
1962	5122
1958	5126
1953	5129
1948	5129
1943	5132
1938	5134
1933	5135
1928	5137
1924	5141
1920	5143
1915	5146
1911	5149
1906	5152
1901	5154
1896	5155
1892	5158
1887	5161
1882	5162
1878	5166
1874	5169
1870	5172
1865	5175
1862	5179
1859	5185
1856	5190
1851	5191
1847	5195
1843	5199
1840	5204
1836	5209
1833	5213
1829	5217
1825	5221
1821	5225
1818	5229
1813	5233
1808	5233
1802	5233
1796	5234
1792	5237
1788	5241
1783	5243
1779	5247
1775	5250
1771	5254
1766	5256
1761	5258
1756	5259
1751	5261
1745	5261
1741	5264
1736	5266
1731	5268
1727	5271
1722	5272
1717	5275
1714	5280
1709	5283
1705	5286
1700	5287
1694	5287
1687	5286
1681	5285
1677	5287
1672	5291
1668	5293
1663	5296
1658	5297
1654	5301
1650	5304
1646	5308
1640	5307
1635	5310
1631	5313
1626	5315
1621	5317
1617	5321
1613	5325
1608	5326
1602	5327
1598	5329
1593	5331
1588	5332
1582	5333
1577	5334
1573	5337
1568	5339
1564	5343
1560	5347
1555	5349
1550	5351
1545	5353
1540	5355
1534	5353
1528	5353
1523	5355
1519	5358
1514	5360
1509	5362
1505	5365
1500	5368
1495	5369
1491	5372
1485	5373
1479	5372
1474	5373
1469	5375
1465	5378
1460	5380
1455	5382
1450	5384
1446	5386
1441	5388
1435	5388
1430	5388
1424	5389
1419	5389
1413	5390
1408	5390
1403	5391
1398	5394
1394	5398
1390	5402
1385	5405
1380	5406
1375	5406
1369	5406
1364	5406
1359	5407
1353	5406
1347	5406
1342	5408
1337	5409
1332	5411
1327	5413
1322	5415
1317	5415
1311	5414
1306	5414
1301	5416
1296	5419
1291	5420
1286	5422
1281	5423
1277	5428
1273	5433
1268	5431
1262	5432
1257	5433
1252	5435
1247	5436
1242	5438
1237	5440
1233	5443
1229	5446
1224	5448
1219	5450
1214	5451
1209	5453
1205	5456
1200	5458
1194	5458
1188	5458
1183	5457
1178	5458
1172	5457
1167	5458
1162	5461
1157	5463
1153	5465
1147	5466
1142	5465
1136	5465
1130	5462
1124	5461
1119	5461
1114	5463
1109	5465
1105	5468
1100	5470
1095	5472
1090	5472
1085	5474
1080	5475
1075	5479
1070	5480
1065	5479
1059	5479
1054	5481
1049	5482
1045	5486
1041	5490
1036	5492
1031	5493
1025	5492
1020	5492
1015	5493
1010	5497
1005	5498
1001	5500
996	5504
991	5505
986	5505
980	5505
975	5506
970	5508
965	5509
960	5509
955	5511
950	5512
945	5513
940	5515
935	5515
930	5517
926	5520
921	5523
916	5524
910	5523
905	5522
899	5522
894	5522
889	5523
883	5522
878	5523
872	5520
866	5518
861	5519
856	5519
851	5518
845	5519
840	5520
835	5520
830	5519
825	5521
819	5521
814	5521
809	5522
804	5524
799	5525
794	5526
789	5528
784	5529
779	5528
773	5525
767	5523
762	5524
758	5527
753	5529
747	5526
741	5526
736	5525
731	5524
725	5522
720	5522
715	5523
710	5526
705	5528
700	5529
695	5530
690	5531
685	5533
680	5535
675	5536
670	5536
665	5537
660	5538
655	5537
649	5535
644	5535
639	5535
634	5535
629	5538
624	5542
619	5543
614	5543
609	5544
604	5546
599	5545
594	5546
589	5545
583	5544
578	5544
573	5544
568	5544
562	5542
557	5539
551	5538
546	5537
540	5536
535	5535
530	5535
525	5535
520	5535
515	5535
510	5536
505	5537
500	5538
495	5540
490	5543
485	5544
480	5545
475	5545
469	5542
464	5540
459	5540
454	5542
448	5540
444	5542
438	5541
433	5538
428	5537
423	5539
418	5539
413	5540
407	5540
402	5541
397	5542
392	5541
387	5541
382	5540
377	5540
372	5541
367	5541
361	5540
356	5539
351	5539
346	5539
341	5539
336	5538
331	5540
326	5540
321	5542
316	5542
311	5541
306	5542
301	5544
296	5544
290	5541
285	5538
280	5537
275	5537
270	5538
265	5539
260	5540
254	5539
249	5539
244	5540
239	5538
234	5539
229	5539
224	5536
219	5536
214	5534
208	5535
204	5536
199	5537
193	5538
188	5538
183	5537
178	5537
173	5537
168	5536
163	5536
158	5537
153	5536
148	5534
143	5531
137	5529
132	5527
127	5526
122	5527
117	5526
112	5526
107	5526
102	5526
97	5525
92	5526
88	5555
54	5036
50	5036
46	5032
41	5031
37	5030
32	5031
28	5031
23	5024
19	5017
14	5013
10	5008
6	5007
1	5009
-3	5009
-7	5010
-12	5011
-16	5012
-20	5022
-25	5029
-29	5031
-33	5030
-38	5030
-42	5032
-46	5035
-51	5036
-55	5034
-69	5505
-74	5501
-79	5500
-84	5501
-89	5499
-94	5497
-99	5496
-104	5497
-109	5495
-114	5493
-119	5493
-124	5495
-129	5495
-134	5493
-139	5491
-144	5492
-149	5492
-154	5490
-158	5485
-163	5483
-168	5483
-173	5484
-178	5484
-183	5484
-188	5483
-193	5482
-198	5483
-203	5482
-208	5481
-213	5481
-218	5482
-223	5482
-228	5480
-233	5478
-238	5476
-243	5474
-247	5473
-252	5473
-257	5473
-262	5474
-267	5475
-272	5473
-277	5471
-282	5470
-287	5469
-292	5464
-296	5460
-301	5458
-306	5457
-311	5459
-316	5460
-321	5460
-326	5460
-331	5460
-336	5461
-341	5465
-346	5467
-351	5466
-356	5466
-361	5466
-366	5461
-371	5459
-375	5456
-380	5454
-385	5451
-390	5447
-394	5446
-399	5445
-404	5446
-409	5445
-414	5443
-419	5441
-424	5441
-429	5440
-433	5439
-438	5436
-443	5433
-447	5425
-452	5422
-456	5419
-461	5417
-466	5416
-470	5414
-475	5413
-480	5411
-485	5410
-490	5410
-495	5409
-500	5410
-505	5410
-510	5412
-515	5413
-520	5415
-526	5420
-530	5419
-535	5420
-541	5421
-546	5423
-551	5427
-557	5429
-561	5428
-566	5428
-571	5426
-576	5426
-581	5429
-587	5431
-592	5434
-597	5434
-602	5436
-607	5436
-612	5434
-617	5434
-622	5435
-628	5437
-633	5438
-638	5438
-643	5439
-648	5439
-653	5435
-657	5434
-662	5434
-668	5435
-673	5435
-678	5437
-683	5437
-688	5436
-693	5434
-697	5433
-703	5433
-708	5433
-713	5432
-718	5433
-722	5431
-727	5429
-732	5427
-737	5426
-741	5424
-746	5423
-751	5423
-756	5421
-761	5419
-766	5419
-771	5418
-775	5417
-780	5416
-785	5415
-790	5414
-795	5413
-800	5412
-805	5411
-810	5410
-815	5410
-820	5410
-825	5409
-829	5408
-831	5392
-830	5363
-833	5353
-842	5373
-850	5388
-856	5390
-861	5388
-865	5386
-870	5384
-875	5383
-880	5381
-884	5380
-889	5378
-893	5374
-897	5370
-902	5367
-906	5364
-910	5360
-914	5356
-918	5352
-923	5349
-928	5348
-933	5348
-937	5345
-941	5342
-946	5340
-951	5339
-955	5337
-960	5336
-964	5333
-969	5330
-974	5331
-979	5332
-984	5332
-989	5330
-994	5327
-998	5326
-1003	5326
-1008	5325
-1013	5322
-1017	5319
-1021	5316
-1026	5316
-1031	5315
-1036	5313
-1040	5310
-1044	5306
-1048	5304
-1053	5302
-1058	5302
-1063	5302
-1068	5300
-1072	5299
-1077	5298
-1082	5295
-1086	5293
-1090	5290
-1095	5288
-1099	5286
-1104	5284
-1108	5281
-1112	5277
-1117	5276
-1122	5277
-1127	5276
-1132	5276
-1137	5276
-1143	5277
-1148	5278
-1154	5280
-1159	5281
-1164	5281
-1170	5281
-1175	5281
-1179	5279
-1184	5277
-1188	5275
-1193	5274
-1197	5271
-1201	5266
-1205	5262
-1209	5259
-1213	5257
-1218	5254
-1222	5252
-1226	5249
-1231	5246
-1235	5243
-1239	5239
-1243	5237
-1248	5235
-1253	5234
-1257	5233
-1262	5231
-1266	5228
-1270	5224
-1274	5223
-1279	5220
-1283	5218
-1288	5217
-1293	5216
-1298	5215
-1302	5212
-1306	5211
-1311	5210
-1316	5207
-1320	5205
-1324	5202
-1329	5201
-1335	5203
-1340	5202
-1343	5197
-1347	5194
-1352	5193
-1357	5192
-1361	5190
-1362	5179
-1364	5170
-1369	5168
-1375	5170
-1381	5172
-1385	5170
-1390	5168
-1394	5167
-1399	5164
-1403	5161
-1407	5159
-1412	5158
-1416	5156
-1422	5156
-1427	5157
-1433	5159
-1438	5158
-1443	5157
-1448	5156
-1453	5155
-1457	5153
-1461	5150
-1465	5147
-1470	5144
-1474	5142
-1479	5141
-1483	5139
-1488	5138
-1493	5136
-1496	5132
-1500	5128
-1504	5126
-1509	5125
-1514	5124
-1518	5120
-1521	5116
-1525	5113
-1529	5111
-1533	5107
-1537	5103
-1541	5100
-1545	5098
-1551	5100
-1558	5102
-1562	5099
-1565	5094
-1570	5093
-1574	5091
-1578	5088
-1583	5086
-1587	5084
-1592	5082
-1595	5079
-1598	5074
-1602	5069
-1606	5066
-1609	5062
-1613	5058
-1617	5056
-1622	5054
-1627	5054
-1632	5053
-1636	5050
-1640	5048
-1644	5046
-1649	5045
-1654	5043
-1658	5040
-1662	5039
-1667	5036
-1671	5034
-1676	5032
-1680	5029
-1683	5024
-1685	5019
-1690	5017
-1695	5017
-1699	5014
-1703	5011
-1706	5006
-1710	5002
-1713	4999
-1718	4998
-1723	4996
-1726	4993
-1730	4989
-1733	4984
-1736	4979
-1739	4974
-1741	4968
-1745	4964
-1749	4962
-1753	4960
-1758	4959
-1761	4955
-1764	4950
-1767	4945
-1771	4943
-1775	4940
-1779	4937
-1784	4935
-1787	4931
-1790	4926
-1804	4942
-1803	4930
-1808	4929
-1809	4921
-1810	4914
-1812	4907
-1816	4903
-1819	4900
-1820	4892
-1822	4885
-1825	4880
-1827	4874
-1829	4868
-1834	4867
-1840	4869
-1845	4868
-1849	4864
-1852	4861
-1856	4859
-1860	4856
-1863	4851
-1867	4848
-1871	4846
-1874	4842
-1876	4836
-1879	4832
-1885	4831
-1889	4830
-1893	4826
-1897	4824
-1901	4822
-1905	4819
-1909	4817
-1913	4814
-1917	4811
-1920	4807
-1924	4804
-1927	4800
-1932	4799
-1936	4796
-1939	4793
-1943	4790
-1947	4787
-1950	4784
-1954	4781
-1958	4777
-1962	4775
-1967	4774
-1971	4772
-1975	4769
-1978	4766
-1982	4762
-1985	4759
-1989	4756
-1993	4753
-1996	4750
-2000	4746
-2004	4744
-2008	4741
-2011	4738
-2015	4734
-2019	4733
-2025	4733
-2029	4730
-2032	4727
-2036	4724
-2040	4722
-2044	4719
-2049	4717
-2053	4715
-2057	4713
-2060	4709
-2063	4705
-2067	4702
-2071	4699
-2074	4696
-2077	4692
-2081	4689
-2084	4684
-2087	4681
-2090	4677
-2093	4673
-2097	4670
-2101	4668
-2105	4665
-2109	4662
-2112	4659
-2115	4655
-2119	4652
-2123	4649
-2126	4646
-2129	4642
-2133	4639
-2137	4637
-2140	4633
-2143	4630
-2147	4627
-2151	4624
-2154	4621
-2158	4617
-2162	4615
-2165	4612
-2169	4609
-2172	4605
-2176	4602
-2179	4599
-2183	4596
-2186	4593
-2190	4590
-2194	4587
-2197	4583
-2199	4578
-2202	4574
-2205	4570
-2209	4568
-2213	4565
-2217	4563
-2221	4560
-2224	4557
-2228	4554
-2232	4551
-2236	4548
-2239	4545
-2242	4541
-2245	4537
-2249	4535
-2253	4532
-2256	4529
-2259	4525
-2264	4523
-2267	4520
-2271	4517
-2274	4513
-2277	4510
-2281	4507
-2285	4504
-2288	4501
-2290	4496
-2293	4492
-2297	4489
-2301	4486
-2303	4482
-2307	4479
-2310	4476
-2313	4472
-2316	4468
-2316	4461
-2319	4457
-2322	4454
-2326	4451
-2328	4446
-2329	4440
-2332	4436
-2334	4432
-2337	4428
-2341	4425
-2345	4422
-2348	4419
-2351	4415
-2353	4410
-2356	4406
-2359	4403
-2361	4398
-2364	4395
-2370	4394
-2373	4391
-2375	4386
-2378	4382
-2381	4378
-2384	4375
-2386	4370
-2389	4367
-2392	4362
-2395	4359
-2399	4356
-2401	4353
-2403	4347
-2406	4343
-2409	4340
-2413	4338
-2415	4333
-2418	4329
-2420	4325
-2423	4321
-2426	4317
-2429	4314
-2431	4310
-2434	4306
-2438	4304
-2441	4300
-2444	4296
-2447	4293
-2450	4289
-2452	4284
-2454	4280
-2458	4277
-2462	4275
-2465	4271
-2468	4267
-2469	4262
-2472	4259
-2476	4255
-2478	4252
-2482	4248
-2484	4244
-2488	4241
-2490	4237
-2492	4232
-2493	4227
-2493	4221
-2495	4216
-2501	4216
-2505	4213
-2508	4209
-2511	4205
-2514	4202
-2517	4199
-2520	4195
-2520	4189
-2520	4182
-2521	4177
-2524	4173
-2527	4170
-2530	4167
-2534	4163
-2536	4159
-2539	4155
-2539	4149
-2540	4144
-2543	4141
-2544	4135
-2547	4131
-2549	4127
-2552	4124
-2555	4120
-2557	4116
-2561	4114
-2563	4109
-2566	4105
-2568	4101
-2565	4092
-2567	4088
-2571	4085
-2576	4084
-2578	4079
-2580	4075
-2583	4071
-2584	4067
-2587	4063
-2588	4058
-2589	4053
-2593	4050
-2596	4047
-2599	4043
-2602	4039
-2603	4035
-2604	4029
-2606	4025
-2610	4022
-2613	4019
-2615	4015
-2616	4010
-2620	4007
-2623	4004
-2626	4000
-2628	3996
-2629	3991
-2629	3985
-2631	3980
-2634	3977
-2636	3973
-2638	3969
-2640	3964
-2641	3960
-2644	3956
-2646	3951
-2651	3950
-2655	3947
-2658	3944
-2661	3941
-2662	3936
-2664	3931
-2666	3927
-2667	3922
-2669	3918
-2670	3913
-2671	3908
-2673	3904
-2673	3898
-2675	3893
-2676	3889
-2679	3885
-2681	3881
-2684	3878
-2686	3874
-2687	3868
-2687	3863
-2688	3858
-2690	3854
-2692	3850
-2695	3846
-2698	3843
-2701	3840
-2703	3836
-2703	3830
-2705	3826
-2709	3824
-2712	3820
-2713	3815
-2715	3811
-2714	3805
-2715	3800
-2720	3798
-2722	3794
-2725	3791
-2722	3782
-2723	3778
-2726	3775
-2727	3769
-2726	3763
-2728	3759
-2730	3755
-2732	3751
-2734	3747
-2735	3742
-2737	3738
-2740	3735
-2742	3731
-2744	3727
-2747	3724
-2748	3719
-2749	3714
-2749	3709
-2749	3704
-2751	3699
-2756	3698
-2756	3692
-2757	3688
-2752	3678
-2754	3674
-2756	3671
-2759	3667
-2762	3663
-2764	3660
-2765	3655
-2766	3650
-2769	3647
-2770	3643
-2772	3639
-2772	3633
-2772	3628
-2777	3626
-2777	3621
-2779	3617
-2782	3613
-2786	3611
-2789	3608
-2790	3603
-2791	3598
-2793	3594
-2789	3586
-2786	3579
-2789	3576
-2791	3572
-2794	3569
-2797	3565
-2797	3560
-2797	3555
-2797	3550
-2797	3544
-2798	3540
-2800	3536
-2801	3531
-2802	3527
-2803	3523
-2801	3516
-2804	3513
-2807	3510
-2808	3505
-2810	3501
-2811	3497
-2813	3493
-2815	3489
-2814	3483
-2814	3478
-2814	3473
-2816	3470
-2818	3465
-2816	3459
-2817	3454
-2817	3450
-2819	3446
-2819	3441
-2819	3436
-2819	3430
-2820	3426
-2822	3422
-2823	3418
-2825	3414
-2826	3410
-2826	3405
-2827	3400
-2826	3395
-2825	3389
-2825	3384
-2825	3379
-2825	3374
-2826	3370
-2828	3366
-2829	3362
-2830	3357
-2830	3353
-2832	3349
-2833	3344
-2833	3340
-2835	3336
-2837	3332
-2837	3327
-2838	3323
-2837	3318
-2832	3309
-2833	3305
-2832	3300
-2833	3296
-2836	3292
-2839	3289
-2837	3284
-2837	3279
-2838	3274
-2838	3270
-2839	3265
-2839	3261
-2839	3255
-2836	3249
-2836	3244
-2835	3239
-2837	3236
-2838	3231
-2839	3227
-2839	3222
-2840	3218
-2842	3214
-2843	3210
-2843	3206
-2844	3201
-2844	3197
-2843	3191
-2842	3186
-2843	3182
-2842	3177
-2836	3169
-2836	3164
-2836	3160
-2836	3155
-2837	3151
-2838	3147
-2838	3142
-2836	3136
-2837	3132
-2836	3127
-2836	3123
-2837	3119
-2838	3115
-2838	3110
-2839	3106
-2834	3099
-2836	3095
-2837	3091
-2836	3086
-2836	3082
-2836	3077
-2836	3072
-2836	3068
-2836	3063
-2837	3059
-2836	3054
-2835	3049
-2835	3045
-2836	3041
-2837	3037
-2835	3031
-2833	3026
-2828	3019
-2826	3014
-2826	3009
-2828	3006
-2829	3002
-2828	2997
-2826	2991
-2826	2987
-2827	2983
-2828	2979
-2827	2974
-2829	2971
-2827	2965
-2824	2960
-2823	2955
-2824	2951
-2823	2946
-2821	2941
-2819	2935
-2816	2930
-2815	2925
-2814	2920
-2814	2916
-2814	2912
-2814	2907
-2813	2903
-2813	2898
-2813	2894
-2811	2889
-2810	2884
-2810	2880
-2809	2875
-2809	2871
-2809	2867
-2808	2862
-2806	2857
-2805	2852
-2806	2848
-2806	2844
-2804	2839
-2803	2834
-2803	2830
-2805	2827
-2802	2822
-2801	2817
-2798	2811
-2797	2807
-2796	2802
-2800	2799
-2797	2794
-2793	2789
-2791	2784
-2791	2780
-2798	2778
-2788	2770
-2786	2765
-2787	2761
-2786	2757
-2788	2753
-2788	2749
-2790	2746
-2787	2741
-2786	2736
-2785	2732
-2777	2724
-2777	2721
-2783	2719
-2786	2716
-2781	2710
-2785	2707
-2773	2699
-2771	2694
-2770	2690
-2771	2686
-2771	2682
-2772	2678
-2777	2676
-2780	2673
-2777	2668
-2777	2664
-2769	2657
-2767	2652
-2769	2649
-2770	2646
-2771	2642
-2770	2638
-2770	2634
-2773	2630
-2770	2626
-2762	2619
-2762	2615
-2760	2610
-2756	2605
-2762	2603
-2756	2597
-2756	2593
-2754	2589
-2752	2584
-2751	2580
-2748	2575
-2747	2571
-2750	2568
-2753	2565
-2750	2560
-2748	2556
-2745	2551
-2745	2547
-2747	2543
-2746	2539
-2744	2535
-2744	2531
-2743	2527
-2741	2522
-2739	2518
-2740	2514
-2737	2510
-2739	2507
-2741	2503
-2741	2499
-2733	2493
-2734	2490
-2733	2486
-2730	2481
-2726	2476
-2726	2472
-2729	2469
-2732	2466
-2733	2463
-2731	2458
-2726	2453
-2725	2449
-2724	2445
-2724	2441
-2723	2437
-2723	2434
-2724	2430
-2722	2426
-2721	2422
-2720	2418
-2720	2414
-2721	2411
-2718	2406
-2717	2402
-2717	2398
-2718	2395
-2717	2391
-2716	2387
-2714	2383
-2712	2378
-2710	2374
-2707	2370
-2704	2365
-2705	2362
-2707	2359
-2707	2355
-2706	2351
-2706	2347
-2706	2343
-2704	2339
-2702	2335
-2701	2331
-2700	2328
-2701	2324
-2702	2321
-2701	2317
-2701	2313
-2698	2309
-2695	2304
-2695	2301
-2695	2297
-2695	2294
-2695	2290
-2695	2286
-2692	2282
-2690	2278
-2689	2274
-2690	2271
-2687	2266
-2685	2262
-2684	2258
-2683	2255
-2684	2251
-2683	2248
-2682	2244
-2681	2240
-2678	2236
-2679	2232
-2681	2229
-2678	2225
-2676	2221
-2675	2217
-2677	2214
-2677	2211
-2677	2207
-2675	2203
-2674	2199
-2672	2195
-2670	2191
-2671	2188
-2672	2185
-2671	2181
-2669	2177
-2665	2173
-2665	2169
-2663	2166
-2662	2162
-2661	2158
-2660	2154
-2659	2151
-2655	2146
-2655	2143
-2654	2139
-2653	2136
-2653	2132
-2654	2129
-2650	2125
-2648	2121
-2650	2118
-2649	2114
-2650	2111
-2650	2107
-2647	2103
-2645	2100
-2644	2096
-2641	2092
-2642	2089
-2644	2085
-2642	2082
-2640	2078
-2637	2074
-2636	2070
-2632	2067
-2629	2063
-2628	2059
-2629	2056
-2630	2053
-2631	2049
-2631	2046
-2630	2042
-2629	2039
-2629	2035
-2628	2032
-2628	2028
-2627	2025
-2626	2021
-2622	2017
-2619	2013
-2620	2010
-2622	2007
-2622	2004
-2619	2000
-2618	1996
-2619	1993
-2619	1990
-2617	1986
-2617	1983
-2615	1979
-2613	1975
-2611	1972
-2612	1969
-2610	1965
-2605	1961
-2603	1957
-2604	1954
-2603	1951
-2602	1947
-2601	1944
-2598	1940
-2595	1937
-2596	1933
-2597	1930
-2598	1927
-2595	1923
-2591	1920
-2590	1916
-2590	1913
-2591	1910
-2592	1906
-2588	1903
-2585	1899
-2585	1896
-2583	1892
-2584	1889
-2584	1886
-2581	1882
-2578	1878
-2578	1875
-2573	1872
-2572	1868
-2573	1865
-2573	1862
-2573	1858
-2571	1855
-2569	1851
-2568	1848
-2566	1845
-2564	1841
-2565	1838
-2563	1835
-2563	1831
-2560	1828
-2558	1825
-2557	1821
-2556	1818
-2557	1815
-2556	1811
-2553	1808
-2550	1805
-2548	1801
-2548	1798
-2548	1795
-2547	1791
-2547	1788
-2546	1785
-2546	1782
-2544	1778
-2543	1775
-2541	1772
-2540	1768
-2536	1765
-2528	1761
-2524	1758
-2524	1755
-2526	1752
-2527	1749
-2529	1745
-2529	1742
-2529	1739
-2526	1736
-2524	1732
-2523	1729
-2522	1726
-2522	1723
-2521	1719
-2520	1716
-2519	1713
-2517	1710
-2517	1707
-2517	1703
-2516	1700
-2515	1697
-2514	1694
-2511	1690
-2509	1687
-2504	1684
-2503	1681
-2505	1678
-2503	1675
-2499	1671
-2497	1668
-2498	1665
-2497	1662
-2495	1659
-2494	1655
-2492	1652
-2491	1649
-2490	1646
-2488	1643
-2486	1640
-2485	1637
-2481	1633
-2479	1630
-2478	1627
-2475	1624
-2473	1621
-2471	1618
-2469	1615
-2466	1612
-2465	1609
-2464	1606
-2464	1602
-2463	1599
-2462	1596
-2462	1593
-2461	1590
-2460	1587
-2460	1584
-2459	1581
-2457	1578
-2454	1575
-2452	1572
-2451	1568
-2451	1565
-2450	1562
-2447	1559
-2445	1556
-2443	1553
-2441	1550
-2439	1547
-2439	1544
-2436	1541
-2434	1538
-2432	1535
-2431	1532
-2432	1529
-2431	1526
-2429	1523
-2426	1520
-2423	1517
-2421	1514
-2420	1511
-2422	1508
-2422	1505
-2420	1502
-2421	1499
-2418	1496
-2417	1493
-2416	1490
-2416	1487
-2416	1484
-2415	1481
-2412	1478
-2409	1475
-2405	1472
-2406	1469
-2407	1466
-2405	1463
-2405	1460
-2403	1457
-2402	1454
-2401	1451
-2398	1448
-2398	1445
-2398	1442
-2397	1439
-2394	1436
-2392	1433
-2393	1430
-2392	1427
-2389	1424
-2388	1421
-2388	1418
-2388	1415
-2387	1412
-2386	1409
-2383	1407
-2383	1404
-2383	1400
-2381	1398
-2376	1395
-2380	1392
-2380	1389
-2380	1386
-2378	1383
-2376	1380
-2374	1377
-2374	1374
-2374	1371
-2371	1368
-2369	1365
-2367	1363
-2366	1360
-2364	1357
-2362	1354
-2361	1351
-2360	1348
-2362	1345
-2361	1342
-2359	1339
-2357	1336
-2359	1333
-2357	1330
-2356	1327
-2355	1325
-2353	1322
-2353	1319
-2352	1316
-2352	1313
-2352	1310
-2352	1307
-2351	1304
-2351	1301
-2350	1298
-2350	1295
-2350	1291
-2351	1288
-2351	1285
-2348	1283
-2348	1279
-2346	1277
-2345	1274
-2342	1271
-2342	1268
-2340	1265
-2339	1263
-2338	1260
-2337	1257
-2335	1254
-2335	1251
-2335	1248
-2333	1245
-2331	1243
-2329	1240
-2329	1237
-2327	1234
-2325	1231
-2324	1229
-2324	1225
-2325	1222
-2323	1219
-2322	1217
-2321	1214
-2316	1212
-2315	1209
-2315	1206
-2317	1202
-2315	1200
-2312	1197
-2310	1195
-2309	1192
-2309	1188
-2310	1185
-2308	1183
-2307	1180
-2306	1177
-2305	1174
-2304	1171
-2303	1168
-2303	1165
-2303	1162
-2302	1159
-2300	1157
-2295	1155
-2293	1152
-2294	1149
-2295	1145
-2293	1143
-2292	1140
-2291	1137
-2290	1134
-2289	1132
-2287	1129
-2284	1126
-2283	1124
-2282	1121
-2283	1118
-2284	1114
-2284	1111
-2284	1108
-2284	1105
-2282	1102
-2279	1100
-2279	1097
-2278	1094
-2277	1091
-2277	1088
-2277	1085
-2276	1082
-2275	1079
-2273	1077
-2274	1073
-2274	1070
-2271	1068
-2272	1065
-2273	1061
-2272	1058
-2271	1055
-2271	1052
-2270	1050
-2270	1046
-2269	1044
-2268	1041
-2266	1038
-2265	1035
-2264	1033
-2264	1029
-2262	1027
-2261	1024
-2260	1021
-2259	1018
-2257	1016
-2253	1014
-2257	1010
-2257	1006
-2258	1003
-2255	1001
-2254	998
-2252	995
-2251	992
-2250	990
-2251	986
-2250	983
-2248	981
-2247	978
-2247	975
-2245	972
-2243	970
-2242	967
-2243	963
-2243	960
-2242	957
-2241	955
-2240	952
-2239	949
-2237	946
-2236	944
-2235	941
-2235	938
-2235	934
-2234	932
-2231	929
-2230	927
-2228	924
-2227	922
-2226	918
-2225	916
-2225	912
-2224	910
-2221	908
-2219	905
-2218	902
-2217	899
-2216	896
-2215	894
-2213	891
-2212	888
-2212	885
-2211	882
-2211	879
-2210	876
-2209	874
-2206	871
-2204	869
-2205	866
-2205	862
-2202	860
-2201	857
-2200	855
-2198	852
-2197	849
-2197	846
-2195	844
-2194	841
-2195	837
-2193	835
-2192	832
-2190	830
-2189	826
-2189	823
-2189	820
-2188	817
-2187	815
-2186	812
-2184	809
-2182	807
-2181	804
-2180	801
-2180	798
-2179	795
-2178	792
-2177	789
-2176	786
-2174	784
-2172	782
-2171	779
-2170	776
-2170	773
-2168	770
-2166	768
-2165	765
-2163	762
-2162	760
-2161	757
-2161	754
-2160	751
-2159	748
-2159	745
-2159	742
-2157	739
-2154	737
-2152	735
-2152	731
-2151	729
-2150	726
-2149	723
-2148	720
-2146	717
-2146	714
-2146	711
-2144	708
-2145	705
-2144	702
-2143	699
-2142	696
-2141	694
-2137	692
-2134	690
-2134	687
-2134	684
-2134	680
-2134	677
-2131	675
-2131	671
-2130	669
-2128	666
-2127	663
-2125	661
-2122	659
-2123	655
-2124	651
-2123	648
-2122	646
-2121	643
-2120	640
-2119	637
-2118	634
-2116	631
-2116	628
-2115	626
-2113	623
-2113	620
-2110	618
-2111	614
-2110	611
-2110	608
-2108	605
-2107	602
-2105	600
-2104	597
-2102	595
-2099	593
-2098	590
-2097	587
-2097	584
-2095	581
-2095	578
-2094	575
-2093	572
-2091	569
-2090	567
-2088	564
-2087	561
-2085	559
-2084	556
-2083	553
-2081	551
-2081	547
-2079	545
-2078	542
-2078	539
-2076	536
-2074	534
-2073	531
-2072	528
-2070	526
-2069	523
-2069	519
-2067	517
-2066	514
-2065	511
-2064	508
-2063	505
-2061	503
-2061	500
-2060	496
-2059	493
-2058	490
-2057	488
-2055	485
-2053	483
-2050	481
-2048	479
-2047	476
-2047	472
-2046	469
-2043	467
-2040	466
-2038	463
-2039	459
-2039	455
-2039	452
-2037	450
-2036	447
-2036	443
-2033	441
-2032	438
-2033	434
-2032	431
-2032	428
-2030	425
-2029	422
-2028	419
-2026	417
-2024	414
-2024	411
-2023	408
-2021	406
-2019	403
-2017	401
-2015	399
-2012	397
-2011	394
-2009	391
-2008	388
-2006	386
-2006	383
-2005	380
-2003	377
-2001	375
-2000	371
-2000	368
-1999	365
-1998	362
-1998	358
-1996	356
-1993	354
-1994	350
-1994	346
-1993	343
-1992	340
-1989	338
-1988	335
-1988	332
-1986	329
-1983	327
-1983	324
-1983	320
-1980	318
-1978	316
-1978	312
-1979	308
-1976	306
-1974	304
-1973	301
-1972	298
-1970	295
-1969	292
-1969	288
-1968	285
-1966	283
-1967	278
-1967	274
-1965	272
-1962	270
-1960	268
-1959	264
-1961	259
-1960	256
-1958	254
-1956	251
-1955	248
-1954	245
-1953	241
-1953	238
-1951	235
-1949	233
-1948	230
-1947	227
-1946	224
-1946	220
-1945	216
-1943	214
-1941	212
-1938	210
-1938	206
-1937	203
-1938	198
-1937	195
-1936	192
-1935	189
-1935	184
-1932	182
-1931	180
-1930	176
-1930	173
-1927	171
-1926	168
-1925	164
-1926	159
-1924	157
-1921	155
-1920	152
-1918	149
-1918	146
-1917	142
-1918	138
-1916	135
-1914	132
-1913	129
-1906	131
-1904	129
-1901	127
-1898	125
-1896	123
-1889	124
-1886	123
-1885	119
-1884	116
-1881	115
-1879	112
-1872	115
-1869	113
-1867	110
-1863	109
-1859	109
-1855	108
-1852	107
-1849	105
-1848	102
-1847	99
-1847	95
-1845	92
-1845	88
-1845	84
-1842	82
-1841	79
-1843	73
-1842	70
-1841	66
-1839	64
-1838	60
-1837	57
-1838	52
-1837	49
-1835	46
-1833	43
-1834	38
-1833	35
-1832	32
-1831	28
-1830	25
-1830	20
-1830	15
-1833	9
-1829	8
-1826	6
-1824	4
-1823	0
-1825	-5
-1824	-9
-1822	-12
-1822	-16
-1820	-19
-1818	-21
-1817	-25
-1815	-27
-1812	-29
-1814	-35
-1814	-39
-1813	-43
-1810	-45
-1809	-48
-1808	-52
-1806	-55
-1804	-57
-1804	-62
-1804	-66
-1802	-68
-1800	-71
-1800	-77
-1800	-81
-1800	-85
-1800	-90
-1799	-93
-1797	-96
-1796	-99
-1794	-102
-1794	-107
-1793	-111
-1790	-113
-1787	-114
-1788	-120
-1787	-123
-1778	-118
-1768	-112
-1764	-113
-1765	-119
-1763	-122
-1762	-126
-1758	-126
-1751	-124
-1747	-124
-1742	-123
-1737	-123
-1729	-118
-1725	-118
-1723	-121
-1716	-119
-1709	-115
-1702	-113
-1698	-113
-1692	-111
-1689	-113
-1687	-116
-1688	-121
-1687	-124
-1685	-127
-1684	-131
-1684	-135
-1685	-141
-1681	-142
-1672	-136
-1665	-134
-1659	-131
-1652	-128
-1648	-128
-1643	-127
-1640	-129
-1637	-131
-1635	-133
-1633	-135
-1631	-137
-1629	-140
-1627	-142
-1624	-144
-1617	-140
-1609	-136
-1605	-136
-1603	-138
-1601	-141
-1599	-144
-1588	-135
-1584	-135
-1582	-137
-1580	-141
-1580	-145
-1578	-147
-1575	-148
-1572	-149
-1570	-152
-1567	-153
-1564	-155
-1561	-157
-1558	-158
-1552	-155
-1545	-151
-1538	-148
-1535	-149
-1529	-146
-1521	-140
-1516	-139
-1511	-138
-1506	-137
-1500	-135
-1495	-133
-1491	-133
-1490	-136
-1488	-138
-1484	-139
-1481	-140
-1479	-141
-1475	-141
-1470	-140
-1466	-139
-1463	-141
-1463	-145
-1460	-147
-1454	-143
-1450	-143
-1447	-144
-1443	-145
-1440	-145
-1436	-144
-1432	-144
-1429	-145
-1425	-145
-1416	-138
-1410	-135
-1405	-132
-1400	-132
-1397	-133
-1394	-133
-1391	-135
-1390	-137
-1388	-140
-1387	-143
-1384	-145
-1382	-146
-1379	-148
-1376	-149
-1375	-152
-1373	-154
-1369	-154
-1371	-162
-1366	-160
-1363	-161
-1360	-162
-1350	-152
-1344	-149
-1340	-149
-1337	-150
-1334	-151
-1332	-152
-1329	-153
-1327	-156
-1325	-158
-1323	-160
-1322	-164
-1321	-167
-1316	-165
-1312	-165
-1308	-164
-1304	-163
-1302	-165
-1299	-166
-1296	-167
-1294	-169
-1292	-172
-1287	-168
-1282	-167
-1279	-168
-1278	-171
-1276	-173
-1271	-171
-1267	-169
-1262	-168
-1259	-168
-1256	-169
-1252	-169
-1250	-171
-1248	-172
-1244	-172
-1241	-173
-1240	-177
-1237	-177
-1234	-178
-1229	-175
-1220	-166
-1216	-166
-1213	-166
-1211	-168
-1207	-166
-1201	-163
-1197	-162
-1194	-162
-1192	-163
-1189	-165
-1186	-165
-1182	-164
-1179	-164
-1176	-166
-1175	-169
-1170	-166
-1166	-165
-1164	-166
-1162	-169
-1160	-172
-1159	-175
-1157	-177
-1153	-177
-1151	-177
-1147	-177
-1144	-177
-1141	-177
-1137	-176
-1133	-176
-1130	-175
-1128	-178
-1125	-178
-1122	-179
-1118	-177
-1114	-176
-1112	-179
-1110	-180
-1106	-179
-1102	-177
-1097	-174
-1095	-176
-1092	-176
-1088	-176
-1085	-176
-1077	-166
-1075	-168
-1071	-167
-1071	-174
-1069	-174
-1066	-175
-1062	-173
-1060	-175
-1057	-177
-1054	-177
-1051	-177
-1047	-175
-1044	-176
-1040	-174
-1036	-171
-1032	-171
-1029	-171
-1027	-171
-1018	-160
-1016	-163
-1015	-167
-1013	-169
-1013	-175
-1011	-177
-1008	-177
-1005	-178
-1002	-177
-999	-178
-993	-173
-985	-162
-978	-154
-973	-150
-969	-147
-966	-148
-965	-151
-963	-153
-960	-153
-958	-155
-955	-156
-953	-158
-952	-161
-948	-160
-945	-160
-941	-157
-936	-153
-933	-153
-932	-156
-928	-154
-924	-153
-920	-151
-918	-153
-917	-157
-912	-151
-905	-143
-901	-140
-897	-139
-894	-137
-890	-136
-887	-136
-884	-134
-878	-128
-871	-120
-867	-116
-865	-117
-862	-118
-860	-118
-857	-119
-854	-120
-852	-121
-851	-124
-849	-126
-847	-129
-848	-138
-780	-3
-776	0
-773	0
-770	1
-768	1
-765	1
-763	0
-760	1
-757	2
-754	4
-751	4
-749	2
-747	2
-744	2
-742	1
-739	2
-736	2
-734	1
-734	-4
-735	-12
-734	-18
-731	-16
-726	-9
-721	-5
-720	-7
-719	-11
-719	-18
-718	-22
-744	-127
-746	-138
-744	-140
-741	-140
-739	-142
-736	-141
-734	-142
-731	-143
-729	-145
-727	-146
-724	-147
-722	-147
-720	-148
-717	-149
-715	-150
-712	-151
-710	-152
-708	-153
-705	-154
-703	-154
-700	-155
-698	-155
-695	-154
-693	-157
-690	-156
-687	-155
-676	-132
-674	-131
-671	-130
-666	-125
-661	-119
-658	-117
-655	-115
-653	-116
-650	-117
-647	-116
-645	-116
-642	-115
-639	-114
-636	-113
-634	-114
-632	-116
-630	-118
-628	-119
-625	-119
-623	-119
-620	-120
-618	-121
-616	-123
-614	-125
-612	-129
-611	-131
-610	-137
-623	-189
-619	-186
-613	-175
-611	-178
-609	-178
-606	-178
-604	-178
-600	-176
-598	-178
-596	-179
-593	-178
-590	-176
-586	-171
-581	-162
-577	-158
-574	-157
-571	-154
-567	-151
-564	-150
-563	-154
-561	-157
-559	-160
-558	-167
-558	-174
-555	-175
-553	-175
-550	-174
-548	-176
-546	-180
-544	-183
-542	-184
-539	-183
-537	-183
-534	-184
-531	-183
-529	-184
-527	-185
-524	-183
-521	-183
-518	-183
-516	-183
-513	-184
-511	-183
-508	-184
-506	-183
-503	-184
-500	-184
-498	-183
-495	-183
-493	-184
-490	-185
-488	-185
-485	-185
-483	-185
-480	-185
-478	-187
-476	-188
-473	-187
-470	-185
-467	-186
-465	-186
-462	-185
-459	-184
-457	-184
-454	-183
-451	-182
-449	-184
-447	-185
-445	-187
-442	-186
-439	-185
-436	-184
-434	-184
-431	-184
-428	-183
-426	-182
-424	-185
-422	-186
-419	-187
-416	-186
-414	-185
-411	-185
-409	-185
-406	-185
-404	-185
-401	-185
-399	-185
-396	-186
-394	-186
-391	-186
-388	-185
-386	-184
-383	-184
-381	-185
-379	-187
-376	-186
-373	-184
-371	-185
-368	-183
-365	-178
-363	-185
-361	-185
-358	-186
-356	-185
-353	-183
-350	-180
-347	-180
-345	-182
-343	-184
-340	-184
-338	-184
-336	-185
-333	-186
-331	-185
-328	-184
-326	-186
-323	-183
-320	-182
-318	-183
-316	-185
-313	-184
-310	-178
-307	-179
-305	-179
-303	-181
-300	-183
-298	-184
-296	-185
-293	-186
-291	-183
-288	-183
-286	-183
-283	-184
-281	-184
-278	-185
-276	-183
-273	-182
-271	-182
-268	-181
-265	-180
-263	-180
-261	-182
-258	-182
-256	-183
-253	-182
-251	-184
-248	-183
-246	-182
-243	-183
-241	-184
-238	-183
-236	-181
-233	-181
-231	-181
-229	-182
-226	-183
-224	-182
-221	-182
-219	-183
-216	-184
-214	-183
-211	-183
-209	-183
-206	-183
-204	-183
-201	-182
-199	-182
-197	-183
-194	-182
-192	-182
-189	-182
-187	-182
-184	-182
-182	-181
-179	-182
-177	-181
-174	-182
-172	-182
-170	-182
-167	-181
-165	-181
-162	-181
-160	-182
-157	-182
-155	-182
-152	-180
-150	-180
-147	-180
-145	-182
-142	-181
-140	-183
-138	-184
-135	-184
-133	-184
-130	-184
-128	-183
-125	-182
-123	-182
-120	-182
-118	-182
-116	-182
-113	-181
-111	-180
-108	-179
-106	-179
-103	-181
-101	-180
-98	-182
-96	-182
-94	-182
-91	-183
-89	-182
-86	-182
-84	-182
-81	-182
-79	-182
-76	-181
-74	-181
-69	-180
-67	-180
-64	-180
-62	-181
-59	-181
-57	-182
-54	-182
-52	-182
-50	-183
-47	-183
-45	-182
-42	-181
-40	-181
-37	-181
-35	-182
-32	-181
-30	-181
-28	-180
-25	-180
-23	-180
-20	-180
-18	-180
-15	-179
-13	-179
-10	-180
-8	-182
-5	-182
-3	-182
-1	-182
2	-182
4	-182
7	-180
9	-180
12	-180
14	-181
17	-182
19	-182
21	-181
24	-181
26	-182
29	-182
31	-180
34	-180
36	-180
39	-181
41	-181
44	-182
46	-183
49	-183
51	-183
53	-183
56	-182
58	-182
61	-182
63	-180
66	-182
68	-182
71	-182
73	-182
76	-182
78	-182
80	-181
83	-182
85	-182
88	-182
90	-182
93	-182
95	-182
98	-182
100	-183
103	-183
105	-182
108	-183
110	-184
113	-184
115	-185
118	-184
120	-184
123	-184
125	-183
127	-182
130	-182
132	-183
135	-182
137	-183
140	-184
142	-183
145	-184
147	-184
150	-183
152	-181
155	-183
157	-184
160	-183
162	-183
164	-179
166	-176
169	-175
171	-176
174	-177
176	-176
179	-175
181	-174
183	-174
186	-176
189	-178
191	-179
194	-182
197	-185
200	-184
202	-183
205	-184
207	-183
208	-171
210	-167
212	-165
214	-165
217	-165
219	-165
222	-165
224	-165
227	-164
229	-164
232	-167
236	-174
239	-181
242	-182
244	-183
247	-182
250	-183
252	-184
255	-185
257	-183
260	-183
262	-184
265	-183
267	-184
270	-184
272	-184
275	-182
277	-182
280	-182
283	-184
285	-185
288	-184
290	-184
293	-185
296	-186
298	-184
300	-183
303	-184
305	-184
308	-182
311	-185
313	-185
316	-184
318	-184
321	-184
324	-185
326	-186
329	-185
331	-186
334	-186
336	-184
339	-185
342	-185
344	-184
346	-182
349	-183
352	-184
354	-185
356	-183
359	-182
361	-182
364	-184
367	-184
369	-183
372	-183
375	-184
377	-183
380	-183
383	-184
385	-185
388	-184
390	-183
393	-184
395	-184
398	-184
401	-185
403	-183
405	-180
407	-177
409	-177
412	-177
414	-176
417	-177
419	-176
422	-175
424	-175
427	-175
429	-175
432	-174
434	-173
437	-173
439	-172
441	-170
444	-170
446	-169
449	-168
451	-167
453	-166
456	-165
458	-163
460	-162
462	-161
465	-160
466	-157
469	-155
471	-156
473	-154
475	-152
478	-152
480	-150
482	-148
485	-148
487	-147
489	-146
491	-144
505	-182
508	-182
511	-181
514	-184
517	-184
519	-183
522	-183
525	-183
527	-184
530	-183
532	-182
535	-182
538	-182
541	-183
543	-182
546	-184
549	-185
552	-183
554	-181
556	-180
558	-179
561	-178
563	-176
565	-175
568	-175
571	-177
573	-175
575	-171
576	-166
577	-163
580	-162
582	-161
585	-160
587	-159
589	-159
592	-159
595	-159
598	-160
601	-162
605	-163
608	-164
611	-165
614	-166
616	-165
619	-165
622	-165
625	-165
626	-161
628	-158
630	-157
632	-155
633	-150
634	-146
636	-145
638	-143
641	-142
643	-141
645	-140
648	-140
651	-141
654	-141
658	-144
661	-145
665	-147
668	-149
673	-154
678	-158
681	-160
684	-159
686	-157
688	-155
691	-155
693	-154
696	-154
698	-154
701	-153
704	-155
707	-154
709	-153
711	-151
713	-149
716	-148
719	-148
721	-147
723	-146
726	-145
728	-144
731	-145
734	-144
737	-143
739	-141
741	-140
743	-138
744	-136
746	-132
747	-129
748	-124
749	-119
749	-114
748	-106
722	-17
721	-9
721	-5
723	-3
724	0
726	1
729	1
731	2
734	3
737	3
740	2
742	2
746	1
748	1
776	-0
778	2
781	2
785	-2
852	-110
854	-109
857	-109
859	-108
863	-109
865	-108
867	-106
871	-107
874	-107
877	-108
881	-109
884	-109
888	-111
893	-115
899	-121
930	-173
927	-162
930	-161
932	-159
934	-158
937	-157
940	-157
945	-160
951	-166
959	-173
966	-181
971	-185
975	-185
978	-184
980	-183
983	-183
984	-180
987	-179
989	-177
991	-175
994	-174
997	-173
1000	-172
1002	-172
1006	-172
1011	-175
1016	-179
1020	-179
1023	-179
1027	-180
1029	-178
1032	-178
1036	-180
1041	-182
1044	-181
1047	-180
1050	-180
1053	-179
1056	-179
1060	-180
1062	-178
1064	-176
1067	-174
1069	-174
1072	-172
1076	-173
1082	-178
1085	-177
1090	-180
1094	-180
1097	-179
1100	-180
1103	-179
1106	-179
1110	-179
1113	-179
1115	-177
1118	-175
1122	-176
1126	-178
1130	-178
1134	-179
1137	-178
1142	-180
1145	-181
1148	-180
1151	-179
1153	-177
1155	-174
1157	-172
1159	-170
1163	-170
1166	-169
1169	-169
1173	-170
1178	-172
1184	-176
1190	-179
1194	-180
1198	-180
1200	-179
1203	-177
1206	-177
1209	-176
1212	-175
1215	-175
1218	-173
1221	-172
1224	-171
1227	-170
1230	-169
1233	-169
1235	-167
1241	-170
1247	-173
1252	-176
1255	-175
1258	-174
1261	-173
1266	-174
1270	-174
1273	-174
1274	-170
1273	-164
1275	-161
1277	-159
1279	-157
1281	-154
1281	-150
1283	-146
1284	-144
1287	-142
1290	-142
1293	-141
1297	-141
1301	-141
1305	-141
1309	-142
1311	-140
1314	-138
1317	-137
1320	-137
1325	-138
1331	-140
1334	-140
1339	-142
1346	-146
1354	-151
1357	-149
1360	-148
1363	-148
1366	-147
1369	-146
1373	-146
1378	-148
1381	-147
1384	-145
1388	-145
1390	-143
1394	-143
1398	-143
1400	-141
1401	-137
1404	-135
1407	-135
1412	-135
1418	-138
1425	-142
1434	-148
1439	-150
1440	-146
1440	-141
1438	-133
1440	-131
1444	-131
1449	-132
1453	-132
1457	-133
1462	-133
1465	-132
1468	-131
1473	-131
1478	-133
1483	-134
1489	-136
1491	-134
1494	-133
1498	-132
1507	-138
1513	-140
1517	-140
1521	-140
1522	-136
1525	-134
1527	-132
1530	-131
1532	-128
1533	-124
1535	-122
1538	-120
1541	-120
1548	-122
1551	-121
1554	-119
1557	-119
1561	-118
1565	-117
1569	-117
1570	-113
1571	-110
1575	-110
1579	-109
1582	-108
1586	-108
1590	-107
1594	-107
1599	-107
1602	-105
1605	-104
1608	-103
1612	-103
1617	-103
1621	-103
1624	-102
1628	-100
1631	-100
1636	-100
1641	-100
1645	-100
1649	-99
1653	-98
1659	-101
1668	-105
1671	-103
1672	-100
1677	-100
1682	-101
1682	-96
1682	-92
1683	-87
1684	-84
1688	-84
1695	-85
1702	-88
1708	-90
1714	-91
1718	-90
1719	-87
1722	-85
1726	-85
1731	-85
1737	-86
1741	-85
1746	-85
1751	-86
1761	-91
1768	-93
1764	-85
1761	-77
1761	-72
1763	-70
1765	-67
1765	-62
1767	-60
1769	-58
1772	-56
1778	-56
1783	-57
1788	-57
1795	-59
1809	-67
1830	-82
1839	-86
1843	-85
1852	-89
1860	-91
1862	-89
1863	-85
1864	-82
1864	-77
1864	-72
1866	-69
1870	-68
1876	-69
1884	-72
1893	-75
1898	-75
1901	-73
1904	-71
1907	-69
1909	-67
1912	-64
1915	-62
1936	-77
1939	-75
1943	-73
1949	-74
1958	-77
1958	-72
1958	-67
1959	-64
1963	-63
1971	-65
1984	-71
1996	-78
2004	-79
2008	-78
2012	-77
2018	-77
2023	-76
2026	-75
2028	-71
2030	-69
2034	-67
2039	-66
2042	-65
2046	-63
2049	-61
2056	-62
2069	-68
2080	-73
2080	-68
2082	-65
2090	-67
2101	-71
2104	-69
2109	-68
2116	-69
2122	-69
2127	-69
2133	-68
2138	-68
2143	-67
2144	-63
2147	-60
2151	-59
2157	-60
2164	-60
2176	-65
2182	-65
2190	-66
2192	-63
2196	-61
2199	-59
2203	-57
2206	-55
2209	-53
2215	-52
2223	-54
2219	-46
2218	-40
2217	-35
2217	-30
2219	-27
2224	-26
2227	-24
2234	-24
2290	-62
2290	-56
2290	-52
2294	-50
2301	-50
2303	-47
2307	-45
2312	-44
2314	-41
2317	-38
2321	-37
2327	-36
2332	-35
2339	-35
2350	-38
2358	-39
2362	-37
2365	-34
2369	-32
2377	-34
2384	-33
2386	-30
2387	-26
2392	-25
2399	-25
2409	-27
2416	-27
2427	-30
2430	-27
2432	-24
2432	-19
2434	-15
2437	-13
2446	-14
2448	-11
2452	-8
2462	-11
2474	-14
2476	-10
2478	-7
2478	-2
2478	3
2478	8
2478	13
2478	17
2480	21
2481	25
2481	30
2482	34
2483	38
2483	42
2483	47
2484	51
2485	55
2486	59
2485	64
2485	69
2486	73
2487	77
2488	82
2487	86
2488	91
2490	94
2491	98
2491	103
2492	107
2493	111
2494	115
2495	119
2495	123
2494	128
2496	132
2497	136
2498	140
2498	144
2499	149
2500	153
2502	156
2504	159
2505	163
2506	167
2506	171
2506	176
2506	181
2506	185
2504	191
2505	195
2506	199
2507	203
2508	206
2510	210
2510	214
2511	218
2512	222
2513	226
2514	230
2514	234
2514	239
2515	243
2514	248
2513	252
2516	255
2517	259
2517	263
2518	267
2520	271
2522	274
2522	278
2522	283
2525	286
2528	289
2529	292
2530	296
2527	302
2522	309
2524	312
2531	313
2533	316
2534	320
2535	324
2536	328
2535	333
2534	337
2535	341
2537	345
2538	348
2540	351
2541	355
2541	360
2541	364
2542	368
2543	372
2544	375
2545	379
2546	383
2546	387
2547	391
2549	394
2551	397
2553	401
2554	404
2556	408
2558	411
2558	415
2558	419
2559	423
2560	427
2561	431
2562	434
2562	439
2562	443
2562	447
2563	451
2564	454
2565	458
2566	462
2565	466
2565	471
2567	474
2566	478
2566	483
2568	486
2570	489
2571	493
2573	497
2573	500
2573	505
2574	508
2574	512
2575	516
2575	520
2575	524
2575	529
2576	532
2578	536
2577	540
2578	544
2579	548
2580	551
2582	554
2583	558
2585	561
2586	565
2587	569
2586	573
2587	577
2588	580
2590	584
2590	588
2591	591
2591	595
2592	599
2591	603
2592	607
2593	611
2595	614
2595	618
2595	622
2595	626
2596	630
2597	633
2597	637
2597	642
2598	645
2600	649
2599	653
2599	657
2600	660
2600	664
2602	668
2602	672
2602	675
2604	679
2605	682
2606	686
2607	690
2608	693
2608	697
2610	701
2610	704
2609	709
2610	712
2611	716
2612	719
2614	723
2616	726
2617	730
2618	733
2619	737
2620	741
2621	744
2621	748
2623	751
2623	755
2623	759
2624	763
2626	766
2628	769
2628	773
2628	777
2630	780
2631	784
2630	788
2630	792
2631	796
2633	799
2635	802
2636	806
2636	810
2636	814
2637	817
2637	821
2639	825
2641	828
2642	831
2642	835
2644	838
2645	842
2644	846
2644	850
2645	854
2645	858
2645	861
2645	865
2646	869
2648	872
2650	875
2651	879
2652	882
2653	886
2653	890
2654	893
2655	897
2657	900
2657	904
2658	908
2658	912
2658	916
2658	919
2659	923
2659	927
2659	931
2659	934
2659	938
2659	942
2660	946
2661	949
2661	953
2662	957
2663	960
2663	964
2665	967
2665	971
2667	974
2668	978
2668	982
2669	985
2669	989
2669	993
2670	996
2671	1000
2672	1004
2673	1007
2674	1011
2674	1014
2674	1018
2675	1022
2677	1025
2678	1029
2679	1032
2679	1036
2680	1040
2679	1044
2681	1047
2682	1051
2682	1054
2683	1058
2683	1062
2682	1066
2682	1069
2683	1073
2684	1077
2684	1080
2684	1084
2685	1088
2686	1091
2686	1095
2688	1098
2688	1102
2689	1106
2689	1109
2690	1113
2690	1117
2692	1120
2694	1123
2695	1127
2695	1131
2696	1134
2698	1138
2698	1141
2696	1145
2696	1149
2699	1153
2701	1156
2702	1159
2703	1163
2703	1167
2704	1170
2705	1174
2706	1177
2708	1181
2709	1184
2709	1188
2710	1192
2711	1195
2712	1199
2714	1202
2715	1206
2716	1209
2715	1213
2715	1217
2716	1221
2718	1224
2720	1227
2720	1231
2720	1235
2720	1239
2721	1242
2721	1246
2724	1249
2724	1253
2725	1257
2726	1260
2726	1264
2726	1268
2727	1271
2729	1275
2728	1278
2728	1282
2728	1286
2730	1289
2729	1293
2730	1297
2731	1300
2733	1304
2732	1308
2733	1311
2734	1315
2736	1318
2735	1322
2736	1326
2737	1329
2736	1333
2736	1337
2737	1341
2738	1344
2739	1348
2740	1351
2741	1355
2742	1359
2742	1362
2744	1366
2744	1370
2744	1373
2745	1377
2746	1381
2748	1384
2748	1388
2749	1391
2751	1395
2750	1399
2752	1402
2752	1406
2753	1410
2754	1413
2755	1417
2755	1421
2756	1424
2757	1428
2757	1432
2758	1435
2758	1439
2757	1443
2760	1446
2761	1450
2761	1454
2763	1457
2764	1461
2765	1464
2766	1468
2769	1472
2769	1475
2770	1479
2770	1483
2770	1486
2771	1490
2771	1494
2773	1497
2774	1501
2775	1505
2776	1508
2778	1512
2779	1516
2779	1519
2780	1523
2782	1527
2783	1530
2784	1534
2785	1538
2785	1541
2786	1545
2788	1549
2789	1553
2790	1556
2791	1560
2791	1564
2791	1567
2792	1571
2793	1575
2793	1579
2795	1582
2795	1586
2794	1590
2793	1593
2793	1597
2794	1601
2795	1605
2795	1608
2795	1612
2795	1616
2795	1620
2796	1623
2796	1627
2796	1631
2796	1635
2797	1638
2798	1642
2798	1646
2798	1650
2799	1653
2799	1657
2799	1661
2799	1665
2800	1668
