2627	1669
2626	1672
2627	1676
2628	1679
2630	1683
2631	1686
2632	1693
2632	1697
2632	1700
2632	1704
2633	1708
2635	1711
2634	1715
2635	1718
2635	1722
2636	1725
2636	1729
2635	1732
2636	1736
2637	1739
2637	1743
2637	1746
2637	1750
2640	1754
2642	1757
2640	1761
2639	1764
2641	1768
2641	1771
2641	1775
2642	1778
2642	1782
2643	1786
2643	1789
2642	1793
2644	1796
2646	1800
2646	1803
2646	1807
2648	1811
2648	1814
2649	1818
2649	1821
2648	1825
2649	1829
2651	1832
2648	1836
2648	1839
2650	1843
2650	1846
2652	1850
2653	1854
2653	1857
2651	1861
2651	1864
2652	1868
2652	1872
2651	1875
2653	1879
2654	1882
2654	1886
2654	1890
2656	1893
2657	1897
2656	1900
2658	1904
2657	1908
2660	1912
2661	1915
2661	1919
2660	1922
2661	1926
2662	1930
2662	1933
2661	1937
2660	1940
2659	1944
2661	1948
2662	1951
2663	1955
2665	1959
2664	1962
2666	1966
2663	1969
2660	1973
2660	1976
2662	1980
2662	1984
2662	1987
2664	1991
2665	1995
2666	1999
2666	2002
2667	2006
2667	2010
2666	2013
2666	2017
2668	2021
2669	2024
2671	2028
2672	2032
2670	2035
2671	2039
2673	2043
2674	2047
2672	2050
2673	2054
2673	2058
2676	2062
2678	2066
2680	2070
2679	2073
2677	2076
2676	2080
2678	2084
2678	2088
2680	2091
2679	2095
2679	2099
2680	2103
2683	2107
2682	2110
2680	2114
2680	2117
2678	2121
2679	2125
2681	2128
2681	2132
2682	2136
2681	2140
2679	2143
2680	2147
2683	2151
2683	2155
2684	2159
2681	2162
2684	2166
2687	2170
2688	2174
2689	2178
2687	2181
2689	2185
2688	2189
2686	2192
2687	2196
2687	2200
2691	2204
2689	2208
2689	2211
2689	2215
2689	2219
2689	2223
2691	2227
2690	2230
2691	2234
2693	2239
2693	2242
2693	2246
2692	2250
2691	2253
2691	2257
2691	2261
2692	2265
2693	2269
2694	2273
2695	2277
2695	2280
2695	2284
2694	2288
2697	2292
2695	2295
2692	2299
2692	2302
2693	2306
2693	2310
2695	2315
2696	2318
2695	2322
2693	2325
2692	2329
2695	2334
2697	2338
2697	2342
2696	2345
2698	2349
2696	2353
2694	2356
2696	2360
2698	2365
2698	2369
2699	2373
2700	2377
2698	2380
2700	2385
2700	2388
2700	2392
2697	2395
2698	2400
2704	2405
2704	2409
2703	2412
2702	2416
2700	2419
2698	2423
2700	2427
2703	2432
2705	2436
2704	2440
2701	2443
2703	2447
2703	2451
2706	2456
2706	2460
2707	2464
2707	2468
2706	2472
2706	2475
2704	2479
2702	2482
2702	2486
2703	2490
2703	2494
2705	2499
2707	2503
2707	2507
2707	2511
2707	2515
2706	2519
2709	2524
2709	2528
2707	2531
2707	2535
2709	2539
2710	2544
2708	2547
2709	2552
2714	2557
2711	2560
2711	2564
2714	2569
2714	2573
2714	2577
2714	2581
2714	2585
2714	2589
2715	2593
2716	2598
2717	2602
2718	2606
2717	2610
2717	2614
2719	2619
2719	2623
2720	2628
2720	2631
2719	2635
2717	2639
2716	2642
2717	2647
2715	2650
2715	2654
2715	2658
2714	2662
2713	2666
2713	2670
2712	2674
2712	2678
2713	2682
2712	2686
2712	2690
2712	2694
2713	2699
2713	2703
2714	2707
2715	2712
2715	2716
2716	2720
2715	2724
2716	2729
2717	2733
2718	2738
2717	2742
2716	2745
2716	2750
2718	2754
2718	2759
2718	2763
2716	2766
2717	2771
2718	2775
2718	2780
2719	2784
2717	2788
2718	2792
2720	2797
2721	2802
2720	2806
2720	2810
2720	2814
2719	2818
2720	2823
2720	2827
2719	2831
2722	2836
2722	2841
2724	2846
2724	2850
2725	2855
2726	2859
2725	2863
2724	2867
2724	2872
2724	2876
2724	2880
2722	2884
2723	2889
2725	2893
2728	2899
2727	2903
2725	2907
2725	2911
2725	2915
2726	2920
2726	2925
2726	2929
2726	2933
2725	2937
2724	2941
2723	2945
2724	2950
2724	2954
2723	2958
2725	2964
2725	2968
2723	2972
2723	2976
2724	2981
2724	2985
2724	2990
2726	2995
2725	2999
2724	3003
2721	3006
2722	3011
2723	3016
2722	3020
2721	3024
2724	3030
2723	3034
2722	3038
2723	3043
2724	3048
2724	3052
2724	3057
2724	3062
2725	3066
2724	3071
2723	3075
2722	3079
2721	3083
2724	3089
2724	3094
2725	3099
2727	3104
2721	3106
2696	3097
2671	3090
2662	3089
2656	3091
2653	3093
2649	3096
2646	3099
2644	3103
2643	3107
2644	3112
2646	3117
2722	3167
2723	3172
2724	3177
2726	3183
2723	3186
2724	3191
2726	3197
2725	3201
2726	3207
2726	3211
2725	3215
2723	3219
2725	3225
2723	3229
2723	3233
2727	3240
2727	3245
2727	3250
2726	3254
2726	3259
2725	3263
2725	3268
2725	3273
2725	3278
2724	3282
2722	3286
2721	3290
2721	3295
2723	3301
2720	3304
2725	3312
2724	3316
2723	3321
2724	3326
2723	3331
2725	3336
2723	3340
2721	3344
2722	3349
2720	3353
2717	3357
2718	3362
2719	3367
2720	3373
2719	3377
2719	3382
2719	3387
2719	3392
2717	3397
2716	3401
2716	3406
2717	3412
2716	3416
2715	3420
2713	3424
2713	3429
2713	3434
2713	3439
2714	3445
2716	3451
2715	3456
2716	3461
2715	3466
2713	3470
2715	3476
2714	3481
2712	3484
2710	3489
2709	3493
2709	3498
2708	3503
2710	3509
2711	3515
2710	3520
2713	3527
2711	3531
2709	3535
2708	3539
2707	3544
2709	3550
2708	3555
2705	3558
2703	3562
2704	3568
2704	3574
2705	3579
2705	3585
2705	3590
2706	3597
2705	3601
2705	3607
2703	3610
2702	3615
2701	3620
2699	3623
2698	3629
2697	3633
2696	3638
2695	3643
2692	3646
2691	3650
2688	3654
2688	3659
2692	3668
2693	3674
2690	3677
2689	3682
2687	3686
2684	3690
2684	3695
2681	3698
2677	3701
2677	3706
2677	3712
2675	3716
2675	3721
2674	3726
2670	3729
2668	3733
2674	3743
2675	3749
2671	3752
2669	3757
2667	3761
2666	3765
2665	3770
2667	3778
2668	3784
2668	3790
2665	3793
2663	3797
2661	3802
2659	3806
2661	3813
2662	3819
2659	3823
2656	3826
2654	3830
2654	3836
2655	3842
2653	3847
2653	3853
2651	3857
2647	3860
2646	3865
2647	3871
2648	3878
2646	3882
2645	3887
2644	3892
2645	3899
2646	3906
2645	3911
2642	3915
2642	3920
2642	3926
2640	3930
2638	3935
2635	3938
2633	3942
2630	3947
2628	3951
2626	3955
2628	3963
2628	3968
2626	3973
2625	3979
2624	3983
2622	3988
2619	3992
2617	3996
2615	4000
2613	4005
2611	4009
2608	4013
2601	4013
2582	4002
2569	3997
2567	4001
2565	4006
2561	4008
2560	4013
2560	4019
2558	4024
2565	4036
2582	4058
2589	4070
2587	4075
2586	4080
2583	4084
2583	4090
2584	4098
2583	4103
2582	4109
2582	4115
2580	4119
2578	4124
2576	4129
2574	4133
2572	4138
2571	4143
2570	4149
2568	4153
2565	4157
2563	4161
2561	4166
2559	4171
2558	4176
2555	4179
2552	4184
2551	4189
2551	4195
2549	4201
2548	4206
2546	4211
2545	4216
2543	4221
2541	4226
2539	4230
2536	4234
2534	4239
2532	4243
2533	4251
2274	4002
2272	4005
2269	4008
2260	4005
2247	3998
2260	4018
2244	4008
2259	4029
2255	4031
2257	4039
2257	4046
2255	4049
2251	4052
2492	4305
2491	4311
2487	4314
2484	4317
2480	4321
2478	4325
2475	4329
2472	4333
2469	4336
2466	4340
2463	4344
2460	4348
2457	4352
2455	4356
2452	4360
2450	4365
2450	4372
2446	4375
2443	4379
2439	4382
2436	4386
2434	4391
2432	4396
2430	4401
2428	4406
2425	4409
2422	4413
2418	4416
2415	4420
2412	4424
2409	4427
2406	4432
2404	4437
2402	4441
2398	4445
2396	4449
2392	4453
2389	4456
2385	4459
2383	4464
2381	4469
2379	4474
2376	4479
2373	4483
2370	4487
2367	4490
2364	4494
2361	4498
2358	4501
2353	4504
2349	4506
2347	4511
2344	4515
2340	4518
2337	4522
2334	4527
2332	4531
2328	4534
2324	4538
2321	4541
2318	4545
2314	4548
2310	4551
2306	4553
2303	4557
2299	4560
2296	4564
2294	4569
2291	4573
2287	4576
2283	4579
2279	4582
2276	4586
2274	4592
2272	4596
2269	4601
2265	4603
2262	4608
2258	4611
2254	4613
2251	4617
2247	4620
2243	4624
2240	4628
2237	4631
2233	4634
2229	4637
2228	4644
2225	4647
2221	4650
2217	4653
2212	4655
2209	4659
2206	4663
2202	4667
2199	4670
2195	4673
2191	4676
2187	4679
2185	4684
2180	4685
2176	4688
2173	4694
2170	4697
2167	4701
2164	4706
2161	4710
2158	4714
2155	4718
2153	4724
2149	4726
2146	4731
2143	4735
2139	4738
2136	4742
2133	4747
2128	4749
2124	4752
2122	4757
2120	4763
2116	4766
2112	4768
2108	4771
2104	4774
2102	4780
2100	4786
2098	4792
2095	4796
2093	4801
2088	4804
2085	4807
2081	4811
2079	4816
2077	4821
2075	4828
2073	4834
2069	4837
2066	4841
2063	4845
2059	4849
2056	4853
2052	4857
2048	4859
2043	4861
2038	4863
2034	4866
2030	4868
2026	4871
2023	4875
2020	4881
2017	4884
2012	4886
2008	4889
2003	4892
2000	4896
1997	4900
1994	4904
1989	4907
1985	4909
1981	4913
1978	4916
1974	4920
1970	4922
1966	4925
1963	4931
1959	4934
1954	4936
1951	4940
1948	4945
1945	4949
1940	4951
1936	4953
1932	4956
1928	4960
1924	4963
1921	4967
1918	4972
1913	4974
1908	4975
1905	4980
1901	4983
1897	4987
1893	4989
1889	4993
1885	4995
1880	4998
1876	5000
1871	5002
1866	5004
1862	5006
1859	5010
1855	5015
1852	5020
1849	5024
1845	5026
1840	5029
1836	5031
1832	5035
1828	5037
1823	5040
1819	5042
1815	5045
1811	5048
1806	5050
1802	5053
1798	5056
1793	5059
1790	5062
1786	5065
1782	5069
1777	5070
1772	5072
1767	5074
1764	5078
1760	5082
1757	5086
1751	5087
1747	5089
1743	5094
1740	5098
1735	5100
1731	5103
1727	5106
1720	5104
1716	5106
1712	5109
1708	5112
1703	5115
1700	5119
1696	5122
1692	5125
1687	5128
1683	5131
1680	5136
1677	5140
1673	5145
1669	5149
1665	5151
1661	5154
1656	5156
1652	5159
1648	5162
1644	5167
1641	5171
1637	5176
1634	5180
1630	5183
1625	5186
1621	5189
1617	5191
1612	5193
1607	5195
1603	5198
1598	5200
1594	5202
1590	5206
1586	5210
1582	5214
1577	5215
1573	5217
1568	5219
1563	5222
1559	5225
1555	5227
1550	5229
1546	5233
1542	5236
1537	5238
1533	5240
1528	5241
1522	5242
1518	5244
1513	5246
1509	5249
1504	5252
1500	5254
1494	5255
1489	5256
1485	5259
1481	5262
1477	5265
1472	5267
1468	5270
1463	5272
1458	5273
1452	5273
1448	5277
1444	5280
1439	5281
1435	5283
1430	5285
1425	5286
1420	5287
1415	5290
1412	5295
1407	5298
1402	5299
1396	5298
1391	5299
1387	5302
1383	5306
1379	5309
1374	5311
1369	5312
1364	5313
1359	5314
1353	5314
1349	5316
1344	5318
1339	5320
1336	5325
1331	5328
1326	5329
1322	5332
1317	5333
1313	5338
1309	5341
1305	5344
1301	5348
1296	5350
1291	5351
1286	5351
1281	5354
1277	5358
1273	5362
1268	5364
1263	5365
1258	5366
1253	5367
1249	5369
1244	5371
1239	5373
1234	5373
1228	5373
1224	5376
1219	5378
1215	5381
1210	5385
1205	5385
1200	5386
1195	5388
1190	5389
1186	5392
1182	5397
1178	5401
1173	5402
1169	5405
1164	5408
1159	5409
1154	5411
1150	5413
1145	5415
1140	5417
1135	5419
1131	5422
1126	5423
1121	5424
1116	5427
1112	5431
1108	5435
1104	5438
1100	5442
1095	5444
1090	5447
1085	5448
1081	5452
1076	5454
1071	5456
1066	5456
1061	5458
1056	5459
1052	5462
1047	5465
1042	5466
1038	5469
1033	5471
1029	5475
1024	5477
1019	5478
1014	5480
1009	5481
1004	5483
999	5485
995	5487
990	5490
985	5491
980	5493
975	5495
970	5495
965	5497
960	5500
955	5500
950	5502
946	5505
941	5509
937	5512
932	5513
927	5516
922	5518
918	5520
913	5522
908	5525
904	5528
899	5529
894	5531
889	5534
884	5536
879	5538
874	5538
869	5540
864	5542
859	5543
855	5546
850	5549
845	5550
840	5552
835	5552
830	5556
826	5559
820	5560
815	5561
810	5563
805	5564
800	5564
795	5565
790	5567
785	5569
780	5570
775	5572
770	5573
765	5574
760	5576
755	5580
750	5580
745	5579
739	5580
734	5581
729	5582
724	5584
719	5585
714	5583
708	5581
703	5582
697	5581
692	5581
686	5579
682	5583
677	5585
672	5586
667	5587
662	5588
656	5588
651	5587
646	5587
640	5588
635	5590
630	5591
625	5591
620	5592
615	5594
610	5593
605	5594
599	5593
594	5593
589	5593
583	5592
578	5592
573	5594
568	5597
563	5599
558	5601
553	5601
548	5603
543	5605
538	5606
533	5607
528	5608
523	5609
518	5610
513	5611
508	5612
502	5612
497	5614
493	5618
488	5622
483	5624
478	5624
472	5622
467	5620
461	5620
456	5623
452	5625
447	5628
442	5630
437	5631
431	5629
426	5629
421	5632
416	5633
411	5634
406	5637
401	5639
396	5640
391	5641
385	5641
380	5642
375	5644
370	5646
365	5647
360	5646
354	5647
349	5647
344	5648
339	5648
334	5651
329	5652
323	5651
318	5649
313	5649
308	5650
302	5650
297	5648
292	5648
287	5649
282	5651
276	5650
271	5649
265	5646
260	5645
255	5644
249	5642
244	5642
239	5642
234	5644
229	5644
223	5642
218	5642
213	5640
208	5640
203	5642
198	5644
192	5645
187	5646
182	5646
177	5645
172	5648
167	5649
161	5650
156	5651
151	5654
146	5656
141	5657
136	5658
131	5658
125	5655
120	5652
115	5653
109	5653
104	5653
99	5653
94	5654
89	5655
84	5655
78	5654
73	5654
68	5654
63	5655
58	5658
52	5660
47	5661
42	5661
37	5660
32	5661
26	5660
21	5657
16	5655
11	5655
6	5656
0	5656
-5	5656
-10	5656
-15	5655
-20	5654
-26	5653
-31	5651
-36	5651
-41	5652
-46	5653
-52	5654
-57	5654
-62	5655
-67	5655
-72	5655
-78	5653
-83	5653
-88	5655
-93	5656
-98	5658
-104	5659
-106	5015
-110	5019
-115	5020
-119	5019
-123	5016
-128	5014
-132	5016
-136	5017
-141	5016
-145	5001
-149	4998
-153	4997
-158	4994
-162	4992
-166	4992
-171	4992
-175	4995
-179	4999
-184	5002
-189	5011
-193	5015
-198	5015
-202	5014
-206	5014
-211	5017
-215	5021
-220	5021
-224	5015
-263	5616
-268	5611
-273	5612
-278	5612
-283	5612
-289	5612
-294	5615
-299	5618
-305	5620
-310	5622
-315	5621
-320	5619
-325	5619
-330	5619
-335	5616
-341	5616
-346	5616
-351	5615
-356	5614
-361	5611
-366	5609
-371	5607
-376	5605
-381	5604
-386	5601
-391	5603
-396	5603
-401	5601
-406	5599
-411	5598
-417	5598
-422	5597
-427	5597
-432	5597
-437	5595
-442	5593
-447	5592
-452	5591
-457	5591
-462	5587
-467	5586
-472	5584
-477	5584
-482	5582
-487	5580
-492	5579
-497	5580
-503	5581
-508	5579
-512	5576
-517	5573
-522	5572
-527	5571
-533	5571
-538	5571
-543	5569
-548	5569
-553	5566
-557	5564
-562	5563
-568	5563
-573	5563
-578	5563
-583	5562
-588	5562
-593	5562
-598	5560
-603	5557
-608	5555
-613	5554
-618	5555
-623	5553
-628	5552
-633	5550
-638	5549
-643	5548
-648	5547
-652	5542
-657	5539
-662	5539
-668	5541
-673	5540
-678	5540
-683	5540
-689	5541
-694	5542
-699	5541
-704	5540
-709	5540
-714	5539
-719	5536
-724	5533
-728	5532
-734	5532
-739	5534
-744	5533
-749	5533
-755	5532
-760	5532
-765	5530
-770	5529
-775	5528
-780	5527
-784	5523
-789	5520
-793	5518
-798	5516
-803	5514
-808	5511
-812	5507
-817	5503
-821	5500
-826	5499
-831	5497
-836	5495
-841	5493
-845	5491
-851	5491
-856	5492
-861	5493
-867	5493
-872	5492
-877	5493
-883	5496
-888	5495
-893	5492
-897	5488
-901	5485
-906	5483
-911	5482
-916	5482
-920	5477
-925	5473
-930	5472
-935	5471
-940	5471
-945	5470
-950	5470
-955	5469
-960	5467
-965	5466
-970	5466
-975	5463
-979	5461
-984	5460
-990	5460
-994	5459
-999	5457
-1004	5456
-1010	5457
-1015	5457
-1020	5457
-1026	5457
-1031	5457
-1036	5456
-1041	5456
-1046	5456
-1052	5456
-1056	5452
-1061	5451
-1066	5450
-1071	5448
-1076	5447
-1080	5445
-1085	5442
-1090	5440
-1095	5439
-1099	5437
-1104	5436
-1109	5435
-1114	5433
-1119	5432
-1123	5428
-1127	5423
-1132	5421
-1137	5419
-1142	5418
-1147	5417
-1151	5415
-1156	5414
-1161	5412
-1166	5411
-1171	5410
-1176	5409
-1181	5407
-1186	5405
-1190	5404
-1195	5401
-1199	5398
-1205	5397
-1210	5397
-1214	5394
-1219	5392
-1223	5389
-1228	5388
-1233	5387
-1238	5385
-1243	5383
-1248	5383
-1253	5382
-1258	5381
-1263	5380
-1268	5378
-1273	5377
-1278	5375
-1282	5373
-1287	5371
-1292	5370
-1297	5370
-1303	5370
-1308	5369
-1313	5368
-1317	5366
-1323	5365
-1328	5366
-1333	5364
-1338	5362
-1342	5361
-1348	5361
-1353	5360
-1358	5357
-1362	5355
-1367	5353
-1372	5351
-1376	5348
-1380	5345
-1385	5343
-1390	5343
-1395	5341
-1398	5334
-1402	5330
-1406	5327
-1411	5324
-1415	5321
-1420	5320
-1424	5317
-1429	5314
-1433	5313
-1438	5311
-1442	5307
-1446	5304
-1450	5300
-1455	5297
-1458	5293
-1463	5290
-1468	5289
-1473	5289
-1478	5288
-1484	5288
-1490	5290
-1495	5289
-1500	5287
-1505	5287
-1511	5287
-1516	5286
-1520	5284
-1525	5282
-1530	5280
-1535	5279
-1540	5278
-1545	5276
-1549	5274
-1554	5273
-1560	5274
-1566	5274
-1571	5274
-1577	5274
-1581	5272
-1586	5270
-1592	5270
-1597	5270
-1602	5268
-1607	5266
-1612	5265
-1617	5263
-1621	5261
-1626	5258
-1631	5258
-1636	5258
-1640	5254
-1645	5252
-1650	5250
-1654	5246
-1658	5243
-1662	5241
-1667	5238
-1671	5235
-1675	5232
-1680	5230
-1684	5227
-1691	5230
-1695	5227
-1699	5223
-1703	5219
-1707	5215
-1711	5213
-1716	5210
-1719	5206
-1722	5200
-1725	5193
-1729	5190
-1733	5188
-1738	5185
-1742	5182
-1747	5181
-1751	5178
-1755	5175
-1760	5173
-1765	5171
-1769	5168
-1773	5165
-1778	5164
-1782	5160
-1785	5155
-1789	5152
-1794	5150
-1799	5148
-1803	5145
-1807	5142
-1811	5139
-1816	5137
-1821	5135
-1826	5134
-1830	5130
-1835	5129
-1839	5126
-1842	5121
-1846	5118
-1852	5118
-1858	5118
-1862	5116
-1866	5113
-1871	5110
-1876	5110
-1880	5107
-1885	5106
-1886	5096
-1891	5094
-1899	5100
-1903	5096
-1906	5091
-1909	5086
-1913	5083
-1918	5081
-1926	5084
-1930	5082
-1936	5082
-1942	5082
-1946	5080
-1950	5076
-1954	5073
-1958	5070
-1961	5064
-1964	5059
-1967	5055
-1971	5052
-1976	5050
-1981	5048
-1986	5047
-1989	5043
-1993	5038
-1997	5035
-2000	5031
-2004	5026
-2008	5024
-2012	5020
-2017	5019
-2022	5017
-2025	5013
-2029	5009
-2033	5006
-2036	5002
-2039	4996
-2043	4994
-2048	4992
-2050	4985
-2053	4981
-2058	4979
-2063	4977
-2066	4974
-2070	4970
-2073	4965
-2077	4962
-2080	4957
-2084	4955
-2089	4953
-2095	4954
-2100	4951
-2101	4944
-2104	4940
-2108	4936
-2113	4934
-2118	4933
-2122	4930
-2126	4926
-2129	4923
-2134	4921
-2137	4917
-2142	4915
-2146	4911
-2150	4908
-2154	4906
-2158	4902
-2162	4899
-2167	4897
-2172	4896
-2176	4893
-2179	4888
-2183	4885
-2188	4884
-2193	4882
-2196	4877
-2199	4874
-2203	4870
-2207	4867
-2211	4864
-2214	4859
-2217	4855
-2223	4854
-2228	4854
-2233	4852
-2236	4847
-2240	4844
-2243	4840
-2247	4836
-2249	4831
-2253	4827
-2256	4823
-2259	4818
-2261	4813
-2264	4808
-2266	4803
-2270	4799
-2273	4796
-2277	4792
-2282	4790
-2286	4788
-2290	4784
-2293	4780
-2295	4775
-2299	4771
-2303	4768
-2308	4767
-2313	4765
-2316	4760
-2318	4755
-2320	4750
-2323	4745
-2326	4740
-2329	4736
-2333	4734
-2338	4732
-2342	4729
-2345	4725
-2348	4720
-2351	4716
-2355	4713
-2359	4710
-2362	4706
-2366	4703
-2369	4698
-2371	4693
-2374	4689
-2377	4684
-2380	4681
-2385	4678
-2390	4677
-2393	4672
-2396	4668
-2400	4666
-2405	4664
-2408	4660
-2411	4655
-2415	4652
-2420	4651
-2424	4648
-2428	4645
-2431	4641
-2435	4638
-2438	4634
-2440	4628
-2440	4620
-2441	4613
-2444	4610
-2448	4606
-2451	4603
-2454	4599
-2455	4592
-2458	4588
-2461	4584
-2464	4580
-2465	4574
-2469	4570
-2472	4567
-2476	4564
-2478	4558
-2480	4553
-2485	4551
-2488	4547
-2490	4542
-2493	4538
-2497	4535
-2498	4529
-2501	4525
-2505	4522
-2507	4516
-2509	4511
-2512	4507
-2515	4504
-2518	4499
-2521	4495
-2524	4492
-2527	4487
-2530	4483
-2533	4479
-2536	4476
-2539	4471
-2541	4466
-2543	4462
-2546	4458
-2551	4455
-2553	4450
-2556	4446
-2559	4442
-2562	4439
-2565	4435
-2568	4430
-2570	4426
-2572	4421
-2575	4417
-2579	4414
-2583	4411
-2585	4406
-2588	4402
-2592	4400
-2594	4395
-2597	4391
-2599	4385
-2600	4380
-2602	4375
-2605	4371
-2607	4366
-2611	4363
-2614	4360
-2619	4357
-2622	4354
-2623	4348
-2626	4344
-2628	4339
-2630	4334
-2632	4329
-2632	4323
-2635	4318
-2637	4314
-2639	4309
-2641	4304
-2645	4301
-2649	4298
-2652	4294
-2654	4289
-2656	4285
-2655	4277
-2657	4273
-2660	4269
-2663	4264
-2665	4260
-2668	4256
-2669	4251
-2669	4244
-2671	4239
-2675	4236
-2679	4234
-2677	4225
-2679	4220
-2683	4217
-2686	4214
-2687	4208
-2689	4203
-2692	4199
-2694	4195
-2697	4191
-2699	4187
-2703	4183
-2705	4179
-2708	4176
-2710	4171
-2713	4167
-2716	4163
-2718	4159
-2721	4155
-2721	4149
-2722	4142
-2725	4139
-2729	4136
-2731	4132
-2733	4127
-2734	4122
-2735	4116
-2737	4111
-2741	4109
-2746	4107
-2748	4102
-2748	4097
-2749	4091
-2751	4086
-2753	4082
-2756	4078
-2757	4073
-2760	4069
-2763	4065
-2765	4061
-2768	4057
-2767	4050
-2771	4047
-2773	4043
-2774	4037
-2775	4032
-2776	4027
-2779	4024
-2780	4018
-2781	4012
-2779	4004
-2783	4001
-2784	3997
-2786	3992
-2790	3989
-2792	3985
-2790	3977
-2791	3972
-2793	3967
-2795	3963
-2797	3958
-2800	3955
-2802	3951
-2802	3945
-2805	3941
-2805	3935
-2807	3931
-2808	3926
-2810	3921
-2813	3918
-2817	3915
-2817	3909
-2816	3903
-2818	3898
-2820	3894
-2824	3891
-2826	3887
-2829	3883
-2831	3879
-2832	3874
-2829	3866
-2833	3863
-2837	3860
-2841	3857
-2843	3853
-2845	3849
-2844	3842
-2847	3838
-2849	3834
-2851	3830
-2853	3826
-2853	3819
-2853	3814
-2854	3809
-2857	3806
-2856	3799
-2860	3796
-2859	3790
-2858	3784
-2860	3779
-2865	3778
-2868	3774
-2869	3768
-2870	3764
-2872	3760
-2873	3755
-2872	3748
-2870	3741
-2874	3738
-2861	3723
-2862	3718
-2862	3713
-2864	3709
-2867	3706
-2871	3702
-2860	3689
-2859	3683
-2871	3686
-2870	3680
-2872	3675
-2863	3664
-2868	3662
-2871	3658
-2870	3652
-2869	3646
-2867	3639
-2869	3635
-2869	3630
-2871	3626
-2873	3621
-2875	3618
-2878	3614
-2877	3608
-2877	3603
-2878	3598
-2882	3595
-2882	3590
-2879	3582
-2881	3578
-2882	3574
-2880	3567
-2880	3561
-2882	3558
-2884	3554
-2885	3549
-2885	3543
-2880	3535
-2880	3530
-2883	3527
-2888	3525
-2888	3519
-2887	3514
-2889	3509
-2890	3505
-2889	3499
-2889	3494
-2892	3490
-2894	3487
-2895	3482
-2895	3477
-2895	3472
-2897	3467
-2898	3463
-2898	3458
-2894	3450
-2892	3444
-2894	3440
-2894	3435
-2894	3430
-2893	3424
-2893	3419
-2895	3415
-2893	3409
-2894	3404
-2892	3398
-2894	3394
-2894	3389
-2895	3385
-2894	3379
-2893	3374
-2892	3368
-2892	3363
-2893	3358
-2893	3353
-2890	3347
-2889	3341
-2891	3337
-2894	3334
-2894	3329
-2893	3323
-2891	3318
-2891	3312
-2892	3308
-2893	3304
-2892	3298
-2891	3293
-2893	3289
-2893	3284
-2893	3280
-2892	3274
-2891	3269
-2890	3263
-2891	3259
-2893	3255
-2892	3250
-2891	3244
-2892	3240
-2894	3236
-2893	3231
-2895	3227
-2895	3222
-2895	3217
-2893	3212
-2892	3206
-2891	3201
-2890	3196
-2890	3191
-2891	3187
-2890	3181
-2888	3176
-2890	3172
-2890	3167
-2889	3162
-2889	3157
-2889	3153
-2889	3148
-2890	3144
-2890	3139
-2886	3132
-2887	3128
-2887	3124
-2885	3118
-2882	3112
-2885	3109
-2877	3100
-2877	3095
-2875	3090
-2874	3084
-2875	3080
-2874	3075
-2872	3070
-2871	3065
-2871	3060
-2870	3055
-2870	3051
-2867	3045
-2865	3039
-2865	3034
-2866	3031
-2865	3025
-2864	3020
-2864	3016
-2863	3011
-2861	3006
-2860	3001
-2860	2996
-2862	2993
-2863	2989
-2861	2983
-2859	2978
-2856	2972
-2854	2967
-2856	2963
-2856	2959
-2852	2953
-2850	2947
-2850	2943
-2851	2939
-2851	2934
-2849	2929
-2847	2924
-2844	2919
-2842	2913
-2841	2909
-2843	2905
-2844	2901
-2844	2897
-2842	2892
-2841	2887
-2842	2883
-2840	2877
-2839	2873
-2840	2869
-2841	2865
-2840	2861
-2837	2855
-2837	2851
-2837	2846
-2834	2841
-2834	2837
-2830	2831
-2830	2826
-2828	2822
-2828	2817
-2829	2814
-2827	2808
-2825	2803
-2825	2799
-2823	2794
-2822	2789
-2821	2785
-2821	2781
-2824	2778
-2824	2774
-2823	2769
-2813	2761
-2820	2759
-2815	2753
-2814	2749
-2814	2745
-2814	2741
-2814	2736
-2802	2728
-2801	2723
-2800	2719
-2801	2715
-2801	2711
-2801	2707
-2799	2702
-2796	2697
-2791	2691
-2792	2687
-2790	2683
-2790	2678
-2791	2675
-2788	2670
-2788	2666
-2787	2661
-2784	2656
-2782	2651
-2784	2648
-2784	2644
-2784	2640
-2789	2638
-2789	2634
-2776	2625
-2778	2622
-2777	2618
-2776	2614
-2776	2609
-2773	2605
-2770	2599
-2768	2595
-2766	2590
-2767	2583
-2769	2579
-2763	2574
-2763	2570
-2765	2566
-2763	2562
-2753	2555
-2753	2551
-2754	2547
-2757	2544
-2760	2541
-2758	2537
-2759	2533
-2758	2529
-2755	2524
-2751	2519
-2752	2515
-2751	2511
-2749	2507
-2745	2502
-2743	2498
-2743	2494
-2743	2490
-2741	2485
-2741	2482
-2739	2477
-2737	2473
-2736	2469
-2737	2465
-2735	2461
-2735	2457
-2732	2452
-2730	2448
-2731	2444
-2727	2440
-2723	2435
-2724	2431
-2725	2428
-2724	2424
-2723	2420
-2723	2416
-2723	2412
-2722	2408
-2722	2405
-2720	2400
-2718	2396
-2717	2392
-2718	2389
-2719	2385
-2718	2381
-2718	2377
-2714	2373
-2712	2368
-2711	2364
-2712	2361
-2712	2357
-2712	2354
-2713	2350
-2714	2347
-2712	2342
-2706	2337
-2705	2333
-2708	2331
-2708	2327
-2698	2321
-2700	2318
-2699	2314
-2701	2310
-2702	2307
-2702	2303
-2698	2299
-2698	2295
-2697	2291
-2699	2288
-2696	2284
-2693	2280
-2694	2276
-2695	2273
-2694	2269
-2695	2266
-2695	2262
-2688	2257
-2686	2253
-2685	2249
-2686	2246
-2689	2243
-2689	2239
-2688	2235
-2686	2231
-2684	2227
-2682	2223
-2680	2219
-2681	2216
-2680	2212
-2678	2208
-2674	2204
-2671	2200
-2671	2196
-2672	2193
-2671	2189
-2670	2185
-2670	2182
-2670	2178
-2670	2175
-2668	2171
-2668	2167
-2664	2163
-2661	2159
-2660	2155
-2659	2151
-2658	2148
-2656	2144
-2655	2140
-2656	2137
-2657	2134
-2656	2130
-2657	2127
-2654	2123
-2653	2119
-2655	2116
-2653	2112
-2652	2108
-2651	2105
-2650	2101
-2648	2097
-2649	2094
-2651	2091
-2650	2087
-2650	2084
-2650	2080
-2651	2077
-2651	2074
-2650	2070
-2648	2066
-2649	2063
-2648	2059
-2646	2055
-2644	2052
-2645	2048
-2644	2045
-2645	2042
-2642	2038
-2641	2034
-2641	2031
-2642	2027
-2640	2024
-2639	2020
-2638	2017
-2636	2013
-2636	2009
-2635	2006
-2634	2002
-2631	1999
-2632	1995
-2633	1992
-2633	1989
-2629	1985
-2628	1981
-2629	1978
-2629	1975
-2627	1971
-2626	1967
-2623	1964
-2623	1960
-2622	1957
-2621	1953
-2623	1950
-2622	1947
-2619	1943
-2618	1939
-2617	1936
-2616	1933
-2614	1929
-2610	1925
-2608	1922
-2608	1918
-2609	1915
-2609	1912
-2608	1908
-2608	1905
-2607	1901
-2604	1898
-2603	1894
-2603	1891
-2604	1888
-2605	1885
-2603	1881
-2602	1878
-2602	1874
-2602	1871
-2601	1867
-2599	1864
-2596	1860
-2591	1857
-2591	1853
-2590	1850
-2588	1847
-2587	1843
-2589	1840
-2590	1837
-2590	1833
-2586	1830
-2585	1827
-2585	1823
-2588	1820
-2586	1817
-2584	1813
-2583	1810
-2583	1807
-2585	1803
-2585	1800
-2583	1797
-2579	1793
-2578	1790
-2576	1787
-2575	1783
-2577	1780
-2574	1777
-2573	1773
-2572	1770
-2572	1767
-2572	1763
-2570	1760
-2566	1757
-2565	1753
-2565	1750
-2566	1747
-2565	1743
-2564	1740
-2564	1737
-2563	1734
-2562	1730
-2561	1727
-2560	1724
-2560	1720
-2559	1717
-2557	1714
-2558	1711
-2556	1707
-2554	1704
-2555	1701
-2554	1698
-2551	1694
-2549	1691
-2548	1688
-2548	1684
-2548	1681
-2544	1678
-2544	1675
-2545	1671
-2545	1668
-2544	1665
-2544	1662
-2544	1658
-2543	1655
-2541	1652
-2541	1649
-2540	1646
-2538	1642
-2537	1639
-2538	1636
-2538	1633
-2536	1629
-2535	1626
-2533	1623
-2530	1620
-2528	1617
-2529	1613
-2531	1610
-2533	1607
-2532	1604
-2528	1601
-2527	1597
-2526	1594
-2526	1591
-2526	1588
-2523	1585
-2521	1581
-2524	1578
-2523	1575
-2521	1572
-2518	1569
-2516	1566
-2516	1562
-2515	1559
-2512	1556
-2511	1553
-2511	1550
-2510	1547
-2506	1544
-2504	1541
-2505	1537
-2502	1534
-2500	1531
-2499	1528
-2501	1525
-2499	1522
-2498	1518
-2499	1515
-2497	1512
-2497	1509
-2497	1506
-2496	1503
-2495	1499
-2496	1496
-2493	1493
-2489	1490
-2487	1487
-2491	1484
-2489	1481
-2489	1478
-2489	1474
-2488	1471
-2486	1468
-2485	1465
-2485	1462
-2487	1459
-2487	1455
-2484	1452
-2484	1449
-2480	1446
-2478	1443
-2479	1440
-2481	1437
-2477	1434
-2476	1431
-2476	1428
-2474	1425
-2476	1421
-2475	1418
-2472	1415
-2472	1412
-2472	1409
-2473	1406
-2471	1403
-2468	1400
-2467	1397
-2465	1394
-2464	1391
-2462	1388
-2461	1385
-2460	1382
-2460	1379
-2460	1375
-2458	1372
-2458	1369
-2456	1366
-2453	1363
-2452	1360
-2450	1358
-2450	1354
-2449	1351
-2450	1348
-2450	1345
-2449	1342
-2448	1339
-2445	1336
-2445	1333
-2444	1330
-2443	1327
-2441	1324
-2441	1321
-2441	1317
-2441	1314
-2440	1311
-2440	1308
-2439	1305
-2439	1302
-2437	1299
-2435	1296
-2433	1293
-2433	1290
-2431	1287
-2430	1284
-2429	1281
-2430	1278
-2429	1275
-2428	1272
-2426	1269
-2424	1266
-2423	1263
-2424	1260
-2424	1257
-2422	1254
-2422	1251
-2420	1248
-2419	1245
-2419	1241
-2419	1238
-2418	1235
-2416	1232
-2416	1229
-2414	1226
-2413	1224
-2412	1220
-2411	1217
-2412	1214
-2410	1211
-2409	1208
-2408	1205
-2407	1202
-2408	1199
-2406	1196
-2406	1193
-2405	1190
-2403	1187
-2402	1184
-2400	1181
-2399	1178
-2399	1175
-2398	1172
-2398	1169
-2399	1166
-2396	1163
-2395	1160
-2394	1157
-2393	1154
-2392	1151
-2393	1148
-2397	1144
-2397	1140
-2395	1138
-2394	1135
-2394	1131
-2393	1128
-2391	1126
-2391	1123
-2389	1120
-2388	1117
-2386	1114
-2385	1111
-2383	1108
-2380	1106
-2380	1103
-2380	1099
-2381	1096
-2382	1092
-2382	1089
-2383	1086
-2381	1083
-2379	1080
-2378	1077
-2376	1074
-2375	1072
-2373	1069
-2372	1066
-2371	1063
-2370	1060
-2370	1057
-2369	1054
-2369	1050
-2369	1047
-2370	1044
-2368	1041
-2368	1038
-2367	1035
-2366	1032
-2364	1029
-2361	1027
-2365	1022
-2365	1019
-2363	1016
-2361	1014
-2360	1011
-2360	1007
-2359	1004
-2358	1001
-2356	999
-2355	996
-2354	993
-2354	989
-2354	986
-2353	983
-2353	980
-2352	977
-2351	974
-2349	971
-2348	969
-2346	966
-2344	963
-2343	960
-2345	956
-2345	953
-2344	950
-2345	946
-2344	943
-2342	941
-2340	938
-2338	935
-2338	932
-2341	928
-2340	925
-2339	922
-2339	919
-2339	915
-2338	912
-2338	909
-2337	906
-2333	904
-2332	901
-2331	898
-2329	895
-2327	893
-2326	890
-2326	887
-2328	883
-2327	880
-2325	877
-2323	874
-2322	871
-2322	868
-2321	865
-2321	862
-2320	859
-2318	856
-2317	853
-2317	850
-2317	846
-2317	843
-2316	840
-2314	837
-2313	834
-2314	831
-2312	828
-2310	825
-2309	823
-2309	819
-2308	816
-2307	813
-2308	809
-2306	807
-2303	805
-2302	802
-2301	799
-2300	795
-2301	792
-2300	789
-2299	786
-2298	783
-2297	780
-2296	777
-2296	773
-2296	770
-2295	767
-2295	764
-2294	761
-2293	758
-2291	755
-2291	751
-2291	748
-2288	746
-2287	743
-2286	740
-2285	737
-2286	733
-2285	730
-2285	727
-2284	724
-2283	720
-2281	718
-2280	715
-2279	712
-2278	709
-2278	705
-2277	703
-2276	699
-2276	696
-2274	693
-2272	691
-2272	687
-2273	684
-2271	681
-2272	677
-2271	674
-2270	671
-2269	668
-2267	665
-2267	662
-2265	659
-2263	656
-2264	653
-2261	650
-2259	648
-2259	644
-2258	641
-2257	638
-2257	635
-2259	630
-2257	627
-2256	625
-2254	622
-2252	619
-2253	616
-2252	612
-2252	609
-2250	606
-2250	603
-2248	600
-2248	597
-2247	593
-2247	590
-2248	586
-2245	584
-2242	581
-2240	579
-2239	576
-2237	573
-2237	570
-2236	567
-2235	563
-2234	561
-2236	556
-2235	553
-2234	550
-2233	546
-2231	544
-2229	542
-2228	538
-2228	535
-2229	531
-2227	528
-2227	524
-2227	521
-2225	518
-2223	516
-2221	513
-2221	510
-2219	507
-2217	504
-2216	501
-2217	497
-2217	493
-2215	491
-2213	488
-2213	484
-2212	481
-2210	479
-2210	475
-2209	472
-2207	469
-2206	466
-2206	463
-2204	460
-2203	457
-2202	454
-2203	449
-2201	447
-2199	444
-2197	441
-2198	437
-2196	434
-2195	432
-2193	429
-2192	425
-2190	423
-2188	420
-2187	417
-2187	413
-2185	411
-2182	409
-2185	403
-2180	403
-2180	399
-2182	394
-2178	392
-2177	390
-2177	385
-2177	382
-2175	379
-2173	376
-2172	373
-2171	370
-2171	366
-2171	363
-2169	360
-2166	358
-2165	355
-2162	353
-2159	351
-2158	348
-2157	345
-2158	340
-2158	336
-2156	333
-2154	331
-2152	328
-2155	322
-2152	321
-2147	320
-2146	317
-2145	313
-2138	314
-2135	312
-2135	308
-2134	305
-2129	304
-2127	302
-2111	309
-2104	310
-2100	308
-2098	306
-2096	303
-2096	300
-2096	295
-2095	292
-2094	289
-2093	286
-2089	285
-2086	282
-2085	280
-2083	277
-2083	273
-2085	268
-2084	265
-2081	263
-2079	260
-2079	256
-2080	251
-2079	248
-2080	244
-2076	242
-2073	241
-2071	238
-2072	234
-2071	230
-2069	227
-2068	224
-2068	220
-2068	216
-2067	213
-2065	211
-2064	207
-2065	202
-2064	199
-2061	197
-2060	194
-2059	190
-2060	186
-2056	184
-2055	181
-2056	177
-2055	173
-2056	168
-2056	164
-2054	161
-2052	159
-2048	157
-2047	154
-2046	151
-2046	147
-2046	143
-2047	138
-2046	134
-2044	132
-2041	130
-2039	127
-2038	123
-2037	120
-2037	116
-2035	114
-2033	111
-2031	109
-2031	104
-2031	100
-2031	96
-2029	93
-2027	90
-2026	87
-2025	83
-2024	80
-2024	75
-2021	74
-2018	72
-2017	68
-2018	63
-2017	60
-2017	56
-2016	52
-2015	49
-2014	45
-2011	43
-2011	39
-2009	36
-2010	31
-2010	27
-2007	25
-2006	21
-2005	18
-2005	13
-2004	10
-2002	7
-2000	4
-2000	0
-1999	-4
-1998	-7
-1996	-10
-1994	-13
-1992	-15
-1992	-20
-1992	-24
-1991	-28
-1989	-31
-1986	-33
-1983	-35
-1980	-37
-1979	-40
-1982	-47
-1982	-52
-1982	-56
-1981	-60
-1979	-63
-1977	-66
-1974	-68
-1970	-69
-1968	-71
-1970	-78
-1971	-83
-1969	-86
-1968	-90
-1966	-93
-1964	-96
-1962	-98
-1961	-101
-1962	-107
-1960	-111
-1957	-112
-1955	-115
-1949	-114
-1940	-110
-1932	-107
-1932	-112
-1935	-120
-1930	-119
-1927	-122
-1926	-125
-1923	-127
-1918	-127
-1913	-126
-1901	-119
-1895	-118
-1883	-111
-1874	-107
-1870	-108
-1867	-109
-1864	-112
-1861	-113
-1853	-110
-1851	-112
-1849	-115
-1848	-119
-1847	-123
-1848	-128
-1841	-125
-1836	-126
-1833	-127
-1830	-129
-1827	-130
-1823	-131
-1820	-133
-1818	-135
-1816	-138
-1805	-132
-1800	-131
-1799	-135
-1798	-139
-1794	-139
-1787	-137
-1766	-119
-1759	-116
-1757	-119
-1756	-122
-1755	-126
-1752	-127
-1749	-129
-1745	-130
-1742	-131
-1740	-133
-1737	-135
-1731	-134
-1728	-135
-1725	-137
-1721	-137
-1714	-134
-1703	-127
-1699	-127
-1695	-128
-1692	-128
-1687	-127
-1681	-126
-1676	-126
-1672	-126
-1666	-124
-1662	-124
-1658	-124
-1655	-126
-1652	-127
-1651	-131
-1648	-132
-1641	-128
-1636	-128
-1634	-130
-1631	-132
-1628	-133
-1623	-131
-1617	-129
-1612	-129
-1610	-131
-1607	-133
-1604	-134
-1599	-132
-1594	-131
-1590	-131
-1585	-130
-1580	-129
-1575	-128
-1572	-129
-1567	-128
-1561	-125
-1554	-122
-1550	-122
-1547	-123
-1543	-124
-1539	-122
-1533	-120
-1529	-121
-1526	-122
-1525	-125
-1522	-127
-1521	-130
-1520	-133
-1514	-131
-1507	-126
-1503	-127
-1500	-128
-1497	-129
-1495	-132
-1495	-137
-1495	-142
-1492	-143
-1489	-143
-1485	-143
-1482	-144
-1479	-145
-1468	-135
-1460	-130
-1457	-132
-1456	-134
-1453	-136
-1447	-133
-1444	-134
-1440	-134
-1437	-135
-1433	-135
-1431	-137
-1429	-139
-1428	-142
-1426	-145
-1423	-146
-1416	-141
-1413	-143
-1410	-143
-1407	-145
-1402	-143
-1397	-140
-1392	-138
-1386	-136
-1382	-135
-1380	-137
-1377	-138
-1375	-141
-1376	-147
-1378	-155
-1377	-158
-1375	-161
-1371	-161
-1370	-164
-1369	-168
-1365	-167
-1360	-166
-1357	-166
-1353	-166
-1349	-164
-1343	-162
-1339	-161
-1336	-162
-1334	-164
-1331	-165
-1327	-164
-1321	-161
-1317	-160
-1316	-163
-1312	-163
-1308	-162
-1305	-164
-1304	-166
-1301	-168
-1300	-171
-1298	-173
-1294	-173
-1288	-169
-1282	-166
-1279	-166
-1277	-168
-1275	-170
-1273	-172
-1271	-174
-1268	-175
-1265	-176
-1261	-176
-1257	-175
-1254	-176
-1250	-175
-1246	-174
-1242	-173
-1240	-174
-1238	-177
-1234	-176
-1230	-175
-1227	-176
-1224	-176
-1220	-176
-1217	-176
-1214	-176
-1211	-177
-1208	-177
-1205	-177
-1202	-178
-1198	-178
-1194	-177
-1191	-177
-1189	-179
-1185	-178
-1181	-177
-1177	-176
-1175	-178
-1171	-177
-1168	-178
-1164	-177
-1162	-177
-1158	-177
-1154	-176
-1151	-176
-1148	-177
-1146	-179
-1143	-179
-1140	-180
-1136	-179
-1133	-179
-1130	-179
-1126	-178
-1123	-178
-1119	-178
-1115	-176
-1113	-177
-1111	-179
-1107	-179
-1104	-179
-1101	-180
-1098	-179
-1095	-180
-1092	-179
-1089	-180
-1086	-180
-1082	-180
-1079	-180
-1076	-179
-1072	-179
-1069	-179
-1066	-180
-1063	-180
-1060	-180
-1057	-180
-1054	-180
-1051	-181
-1048	-181
-1045	-182
-1042	-180
-1038	-180
-1035	-180
-1032	-180
-1029	-180
-1026	-180
-1023	-180
-1020	-180
-1017	-181
-1014	-180
-1010	-179
-1007	-180
-1005	-180
-1002	-180
-999	-181
-995	-180
-993	-181
-989	-180
-986	-180
-981	-176
-976	-172
-972	-170
-968	-168
-964	-167
-960	-164
-957	-163
-953	-162
-949	-160
-945	-158
-942	-157
-941	-160
-939	-164
-938	-167
-934	-166
-929	-161
-926	-161
-922	-159
-917	-155
-913	-151
-909	-150
-906	-148
-909	-162
-906	-162
-904	-163
-877	-110
-873	-109
-870	-108
-867	-108
-865	-109
-862	-108
-858	-106
-855	-105
-852	-105
-850	-107
-848	-108
-845	-109
-843	-109
-840	-109
-838	-111
-836	-112
-774	1
-771	2
-768	3
-765	3
-763	3
-760	2
-758	2
-755	2
-753	2
-750	3
-747	3
-745	2
-743	2
-740	1
-738	-0
-736	-0
-732	3
-731	0
-731	-7
-732	-16
-729	-17
-725	-13
-721	-7
-717	-5
-718	-13
-717	-18
-716	-21
-714	-23
-744	-129
-742	-133
-741	-137
-740	-140
-737	-142
-735	-143
-733	-144
-730	-144
-728	-146
-726	-146
-723	-146
-721	-148
-718	-149
-716	-151
-714	-151
-711	-152
-709	-153
-707	-155
-704	-154
-702	-156
-699	-156
-696	-155
-694	-155
-691	-156
-689	-158
-686	-157
-684	-158
-681	-158
-679	-161
-677	-162
-673	-158
-669	-154
-665	-151
-662	-150
-659	-149
-656	-148
-653	-147
-651	-146
-648	-147
-646	-147
-643	-147
-640	-147
-638	-148
-636	-150
-634	-152
-631	-151
-628	-150
-625	-150
-622	-148
-619	-146
-617	-147
-614	-147
-611	-147
-609	-148
-606	-147
-604	-148
-602	-151
-608	-178
-605	-178
-602	-178
-599	-178
-597	-178
-595	-179
-592	-180
-589	-179
-586	-177
-583	-177
-581	-179
-579	-179
-576	-180
-574	-180
-571	-179
-568	-179
-566	-179
-563	-178
-561	-179
-558	-179
-555	-178
-552	-178
-550	-179
-548	-181
-546	-184
-544	-187
-541	-185
-539	-186
-536	-184
-533	-183
-530	-184
-528	-183
-525	-183
-523	-184
-520	-185
-518	-185
-515	-184
-512	-182
-509	-181
-507	-182
-505	-185
-502	-184
-499	-182
-496	-181
-494	-182
-492	-185
-489	-185
-487	-186
-484	-185
-482	-185
-479	-185
-476	-184
-474	-184
-471	-184
-469	-184
-466	-183
-463	-183
-461	-182
-458	-183
-456	-185
-454	-185
-451	-186
-448	-184
-446	-185
-443	-184
-441	-185
-438	-183
-435	-184
-433	-184
-430	-185
-428	-184
-425	-185
-423	-185
-420	-185
-418	-185
-415	-185
-413	-185
-410	-184
-408	-184
-405	-182
-402	-182
-400	-181
-397	-183
-395	-182
-392	-182
-390	-182
-387	-183
-385	-185
-383	-186
-380	-186
-378	-185
-375	-186
-372	-185
-370	-183
-367	-184
-365	-184
-362	-184
-360	-185
-357	-184
-355	-184
-352	-183
-350	-183
-347	-184
-345	-183
-342	-183
-339	-182
-337	-184
-335	-185
-332	-184
-330	-184
-327	-185
-325	-185
-322	-185
-320	-186
-318	-186
-315	-185
-312	-185
-310	-184
-307	-184
-305	-184
-302	-183
-300	-183
-297	-184
-295	-185
-293	-185
-290	-185
-288	-185
-285	-184
-283	-184
-280	-185
-278	-185
-275	-185
-273	-185
-270	-185
-268	-184
-265	-184
-263	-185
-260	-186
-258	-186
-256	-186
-253	-184
-250	-184
-248	-184
-245	-184
-243	-185
-241	-185
-238	-185
-236	-185
-233	-185
-231	-184
-228	-184
-226	-184
-223	-181
-220	-179
-218	-179
-216	-181
-213	-184
-211	-184
-209	-185
-206	-185
-203	-182
-201	-181
-199	-183
-196	-185
-194	-185
-191	-185
-189	-186
-186	-183
-183	-174
-181	-172
-178	-170
-176	-170
-173	-169
-171	-169
-168	-169
-166	-173
-164	-178
-162	-179
-159	-183
-157	-184
-154	-184
-152	-184
-150	-184
-147	-184
-145	-185
-142	-184
-140	-184
-137	-184
-135	-184
-132	-184
-130	-184
-128	-183
-125	-184
-123	-184
-120	-184
-118	-185
-115	-185
-113	-184
-110	-184
-108	-184
-105	-183
-103	-184
-101	-184
-98	-185
-96	-185
-93	-184
-91	-183
-88	-182
-86	-183
-83	-184
-81	-184
-79	-185
-76	-185
-74	-185
-69	-175
-66	-176
-64	-178
-61	-178
-59	-178
-57	-180
-54	-182
-52	-184
-49	-185
-47	-185
-44	-184
-42	-184
-39	-184
-37	-185
-35	-186
-32	-185
-30	-184
-27	-185
-25	-185
-22	-185
-20	-185
-17	-186
-15	-186
-13	-185
-10	-185
-8	-184
-5	-184
-3	-185
-0	-184
2	-183
5	-183
7	-183
10	-186
12	-186
14	-186
17	-185
19	-184
22	-183
24	-184
27	-185
29	-185
31	-184
34	-185
36	-186
39	-187
41	-186
44	-186
46	-186
49	-184
51	-183
53	-183
56	-181
58	-179
61	-179
63	-179
65	-179
68	-178
70	-178
73	-180
76	-183
78	-186
81	-187
83	-185
85	-183
88	-183
90	-183
93	-185
96	-187
98	-186
100	-185
103	-186
105	-185
108	-185
110	-185
113	-186
115	-187
118	-187
120	-186
123	-185
125	-185
127	-185
130	-184
132	-185
135	-185
138	-187
140	-184
142	-184
145	-186
148	-187
150	-188
153	-188
155	-185
157	-185
160	-185
162	-187
165	-186
167	-187
170	-187
172	-187
175	-186
177	-186
180	-186
182	-186
185	-186
187	-186
190	-186
192	-186
195	-187
197	-186
200	-186
202	-185
205	-185
207	-186
210	-186
212	-185
214	-184
217	-184
220	-186
222	-186
225	-185
227	-186
230	-186
232	-187
235	-187
237	-186
240	-187
242	-187
245	-187
247	-186
250	-185
252	-186
255	-186
257	-187
260	-188
263	-187
265	-188
268	-187
270	-186
272	-185
275	-185
277	-186
280	-187
283	-188
285	-187
288	-186
290	-187
293	-187
295	-184
297	-183
300	-183
303	-185
305	-185
308	-185
310	-185
313	-186
315	-184
317	-183
320	-183
323	-184
325	-184
328	-185
331	-186
334	-187
336	-185
338	-185
341	-185
344	-186
346	-185
349	-185
351	-186
354	-185
356	-186
359	-186
362	-188
364	-186
367	-185
369	-186
372	-184
374	-184
377	-185
379	-185
382	-184
384	-183
387	-185
390	-185
393	-186
395	-186
397	-184
400	-185
403	-186
406	-185
408	-186
411	-186
414	-186
416	-187
418	-185
421	-185
424	-185
426	-184
429	-185
432	-187
434	-185
436	-184
439	-184
442	-185
445	-185
447	-185
450	-184
452	-183
455	-183
457	-184
460	-185
463	-185
466	-185
468	-185
471	-186
474	-186
477	-186
479	-186
482	-185
484	-186
487	-184
489	-183
492	-184
494	-184
497	-184
500	-185
503	-184
506	-188
508	-186
511	-186
514	-186
514	-179
519	-185
522	-185
525	-186
520	-162
521	-158
525	-162
528	-164
531	-163
533	-163
537	-165
540	-166
543	-168
548	-174
551	-177
555	-178
556	-175
558	-172
561	-172
562	-170
563	-164
565	-160
566	-158
568	-156
570	-153
572	-151
575	-152
579	-154
582	-154
584	-155
588	-157
592	-161
598	-171
603	-176
606	-178
609	-178
611	-177
613	-175
616	-174
617	-168
618	-164
610	-136
612	-133
614	-131
616	-129
618	-128
620	-127
622	-126
624	-123
626	-122
628	-120
630	-118
632	-116
634	-115
637	-115
640	-116
643	-116
647	-119
651	-123
656	-128
661	-132
665	-136
668	-138
672	-141
676	-142
677	-140
678	-135
680	-133
684	-135
687	-137
691	-138
695	-141
702	-153
706	-154
708	-154
711	-153
714	-153
716	-152
718	-151
721	-150
723	-149
725	-146
727	-145
730	-145
732	-144
735	-143
737	-141
740	-142
743	-141
745	-139
746	-135
747	-132
748	-127
749	-122
749	-117
750	-112
750	-106
720	-12
721	-7
722	-4
724	-3
725	0
728	1
730	2
732	3
736	2
739	1
741	2
743	2
747	-0
775	-0
777	1
780	1
782	1
866	-135
871	-139
874	-140
880	-145
886	-151
888	-148
889	-144
891	-143
893	-141
895	-140
898	-139
901	-139
904	-139
908	-141
930	-176
933	-176
937	-177
940	-177
943	-178
946	-176
949	-176
951	-174
954	-175
961	-181
968	-188
971	-187
974	-187
976	-186
979	-184
982	-185
985	-184
988	-183
991	-182
993	-182
996	-181
1000	-182
1003	-181
1006	-181
1009	-180
1012	-180
1016	-181
1018	-180
1021	-180
1025	-180
1028	-179
1031	-180
1035	-180
1039	-182
1042	-181
1046	-182
1049	-181
1051	-180
1054	-179
1056	-177
1059	-176
1061	-175
1064	-173
1067	-172
1070	-172
1072	-170
1072	-165
1073	-161
1076	-160
1078	-158
1080	-157
1083	-155
1086	-155
1089	-155
1093	-155
1096	-154
1098	-153
1100	-151
1101	-147
1103	-144
1104	-142
1108	-142
1111	-142
1117	-146
1120	-146
1125	-148
1130	-150
1136	-154
1137	-150
1139	-148
1142	-147
1145	-147
1152	-152
1163	-164
1169	-167
1172	-166
1175	-165
1171	-154
1171	-149
1172	-145
1174	-143
1177	-142
1180	-142
1185	-145
1194	-153
1200	-156
1202	-154
1205	-152
1209	-154
1215	-157
1223	-163
1228	-166
1230	-163
1231	-159
1231	-154
1232	-150
1232	-145
1232	-140
1233	-136
1234	-133
1235	-129
1236	-126
1238	-124
1241	-123
1244	-123
1249	-124
1253	-125
1257	-125
1263	-128
1283	-150
1286	-150
1291	-151
1295	-152
1303	-158
1307	-157
1309	-155
1313	-156
1316	-154
1318	-152
1320	-150
1322	-147
1324	-145
1326	-143
1330	-144
1334	-144
1337	-142
1340	-141
1343	-141
1346	-140
1350	-140
1354	-140
1362	-145
1371	-151
1373	-149
1374	-146
1376	-143
1378	-141
1380	-139
1384	-139
1386	-137
1389	-135
1390	-132
1393	-130
1396	-129
1400	-129
1407	-133
1420	-144
1425	-145
1423	-138
1423	-134
1428	-134
1436	-139
1439	-138
1445	-141
1450	-142
1455	-143
1458	-142
1461	-141
1466	-141
1469	-141
1473	-140
1477	-141
1481	-140
1483	-138
1486	-136
1490	-136
1496	-138
1501	-139
1503	-137
1504	-134
1507	-132
1514	-135
1519	-136
1521	-134
1524	-132
1528	-132
1531	-131
1535	-131
1541	-132
1549	-137
1560	-144
1562	-142
1564	-139
1567	-138
1570	-137
1574	-136
1576	-134
1579	-132
1581	-130
1584	-127
1587	-127
1591	-126
1593	-124
1597	-123
1600	-122
1604	-121
1608	-120
1611	-120
1620	-124
1624	-124
1627	-122
1629	-120
1631	-117
1633	-114
1637	-114
1645	-117
1652	-121
1655	-119
1658	-117
1659	-113
1660	-110
1663	-108
1666	-107
1674	-110
1682	-114
1690	-117
1699	-122
1702	-120
1706	-119
1710	-118
1712	-116
1714	-113
1717	-111
1720	-110
1723	-109
1726	-107
1730	-106
1734	-105
1742	-109
1747	-109
1755	-112
1762	-114
1765	-113
1768	-111
1772	-110
1775	-108
1778	-106
1782	-105
1785	-104
1790	-104
1797	-106
1803	-107
1806	-106
1814	-108
1822	-111
1824	-109
1825	-105
1826	-101
1829	-99
1835	-100
1841	-101
1843	-99
1846	-96
1849	-94
1854	-95
1859	-95
1866	-96
1873	-98
1875	-95
1877	-93
1879	-90
1884	-90
1893	-93
1899	-93
1900	-90
1903	-88
1906	-86
1907	-82
1909	-79
1911	-76
1913	-74
1919	-74
1930	-79
1941	-85
1943	-82
1949	-82
1953	-81
1956	-79
1959	-77
1963	-76
1967	-75
1972	-74
1972	-70
1975	-67
1977	-65
1979	-62
1982	-60
1985	-57
1988	-55
1998	-59
2019	-72
2025	-73
2032	-74
2039	-75
2042	-73
2049	-74
2056	-75
2060	-74
2063	-72
2063	-68
2063	-63
2064	-59
2066	-55
2071	-55
2080	-58
2086	-58
2089	-56
2093	-54
2098	-54
2105	-55
2111	-55
2119	-56
2123	-55
2124	-51
2124	-47
2126	-43
2130	-42
2138	-43
2150	-48
2154	-46
2157	-45
2160	-42
2165	-41
2168	-39
2170	-35
2173	-34
2179	-33
2187	-35
2197	-38
2201	-36
2204	-34
2210	-34
2215	-33
2230	-40
2234	-38
2241	-38
2248	-38
2251	-37
2257	-36
2264	-36
2265	-33
2268	-30
2272	-28
2278	-28
2279	-24
2286	-25
2288	-21
2289	-17
2291	-14
2293	-11
2296	-8
2300	-7
2305	-5
2309	-3
2314	-2
2321	-2
2329	-4
2336	-4
2339	-1
2340	3
2342	6
2342	11
2341	16
2343	19
2344	24
2343	28
2345	32
2345	36
2343	42
2348	44
2353	45
2356	48
2357	52
2350	61
2354	63
2357	66
2355	72
2352	78
2353	82
2355	85
2357	88
2355	94
2359	96
2360	100
2360	105
2359	109
2361	113
2359	119
2360	122
2361	126
2363	129
2364	133
2356	143
2359	145
2364	147
2357	155
2362	157
2366	159
2368	162
2366	167
2364	173
2365	177
2367	180
2369	183
2373	185
2374	189
2374	193
2371	200
2371	204
2373	207
2375	210
2377	213
2378	217
2379	221
2378	226
2379	229
2381	232
2382	237
2381	241
2381	246
2381	250
2382	254
2382	258
2383	261
2386	264
2385	269
2386	273
2389	275
2388	280
2388	284
2389	288
2389	292
2390	296
2392	299
2393	303
2393	307
2393	311
2395	314
2395	319
2395	323
2397	326
2398	330
2397	334
2397	338
2398	342
2399	346
2400	350
2400	353
2400	357
2401	361
2402	365
2402	369
2404	372
2402	377
2401	382
2402	386
2401	390
2402	394
2405	396
2406	400
2406	404
2406	408
2406	412
2407	416
2408	419
2410	423
2411	426
2410	430
2412	434
2413	437
2411	442
2412	446
2411	450
2413	453
2415	457
2417	460
2416	464
2416	468
2416	472
2418	475
2419	479
2419	483
2418	487
2420	490
2421	494
2421	498
2422	501
2421	505
2422	509
2422	513
2421	518
2422	521
2424	524
2425	528
2425	532
2426	535
2427	539
2428	542
2426	547
2428	550
2431	552
2430	557
2430	561
2432	564
2437	566
2440	568
2447	569
2451	571
2453	574
2456	577
2456	581
2455	585
2456	589
2459	591
2461	594
2462	598
2463	601
2461	606
2461	610
2461	614
2463	617
2465	620
2464	624
2465	628
2467	631
2467	635
2468	638
2470	641
2470	645
2470	649
2471	652
2472	656
2474	659
2474	663
2475	666
2475	670
2475	674
2477	677
2480	680
2481	683
2483	686
2484	690
2482	694
2482	698
2483	702
2484	705
2484	709
2484	713
2482	717
2484	720
2487	723
2488	726
2490	729
2490	733
2492	736
2491	740
2491	744
2493	747
2492	751
2493	755
2495	758
2497	761
2498	765
2496	769
2496	773
2497	776
2497	780
2498	783
2500	786
2501	790
2502	793
2504	796
2504	800
2503	804
2503	808
2504	811
2505	815
2506	818
2507	822
2506	826
2505	830
2506	833
2506	837
2507	840
2509	843
2510	847
2511	850
2512	853
2512	857
2512	861
2513	864
2514	868
2516	871
2517	874
2516	878
2515	882
2516	886
2517	889
2518	892
2518	896
2519	899
2520	903
2521	906
2521	910
2520	914
2520	917
2522	921
2524	924
2524	927
2523	931
2523	935
2523	939
2523	942
2525	945
2527	948
2527	952
2527	956
2527	959
2528	963
2528	967
2530	970
2531	973
2532	976
2532	980
2533	983
2534	987
2535	990
2536	994
2537	997
2538	1000
2538	1004
2539	1007
2539	1011
2540	1014
2540	1018
2538	1022
2536	1026
2537	1030
2539	1033
2540	1036
2542	1039
2543	1043
2543	1046
2543	1050
2543	1054
2542	1057
2544	1060
2546	1064
2546	1067
2548	1070
2547	1074
2548	1077
2549	1081
2550	1084
2551	1088
2552	1091
2553	1094
2553	1098
2553	1102
2551	1106
2552	1109
2555	1112
2556	1115
2555	1119
2554	1123
2554	1126
2555	1130
2555	1133
2554	1137
2553	1141
2552	1145
2555	1148
2558	1151
2559	1154
2559	1158
2561	1161
2562	1164
2559	1168
2559	1172
2560	1175
2561	1179
2561	1182
2563	1185
2564	1189
2565	1192
2566	1196
2565	1199
2565	1203
2567	1206
2566	1210
2567	1213
2568	1217
2568	1220
2569	1223
2568	1227
2569	1231
2571	1234
2570	1237
2570	1241
2569	1245
2571	1248
2571	1251
2572	1255
2574	1258
2575	1261
2575	1265
2575	1268
2575	1272
2574	1276
2575	1279
2575	1283
2575	1286
2575	1290
2576	1293
2577	1296
2578	1300
2578	1303
2579	1307
2579	1310
2580	1314
2580	1317
2581	1321
2582	1324
2583	1327
2583	1331
2584	1334
2584	1338
2585	1341
2584	1345
2583	1349
2583	1352
2584	1355
2587	1359
2587	1362
2588	1366
2588	1369
2588	1372
2590	1376
2590	1379
2590	1383
2590	1386
2590	1390
2591	1393
2592	1397
2593	1400
2593	1404
2592	1407
2591	1411
2591	1414
2593	1418
2595	1421
2594	1425
2592	1428
2592	1432
2596	1435
2597	1438
2597	1442
2596	1445
2597	1449
2599	1452
2599	1456
2597	1459
2598	1463
2598	1466
2599	1470
2600	1473
2600	1477
2601	1480
2602	1484
2601	1487
2603	1491
2602	1494
2602	1498
2603	1501
2604	1505
2604	1508
2603	1512
2603	1515
2604	1519
2606	1522
2608	1525
2607	1529
2607	1532
2608	1536
2608	1539
2607	1543
2607	1546
2608	1550
2610	1553
2611	1557
2612	1560
2613	1564
2614	1567
2613	1571
2613	1574
2614	1578
2614	1581
2615	1585
2614	1588
2613	1592
2614	1595
2615	1599
2615	1602
2615	1606
2616	1609
2618	1613
2619	1616
2618	1620
2618	1623
2619	1627
2619	1630
2618	1634
2619	1637
2621	1641
2622	1644
2623	1648
2623	1651
2623	1655
2622	1658
2622	1662
2625	1665
