2595	1668
2596	1672
2596	1675
2596	1679
2596	1682
2596	1686
2594	1693
2594	1696
2595	1700
2596	1703
2596	1706
2596	1710
2597	1713
2598	1717
2599	1720
2599	1724
2599	1727
2598	1731
2599	1734
2599	1738
2599	1741
2600	1745
2601	1748
2601	1752
2602	1755
2603	1759
2603	1762
2604	1766
2604	1769
2604	1773
2604	1776
2604	1780
2604	1783
2605	1787
2606	1790
2609	1794
2610	1798
2612	1801
2612	1805
2613	1808
2615	1812
2616	1815
2615	1819
2616	1822
2613	1826
2613	1829
2614	1833
2615	1837
2614	1840
2614	1844
2615	1847
2615	1851
2615	1854
2615	1858
2614	1861
2617	1865
2617	1868
2618	1872
2617	1875
2617	1879
2617	1882
2616	1886
2616	1889
2618	1893
2616	1896
2615	1900
2616	1904
2621	1907
2621	1911
2616	1914
2615	1918
2616	1921
2617	1925
2618	1928
2619	1932
2621	1936
2626	1940
2626	1943
2625	1947
2626	1951
2627	1954
2626	1958
2626	1961
2626	1965
2626	1968
2628	1972
2629	1976
2629	1979
2630	1983
2631	1987
2632	1990
2633	1994
2632	1998
2634	2001
2634	2005
2635	2009
2635	2012
2635	2016
2635	2019
2635	2023
2636	2027
2636	2030
2636	2034
2637	2038
2636	2041
2635	2045
2637	2048
2637	2052
2638	2056
2639	2059
2639	2063
2639	2067
2640	2070
2640	2074
2640	2078
2639	2081
2638	2085
2637	2088
2638	2092
2639	2096
2640	2099
2638	2103
2639	2106
2638	2110
2639	2114
2640	2117
2640	2121
2639	2124
2641	2129
2642	2132
2642	2136
2639	2139
2639	2143
2640	2147
2641	2150
2641	2154
2642	2158
2641	2161
2640	2165
2643	2169
2645	2173
2644	2176
2643	2180
2644	2184
2643	2187
2644	2191
2645	2195
2644	2198
2643	2202
2643	2206
2645	2210
2645	2213
2646	2217
2645	2221
2646	2225
2646	2228
2648	2232
2648	2236
2647	2240
2647	2243
2648	2247
2648	2251
2649	2255
2649	2259
2650	2262
2650	2266
2651	2270
2650	2274
2649	2277
2651	2281
2652	2285
2653	2289
2654	2293
2655	2297
2656	2301
2655	2304
2654	2308
2657	2312
2657	2316
2657	2320
2658	2324
2659	2328
2659	2332
2657	2335
2657	2339
2656	2342
2655	2346
2655	2350
2652	2352
2650	2356
2652	2360
2655	2365
2656	2369
2656	2372
2656	2376
2656	2380
2654	2383
2655	2387
2660	2393
2661	2397
2660	2400
2656	2403
2653	2406
2654	2410
2653	2414
2654	2418
2656	2422
2660	2427
2662	2431
2664	2436
2666	2440
2668	2444
2667	2448
2663	2451
2666	2455
2668	2460
2668	2464
2667	2467
2669	2472
2670	2476
2669	2480
2666	2483
2665	2486
2667	2491
2668	2495
2666	2498
2663	2501
2661	2504
2667	2510
2668	2514
2670	2519
2670	2523
2669	2526
2669	2530
2668	2534
2669	2538
2670	2542
2670	2546
2670	2550
2670	2554
2670	2558
2669	2562
2668	2565
2670	2570
2671	2574
2670	2578
2670	2582
2671	2586
2672	2590
2673	2595
2673	2599
2673	2602
2674	2607
2673	2611
2673	2615
2673	2618
2672	2622
2671	2626
2672	2630
2674	2635
2675	2639
2675	2643
2673	2646
2673	2651
2675	2655
2677	2660
2678	2664
2677	2668
2678	2673
2679	2677
2679	2681
2680	2685
2679	2689
2679	2693
2678	2697
2678	2701
2677	2705
2677	2709
2677	2713
2678	2717
2678	2722
2679	2726
2678	2730
2677	2733
2676	2737
2676	2741
2677	2746
2676	2750
2680	2755
2679	2759
2678	2763
2678	2767
2679	2772
2679	2775
2677	2779
2677	2783
2677	2787
2679	2792
2678	2796
2679	2800
2679	2805
2680	2809
2681	2814
2682	2819
2684	2824
2685	2828
2684	2832
2685	2837
2686	2841
2685	2845
2683	2849
2682	2852
2681	2856
2681	2860
2680	2864
2681	2869
2682	2873
2684	2879
2685	2883
2684	2887
2683	2891
2683	2895
2683	2900
2684	2905
2685	2909
2684	2913
2684	2917
2684	2922
2683	2925
2682	2929
2684	2935
2686	2940
2687	2945
2688	2950
2686	2953
2686	2957
2685	2961
2683	2965
2684	2970
2685	2975
2685	2979
2685	2983
2685	2988
2687	2993
2688	2998
2689	3003
2688	3007
2688	3011
2689	3016
2691	3021
2692	3026
2691	3030
2690	3034
2691	3039
2691	3044
2689	3047
2689	3052
2691	3057
2693	3063
2694	3068
2692	3071
2691	3075
2690	3079
2690	3084
2691	3089
2690	3093
2689	3097
2691	3102
2693	3108
2693	3113
2692	3117
2692	3121
2695	3127
2697	3133
2697	3138
2696	3142
2695	3146
2697	3151
2696	3156
2695	3160
2695	3165
2697	3170
2698	3176
2696	3179
2687	3179
2665	3172
2649	3168
2639	3167
2632	3167
2628	3170
2626	3173
2625	3177
2625	3182
2627	3187
2641	3200
2667	3219
2689	3236
2695	3244
2695	3249
2694	3254
2695	3259
2695	3264
2696	3269
2695	3273
2694	3278
2694	3282
2692	3286
2692	3291
2693	3296
2693	3301
2695	3307
2695	3312
2696	3318
2697	3323
2696	3327
2697	3332
2695	3337
2694	3341
2693	3345
2692	3349
2692	3354
2692	3359
2694	3365
2694	3370
2694	3375
2694	3380
2692	3384
2692	3389
2693	3394
2692	3399
2691	3403
2691	3408
2693	3414
2694	3420
2692	3424
2690	3428
2692	3434
2692	3439
2692	3444
2691	3449
2691	3454
2691	3459
2690	3463
2688	3467
2688	3472
2689	3478
2691	3484
2692	3490
2694	3497
2694	3502
2694	3507
2697	3514
2696	3519
2695	3523
2693	3527
2693	3533
2693	3538
2692	3542
2690	3546
2690	3551
2689	3556
2689	3561
2688	3566
2685	3569
2684	3573
2681	3577
2685	3585
2687	3592
2686	3596
2684	3600
2684	3606
2685	3612
2684	3616
2683	3621
2684	3627
2682	3631
2680	3635
2678	3639
2680	3645
2680	3651
2679	3656
2679	3662
2678	3666
2676	3670
2675	3675
2674	3679
2673	3684
2676	3692
2675	3697
2674	3701
2673	3706
2672	3712
2672	3717
2672	3722
2672	3728
2672	3734
2673	3740
2673	3746
2672	3750
2671	3755
2669	3759
2668	3764
2667	3769
2666	3774
2665	3779
2663	3783
2662	3788
2662	3793
2661	3799
2661	3804
2664	3812
2664	3818
2663	3823
2661	3827
2660	3832
2658	3837
2658	3842
2658	3848
2655	3852
2654	3857
2653	3861
2652	3867
2650	3871
2647	3875
2647	3880
2646	3885
2643	3888
2641	3893
2642	3900
2644	3907
2643	3912
2641	3917
2642	3923
2641	3928
2639	3933
2635	3935
2632	3939
2631	3944
2633	3952
2633	3958
2632	3963
2632	3969
2630	3974
2628	3978
2627	3983
2625	3987
2626	3994
2627	4001
2624	4005
2621	4009
2619	4013
2618	4018
2618	4024
2617	4029
2616	4035
2618	4043
2619	4050
2619	4056
2618	4061
2616	4066
2615	4071
2612	4075
2610	4079
2593	4071
2564	4051
2541	4036
2540	4042
2537	4045
2538	4052
2583	4100
2595	4117
2595	4124
2594	4129
2594	4135
2593	4141
2592	4146
2591	4152
2589	4156
2585	4159
2583	4164
2582	4169
2579	4173
2578	4179
2574	4182
2570	4184
2569	4190
2566	4193
2564	4198
2562	4202
2560	4207
2557	4211
2555	4216
2553	4221
2551	4225
2550	4230
2548	4235
2545	4239
2543	4244
2541	4249
2541	4255
2539	4260
2536	4264
2533	4268
2531	4272
2529	4277
2528	4283
2526	4287
2522	4291
2521	4296
2520	4303
2518	4307
2517	4313
2260	4058
2257	4061
2258	4068
2254	4070
2254	4076
2252	4081
2250	4085
2249	4090
2245	4092
2246	4099
2243	4103
2242	4108
2241	4114
2239	4117
2482	4381
2478	4385
2476	4389
2475	4396
2474	4401
2473	4407
2472	4413
2469	4418
2467	4422
2465	4427
2462	4431
2460	4436
2458	4441
2456	4446
2454	4452
2452	4457
2450	4461
2447	4465
2447	4472
2444	4476
2441	4481
2438	4485
2435	4489
2432	4493
2429	4497
2426	4501
2423	4505
2421	4510
2418	4514
2415	4518
2412	4523
2408	4525
2404	4528
2401	4533
2399	4537
2397	4543
2393	4545
2392	4552
2390	4558
2387	4562
2385	4567
2384	4573
2381	4577
2379	4583
2376	4587
2373	4591
2370	4596
2370	4603
2367	4607
2363	4610
2361	4615
2360	4621
2356	4625
2354	4631
2354	4638
2351	4642
2347	4645
2342	4647
2338	4651
2336	4655
2333	4660
2331	4665
2328	4670
2324	4673
2321	4677
2317	4680
2315	4686
2314	4692
2312	4698
2310	4704
2309	4710
2307	4716
2304	4720
2301	4724
2298	4729
2295	4733
2291	4736
2291	4744
2288	4749
2285	4754
2285	4761
2281	4765
2275	4766
2271	4768
2268	4773
2265	4777
2262	4782
2261	4788
2258	4793
2255	4798
2253	4804
2249	4807
2247	4812
2245	4819
2242	4823
2238	4826
2235	4830
2232	4835
2229	4839
2226	4844
2223	4849
2219	4852
2217	4858
2214	4863
2211	4867
2207	4870
2202	4872
2199	4877
2195	4880
2192	4885
2189	4890
2186	4893
2181	4896
2176	4898
2171	4899
2168	4904
2165	4908
2161	4912
2157	4915
2153	4918
2151	4924
2147	4928
2143	4931
2141	4937
2139	4943
2135	4947
2132	4951
2129	4956
2123	4957
2119	4960
2115	4963
2111	4966
2108	4971
2103	4974
2098	4975
2094	4978
2090	4981
2087	4986
2082	4988
2077	4990
2072	4992
2068	4994
2064	4998
2060	5002
2056	5004
2051	5007
2047	5010
2043	5014
2041	5019
2038	5024
2035	5029
2030	5031
2025	5033
2021	5036
2016	5039
2012	5041
2006	5041
2000	5042
1996	5044
1993	5050
1990	5055
1984	5055
1980	5058
1976	5061
1973	5066
1970	5072
1967	5077
1964	5082
1961	5087
1957	5091
1954	5095
1949	5098
1944	5100
1940	5101
1935	5103
1931	5107
1927	5110
1924	5116
1921	5121
1918	5126
1913	5128
1911	5134
1908	5140
1903	5142
1899	5146
1895	5150
1891	5153
1887	5157
1883	5160
1879	5163
1875	5166
1871	5170
1868	5176
1864	5179
1859	5182
1855	5184
1850	5186
1845	5187
1839	5188
1834	5190
1829	5191
1824	5194
1821	5198
1817	5201
1813	5205
1808	5207
1803	5210
1799	5212
1794	5214
1789	5216
1785	5219
1781	5223
1777	5228
1773	5230
1768	5232
1764	5237
1762	5243
1758	5247
1753	5249
1749	5252
1743	5253
1738	5254
1734	5257
1729	5258
1724	5261
1718	5261
1714	5263
1709	5266
1704	5268
1699	5270
1694	5270
1687	5270
1682	5271
1677	5272
1673	5275
1667	5276
1662	5277
1656	5276
1650	5277
1644	5276
1640	5278
1636	5282
1631	5285
1627	5289
1622	5291
1617	5292
1613	5295
1608	5297
1604	5300
1599	5302
1594	5304
1589	5306
1585	5310
1581	5313
1577	5317
1575	5324
1571	5329
1567	5333
1563	5336
1558	5338
1553	5339
1547	5338
1541	5339
1536	5341
1532	5344
1528	5347
1524	5351
1520	5355
1515	5358
1510	5360
1506	5363
1500	5363
1495	5364
1491	5368
1488	5374
1484	5377
1480	5381
1475	5384
1470	5386
1465	5386
1459	5387
1453	5386
1447	5385
1442	5385
1436	5384
1430	5385
1426	5388
1422	5391
1417	5394
1413	5397
1408	5401
1404	5403
1398	5402
1392	5401
1386	5401
1380	5401
1375	5402
1370	5404
1366	5406
1361	5408
1356	5411
1351	5412
1345	5409
1339	5408
1334	5410
1329	5411
1324	5413
1319	5416
1314	5416
1308	5415
1302	5414
1297	5416
1292	5418
1287	5420
1282	5420
1276	5420
1271	5419
1266	5421
1261	5424
1255	5422
1249	5420
1244	5421
1239	5423
1234	5425
1229	5426
1224	5427
1219	5429
1215	5432
1208	5429
1203	5428
1197	5429
1192	5431
1187	5431
1181	5430
1176	5429
1171	5431
1176	5464
1171	5465
1152	5424
1147	5424
1142	5425
1137	5427
1132	5428
1128	5432
1123	5435
1118	5435
1112	5435
1107	5434
1101	5434
1096	5434
1091	5436
1096	5470
1091	5469
1084	5465
1079	5465
1067	5443
1061	5442
1056	5442
1051	5443
1046	5444
1062	5517
1044	5476
1039	5477
1026	5449
1020	5448
1014	5447
1009	5448
1005	5450
1000	5451
995	5453
990	5454
985	5455
980	5456
974	5456
969	5455
964	5455
958	5456
953	5457
948	5458
944	5460
938	5459
933	5460
928	5462
924	5464
919	5467
914	5469
909	5471
904	5470
898	5468
894	5471
889	5472
883	5471
878	5469
873	5472
869	5476
864	5477
858	5476
853	5476
848	5476
842	5476
837	5476
832	5477
827	5479
822	5481
817	5481
812	5481
807	5480
802	5482
797	5483
792	5485
787	5485
782	5486
777	5486
771	5486
766	5486
761	5487
756	5486
751	5487
746	5487
740	5487
735	5487
730	5487
725	5487
719	5485
714	5484
709	5485
704	5487
699	5489
694	5490
689	5491
684	5492
679	5493
674	5493
669	5495
665	5497
660	5498
655	5501
650	5503
645	5504
640	5505
635	5505
630	5506
625	5506
620	5505
614	5502
609	5500
603	5500
599	5502
593	5501
588	5499
582	5497
577	5498
572	5499
567	5500
562	5500
557	5500
552	5498
547	5498
542	5500
537	5503
532	5505
527	5505
522	5503
516	5501
511	5501
506	5501
501	5503
496	5504
491	5503
486	5500
480	5498
475	5497
470	5496
464	5493
459	5491
454	5490
449	5490
444	5491
439	5492
434	5491
428	5490
423	5489
418	5487
413	5486
407	5484
402	5479
396	5477
392	5479
387	5481
382	5482
377	5481
372	5480
367	5480
362	5481
357	5484
352	5486
347	5488
342	5488
337	5488
332	5487
327	5486
322	5485
317	5484
312	5482
306	5481
301	5480
296	5480
291	5479
287	5482
282	5484
277	5485
272	5486
267	5488
262	5492
257	5493
252	5493
247	5490
242	5491
237	5492
232	5492
227	5494
222	5494
217	5494
213	5497
208	5497
203	5497
198	5497
193	5497
188	5498
183	5498
178	5498
173	5499
168	5498
162	5495
157	5492
152	5490
147	5485
142	5484
137	5483
132	5484
127	5484
122	5486
117	5488
112	5487
107	5487
102	5486
97	5486
92	5487
87	5486
82	5482
77	5482
72	5476
67	5476
62	5476
57	5475
52	5472
47	5469
42	5469
37	5471
32	5467
27	5460
22	5459
17	5460
12	5462
7	5463
2	5463
-3	5481
-19	5027
-23	5028
-27	5031
-32	5031
-36	5028
-41	5026
-45	5026
-49	5027
-54	5025
-58	5020
-62	5013
-67	5011
-71	5011
-75	5005
-80	5005
-84	5005
-88	5006
-93	5009
-97	5012
-102	5015
-106	5022
-111	5029
-115	5028
-119	5028
-124	5027
-128	5031
-133	5034
-137	5032
-141	5030
-163	5743
-165	5631
-166	5461
-171	5462
-176	5451
-180	5448
-185	5446
-190	5449
-195	5452
-200	5448
-205	5445
-210	5443
-215	5445
-220	5441
-224	5438
-229	5436
-234	5433
-239	5431
-244	5430
-248	5425
-253	5421
-258	5417
-273	5609
-267	5413
-272	5410
-277	5409
-293	5606
-303	5685
-308	5676
-300	5472
-305	5474
-310	5473
-315	5471
-314	5386
-319	5384
-324	5384
-335	5468
-340	5469
-342	5424
-346	5421
-351	5419
-356	5417
-361	5419
-369	5457
-370	5414
-375	5410
-378	5392
-383	5389
-388	5391
-393	5393
-398	5395
-403	5395
-408	5395
-413	5394
-417	5392
-422	5392
-427	5391
-432	5392
-437	5391
-442	5391
-447	5391
-451	5389
-456	5387
-461	5387
-466	5386
-471	5388
-476	5386
-480	5385
-485	5385
-490	5383
-495	5382
-500	5382
-505	5383
-509	5377
-514	5379
-519	5380
-524	5381
-529	5381
-534	5381
-538	5379
-543	5377
-548	5376
-553	5376
-558	5375
-562	5374
-567	5374
-572	5373
-577	5372
-582	5372
-587	5371
-592	5371
-596	5371
-601	5372
-606	5372
-612	5373
-616	5374
-621	5372
-626	5369
-631	5369
-635	5369
-640	5368
-645	5366
-650	5366
-655	5365
-660	5367
-665	5365
-669	5364
-674	5364
-679	5364
-684	5363
-689	5362
-694	5362
-699	5361
-703	5361
-708	5361
-713	5360
-718	5360
-723	5359
-728	5357
-732	5356
-737	5355
-742	5355
-747	5354
-751	5352
-756	5351
-761	5351
-766	5351
-771	5350
-776	5349
-780	5347
-785	5347
-791	5348
-796	5349
-800	5348
-806	5350
-811	5351
-816	5352
-821	5353
-826	5351
-831	5350
-836	5349
-841	5349
-846	5349
-851	5350
-856	5350
-861	5349
-865	5346
-869	5342
-869	5321
-873	5314
-877	5311
-882	5308
-886	5304
-890	5301
-894	5299
-899	5299
-904	5298
-909	5299
-915	5300
-921	5305
-926	5307
-931	5306
-936	5305
-940	5303
-944	5299
-948	5294
-952	5290
-957	5289
-962	5290
-967	5289
-972	5288
-976	5287
-981	5286
-985	5283
-990	5281
-995	5279
-1000	5282
-1005	5282
-1009	5279
-1014	5278
-1020	5281
-1025	5282
-1031	5283
-1036	5282
-1041	5282
-1046	5282
-1051	5282
-1056	5284
-1061	5283
-1066	5281
-1070	5279
-1074	5275
-1079	5274
-1084	5273
-1089	5272
-1094	5273
-1099	5273
-1104	5273
-1109	5273
-1114	5272
-1119	5272
-1123	5270
-1128	5268
-1132	5265
-1137	5263
-1142	5263
-1147	5263
-1152	5264
-1158	5267
-1161	5257
-1166	5258
-1171	5257
-1175	5255
-1180	5255
-1187	5260
-1192	5258
-1195	5253
-1199	5249
-1204	5248
-1208	5245
-1213	5244
-1218	5243
-1224	5246
-1230	5251
-1235	5250
-1241	5253
-1246	5252
-1251	5249
-1255	5247
-1259	5243
-1263	5241
-1268	5239
-1273	5238
-1277	5236
-1282	5236
-1287	5235
-1292	5233
-1297	5232
-1300	5227
-1304	5224
-1309	5222
-1318	5235
-1324	5235
-1328	5233
-1332	5229
-1336	5224
-1339	5220
-1345	5220
-1350	5221
-1356	5221
-1362	5224
-1366	5223
-1372	5223
-1377	5223
-1382	5221
-1387	5221
-1393	5222
-1397	5220
-1402	5219
-1407	5217
-1412	5216
-1417	5216
-1422	5215
-1426	5213
-1432	5213
-1437	5214
-1443	5215
-1447	5211
-1451	5209
-1456	5209
-1462	5209
-1467	5208
-1472	5207
-1476	5205
-1481	5202
-1484	5197
-1487	5193
-1492	5191
-1498	5192
-1504	5195
-1509	5194
-1514	5192
-1519	5191
-1525	5194
-1530	5193
-1534	5189
-1539	5188
-1544	5188
-1549	5187
-1554	5186
-1559	5183
-1562	5178
-1567	5176
-1574	5181
-1579	5179
-1584	5178
-1589	5177
-1591	5169
-1596	5168
-1601	5168
-1606	5167
-1611	5165
-1615	5163
-1620	5162
-1626	5162
-1632	5164
-1637	5163
-1641	5160
-1647	5160
-1652	5160
-1657	5158
-1661	5156
-1666	5155
-1672	5155
-1677	5155
-1682	5153
-1686	5151
-1692	5150
-1697	5150
-1701	5147
-1704	5141
-1708	5138
-1713	5136
-1718	5135
-1723	5134
-1728	5134
-1735	5135
-1741	5136
-1745	5135
-1750	5133
-1755	5131
-1759	5129
-1764	5128
-1768	5125
-1772	5121
-1777	5118
-1781	5116
-1786	5115
-1792	5116
-1799	5118
-1803	5114
-1806	5109
-1811	5109
-1816	5108
-1821	5107
-1826	5104
-1830	5101
-1834	5098
-1838	5095
-1842	5093
-1847	5091
-1852	5089
-1857	5087
-1862	5087
-1867	5086
-1872	5084
-1876	5081
-1881	5079
-1885	5077
-1889	5073
-1894	5072
-1898	5069
-1903	5067
-1907	5065
-1911	5061
-1915	5057
-1920	5056
-1925	5056
-1929	5052
-1933	5049
-1937	5045
-1940	5041
-1945	5039
-1948	5034
-1952	5031
-1956	5028
-1961	5027
-1966	5025
-1971	5023
-1976	5023
-1980	5019
-1984	5017
-1989	5014
-1994	5013
-1999	5013
-2003	5008
-2007	5005
-2013	5006
-2018	5004
-2023	5003
-2028	5002
-2033	5001
-2039	5000
-2043	4997
-2048	4996
-2052	4993
-2057	4990
-2061	4989
-2065	4985
-2069	4982
-2073	4978
-2077	4975
-2081	4973
-2087	4973
-2093	4973
-2098	4970
-2101	4966
-2103	4961
-2108	4958
-2113	4956
-2117	4953
-2121	4951
-2125	4948
-2131	4947
-2135	4944
-2139	4941
-2143	4938
-2146	4934
-2150	4930
-2154	4927
-2159	4925
-2163	4922
-2165	4917
-2169	4913
-2174	4912
-2178	4909
-2182	4905
-2185	4900
-2189	4898
-2194	4895
-2198	4893
-2203	4891
-2208	4890
-2214	4889
-2217	4885
-2219	4879
-2221	4873
-2224	4868
-2227	4864
-2232	4862
-2238	4862
-2243	4860
-2247	4857
-2250	4853
-2253	4849
-2259	4849
-2263	4845
-2267	4842
-2272	4840
-2276	4838
-2279	4833
-2283	4830
-2286	4826
-2290	4823
-2295	4820
-2299	4818
-2304	4816
-2308	4813
-2313	4812
-2318	4809
-2323	4808
-2328	4806
-2334	4805
-2337	4802
-2342	4799
-2348	4799
-2352	4797
-2356	4794
-2360	4791
-2365	4788
-2369	4785
-2373	4782
-2378	4780
-2382	4777
-2385	4773
-2390	4771
-2389	4761
-2390	4755
-2394	4751
-2398	4749
-2403	4746
-2406	4742
-2411	4740
-2415	4738
-2420	4736
-2423	4732
-2425	4725
-2427	4720
-2430	4716
-2433	4711
-2437	4708
-2438	4701
-2441	4697
-2444	4693
-2448	4690
-2450	4684
-2453	4679
-2458	4678
-2462	4675
-2465	4671
-2468	4666
-2471	4662
-2476	4660
-2480	4657
-2483	4653
-2485	4647
-2487	4642
-2490	4639
-2494	4635
-2496	4630
-2499	4625
-2502	4621
-2506	4618
-2510	4615
-2513	4611
-2515	4606
-2517	4601
-2520	4596
-2524	4593
-2529	4591
-2533	4588
-2535	4583
-2540	4580
-2544	4578
-2546	4573
-2548	4567
-2549	4561
-2553	4557
-2556	4554
-2561	4552
-2565	4549
-2567	4544
-2569	4539
-2572	4534
-2576	4531
-2580	4528
-2583	4524
-2587	4522
-2590	4517
-2591	4511
-2595	4508
-2600	4506
-2602	4501
-2606	4498
-2609	4494
-2611	4489
-2612	4483
-2615	4478
-2617	4473
-2621	4470
-2623	4465
-2627	4462
-2629	4457
-2631	4452
-2633	4447
-2635	4442
-2638	4438
-2642	4435
-2644	4430
-2647	4425
-2649	4420
-2652	4416
-2654	4412
-2655	4406
-2655	4399
-2657	4393
-2662	4392
-2665	4387
-2668	4384
-2670	4379
-2672	4373
-2673	4368
-2676	4364
-2680	4361
-2684	4358
-2686	4353
-2689	4349
-2692	4345
-2696	4342
-2698	4337
-2699	4331
-2702	4328
-2707	4325
-2709	4320
-2709	4314
-2712	4310
-2714	4305
-2717	4301
-2718	4295
-2718	4289
-2721	4285
-2725	4282
-2730	4280
-2732	4275
-2732	4268
-2734	4263
-2738	4260
-2741	4256
-2741	4250
-2744	4246
-2747	4242
-2748	4236
-2751	4232
-2753	4227
-2755	4223
-2758	4219
-2759	4213
-2759	4206
-2757	4198
-2758	4193
-2760	4188
-2762	4183
-2765	4179
-2767	4174
-2766	4167
-2769	4164
-2771	4159
-2772	4153
-2774	4149
-2776	4144
-2779	4140
-2781	4135
-2782	4130
-2783	4125
-2783	4118
-2784	4112
-2786	4108
-2789	4104
-2788	4097
-2790	4092
-2793	4089
-2794	4083
-2797	4080
-2798	4074
-2797	4067
-2799	4063
-2801	4058
-2802	4052
-2803	4047
-2805	4042
-2808	4039
-2817	4040
-2809	4027
-2813	4024
-2816	4021
-2812	4011
-2813	4006
-2817	4003
-2820	4000
-2822	3995
-2823	3990
-2826	3986
-2830	3983
-2832	3979
-2834	3974
-2835	3969
-2850	3976
-2838	3959
-2841	3956
-2844	3952
-2847	3949
-2849	3944
-2855	3943
-2856	3938
-2856	3931
-2856	3926
-2857	3920
-2858	3916
-2855	3907
-2853	3899
-2852	3893
-2854	3888
-2854	3882
-2857	3879
-2855	3871
-2850	3862
-2853	3858
-2856	3855
-2858	3851
-2858	3844
-2860	3840
-2861	3835
-2860	3829
-2854	3818
-2854	3813
-2856	3809
-2857	3803
-2858	3798
-2856	3791
-2859	3787
-2859	3782
-2863	3779
-2861	3772
-2867	3771
-2868	3765
-2864	3757
-2865	3752
-2868	3749
-2867	3742
-2868	3738
-2867	3731
-2868	3726
-2867	3720
-2869	3716
-2872	3712
-2873	3707
-2872	3701
-2870	3694
-2869	3688
-2874	3686
-2875	3681
-2877	3677
-2872	3668
-2875	3665
-2876	3660
-2879	3657
-2882	3653
-2882	3647
-2881	3641
-2882	3637
-2882	3631
-2882	3626
-2883	3621
-2884	3616
-2886	3612
-2885	3606
-2882	3598
-2880	3592
-2881	3587
-2881	3582
-2882	3577
-2883	3573
-2886	3569
-2886	3564
-2887	3559
-2887	3554
-2885	3547
-2884	3541
-2883	3535
-2885	3531
-2884	3525
-2881	3518
-2880	3512
-2882	3509
-2886	3505
-2887	3501
-2888	3496
-2887	3491
-2887	3485
-2888	3481
-2887	3475
-2889	3471
-2889	3466
-2890	3461
-2891	3457
-2890	3451
-2888	3445
-2888	3440
-2891	3437
-2892	3432
-2889	3425
-2890	3420
-2889	3415
-2889	3410
-2890	3406
-2893	3402
-2892	3396
-2891	3391
-2892	3386
-2893	3382
-2893	3377
-2892	3371
-2894	3367
-2892	3361
-2892	3356
-2894	3353
-2897	3349
-2896	3344
-2896	3339
-2897	3334
-2897	3329
-2897	3324
-2895	3318
-2894	3313
-2896	3309
-2898	3305
-2898	3300
-2897	3295
-2896	3289
-2898	3286
-2895	3279
-2894	3274
-2893	3268
-2893	3263
-2894	3259
-2894	3254
-2892	3248
-2891	3243
-2890	3237
-2888	3232
-2888	3227
-2889	3222
-2891	3219
-2891	3214
-2890	3209
-2890	3204
-2888	3198
-2884	3191
-2885	3187
-2888	3184
-2885	3178
-2881	3171
-2881	3166
-2883	3162
-2885	3159
-2886	3155
-2885	3149
-2885	3144
-2887	3141
-2888	3137
-2883	3130
-2882	3124
-2880	3119
-2880	3114
-2880	3109
-2882	3106
-2885	3103
-2886	3098
-2888	3095
-2886	3089
-2884	3084
-2877	3076
-2877	3071
-2878	3067
-2874	3061
-2874	3056
-2877	3053
-2878	3049
-2878	3044
-2876	3039
-2875	3034
-2875	3029
-2878	3026
-2881	3023
-2877	3016
-2876	3012
-2875	3007
-2874	3002
-2873	2997
-2873	2992
-2870	2986
-2870	2982
-2871	2978
-2868	2972
-2864	2966
-2862	2961
-2859	2955
-2856	2949
-2853	2943
-2853	2939
-2853	2934
-2852	2930
-2853	2926
-2852	2921
-2850	2916
-2845	2909
-2844	2904
-2842	2899
-2841	2894
-2841	2890
-2843	2887
-2841	2882
-2839	2876
-2838	2871
-2836	2867
-2836	2862
-2837	2858
-2837	2854
-2838	2850
-2837	2845
-2835	2840
-2833	2835
-2830	2830
-2829	2825
-2829	2821
-2830	2817
-2830	2813
-2829	2808
-2829	2804
-2829	2800
-2828	2795
-2828	2791
-2826	2786
-2821	2780
-2821	2776
-2820	2771
-2817	2766
-2819	2763
-2817	2758
-2813	2752
-2810	2746
-2808	2742
-2810	2738
-2812	2735
-2812	2731
-2811	2726
-2809	2721
-2804	2716
-2801	2710
-2799	2706
-2802	2702
-2805	2700
-2806	2696
-2803	2691
-2799	2685
-2798	2681
-2796	2676
-2796	2672
-2794	2667
-2793	2663
-2793	2659
-2792	2654
-2790	2650
-2789	2645
-2787	2641
-2785	2636
-2781	2630
-2779	2626
-2777	2621
-2776	2617
-2777	2613
-2777	2609
-2774	2604
-2769	2599
-2770	2595
-2771	2591
-2769	2587
-2768	2582
-2767	2578
-2765	2574
-2764	2570
-2762	2565
-2761	2561
-2760	2557
-2759	2552
-2760	2549
-2760	2545
-2758	2540
-2756	2536
-2756	2532
-2754	2527
-2753	2523
-2754	2520
-2754	2516
-2750	2511
-2749	2506
-2748	2502
-2746	2498
-2746	2494
-2745	2490
-2744	2486
-2744	2482
-2741	2477
-2739	2473
-2735	2468
-2735	2464
-2738	2461
-2739	2458
-2736	2453
-2732	2448
-2730	2444
-2729	2440
-2728	2436
-2726	2431
-2738	2431
-2734	2426
-2725	2420
-2729	2417
-2732	2414
-2731	2410
-2730	2406
-2730	2402
-2728	2398
-2726	2394
-2724	2390
-2720	2385
-2719	2381
-2721	2378
-2719	2374
-2718	2370
-2718	2366
-2717	2362
-2716	2358
-2715	2354
-2715	2350
-2706	2345
-2706	2341
-2706	2337
-2704	2333
-2704	2329
-2706	2326
-2704	2322
-2702	2318
-2701	2314
-2701	2310
-2702	2307
-2699	2303
-2697	2298
-2697	2295
-2699	2292
-2700	2288
-2699	2284
-2697	2280
-2695	2276
-2693	2272
-2691	2268
-2693	2265
-2694	2262
-2693	2258
-2693	2254
-2692	2250
-2689	2246
-2686	2242
-2686	2238
-2687	2235
-2687	2231
-2687	2228
-2687	2224
-2688	2221
-2691	2218
-2681	2212
-2678	2208
-2677	2204
-2677	2201
-2675	2197
-2676	2194
-2676	2190
-2676	2186
-2674	2183
-2673	2179
-2671	2175
-2670	2171
-2670	2168
-2670	2164
-2669	2160
-2670	2157
-2668	2153
-2664	2149
-2664	2145
-2665	2142
-2667	2139
-2668	2136
-2665	2132
-2663	2128
-2661	2124
-2660	2120
-2661	2117
-2661	2113
-2661	2110
-2660	2106
-2659	2103
-2655	2098
-2652	2095
-2652	2091
-2651	2087
-2649	2084
-2650	2080
-2652	2077
-2651	2074
-2650	2070
-2647	2066
-2643	2062
-2643	2059
-2643	2055
-2642	2052
-2643	2048
-2642	2045
-2643	2041
-2642	2038
-2640	2034
-2638	2030
-2637	2027
-2636	2023
-2635	2020
-2633	2016
-2633	2013
-2634	2009
-2628	2005
-2623	2001
-2623	1998
-2623	1994
-2620	1991
-2619	1987
-2617	1983
-2614	1980
-2614	1976
-2614	1973
-2612	1969
-2612	1966
-2612	1963
-2612	1959
-2611	1956
-2609	1952
-2609	1949
-2608	1945
-2607	1942
-2606	1938
-2606	1935
-2606	1932
-2606	1928
-2605	1925
-2605	1922
-2607	1918
-2605	1915
-2603	1911
-2600	1908
-2601	1904
-2601	1901
-2603	1898
-2604	1895
-2600	1891
-2598	1888
-2597	1884
-2596	1881
-2595	1877
-2594	1874
-2595	1871
-2595	1867
-2594	1864
-2592	1860
-2590	1857
-2589	1854
-2587	1850
-2587	1847
-2588	1844
-2587	1840
-2584	1837
-2584	1833
-2582	1830
-2581	1827
-2582	1823
-2584	1820
-2586	1817
-2582	1813
-2581	1810
-2581	1807
-2579	1803
-2577	1800
-2576	1797
-2575	1793
-2572	1790
-2571	1787
-2573	1783
-2574	1780
-2571	1777
-2570	1773
-2569	1770
-2567	1767
-2566	1763
-2567	1760
-2569	1757
-2569	1754
-2567	1750
-2566	1747
-2564	1744
-2561	1740
-2560	1737
-2559	1734
-2562	1731
-2561	1727
-2559	1724
-2558	1721
-2557	1717
-2554	1714
-2553	1711
-2551	1708
-2550	1704
-2549	1701
-2547	1698
-2546	1695
-2547	1691
-2548	1688
-2543	1685
-2542	1682
-2541	1678
-2541	1675
-2541	1672
-2540	1669
-2536	1665
-2534	1662
-2535	1659
-2533	1656
-2533	1652
-2535	1649
-2534	1646
-2533	1643
-2535	1640
-2532	1636
-2531	1633
-2530	1630
-2530	1627
-2529	1623
-2528	1620
-2526	1617
-2525	1614
-2525	1611
-2527	1607
-2529	1604
-2527	1601
-2524	1598
-2522	1595
-2520	1592
-2521	1588
-2523	1585
-2522	1582
-2521	1579
-2518	1576
-2518	1572
-2515	1569
-2512	1566
-2512	1563
-2513	1560
-2514	1556
-2511	1553
-2511	1550
-2510	1547
-2511	1544
-2508	1541
-2506	1538
-2505	1534
-2504	1531
-2503	1528
-2503	1525
-2501	1522
-2501	1519
-2501	1515
-2500	1512
-2501	1509
-2501	1506
-2500	1503
-2498	1500
-2497	1497
-2493	1494
-2494	1490
-2496	1487
-2496	1484
-2495	1481
-2491	1478
-2488	1475
-2487	1472
-2487	1469
-2485	1466
-2485	1462
-2484	1459
-2483	1456
-2483	1453
-2483	1450
-2480	1447
-2482	1444
-2479	1441
-2479	1437
-2479	1434
-2477	1431
-2475	1428
-2475	1425
-2473	1422
-2469	1419
-2468	1416
-2468	1413
-2469	1410
-2468	1407
-2465	1404
-2466	1401
-2465	1398
-2465	1394
-2464	1391
-2462	1388
-2460	1385
-2457	1383
-2455	1380
-2457	1376
-2458	1373
-2456	1370
-2456	1367
-2454	1364
-2452	1361
-2451	1358
-2452	1355
-2453	1351
-2451	1348
-2451	1345
-2451	1342
-2450	1339
-2449	1336
-2450	1333
-2448	1330
-2448	1326
-2445	1324
-2444	1321
-2443	1318
-2440	1315
-2441	1312
-2440	1309
-2439	1306
-2438	1302
-2437	1300
-2435	1297
-2435	1293
-2434	1290
-2434	1287
-2432	1284
-2431	1281
-2430	1278
-2429	1275
-2429	1272
-2428	1269
-2429	1266
-2428	1263
-2427	1260
-2426	1257
-2425	1254
-2423	1251
-2421	1248
-2420	1245
-2419	1242
-2418	1239
-2418	1236
-2417	1233
-2416	1230
-2415	1227
-2414	1224
-2413	1221
-2414	1217
-2414	1214
-2412	1211
-2412	1208
-2409	1206
-2408	1203
-2409	1199
-2405	1197
-2402	1194
-2401	1191
-2401	1188
-2403	1185
-2402	1181
-2401	1178
-2400	1176
-2398	1173
-2399	1169
-2398	1166
-2393	1164
-2389	1162
-2386	1159
-2384	1157
-2384	1153
-2384	1150
-2383	1147
-2382	1144
-2381	1141
-2379	1139
-2378	1136
-2379	1132
-2378	1129
-2378	1126
-2379	1123
-2378	1120
-2377	1117
-2377	1113
-2375	1111
-2374	1108
-2372	1105
-2371	1102
-2371	1099
-2370	1096
-2370	1093
-2371	1089
-2369	1087
-2369	1083
-2367	1081
-2364	1078
-2364	1075
-2364	1072
-2361	1069
-2361	1066
-2360	1063
-2359	1060
-2358	1057
-2357	1054
-2356	1051
-2355	1048
-2353	1046
-2353	1042
-2354	1039
-2351	1036
-2350	1033
-2350	1030
-2349	1028
-2348	1025
-2347	1022
-2346	1019
-2346	1015
-2344	1013
-2344	1010
-2341	1007
-2339	1004
-2338	1001
-2337	999
-2335	996
-2335	993
-2337	989
-2335	986
-2333	983
-2332	981
-2331	978
-2331	974
-2332	971
-2331	968
-2329	965
-2328	962
-2327	959
-2327	956
-2326	953
-2326	950
-2324	947
-2321	945
-2321	942
-2322	938
-2320	935
-2317	933
-2316	930
-2316	927
-2314	924
-2313	921
-2312	918
-2311	915
-2309	913
-2309	909
-2308	907
-2307	904
-2308	900
-2310	896
-2312	892
-2309	890
-2306	888
-2305	885
-2304	882
-2303	879
-2303	876
-2301	873
-2300	870
-2299	867
-2298	864
-2297	861
-2296	858
-2294	855
-2294	852
-2295	849
-2294	846
-2292	843
-2289	840
-2288	838
-2288	834
-2287	831
-2286	828
-2285	826
-2285	822
-2284	819
-2282	816
-2280	814
-2280	811
-2279	808
-2277	805
-2277	802
-2275	799
-2274	796
-2273	793
-2273	790
-2273	787
-2271	784
-2269	781
-2269	778
-2269	775
-2268	772
-2266	769
-2265	766
-2265	763
-2264	760
-2263	757
-2261	754
-2262	751
-2261	748
-2259	745
-2259	742
-2258	739
-2257	736
-2256	733
-2256	729
-2254	727
-2252	724
-2250	722
-2250	718
-2248	716
-2247	713
-2246	710
-2245	707
-2244	704
-2242	701
-2242	698
-2242	694
-2241	691
-2239	689
-2237	686
-2235	684
-2236	680
-2235	677
-2233	674
-2232	671
-2232	668
-2231	665
-2231	662
-2229	659
-2227	656
-2226	654
-2225	650
-2224	647
-2223	644
-2222	641
-2222	638
-2222	634
-2222	631
-2220	628
-2221	625
-2218	622
-2215	620
-2213	618
-2214	614
-2214	610
-2214	607
-2210	605
-2208	603
-2206	600
-2206	597
-2206	593
-2206	590
-2205	587
-2204	583
-2205	580
-2204	576
-2201	575
-2199	572
-2197	569
-2196	567
-2195	563
-2194	560
-2193	557
-2191	555
-2191	551
-2190	548
-2191	544
-2191	541
-2189	538
-2190	534
-2189	531
-2187	528
-2185	526
-2183	523
-2182	520
-2181	517
-2181	514
-2179	511
-2178	508
-2176	505
-2175	502
-2174	499
-2173	496
-2172	493
-2173	489
-2172	486
-2169	484
-2165	482
-2165	479
-2166	474
-2167	471
-2166	467
-2162	466
-2158	464
-2158	461
-2158	457
-2156	455
-2154	452
-2153	449
-2156	443
-2156	440
-2152	438
-2148	437
-2146	434
-2146	431
-2145	428
-2143	425
-2143	422
-2145	417
-2145	413
-2143	411
-2140	409
-2139	405
-2138	403
-2137	399
-2135	397
-2134	393
-2133	390
-2132	387
-2136	381
-2129	382
-2129	378
-2132	372
-2130	370
-2128	367
-2127	364
-2126	360
-2125	357
-2123	355
-2120	353
-2118	351
-2116	348
-2115	345
-2116	341
-2117	336
-2115	334
-2113	331
-2112	328
-2110	325
-2110	321
-2108	318
-2106	316
-2106	312
-2105	309
-2101	308
-2099	305
-2098	302
-2097	299
-2096	295
-2095	292
-2095	288
-2093	286
-2091	284
-2089	281
-2086	279
-2088	274
-2087	270
-2086	268
-2085	264
-2085	260
-2084	257
-2081	255
-2079	252
-2078	249
-2077	246
-2077	242
-2077	238
-2075	235
-2073	233
-2073	229
-2071	226
-2071	222
-2070	219
-2067	217
-2066	214
-2064	211
-2064	207
-2065	202
-2064	199
-2064	195
-2060	194
-2058	192
-2056	189
-2054	186
-2054	182
-2053	179
-2054	174
-2053	171
-2052	167
-2052	163
-2052	158
-2053	154
-2052	151
-2054	145
-2051	143
-2050	140
-2048	137
-2047	133
-2044	132
-2042	129
-2040	126
-2042	121
-2040	118
-2038	115
-2035	114
-2031	112
-2030	109
-2030	105
-2028	102
-2026	99
-2027	95
-2026	91
-2026	87
-2026	83
-2023	81
-2021	78
-2020	74
-2020	71
-2019	67
-2018	64
-2016	61
-2015	57
-2014	53
-2014	50
-2012	47
-2010	44
-2007	42
-2006	39
-2005	35
-2005	30
-2004	27
-2003	24
-2002	20
-2002	16
-2000	13
-1998	11
-1998	6
-1996	3
-1995	-0
-1993	-3
-1992	-7
-1990	-10
-1990	-14
-1987	-16
-1986	-19
-1985	-23
-1986	-28
-1985	-32
-1984	-36
-1983	-39
-1981	-42
-1982	-48
-1981	-51
-1978	-53
-1977	-56
-1976	-60
-1974	-64
-1973	-67
-1972	-71
-1970	-73
-1967	-76
-1967	-80
-1967	-85
-1966	-88
-1963	-90
-1962	-94
-1962	-99
-1961	-103
-1959	-105
-1957	-107
-1956	-112
-1957	-117
-1957	-122
-1954	-124
-1951	-126
-1951	-131
-1949	-134
-1946	-136
-1945	-139
-1944	-143
-1942	-146
-1941	-150
-1938	-151
-1935	-153
-1931	-154
-1926	-154
-1922	-155
-1913	-151
-1904	-147
-1901	-148
-1899	-151
-1897	-154
-1893	-154
-1890	-157
-1885	-156
-1881	-157
-1879	-160
-1872	-158
-1864	-154
-1851	-146
-1847	-146
-1846	-151
-1846	-155
-1843	-157
-1839	-157
-1835	-159
-1832	-159
-1824	-157
-1816	-153
-1811	-153
-1805	-151
-1802	-152
-1799	-154
-1795	-155
-1792	-157
-1789	-157
-1785	-158
-1780	-158
-1778	-161
-1775	-162
-1773	-165
-1771	-167
-1766	-167
-1762	-168
-1760	-170
-1755	-170
-1747	-166
-1740	-163
-1735	-162
-1729	-161
-1725	-161
-1723	-163
-1719	-164
-1715	-164
-1711	-165
-1708	-167
-1707	-170
-1702	-169
-1694	-165
-1683	-157
-1677	-155
-1673	-156
-1670	-157
-1667	-159
-1668	-164
-1691	-196
-1676	-183
-1658	-167
-1651	-165
-1650	-169
-1647	-170
-1645	-172
-1642	-173
-1638	-174
-1635	-175
-1632	-177
-1613	-159
-1608	-157
-1605	-159
-1602	-161
-1599	-162
-1595	-162
-1593	-164
-1591	-167
-1591	-171
-1588	-173
-1583	-172
-1573	-164
-1569	-165
-1566	-166
-1562	-166
-1557	-164
-1554	-166
-1550	-166
-1547	-167
-1544	-168
-1538	-166
-1540	-173
-1534	-171
-1532	-173
-1530	-176
-1525	-174
-1519	-172
-1514	-171
-1513	-174
-1512	-178
-1513	-184
-1519	-198
-1516	-199
-1507	-192
-1495	-181
-1482	-169
-1472	-162
-1468	-160
-1465	-161
-1463	-164
-1460	-165
-1452	-160
-1449	-161
-1447	-163
-1445	-165
-1442	-167
-1436	-164
-1430	-160
-1427	-162
-1427	-166
-1425	-170
-1422	-170
-1420	-173
-1416	-172
-1413	-173
-1411	-175
-1407	-174
-1423	-202
-1420	-203
-1417	-204
-1387	-168
-1387	-173
-1385	-175
-1383	-178
-1381	-180
-1378	-181
-1375	-182
-1374	-185
-1372	-188
-1364	-182
-1361	-182
-1357	-182
-1355	-185
-1353	-187
-1350	-187
-1346	-187
-1343	-188
-1340	-189
-1336	-188
-1331	-186
-1333	-194
-1331	-197
-1328	-197
-1325	-198
-1291	-153
-1290	-156
-1288	-158
-1287	-163
-1289	-171
-1289	-176
-1286	-176
-1282	-175
-1278	-175
-1275	-176
-1272	-176
-1267	-175
-1263	-174
-1260	-174
-1257	-175
-1255	-177
-1252	-178
-1249	-179
-1244	-177
-1240	-176
-1237	-176
-1233	-175
-1224	-166
-1223	-170
-1222	-173
-1219	-175
-1216	-175
-1212	-174
-1208	-172
-1203	-170
-1200	-171
-1200	-175
-1197	-177
-1193	-176
-1189	-174
-1186	-174
-1183	-176
-1179	-175
-1175	-173
-1173	-175
-1171	-177
-1166	-174
-1161	-172
-1158	-171
-1154	-171
-1151	-172
-1149	-173
-1147	-175
-1144	-177
-1140	-175
-1136	-174
-1134	-175
-1130	-174
-1127	-174
-1124	-175
-1122	-177
-1119	-177
-1115	-177
-1112	-176
-1107	-174
-1106	-177
-1102	-176
-1097	-173
-1094	-173
-1092	-174
-1088	-174
-1085	-174
-1082	-175
-1078	-173
-1077	-178
-1074	-176
-1070	-176
-1067	-176
-1064	-177
-1061	-177
-1059	-177
-1056	-179
-1054	-180
-1050	-179
-1065	-213
-1041	-174
-1039	-175
-1035	-175
-1032	-174
-1028	-173
-1028	-179
-1025	-179
-1018	-171
-1015	-171
-1012	-171
-1009	-173
-1008	-175
-1006	-177
-1002	-175
-999	-176
-996	-177
-988	-166
-985	-166
-980	-162
-1006	-220
-1006	-227
-1002	-225
-980	-187
-976	-186
-974	-187
-971	-187
-968	-187
-965	-187
-956	-175
-962	-193
-930	-133
-927	-132
-924	-133
-922	-133
-921	-138
-931	-166
-921	-150
-919	-152
-917	-154
-915	-156
-912	-156
-905	-148
-898	-140
-895	-138
-892	-137
-889	-138
-886	-138
-885	-141
-883	-144
-884	-154
-884	-159
-882	-161
-879	-161
-889	-191
-882	-180
-863	-143
-858	-140
-856	-142
-854	-144
-852	-145
-849	-145
-780	-3
-778	-3
-774	0
-770	3
-768	3
-765	4
-763	2
-760	2
-757	3
-755	3
-752	2
-750	2
-747	2
-745	2
-742	2
-740	2
-737	3
-734	2
-732	1
-732	-4
-733	-12
-731	-16
-728	-14
-723	-8
-719	-5
-717	-5
-716	-10
-718	-20
-743	-136
-741	-139
-739	-139
-736	-140
-734	-142
-732	-142
-730	-144
-727	-145
-725	-146
-722	-147
-720	-146
-717	-146
-715	-148
-713	-150
-710	-151
-708	-152
-705	-152
-703	-152
-701	-154
-697	-151
-692	-144
-688	-140
-685	-140
-683	-142
-681	-144
-679	-146
-677	-148
-678	-158
-677	-163
-673	-159
-670	-159
-667	-157
-664	-157
-661	-157
-665	-177
-662	-176
-651	-150
-648	-147
-645	-147
-642	-147
-639	-146
-637	-147
-635	-147
-633	-152
-632	-157
-630	-159
-628	-159
-625	-160
-623	-162
-621	-164
-618	-162
-613	-154
-608	-148
-605	-146
-603	-147
-600	-147
-598	-148
-596	-150
-599	-171
-598	-176
-596	-177
-582	-136
-579	-137
-576	-135
-573	-134
-571	-134
-568	-135
-566	-136
-565	-142
-566	-156
-564	-156
-561	-154
-559	-156
-557	-158
-554	-158
-552	-161
-552	-168
-551	-175
-549	-176
-546	-177
-544	-178
-542	-180
-539	-182
-538	-184
-535	-185
-532	-184
-529	-183
-527	-183
-524	-182
-522	-183
-519	-184
-517	-184
-514	-183
-511	-182
-509	-183
-507	-186
-504	-186
-501	-185
-499	-184
-496	-185
-493	-184
-490	-182
-488	-182
-486	-183
-483	-182
-480	-182
-478	-182
-475	-182
-473	-183
-469	-180
-467	-179
-464	-177
-461	-175
-458	-175
-456	-175
-454	-178
-451	-178
-449	-178
-445	-174
-443	-175
-440	-175
-438	-177
-436	-179
-434	-183
-432	-182
-429	-182
-427	-182
-424	-180
-421	-177
-418	-180
-417	-183
-414	-184
-412	-183
-409	-185
-406	-183
-404	-183
-401	-183
-399	-184
-396	-184
-394	-183
-391	-184
-389	-182
-386	-182
-383	-181
-381	-180
-378	-182
-376	-183
-373	-182
-371	-182
-369	-183
-366	-183
-363	-182
-361	-183
-358	-181
-356	-181
-354	-183
-351	-184
-349	-184
-346	-183
-344	-183
-341	-183
-338	-182
-336	-182
-334	-184
-331	-182
-328	-182
-326	-181
-323	-181
-321	-183
-319	-183
-316	-181
-313	-182
-311	-182
-309	-182
-306	-183
-304	-183
-301	-183
-299	-182
-296	-183
-294	-182
-291	-181
-289	-182
-286	-182
-284	-181
-281	-182
-279	-181
-276	-180
-273	-179
-271	-180
-269	-181
-266	-182
-264	-183
-261	-182
-259	-181
-256	-182
-254	-182
-252	-183
-249	-183
-247	-182
-244	-181
-242	-182
-239	-182
-237	-182
-234	-182
-232	-183
-229	-182
-227	-181
-224	-181
-222	-180
-219	-181
-217	-182
-214	-182
-212	-181
-209	-181
-207	-182
-205	-182
-202	-182
-200	-181
-197	-181
-195	-181
-192	-181
-190	-182
-187	-182
-185	-182
-183	-182
-180	-183
-178	-183
-175	-183
-173	-183
-170	-183
-168	-182
-165	-182
-163	-183
-160	-183
-158	-183
-155	-182
-153	-182
-151	-182
-148	-182
-146	-182
-143	-181
-141	-182
-138	-183
-136	-182
-133	-181
-131	-181
-129	-182
-126	-181
-124	-180
-121	-180
-119	-180
-116	-180
-114	-180
-111	-181
-109	-180
-106	-181
-104	-181
-102	-181
-99	-181
-97	-182
-94	-182
-92	-181
-89	-181
-87	-180
-84	-180
-82	-179
-80	-180
-77	-180
-72	-180
-70	-181
-67	-181
-65	-180
-62	-180
-60	-180
-58	-180
-55	-181
-53	-181
-50	-181
-48	-181
-45	-181
-43	-181
-40	-181
-38	-181
-36	-181
-33	-180
-31	-180
-28	-181
-26	-181
-23	-181
-21	-181
-18	-180
-16	-181
-14	-180
-11	-180
-9	-181
-6	-181
-4	-181
-1	-181
1	-180
4	-179
6	-181
8	-181
11	-181
13	-181
16	-180
18	-181
21	-181
23	-180
26	-180
28	-181
31	-181
33	-181
35	-181
38	-182
40	-182
43	-182
45	-183
48	-183
50	-183
53	-182
55	-182
58	-181
60	-180
62	-180
65	-182
67	-183
70	-182
72	-182
75	-182
77	-181
80	-182
82	-183
85	-183
87	-183
90	-183
92	-182
94	-181
97	-182
99	-182
102	-181
104	-178
106	-173
108	-170
110	-167
113	-165
117	-181
119	-180
122	-181
124	-182
127	-181
129	-181
132	-182
134	-182
137	-182
139	-182
141	-182
144	-183
146	-182
149	-183
151	-182
154	-181
156	-180
159	-181
161	-183
164	-181
166	-182
169	-182
171	-182
174	-182
176	-183
179	-184
182	-186
184	-186
187	-185
189	-184
191	-185
194	-184
196	-185
199	-185
201	-184
204	-184
206	-185
209	-183
211	-182
213	-182
216	-180
218	-181
221	-184
224	-184
226	-183
228	-181
231	-183
234	-184
236	-182
239	-182
241	-181
244	-182
246	-183
249	-183
251	-184
254	-183
256	-183
259	-182
261	-182
264	-183
266	-183
269	-184
272	-183
274	-184
276	-182
279	-183
282	-184
285	-185
287	-185
289	-183
292	-183
294	-183
297	-184
300	-184
302	-186
305	-184
307	-185
310	-184
312	-184
315	-184
317	-184
320	-182
322	-183
325	-183
328	-186
331	-186
333	-185
335	-184
338	-183
340	-183
343	-182
345	-184
348	-184
351	-185
353	-185
356	-185
358	-184
361	-183
364	-184
366	-184
369	-184
371	-184
374	-186
377	-185
379	-184
382	-184
384	-184
387	-185
390	-185
392	-183
395	-184
397	-184
400	-184
402	-183
405	-182
407	-183
410	-184
413	-183
415	-183
417	-181
420	-181
423	-182
425	-182
429	-184
431	-184
433	-183
436	-183
439	-185
442	-185
445	-185
447	-185
449	-184
452	-184
454	-183
457	-182
459	-180
463	-183
465	-183
467	-180
469	-179
472	-180
475	-180
478	-181
481	-182
483	-183
486	-182
489	-182
491	-182
494	-183
497	-184
500	-184
502	-183
505	-183
507	-181
510	-181
513	-183
516	-183
518	-184
521	-184
524	-183
526	-181
529	-181
531	-182
534	-183
537	-182
540	-183
542	-182
545	-181
548	-183
551	-184
552	-180
555	-178
557	-176
559	-177
562	-177
565	-177
568	-177
570	-177
573	-177
576	-176
578	-175
579	-171
581	-168
583	-165
585	-164
587	-163
590	-162
592	-160
595	-160
596	-158
597	-153
599	-151
602	-151
605	-151
607	-150
611	-154
611	-145
613	-143
616	-143
619	-145
622	-145
624	-145
628	-146
630	-146
633	-147
636	-147
638	-145
640	-143
643	-142
645	-141
647	-141
651	-141
654	-143
656	-142
660	-144
663	-146
666	-146
670	-150
674	-152
678	-154
681	-156
685	-157
687	-156
689	-155
692	-154
695	-154
697	-154
700	-153
703	-153
705	-153
708	-153
711	-152
713	-152
716	-151
718	-149
721	-148
723	-147
725	-146
728	-145
730	-144
733	-143
735	-142
737	-141
740	-140
742	-139
745	-138
746	-135
748	-132
748	-128
749	-123
750	-119
750	-112
753	-111
724	-12
724	-8
725	-3
727	-1
729	-0
731	1
733	2
735	3
738	3
741	3
743	4
746	5
750	2
773	-1
775	0
777	2
779	3
781	4
786	1
848	-105
851	-106
854	-106
857	-105
860	-105
863	-105
865	-104
869	-105
872	-106
876	-107
879	-108
885	-113
912	-159
915	-158
917	-157
919	-155
926	-161
935	-173
941	-178
943	-176
946	-175
948	-174
951	-173
954	-174
958	-175
964	-180
969	-183
972	-182
976	-184
979	-184
982	-183
986	-184
988	-182
990	-180
993	-180
996	-179
999	-179
1003	-180
1006	-179
1008	-178
1011	-177
1015	-178
1018	-178
1021	-177
1024	-177
1027	-176
1030	-177
1035	-179
1037	-177
1041	-177
1045	-179
1048	-179
1051	-178
1054	-179
1058	-179
1060	-177
1063	-177
1066	-176
1069	-175
1072	-175
1076	-176
1081	-178
1085	-180
1088	-179
1092	-179
1091	-172
1092	-169
1095	-168
1097	-166
1108	-178
1106	-170
1109	-169
1113	-170
1120	-175
1124	-177
1128	-177
1131	-177
1137	-180
1140	-180
1143	-180
1147	-180
1150	-180
1155	-181
1158	-181
1161	-180
1165	-180
1168	-179
1171	-179
1174	-179
1178	-179
1181	-178
1184	-177
1189	-180
1192	-179
1195	-178
1198	-178
1203	-180
1207	-180
1210	-180
1213	-179
1217	-179
1220	-179
1225	-180
1228	-179
1231	-178
1233	-176
1237	-177
1243	-180
1248	-182
1250	-180
1253	-178
1257	-180
1260	-179
1265	-179
1267	-178
1270	-176
1273	-176
1277	-177
1283	-180
1287	-180
1295	-185
1304	-192
1302	-186
1304	-182
1309	-184
1313	-185
1315	-182
1318	-181
1321	-180
1326	-181
1329	-180
1331	-178
1334	-177
1339	-178
1346	-182
1352	-185
1357	-186
1366	-194
1369	-192
1371	-190
1373	-188
1375	-186
1377	-182
1379	-180
1381	-178
1383	-176
1385	-173
1389	-174
1394	-175
1399	-175
1404	-177
1409	-179
1415	-181
1421	-184
1429	-188
1432	-187
1431	-181
1432	-177
1434	-174
1436	-172
1440	-172
1443	-171
1447	-170
1449	-168
1452	-167
1456	-167
1463	-170
1475	-181
1482	-184
1487	-185
1490	-184
1493	-182
1494	-178
1496	-176
1501	-176
1504	-176
1509	-177
1518	-182
1526	-186
1530	-187
1535	-188
1537	-185
1544	-188
1549	-188
1550	-184
1550	-180
1555	-180
1559	-180
1558	-174
1560	-172
1564	-171
1566	-169
1570	-168
1574	-168
1580	-170
1586	-172
1592	-174
1599	-176
1604	-178
1610	-179
1615	-180
1620	-181
1626	-182
1631	-183
1638	-186
1646	-190
1651	-190
1655	-189
1658	-187
1660	-185
1664	-184
1669	-185
1670	-181
1672	-178
1674	-176
1677	-174
1679	-171
1683	-171
1688	-170
1691	-170
1696	-169
1702	-171
1706	-171
1711	-171
1719	-174
1733	-184
1735	-182
1741	-183
1745	-182
1751	-183
1754	-181
1757	-180
1763	-180
1768	-181
1771	-179
1774	-177
1776	-174
1778	-172
1781	-170
1785	-168
1789	-168
1794	-168
1812	-182
1816	-181
1821	-180
1823	-178
1826	-176
1830	-174
1832	-172
1836	-171
1840	-170
1846	-171
1852	-172
1853	-168
1856	-166
1861	-166
1867	-167
1877	-171
1882	-171
1885	-169
1886	-166
1887	-162
1889	-159
1894	-158
1899	-158
1908	-162
1911	-160
1916	-160
1922	-161
1929	-162
1936	-164
1939	-162
1940	-158
1946	-159
1950	-157
1952	-154
1954	-151
1958	-150
1962	-149
1966	-148
1972	-148
1981	-152
1984	-150
1989	-149
1993	-148
1997	-147
2003	-147
2013	-151
2017	-149
2020	-147
2024	-146
2030	-146
2035	-146
2039	-145
2042	-143
2045	-140
2048	-138
2053	-137
2059	-138
2066	-139
2077	-144
2084	-145
2088	-143
2091	-141
2094	-139
2098	-137
2103	-136
2111	-138
2122	-143
2137	-150
2151	-157
2154	-155
2158	-153
2163	-152
2168	-152
2173	-151
2178	-150
2188	-153
2193	-152
2197	-150
2204	-151
2208	-150
2208	-145
2210	-142
2212	-138
2215	-136
2221	-136
2227	-136
2259	-156
2243	-139
2256	-144
2264	-145
2272	-146
2277	-146
2280	-143
2284	-141
2290	-141
2295	-139
2297	-136
2301	-135
2306	-134
2310	-131
2312	-128
2313	-124
2315	-121
2333	-129
2341	-130
2344	-128
2345	-124
2345	-119
2347	-115
2346	-110
2346	-105
2348	-101
2349	-97
2350	-93
2352	-90
2354	-87
2354	-81
2355	-77
2353	-71
2348	-63
2351	-60
2354	-57
2355	-53
2356	-49
2356	-45
2358	-41
2359	-37
2359	-32
2361	-29
2362	-25
2361	-19
2361	-14
2361	-10
2362	-6
2362	-1
2362	4
2364	7
2366	10
2366	15
2366	20
2365	25
2366	29
2368	32
2370	36
2369	41
2367	47
2366	52
2367	56
2369	60
2365	67
2365	71
2369	74
2368	78
2368	83
2367	88
2368	92
2368	97
2369	100
2372	104
2374	107
2376	110
2377	114
2376	118
2377	123
2376	128
2378	131
2379	135
2379	139
2379	144
2379	148
2378	153
2377	158
2379	162
2381	165
2381	169
2382	173
2384	176
2387	179
2388	182
2386	188
2385	193
2387	197
2388	201
2390	204
2391	207
2391	212
2389	217
2390	221
2391	225
2392	229
2394	232
2395	235
2395	240
2396	244
2393	249
2394	253
2396	256
2395	261
2395	266
2397	269
2397	273
2399	276
2400	280
2401	284
2402	288
2402	292
2403	295
2404	299
2402	304
2401	309
2402	313
2401	317
2400	322
2401	326
2405	328
2407	331
2408	335
2407	339
2407	344
2407	348
2408	351
2410	355
2409	359
2409	363
2411	367
2411	371
2412	375
2414	377
2412	383
2410	388
2411	392
2412	395
2413	399
2415	402
2417	405
2420	407
2420	412
2420	416
2420	420
2420	424
2421	427
2422	431
2423	435
2423	438
2423	443
2423	447
2424	450
2424	455
2423	459
2424	462
2425	466
2425	470
2425	474
2427	477
2429	480
2429	484
2429	488
2430	492
2431	495
2433	499
2432	503
2433	506
2434	510
2433	514
2435	517
2436	521
2434	526
2437	529
2438	532
2436	537
2439	540
2439	543
2441	547
2442	550
2443	554
2442	558
2440	563
2442	566
2443	569
2443	573
2444	577
2446	580
2445	584
2445	588
2447	591
2449	594
2451	597
2452	600
2453	604
2453	608
2453	612
2454	616
2451	620
2451	624
2453	627
2454	631
2454	635
2455	638
2457	641
2455	646
2458	649
2459	652
2458	656
2457	660
2457	664
2460	667
2460	671
2461	674
2460	678
2459	683
2460	686
2462	689
2464	692
2466	695
2465	699
2466	703
2466	707
2466	710
2467	714
2469	717
2469	721
2468	725
2470	728
2470	732
2470	735
2470	739
2470	743
2471	746
2471	750
2473	753
2472	757
2472	761
2474	764
2474	768
2474	772
2475	775
2475	779
2476	782
2477	786
2478	789
2479	792
2479	796
2479	800
2480	803
2480	807
2479	811
2481	814
2482	818
2483	821
2482	825
2483	828
2484	832
2484	835
2485	839
2485	843
2484	847
2482	851
2481	855
2483	858
2486	861
2487	864
2485	868
2484	872
2486	875
2487	879
2488	882
2488	886
2489	889
2489	893
2490	896
2491	899
2491	903
2492	907
2493	910
2494	913
2494	917
2494	921
2495	924
2496	927
2498	930
2498	934
2498	938
2499	941
2499	945
2500	948
2502	951
2503	954
2503	958
2502	962
2501	966
2502	969
2502	973
2503	976
2503	980
2505	983
2506	986
2507	989
2507	993
2507	997
2508	1000
2511	1003
2511	1006
2511	1010
2510	1014
2508	1018
2509	1021
2511	1024
2512	1028
2512	1031
2512	1035
2514	1038
2515	1041
2514	1045
2514	1049
2514	1052
2514	1056
2515	1059
2517	1062
2517	1066
2517	1069
2517	1073
2519	1076
2520	1080
2520	1083
2521	1086
2523	1090
2524	1093
2524	1096
2523	1100
2522	1104
2522	1108
2524	1111
2524	1114
2525	1117
2524	1121
2525	1125
2525	1128
2526	1131
2526	1135
2526	1139
2526	1142
2526	1146
2526	1149
2527	1152
2528	1156
2529	1159
2530	1163
2530	1166
2531	1169
2530	1173
2530	1177
2531	1180
2533	1183
2533	1187
2534	1190
2534	1194
2532	1197
2531	1201
2531	1205
2531	1208
2532	1211
2533	1215
2534	1218
2534	1222
2535	1225
2540	1228
2541	1231
2542	1234
2543	1238
2543	1241
2544	1245
2545	1248
2545	1251
2545	1255
2547	1258
2547	1262
2546	1265
2548	1268
2549	1272
2549	1275
2549	1279
2550	1282
2548	1286
2549	1289
2550	1293
2551	1296
2552	1299
2554	1302
2554	1306
2553	1310
2553	1313
2554	1316
2554	1320
2554	1323
2554	1327
2555	1330
2555	1334
2557	1337
2557	1340
2558	1344
2558	1347
2560	1351
2560	1354
2560	1358
2559	1361
2558	1365
2561	1368
2562	1371
2561	1375
2561	1378
2563	1382
2564	1385
2564	1388
2564	1392
2565	1395
2566	1399
2568	1402
2569	1405
2566	1409
2567	1413
2568	1416
2567	1419
2568	1423
2566	1427
2565	1430
2567	1433
2566	1437
2567	1440
2570	1444
2571	1447
2570	1450
2572	1454
2572	1457
2570	1461
2570	1464
2569	1468
2569	1471
2569	1475
2570	1478
2572	1482
2572	1485
2572	1489
2572	1492
2573	1495
2574	1499
2575	1502
2575	1506
2576	1509
2576	1513
2575	1516
2578	1519
2579	1523
2580	1526
2578	1530
2578	1533
2578	1537
2579	1540
2580	1544
2581	1547
2581	1550
2583	1554
2584	1557
2586	1561
2585	1564
2585	1568
2585	1571
2585	1575
2585	1578
2586	1581
2587	1585
2586	1588
2585	1592
2585	1595
2587	1599
2588	1602
2589	1606
2592	1609
2592	1613
2590	1616
2590	1620
2589	1623
2591	1626
2593	1630
2592	1633
2594	1637
2596	1640
2599	1644
2597	1647
2595	1651
2595	1654
2595	1658
2595	1661
2595	1665
