2684	1668
2686	1672
2686	1675
2686	1679
2687	1683
2688	1686
2688	1693
2689	1697
2690	1701
2691	1704
2692	1708
2693	1711
2692	1715
2691	1719
2692	1722
2691	1726
2692	1729
2693	1733
2694	1737
2695	1740
2697	1744
2699	1748
2700	1751
2701	1755
2701	1759
2701	1762
2701	1766
2702	1769
2701	1773
2701	1777
2701	1780
2701	1784
2701	1787
2701	1791
2701	1795
2702	1798
2700	1802
2700	1806
2700	1809
2701	1813
2701	1816
2702	1820
2701	1824
2703	1827
2703	1831
2703	1835
2701	1838
2699	1842
2700	1845
2701	1849
2702	1853
2703	1856
2703	1860
2706	1864
2708	1868
2709	1871
2708	1875
2708	1879
2707	1882
2707	1886
2707	1889
2708	1893
2708	1897
2706	1900
2704	1904
2707	1908
2708	1911
2706	1915
2708	1919
2713	1923
2716	1927
2716	1930
2715	1934
2715	1938
2714	1941
2716	1945
2717	1949
2718	1953
2719	1956
2719	1960
2720	1964
2720	1967
2722	1971
2723	1975
2723	1979
2724	1983
2725	1986
2725	1990
2726	1994
2725	1997
2723	2001
2723	2005
2724	2008
2724	2012
2725	2016
2723	2019
2724	2023
2724	2027
2724	2031
2721	2034
2720	2037
2720	2041
2722	2045
2723	2049
2724	2053
2725	2057
2727	2061
2728	2065
2724	2068
2724	2071
2728	2076
2727	2079
2727	2083
2729	2087
2728	2091
2729	2094
2730	2098
2731	2102
2733	2106
2733	2110
2733	2114
2732	2117
2732	2121
2735	2125
2735	2129
2737	2133
2739	2137
2738	2141
2739	2145
2740	2149
2742	2153
2742	2156
2739	2160
2739	2163
2740	2167
2740	2171
2742	2175
2743	2179
2742	2183
2744	2187
2744	2191
2743	2195
2744	2198
2744	2202
2745	2206
2747	2210
2746	2214
2745	2218
2745	2221
2744	2225
2746	2229
2748	2233
2749	2237
2749	2241
2750	2245
2748	2249
2751	2253
2752	2257
2751	2261
2749	2264
2747	2268
2745	2271
2743	2274
2742	2278
2743	2282
2745	2286
2746	2290
2746	2294
2748	2299
2749	2303
2749	2306
2747	2310
2745	2313
2745	2317
2745	2321
2745	2325
2746	2329
2747	2333
2746	2337
2747	2341
2749	2345
2748	2349
2749	2353
2752	2358
2754	2362
2753	2366
2755	2370
2757	2374
2759	2379
2760	2383
2760	2387
2759	2390
2759	2394
2759	2398
2761	2403
2765	2408
2767	2412
2768	2417
2768	2420
2769	2424
2769	2428
2768	2432
2767	2436
2766	2439
2767	2444
2766	2448
2769	2452
2769	2456
2769	2460
2770	2465
2769	2468
2769	2472
2774	2478
2776	2482
2773	2485
2773	2489
2774	2493
2775	2498
2777	2503
2777	2507
2778	2511
2780	2515
2779	2519
2779	2523
2778	2527
2779	2531
2778	2535
2778	2539
2781	2544
2780	2548
2778	2551
2779	2556
2779	2560
2778	2563
2779	2568
2782	2573
2784	2578
2783	2581
2784	2586
2784	2590
2784	2594
2782	2597
2789	2604
2790	2608
2792	2613
2783	2614
2783	2618
2782	2622
2795	2631
2797	2635
2786	2636
2785	2640
2786	2644
2789	2649
2791	2654
2787	2657
2794	2663
2787	2665
2786	2669
2787	2674
2795	2681
2796	2685
2790	2687
2789	2691
2788	2695
2789	2699
2789	2704
2789	2708
2794	2714
2796	2719
2795	2723
2796	2727
2797	2732
2800	2737
2800	2741
2800	2746
2795	2748
2795	2752
2794	2756
2795	2761
2795	2765
2799	2771
2802	2776
2801	2780
2801	2785
2799	2788
2801	2793
2804	2799
2803	2802
2801	2806
2801	2810
2800	2814
2800	2818
2798	2822
2797	2826
2802	2832
2806	2838
2810	2844
2811	2849
2810	2853
2810	2857
2808	2861
2809	2866
2813	2872
2812	2876
2809	2879
2808	2883
2807	2887
2807	2892
2809	2897
2808	2901
2807	2905
2808	2909
2806	2913
2807	2918
2809	2923
2810	2928
2812	2934
2813	2939
2814	2943
2813	2947
2811	2951
2810	2955
2810	2960
2810	2964
2810	2969
2809	2973
2809	2977
2810	2982
2812	2987
2811	2992
2808	2995
2808	2999
2808	3004
2807	3008
2806	3012
2807	3017
2806	3021
2807	3026
2808	3031
2806	3035
2806	3040
2808	3045
2810	3051
2809	3055
2808	3059
2805	3062
2806	3067
2807	3072
2806	3077
2807	3082
2811	3088
2812	3093
2812	3098
2812	3103
2809	3106
2809	3110
2812	3117
2814	3122
2814	3127
2813	3131
2812	3135
2813	3140
2811	3144
2811	3149
2811	3154
2812	3159
2813	3164
2813	3169
2807	3171
2778	3160
2756	3154
2744	3152
2736	3153
2731	3155
2726	3157
2724	3160
2724	3165
2726	3171
2732	3179
2804	3227
2810	3235
2804	3236
2804	3241
2805	3247
2804	3251
2802	3255
2801	3259
2801	3264
2801	3269
2803	3275
2801	3278
2799	3283
2796	3286
2794	3290
2794	3294
2794	3299
2792	3303
2795	3309
2797	3316
2796	3320
2795	3325
2794	3329
2793	3333
2792	3338
2788	3341
2786	3344
2784	3348
2786	3354
2787	3360
2785	3364
2781	3366
2780	3371
2781	3376
2783	3383
2785	3389
2784	3393
2782	3397
2782	3402
2781	3407
2783	3413
2780	3417
2781	3422
2781	3427
2779	3431
2780	3437
2778	3441
2778	3446
2777	3450
2778	3456
2776	3460
2775	3465
2775	3470
2777	3476
2777	3481
2781	3489
2782	3495
2781	3499
2780	3504
2778	3508
2777	3513
2776	3517
2777	3523
2776	3528
2775	3532
2772	3536
2771	3540
2771	3546
2772	3552
2770	3556
2771	3562
2778	3572
2776	3576
2776	3581
2776	3587
2775	3591
2776	3597
2777	3603
2776	3608
2774	3612
2774	3618
2776	3624
2775	3629
2778	3636
2776	3641
2775	3645
2776	3651
2776	3657
2776	3663
2774	3667
2773	3672
2773	3677
2772	3682
2772	3688
2773	3694
2772	3699
2772	3705
2771	3709
2767	3712
2765	3716
2767	3723
2767	3729
2767	3734
2763	3737
2758	3739
2753	3741
2751	3746
2755	3754
2757	3761
2755	3765
2751	3768
2746	3770
2742	3772
2740	3777
2764	3801
2765	3807
2763	3811
2753	3809
2758	3819
2759	3826
2759	3832
2761	3839
2759	3843
2761	3851
2751	3849
2750	3854
2748	3858
2748	3864
2753	3874
2752	3879
2752	3885
2754	3893
2754	3898
2751	3902
2749	3906
2747	3910
2747	3917
2746	3922
2745	3927
2746	3934
2746	3940
2738	3939
2740	3947
2736	3950
2740	3959
2737	3963
2736	3968
2735	3974
2733	3978
2729	3981
2729	3987
2729	3993
2727	3998
2727	4004
2727	4010
2726	4015
2726	4021
2724	4026
2721	4030
2717	4032
2711	4034
2709	4038
2710	4045
2710	4051
2710	4058
2703	4058
2700	4062
2647	4022
2644	4026
2642	4031
2638	4033
2700	4093
2710	4108
2705	4111
2708	4119
2705	4124
2702	4127
2700	4132
2696	4135
2695	4140
2693	4145
2691	4150
2690	4155
2688	4160
2685	4164
2681	4167
2679	4171
2677	4176
2673	4179
2667	4180
2664	4184
2660	4187
2658	4192
2656	4196
2656	4203
2655	4209
2654	4215
2671	4237
2648	4222
2642	4223
2638	4226
2635	4230
2631	4232
2626	4235
2624	4239
2624	4246
2624	4253
2622	4258
2621	4264
2619	4269
2617	4273
2613	4276
2611	4281
2608	4285
2605	4289
2603	4293
2601	4299
2600	4304
2336	4051
2334	4055
2330	4057
2323	4057
2324	4083
2319	4084
2316	4088
2313	4091
2312	4095
2308	4098
2305	4101
2301	4103
2601	4418
2587	4410
2569	4399
2568	4404
2566	4410
2563	4414
2562	4420
2562	4427
2561	4433
2559	4439
2556	4443
2553	4447
2551	4452
2549	4457
2547	4461
2544	4466
2540	4469
2536	4472
2531	4474
2528	4478
2527	4484
2527	4492
2526	4497
2525	4504
2524	4511
2524	4518
2522	4523
2516	4524
2510	4524
2504	4526
2505	4534
2503	4540
2499	4543
2496	4547
2492	4550
2490	4555
2492	4565
2492	4572
2490	4578
2490	4585
2484	4587
2479	4589
2475	4591
2471	4595
2469	4599
2465	4603
2462	4608
2462	4615
2460	4621
2459	4627
2456	4631
2454	4637
2450	4640
2446	4643
2443	4647
2439	4651
2437	4656
2433	4660
2430	4663
2426	4666
2423	4671
2420	4675
2416	4678
2413	4682
2413	4691
2413	4699
2410	4704
2409	4710
2406	4715
2404	4719
2400	4723
2396	4726
2393	4731
2390	4735
2389	4743
2387	4748
2387	4756
2384	4761
2382	4766
2378	4770
2375	4774
2373	4780
2369	4784
2367	4789
2364	4793
2360	4796
2356	4800
2352	4803
2349	4808
2343	4809
2339	4812
2337	4818
2333	4821
2331	4827
2331	4835
2329	4841
2325	4845
2321	4848
2318	4852
2314	4856
2311	4860
2307	4864
2304	4868
2299	4870
2296	4875
2292	4879
2288	4882
2285	4886
2283	4892
2280	4898
2277	4902
2273	4905
2268	4908
2264	4911
2259	4913
2256	4917
2253	4921
2248	4924
2245	4928
2240	4930
2236	4934
2233	4939
2231	4945
2229	4951
2226	4956
2223	4961
2219	4964
2213	4965
2209	4968
2205	4971
2202	4976
2199	4981
2193	4982
2189	4985
2186	4990
2182	4993
2178	4997
2175	5001
2170	5003
2165	5005
2160	5008
2156	5010
2151	5012
2147	5016
2144	5022
2142	5028
2139	5032
2134	5034
2129	5037
2125	5040
2122	5045
2118	5048
2112	5049
2106	5050
2101	5051
2098	5055
2095	5061
2091	5065
2088	5069
2083	5072
2078	5074
2074	5077
2071	5083
2067	5086
2061	5087
2056	5089
2053	5092
2050	5098
2047	5103
2043	5107
2040	5113
2036	5115
2031	5118
2026	5119
2022	5123
2016	5124
2011	5126
2007	5129
2003	5133
1999	5135
1995	5139
1992	5144
1988	5148
1983	5150
1979	5153
1976	5158
1972	5162
1968	5165
1963	5168
1958	5170
1952	5170
1946	5169
1940	5170
1936	5173
1931	5175
1926	5178
1923	5182
1919	5186
1914	5188
1909	5190
1904	5192
1901	5197
1897	5201
1892	5203
1886	5203
1881	5204
1877	5208
1873	5211
1868	5214
1863	5215
1857	5216
1852	5218
1847	5219
1843	5223
1838	5225
1834	5229
1830	5231
1825	5234
1821	5237
1817	5240
1812	5243
1807	5244
1800	5243
1797	5248
1794	5254
1791	5259
1786	5262
1781	5263
1776	5266
1772	5269
1767	5270
1764	5276
1759	5278
1749	5270
1745	5274
1740	5275
1735	5277
1731	5281
1730	5289
1725	5292
1721	5295
1717	5299
1712	5301
1707	5303
1702	5305
1699	5310
1695	5314
1690	5316
1682	5312
1675	5310
1670	5311
1665	5313
1662	5319
1657	5321
1654	5326
1650	5331
1646	5335
1641	5336
1637	5340
1632	5342
1626	5341
1619	5340
1613	5338
1608	5340
1606	5348
1600	5348
1593	5346
1589	5349
1585	5352
1580	5355
1574	5355
1568	5354
1563	5356
1559	5360
1554	5361
1548	5360
1543	5361
1538	5363
1533	5364
1528	5367
1524	5371
1520	5375
1515	5377
1511	5381
1507	5384
1500	5383
1495	5383
1490	5385
1485	5387
1479	5386
1474	5387
1469	5390
1464	5391
1459	5393
1454	5394
1449	5395
1444	5397
1440	5400
1435	5404
1430	5405
1426	5408
1420	5409
1416	5411
1411	5415
1407	5417
1402	5418
1397	5420
1392	5421
1386	5421
1381	5422
1376	5424
1372	5428
1367	5431
1363	5434
1360	5441
1355	5444
1350	5444
1343	5442
1338	5444
1331	5440
1326	5440
1323	5446
1319	5452
1314	5453
1309	5456
1305	5459
1299	5457
1293	5458
1288	5458
1283	5460
1278	5461
1272	5461
1266	5460
1261	5461
1257	5465
1252	5467
1247	5469
1242	5471
1237	5472
1232	5473
1226	5473
1222	5476
1218	5480
1213	5483
1208	5485
1204	5487
1199	5489
1193	5489
1188	5491
1183	5492
1177	5491
1172	5492
1167	5494
1162	5496
1158	5500
1152	5497
1147	5499
1142	5500
1137	5501
1132	5505
1127	5506
1122	5507
1116	5506
1110	5505
1105	5505
1099	5504
1094	5506
1091	5512
1086	5516
1081	5517
1076	5517
1070	5517
1065	5517
1060	5517
1055	5519
1049	5520
1044	5522
1039	5523
1035	5526
1030	5527
1025	5530
1020	5532
1015	5532
1010	5534
1005	5536
1000	5538
996	5543
991	5544
986	5545
981	5547
976	5548
971	5549
965	5548
960	5549
955	5551
950	5551
945	5552
940	5555
935	5556
930	5557
924	5558
919	5558
913	5557
908	5558
903	5561
899	5563
894	5564
888	5564
883	5565
878	5566
873	5567
868	5567
862	5568
857	5569
852	5570
847	5569
841	5569
836	5569
830	5569
825	5571
820	5572
815	5572
810	5572
804	5572
799	5573
794	5575
789	5577
785	5579
780	5581
775	5583
769	5583
764	5585
760	5587
755	5589
749	5588
744	5587
738	5587
733	5589
728	5589
723	5589
717	5588
712	5587
707	5588
702	5589
696	5587
691	5588
686	5590
681	5592
676	5594
671	5594
665	5594
660	5595
655	5596
650	5596
645	5596
640	5598
635	5602
630	5603
625	5604
620	5604
615	5606
610	5608
604	5608
599	5609
594	5610
589	5612
584	5613
579	5614
574	5615
569	5615
564	5616
558	5616
553	5616
548	5614
542	5614
537	5616
532	5616
527	5615
521	5614
516	5614
511	5615
506	5616
501	5617
495	5618
490	5619
485	5620
480	5620
475	5620
470	5620
464	5618
459	5619
454	5619
448	5617
443	5616
438	5616
433	5619
428	5621
423	5621
417	5621
412	5621
407	5621
402	5622
397	5622
391	5621
386	5619
381	5619
376	5621
370	5620
365	5621
360	5624
355	5624
350	5624
345	5623
339	5624
334	5623
329	5623
324	5622
318	5621
313	5618
308	5616
302	5613
297	5611
291	5610
286	5610
281	5609
276	5610
271	5611
266	5609
260	5609
255	5608
250	5609
245	5608
239	5607
234	5605
229	5604
224	5604
219	5603
213	5603
208	5603
203	5602
198	5601
193	5601
188	5601
182	5600
177	5600
172	5599
167	5597
161	5593
156	5588
151	5587
146	5586
140	5582
135	5578
130	5575
125	5575
120	5575
114	5575
109	5575
104	5575
99	5574
94	5573
89	5573
84	5572
79	5572
74	5572
68	5569
63	5566
58	5565
53	5564
48	5564
43	5562
38	5561
33	5560
28	5559
22	5559
17	5558
12	5557
7	5556
2	5547
-3	5547
-8	5547
-13	5545
-18	5542
-23	5540
-28	5540
-33	5569
-38	5586
-50	5029
-55	5025
-59	5028
-63	5028
-68	5024
-72	5023
-76	5023
-81	5022
-85	5012
-89	5009
-94	5008
-98	5007
-102	5009
-107	5010
-111	5009
-115	5008
-120	5007
-124	5008
-129	5010
-133	5015
-138	5023
-142	5024
-146	5024
-151	5025
-155	5029
-160	5031
-164	5026
-198	5494
-203	5489
-208	5487
-213	5485
-218	5482
-222	5477
-227	5477
-232	5477
-237	5477
-242	5477
-247	5476
-252	5475
-257	5475
-262	5474
-267	5470
-272	5466
-276	5462
-281	5460
-286	5458
-291	5458
-296	5459
-301	5459
-306	5459
-311	5459
-316	5458
-321	5460
-326	5461
-331	5461
-336	5464
-341	5465
-346	5464
-351	5465
-356	5464
-361	5460
-365	5456
-370	5453
-375	5452
-380	5452
-385	5452
-390	5453
-395	5453
-400	5454
-405	5454
-410	5455
-415	5455
-420	5454
-425	5455
-430	5455
-434	5453
-439	5450
-444	5451
-449	5452
-454	5452
-459	5451
-464	5451
-469	5450
-474	5448
-479	5448
-484	5448
-489	5450
-494	5452
-499	5455
-505	5456
-509	5453
-514	5449
-518	5446
-523	5444
-528	5441
-532	5439
-537	5436
-542	5432
-546	5431
-551	5430
-556	5428
-561	5426
-565	5423
-570	5422
-575	5423
-580	5424
-585	5423
-591	5426
-596	5426
-600	5424
-605	5423
-610	5421
-615	5419
-620	5419
-624	5418
-629	5417
-634	5417
-639	5417
-644	5414
-649	5414
-654	5413
-659	5412
-663	5412
-668	5409
-673	5407
-678	5406
-682	5405
-687	5404
-692	5403
-697	5402
-702	5401
-707	5402
-712	5401
-716	5399
-721	5398
-726	5396
-730	5393
-736	5394
-741	5395
-746	5395
-751	5396
-756	5397
-761	5397
-766	5398
-771	5397
-776	5395
-780	5393
-785	5390
-789	5386
-793	5381
-798	5377
-802	5376
-809	5382
-814	5383
-819	5382
-823	5380
-828	5378
-833	5376
-838	5378
-844	5381
-848	5380
-853	5378
-858	5377
-863	5376
-868	5375
-873	5376
-877	5374
-882	5372
-886	5369
-891	5367
-896	5365
-900	5363
-905	5361
-910	5361
-915	5362
-920	5361
-925	5361
-930	5360
-935	5359
-940	5358
-945	5359
-949	5356
-954	5355
-959	5353
-964	5352
-969	5351
-973	5350
-978	5350
-983	5349
-988	5347
-992	5343
-996	5340
-1001	5338
-1006	5337
-1010	5336
-1015	5334
-1020	5333
-1025	5333
-1030	5331
-1034	5326
-1037	5322
-1042	5319
-1047	5319
-1052	5318
-1057	5317
-1061	5314
-1065	5312
-1069	5308
-1074	5308
-1080	5309
-1085	5310
-1091	5311
-1095	5309
-1100	5309
-1105	5308
-1110	5307
-1116	5309
-1121	5310
-1126	5310
-1131	5307
-1135	5304
-1139	5301
-1143	5298
-1148	5297
-1153	5296
-1158	5295
-1162	5293
-1167	5292
-1173	5295
-1178	5294
-1183	5294
-1188	5293
-1193	5292
-1198	5292
-1203	5290
-1207	5288
-1213	5288
-1217	5287
-1223	5286
-1227	5285
-1231	5281
-1236	5280
-1241	5279
-1246	5279
-1251	5278
-1256	5277
-1261	5278
-1267	5279
-1272	5277
-1276	5275
-1280	5272
-1285	5271
-1289	5265
-1292	5260
-1296	5257
-1301	5256
-1307	5258
-1312	5258
-1317	5257
-1321	5253
-1325	5249
-1329	5246
-1334	5245
-1340	5247
-1346	5249
-1351	5250
-1356	5247
-1360	5244
-1365	5244
-1370	5244
-1375	5242
-1380	5240
-1385	5240
-1390	5240
-1396	5241
-1400	5239
-1405	5236
-1409	5235
-1414	5233
-1419	5231
-1423	5229
-1427	5226
-1432	5224
-1436	5221
-1440	5217
-1444	5215
-1448	5212
-1453	5209
-1458	5208
-1462	5205
-1466	5204
-1471	5202
-1475	5199
-1479	5196
-1484	5193
-1488	5192
-1493	5191
-1497	5188
-1502	5187
-1509	5190
-1515	5190
-1518	5186
-1521	5181
-1525	5176
-1529	5174
-1534	5172
-1538	5170
-1543	5168
-1547	5166
-1552	5164
-1557	5163
-1562	5163
-1567	5161
-1571	5158
-1575	5156
-1579	5153
-1584	5150
-1587	5146
-1591	5142
-1595	5140
-1600	5138
-1603	5134
-1607	5131
-1612	5128
-1616	5126
-1621	5126
-1627	5125
-1632	5124
-1636	5122
-1641	5120
-1644	5116
-1649	5114
-1654	5113
-1658	5111
-1663	5109
-1668	5108
-1672	5106
-1677	5105
-1681	5102
-1686	5100
-1690	5097
-1694	5094
-1698	5092
-1703	5091
-1708	5089
-1714	5091
-1720	5090
-1724	5088
-1729	5086
-1733	5085
-1738	5083
-1743	5081
-1749	5082
-1753	5080
-1758	5079
-1764	5079
-1768	5076
-1772	5072
-1775	5068
-1779	5065
-1784	5065
-1788	5062
-1793	5059
-1798	5059
-1804	5059
-1809	5059
-1814	5057
-1819	5055
-1823	5054
-1827	5050
-1832	5048
-1836	5046
-1841	5044
-1845	5042
-1851	5041
-1857	5042
-1861	5039
-1866	5038
-1870	5035
-1874	5032
-1879	5032
-1883	5028
-1888	5027
-1893	5025
-1898	5025
-1903	5023
-1907	5020
-1910	5016
-1914	5012
-1916	5005
-1920	5001
-1924	4999
-1929	4997
-1933	4994
-1936	4991
-1940	4987
-1944	4983
-1948	4981
-1952	4978
-1956	4975
-1960	4972
-1964	4969
-1968	4966
-1972	4963
-1976	4960
-1980	4957
-1984	4954
-1989	4952
-1994	4952
-1998	4949
-2003	4947
-2008	4947
-2014	4946
-2019	4944
-2024	4943
-2029	4942
-2032	4938
-2034	4931
-2036	4924
-2039	4921
-2047	4923
-2053	4923
-2058	4923
-2063	4922
-2066	4916
-2069	4913
-2074	4911
-2079	4910
-2083	4906
-2086	4902
-2087	4894
-2088	4887
-2090	4880
-2092	4875
-2095	4870
-2101	4870
-2110	4874
-2108	4862
-2111	4858
-2116	4857
-2121	4856
-2126	4853
-2130	4851
-2133	4846
-2133	4838
-2134	4830
-2137	4826
-2142	4825
-2147	4824
-2151	4821
-2156	4818
-2160	4815
-2164	4813
-2168	4810
-2171	4806
-2175	4803
-2177	4797
-2181	4795
-2187	4794
-2191	4791
-2193	4786
-2197	4783
-2200	4778
-2203	4775
-2207	4772
-2213	4771
-2218	4770
-2222	4767
-2224	4761
-2228	4758
-2232	4755
-2235	4751
-2238	4747
-2242	4744
-2246	4741
-2249	4737
-2254	4736
-2259	4734
-2262	4729
-2265	4725
-2269	4723
-2274	4721
-2279	4720
-2286	4721
-2290	4719
-2294	4716
-2298	4712
-2301	4708
-2306	4706
-2309	4702
-2312	4699
-2316	4695
-2317	4688
-2320	4684
-2324	4682
-2328	4679
-2332	4676
-2335	4671
-2339	4668
-2343	4665
-2344	4659
-2344	4652
-2349	4649
-2354	4648
-2358	4645
-2362	4643
-2366	4640
-2369	4635
-2372	4631
-2375	4627
-2378	4623
-2381	4619
-2384	4615
-2389	4613
-2394	4612
-2398	4609
-2402	4605
-2405	4602
-2408	4598
-2411	4594
-2414	4590
-2419	4588
-2424	4586
-2428	4583
-2430	4578
-2430	4571
-2432	4565
-2436	4562
-2441	4561
-2444	4557
-2447	4553
-2451	4550
-2454	4547
-2459	4544
-2462	4540
-2464	4536
-2468	4532
-2473	4531
-2481	4533
-2481	4525
-2485	4523
-2490	4521
-2496	4520
-2499	4516
-2502	4512
-2505	4508
-2505	4501
-2505	4493
-2507	4488
-2510	4484
-2512	4479
-2514	4474
-2518	4471
-2521	4468
-2524	4464
-2529	4461
-2533	4459
-2535	4453
-2538	4450
-2543	4448
-2549	4447
-2552	4443
-2557	4441
-2563	4441
-2568	4439
-2567	4432
-2569	4426
-2573	4423
-2580	4423
-2584	4421
-2585	4415
-2589	4412
-2593	4409
-2597	4407
-2602	4404
-2605	4401
-2606	4395
-2606	4388
-2607	4381
-2607	4374
-2608	4369
-2611	4365
-2615	4361
-2618	4358
-2624	4357
-2627	4353
-2628	4347
-2631	4343
-2635	4341
-2638	4337
-2641	4332
-2642	4327
-2645	4323
-2649	4320
-2653	4317
-2656	4314
-2658	4309
-2660	4304
-2660	4297
-2664	4295
-2670	4294
-2674	4291
-2677	4287
-2676	4279
-2677	4273
-2681	4271
-2685	4267
-2687	4263
-2689	4258
-2693	4256
-2696	4251
-2699	4247
-2701	4242
-2700	4236
-2701	4229
-2702	4224
-2705	4220
-2709	4218
-2713	4215
-2717	4211
-2720	4208
-2723	4204
-2725	4199
-2727	4195
-2730	4191
-2733	4188
-2736	4183
-2739	4180
-2740	4174
-2743	4170
-2745	4165
-2746	4160
-2747	4155
-2748	4149
-2752	4146
-2756	4144
-2759	4140
-2761	4135
-2762	4130
-2765	4126
-2781	4134
-2787	4132
-2788	4128
-2776	4110
-2781	4108
-2787	4107
-2796	4109
-2795	4102
-2795	4095
-2794	4088
-2797	4084
-2803	4083
-2805	4079
-2807	4074
-2810	4070
-2811	4065
-2814	4061
-2819	4059
-2825	4058
-2831	4057
-2833	4052
-2837	4049
-2840	4046
-2842	4041
-2844	4037
-2847	4033
-2851	4030
-2853	4025
-2857	4022
-2860	4019
-2860	4013
-2862	4008
-2867	4006
-2865	3998
-2863	3990
-2861	3983
-2862	3978
-2865	3974
-2867	3969
-2868	3964
-2869	3959
-2870	3954
-2873	3950
-2875	3945
-2875	3940
-2876	3934
-2879	3930
-2883	3927
-2877	3917
-2874	3909
-2872	3901
-2868	3892
-2868	3886
-2866	3879
-2864	3871
-2862	3864
-2861	3857
-2859	3850
-2860	3844
-2860	3839
-2859	3832
-2858	3825
-2858	3820
-2856	3813
-2857	3807
-2856	3801
-2856	3795
-2858	3791
-2859	3786
-2859	3780
-2861	3776
-2862	3771
-2858	3762
-2861	3759
-2863	3755
-2864	3750
-2865	3745
-2867	3740
-2867	3735
-2867	3730
-2865	3722
-2865	3717
-2869	3714
-2871	3710
-2872	3705
-2871	3699
-2871	3693
-2871	3688
-2871	3682
-2872	3678
-2873	3673
-2873	3667
-2874	3662
-2871	3655
-2870	3648
-2870	3643
-2869	3637
-2869	3632
-2871	3627
-2876	3625
-2878	3621
-2879	3616
-2879	3611
-2880	3607
-2881	3602
-2883	3598
-2888	3596
-2887	3590
-2884	3582
-2880	3574
-2882	3570
-2884	3567
-2885	3562
-2885	3556
-2884	3550
-2880	3542
-2879	3536
-2881	3532
-2881	3527
-2881	3522
-2883	3518
-2884	3514
-2885	3509
-2882	3502
-2882	3497
-2878	3489
-2877	3483
-2880	3480
-2884	3477
-2886	3473
-2885	3467
-2884	3461
-2882	3455
-2882	3450
-2885	3447
-2887	3443
-2886	3437
-2885	3431
-2880	3423
-2881	3418
-2880	3413
-2881	3408
-2883	3405
-2885	3401
-2885	3396
-2886	3392
-2888	3387
-2889	3383
-2890	3378
-2890	3374
-2891	3369
-2892	3365
-2889	3358
-2889	3353
-2890	3349
-2889	3343
-2889	3338
-2889	3333
-2891	3329
-2890	3324
-2891	3319
-2890	3314
-2891	3309
-2892	3305
-2891	3299
-2889	3294
-2886	3287
-2885	3281
-2881	3274
-2881	3270
-2879	3264
-2877	3258
-2879	3254
-2880	3250
-2882	3246
-2883	3242
-2884	3238
-2881	3231
-2882	3227
-2882	3222
-2881	3217
-2878	3210
-2878	3206
-2877	3200
-2877	3196
-2878	3191
-2880	3188
-2880	3183
-2880	3178
-2877	3172
-2877	3167
-2876	3162
-2875	3157
-2880	3155
-2879	3149
-2880	3145
-2880	3141
-2878	3135
-2873	3128
-2873	3123
-2867	3115
-2866	3110
-2869	3107
-2870	3103
-2870	3098
-2871	3094
-2869	3089
-2868	3084
-2869	3080
-2870	3076
-2870	3071
-2868	3065
-2866	3060
-2867	3056
-2865	3050
-2863	3045
-2862	3040
-2863	3036
-2864	3032
-2866	3028
-2866	3024
-2865	3019
-2865	3014
-2864	3009
-2864	3005
-2863	3000
-2863	2995
-2864	2991
-2864	2987
-2867	2984
-2867	2980
-2867	2975
-2869	2971
-2871	2968
-2869	2962
-2868	2957
-2869	2954
-2866	2948
-2865	2943
-2864	2938
-2863	2933
-2858	2927
-2856	2922
-2857	2917
-2854	2912
-2851	2906
-2849	2901
-2847	2896
-2847	2892
-2847	2887
-2843	2881
-2844	2877
-2844	2873
-2841	2868
-2838	2862
-2837	2857
-2837	2853
-2835	2848
-2830	2841
-2831	2838
-2827	2832
-2826	2827
-2827	2823
-2828	2819
-2828	2815
-2829	2811
-2829	2807
-2827	2802
-2826	2797
-2823	2792
-2819	2786
-2820	2783
-2821	2779
-2815	2772
-2810	2766
-2810	2762
-2812	2759
-2813	2755
-2813	2751
-2813	2746
-2811	2742
-2807	2736
-2805	2731
-2813	2730
-2809	2724
-2810	2721
-2809	2716
-2807	2711
-2804	2706
-2803	2702
-2802	2697
-2804	2694
-2802	2689
-2799	2684
-2796	2679
-2796	2675
-2796	2671
-2796	2667
-2796	2663
-2797	2659
-2796	2655
-2796	2650
-2795	2646
-2796	2642
-2793	2637
-2787	2631
-2786	2627
-2786	2623
-2790	2621
-2789	2616
-2782	2610
-2783	2606
-2783	2602
-2782	2598
-2779	2593
-2777	2588
-2776	2584
-2775	2580
-2775	2576
-2775	2572
-2777	2569
-2779	2565
-2778	2561
-2779	2557
-2777	2553
-2777	2549
-2778	2545
-2778	2542
-2778	2537
-2776	2533
-2774	2529
-2772	2524
-2770	2520
-2771	2516
-2770	2512
-2770	2508
-2768	2503
-2766	2499
-2764	2495
-2763	2490
-2760	2486
-2760	2482
-2761	2478
-2763	2475
-2758	2470
-2757	2466
-2758	2462
-2758	2458
-2756	2454
-2752	2449
-2754	2446
-2754	2442
-2754	2438
-2755	2434
-2756	2431
-2746	2424
-2744	2420
-2748	2417
-2746	2413
-2742	2408
-2746	2406
-2746	2402
-2744	2398
-2743	2394
-2741	2389
-2741	2386
-2741	2382
-2740	2378
-2737	2373
-2733	2369
-2733	2365
-2735	2362
-2736	2358
-2734	2354
-2734	2350
-2734	2347
-2732	2342
-2731	2338
-2731	2335
-2732	2331
-2731	2327
-2729	2323
-2727	2319
-2726	2315
-2724	2311
-2726	2308
-2727	2304
-2726	2300
-2722	2296
-2721	2292
-2720	2288
-2723	2285
-2724	2281
-2724	2278
-2723	2274
-2720	2270
-2719	2266
-2720	2262
-2720	2259
-2718	2255
-2718	2251
-2718	2247
-2715	2243
-2714	2239
-2711	2235
-2710	2231
-2713	2228
-2714	2225
-2714	2221
-2709	2217
-2709	2213
-2712	2210
-2710	2206
-2708	2202
-2708	2198
-2706	2194
-2707	2191
-2706	2187
-2704	2183
-2705	2180
-2706	2176
-2704	2173
-2702	2169
-2699	2164
-2695	2160
-2697	2157
-2699	2154
-2699	2150
-2698	2146
-2696	2143
-2693	2139
-2692	2135
-2693	2132
-2693	2128
-2691	2124
-2691	2121
-2690	2117
-2686	2113
-2684	2109
-2684	2105
-2682	2101
-2679	2098
-2680	2094
-2681	2091
-2682	2087
-2682	2084
-2678	2080
-2676	2076
-2676	2073
-2678	2069
-2676	2066
-2675	2062
-2672	2058
-2672	2054
-2672	2051
-2673	2048
-2673	2044
-2673	2041
-2671	2037
-2670	2033
-2668	2030
-2665	2026
-2662	2022
-2662	2018
-2657	2014
-2655	2011
-2657	2007
-2658	2004
-2659	2001
-2659	1997
-2658	1994
-2658	1990
-2657	1987
-2659	1983
-2657	1980
-2658	1977
-2659	1973
-2654	1969
-2652	1966
-2653	1962
-2652	1959
-2651	1955
-2650	1952
-2649	1948
-2647	1944
-2646	1941
-2645	1937
-2646	1934
-2645	1931
-2644	1927
-2643	1924
-2642	1920
-2640	1917
-2638	1913
-2637	1909
-2637	1906
-2639	1903
-2639	1899
-2637	1896
-2634	1892
-2632	1889
-2631	1885
-2629	1882
-2627	1878
-2626	1875
-2627	1871
-2627	1868
-2626	1865
-2625	1861
-2627	1858
-2628	1855
-2627	1851
-2626	1848
-2627	1845
-2625	1841
-2624	1838
-2624	1834
-2623	1831
-2621	1827
-2616	1824
-2613	1820
-2614	1817
-2612	1813
-2610	1810
-2610	1807
-2612	1803
-2613	1800
-2611	1797
-2609	1793
-2608	1790
-2605	1786
-2606	1783
-2604	1780
-2602	1776
-2602	1773
-2603	1770
-2603	1766
-2601	1763
-2599	1760
-2599	1756
-2599	1753
-2600	1750
-2601	1746
-2599	1743
-2598	1740
-2597	1736
-2595	1733
-2595	1730
-2594	1726
-2592	1723
-2591	1720
-2589	1716
-2587	1713
-2587	1710
-2583	1706
-2584	1703
-2582	1700
-2581	1696
-2580	1693
-2580	1690
-2580	1686
-2580	1683
-2579	1680
-2577	1677
-2574	1673
-2574	1670
-2573	1667
-2572	1663
-2569	1660
-2567	1657
-2567	1654
-2567	1650
-2569	1647
-2571	1644
-2570	1640
-2566	1637
-2564	1634
-2564	1631
-2563	1628
-2562	1624
-2562	1621
-2562	1618
-2561	1614
-2559	1611
-2559	1608
-2559	1605
-2559	1601
-2557	1598
-2554	1595
-2553	1592
-2554	1589
-2556	1585
-2554	1582
-2551	1579
-2550	1576
-2550	1572
-2550	1569
-2551	1566
-2550	1563
-2546	1560
-2544	1556
-2544	1553
-2546	1550
-2545	1547
-2544	1543
-2541	1540
-2539	1537
-2538	1534
-2538	1531
-2538	1527
-2537	1524
-2536	1521
-2534	1518
-2533	1515
-2533	1511
-2532	1508
-2531	1505
-2530	1502
-2530	1499
-2529	1496
-2528	1492
-2527	1489
-2526	1486
-2525	1483
-2523	1480
-2522	1477
-2523	1473
-2524	1470
-2522	1467
-2522	1464
-2522	1460
-2519	1457
-2517	1454
-2516	1451
-2516	1448
-2516	1445
-2514	1442
-2512	1439
-2508	1436
-2504	1433
-2503	1430
-2502	1427
-2505	1423
-2506	1420
-2504	1417
-2503	1414
-2501	1411
-2498	1408
-2497	1405
-2495	1402
-2493	1399
-2493	1395
-2490	1393
-2489	1389
-2488	1386
-2486	1383
-2486	1380
-2485	1377
-2485	1374
-2483	1371
-2481	1368
-2481	1365
-2481	1361
-2480	1358
-2478	1355
-2477	1352
-2479	1349
-2480	1345
-2482	1342
-2479	1339
-2478	1336
-2477	1333
-2476	1330
-2473	1327
-2473	1324
-2472	1321
-2471	1318
-2469	1315
-2470	1311
-2469	1308
-2469	1305
-2467	1302
-2465	1299
-2464	1296
-2462	1293
-2462	1290
-2463	1287
-2461	1284
-2460	1281
-2459	1278
-2458	1275
-2456	1272
-2455	1269
-2453	1266
-2453	1263
-2452	1260
-2452	1256
-2451	1253
-2450	1250
-2450	1247
-2449	1244
-2448	1241
-2447	1238
-2447	1235
-2446	1232
-2443	1229
-2442	1226
-2439	1223
-2438	1220
-2437	1217
-2436	1214
-2435	1211
-2434	1208
-2433	1205
-2432	1202
-2431	1199
-2432	1196
-2432	1192
-2432	1189
-2431	1186
-2429	1183
-2427	1180
-2426	1177
-2424	1175
-2423	1171
-2423	1168
-2422	1165
-2421	1162
-2421	1159
-2419	1156
-2417	1153
-2415	1151
-2414	1148
-2413	1145
-2413	1141
-2411	1139
-2410	1136
-2409	1132
-2410	1129
-2409	1126
-2408	1123
-2406	1120
-2405	1117
-2405	1114
-2404	1111
-2403	1108
-2401	1105
-2400	1102
-2398	1099
-2398	1096
-2397	1093
-2397	1090
-2398	1086
-2397	1083
-2395	1081
-2394	1078
-2393	1075
-2392	1072
-2391	1069
-2392	1065
-2392	1062
-2389	1060
-2387	1057
-2387	1053
-2386	1050
-2387	1047
-2387	1044
-2385	1041
-2383	1038
-2382	1035
-2381	1032
-2380	1029
-2380	1026
-2381	1022
-2380	1019
-2378	1017
-2378	1013
-2379	1010
-2378	1007
-2377	1004
-2377	1000
-2376	997
-2374	995
-2373	992
-2371	989
-2370	986
-2369	983
-2367	980
-2366	977
-2365	974
-2364	971
-2363	968
-2363	965
-2362	962
-2360	960
-2359	957
-2358	954
-2358	950
-2358	947
-2357	944
-2356	941
-2356	938
-2354	935
-2353	932
-2352	929
-2351	926
-2350	923
-2349	920
-2348	917
-2347	914
-2346	911
-2345	908
-2344	905
-2343	902
-2343	899
-2342	895
-2341	892
-2340	889
-2339	886
-2339	883
-2337	880
-2336	877
-2335	875
-2334	872
-2333	869
-2332	866
-2330	863
-2329	860
-2329	857
-2328	854
-2326	851
-2325	848
-2325	844
-2325	841
-2323	839
-2323	835
-2320	833
-2318	830
-2318	827
-2319	823
-2318	820
-2316	818
-2314	815
-2313	812
-2312	809
-2311	806
-2310	803
-2308	800
-2307	797
-2307	794
-2306	791
-2304	788
-2304	785
-2304	781
-2302	779
-2300	776
-2299	773
-2297	770
-2297	767
-2296	764
-2295	761
-2292	759
-2290	756
-2290	753
-2291	749
-2291	746
-2290	743
-2289	740
-2288	737
-2287	733
-2288	730
-2287	727
-2285	724
-2285	721
-2283	718
-2281	716
-2278	713
-2277	710
-2280	705
-2276	704
-2274	701
-2273	698
-2272	695
-2272	692
-2270	689
-2269	686
-2269	683
-2270	679
-2268	676
-2265	674
-2262	672
-2261	669
-2261	665
-2263	661
-2264	657
-2262	654
-2261	651
-2260	648
-2259	645
-2259	642
-2257	639
-2255	636
-2254	633
-2253	630
-2251	628
-2251	624
-2250	621
-2249	618
-2247	615
-2248	612
-2248	608
-2247	605
-2245	602
-2244	599
-2243	596
-2242	593
-2240	590
-2240	587
-2238	584
-2237	581
-2236	578
-2234	576
-2232	573
-2230	570
-2231	567
-2229	564
-2229	560
-2228	557
-2226	554
-2224	552
-2222	550
-2221	546
-2219	544
-2219	540
-2217	537
-2215	535
-2214	532
-2214	528
-2213	525
-2213	521
-2213	518
-2211	515
-2210	513
-2208	510
-2207	507
-2205	504
-2203	501
-2202	498
-2202	495
-2202	491
-2201	488
-2198	486
-2198	483
-2198	479
-2197	475
-2195	473
-2196	469
-2196	465
-2194	462
-2192	460
-2191	457
-2190	453
-2189	451
-2187	448
-2185	445
-2184	442
-2183	439
-2182	436
-2180	433
-2179	430
-2177	427
-2176	425
-2175	421
-2176	417
-2175	414
-2173	411
-2172	408
-2171	405
-2170	402
-2168	399
-2167	396
-2167	392
-2167	388
-2166	385
-2165	382
-2163	379
-2161	376
-2160	373
-2159	370
-2156	368
-2155	365
-2155	361
-2154	358
-2153	355
-2151	352
-2148	350
-2147	347
-2148	343
-2147	339
-2146	336
-2145	333
-2143	331
-2142	327
-2141	324
-2140	321
-2140	317
-2137	315
-2136	312
-2134	309
-2132	307
-2130	304
-2130	300
-2130	296
-2127	294
-2124	292
-2124	288
-2122	285
-2121	282
-2120	279
-2119	276
-2117	273
-2117	269
-2116	266
-2114	263
-2114	259
-2113	256
-2110	254
-2108	251
-2107	248
-2105	245
-2104	242
-2103	239
-2103	235
-2104	231
-2104	226
-2102	224
-2099	222
-2096	220
-2095	217
-2094	214
-2092	211
-2091	208
-2088	206
-2087	202
-2087	198
-2087	194
-2084	192
-2083	189
-2082	185
-2080	183
-2079	180
-2079	175
-2078	172
-2076	169
-2076	165
-2075	162
-2072	160
-2070	158
-2069	154
-2069	149
-2067	147
-2065	144
-2063	141
-2062	138
-2061	135
-2059	132
-2056	130
-2054	128
-2056	122
-2055	118
-2052	117
-2050	114
-2048	111
-2047	108
-2047	103
-2049	98
-2047	95
-2044	93
-2042	90
-2041	87
-2041	83
-2041	78
-2039	76
-2036	74
-2035	70
-2034	67
-2031	65
-2029	63
-2029	58
-2026	56
-2026	52
-2026	48
-2025	44
-2023	41
-2020	40
-2019	36
-2019	31
-2018	28
-2017	25
-2015	22
-2014	18
-2011	16
-2009	13
-2008	10
-2006	7
-2006	3
-2005	-1
-2004	-4
-2003	-8
-2001	-10
-1999	-14
-1998	-17
-1996	-20
-1995	-24
-1995	-28
-1993	-31
-1992	-35
-1989	-37
-1986	-38
-1985	-42
-1983	-45
-1983	-49
-1983	-53
-1982	-57
-1980	-60
-1978	-63
-1976	-66
-1975	-69
-1975	-74
-1972	-76
-1971	-79
-1970	-83
-1967	-85
-1965	-88
-1963	-91
-1960	-93
-1960	-97
-1959	-101
-1957	-104
-1956	-108
-1954	-110
-1952	-114
-1951	-117
-1948	-119
-1948	-124
-1947	-128
-1946	-131
-1945	-135
-1942	-136
-1939	-139
-1927	-132
-1923	-133
-1921	-136
-1918	-137
-1914	-138
-1913	-142
-1912	-145
-1910	-149
-1907	-150
-1902	-150
-1897	-150
-1893	-151
-1891	-154
-1887	-155
-1877	-149
-1862	-139
-1857	-138
-1852	-138
-1847	-138
-1845	-141
-1837	-137
-1831	-136
-1827	-136
-1823	-137
-1821	-140
-1820	-143
-1817	-146
-1814	-147
-1812	-149
-1810	-152
-1806	-153
-1792	-143
-1783	-138
-1779	-138
-1776	-140
-1772	-141
-1770	-144
-1767	-145
-1764	-147
-1760	-147
-1758	-150
-1755	-152
-1753	-154
-1747	-153
-1743	-153
-1741	-155
-1740	-159
-1738	-161
-1735	-164
-1734	-167
-1734	-172
-1733	-176
-1732	-180
-1731	-183
-1701	-154
-1696	-154
-1694	-157
-1682	-148
-1678	-148
-1677	-151
-1670	-149
-1666	-150
-1663	-150
-1660	-152
-1659	-156
-1658	-159
-1656	-162
-1636	-144
-1632	-144
-1628	-144
-1625	-145
-1622	-146
-1619	-147
-1615	-149
-1611	-148
-1607	-148
-1600	-145
-1597	-146
-1594	-148
-1591	-148
-1586	-148
-1583	-149
-1578	-148
-1575	-149
-1574	-152
-1574	-157
-1574	-162
-1572	-165
-1572	-170
-1572	-175
-1570	-177
-1550	-158
-1549	-161
-1549	-167
-1557	-181
-1549	-176
-1545	-176
-1541	-177
-1532	-170
-1516	-155
-1508	-150
-1504	-149
-1500	-149
-1497	-150
-1494	-152
-1494	-156
-1495	-163
-1490	-161
-1486	-162
-1483	-163
-1480	-164
-1479	-167
-1475	-167
-1471	-167
-1469	-169
-1466	-170
-1463	-171
-1461	-173
-1459	-176
-1456	-177
-1453	-178
-1450	-179
-1447	-180
-1445	-183
-1427	-164
-1423	-163
-1420	-164
-1416	-164
-1414	-166
-1411	-168
-1408	-168
-1403	-166
-1401	-168
-1399	-171
-1395	-171
-1392	-171
-1390	-174
-1386	-174
-1379	-169
-1374	-166
-1367	-162
-1365	-164
-1362	-165
-1359	-166
-1354	-164
-1347	-159
-1341	-156
-1338	-156
-1335	-157
-1331	-157
-1337	-171
-1339	-179
-1333	-175
-1330	-176
-1325	-174
-1324	-178
-1323	-181
-1319	-181
-1314	-179
-1310	-179
-1308	-181
-1307	-184
-1299	-177
-1294	-176
-1291	-176
-1288	-177
-1285	-177
-1279	-173
-1275	-172
-1271	-171
-1270	-175
-1266	-174
-1258	-168
-1256	-171
-1253	-172
-1251	-173
-1247	-172
-1244	-173
-1241	-174
-1237	-173
-1233	-172
-1231	-173
-1228	-174
-1223	-172
-1220	-172
-1217	-172
-1214	-173
-1211	-175
-1208	-175
-1204	-174
-1201	-175
-1198	-175
-1196	-177
-1193	-178
-1189	-177
-1186	-178
-1182	-176
-1178	-176
-1174	-175
-1172	-176
-1168	-175
-1165	-175
-1162	-175
-1158	-174
-1154	-173
-1151	-174
-1146	-172
-1143	-171
-1140	-173
-1138	-173
-1135	-175
-1131	-173
-1127	-172
-1125	-174
-1122	-174
-1118	-173
-1115	-174
-1113	-175
-1109	-174
-1106	-175
-1103	-175
-1100	-175
-1096	-174
-1094	-175
-1091	-176
-1088	-176
-1084	-176
-1081	-175
-1078	-176
-1075	-175
-1071	-175
-1069	-176
-1065	-176
-1063	-177
-1060	-177
-1056	-176
-1053	-176
-1050	-176
-1046	-174
-1043	-175
-1042	-178
-1038	-178
-1035	-178
-1032	-178
-1030	-179
-1026	-178
-1023	-178
-1019	-175
-1015	-174
-1012	-175
-1010	-177
-1007	-178
-1004	-178
-1002	-178
-998	-177
-994	-176
-992	-178
-989	-178
-987	-180
-986	-183
-983	-184
-981	-186
-978	-187
-974	-184
-970	-183
-967	-182
-964	-182
-961	-182
-957	-180
-953	-178
-950	-178
-947	-178
-944	-179
-941	-178
-938	-178
-935	-178
-931	-177
-929	-177
-926	-178
-923	-179
-920	-178
-917	-177
-911	-170
-912	-179
-908	-177
-898	-162
-873	-112
-870	-112
-866	-109
-863	-109
-860	-108
-857	-109
-854	-109
-851	-109
-848	-108
-846	-108
-843	-108
-841	-110
-839	-112
-777	1
-775	1
-772	2
-769	2
-766	3
-763	3
-761	2
-759	2
-756	2
-753	2
-750	3
-747	3
-746	2
-743	1
-741	1
-738	1
-736	1
-733	-0
-732	-3
-731	-7
-730	-11
-728	-12
-724	-7
-720	-5
-719	-8
-719	-14
-718	-18
-717	-25
-745	-125
-745	-131
-744	-135
-742	-139
-741	-142
-738	-143
-736	-145
-733	-145
-731	-145
-729	-146
-726	-147
-724	-148
-721	-149
-719	-150
-716	-151
-714	-151
-712	-152
-709	-152
-707	-153
-704	-155
-702	-155
-700	-157
-697	-156
-694	-156
-692	-157
-689	-158
-687	-158
-683	-156
-680	-153
-676	-149
-670	-141
-667	-138
-663	-136
-661	-137
-659	-138
-655	-136
-652	-134
-649	-134
-648	-137
-646	-141
-645	-144
-643	-147
-641	-148
-638	-148
-636	-149
-634	-151
-631	-150
-628	-151
-626	-150
-623	-149
-620	-148
-617	-147
-614	-146
-611	-146
-609	-147
-606	-148
-605	-150
-604	-156
-603	-164
-604	-176
-602	-178
-600	-180
-597	-180
-595	-180
-592	-180
-589	-180
-587	-181
-585	-183
-582	-182
-579	-181
-577	-181
-574	-182
-571	-181
-568	-178
-565	-177
-563	-179
-560	-179
-558	-180
-555	-179
-552	-178
-550	-178
-547	-179
-545	-179
-542	-181
-540	-182
-538	-182
-535	-182
-532	-183
-530	-182
-527	-182
-525	-182
-522	-182
-519	-182
-517	-182
-514	-183
-512	-182
-509	-183
-507	-183
-504	-183
-501	-183
-499	-183
-497	-184
-494	-185
-491	-182
-488	-182
-486	-182
-483	-182
-480	-181
-478	-181
-476	-184
-473	-184
-471	-184
-468	-183
-466	-184
-463	-184
-460	-184
-458	-183
-455	-183
-452	-182
-450	-182
-447	-183
-445	-183
-442	-184
-440	-183
-437	-184
-435	-184
-432	-183
-429	-182
-427	-183
-424	-182
-422	-182
-419	-183
-417	-182
-414	-182
-412	-181
-409	-179
-406	-179
-404	-183
-402	-183
-399	-183
-397	-183
-394	-183
-391	-182
-389	-182
-387	-184
-384	-184
-382	-184
-379	-184
-377	-185
-374	-183
-372	-183
-369	-184
-366	-183
-364	-183
-361	-182
-359	-182
-357	-184
-354	-184
-352	-185
-349	-184
-346	-183
-344	-185
-342	-184
-339	-183
-337	-185
-334	-186
-332	-185
-329	-183
-327	-184
-324	-184
-321	-183
-319	-182
-316	-183
-314	-183
-311	-183
-309	-183
-306	-182
-304	-183
-301	-184
-299	-184
-297	-184
-294	-186
-292	-187
-289	-186
-287	-185
-284	-184
-282	-185
-279	-182
-276	-181
-274	-180
-271	-181
-269	-182
-267	-184
-264	-184
-262	-184
-259	-183
-257	-183
-254	-181
-252	-181
-249	-183
-247	-184
-244	-183
-242	-182
-239	-182
-237	-183
-234	-183
-232	-183
-230	-184
-227	-185
-225	-184
-222	-183
-220	-183
-217	-182
-215	-182
-212	-181
-210	-181
-207	-180
-205	-181
-202	-182
-200	-182
-197	-182
-195	-182
-192	-181
-190	-182
-187	-181
-185	-181
-183	-181
-180	-181
-178	-180
-175	-179
-173	-180
-170	-180
-168	-180
-165	-181
-163	-182
-161	-182
-158	-182
-156	-183
-153	-182
-151	-182
-148	-182
-146	-181
-143	-181
-141	-181
-138	-181
-136	-180
-134	-182
-131	-182
-129	-183
-126	-182
-124	-182
-121	-182
-119	-182
-116	-182
-114	-181
-111	-181
-109	-180
-107	-180
-104	-179
-102	-180
-99	-181
-97	-181
-94	-182
-92	-183
-89	-182
-87	-181
-85	-180
-82	-180
-80	-181
-77	-181
-75	-180
-70	-179
-67	-179
-65	-179
-63	-179
-60	-180
-58	-180
-55	-180
-53	-181
-50	-179
-48	-179
-45	-181
-43	-182
-40	-181
-38	-181
-36	-181
-33	-182
-31	-181
-28	-181
-26	-181
-23	-181
-21	-181
-18	-180
-16	-180
-14	-181
-11	-181
-9	-180
-6	-180
-4	-180
-1	-181
1	-182
4	-182
6	-181
8	-182
11	-183
13	-182
16	-183
18	-183
21	-182
23	-182
26	-183
28	-182
31	-181
33	-181
35	-180
38	-181
40	-182
43	-181
45	-182
48	-182
50	-182
53	-180
55	-180
58	-181
60	-181
62	-181
65	-181
67	-182
70	-182
72	-182
75	-182
77	-180
79	-179
82	-180
85	-181
87	-182
90	-182
92	-181
94	-181
97	-182
99	-181
102	-180
104	-180
107	-180
109	-181
112	-182
114	-184
117	-183
119	-182
122	-181
124	-180
126	-180
129	-181
132	-183
134	-182
136	-181
139	-182
142	-183
144	-183
146	-182
149	-182
151	-182
154	-182
156	-182
159	-182
161	-182
164	-181
166	-181
169	-181
171	-181
174	-181
176	-182
179	-182
181	-181
184	-181
186	-182
189	-182
191	-183
194	-183
196	-182
199	-182
201	-182
204	-182
206	-182
209	-182
211	-181
214	-182
216	-181
218	-181
221	-182
224	-182
226	-183
229	-183
231	-183
234	-185
237	-184
239	-184
241	-183
244	-182
246	-183
249	-182
251	-182
254	-183
256	-182
259	-183
262	-183
264	-183
266	-182
269	-183
271	-183
274	-182
277	-183
279	-182
281	-181
284	-180
287	-182
289	-182
292	-182
294	-183
297	-185
300	-184
302	-185
305	-184
307	-184
310	-184
312	-183
315	-183
317	-182
320	-183
322	-183
325	-183
328	-184
330	-182
332	-181
335	-181
337	-182
340	-182
343	-182
345	-182
348	-183
350	-181
352	-180
355	-180
358	-183
361	-183
363	-183
366	-183
368	-181
371	-182
373	-182
376	-182
379	-183
381	-181
384	-182
386	-182
389	-182
392	-184
395	-184
397	-183
399	-182
402	-180
404	-182
407	-182
410	-182
412	-181
415	-181
417	-181
420	-180
422	-180
426	-184
429	-184
431	-183
433	-183
436	-182
439	-182
441	-183
444	-183
446	-181
449	-182
452	-182
454	-182
457	-182
460	-183
462	-182
465	-182
467	-182
470	-183
473	-182
475	-181
478	-182
481	-182
483	-182
486	-182
489	-183
491	-182
494	-182
497	-182
500	-183
502	-183
505	-182
507	-181
510	-182
513	-183
515	-181
517	-179
520	-180
523	-181
525	-180
528	-181
531	-181
534	-181
537	-183
540	-184
542	-182
546	-184
548	-183
550	-181
552	-180
555	-179
558	-179
560	-179
563	-178
565	-177
566	-173
568	-168
569	-166
571	-163
574	-163
577	-163
579	-163
583	-165
585	-165
588	-165
592	-168
595	-170
598	-170
601	-170
604	-171
606	-170
609	-169
611	-168
613	-167
616	-166
619	-166
615	-149
613	-136
613	-130
615	-128
617	-126
619	-124
621	-122
624	-121
626	-119
628	-117
630	-117
633	-117
635	-116
638	-115
640	-113
642	-112
645	-112
647	-112
651	-113
653	-113
656	-114
659	-114
662	-115
666	-117
670	-120
673	-123
677	-125
681	-127
686	-133
691	-139
698	-147
703	-155
706	-155
709	-154
711	-153
713	-151
716	-150
718	-149
721	-148
723	-147
725	-146
728	-146
731	-145
733	-144
735	-143
738	-142
740	-141
743	-140
745	-138
746	-134
747	-130
748	-128
749	-123
750	-119
721	-25
722	-19
720	-9
721	-6
723	-4
724	-1
726	1
728	2
731	2
733	2
736	2
739	2
741	2
744	2
752	-8
771	-3
772	1
775	1
777	3
779	3
783	1
868	-145
865	-134
868	-133
873	-137
882	-148
888	-155
889	-150
889	-145
890	-141
893	-140
895	-139
898	-138
901	-138
904	-138
907	-137
929	-173
931	-171
936	-174
938	-173
941	-172
944	-173
948	-173
951	-174
954	-174
958	-175
961	-175
965	-176
969	-178
975	-182
978	-182
980	-179
983	-180
988	-183
990	-181
993	-181
996	-180
998	-178
1002	-179
1006	-181
1009	-179
1012	-179
1015	-179
1018	-179
1021	-179
1025	-179
1027	-178
1029	-175
1030	-171
1032	-168
1034	-167
1036	-165
1038	-163
1040	-161
1044	-161
1048	-163
1054	-167
1064	-178
1066	-177
1069	-176
1073	-177
1077	-177
1080	-177
1083	-176
1087	-177
1090	-177
1094	-177
1097	-178
1100	-177
1103	-176
1105	-174
1109	-175
1111	-173
1109	-163
1102	-147
1098	-137
1098	-130
1099	-127
1103	-128
1106	-128
1109	-126
1112	-127
1117	-128
1121	-129
1124	-129
1127	-129
1130	-128
1132	-127
1135	-126
1139	-126
1142	-126
1145	-125
1149	-125
1152	-125
1156	-126
1159	-126
1163	-126
1168	-128
1204	-177
1207	-176
1211	-176
1214	-175
1218	-175
1222	-176
1224	-174
1225	-171
1227	-169
1230	-167
1234	-168
1240	-171
1244	-172
1249	-174
1253	-175
1257	-175
1262	-176
1265	-175
1269	-176
1270	-172
1271	-168
1273	-167
1277	-167
1285	-173
1292	-178
1297	-178
1300	-178
1306	-181
1312	-184
1315	-182
1318	-181
1322	-182
1325	-182
1329	-181
1329	-177
1332	-175
1337	-177
1340	-175
1343	-175
1351	-180
1352	-177
1357	-178
1361	-178
1363	-176
1367	-176
1372	-178
1380	-182
1382	-180
1385	-179
1387	-177
1389	-175
1392	-174
1395	-172
1397	-169
1400	-168
1407	-171
1416	-178
1418	-176
1422	-176
1426	-175
1430	-176
1435	-177
1437	-174
1439	-172
1442	-171
1446	-171
1449	-170
1453	-170
1458	-170
1461	-169
1464	-169
1468	-168
1470	-166
1476	-168
1485	-174
1489	-173
1496	-176
1502	-179
1506	-178
1510	-179
1516	-180
1521	-181
1522	-178
1522	-174
1524	-171
1525	-167
1536	-175
1544	-179
1549	-181
1560	-188
1564	-188
1567	-186
1568	-183
1574	-184
1558	-160
1561	-160
1566	-161
1572	-162
1577	-163
1584	-165
1588	-165
1598	-172
1600	-169
1604	-169
1608	-169
1612	-168
1616	-167
1619	-166
1621	-164
1624	-162
1629	-162
1634	-163
1638	-162
1641	-161
1645	-161
1648	-159
1653	-159
1657	-158
1660	-158
1664	-156
1671	-160
1680	-164
1682	-162
1684	-158
1689	-158
1694	-159
1696	-156
1697	-153
1702	-153
1708	-154
1713	-155
1717	-155
1722	-154
1726	-154
1729	-153
1734	-152
1738	-152
1742	-151
1745	-149
1759	-159
1761	-156
1766	-156
1771	-156
1777	-158
1781	-157
1785	-156
1796	-162
1797	-159
1801	-158
1812	-163
1814	-160
1815	-156
1817	-154
1819	-151
1822	-149
1827	-149
1831	-148
1836	-148
1838	-145
1848	-150
1854	-151
1861	-153
1870	-157
1875	-157
1878	-155
1868	-140
1871	-139
1884	-146
1886	-143
1889	-141
1892	-139
1895	-137
1899	-136
1903	-135
1908	-134
1912	-134
1927	-143
1935	-146
1937	-142
1940	-140
1944	-139
1952	-141
1960	-144
1965	-144
1970	-143
1972	-140
1974	-137
1979	-137
1989	-141
1993	-140
1999	-140
2005	-141
2006	-137
2009	-135
2011	-132
2014	-130
2018	-128
2022	-127
2025	-125
2027	-122
2031	-120
2034	-118
2054	-130
2044	-117
2047	-115
2071	-130
2081	-135
2091	-138
2098	-139
2100	-136
2105	-135
2111	-135
2115	-134
2088	-107
2100	-112
2113	-118
2123	-121
2126	-119
2136	-122
2139	-120
2139	-115
2143	-114
2148	-113
2151	-111
2155	-109
2176	-121
2192	-129
2194	-126
2195	-122
2196	-118
2202	-118
2209	-118
2216	-119
2220	-118
2223	-115
2225	-112
2244	-122
2243	-117
2252	-118
2257	-117
2242	-101
2243	-97
2246	-94
2247	-90
2248	-86
2256	-87
2278	-100
2295	-107
2297	-104
2301	-102
2310	-105
2325	-111
2326	-107
2321	-98
2336	-105
2344	-106
2348	-103
2351	-101
2354	-98
2357	-96
2360	-93
2363	-91
2368	-89
2381	-94
2390	-95
2398	-97
2406	-98
2408	-94
2409	-89
2409	-85
2410	-81
2412	-77
2413	-73
2412	-67
2412	-62
2414	-59
2416	-55
2416	-51
2415	-45
2416	-41
2416	-36
2416	-31
2416	-27
2417	-22
2416	-17
2416	-12
2418	-9
2419	-5
2421	-2
2424	2
2423	7
2423	12
2424	15
2424	20
2426	24
2426	28
2427	32
2429	36
2431	39
2430	44
2430	49
2430	54
2430	58
2431	62
2433	66
2431	72
2431	76
2432	80
2432	85
2432	89
2429	96
2430	100
2431	104
2430	109
2431	113
2432	117
2432	122
2431	127
2433	130
2435	133
2434	139
2434	143
2435	147
2437	150
2436	155
2434	161
2436	165
2437	168
2437	173
2438	176
2439	180
2440	185
2442	188
2443	192
2443	196
2443	200
2441	206
2441	210
2445	213
2446	216
2445	221
2445	226
2445	230
2444	235
2443	240
2445	243
2447	246
2448	250
2450	253
2452	257
2452	261
2452	265
2453	269
2453	273
2452	278
2452	283
2453	286
2454	290
2454	295
2453	299
2454	303
2455	307
2456	310
2457	314
2459	317
2459	322
2460	325
2461	329
2461	333
2463	337
2460	342
2460	347
2462	350
2464	353
2465	357
2466	360
2466	365
2464	370
2463	374
2467	377
2470	380
2471	383
2474	386
2475	390
2475	393
2476	397
2477	401
2477	405
2477	409
2477	414
2477	418
2478	421
2481	424
2482	428
2482	432
2484	435
2483	440
2483	444
2485	447
2488	450
2488	454
2487	458
2488	462
2491	465
2492	468
2492	472
2490	477
2488	482
2486	487
2498	486
2486	495
2490	498
2492	501
2494	504
2497	507
2498	510
2499	514
2502	517
2503	520
2505	523
2507	526
2507	530
2508	534
2509	538
2510	541
2510	545
2511	549
2512	552
2514	556
2514	559
2510	565
2514	568
2516	571
2514	576
2512	580
2514	584
2514	587
2515	591
2517	594
2518	598
2517	602
2514	607
2517	610
2520	613
2521	616
2523	620
2524	623
2524	627
2523	631
2523	636
2523	639
2523	643
2524	647
2526	650
2526	654
2526	658
2529	660
2530	664
2530	668
2531	671
2529	676
2528	681
2530	684
2534	686
2535	689
2537	693
2536	697
2537	700
2539	704
2539	707
2540	711
2542	714
2543	718
2544	721
2544	725
2544	729
2544	733
2546	736
2548	739
2550	742
2550	746
2549	750
2550	754
2549	758
2550	761
2551	765
2554	768
2555	771
2553	776
2554	779
2555	783
2555	787
2556	790
2555	794
2554	798
2555	802
2557	805
2558	808
2559	812
2558	816
2559	820
2560	823
2558	827
2558	831
2559	835
2559	838
2562	841
2563	845
2563	849
2563	852
2562	856
2562	860
2562	864
2561	868
2560	872
2561	876
2562	879
2564	882
2565	886
2566	889
2566	893
2567	896
2569	899
2571	903
2571	906
2570	910
2569	914
2569	918
2570	922
2571	925
2572	928
2572	932
2572	936
2573	939
2573	943
2573	947
2575	950
2576	953
2576	957
2577	961
2579	964
2579	968
2579	971
2581	974
2583	978
2584	981
2585	985
2585	988
2585	992
2587	995
2586	999
2585	1003
2586	1006
2587	1010
2587	1014
2587	1017
2589	1020
2590	1024
2591	1027
2593	1031
2590	1035
2589	1039
2591	1042
2591	1046
2592	1049
2593	1053
2594	1056
2592	1060
2593	1064
2595	1067
2596	1070
2597	1074
2596	1078
2593	1082
2593	1086
2595	1089
2596	1092
2596	1096
2595	1100
2596	1103
2600	1106
2600	1110
2597	1114
2600	1117
2603	1120
2605	1123
2605	1127
2605	1130
2605	1134
2606	1137
2606	1141
2608	1144
2610	1148
2611	1151
2612	1154
2612	1158
2611	1162
2611	1166
2613	1169
2614	1172
2615	1176
2615	1179
2615	1183
2618	1186
2618	1190
2618	1193
2619	1197
2618	1201
2617	1204
2619	1208
2621	1211
2621	1214
2622	1218
2623	1221
2623	1225
2624	1228
2625	1232
2626	1235
2625	1239
2626	1243
2627	1246
2627	1250
2628	1253
2627	1257
2628	1260
2628	1264
2630	1267
2631	1271
2631	1274
2632	1278
2633	1281
2635	1284
2633	1288
2633	1292
2633	1296
2635	1299
2636	1302
2638	1306
2638	1309
2638	1313
2638	1316
2641	1320
2643	1323
2642	1327
2641	1330
2643	1334
2645	1337
2646	1341
2646	1344
2645	1348
2645	1352
2644	1355
2645	1359
2645	1362
2640	1367
2644	1370
2647	1373
2648	1376
2649	1380
2651	1383
2650	1387
2651	1390
2652	1394
2652	1397
2653	1401
2653	1405
2653	1408
2654	1412
2653	1415
2652	1419
2652	1423
2653	1426
2652	1430
2653	1433
2653	1437
2651	1441
2651	1444
2652	1448
2654	1451
2655	1455
2655	1458
2657	1462
2659	1465
2658	1469
2655	1472
2655	1476
2657	1479
2658	1483
2660	1486
2661	1490
2661	1493
2661	1497
2659	1501
2660	1504
2661	1508
2663	1511
2664	1515
2665	1518
2666	1522
2666	1525
2667	1529
2667	1532
2668	1536
2669	1540
2670	1543
2669	1547
2668	1550
2670	1554
2673	1557
2674	1561
2674	1564
2673	1568
2671	1572
2671	1575
2674	1579
2676	1582
2676	1586
2676	1589
2676	1593
2676	1597
2676	1600
2675	1604
2675	1607
2675	1611
2675	1615
2675	1618
2676	1622
2677	1625
2676	1629
2674	1632
2675	1636
2677	1640
2680	1643
2681	1647
2681	1650
2681	1654
2681	1657
2683	1661
2684	1665
