2610	1674
2610	1678
2611	1681
2612	1685
2612	1688
2614	1692
2614	1699
2615	1703
2617	1706
2617	1710
2618	1713
2617	1717
2616	1720
2617	1724
2617	1727
2618	1731
2618	1734
2618	1738
2619	1741
2620	1745
2621	1748
2622	1752
2622	1755
2623	1759
2623	1762
2623	1766
2624	1769
2625	1773
2625	1777
2626	1780
2626	1784
2626	1787
2625	1791
2626	1794
2628	1798
2628	1801
2628	1805
2629	1809
2630	1812
2630	1816
2630	1819
2630	1823
2630	1826
2631	1830
2632	1833
2631	1837
2632	1840
2633	1844
2634	1848
2631	1851
2634	1855
2637	1859
2637	1862
2638	1866
2638	1869
2639	1873
2638	1876
2636	1880
2638	1883
2639	1887
2639	1891
2640	1894
2639	1898
2640	1901
2640	1905
2641	1909
2641	1912
2640	1916
2640	1919
2642	1923
2644	1927
2644	1930
2643	1934
2642	1937
2640	1941
2642	1944
2644	1948
2644	1952
2645	1955
2645	1959
2645	1963
2646	1966
2647	1970
2647	1974
2646	1977
2645	1981
2645	1984
2646	1988
2647	1992
2646	1995
2645	1999
2647	2002
2646	2006
2646	2009
2646	2013
2647	2017
2648	2020
2647	2024
2649	2028
2650	2032
2651	2035
2650	2039
2650	2042
2651	2046
2651	2050
2651	2053
2650	2057
2652	2061
2653	2065
2654	2068
2651	2072
2651	2075
2652	2079
2651	2082
2650	2086
2653	2090
2655	2094
2657	2098
2660	2102
2660	2106
2660	2109
2658	2113
2656	2116
2655	2119
2658	2124
2659	2127
2655	2130
2653	2134
2653	2137
2655	2141
2657	2145
2658	2149
2659	2153
2659	2157
2658	2160
2658	2164
2657	2167
2656	2171
2655	2174
2657	2178
2656	2182
2656	2186
2656	2189
2657	2193
2659	2197
2660	2201
2659	2205
2657	2208
2656	2211
2657	2215
2657	2219
2658	2223
2658	2227
2657	2230
2659	2234
2658	2238
2659	2242
2660	2245
2659	2249
2660	2253
2660	2257
2661	2261
2660	2264
2660	2268
2660	2272
2660	2275
2660	2279
2660	2283
2660	2287
2659	2290
2660	2294
2661	2298
2661	2302
2660	2305
2659	2309
2660	2313
2661	2317
2661	2320
2661	2324
2660	2328
2660	2332
2659	2335
2660	2339
2659	2343
2661	2347
2663	2351
2662	2355
2661	2358
2660	2362
2659	2365
2659	2369
2659	2373
2659	2377
2658	2380
2658	2384
2659	2388
2658	2392
2659	2396
2660	2400
2660	2404
2660	2407
2660	2411
2661	2415
2661	2419
2660	2423
2661	2427
2661	2431
2660	2434
2660	2438
2660	2442
2660	2446
2660	2450
2659	2453
2661	2457
2662	2462
2660	2465
2661	2469
2662	2473
2662	2477
2660	2481
2659	2484
2660	2488
2661	2492
2661	2496
2660	2500
2660	2504
2659	2507
2660	2511
2661	2516
2661	2520
2661	2523
2661	2527
2662	2532
2664	2536
2665	2540
2665	2544
2665	2548
2663	2551
2662	2555
2663	2559
2663	2563
2664	2568
2663	2571
2666	2576
2666	2580
2666	2584
2665	2588
2664	2591
2664	2595
2664	2599
2666	2604
2668	2608
2668	2613
2670	2617
2671	2621
2669	2625
2670	2629
2671	2633
2669	2637
2670	2641
2668	2644
2668	2649
2669	2653
2669	2657
2668	2661
2671	2666
2670	2669
2668	2673
2669	2677
2670	2681
2669	2685
2670	2690
2672	2694
2673	2699
2672	2703
2673	2707
2674	2712
2675	2716
2675	2720
2673	2723
2672	2727
2671	2731
2674	2736
2673	2740
2673	2744
2672	2748
2674	2752
2674	2757
2678	2762
2676	2766
2676	2770
2677	2774
2678	2779
2680	2784
2679	2788
2678	2791
2677	2795
2678	2800
2677	2804
2676	2807
2675	2811
2677	2816
2674	2819
2677	2825
2677	2829
2677	2833
2678	2838
2680	2842
2679	2846
2679	2851
2680	2855
2680	2860
2680	2864
2680	2868
2679	2872
2679	2876
2680	2881
2683	2886
2682	2890
2680	2894
2680	2898
2682	2903
2683	2908
2682	2912
2682	2916
2683	2921
2682	2925
2682	2929
2682	2934
2683	2938
2684	2943
2685	2948
2685	2952
2684	2956
2683	2960
2684	2965
2683	2969
2682	2973
2680	2976
2680	2981
2681	2985
2681	2990
2682	2994
2682	2999
2681	3003
2680	3007
2680	3011
2681	3016
2680	3020
2681	3025
2681	3030
2680	3034
2680	3038
2680	3042
2681	3048
2681	3052
2682	3057
2681	3061
2683	3067
2684	3071
2684	3076
2683	3080
2685	3085
2686	3090
2687	3095
2686	3099
2685	3103
2685	3108
2686	3113
2682	3116
2667	3113
2643	3105
2625	3099
2616	3099
2612	3102
2609	3105
2608	3108
2608	3113
2610	3119
2685	3172
2685	3177
2685	3182
2685	3187
2685	3191
2684	3196
2684	3200
2684	3205
2685	3210
2684	3214
2686	3220
2687	3225
2686	3230
2686	3234
2685	3238
2685	3243
2684	3247
2683	3251
2684	3257
2684	3262
2684	3266
2684	3271
2684	3276
2684	3281
2682	3285
2681	3289
2683	3294
2682	3299
2682	3304
2681	3308
2680	3312
2681	3317
2682	3323
2682	3328
2683	3333
2681	3337
2681	3342
2681	3347
2681	3352
2680	3356
2680	3361
2680	3366
2679	3370
2678	3374
2678	3380
2678	3385
2679	3390
2678	3395
2678	3399
2678	3404
2677	3409
2676	3413
2675	3418
2677	3424
2676	3428
2676	3433
2676	3439
2676	3443
2677	3449
2677	3454
2677	3459
2678	3465
2677	3469
2676	3474
2676	3479
2675	3483
2675	3489
2674	3493
2675	3499
2675	3504
2672	3507
2672	3512
2674	3519
2675	3525
2675	3530
2674	3534
2672	3538
2672	3544
2673	3550
2673	3555
2671	3559
2671	3564
2672	3570
2671	3575
2671	3580
2676	3589
2675	3593
2675	3598
2673	3602
2673	3608
2671	3612
2670	3616
2670	3622
2670	3627
2669	3632
2668	3637
2668	3642
2667	3647
2666	3651
2665	3656
2667	3663
2667	3668
2666	3673
2666	3678
2664	3682
2663	3687
2663	3693
2663	3698
2663	3704
2662	3708
2660	3713
2660	3718
2659	3723
2658	3728
2657	3732
2657	3738
2657	3744
2656	3748
2655	3754
2655	3759
2654	3764
2654	3769
2653	3774
2652	3779
2653	3785
2652	3791
2651	3796
2650	3800
2650	3806
2650	3812
2649	3817
2649	3823
2648	3827
2647	3832
2645	3837
2645	3842
2644	3848
2643	3853
2642	3857
2641	3862
2640	3868
2640	3873
2640	3879
2640	3885
2644	3894
2644	3900
2639	3902
2627	3898
2619	3898
2617	3901
2614	3905
2612	3910
2623	3925
2632	3938
2631	3943
2631	3949
2630	3954
2628	3958
2626	3963
2626	3969
2625	3974
2623	3979
2623	3984
2622	3990
2620	3995
2618	3999
2617	4004
2616	4009
2615	4014
2615	4021
2613	4025
2613	4031
2610	4035
2610	4041
2609	4046
2606	4050
2606	4056
2604	4061
2602	4065
2601	4070
2598	4074
2596	4078
2594	4083
2593	4088
2593	4094
2592	4100
2590	4105
2589	4110
2587	4115
2586	4120
2585	4126
2584	4131
2582	4136
2581	4141
2578	4145
2576	4149
2574	4154
2572	4158
2570	4163
2568	4168
2566	4173
2565	4178
2568	4187
2297	3936
2293	3939
2289	3940
2277	3935
2279	3942
2288	3957
2284	3960
2558	4244
2549	4242
2547	4246
2545	4251
2543	4256
2540	4260
2538	4265
2536	4269
2533	4273
2531	4278
2528	4281
2524	4285
2521	4288
2518	4292
2515	4296
2511	4299
2508	4302
2506	4307
2503	4311
2500	4315
2498	4319
2496	4324
2492	4328
2489	4331
2486	4335
2483	4339
2481	4344
2479	4349
2476	4352
2472	4355
2469	4359
2466	4363
2464	4367
2461	4371
2458	4376
2456	4380
2455	4386
2453	4391
2450	4395
2448	4400
2444	4403
2441	4407
2441	4414
2438	4418
2433	4420
2430	4423
2427	4427
2424	4431
2420	4435
2418	4439
2415	4443
2412	4447
2411	4453
2407	4456
2404	4460
2401	4464
2398	4467
2395	4471
2392	4475
2389	4480
2386	4483
2382	4486
2378	4490
2376	4494
2374	4499
2371	4503
2367	4506
2363	4509
2359	4512
2354	4513
2350	4517
2347	4520
2344	4524
2340	4527
2336	4530
2332	4532
2327	4535
2323	4538
2319	4540
2315	4543
2312	4546
2309	4551
2305	4554
2301	4556
2297	4560
2293	4563
2290	4566
2288	4571
2284	4574
2280	4577
2277	4581
2275	4586
2271	4589
2266	4591
2263	4595
2261	4600
2258	4604
2254	4607
2250	4609
2246	4612
2244	4618
2241	4622
2237	4625
2233	4627
2230	4631
2226	4634
2223	4638
2220	4642
2216	4645
2212	4649
2210	4654
2206	4656
2202	4659
2198	4662
2195	4666
2192	4670
2189	4674
2186	4679
2183	4683
2179	4686
2175	4689
2170	4691
2168	4695
2166	4700
2162	4703
2158	4707
2156	4712
2152	4715
2148	4718
2144	4721
2139	4722
2134	4724
2129	4726
2125	4729
2122	4732
2119	4737
2116	4741
2112	4744
2109	4748
2106	4752
2105	4759
2101	4763
2098	4767
2094	4769
2091	4774
2087	4777
2084	4781
2080	4784
2077	4788
2073	4791
2069	4794
2064	4796
2060	4798
2056	4801
2052	4804
2050	4810
2046	4812
2042	4815
2038	4819
2035	4822
2031	4826
2028	4829
2022	4830
2018	4833
2014	4836
2011	4840
2010	4847
2007	4852
2004	4856
2000	4859
1995	4861
1991	4864
1988	4868
1984	4871
1981	4875
1977	4879
1972	4881
1969	4884
1965	4887
1961	4890
1957	4894
1954	4897
1949	4899
1945	4902
1942	4906
1939	4911
1937	4918
1934	4922
1929	4924
1924	4925
1920	4928
1916	4931
1912	4935
1909	4939
1906	4943
1901	4945
1896	4947
1892	4949
1887	4951
1883	4953
1879	4956
1875	4960
1871	4963
1868	4966
1863	4968
1858	4971
1854	4973
1850	4976
1846	4979
1841	4981
1837	4983
1833	4986
1829	4989
1824	4991
1820	4994
1815	4995
1810	4996
1806	4999
1802	5002
1798	5005
1794	5009
1791	5013
1787	5016
1783	5018
1779	5022
1775	5025
1771	5028
1766	5029
1762	5032
1758	5036
1754	5039
1750	5041
1746	5045
1742	5048
1737	5050
1733	5053
1729	5057
1725	5060
1722	5064
1718	5067
1714	5069
1709	5072
1704	5073
1699	5074
1695	5077
1691	5079
1687	5082
1682	5085
1678	5087
1674	5090
1671	5096
1668	5102
1664	5105
1659	5106
1655	5108
1650	5110
1646	5113
1642	5117
1638	5120
1633	5122
1629	5123
1624	5126
1620	5129
1616	5132
1612	5135
1608	5138
1604	5142
1600	5145
1595	5147
1591	5150
1587	5152
1583	5155
1579	5158
1574	5159
1569	5162
1565	5165
1561	5169
1557	5171
1553	5174
1548	5176
1543	5177
1539	5180
1535	5183
1530	5184
1525	5185
1520	5187
1515	5189
1511	5192
1506	5194
1501	5193
1496	5194
1491	5196
1487	5199
1483	5202
1478	5204
1474	5207
1470	5210
1465	5213
1461	5215
1457	5219
1453	5223
1448	5224
1442	5223
1438	5226
1434	5229
1430	5231
1425	5232
1420	5234
1415	5235
1410	5236
1405	5238
1401	5242
1397	5244
1392	5247
1388	5249
1384	5253
1380	5255
1375	5257
1370	5258
1365	5260
1361	5262
1356	5265
1352	5268
1347	5269
1342	5270
1338	5272
1333	5274
1327	5274
1323	5276
1318	5277
1313	5279
1308	5278
1302	5279
1298	5283
1294	5286
1290	5289
1286	5292
1281	5295
1277	5297
1272	5299
1268	5302
1264	5305
1259	5307
1255	5310
1250	5311
1245	5312
1241	5315
1236	5317
1231	5318
1227	5321
1222	5323
1217	5324
1212	5326
1208	5328
1203	5330
1199	5333
1194	5335
1189	5336
1185	5339
1180	5342
1175	5343
1171	5346
1167	5349
1162	5352
1159	5356
1153	5356
1148	5357
1144	5360
1140	5364
1135	5367
1131	5370
1126	5372
1122	5375
1117	5377
1113	5380
1109	5383
1105	5387
1100	5391
1096	5393
1091	5396
1087	5397
1082	5400
1077	5402
1073	5406
1068	5407
1063	5409
1059	5410
1053	5411
1048	5411
1043	5413
1038	5413
1033	5414
1028	5416
1024	5418
1019	5421
1015	5423
1010	5424
1005	5425
1000	5427
995	5429
990	5431
986	5432
980	5433
975	5434
970	5435
965	5436
961	5438
956	5441
951	5442
947	5444
942	5446
937	5448
932	5450
928	5452
923	5455
918	5456
913	5458
908	5459
903	5461
899	5462
894	5463
889	5464
884	5466
879	5467
874	5469
869	5470
864	5471
859	5473
854	5474
849	5474
844	5475
839	5476
834	5477
829	5477
824	5478
819	5479
814	5481
809	5482
804	5484
800	5487
795	5491
791	5494
786	5497
782	5499
777	5501
772	5503
767	5506
763	5509
758	5512
754	5515
749	5518
744	5520
739	5522
734	5524
730	5528
725	5530
720	5532
715	5533
711	5535
705	5535
700	5535
695	5536
690	5538
685	5540
680	5542
675	5543
671	5545
666	5546
660	5546
655	5546
650	5548
645	5549
640	5549
635	5549
630	5549
625	5551
620	5554
615	5556
610	5557
605	5558
600	5558
595	5558
589	5557
584	5557
579	5557
574	5557
568	5557
563	5557
558	5558
553	5559
548	5558
542	5555
537	5553
531	5552
526	5553
521	5555
517	5558
512	5560
507	5562
502	5563
497	5564
492	5563
487	5564
482	5565
477	5567
472	5567
466	5568
461	5569
456	5569
451	5572
447	5574
442	5575
437	5577
432	5578
426	5578
421	5580
416	5581
411	5580
406	5582
401	5583
396	5584
391	5585
386	5584
381	5585
376	5586
371	5587
366	5589
361	5589
355	5588
350	5587
345	5588
340	5589
335	5589
330	5590
325	5591
319	5590
314	5590
309	5591
304	5593
299	5594
294	5592
289	5592
283	5592
278	5590
273	5591
268	5590
263	5589
257	5586
252	5585
247	5584
242	5583
236	5584
231	5584
226	5584
221	5586
216	5587
211	5587
206	5589
201	5589
196	5587
190	5584
185	5583
180	5585
175	5586
170	5587
165	5588
160	5589
155	5588
150	5588
145	5589
140	5589
134	5590
129	5591
124	5590
119	5587
114	5587
109	5589
104	5592
99	5594
94	5594
89	5594
83	5593
78	5594
73	5593
68	5593
63	5592
58	5592
53	5593
48	5593
42	5592
37	5591
32	5589
27	5586
22	5585
17	5584
12	5584
7	5584
1	5582
-4	5580
-9	5580
-14	5580
-19	5581
-24	5582
-29	5583
-34	5582
-39	5582
-44	5581
-50	5578
-55	5576
-60	5576
-65	5576
-70	5576
-75	5576
-80	5576
-85	5575
-90	5575
-95	5584
-100	5012
-104	5014
-109	5015
-113	5014
-117	5010
-122	5011
-126	5012
-130	5013
-135	5011
-139	5000
-143	4994
-147	4993
-152	4993
-156	4992
-160	4990
-164	4989
-169	4989
-173	4992
-178	4997
-182	5005
-187	5010
-191	5011
-196	5010
-200	5010
-204	5011
-209	5015
-213	5012
-258	5570
-263	5569
-268	5569
-273	5569
-278	5567
-283	5564
-288	5563
-293	5563
-298	5562
-303	5562
-309	5564
-314	5563
-319	5563
-324	5563
-329	5562
-334	5561
-339	5561
-344	5560
-349	5560
-354	5559
-359	5557
-364	5556
-369	5553
-374	5552
-379	5553
-384	5553
-389	5555
-395	5555
-400	5555
-405	5554
-410	5551
-414	5550
-419	5548
-425	5549
-430	5548
-435	5548
-440	5545
-444	5543
-449	5541
-454	5540
-459	5539
-464	5539
-469	5537
-474	5536
-479	5534
-484	5535
-489	5535
-494	5533
-499	5530
-504	5529
-509	5530
-514	5531
-520	5533
-525	5534
-530	5534
-535	5533
-540	5532
-545	5532
-550	5533
-555	5532
-560	5531
-565	5529
-570	5527
-575	5527
-580	5526
-585	5524
-590	5523
-595	5521
-600	5519
-604	5517
-609	5516
-615	5521
-620	5521
-625	5520
-630	5517
-635	5514
-640	5516
-645	5516
-650	5513
-655	5509
-659	5508
-664	5506
-669	5505
-674	5504
-679	5503
-684	5501
-689	5498
-693	5495
-698	5495
-704	5496
-709	5496
-714	5496
-719	5496
-724	5496
-729	5495
-734	5493
-739	5491
-744	5490
-749	5491
-754	5490
-759	5489
-763	5486
-768	5483
-773	5481
-778	5480
-782	5478
-788	5478
-792	5475
-796	5469
-801	5467
-806	5466
-810	5464
-816	5464
-821	5463
-825	5461
-830	5458
-834	5455
-839	5454
-845	5456
-850	5458
-855	5455
-859	5451
-864	5448
-868	5446
-874	5446
-879	5445
-884	5445
-889	5445
-894	5444
-899	5444
-904	5445
-910	5446
-915	5446
-920	5444
-924	5442
-930	5443
-935	5442
-940	5443
-945	5442
-950	5440
-955	5439
-959	5437
-964	5435
-969	5433
-974	5433
-979	5434
-984	5432
-989	5432
-995	5432
-999	5431
-1004	5427
-1008	5422
-1012	5419
-1017	5418
-1022	5417
-1027	5415
-1032	5414
-1037	5413
-1041	5411
-1046	5408
-1050	5405
-1055	5403
-1060	5402
-1064	5399
-1069	5398
-1074	5396
-1078	5394
-1083	5391
-1088	5390
-1093	5390
-1098	5391
-1104	5391
-1108	5388
-1113	5386
-1118	5386
-1122	5383
-1127	5381
-1132	5380
-1137	5379
-1142	5378
-1146	5373
-1149	5368
-1153	5363
-1157	5359
-1161	5355
-1166	5354
-1171	5354
-1177	5356
-1182	5356
-1188	5357
-1193	5355
-1197	5354
-1202	5351
-1207	5351
-1212	5349
-1217	5349
-1222	5349
-1227	5348
-1232	5346
-1237	5345
-1242	5344
-1247	5343
-1251	5341
-1256	5338
-1260	5336
-1265	5333
-1269	5332
-1274	5330
-1279	5328
-1283	5325
-1288	5323
-1293	5323
-1298	5321
-1303	5322
-1309	5325
-1315	5324
-1319	5321
-1324	5321
-1329	5319
-1333	5316
-1338	5315
-1343	5314
-1348	5313
-1353	5313
-1358	5310
-1362	5308
-1367	5307
-1371	5304
-1376	5301
-1380	5299
-1385	5298
-1390	5296
-1394	5293
-1399	5291
-1402	5286
-1407	5284
-1412	5284
-1417	5282
-1422	5281
-1427	5280
-1432	5278
-1436	5277
-1441	5275
-1445	5272
-1450	5270
-1455	5268
-1459	5267
-1464	5265
-1468	5261
-1472	5257
-1477	5256
-1482	5255
-1487	5255
-1493	5255
-1498	5254
-1502	5252
-1507	5249
-1511	5246
-1515	5243
-1519	5240
-1524	5239
-1528	5236
-1533	5235
-1538	5233
-1543	5232
-1547	5229
-1552	5227
-1557	5225
-1561	5222
-1564	5217
-1568	5215
-1573	5213
-1578	5211
-1582	5209
-1587	5207
-1591	5205
-1595	5201
-1599	5198
-1604	5195
-1608	5193
-1614	5194
-1619	5193
-1623	5189
-1627	5186
-1630	5181
-1634	5178
-1639	5175
-1643	5172
-1647	5170
-1652	5168
-1656	5166
-1661	5164
-1666	5163
-1670	5160
-1675	5157
-1680	5156
-1685	5156
-1690	5155
-1694	5153
-1699	5150
-1704	5148
-1708	5146
-1713	5144
-1717	5141
-1721	5138
-1725	5135
-1730	5134
-1736	5134
-1741	5133
-1745	5130
-1749	5127
-1752	5123
-1757	5120
-1762	5120
-1767	5119
-1772	5116
-1775	5112
-1779	5109
-1784	5107
-1788	5104
-1790	5098
-1793	5093
-1797	5090
-1800	5083
-1804	5080
-1809	5079
-1812	5076
-1816	5072
-1821	5070
-1825	5067
-1829	5065
-1834	5062
-1838	5060
-1843	5058
-1846	5054
-1851	5053
-1856	5051
-1860	5048
-1865	5047
-1870	5046
-1875	5044
-1878	5040
-1882	5036
-1887	5035
-1891	5033
-1896	5030
-1900	5027
-1903	5024
-1906	5019
-1911	5016
-1916	5015
-1921	5014
-1926	5013
-1931	5011
-1935	5008
-1939	5005
-1942	5001
-1946	4998
-1950	4995
-1954	4992
-1957	4988
-1961	4984
-1964	4979
-1967	4974
-1970	4970
-1974	4966
-1977	4962
-1980	4958
-1984	4955
-1988	4950
-1991	4946
-1995	4944
-1999	4941
-2004	4939
-2008	4937
-2013	4934
-2016	4930
-2019	4926
-2023	4923
-2028	4922
-2032	4919
-2036	4916
-2042	4916
-2044	4910
-2049	4909
-2054	4908
-2059	4905
-2063	4903
-2066	4899
-2071	4896
-2075	4894
-2079	4891
-2082	4887
-2087	4886
-2092	4883
-2096	4881
-2100	4878
-2103	4874
-2107	4870
-2112	4869
-2116	4866
-2119	4862
-2123	4858
-2127	4857
-2132	4855
-2136	4851
-2139	4848
-2143	4844
-2147	4841
-2151	4839
-2155	4836
-2160	4834
-2164	4831
-2167	4827
-2171	4824
-2176	4822
-2179	4819
-2182	4814
-2185	4809
-2187	4804
-2190	4799
-2193	4795
-2197	4792
-2201	4788
-2205	4786
-2208	4782
-2212	4778
-2216	4776
-2220	4773
-2223	4769
-2227	4765
-2230	4762
-2235	4760
-2238	4756
-2241	4752
-2246	4750
-2249	4746
-2253	4743
-2256	4739
-2260	4736
-2264	4733
-2268	4730
-2272	4727
-2276	4724
-2279	4720
-2282	4717
-2287	4715
-2290	4710
-2294	4707
-2296	4703
-2300	4699
-2304	4696
-2308	4693
-2310	4689
-2314	4686
-2317	4681
-2320	4677
-2324	4674
-2329	4672
-2334	4671
-2338	4668
-2341	4664
-2344	4660
-2348	4657
-2351	4653
-2354	4649
-2360	4648
-2363	4645
-2366	4641
-2368	4635
-2372	4632
-2377	4630
-2381	4627
-2383	4623
-2388	4620
-2393	4619
-2397	4616
-2398	4610
-2400	4604
-2402	4600
-2407	4598
-2412	4596
-2416	4593
-2418	4587
-2421	4583
-2424	4580
-2426	4575
-2430	4571
-2434	4569
-2438	4566
-2440	4560
-2441	4555
-2445	4552
-2449	4549
-2452	4545
-2455	4541
-2459	4538
-2462	4534
-2464	4529
-2467	4525
-2471	4522
-2474	4518
-2477	4513
-2478	4508
-2482	4505
-2485	4501
-2487	4496
-2489	4491
-2493	4488
-2496	4484
-2499	4481
-2502	4477
-2506	4473
-2510	4470
-2513	4466
-2516	4462
-2519	4459
-2521	4454
-2523	4449
-2526	4444
-2530	4442
-2534	4439
-2538	4436
-2540	4431
-2542	4427
-2546	4423
-2549	4420
-2553	4417
-2556	4413
-2558	4408
-2560	4403
-2563	4399
-2567	4396
-2568	4391
-2572	4388
-2576	4385
-2579	4381
-2582	4377
-2585	4373
-2589	4370
-2591	4365
-2594	4362
-2596	4357
-2598	4353
-2603	4350
-2607	4348
-2609	4343
-2611	4338
-2615	4335
-2618	4331
-2620	4326
-2622	4322
-2624	4317
-2626	4312
-2629	4308
-2630	4302
-2631	4297
-2634	4293
-2637	4289
-2639	4284
-2642	4281
-2646	4277
-2646	4270
-2647	4266
-2652	4264
-2656	4261
-2658	4256
-2660	4251
-2662	4247
-2665	4243
-2668	4239
-2669	4234
-2669	4227
-2674	4225
-2680	4224
-2683	4220
-2685	4216
-2686	4210
-2688	4205
-2690	4201
-2693	4197
-2695	4192
-2697	4188
-2700	4183
-2703	4180
-2705	4176
-2709	4173
-2710	4167
-2714	4164
-2715	4159
-2717	4154
-2719	4150
-2722	4146
-2725	4143
-2728	4138
-2732	4136
-2733	4130
-2733	4124
-2736	4120
-2739	4117
-2742	4113
-2746	4110
-2748	4106
-2749	4100
-2749	4094
-2752	4090
-2755	4086
-2758	4083
-2760	4078
-2762	4074
-2764	4069
-2767	4065
-2770	4062
-2772	4058
-2775	4054
-2777	4049
-2778	4044
-2781	4040
-2779	4033
-2780	4027
-2782	4022
-2782	4017
-2781	4009
-2782	4005
-2785	4001
-2788	3997
-2792	3994
-2795	3991
-2797	3987
-2800	3983
-2803	3979
-2803	3973
-2803	3967
-2805	3962
-2807	3958
-2809	3954
-2811	3950
-2812	3944
-2813	3939
-2816	3936
-2818	3931
-2820	3927
-2822	3922
-2823	3917
-2824	3912
-2825	3907
-2828	3904
-2831	3900
-2833	3896
-2836	3892
-2837	3887
-2839	3883
-2838	3876
-2840	3872
-2843	3868
-2844	3863
-2845	3858
-2849	3855
-2852	3851
-2853	3846
-2853	3841
-2854	3836
-2856	3831
-2857	3826
-2858	3822
-2862	3818
-2864	3814
-2863	3808
-2865	3804
-2869	3801
-2872	3797
-2871	3791
-2872	3786
-2874	3782
-2877	3778
-2877	3773
-2878	3767
-2879	3762
-2881	3758
-2882	3753
-2883	3748
-2885	3744
-2882	3737
-2884	3732
-2884	3727
-2882	3719
-2881	3713
-2883	3709
-2884	3704
-2882	3698
-2882	3692
-2884	3687
-2885	3683
-2885	3678
-2882	3670
-2882	3664
-2884	3660
-2883	3654
-2881	3647
-2882	3642
-2882	3637
-2884	3633
-2885	3628
-2885	3623
-2884	3617
-2883	3611
-2885	3606
-2887	3602
-2888	3598
-2887	3591
-2887	3586
-2888	3582
-2888	3576
-2887	3570
-2889	3566
-2891	3562
-2890	3556
-2889	3550
-2890	3545
-2890	3541
-2890	3535
-2890	3530
-2890	3525
-2891	3520
-2892	3516
-2891	3510
-2890	3504
-2886	3496
-2888	3492
-2891	3488
-2894	3485
-2895	3480
-2895	3475
-2895	3470
-2897	3466
-2896	3461
-2897	3456
-2898	3451
-2898	3447
-2898	3441
-2898	3436
-2897	3430
-2893	3423
-2893	3418
-2892	3412
-2891	3407
-2892	3402
-2892	3397
-2893	3392
-2893	3388
-2894	3383
-2893	3378
-2893	3372
-2894	3368
-2894	3363
-2895	3359
-2895	3354
-2890	3346
-2891	3341
-2891	3336
-2892	3332
-2894	3328
-2894	3323
-2893	3318
-2892	3312
-2893	3308
-2892	3302
-2892	3297
-2891	3292
-2891	3287
-2890	3282
-2890	3277
-2890	3272
-2888	3266
-2889	3262
-2890	3257
-2890	3253
-2889	3247
-2887	3241
-2887	3236
-2888	3232
-2889	3228
-2891	3224
-2890	3219
-2890	3214
-2889	3209
-2890	3205
-2885	3197
-2884	3192
-2886	3188
-2888	3184
-2888	3180
-2888	3175
-2886	3170
-2886	3164
-2886	3160
-2888	3156
-2885	3150
-2884	3145
-2885	3141
-2885	3136
-2885	3131
-2879	3124
-2880	3119
-2879	3114
-2879	3110
-2879	3105
-2875	3099
-2873	3093
-2872	3088
-2872	3083
-2871	3078
-2872	3074
-2873	3070
-2870	3064
-2868	3058
-2867	3053
-2867	3049
-2866	3044
-2864	3038
-2863	3033
-2862	3028
-2862	3024
-2861	3019
-2862	3015
-2861	3010
-2860	3005
-2859	3000
-2857	2995
-2856	2990
-2856	2985
-2857	2981
-2851	2974
-2850	2969
-2850	2965
-2850	2960
-2849	2956
-2845	2949
-2842	2944
-2843	2940
-2844	2936
-2844	2932
-2844	2927
-2842	2922
-2842	2917
-2841	2913
-2841	2909
-2839	2903
-2840	2899
-2840	2895
-2839	2890
-2837	2885
-2837	2881
-2837	2876
-2835	2872
-2833	2866
-2834	2862
-2833	2858
-2829	2852
-2830	2848
-2831	2844
-2830	2840
-2827	2834
-2827	2830
-2827	2825
-2826	2821
-2826	2817
-2825	2812
-2823	2807
-2823	2803
-2822	2798
-2819	2793
-2816	2787
-2816	2783
-2812	2778
-2810	2773
-2807	2767
-2802	2761
-2802	2757
-2802	2753
-2799	2748
-2798	2743
-2799	2740
-2801	2736
-2799	2731
-2797	2726
-2795	2722
-2796	2718
-2796	2714
-2798	2710
-2798	2706
-2796	2701
-2794	2697
-2793	2692
-2792	2688
-2790	2683
-2789	2679
-2786	2674
-2787	2670
-2786	2666
-2784	2661
-2785	2657
-2785	2653
-2783	2648
-2780	2643
-2780	2639
-2779	2635
-2778	2631
-2776	2626
-2775	2622
-2776	2618
-2778	2615
-2777	2610
-2775	2606
-2773	2601
-2773	2597
-2774	2594
-2775	2590
-2774	2586
-2772	2581
-2771	2577
-2770	2573
-2770	2569
-2768	2564
-2769	2561
-2769	2557
-2769	2553
-2769	2549
-2769	2545
-2768	2541
-2768	2537
-2768	2533
-2767	2529
-2766	2525
-2765	2521
-2764	2516
-2763	2512
-2763	2508
-2760	2504
-2761	2500
-2758	2495
-2757	2491
-2759	2488
-2760	2484
-2758	2480
-2757	2476
-2755	2471
-2753	2467
-2754	2463
-2754	2460
-2753	2456
-2752	2452
-2751	2448
-2748	2443
-2747	2439
-2746	2435
-2745	2431
-2745	2427
-2744	2423
-2743	2419
-2742	2415
-2739	2410
-2738	2406
-2740	2403
-2740	2399
-2739	2395
-2737	2391
-2737	2387
-2738	2384
-2736	2380
-2733	2375
-2731	2371
-2733	2368
-2734	2364
-2734	2360
-2734	2357
-2731	2352
-2729	2348
-2729	2344
-2729	2341
-2729	2337
-2727	2333
-2727	2329
-2726	2325
-2724	2321
-2721	2317
-2722	2313
-2723	2310
-2722	2306
-2721	2302
-2717	2297
-2713	2293
-2714	2289
-2717	2286
-2718	2283
-2718	2279
-2719	2276
-2718	2272
-2712	2267
-2711	2263
-2712	2260
-2710	2256
-2711	2252
-2713	2249
-2713	2246
-2711	2242
-2710	2238
-2709	2234
-2708	2230
-2708	2227
-2707	2223
-2705	2219
-2704	2215
-2704	2211
-2703	2207
-2702	2204
-2702	2200
-2700	2196
-2698	2192
-2697	2189
-2697	2185
-2697	2181
-2697	2178
-2698	2174
-2696	2171
-2695	2167
-2694	2163
-2694	2160
-2692	2156
-2692	2152
-2690	2148
-2689	2144
-2687	2140
-2685	2137
-2684	2133
-2683	2129
-2683	2126
-2685	2122
-2683	2119
-2682	2115
-2679	2111
-2678	2107
-2677	2104
-2677	2100
-2676	2096
-2675	2093
-2675	2089
-2674	2086
-2673	2082
-2672	2079
-2672	2075
-2672	2072
-2673	2068
-2670	2064
-2669	2061
-2669	2057
-2668	2054
-2666	2050
-2665	2046
-2664	2043
-2665	2039
-2664	2036
-2663	2032
-2664	2029
-2662	2025
-2661	2021
-2660	2018
-2660	2014
-2659	2011
-2657	2007
-2655	2003
-2656	2000
-2653	1996
-2650	1993
-2651	1989
-2649	1986
-2650	1982
-2649	1979
-2648	1975
-2647	1972
-2646	1968
-2645	1965
-2644	1961
-2644	1958
-2646	1954
-2644	1951
-2643	1947
-2643	1944
-2640	1940
-2639	1937
-2639	1933
-2638	1930
-2637	1926
-2636	1923
-2635	1919
-2633	1916
-2632	1912
-2633	1909
-2633	1906
-2633	1902
-2633	1899
-2632	1895
-2630	1892
-2626	1888
-2626	1885
-2627	1882
-2626	1878
-2625	1875
-2625	1871
-2624	1868
-2619	1864
-2618	1861
-2621	1858
-2622	1854
-2621	1851
-2618	1847
-2617	1844
-2615	1840
-2614	1837
-2612	1834
-2611	1830
-2609	1827
-2609	1823
-2607	1820
-2606	1817
-2605	1813
-2605	1810
-2604	1807
-2603	1803
-2603	1800
-2602	1796
-2600	1793
-2600	1790
-2601	1786
-2600	1783
-2599	1780
-2600	1776
-2598	1773
-2596	1770
-2594	1766
-2593	1763
-2593	1760
-2593	1756
-2593	1753
-2591	1750
-2589	1746
-2590	1743
-2589	1740
-2588	1736
-2585	1733
-2584	1730
-2584	1726
-2583	1723
-2581	1720
-2580	1716
-2580	1713
-2579	1710
-2577	1707
-2576	1703
-2576	1700
-2575	1697
-2573	1693
-2572	1690
-2572	1687
-2571	1684
-2570	1680
-2570	1677
-2569	1674
-2568	1670
-2567	1667
-2567	1664
-2566	1661
-2565	1657
-2563	1654
-2563	1651
-2563	1648
-2563	1644
-2562	1641
-2561	1638
-2561	1635
-2559	1631
-2558	1628
-2558	1625
-2557	1622
-2556	1618
-2554	1615
-2552	1612
-2551	1609
-2549	1606
-2548	1602
-2546	1599
-2546	1596
-2545	1593
-2544	1590
-2544	1586
-2544	1583
-2543	1580
-2542	1577
-2540	1573
-2539	1570
-2538	1567
-2537	1564
-2537	1561
-2536	1557
-2534	1554
-2534	1551
-2533	1548
-2532	1545
-2531	1542
-2529	1538
-2528	1535
-2527	1532
-2525	1529
-2524	1526
-2523	1523
-2523	1519
-2521	1516
-2521	1513
-2522	1510
-2520	1507
-2520	1503
-2520	1500
-2520	1497
-2518	1494
-2515	1491
-2513	1488
-2512	1485
-2511	1482
-2511	1478
-2511	1475
-2509	1472
-2509	1469
-2509	1466
-2509	1462
-2506	1459
-2504	1456
-2503	1453
-2502	1450
-2502	1447
-2501	1444
-2499	1441
-2498	1438
-2497	1435
-2494	1432
-2494	1428
-2494	1425
-2492	1422
-2490	1419
-2490	1416
-2491	1413
-2491	1410
-2489	1407
-2489	1403
-2488	1400
-2487	1397
-2486	1394
-2485	1391
-2483	1388
-2483	1385
-2482	1382
-2480	1379
-2480	1376
-2479	1372
-2478	1369
-2478	1366
-2477	1363
-2476	1360
-2475	1357
-2474	1354
-2471	1351
-2470	1348
-2470	1345
-2469	1342
-2470	1338
-2469	1335
-2468	1332
-2467	1329
-2466	1326
-2465	1323
-2464	1320
-2463	1317
-2462	1314
-2460	1311
-2460	1308
-2459	1305
-2458	1302
-2456	1299
-2454	1296
-2453	1293
-2453	1290
-2453	1286
-2452	1283
-2450	1280
-2449	1277
-2448	1274
-2448	1271
-2447	1268
-2447	1265
-2445	1262
-2444	1259
-2442	1256
-2440	1253
-2439	1250
-2438	1247
-2438	1244
-2437	1241
-2436	1238
-2433	1235
-2431	1232
-2431	1229
-2430	1226
-2429	1223
-2426	1221
-2425	1218
-2426	1214
-2424	1211
-2424	1208
-2422	1205
-2420	1203
-2419	1200
-2417	1197
-2415	1194
-2415	1191
-2413	1188
-2413	1185
-2412	1182
-2410	1179
-2409	1176
-2407	1173
-2406	1170
-2407	1167
-2405	1164
-2404	1161
-2403	1158
-2401	1155
-2399	1153
-2398	1150
-2398	1146
-2398	1143
-2398	1140
-2397	1137
-2396	1134
-2395	1131
-2393	1128
-2394	1125
-2393	1122
-2392	1119
-2390	1116
-2389	1113
-2388	1110
-2387	1107
-2385	1104
-2385	1101
-2384	1098
-2384	1095
-2383	1092
-2383	1089
-2382	1086
-2380	1083
-2379	1080
-2378	1077
-2378	1074
-2377	1071
-2377	1068
-2376	1065
-2374	1062
-2373	1059
-2372	1056
-2372	1053
-2371	1050
-2370	1047
-2368	1044
-2368	1041
-2368	1038
-2367	1035
-2366	1032
-2365	1029
-2363	1026
-2362	1023
-2362	1020
-2360	1017
-2359	1014
-2358	1011
-2357	1008
-2356	1005
-2355	1002
-2353	1000
-2352	997
-2353	993
-2352	990
-2351	987
-2350	984
-2348	982
-2347	979
-2346	976
-2345	973
-2344	970
-2343	967
-2342	964
-2341	961
-2340	958
-2340	954
-2339	952
-2338	949
-2337	946
-2337	942
-2336	939
-2335	936
-2334	934
-2333	931
-2333	927
-2333	924
-2333	921
-2331	918
-2330	915
-2329	912
-2328	909
-2327	906
-2325	903
-2323	901
-2323	897
-2323	894
-2322	891
-2320	889
-2317	886
-2317	883
-2318	879
-2316	877
-2314	874
-2313	871
-2311	869
-2310	866
-2310	862
-2308	860
-2306	857
-2306	854
-2305	851
-2304	848
-2302	845
-2301	842
-2301	839
-2300	836
-2300	833
-2298	830
-2297	827
-2297	824
-2297	820
-2297	817
-2296	814
-2294	811
-2293	808
-2291	806
-2289	803
-2287	801
-2287	797
-2286	794
-2285	791
-2284	788
-2285	785
-2285	781
-2283	779
-2283	775
-2281	773
-2279	770
-2278	767
-2278	764
-2279	760
-2278	757
-2276	754
-2275	751
-2273	749
-2273	746
-2274	741
-2273	739
-2272	736
-2271	732
-2271	729
-2270	726
-2269	723
-2266	721
-2266	718
-2265	715
-2266	711
-2265	708
-2264	705
-2263	702
-2262	699
-2262	695
-2261	692
-2259	690
-2257	687
-2255	684
-2257	680
-2256	677
-2255	674
-2255	671
-2255	667
-2257	663
-2255	660
-2253	658
-2251	655
-2249	652
-2250	649
-2251	644
-2251	641
-2248	639
-2246	636
-2245	633
-2245	630
-2245	626
-2242	624
-2241	621
-2240	618
-2239	615
-2238	612
-2236	609
-2234	607
-2233	604
-2232	601
-2231	598
-2230	595
-2228	592
-2225	590
-2225	587
-2224	583
-2223	581
-2221	578
-2221	575
-2220	571
-2220	568
-2218	565
-2218	561
-2218	558
-2216	555
-2215	552
-2213	550
-2211	547
-2210	545
-2210	541
-2209	537
-2209	534
-2207	531
-2206	528
-2206	525
-2203	523
-2203	519
-2202	516
-2202	512
-2201	509
-2201	506
-2201	502
-2200	499
-2199	496
-2197	493
-2195	491
-2193	488
-2193	484
-2193	481
-2192	478
-2191	474
-2190	472
-2187	469
-2187	466
-2187	462
-2186	459
-2186	455
-2184	452
-2183	450
-2180	447
-2180	444
-2182	439
-2182	435
-2181	432
-2180	429
-2178	426
-2177	423
-2176	420
-2176	416
-2177	412
-2175	409
-2173	407
-2171	404
-2168	402
-2167	399
-2167	396
-2167	391
-2167	387
-2167	384
-2166	381
-2164	378
-2163	375
-2162	372
-2161	368
-2161	365
-2159	362
-2157	359
-2155	357
-2154	353
-2155	349
-2154	346
-2154	342
-2155	338
-2154	334
-2152	332
-2153	327
-2152	324
-2152	320
-2150	317
-2149	314
-2149	310
-2147	308
-2146	304
-2144	302
-2142	299
-2139	297
-2137	295
-2135	292
-2134	289
-2131	287
-2128	285
-2127	282
-2127	278
-2126	275
-2124	272
-2122	269
-2120	266
-2119	264
-2118	260
-2118	256
-2116	253
-2115	250
-2114	247
-2112	244
-2111	241
-2111	237
-2111	233
-2110	229
-2108	227
-2107	224
-2107	220
-2106	216
-2105	213
-2103	211
-2101	208
-2100	205
-2096	203
-2095	200
-2096	195
-2094	193
-2092	190
-2091	186
-2090	183
-2089	180
-2089	175
-2089	172
-2088	168
-2086	166
-2084	163
-2082	160
-2080	158
-2077	156
-2077	152
-2075	149
-2073	147
-2075	141
-2073	138
-2070	136
-2068	133
-2066	130
-2066	127
-2065	123
-2064	119
-2063	116
-2060	114
-2058	112
-2058	107
-2059	103
-2056	100
-2055	97
-2055	93
-2054	89
-2053	86
-2051	83
-2049	81
-2047	77
-2047	74
-2045	70
-2043	68
-2043	64
-2041	61
-2041	57
-2039	54
-2036	52
-2035	49
-2034	45
-2034	41
-2032	38
-2030	35
-2030	31
-2028	28
-2026	25
-2024	23
-2024	18
-2022	16
-2020	13
-2017	11
-2016	7
-2014	4
-2013	1
-2011	-2
-2009	-4
-2008	-8
-2008	-12
-2007	-16
-2006	-20
-2004	-23
-2003	-27
-2002	-30
-2000	-32
-1999	-36
-1997	-39
-1996	-43
-1994	-46
-1993	-49
-1991	-52
-1991	-56
-1988	-59
-1987	-62
-1985	-65
-1984	-68
-1982	-71
-1981	-75
-1980	-78
-1978	-82
-1976	-84
-1973	-87
-1972	-90
-1970	-93
-1970	-97
-1968	-101
-1965	-102
-1957	-99
-1948	-96
-1940	-93
-1936	-93
-1932	-94
-1928	-95
-1926	-98
-1923	-100
-1921	-102
-1919	-106
-1917	-108
-1915	-110
-1915	-115
-1919	-124
-1914	-124
-1910	-125
-1903	-122
-1893	-117
-1880	-109
-1871	-105
-1867	-106
-1865	-108
-1863	-111
-1862	-114
-1860	-117
-1855	-118
-1851	-118
-1848	-119
-1841	-117
-1832	-113
-1821	-106
-1815	-105
-1812	-107
-1811	-110
-1808	-112
-1806	-114
-1804	-117
-1802	-120
-1801	-123
-1788	-115
-1780	-110
-1777	-112
-1774	-114
-1773	-117
-1772	-121
-1767	-121
-1763	-121
-1758	-121
-1755	-122
-1749	-120
-1744	-120
-1741	-122
-1739	-124
-1737	-127
-1733	-127
-1726	-125
-1722	-125
-1716	-122
-1711	-122
-1701	-116
-1695	-114
-1690	-113
-1685	-112
-1680	-111
-1676	-112
-1673	-113
-1668	-112
-1664	-112
-1660	-113
-1658	-115
-1655	-117
-1653	-119
-1654	-125
-1654	-129
-1645	-125
-1642	-125
-1638	-126
-1635	-127
-1633	-129
-1629	-130
-1626	-131
-1623	-133
-1620	-134
-1615	-133
-1610	-131
-1602	-127
-1599	-128
-1594	-127
-1589	-126
-1584	-125
-1576	-120
-1568	-115
-1565	-117
-1562	-118
-1559	-119
-1556	-120
-1551	-118
-1546	-117
-1542	-117
-1540	-119
-1536	-120
-1534	-123
-1533	-125
-1530	-127
-1528	-129
-1522	-126
-1518	-127
-1515	-128
-1512	-129
-1510	-131
-1507	-133
-1505	-134
-1502	-136
-1499	-137
-1495	-136
-1490	-136
-1486	-135
-1479	-131
-1475	-130
-1471	-130
-1468	-132
-1465	-133
-1461	-133
-1458	-134
-1456	-136
-1454	-137
-1451	-139
-1448	-140
-1445	-141
-1440	-140
-1430	-130
-1421	-124
-1417	-123
-1414	-124
-1410	-124
-1408	-126
-1405	-127
-1403	-130
-1401	-132
-1398	-132
-1395	-133
-1392	-134
-1389	-135
-1387	-138
-1386	-141
-1383	-142
-1381	-145
-1380	-147
-1375	-146
-1371	-146
-1365	-143
-1362	-144
-1361	-146
-1359	-149
-1355	-148
-1350	-146
-1345	-145
-1341	-144
-1338	-145
-1336	-147
-1335	-151
-1334	-155
-1334	-159
-1331	-160
-1325	-157
-1318	-152
-1317	-155
-1317	-160
-1318	-168
-1314	-167
-1310	-166
-1306	-164
-1302	-164
-1298	-164
-1294	-163
-1291	-163
-1287	-163
-1284	-163
-1283	-167
-1283	-172
-1281	-175
-1277	-175
-1274	-175
-1273	-179
-1270	-179
-1266	-178
-1263	-178
-1259	-178
-1256	-179
-1248	-171
-1241	-166
-1236	-164
-1235	-167
-1234	-171
-1231	-172
-1229	-174
-1227	-176
-1225	-178
-1222	-179
-1218	-178
-1214	-177
-1211	-178
-1209	-179
-1205	-179
-1202	-179
-1198	-178
-1195	-178
-1192	-179
-1189	-179
-1186	-180
-1181	-178
-1178	-178
-1175	-178
-1172	-179
-1168	-179
-1165	-179
-1161	-178
-1158	-178
-1155	-178
-1152	-179
-1149	-180
-1146	-179
-1142	-178
-1139	-179
-1135	-178
-1131	-176
-1127	-175
-1123	-174
-1120	-173
-1115	-171
-1112	-172
-1109	-172
-1107	-173
-1104	-173
-1101	-175
-1099	-176
-1097	-178
-1094	-179
-1090	-178
-1087	-178
-1084	-178
-1081	-179
-1077	-177
-1073	-175
-1071	-177
-1069	-179
-1065	-177
-1061	-177
-1058	-177
-1056	-179
-1053	-180
-1051	-180
-1047	-180
-1044	-179
-1040	-179
-1038	-179
-1034	-179
-1031	-178
-1028	-179
-1025	-179
-1022	-178
-1018	-177
-1014	-176
-1012	-178
-1008	-176
-1003	-171
-998	-167
-993	-164
-989	-161
-985	-160
-982	-159
-979	-160
-974	-156
-966	-147
-961	-143
-958	-142
-956	-143
-954	-145
-952	-148
-950	-149
-948	-151
-940	-142
-933	-132
-929	-131
-927	-132
-924	-132
-921	-132
-921	-138
-919	-140
-914	-135
-911	-136
-909	-138
-907	-139
-905	-141
-902	-142
-899	-140
-896	-140
-893	-141
-891	-142
-889	-144
-888	-148
-886	-150
-885	-154
-882	-155
-875	-144
-868	-135
-864	-134
-861	-133
-858	-132
-855	-131
-852	-131
-849	-132
-847	-134
-779	1
-777	1
-773	3
-771	3
-768	3
-765	3
-763	2
-760	3
-758	3
-755	4
-752	4
-750	3
-747	3
-745	2
-742	3
-740	3
-737	3
-734	3
-732	2
-732	-3
-733	-12
-731	-15
-727	-12
-723	-7
-719	-4
-719	-11
-718	-21
-716	-22
-744	-124
-743	-130
-742	-134
-741	-138
-739	-140
-736	-141
-734	-142
-732	-143
-730	-144
-727	-145
-725	-146
-722	-146
-720	-147
-718	-149
-715	-149
-713	-150
-710	-151
-708	-152
-705	-152
-703	-152
-699	-151
-695	-145
-691	-142
-688	-142
-685	-141
-683	-141
-680	-141
-678	-142
-676	-145
-675	-150
-675	-157
-671	-155
-668	-154
-666	-154
-663	-154
-660	-154
-657	-153
-654	-150
-651	-149
-648	-150
-646	-150
-643	-148
-640	-147
-637	-147
-635	-149
-632	-148
-630	-151
-629	-155
-628	-159
-626	-162
-624	-164
-621	-162
-617	-159
-612	-152
-608	-147
-605	-145
-602	-144
-600	-145
-597	-145
-596	-150
-598	-168
-594	-163
-589	-152
-583	-141
-579	-135
-575	-132
-573	-133
-570	-133
-568	-132
-565	-133
-563	-134
-562	-140
-561	-146
-560	-152
-558	-155
-556	-157
-555	-161
-554	-168
-553	-172
-551	-176
-549	-179
-547	-182
-545	-183
-543	-184
-540	-184
-537	-183
-534	-182
-532	-182
-529	-182
-526	-182
-524	-182
-521	-182
-519	-183
-516	-182
-514	-183
-511	-182
-508	-180
-505	-181
-503	-180
-500	-181
-498	-182
-495	-182
-493	-182
-490	-181
-488	-182
-485	-180
-483	-183
-480	-183
-477	-182
-474	-181
-472	-181
-470	-182
-467	-182
-465	-183
-462	-183
-459	-182
-456	-180
-454	-182
-452	-183
-449	-183
-447	-183
-444	-182
-441	-181
-439	-182
-436	-181
-434	-181
-431	-180
-429	-181
-426	-181
-424	-182
-421	-181
-418	-181
-416	-182
-414	-184
-411	-182
-408	-181
-406	-181
-403	-182
-401	-182
-398	-181
-396	-182
-393	-181
-391	-181
-388	-181
-386	-183
-383	-182
-381	-181
-378	-182
-376	-182
-373	-183
-371	-182
-368	-180
-365	-181
-363	-181
-360	-181
-358	-181
-356	-182
-353	-182
-350	-181
-348	-181
-346	-182
-343	-181
-340	-181
-338	-180
-335	-180
-333	-181
-330	-181
-328	-181
-325	-181
-323	-180
-320	-180
-318	-181
-315	-181
-313	-181
-311	-182
-308	-180
-306	-181
-303	-182
-301	-182
-298	-182
-296	-182
-293	-182
-291	-182
-288	-183
-286	-184
-283	-183
-281	-182
-278	-182
-276	-182
-273	-182
-271	-182
-268	-181
-266	-181
-263	-181
-261	-182
-258	-182
-256	-180
-253	-181
-251	-181
-248	-180
-246	-181
-244	-181
-241	-182
-239	-181
-236	-181
-234	-180
-231	-179
-228	-177
-226	-174
-223	-172
-221	-172
-218	-173
-216	-178
-214	-180
-211	-180
-209	-180
-206	-180
-204	-181
-202	-181
-199	-180
-197	-179
-194	-179
-192	-179
-189	-180
-187	-180
-184	-181
-182	-181
-179	-181
-177	-180
-175	-181
-172	-178
-169	-178
-167	-179
-165	-179
-162	-177
-160	-175
-157	-174
-154	-170
-152	-167
-149	-169
-147	-169
-144	-166
-142	-169
-140	-170
-137	-168
-135	-169
-133	-175
-130	-181
-128	-181
-125	-181
-123	-181
-121	-181
-118	-181
-116	-180
-113	-181
-111	-182
-108	-182
-106	-182
-103	-181
-101	-180
-99	-180
-96	-180
-94	-180
-91	-180
-89	-181
-86	-180
-84	-180
-81	-172
-79	-168
-76	-166
-72	-165
-69	-164
-67	-163
-64	-160
-62	-156
-59	-156
-57	-157
-55	-158
-52	-159
-50	-160
-47	-161
-45	-162
-42	-162
-40	-162
-38	-165
-35	-167
-33	-168
-30	-170
-28	-173
-25	-177
-23	-184
-20	-182
-18	-182
-15	-182
-13	-182
-10	-182
-8	-183
-5	-184
-3	-184
-1	-183
2	-181
4	-183
7	-185
9	-186
12	-184
14	-183
17	-184
19	-183
22	-182
24	-182
26	-182
29	-183
31	-182
34	-182
36	-183
39	-183
41	-182
44	-181
46	-180
48	-180
51	-179
53	-179
56	-180
58	-182
61	-181
63	-181
66	-182
68	-182
71	-182
73	-180
75	-180
78	-181
80	-181
83	-181
85	-179
88	-178
90	-179
93	-179
95	-179
98	-181
100	-181
103	-182
105	-181
108	-181
110	-180
113	-181
115	-181
117	-181
120	-182
123	-182
125	-181
127	-181
130	-181
132	-182
135	-182
137	-183
140	-182
142	-182
145	-182
147	-182
150	-181
152	-180
154	-180
157	-180
160	-181
162	-181
165	-180
167	-180
169	-180
172	-180
174	-180
177	-181
180	-182
182	-181
184	-181
187	-182
190	-181
192	-181
194	-181
197	-180
199	-181
202	-182
204	-181
207	-180
209	-179
212	-180
214	-181
217	-181
219	-181
222	-181
224	-180
227	-181
230	-181
232	-181
234	-181
237	-181
240	-181
242	-180
245	-181
248	-184
250	-183
252	-183
255	-181
257	-182
260	-181
262	-181
265	-181
267	-180
270	-183
272	-181
275	-181
277	-181
280	-181
282	-180
285	-180
287	-181
290	-181
293	-182
295	-181
298	-181
300	-181
303	-182
306	-182
308	-183
311	-183
313	-184
316	-183
318	-183
321	-182
323	-182
326	-181
328	-182
331	-182
334	-182
336	-181
338	-180
341	-181
343	-180
346	-181
349	-182
352	-183
354	-182
357	-182
359	-182
362	-182
364	-181
367	-180
369	-181
372	-182
375	-181
377	-180
380	-182
382	-182
385	-183
388	-182
390	-182
393	-182
395	-182
398	-181
400	-180
403	-180
406	-181
408	-180
411	-180
413	-180
416	-181
419	-182
421	-181
424	-182
427	-182
430	-183
432	-182
435	-182
437	-181
440	-182
442	-181
445	-181
448	-181
450	-182
453	-182
456	-181
457	-179
460	-177
462	-174
464	-173
466	-172
469	-173
472	-175
477	-181
480	-184
483	-185
486	-184
488	-183
490	-182
493	-181
495	-180
498	-180
500	-180
504	-182
506	-181
509	-182
511	-182
514	-180
516	-180
519	-180
522	-181
525	-182
527	-181
530	-181
533	-181
535	-180
536	-175
538	-173
540	-170
543	-170
545	-170
548	-169
551	-169
553	-169
556	-169
557	-166
559	-162
560	-158
563	-158
565	-155
566	-150
566	-144
567	-137
568	-134
570	-132
572	-130
574	-129
577	-129
580	-130
583	-131
586	-131
590	-134
604	-165
604	-159
604	-152
606	-149
608	-146
610	-144
612	-143
617	-149
622	-155
627	-161
630	-162
632	-159
633	-157
636	-156
638	-154
640	-152
641	-148
644	-147
646	-147
650	-148
652	-148
655	-147
658	-149
662	-151
665	-152
668	-154
672	-155
675	-155
678	-155
681	-156
683	-154
683	-149
685	-145
686	-142
688	-140
691	-139
693	-138
697	-141
702	-146
707	-151
710	-151
712	-150
714	-149
717	-149
720	-148
722	-146
724	-145
726	-144
730	-144
732	-144
734	-142
737	-142
740	-141
742	-139
744	-137
745	-134
746	-130
748	-129
749	-124
749	-118
749	-112
749	-105
723	-23
721	-14
722	-9
722	-4
723	-0
725	1
727	2
730	3
732	3
735	3
738	2
740	3
743	3
746	2
757	-4
766	0
773	3
775	4
778	4
781	4
868	-140
873	-143
879	-149
885	-154
889	-157
893	-158
895	-156
895	-151
895	-144
896	-141
898	-139
901	-138
903	-136
906	-137
912	-142
919	-149
923	-152
925	-149
926	-146
927	-141
927	-136
928	-132
931	-131
933	-130
937	-131
940	-131
945	-135
977	-186
980	-186
981	-182
985	-183
988	-182
990	-181
993	-180
996	-180
1000	-180
1002	-180
1006	-180
1010	-181
1012	-179
1014	-178
1018	-179
1022	-180
1025	-179
1028	-179
1031	-179
1034	-178
1038	-180
1042	-181
1046	-181
1048	-180
1051	-179
1054	-178
1058	-179
1062	-180
1065	-179
1068	-179
1071	-179
1074	-178
1078	-178
1082	-179
1085	-179
1090	-181
1093	-182
1095	-178
1096	-176
1099	-175
1104	-178
1109	-180
1113	-180
1116	-180
1119	-180
1123	-180
1126	-180
1130	-180
1133	-180
1137	-180
1140	-180
1144	-180
1148	-181
1151	-181
1154	-181
1158	-181
1161	-181
1164	-179
1166	-178
1168	-174
1169	-171
1171	-169
1174	-168
1176	-166
1182	-169
1192	-179
1196	-179
1199	-179
1201	-177
1205	-177
1208	-177
1208	-170
1208	-165
1210	-163
1213	-162
1216	-161
1219	-161
1224	-163
1231	-168
1238	-172
1241	-172
1245	-172
1253	-179
1259	-181
1262	-180
1265	-179
1268	-179
1272	-179
1277	-181
1277	-176
1278	-172
1280	-170
1283	-169
1286	-168
1289	-167
1294	-168
1299	-170
1307	-176
1310	-176
1312	-173
1315	-171
1317	-169
1318	-166
1321	-165
1324	-163
1326	-161
1328	-158
1329	-155
1331	-153
1334	-151
1343	-158
1346	-158
1347	-153
1349	-151
1353	-151
1357	-151
1360	-150
1364	-150
1367	-150
1372	-151
1376	-151
1381	-153
1384	-151
1386	-149
1389	-147
1394	-149
1403	-155
1408	-156
1408	-152
1411	-150
1414	-150
1422	-155
1436	-167
1439	-166
1442	-164
1440	-156
1441	-153
1443	-151
1446	-149
1449	-148
1453	-148
1459	-150
1464	-152
1467	-150
1469	-148
1473	-148
1478	-148
1482	-149
1486	-148
1490	-148
1495	-149
1500	-150
1508	-154
1514	-157
1514	-152
1513	-147
1515	-143
1516	-140
1520	-140
1524	-139
1527	-139
1530	-137
1535	-137
1540	-138
1544	-138
1547	-136
1550	-136
1554	-135
1558	-135
1562	-135
1568	-136
1572	-136
1578	-138
1585	-141
1592	-144
1595	-142
1604	-147
1607	-146
1609	-143
1612	-141
1615	-140
1618	-139
1622	-138
1625	-137
1628	-135
1632	-134
1637	-135
1642	-136
1647	-136
1651	-136
1656	-136
1659	-134
1662	-133
1665	-131
1667	-129
1670	-127
1675	-127
1679	-127
1685	-128
1690	-129
1698	-132
1704	-134
1706	-131
1709	-129
1713	-128
1716	-127
1719	-125
1722	-124
1728	-125
1729	-121
1730	-117
1733	-115
1738	-116
1743	-116
1748	-116
1753	-117
1757	-116
1762	-116
1766	-116
1770	-115
1775	-115
1780	-115
1786	-116
1789	-115
1793	-114
1797	-113
1802	-113
1808	-114
1816	-116
1823	-119
1831	-122
1837	-123
1837	-118
1838	-114
1839	-110
1840	-107
1842	-104
1846	-102
1850	-102
1855	-102
1861	-102
1866	-102
1871	-103
1880	-106
1891	-112
1895	-111
1899	-109
1906	-111
1913	-112
1916	-111
1917	-107
1920	-105
1924	-104
1928	-103
1933	-102
1936	-100
1940	-99
1943	-97
1949	-98
1957	-100
1965	-102
1965	-98
1963	-92
1963	-87
1966	-84
1972	-85
1982	-89
1987	-89
1992	-88
1996	-87
2002	-87
2008	-88
2019	-93
2031	-98
2033	-95
2035	-92
2038	-90
2042	-89
2048	-89
2048	-84
2043	-75
2043	-71
2049	-71
2061	-76
2068	-77
2071	-75
2077	-75
2082	-74
2086	-73
2090	-72
2098	-73
2100	-71
2103	-68
2105	-65
2108	-63
2119	-67
2127	-69
2133	-69
2137	-68
2143	-67
2151	-69
2164	-74
2168	-73
2171	-70
2175	-69
2191	-77
2196	-76
2197	-72
2200	-70
2202	-66
2205	-64
2209	-62
2213	-60
2218	-60
2224	-60
2232	-61
2237	-60
2242	-59
2247	-58
2252	-57
2259	-57
2261	-54
2263	-51
2268	-50
2274	-50
2283	-52
2292	-53
2296	-52
2297	-48
2298	-44
2303	-43
2311	-44
2312	-40
2315	-37
2311	-30
2310	-24
2314	-22
2318	-20
2321	-18
2323	-14
2324	-10
2326	-7
2328	-4
2329	0
2329	5
2330	9
2332	12
2332	17
2333	21
2328	29
2329	33
2329	37
2327	44
2327	48
2330	51
2333	53
2336	56
2338	59
2338	64
2337	69
2339	72
2340	76
2340	81
2341	84
2341	89
2340	94
2342	97
2343	101
2344	105
2346	108
2346	113
2345	118
2345	122
2347	126
2349	129
2350	133
2350	137
2350	142
2350	146
2350	151
2352	154
2354	157
2354	161
2355	165
2356	169
2357	172
2358	176
2359	180
2358	185
2358	189
2359	194
2358	198
2357	203
2359	207
2362	209
2362	214
2362	218
2363	222
2364	225
2366	228
2368	232
2367	236
2366	241
2368	244
2371	247
2372	251
2374	254
2376	257
2377	261
2377	265
2378	269
2379	272
2380	276
2379	281
2381	284
2383	287
2384	291
2386	294
2388	297
2388	301
2389	305
2389	309
2390	313
2390	317
2390	321
2393	324
2394	327
2394	332
2395	335
2397	339
2398	342
2398	346
2399	350
2399	354
2400	358
2402	361
2402	365
2402	369
2404	372
2405	376
2406	379
2407	383
2408	387
2410	390
2411	393
2411	397
2411	401
2412	405
2414	408
2414	412
2414	416
2416	420
2417	423
2418	427
2418	431
2419	434
2420	438
2422	441
2423	445
2425	448
2425	452
2426	455
2425	460
2426	464
2427	467
2430	470
2431	473
2431	477
2433	480
2433	484
2436	487
2441	488
2445	490
2450	492
2453	495
2453	499
2453	503
2455	506
2456	510
2456	513
2456	518
2457	521
2457	525
2458	529
2458	533
2458	537
2459	540
2460	544
2461	547
2461	551
2462	555
2462	559
2461	563
2462	567
2462	571
2461	575
2461	579
2462	582
2465	585
2468	588
2467	592
2467	596
2467	600
2468	604
2469	607
2470	611
2471	614
2473	617
2474	621
2474	625
2473	629
2476	632
2479	634
2479	638
2478	642
2478	646
2481	649
2481	653
2482	656
2484	659
2485	663
2486	667
2486	670
2486	674
2488	677
2489	681
2490	684
2490	688
2489	692
2490	696
2490	700
2489	704
2490	707
2490	711
2491	714
2493	718
2492	722
2492	725
2493	729
2493	733
2493	737
2493	741
2493	744
2494	748
2493	752
2494	755
2496	758
2497	762
2497	765
2497	769
2497	773
2497	777
2499	780
2500	784
2500	787
2500	791
2500	795
2503	798
2503	801
2504	805
2504	808
2503	812
2505	816
2506	819
2506	823
2505	827
2504	831
2505	834
2507	838
2506	842
2506	845
2508	848
2509	852
2509	855
2509	859
2510	862
2510	866
2511	870
2512	873
2513	877
2512	880
2512	884
2511	888
2512	892
2513	895
2513	899
2514	902
2515	905
2516	909
2517	912
2517	916
2517	920
2518	923
2519	926
2519	930
2519	934
2519	937
2520	941
2520	945
2522	948
2523	951
2523	955
2524	958
2524	962
2523	966
2523	969
2525	972
2525	976
2526	979
2526	983
2526	987
2527	990
2529	993
2529	997
2529	1000
2530	1004
2531	1007
2531	1011
2531	1014
2531	1018
2532	1021
2532	1025
2532	1029
2533	1032
2534	1035
2535	1039
2534	1043
2534	1046
2534	1050
2535	1053
2536	1057
2537	1060
2538	1063
2537	1067
2537	1071
2538	1074
2537	1078
2538	1081
2541	1084
2542	1087
2540	1092
2540	1095
2544	1098
2544	1101
2546	1105
2546	1108
2545	1112
2545	1116
2544	1119
2545	1123
2548	1126
2549	1129
2550	1132
2550	1136
2549	1140
2548	1143
2549	1147
2549	1150
2550	1154
2550	1157
2551	1161
2551	1164
2552	1168
2552	1171
2551	1175
2554	1178
2554	1182
2554	1185
2553	1189
2553	1192
2552	1196
2552	1200
2554	1203
2556	1206
2557	1209
2557	1213
2556	1217
2558	1220
2559	1223
2557	1227
2558	1230
2558	1234
2559	1237
2560	1241
2560	1244
2561	1248
2561	1251
2561	1255
2560	1258
2559	1262
2560	1265
2560	1269
2562	1272
2563	1276
2562	1279
2564	1283
2563	1286
2564	1290
2564	1293
2565	1296
2565	1300
2565	1303
2565	1307
2567	1310
2566	1314
2566	1317
2565	1321
2568	1324
2567	1328
2568	1331
2565	1335
2565	1339
2567	1342
2568	1345
2570	1348
2569	1352
2569	1356
2569	1359
2570	1363
2570	1366
2571	1369
2571	1373
2571	1376
2572	1380
2574	1383
2575	1386
2575	1390
2576	1393
2577	1397
2576	1400
2576	1404
2577	1407
2578	1411
2579	1414
2578	1418
2578	1421
2579	1424
2580	1428
2580	1431
2584	1434
2584	1438
2584	1441
2585	1445
2583	1449
2582	1452
2583	1456
2583	1459
2583	1463
2583	1466
2583	1470
2583	1473
2584	1476
2586	1480
2586	1483
2587	1487
2587	1490
2589	1494
2589	1497
2589	1500
2588	1504
2589	1507
2589	1511
2589	1514
2590	1518
2591	1521
2591	1525
2592	1528
2593	1532
2592	1535
2594	1539
2594	1542
2593	1546
2594	1549
2594	1553
2595	1556
2594	1560
2594	1563
2595	1566
2595	1570
2597	1573
2597	1577
2598	1580
2598	1584
2598	1587
2599	1591
2600	1594
2600	1598
2601	1601
2602	1605
2603	1608
2603	1612
2604	1615
2603	1619
2602	1622
2603	1626
2604	1629
2605	1633
2605	1636
2605	1640
2606	1643
2608	1646
2609	1650
2608	1653
2608	1657
2608	1660
2609	1664
2609	1667
2609	1671
