2551	1664
2550	1667
2549	1670
2544	1674
2545	1677
2548	1681
2549	1687
2550	1691
2552	1694
2554	1698
2552	1701
2552	1705
2553	1708
2554	1711
2554	1715
2555	1718
2556	1722
2556	1725
2557	1729
2557	1732
2558	1736
2557	1739
2557	1742
2556	1746
2553	1749
2552	1753
2552	1756
2553	1759
2556	1763
2559	1766
2559	1770
2559	1773
2559	1777
2560	1780
2560	1784
2562	1787
2562	1791
2562	1794
2563	1797
2564	1801
2563	1804
2562	1808
2562	1811
2562	1815
2563	1818
2563	1822
2563	1825
2563	1829
2565	1832
2565	1835
2566	1839
2565	1842
2565	1846
2566	1849
2566	1853
2566	1856
2566	1860
2566	1863
2566	1867
2564	1870
2564	1873
2566	1877
2568	1881
2566	1884
2566	1887
2570	1891
2570	1895
2568	1898
2565	1901
2565	1905
2565	1908
2566	1912
2568	1915
2569	1919
2568	1922
2566	1926
2568	1929
2569	1933
2567	1936
2567	1939
2568	1943
2566	1946
2567	1950
2570	1954
2569	1957
2568	1960
2570	1964
2570	1968
2568	1971
2570	1975
2571	1978
2571	1982
2571	1985
2573	1989
2574	1992
2573	1996
2574	1999
2574	2003
2575	2007
2574	2010
2575	2014
2576	2017
2576	2021
2577	2024
2578	2028
2577	2031
2575	2035
2575	2038
2575	2042
2577	2045
2578	2049
2577	2052
2577	2056
2578	2060
2581	2064
2580	2067
2577	2070
2576	2073
2578	2077
2579	2081
2581	2085
2582	2088
2581	2092
2576	2095
2574	2098
2576	2102
2579	2106
2582	2110
2580	2113
2579	2116
2577	2120
2578	2123
2579	2127
2579	2131
2580	2134
2580	2138
2580	2141
2580	2145
2580	2149
2586	2153
2584	2156
2583	2160
2581	2163
2577	2166
2577	2169
2580	2174
2579	2177
2578	2180
2578	2184
2582	2188
2584	2192
2584	2196
2585	2200
2584	2203
2584	2207
2584	2210
2585	2214
2588	2218
2588	2222
2586	2225
2585	2228
2583	2232
2580	2235
2578	2238
2580	2242
2582	2246
2584	2250
2582	2253
2581	2256
2586	2261
2584	2264
2582	2268
2580	2271
2581	2275
2582	2278
2582	2282
2583	2286
2584	2290
2582	2293
2580	2296
2582	2300
2584	2304
2584	2308
2582	2311
2585	2316
2585	2319
2585	2323
2585	2327
2584	2330
2581	2333
2580	2336
2583	2341
2584	2345
2585	2349
2586	2353
2588	2357
2588	2360
2586	2364
2587	2367
2589	2372
2589	2375
2588	2379
2589	2383
2590	2387
2588	2390
2588	2394
2590	2398
2591	2402
2590	2405
2590	2409
2591	2413
2591	2417
2590	2420
2589	2424
2590	2428
2590	2432
2588	2435
2588	2438
2591	2443
2594	2448
2594	2451
2592	2455
2591	2458
2591	2462
2591	2466
2593	2470
2592	2473
2591	2477
2591	2481
2592	2485
2592	2489
2592	2492
2592	2496
2591	2500
2590	2503
2592	2507
2593	2512
2592	2515
2592	2519
2592	2523
2591	2526
2590	2530
2590	2534
2592	2538
2593	2542
2593	2546
2592	2550
2592	2553
2593	2558
2595	2562
2595	2566
2593	2569
2591	2572
2588	2575
2585	2578
2584	2581
2584	2586
2588	2591
2591	2596
2591	2600
2591	2603
2590	2607
2589	2611
2591	2615
2595	2620
2594	2624
2591	2627
2588	2630
2588	2633
2587	2637
2596	2644
2600	2650
2591	2650
2590	2654
2592	2658
2591	2662
2591	2666
2592	2670
2593	2675
2592	2678
2590	2682
2590	2685
2591	2690
2587	2692
2583	2695
2582	2698
2584	2703
2587	2708
2586	2712
2585	2715
2583	2718
2582	2722
2583	2726
2582	2730
2583	2734
2586	2740
2586	2744
2581	2746
2582	2750
2584	2755
2583	2759
2579	2761
2576	2764
2587	2772
2586	2776
2586	2780
2588	2785
2588	2789
2589	2793
2587	2797
2584	2800
2583	2803
2585	2808
2585	2812
2582	2815
2583	2819
2583	2824
2585	2829
2583	2832
2586	2837
2582	2839
2586	2845
2584	2849
2581	2851
2587	2858
2588	2863
2593	2869
2592	2873
2588	2875
2589	2880
2590	2885
2592	2890
2598	2896
2595	2900
2594	2903
2592	2906
2593	2911
2595	2916
2596	2921
2595	2925
2594	2928
2595	2933
2595	2938
2595	2941
2594	2945
2594	2950
2595	2954
2597	2960
2596	2964
2596	2967
2596	2972
2596	2976
2595	2980
2595	2984
2596	2989
2596	2994
2596	2998
2595	3002
2595	3006
2595	3010
2595	3015
2593	3018
2597	3024
2597	3029
2596	3032
2594	3036
2593	3040
2594	3045
2596	3050
2596	3054
2594	3058
2593	3062
2592	3066
2592	3070
2593	3075
2593	3079
2593	3084
2594	3089
2595	3094
2595	3098
2594	3102
2593	3106
2593	3111
2595	3116
2594	3120
2592	3124
2590	3127
2589	3131
2590	3136
2591	3141
2591	3145
2589	3149
2591	3155
2591	3159
2590	3163
2590	3167
2590	3172
2589	3176
2589	3181
2584	3182
2570	3179
2553	3174
2543	3173
2538	3174
2534	3177
2531	3180
2530	3184
2532	3189
2536	3196
2558	3213
2580	3231
2587	3239
2586	3244
2585	3248
2586	3253
2585	3257
2585	3262
2586	3267
2588	3273
2588	3277
2586	3281
2585	3285
2585	3290
2585	3295
2586	3300
2587	3305
2585	3309
2585	3314
2586	3319
2585	3323
2585	3328
2583	3332
2582	3336
2581	3340
2580	3344
2580	3349
2583	3356
2582	3360
2582	3365
2581	3369
2581	3374
2580	3378
2579	3382
2578	3386
2577	3391
2575	3394
2574	3399
2574	3404
2575	3409
2574	3413
2573	3417
2574	3423
2572	3427
2571	3431
2571	3436
2571	3441
2571	3446
2570	3450
2569	3454
2568	3459
2567	3464
2567	3469
2568	3474
2566	3478
2565	3482
2563	3486
2565	3492
2563	3496
2562	3500
2562	3505
2562	3510
2562	3515
2560	3520
2558	3523
2556	3527
2555	3531
2553	3535
2552	3539
2550	3543
2549	3548
2549	3553
2548	3557
2546	3561
2545	3565
2545	3570
2543	3574
2542	3578
2540	3582
2541	3588
2542	3595
2542	3599
2539	3603
2537	3607
2538	3612
2537	3617
2536	3621
2537	3627
2536	3632
2534	3636
2532	3640
2531	3644
2529	3648
2527	3652
2520	3652
2521	3658
2523	3664
2524	3671
2524	3676
2520	3679
2515	3680
2517	3687
2517	3692
2515	3697
2515	3702
2514	3706
2512	3710
2512	3716
2509	3718
2505	3721
2506	3727
2504	3732
2501	3734
2499	3738
2499	3744
2497	3748
2497	3753
2498	3759
2500	3766
2499	3772
2498	3776
2497	3781
2496	3785
2495	3790
2493	3794
2489	3797
2487	3801
2487	3806
2487	3812
2487	3818
2485	3822
2485	3828
2483	3832
2481	3836
2480	3840
2479	3845
2477	3849
2474	3852
2471	3855
2470	3860
2469	3865
2468	3870
2468	3876
2468	3882
2466	3886
2464	3890
2464	3896
2463	3900
2460	3904
2460	3910
2458	3914
2456	3918
2455	3923
2454	3928
2453	3933
2451	3937
2449	3941
2447	3945
2445	3950
2444	3954
2443	3960
2441	3964
2439	3968
2437	3972
2434	3976
2434	3982
2433	3987
2431	3991
2429	3995
2426	3998
2423	4002
2419	4004
2406	3998
2392	3990
2385	3990
2381	3992
2381	3999
2377	4001
2375	4005
2371	4008
2371	4013
2368	4016
2368	4023
2366	4027
2371	4038
2387	4059
2392	4070
2389	4073
2388	4079
2387	4084
2384	4088
2381	4091
2379	4095
2378	4100
2377	4106
2374	4109
2372	4114
2370	4118
2367	4122
2366	4127
2363	4130
2361	4135
2359	4139
2357	4143
2353	4146
2353	4152
2351	4156
2349	4161
2347	4165
2343	4168
2342	4173
2340	4177
2338	4182
2337	4187
2335	4192
2333	4197
2333	4203
2331	4208
2329	4212
2327	4217
2331	4227
2330	4233
2329	4239
2328	4245
2326	4248
2324	4253
2322	4258
2321	4264
2069	3997
2067	4001
2063	4003
2062	4008
2058	4010
2056	4014
2056	4020
2055	4025
2052	4028
2048	4029
2047	4034
2045	4039
2043	4042
2044	4049
2285	4326
2279	4327
2276	4331
2274	4336
2273	4341
2270	4345
2266	4348
2264	4352
2264	4359
2261	4362
2256	4364
2254	4368
2251	4372
2248	4376
2246	4381
2245	4386
2242	4390
2238	4393
2235	4396
2233	4401
2232	4408
2229	4411
2226	4414
2223	4419
2221	4423
2219	4429
2216	4432
2213	4436
2211	4440
2208	4444
2206	4449
2204	4453
2201	4457
2200	4464
2198	4469
2195	4473
2193	4478
2191	4482
2187	4485
2184	4489
2181	4493
2179	4498
2176	4501
2174	4506
2171	4510
2169	4515
2166	4519
2164	4524
2161	4528
2157	4531
2153	4533
2150	4537
2151	4545
2148	4550
2146	4554
2141	4557
2137	4559
2133	4562
2130	4566
2127	4570
2124	4573
2120	4576
2117	4580
2113	4583
2110	4586
2108	4591
2105	4595
2104	4601
2101	4606
2098	4610
2095	4613
2091	4617
2089	4621
2087	4626
2085	4631
2082	4637
2078	4639
2074	4641
2071	4646
2070	4653
2067	4656
2064	4660
2062	4665
2058	4669
2055	4672
2052	4676
2048	4680
2046	4685
2045	4692
2042	4695
2040	4700
2037	4705
2033	4707
2029	4711
2025	4713
2020	4715
2017	4718
2017	4727
2015	4732
2012	4736
2008	4739
2004	4742
2002	4747
1999	4752
1996	4757
1992	4759
1988	4761
1984	4764
1980	4767
1977	4772
1974	4775
1971	4780
1971	4789
1968	4792
1964	4796
1960	4798
1956	4800
1951	4803
1948	4806
1944	4810
1941	4813
1936	4815
1932	4817
1927	4820
1923	4822
1920	4826
1917	4831
1914	4834
1910	4837
1905	4839
1901	4842
1897	4844
1891	4844
1887	4846
1883	4850
1880	4853
1875	4855
1871	4857
1866	4858
1861	4861
1855	4860
1850	4860
1846	4863
1841	4865
1837	4866
1831	4867
1827	4869
1823	4872
1819	4874
1814	4876
1810	4878
1806	4882
1803	4886
1800	4889
1796	4892
1792	4895
1788	4899
1785	4903
1782	4908
1779	4912
1775	4915
1771	4918
1768	4922
1765	4927
1762	4930
1758	4934
1753	4935
1749	4938
1745	4940
1741	4943
1737	4946
1732	4948
1728	4949
1723	4952
1719	4955
1717	4961
1714	4965
1709	4967
1705	4969
1700	4970
1695	4971
1690	4972
1686	4975
1682	4977
1677	4979
1673	4982
1668	4983
1664	4985
1660	4989
1656	4992
1652	4994
1648	4996
1644	5000
1640	5003
1636	5005
1631	5006
1627	5008
1622	5011
1617	5012
1613	5014
1609	5016
1605	5019
1600	5022
1596	5025
1593	5028
1588	5030
1584	5032
1579	5034
1575	5037
1571	5038
1566	5041
1561	5042
1557	5045
1553	5047
1548	5048
1543	5049
1540	5054
1536	5057
1532	5060
1528	5063
1524	5066
1520	5067
1516	5071
1512	5075
1508	5078
1504	5079
1499	5081
1495	5084
1492	5089
1488	5093
1484	5095
1480	5099
1475	5100
1470	5100
1465	5101
1461	5104
1457	5107
1452	5108
1448	5110
1444	5113
1440	5118
1437	5123
1432	5124
1428	5125
1423	5126
1419	5129
1414	5132
1410	5134
1405	5136
1401	5137
1396	5138
1391	5139
1386	5140
1381	5142
1378	5146
1374	5149
1369	5151
1364	5152
1360	5154
1355	5155
1350	5157
1346	5158
1341	5160
1336	5161
1331	5162
1327	5165
1322	5165
1315	5161
1310	5161
1306	5164
1301	5165
1296	5164
1291	5166
1287	5169
1282	5171
1277	5172
1272	5172
1267	5171
1262	5171
1257	5172
1252	5174
1247	5174
1242	5175
1238	5178
1234	5181
1230	5185
1226	5188
1221	5188
1217	5190
1212	5191
1208	5194
1204	5198
1199	5200
1195	5201
1190	5204
1186	5205
1181	5208
1177	5211
1173	5212
1168	5214
1163	5214
1158	5216
1153	5217
1149	5219
1145	5221
1142	5227
1137	5230
1133	5232
1128	5233
1123	5233
1118	5234
1114	5236
1109	5239
1105	5241
1101	5244
1096	5245
1091	5247
1087	5248
1083	5253
1080	5259
1076	5262
1071	5264
1067	5267
1063	5272
1059	5276
1055	5277
1050	5278
1045	5280
1041	5283
1036	5284
1032	5287
1027	5289
1023	5292
1017	5289
1013	5291
1008	5294
1004	5297
999	5296
993	5295
989	5296
984	5298
979	5298
974	5299
969	5301
965	5304
961	5308
957	5311
952	5312
947	5312
942	5314
938	5316
934	5319
929	5321
924	5322
919	5322
914	5323
910	5326
905	5327
900	5327
895	5327
891	5331
886	5333
882	5334
877	5337
873	5339
868	5341
864	5344
859	5346
854	5347
849	5347
844	5346
839	5347
834	5348
829	5349
825	5350
820	5352
815	5354
810	5355
806	5357
803	5365
799	5369
794	5372
789	5371
784	5370
779	5371
774	5372
769	5372
764	5372
759	5373
754	5373
749	5373
744	5373
739	5373
734	5374
729	5376
724	5377
720	5378
715	5379
710	5379
705	5380
700	5381
695	5383
691	5385
686	5387
681	5388
677	5389
672	5390
667	5391
663	5396
658	5399
654	5401
649	5404
644	5406
640	5407
635	5408
630	5408
625	5408
620	5409
615	5409
609	5407
604	5405
599	5405
594	5406
589	5407
585	5409
580	5410
575	5413
571	5415
566	5416
561	5418
556	5419
552	5423
547	5426
543	5429
538	5428
533	5429
528	5430
523	5431
518	5431
513	5430
508	5429
503	5430
498	5431
493	5431
488	5431
483	5432
478	5431
473	5431
468	5432
463	5433
458	5433
454	5436
449	5439
444	5438
439	5438
434	5441
430	5442
425	5442
420	5443
415	5445
410	5447
405	5448
401	5450
396	5452
391	5452
386	5453
381	5454
376	5455
371	5453
366	5453
361	5455
356	5453
351	5452
346	5451
341	5452
336	5451
331	5452
326	5453
321	5455
316	5455
312	5457
307	5458
302	5461
297	5460
292	5458
287	5458
282	5460
277	5461
272	5461
267	5463
262	5462
257	5462
252	5459
247	5459
242	5460
237	5458
232	5455
227	5452
222	5454
217	5457
212	5460
207	5460
202	5458
197	5457
193	5459
188	5460
183	5461
178	5463
132	5012
128	5015
123	5012
119	5009
114	5009
110	5010
106	5010
101	5004
96	4995
92	4993
87	4990
83	4986
78	4983
74	4983
70	4988
66	4992
61	4994
57	4999
53	5008
49	5010
45	5011
40	5009
36	5009
32	5012
27	5016
23	5015
18	5010
10	5470
5	5470
-0	5470
-5	5469
-10	5468
-15	5467
-20	5467
-25	5468
-30	5469
-35	5470
-40	5471
-45	5469
-50	5467
-55	5467
-59	5468
-64	5469
-69	5472
-74	5473
-79	5473
-84	5471
-89	5471
-94	5475
-99	5477
-104	5477
-109	5475
-114	5475
-119	5477
-124	5477
-129	5478
-134	5479
-139	5478
-144	5478
-149	5477
-154	5478
-159	5478
-164	5478
-169	5477
-174	5476
-178	5474
-183	5473
-188	5472
-193	5471
-198	5471
-203	5472
-208	5472
-213	5472
-218	5475
-223	5476
-228	5477
-233	5477
-238	5476
-243	5475
-248	5474
-253	5473
-258	5473
-263	5473
-268	5475
-273	5475
-278	5476
-283	5476
-288	5476
-293	5476
-298	5477
-303	5476
-307	5472
-312	5471
-317	5471
-322	5471
-327	5473
-332	5474
-337	5473
-342	5472
-347	5473
-352	5472
-357	5472
-362	5469
-367	5465
-371	5464
-376	5463
-381	5462
-386	5460
-391	5458
-396	5459
-401	5458
-406	5458
-411	5457
-416	5459
-421	5459
-426	5460
-430	5455
-435	5451
-440	5447
-444	5445
-449	5442
-454	5440
-458	5438
-463	5438
-468	5436
-473	5435
-478	5435
-483	5436
-488	5436
-493	5437
-498	5437
-503	5435
-508	5436
-513	5434
-518	5436
-523	5438
-528	5439
-533	5438
-538	5438
-543	5439
-548	5437
-553	5435
-558	5435
-562	5432
-567	5430
-572	5432
-577	5431
-582	5428
-586	5427
-591	5424
-596	5423
-601	5426
-606	5427
-611	5426
-616	5425
-621	5424
-626	5423
-631	5423
-636	5422
-640	5421
-645	5420
-650	5419
-655	5420
-660	5420
-665	5419
-670	5417
-675	5417
-680	5417
-685	5415
-689	5413
-694	5412
-699	5413
-705	5414
-709	5411
-714	5410
-719	5409
-723	5407
-728	5405
-733	5403
-738	5402
-742	5401
-747	5401
-752	5400
-757	5401
-763	5402
-768	5402
-773	5401
-778	5401
-782	5399
-787	5397
-791	5394
-796	5391
-801	5390
-806	5390
-811	5389
-816	5389
-820	5388
-825	5387
-830	5386
-835	5385
-840	5383
-844	5381
-849	5379
-854	5378
-858	5376
-863	5375
-868	5375
-873	5374
-878	5376
-884	5378
-889	5378
-894	5378
-899	5377
-904	5375
-909	5375
-914	5375
-919	5375
-924	5374
-929	5374
-934	5374
-939	5373
-944	5374
-949	5373
-953	5371
-958	5369
-963	5367
-967	5365
-972	5364
-977	5363
-982	5362
-987	5361
-992	5360
-997	5360
-1002	5359
-1007	5359
-1011	5357
-1017	5359
-1022	5358
-1026	5354
-1030	5350
-1035	5350
-1041	5352
-1046	5351
-1051	5350
-1055	5348
-1060	5347
-1065	5346
-1070	5345
-1075	5344
-1079	5340
-1082	5334
-1086	5330
-1091	5328
-1096	5328
-1100	5324
-1104	5321
-1108	5317
-1113	5314
-1117	5312
-1121	5308
-1125	5304
-1129	5299
-1132	5294
-1137	5291
-1141	5290
-1146	5289
-1151	5288
-1156	5286
-1160	5283
-1164	5281
-1169	5279
-1173	5277
-1178	5274
-1181	5269
-1186	5267
-1191	5266
-1196	5267
-1202	5269
-1207	5269
-1211	5264
-1217	5267
-1223	5270
-1227	5267
-1232	5267
-1236	5263
-1241	5261
-1246	5260
-1251	5262
-1256	5262
-1261	5260
-1266	5259
-1271	5258
-1276	5257
-1281	5257
-1286	5258
-1291	5256
-1295	5254
-1300	5253
-1306	5254
-1311	5253
-1315	5251
-1320	5249
-1324	5247
-1329	5246
-1334	5246
-1339	5243
-1343	5240
-1348	5240
-1353	5238
-1357	5234
-1360	5229
-1363	5224
-1367	5220
-1371	5215
-1375	5213
-1378	5208
-1382	5204
-1386	5199
-1389	5194
-1392	5189
-1396	5185
-1401	5186
-1407	5186
-1412	5185
-1416	5183
-1421	5181
-1425	5179
-1429	5176
-1434	5174
-1438	5172
-1443	5171
-1448	5170
-1452	5167
-1456	5164
-1461	5163
-1465	5159
-1469	5157
-1474	5156
-1478	5152
-1482	5149
-1487	5148
-1492	5149
-1496	5145
-1499	5140
-1503	5136
-1507	5133
-1512	5132
-1516	5130
-1520	5126
-1525	5125
-1530	5126
-1537	5128
-1541	5126
-1545	5123
-1550	5123
-1554	5120
-1559	5117
-1563	5114
-1567	5111
-1571	5108
-1575	5106
-1579	5103
-1583	5100
-1587	5098
-1592	5096
-1596	5094
-1601	5091
-1605	5089
-1610	5087
-1614	5085
-1619	5083
-1622	5080
-1625	5075
-1629	5072
-1635	5072
-1640	5070
-1644	5067
-1648	5065
-1652	5063
-1656	5060
-1661	5058
-1665	5056
-1670	5054
-1674	5053
-1676	5045
-1680	5042
-1684	5039
-1689	5038
-1694	5037
-1699	5036
-1704	5036
-1709	5034
-1712	5030
-1715	5024
-1718	5020
-1723	5018
-1726	5015
-1730	5012
-1734	5009
-1739	5008
-1743	5005
-1749	5005
-1755	5006
-1760	5005
-1764	5003
-1768	5000
-1772	4997
-1776	4995
-1782	4995
-1785	4990
-1788	4985
-1792	4983
-1797	4981
-1802	4981
-1807	4980
-1813	4981
-1818	4980
-1823	4980
-1828	4977
-1832	4975
-1836	4972
-1840	4969
-1844	4967
-1848	4964
-1852	4961
-1857	4959
-1861	4957
-1866	4955
-1870	4952
-1874	4950
-1878	4946
-1881	4942
-1884	4937
-1887	4933
-1891	4931
-1896	4929
-1900	4926
-1903	4922
-1906	4917
-1909	4913
-1913	4910
-1917	4908
-1921	4905
-1925	4901
-1928	4898
-1932	4895
-1937	4893
-1942	4891
-1945	4888
-1948	4884
-1952	4881
-1957	4879
-1961	4877
-1966	4876
-1971	4874
-1976	4872
-1980	4871
-1983	4867
-1986	4861
-1989	4857
-1995	4857
-2000	4856
-2006	4856
-2011	4856
-2018	4857
-2022	4856
-2029	4856
-2032	4853
-2036	4850
-2041	4849
-2046	4848
-2050	4845
-2053	4841
-2057	4837
-2059	4832
-2063	4829
-2068	4827
-2073	4827
-2078	4824
-2082	4822
-2087	4821
-2091	4819
-2095	4815
-2099	4812
-2102	4808
-2106	4806
-2110	4802
-2113	4799
-2116	4794
-2119	4790
-2125	4790
-2129	4788
-2134	4786
-2139	4784
-2144	4783
-2148	4780
-2151	4777
-2155	4773
-2161	4773
-2166	4772
-2169	4768
-2174	4766
-2178	4764
-2181	4760
-2186	4758
-2191	4757
-2196	4755
-2200	4752
-2202	4748
-2206	4744
-2208	4739
-2211	4734
-2216	4732
-2221	4731
-2226	4730
-2232	4730
-2234	4725
-2239	4723
-2245	4723
-2249	4720
-2252	4716
-2257	4714
-2261	4712
-2266	4710
-2271	4709
-2276	4707
-2281	4706
-2284	4702
-2288	4699
-2294	4699
-2297	4695
-2301	4692
-2307	4692
-2313	4691
-2317	4689
-2322	4688
-2325	4683
-2329	4680
-2334	4679
-2339	4677
-2342	4673
-2345	4669
-2349	4666
-2353	4663
-2357	4660
-2360	4656
-2362	4651
-2366	4647
-2371	4646
-2374	4642
-2377	4638
-2381	4635
-2386	4633
-2390	4630
-2394	4628
-2398	4625
-2402	4622
-2407	4620
-2411	4618
-2415	4614
-2419	4611
-2422	4608
-2425	4604
-2429	4601
-2432	4597
-2435	4593
-2438	4589
-2441	4584
-2444	4580
-2449	4578
-2453	4576
-2454	4569
-2466	4576
-2459	4560
-2464	4558
-2470	4558
-2476	4558
-2481	4556
-2487	4555
-2490	4551
-2494	4548
-2498	4545
-2502	4542
-2502	4535
-2504	4530
-2508	4527
-2514	4526
-2517	4522
-2519	4517
-2523	4515
-2528	4513
-2533	4511
-2537	4508
-2541	4505
-2544	4501
-2547	4497
-2552	4495
-2555	4492
-2559	4488
-2564	4487
-2567	4483
-2569	4477
-2570	4472
-2573	4467
-2576	4463
-2579	4459
-2582	4455
-2588	4454
-2589	4448
-2590	4442
-2592	4437
-2595	4433
-2598	4430
-2603	4428
-2607	4424
-2611	4421
-2613	4417
-2616	4412
-2618	4407
-2621	4403
-2623	4399
-2626	4394
-2629	4391
-2631	4386
-2633	4381
-2636	4377
-2640	4374
-2642	4369
-2644	4364
-2647	4360
-2650	4357
-2654	4354
-2657	4350
-2662	4347
-2665	4344
-2670	4342
-2673	4339
-2675	4333
-2672	4323
-2675	4320
-2679	4317
-2684	4315
-2690	4314
-2696	4313
-2698	4308
-2701	4304
-2703	4299
-2706	4295
-2710	4293
-2714	4290
-2716	4285
-2718	4281
-2721	4276
-2721	4269
-2723	4265
-2726	4261
-2730	4258
-2734	4255
-2739	4253
-2744	4251
-2747	4248
-2749	4243
-2751	4238
-2754	4234
-2759	4232
-2761	4227
-2764	4224
-2766	4219
-2767	4213
-2769	4208
-2771	4204
-2777	4202
-2779	4198
-2782	4194
-2785	4190
-2787	4185
-2789	4180
-2790	4175
-2791	4170
-2793	4165
-2794	4159
-2797	4155
-2800	4151
-2802	4147
-2805	4143
-2807	4138
-2809	4134
-2812	4130
-2813	4124
-2814	4119
-2816	4114
-2818	4110
-2821	4106
-2824	4102
-2825	4097
-2827	4092
-2829	4088
-2831	4083
-2833	4078
-2836	4074
-2836	4068
-2838	4064
-2841	4059
-2843	4055
-2846	4051
-2849	4048
-2852	4044
-2853	4039
-2854	4034
-2857	4029
-2860	4026
-2863	4022
-2865	4018
-2864	4010
-2866	4006
-2869	4002
-2871	3998
-2873	3994
-2876	3989
-2878	3985
-2879	3980
-2882	3976
-2885	3972
-2888	3968
-2889	3963
-2890	3958
-2893	3955
-2896	3951
-2898	3947
-2901	3942
-2904	3939
-2905	3934
-2904	3927
-2906	3922
-2909	3919
-2911	3914
-2913	3910
-2915	3906
-2917	3901
-2920	3897
-2922	3893
-2925	3889
-2927	3884
-2926	3878
-2928	3873
-2929	3868
-2930	3863
-2931	3858
-2933	3854
-2934	3849
-2934	3843
-2936	3839
-2938	3834
-2939	3829
-2941	3824
-2943	3821
-2945	3816
-2947	3812
-2947	3806
-2948	3801
-2950	3796
-2951	3791
-2952	3786
-2954	3782
-2955	3777
-2957	3772
-2958	3768
-2960	3763
-2962	3759
-2964	3755
-2966	3750
-2967	3745
-2968	3740
-2966	3733
-2968	3729
-2970	3724
-2971	3720
-2972	3714
-2974	3711
-2975	3706
-2976	3701
-2979	3697
-2982	3693
-2981	3687
-2981	3681
-2983	3677
-2983	3672
-2984	3667
-2988	3664
-2991	3661
-2993	3656
-2993	3651
-2994	3646
-2993	3640
-2994	3634
-2995	3630
-2999	3627
-3000	3622
-3004	3619
-3006	3615
-3006	3610
-3006	3604
-3009	3600
-3004	3592
-3003	3585
-3004	3580
-3007	3577
-3009	3573
-3011	3569
-3011	3563
-3011	3558
-3010	3552
-3007	3545
-3005	3538
-3007	3534
-3007	3529
-3008	3524
-3010	3520
-3013	3516
-3014	3512
-3014	3506
-3012	3500
-3008	3492
-3009	3487
-3011	3483
-3014	3480
-3014	3475
-3012	3468
-3015	3465
-3018	3461
-3017	3456
-3018	3451
-3020	3447
-3020	3441
-3022	3437
-3023	3433
-3021	3426
-3018	3419
-3019	3415
-3024	3413
-3027	3409
-3026	3403
-3027	3398
-3029	3395
-3030	3390
-3030	3385
-3030	3380
-3030	3375
-3029	3369
-3030	3364
-3031	3360
-3034	3356
-3035	3352
-3035	3347
-3037	3342
-3038	3338
-3039	3334
-3041	3330
-3042	3325
-3043	3321
-3041	3314
-3041	3309
-3042	3305
-3042	3300
-3040	3294
-3043	3290
-3045	3286
-3047	3282
-3050	3279
-3051	3274
-3049	3269
-3049	3263
-3050	3259
-3052	3255
-3052	3250
-3052	3245
-3054	3241
-3057	3237
-3058	3233
-3060	3229
-3060	3224
-3060	3219
-3059	3214
-3060	3209
-3059	3204
-3058	3199
-3058	3194
-3058	3189
-3059	3184
-3059	3180
-3058	3174
-3058	3169
-3059	3165
-3057	3159
-3059	3155
-3060	3151
-3060	3146
-3060	3141
-3060	3136
-3060	3131
-3061	3127
-3060	3122
-3061	3118
-3062	3113
-3063	3109
-3063	3104
-3062	3099
-3063	3094
-3063	3089
-3063	3085
-3062	3079
-3063	3075
-3064	3071
-3065	3067
-3064	3062
-3063	3056
-3065	3052
-3067	3048
-3065	3043
-3065	3038
-3065	3033
-3064	3028
-3065	3024
-3066	3020
-3067	3016
-3067	3011
-3065	3005
-3066	3001
-3067	2997
-3067	2992
-3067	2987
-3067	2983
-3067	2978
-3066	2973
-3068	2969
-3069	2965
-3070	2961
-3071	2957
-3069	2951
-3069	2946
-3068	2941
-3068	2937
-3068	2932
-3068	2928
-3069	2923
-3068	2919
-3069	2914
-3070	2910
-3070	2906
-3070	2901
-3069	2896
-3070	2892
-3070	2887
-3067	2881
-3067	2877
-3068	2872
-3068	2868
-3068	2864
-3067	2859
-3068	2855
-3068	2850
-3067	2845
-3067	2841
-3066	2836
-3065	2831
-3067	2827
-3067	2823
-3067	2818
-3064	2812
-3063	2808
-3064	2804
-3063	2799
-3062	2794
-3064	2790
-3064	2786
-3063	2781
-3061	2776
-3061	2771
-3061	2767
-3063	2763
-3062	2758
-3062	2754
-3059	2749
-3059	2744
-3053	2737
-3055	2734
-3057	2730
-3059	2726
-3058	2722
-3057	2717
-3055	2712
-3057	2708
-3056	2703
-3054	2699
-3055	2694
-3056	2690
-3056	2686
-3057	2682
-3056	2677
-3053	2672
-3052	2667
-3052	2663
-3050	2658
-3051	2654
-3051	2650
-3051	2645
-3050	2641
-3050	2637
-3050	2632
-3048	2627
-3047	2623
-3048	2619
-3046	2614
-3047	2610
-3045	2605
-3043	2600
-3041	2595
-3041	2591
-3039	2586
-3038	2582
-3038	2577
-3040	2573
-3036	2568
-3032	2563
-3031	2558
-3031	2554
-3030	2549
-3031	2546
-3033	2542
-3029	2537
-3029	2532
-3028	2528
-3028	2524
-3029	2520
-3027	2515
-3025	2510
-3025	2506
-3024	2502
-3024	2498
-3024	2493
-3023	2489
-3022	2485
-3019	2480
-3018	2475
-3017	2471
-3018	2467
-3020	2463
-3021	2460
-3021	2455
-3019	2451
-3016	2446
-3017	2442
-3016	2437
-3014	2433
-3012	2428
-3010	2424
-3009	2419
-3007	2415
-3007	2411
-3009	2407
-3009	2403
-3008	2399
-3005	2394
-3004	2390
-3004	2385
-3004	2381
-3002	2377
-3002	2373
-3003	2369
-3002	2365
-3000	2360
-2998	2356
-2997	2352
-2997	2347
-2994	2343
-2995	2339
-2997	2335
-2997	2331
-2995	2327
-2992	2322
-2990	2318
-2989	2314
-2988	2309
-2986	2305
-2986	2301
-2986	2297
-2984	2293
-2983	2288
-2982	2284
-2983	2280
-2982	2276
-2979	2271
-2978	2267
-2978	2263
-2977	2259
-2976	2255
-2974	2251
-2974	2247
-2974	2243
-2976	2239
-2974	2235
-2973	2231
-2973	2227
-2973	2223
-2973	2219
-2973	2215
-2972	2211
-2970	2207
-2971	2203
-2970	2199
-2968	2195
-2968	2191
-2968	2187
-2964	2182
-2961	2178
-2964	2174
-2964	2170
-2962	2166
-2961	2162
-2958	2158
-2958	2154
-2958	2150
-2955	2146
-2955	2142
-2954	2138
-2953	2134
-2953	2130
-2952	2126
-2953	2122
-2952	2118
-2953	2114
-2952	2110
-2950	2106
-2949	2102
-2947	2098
-2947	2094
-2947	2090
-2946	2086
-2942	2082
-2940	2078
-2940	2074
-2942	2070
-2940	2066
-2938	2062
-2937	2058
-2938	2055
-2935	2050
-2935	2047
-2933	2043
-2931	2038
-2928	2034
-2928	2030
-2928	2027
-2929	2023
-2928	2019
-2929	2015
-2927	2011
-2925	2007
-2923	2003
-2922	1999
-2923	1996
-2922	1992
-2922	1988
-2919	1984
-2918	1980
-2919	1976
-2919	1973
-2918	1969
-2917	1965
-2916	1961
-2917	1957
-2916	1953
-2913	1949
-2913	1946
-2912	1942
-2912	1938
-2912	1934
-2909	1930
-2907	1926
-2907	1923
-2907	1919
-2906	1915
-2907	1911
-2907	1908
-2907	1904
-2906	1900
-2907	1896
-2905	1892
-2903	1889
-2902	1885
-2901	1881
-2899	1877
-2895	1873
-2896	1870
-2897	1866
-2896	1862
-2893	1858
-2892	1854
-2891	1851
-2890	1847
-2890	1843
-2889	1839
-2889	1836
-2888	1832
-2886	1828
-2883	1824
-2882	1820
-2882	1817
-2880	1813
-2878	1809
-2873	1805
-2872	1802
-2873	1798
-2874	1794
-2875	1791
-2876	1787
-2875	1783
-2875	1780
-2873	1776
-2871	1772
-2870	1768
-2870	1765
-2870	1761
-2869	1757
-2868	1754
-2865	1750
-2866	1746
-2866	1743
-2864	1739
-2862	1735
-2861	1731
-2861	1728
-2859	1724
-2857	1720
-2856	1717
-2854	1713
-2854	1709
-2855	1706
-2855	1702
-2852	1698
-2849	1695
-2849	1691
-2848	1688
-2848	1684
-2846	1680
-2843	1677
-2841	1673
-2843	1669
-2845	1666
-2844	1662
-2841	1658
-2839	1655
-2840	1651
-2840	1648
-2839	1644
-2839	1640
-2838	1637
-2833	1633
-2832	1630
-2834	1626
-2835	1622
-2833	1619
-2829	1615
-2829	1611
-2830	1608
-2829	1604
-2828	1601
-2826	1597
-2824	1593
-2825	1590
-2823	1586
-2822	1583
-2822	1579
-2822	1575
-2821	1572
-2819	1568
-2817	1565
-2815	1561
-2815	1558
-2814	1554
-2811	1551
-2809	1547
-2810	1544
-2810	1540
-2809	1536
-2809	1533
-2808	1529
-2807	1526
-2806	1522
-2805	1519
-2804	1515
-2801	1512
-2800	1508
-2800	1505
-2800	1501
-2798	1497
-2797	1494
-2795	1490
-2792	1487
-2790	1484
-2791	1480
-2792	1476
-2791	1473
-2788	1469
-2786	1466
-2786	1462
-2785	1459
-2784	1455
-2783	1452
-2781	1448
-2781	1445
-2781	1441
-2778	1438
-2777	1434
-2776	1431
-2773	1428
-2772	1424
-2773	1421
-2772	1417
-2770	1414
-2767	1410
-2760	1408
-2760	1404
-2765	1400
-2763	1397
-2764	1393
-2763	1389
-2758	1386
-2754	1383
-2754	1380
-2756	1376
-2757	1372
-2757	1369
-2756	1365
-2754	1362
-2754	1358
-2753	1355
-2753	1351
-2751	1348
-2749	1345
-2749	1341
-2748	1338
-2746	1334
-2745	1331
-2745	1327
-2740	1324
-2739	1321
-2738	1317
-2738	1314
-2737	1310
-2736	1307
-2736	1303
-2735	1300
-2732	1297
-2731	1293
-2730	1290
-2729	1287
-2727	1283
-2726	1280
-2724	1277
-2723	1273
-2721	1270
-2720	1267
-2718	1263
-2717	1260
-2716	1257
-2715	1253
-2715	1250
-2713	1246
-2712	1243
-2710	1240
-2710	1236
-2709	1233
-2707	1229
-2706	1226
-2704	1223
-2703	1220
-2702	1216
-2702	1212
-2703	1209
-2700	1206
-2699	1202
-2698	1199
-2697	1196
-2696	1192
-2694	1189
-2692	1186
-2692	1182
-2691	1179
-2689	1176
-2690	1172
-2689	1169
-2688	1165
-2687	1162
-2686	1158
-2684	1155
-2685	1152
-2683	1148
-2681	1145
-2681	1142
-2680	1138
-2676	1136
-2675	1132
-2675	1129
-2673	1125
-2670	1122
-2667	1119
-2667	1116
-2666	1113
-2665	1109
-2664	1106
-2666	1102
-2666	1098
-2664	1095
-2663	1092
-2663	1088
-2661	1085
-2660	1082
-2659	1078
-2658	1075
-2657	1072
-2656	1068
-2656	1065
-2655	1061
-2653	1058
-2652	1055
-2651	1052
-2649	1049
-2648	1045
-2647	1042
-2644	1039
-2642	1036
-2640	1033
-2638	1030
-2637	1026
-2636	1023
-2635	1020
-2633	1017
-2632	1013
-2632	1010
-2632	1006
-2631	1003
-2630	999
-2630	996
-2629	992
-2628	989
-2626	986
-2624	983
-2623	980
-2622	976
-2621	973
-2619	970
-2619	966
-2617	963
-2616	960
-2614	957
-2613	954
-2611	951
-2610	947
-2609	944
-2608	941
-2608	937
-2606	934
-2605	931
-2604	927
-2603	924
-2600	921
-2599	918
-2599	914
-2599	911
-2597	908
-2595	905
-2594	901
-2592	898
-2591	895
-2590	892
-2590	888
-2588	885
-2587	882
-2586	878
-2585	875
-2584	872
-2582	869
-2581	866
-2579	863
-2578	859
-2577	856
-2575	853
-2575	849
-2574	846
-2573	842
-2572	839
-2570	836
-2569	833
-2568	830
-2566	827
-2564	824
-2562	820
-2562	817
-2561	814
-2560	810
-2558	807
-2558	804
-2556	801
-2556	797
-2555	794
-2552	791
-2552	787
-2550	785
-2549	781
-2549	777
-2548	774
-2545	772
-2543	769
-2542	765
-2541	762
-2541	758
-2539	755
-2537	752
-2535	749
-2534	746
-2533	743
-2533	739
-2531	736
-2531	732
-2531	729
-2531	725
-2530	722
-2531	718
-2529	714
-2528	711
-2528	707
-2527	704
-2525	701
-2523	698
-2521	695
-2520	692
-2520	688
-2519	685
-2518	681
-2516	679
-2516	675
-2514	672
-2512	669
-2510	666
-2508	663
-2507	660
-2507	656
-2507	652
-2506	649
-2503	646
-2499	644
-2499	640
-2499	637
-2498	633
-2498	630
-2496	627
-2495	623
-2493	620
-2493	617
-2491	614
-2490	610
-2490	607
-2488	603
-2487	600
-2484	598
-2483	594
-2482	591
-2481	588
-2480	584
-2478	581
-2477	578
-2475	575
-2474	572
-2473	568
-2473	565
-2471	561
-2471	558
-2468	555
-2467	552
-2466	548
-2464	546
-2462	543
-2462	539
-2459	536
-2459	533
-2457	530
-2456	526
-2455	523
-2453	520
-2453	516
-2450	514
-2450	510
-2448	507
-2447	504
-2444	501
-2443	497
-2442	494
-2440	491
-2440	488
-2439	484
-2439	480
-2438	477
-2436	474
-2435	470
-2435	467
-2432	464
-2431	461
-2430	457
-2428	454
-2427	451
-2425	448
-2423	445
-2422	442
-2422	438
-2421	434
-2419	431
-2418	428
-2416	425
-2416	421
-2415	418
-2413	415
-2410	412
-2409	409
-2408	406
-2407	402
-2405	399
-2403	397
-2402	393
-2401	389
-2400	386
-2399	383
-2398	379
-2396	376
-2395	373
-2393	370
-2392	367
-2391	363
-2390	359
-2389	356
-2387	353
-2384	351
-2382	348
-2380	345
-2380	341
-2379	338
-2377	335
-2375	332
-2374	328
-2372	325
-2371	322
-2367	320
-2365	317
-2365	313
-2365	309
-2362	306
-2361	303
-2361	299
-2359	296
-2358	293
-2358	289
-2356	286
-2353	283
-2351	280
-2350	277
-2350	273
-2348	270
-2347	266
-2345	263
-2343	260
-2342	257
-2341	254
-2340	250
-2339	247
-2337	244
-2335	241
-2335	237
-2332	234
-2329	232
-2328	228
-2326	225
-2324	222
-2324	218
-2323	215
-2319	213
-2315	212
-2310	210
-2308	208
-2303	207
-2299	205
-2295	204
-2292	201
-2290	198
-2289	195
-2287	192
-2288	187
-2285	185
-2283	182
-2281	179
-2280	176
-2279	172
-2278	168
-2277	165
-2276	161
-2274	158
-2272	156
-2272	152
-2271	147
-2270	144
-2267	142
-2266	138
-2265	135
-2264	131
-2264	127
-2262	124
-2260	121
-2259	117
-2259	113
-2258	109
-2257	105
-2256	102
-2255	98
-2251	97
-2250	93
-2249	90
-2249	85
-2248	82
-2245	79
-2244	75
-2242	73
-2241	69
-2239	66
-2238	62
-2237	59
-2235	55
-2233	53
-2231	50
-2230	46
-2230	42
-2229	38
-2228	34
-2226	31
-2224	28
-2222	25
-2221	22
-2219	19
-2217	16
-2216	12
-2215	8
-2214	4
-2212	1
-2211	-2
-2208	-5
-2207	-8
-2204	-11
-2203	-14
-2203	-19
-2201	-22
-2199	-25
-2198	-29
-2196	-32
-2196	-36
-2196	-41
-2195	-45
-2192	-47
-2190	-50
-2188	-53
-2188	-57
-2187	-61
-2185	-65
-2184	-69
-2183	-72
-2181	-76
-2181	-80
-2180	-84
-2178	-87
-2176	-90
-2174	-93
-2173	-97
-2171	-100
-2169	-103
-2167	-106
-2166	-110
-2163	-112
-2162	-116
-2158	-117
-2161	-125
-2160	-129
-2158	-132
-2157	-135
-2156	-140
-2141	-132
-2144	-139
-2147	-146
-2148	-152
-2148	-157
-2144	-159
-2143	-163
-2143	-167
-2141	-170
-2139	-173
-2138	-178
-2136	-180
-2134	-184
-2132	-186
-2130	-190
-2130	-195
-2129	-199
-2126	-201
-2122	-203
-2121	-207
-2120	-211
-2104	-201
-2092	-195
-2089	-197
-2088	-200
-2086	-204
-2080	-203
-2075	-203
-2071	-205
-2068	-207
-2064	-208
-2060	-209
-2054	-208
-2046	-205
-2038	-203
-2033	-204
-2030	-205
-2026	-206
-2023	-209
-2018	-208
-2009	-205
-2006	-206
-2002	-208
-1997	-208
-1992	-208
-1989	-210
-1985	-211
-1980	-211
-1975	-211
-1972	-213
-1970	-216
-1966	-217
-1958	-214
-1953	-214
-1947	-213
-1943	-214
-1939	-215
-1935	-216
-1931	-217
-1926	-217
-1922	-218
-1920	-221
-1917	-223
-1909	-219
-1903	-217
-1898	-218
-1893	-218
-1888	-217
-1884	-218
-1880	-219
-1872	-216
-1864	-212
-1861	-214
-1851	-208
-1841	-203
-1835	-201
-1832	-203
-1830	-206
-1825	-205
-1819	-204
-1815	-204
-1811	-205
-1810	-209
-1810	-214
-1817	-227
-1816	-231
-1819	-239
-1791	-213
-1783	-210
-1776	-207
-1770	-205
-1766	-206
-1763	-208
-1762	-211
-1760	-213
-1754	-212
-1754	-217
-1751	-219
-1748	-221
-1743	-220
-1734	-215
-1729	-214
-1723	-212
-1719	-212
-1712	-209
-1703	-204
-1696	-201
-1690	-199
-1686	-200
-1685	-203
-1686	-209
-1685	-214
-1683	-216
-1681	-219
-1680	-223
-1669	-214
-1662	-211
-1657	-210
-1654	-212
-1651	-214
-1647	-213
-1640	-210
-1630	-203
-1623	-200
-1622	-204
-1621	-207
-1619	-210
-1616	-211
-1611	-211
-1608	-212
-1601	-208
-1596	-208
-1596	-212
-1594	-215
-1586	-210
-1580	-208
-1578	-211
-1573	-210
-1568	-208
-1558	-201
-1553	-199
-1550	-201
-1547	-202
-1542	-201
-1534	-196
-1528	-192
-1523	-192
-1515	-187
-1503	-176
-1495	-170
-1490	-169
-1487	-170
-1485	-173
-1482	-174
-1480	-176
-1479	-179
-1477	-183
-1476	-186
-1473	-187
-1469	-187
-1466	-189
-1463	-190
-1467	-200
-1460	-196
-1454	-193
-1441	-180
-1434	-176
-1428	-172
-1422	-170
-1423	-176
-1426	-186
-1426	-191
-1422	-189
-1416	-186
-1408	-182
-1403	-179
-1399	-179
-1396	-180
-1395	-184
-1396	-190
-1394	-192
-1392	-195
-1385	-190
-1378	-185
-1371	-181
-1368	-181
-1364	-181
-1361	-182
-1357	-181
-1353	-181
-1350	-181
-1347	-182
-1343	-182
-1339	-182
-1337	-184
-1335	-186
-1331	-186
-1328	-187
-1326	-188
-1324	-191
-1321	-192
-1317	-191
-1313	-191
-1313	-196
-1310	-197
-1296	-180
-1293	-181
-1287	-179
-1283	-178
-1279	-177
-1276	-177
-1273	-178
-1271	-180
-1268	-181
-1264	-181
-1260	-180
-1257	-180
-1255	-182
-1251	-181
-1247	-181
-1244	-182
-1240	-180
-1237	-180
-1233	-180
-1230	-181
-1227	-181
-1224	-181
-1220	-181
-1216	-180
-1211	-177
-1207	-176
-1205	-178
-1202	-179
-1198	-178
-1194	-176
-1191	-178
-1186	-175
-1183	-176
-1179	-175
-1175	-173
-1172	-173
-1171	-177
-1169	-180
-1166	-179
-1162	-179
-1159	-179
-1156	-179
-1153	-181
-1150	-181
-1146	-180
-1144	-181
-1139	-179
-1135	-178
-1132	-178
-1129	-178
-1125	-176
-1122	-177
-1118	-176
-1115	-176
-1113	-178
-1110	-179
-1107	-179
-1104	-179
-1100	-179
-1098	-181
-1096	-182
-1092	-182
-1088	-179
-1085	-180
-1083	-181
-1080	-182
-1077	-182
-1073	-182
-1071	-183
-1068	-184
-1065	-183
-1062	-184
-1057	-181
-1054	-181
-1051	-181
-1048	-182
-1045	-182
-1040	-178
-1038	-180
-1035	-180
-1031	-178
-1027	-178
-1025	-180
-1022	-180
-1019	-180
-1014	-176
-1013	-180
-1010	-179
-996	-158
-994	-161
-1000	-179
-998	-181
-996	-183
-981	-159
-988	-179
-989	-186
-986	-187
-983	-187
-979	-185
-977	-187
-960	-158
-959	-164
-957	-166
-954	-165
-936	-133
-932	-132
-929	-132
-927	-133
-925	-135
-922	-134
-919	-135
-919	-140
-919	-147
-918	-151
-916	-153
-913	-153
-907	-148
-901	-140
-896	-135
-894	-136
-892	-139
-890	-141
-888	-142
-888	-149
-888	-156
-887	-160
-884	-160
-880	-158
-875	-153
-871	-150
-867	-148
-864	-147
-861	-146
-858	-146
-855	-146
-852	-146
-783	-4
-780	-2
-777	-1
-773	1
-770	2
-768	2
-765	1
-763	1
-760	2
-758	1
-755	1
-753	0
-750	0
-748	0
-745	0
-742	0
-739	1
-737	0
-734	1
-733	-2
-734	-10
-734	-16
-732	-19
-728	-14
-723	-9
-720	-8
-719	-11
-718	-17
-718	-23
-746	-131
-745	-135
-743	-139
-742	-142
-740	-143
-737	-144
-735	-145
-732	-146
-730	-147
-728	-148
-725	-149
-723	-151
-721	-151
-718	-151
-715	-151
-713	-152
-710	-152
-708	-153
-706	-155
-703	-155
-698	-150
-694	-145
-691	-144
-688	-144
-686	-144
-683	-143
-681	-145
-679	-147
-680	-158
-678	-161
-675	-159
-672	-158
-669	-159
-667	-159
-664	-159
-661	-158
-657	-155
-655	-155
-651	-153
-648	-152
-646	-151
-643	-153
-640	-152
-638	-154
-636	-155
-634	-158
-633	-162
-631	-163
-627	-161
-623	-155
-619	-150
-615	-146
-612	-145
-609	-145
-607	-146
-605	-147
-603	-149
-601	-153
-603	-169
-601	-170
-596	-163
-590	-150
-584	-140
-581	-135
-578	-135
-575	-134
-572	-134
-570	-133
-567	-133
-565	-137
-564	-142
-564	-149
-562	-154
-561	-157
-558	-158
-556	-160
-554	-162
-553	-168
-553	-176
-551	-181
-549	-181
-547	-184
-545	-186
-542	-186
-540	-186
-537	-186
-534	-185
-532	-187
-529	-185
-526	-185
-524	-186
-521	-185
-519	-186
-516	-186
-513	-185
-511	-186
-508	-185
-505	-184
-503	-185
-501	-186
-498	-187
-496	-186
-493	-186
-490	-185
-488	-185
-485	-185
-482	-185
-480	-186
-477	-185
-475	-185
-472	-185
-470	-186
-467	-185
-464	-185
-462	-186
-459	-185
-457	-186
-454	-185
-452	-186
-449	-184
-447	-186
-444	-186
-441	-185
-439	-185
-436	-186
-434	-185
-431	-186
-429	-186
-426	-187
-424	-186
-421	-187
-419	-186
-416	-186
-414	-186
-411	-186
-408	-186
-406	-185
-403	-186
-401	-186
-398	-187
-396	-186
-393	-186
-391	-186
-388	-185
-385	-185
-383	-185
-381	-187
-378	-185
-375	-186
-373	-186
-371	-187
-368	-186
-365	-185
-363	-186
-360	-186
-358	-186
-355	-186
-353	-186
-350	-186
-348	-186
-346	-187
-343	-187
-340	-186
-338	-187
-335	-186
-333	-186
-330	-187
-328	-186
-325	-185
-323	-187
-320	-187
-318	-187
-315	-187
-313	-187
-310	-186
-308	-186
-305	-186
-303	-185
-300	-186
-298	-186
-295	-185
-293	-186
-290	-186
-288	-186
-285	-186
-283	-186
-280	-186
-278	-187
-276	-188
-273	-187
-270	-186
-268	-186
-266	-187
-263	-187
-260	-185
-258	-186
-255	-186
-253	-186
-250	-185
-248	-185
-245	-185
-243	-186
-241	-186
-238	-185
-236	-185
-233	-185
-231	-186
-228	-186
-226	-187
-223	-187
-221	-186
-218	-186
-216	-186
-213	-185
-210	-177
-207	-172
-205	-171
-202	-167
-200	-168
-197	-168
-195	-168
-192	-169
-190	-169
-188	-169
-185	-171
-183	-171
-180	-172
-178	-175
-176	-175
-173	-175
-171	-178
-169	-182
-167	-186
-164	-186
-162	-185
-159	-185
-157	-185
0	0
0	0
0	0
0	0
0	0
0	0
0	0
0	0
0	0
0	0
0	0
0	0
0	0
0	0
0	0
0	0
0	0
0	0
0	0
0	0
0	0
0	0
0	0
0	0
0	0
0	0
0	0
0	0
0	0
0	0
0	0
0	0
0	0
0	0
0	0
0	0
0	0
0	0
0	0
0	0
0	0
0	0
0	0
0	0
0	0
0	0
0	0
0	0
0	0
0	0
0	0
0	0
0	0
0	0
0	0
0	0
0	0
0	0
0	0
0	0
0	0
0	0
0	0
0	0
0	0
0	0
0	0
0	0
0	0
0	0
0	0
0	0
0	0
0	0
0	0
0	0
0	0
0	0
0	0
0	0
0	0
0	0
0	0
0	0
0	0
0	0
0	0
0	0
0	0
0	0
0	0
0	0
0	0
0	0
0	0
0	0
0	0
0	0
0	0
0	0
0	0
0	0
0	0
0	0
0	0
0	0
0	0
0	0
0	0
0	0
0	0
0	0
0	0
0	0
0	0
0	0
0	0
0	0
0	0
0	0
0	0
0	0
149	-186
151	-186
154	-185
156	-186
159	-187
161	-185
164	-186
166	-186
169	-186
171	-184
173	-184
176	-186
178	-185
181	-185
183	-185
186	-184
188	-185
191	-185
193	-185
196	-185
198	-186
201	-186
203	-185
206	-185
208	-184
211	-185
213	-186
216	-185
219	-186
221	-185
223	-185
226	-185
229	-186
231	-186
234	-186
236	-185
238	-185
241	-184
243	-184
246	-185
249	-185
251	-186
254	-185
256	-186
259	-185
261	-185
264	-185
266	-184
269	-185
271	-185
274	-185
276	-185
279	-186
282	-185
284	-185
287	-186
289	-185
292	-185
294	-185
297	-185
299	-184
302	-184
304	-185
307	-186
310	-186
312	-185
314	-184
317	-186
320	-186
322	-185
325	-185
327	-186
330	-185
332	-184
335	-184
337	-184
340	-184
343	-186
345	-186
348	-186
351	-187
353	-186
356	-186
358	-184
361	-185
363	-185
366	-185
368	-185
371	-185
374	-185
376	-185
379	-185
381	-185
384	-185
387	-186
389	-185
392	-186
394	-185
397	-185
399	-185
402	-185
405	-184
407	-185
410	-186
413	-186
415	-185
418	-184
421	-186
423	-186
426	-185
428	-185
431	-185
433	-184
436	-185
439	-185
441	-184
444	-185
447	-185
449	-184
451	-183
454	-184
457	-185
459	-183
462	-184
465	-184
467	-183
470	-184
473	-185
476	-184
478	-184
481	-185
483	-184
486	-182
488	-182
491	-183
494	-182
496	-181
499	-181
501	-180
503	-179
506	-178
508	-178
511	-178
513	-177
515	-174
518	-174
520	-174
523	-173
525	-172
528	-173
533	-180
537	-183
540	-183
543	-185
545	-185
547	-182
549	-179
552	-179
554	-179
557	-178
559	-177
562	-177
565	-177
567	-176
569	-173
570	-170
573	-168
573	-163
576	-164
580	-167
584	-171
589	-176
592	-178
595	-178
598	-179
600	-178
601	-171
599	-159
599	-152
601	-150
604	-149
606	-148
609	-148
614	-156
619	-161
623	-163
624	-160
626	-157
628	-155
630	-154
633	-153
635	-152
638	-152
640	-149
642	-148
645	-149
648	-149
651	-149
655	-154
659	-156
661	-155
664	-154
666	-153
668	-152
671	-153
677	-160
682	-164
682	-159
682	-151
682	-145
684	-144
687	-143
689	-142
693	-143
696	-144
700	-147
705	-151
708	-152
711	-152
713	-151
715	-150
718	-149
720	-148
723	-148
725	-146
727	-145
730	-144
732	-143
735	-143
737	-142
739	-140
742	-139
743	-136
745	-133
746	-129
746	-124
746	-117
746	-111
719	-19
719	-13
719	-9
721	-7
722	-3
724	-1
726	1
728	2
731	1
733	1
736	2
739	2
742	1
745	0
748	-2
750	1
753	-0
756	-0
758	1
761	0
764	0
772	1
774	3
777	1
779	2
783	1
865	-146
853	-116
856	-116
859	-115
861	-114
863	-112
866	-112
869	-112
872	-112
875	-112
878	-111
881	-112
885	-113
889	-116
896	-123
908	-140
920	-158
922	-155
922	-150
924	-147
924	-142
926	-139
928	-137
930	-135
932	-133
935	-134
941	-139
954	-156
967	-174
976	-185
979	-185
982	-184
984	-182
986	-180
988	-178
992	-178
995	-178
997	-177
1000	-176
1003	-176
1007	-176
1010	-177
1014	-178
1018	-178
1021	-178
1023	-176
1025	-175
1030	-177
1033	-177
1037	-177
1040	-177
1043	-177
1047	-178
1051	-178
1053	-177
1056	-176
1060	-177
1064	-178
1066	-176
1069	-176
1071	-174
1075	-175
1081	-180
1084	-178
1086	-177
1089	-176
1093	-176
1096	-176
1100	-177
1103	-177
1107	-177
1110	-177
1113	-176
1116	-176
1120	-176
1123	-175
1126	-174
1131	-177
1134	-176
1137	-176
1140	-176
1143	-175
1145	-173
1149	-173
1154	-176
1157	-175
1160	-175
1163	-174
1166	-173
1170	-173
1174	-174
1178	-175
1184	-178
1187	-177
1190	-177
1193	-176
1196	-176
1200	-176
1204	-177
1208	-177
1211	-177
1213	-174
1217	-174
1221	-175
1225	-176
1229	-176
1233	-176
1238	-179
1242	-179
1245	-179
1248	-178
1251	-177
1254	-176
1259	-178
1263	-177
1266	-177
1269	-176
1272	-175
1276	-176
1281	-178
1285	-178
1288	-177
1294	-180
1297	-179
1301	-179
1306	-181
1312	-184
1313	-180
1321	-186
1330	-193
1335	-194
1338	-194
1344	-196
1354	-205
1357	-204
1368	-213
1353	-188
1354	-185
1357	-184
1361	-183
1365	-184
1370	-184
1374	-185
1378	-185
1383	-186
1386	-185
1389	-184
1392	-182
1395	-181
1398	-180
1402	-180
1405	-180
1411	-182
1415	-182
1419	-182
1424	-183
1429	-184
1437	-189
1449	-200
1451	-197
1452	-193
1452	-188
1456	-188
1460	-187
1463	-186
1465	-184
1471	-187
1483	-196
1487	-196
1491	-196
1493	-193
1494	-190
1497	-188
1501	-188
1506	-189
1511	-190
1514	-189
1517	-187
1522	-188
1528	-189
1533	-190
1536	-190
1539	-188
1543	-188
1551	-192
1555	-192
1560	-192
1563	-191
1567	-190
1573	-193
1581	-197
1585	-197
1588	-194
1595	-198
1589	-186
1588	-180
1591	-178
1595	-178
1598	-177
1604	-178
1609	-179
1614	-179
1617	-178
1621	-177
1625	-177
1630	-177
1632	-175
1635	-174
1642	-176
1650	-180
1656	-182
1661	-182
1668	-184
1670	-182
1674	-181
1676	-178
1678	-176
1681	-174
1683	-172
1685	-169
1687	-166
1688	-162
1690	-159
1694	-159
1700	-160
1705	-161
1709	-160
1719	-165
1729	-172
1739	-176
1743	-176
1748	-177
1752	-176
1755	-174
1759	-172
1762	-171
1766	-170
1769	-168
1772	-166
1777	-167
1786	-171
1790	-170
1795	-170
1800	-170
1803	-168
1807	-168
1813	-169
1819	-170
1826	-172
1830	-171
1834	-170
1838	-169
1845	-171
1854	-175
1857	-173
1860	-171
1865	-171
1874	-175
1882	-177
1891	-182
1897	-182
1899	-179
1902	-178
1906	-176
1908	-173
1913	-173
1917	-172
1922	-171
1924	-169
1927	-167
1931	-165
1933	-162
1946	-169
1948	-167
1951	-165
1955	-163
1958	-161
1965	-162
1969	-162
1976	-163
1981	-163
1985	-162
1988	-159
1990	-156
1992	-153
1994	-150
2000	-150
2005	-150
2012	-151
2017	-151
2020	-149
2023	-147
2028	-146
2035	-148
2044	-150
2043	-145
2044	-141
2048	-139
2052	-138
2056	-136
2059	-134
2061	-131
2085	-147
2090	-147
2090	-142
2092	-138
2097	-138
2105	-140
2105	-135
2107	-132
2112	-131
2119	-132
2126	-133
2128	-130
2131	-128
2137	-127
2140	-126
2147	-126
2151	-125
2156	-124
2161	-123
2167	-123
2175	-125
2181	-125
2192	-129
2193	-125
2193	-120
2198	-119
2202	-117
2208	-117
2214	-117
2216	-114
2218	-111
2218	-106
2217	-100
2221	-99
2230	-101
2233	-98
2238	-98
2246	-99
2253	-99
2256	-97
2254	-90
2254	-86
2258	-84
2263	-83
2262	-77
2260	-71
2258	-65
2258	-60
2261	-58
2264	-55
2265	-51
2265	-46
2267	-43
2269	-40
2269	-35
2269	-30
2268	-25
2268	-20
2274	-19
2273	-15
2275	-11
2275	-6
2277	-3
2280	-1
2282	2
2276	11
2274	17
2276	21
2279	23
2280	27
2278	33
2279	37
2282	40
2281	45
2280	50
2278	56
2281	58
2282	63
2280	68
2281	72
2282	76
2280	82
2282	85
2284	88
2286	91
2277	102
2276	107
2278	110
2278	114
2280	118
2282	121
2284	123
2285	128
2284	133
2284	137
2285	141
2282	147
2282	152
2285	154
2287	157
2289	160
2290	164
2290	168
2290	172
2292	176
2293	180
2293	184
2293	188
2293	192
2295	196
2296	199
2296	204
2299	206
2300	210
2297	215
2299	219
2300	223
2299	227
2301	230
2305	233
2306	236
2307	239
2309	243
2310	247
2313	249
2318	250
2321	252
2324	255
2323	259
2322	265
2319	270
2319	275
2319	279
2320	283
2323	285
2322	290
2322	294
2322	298
2324	301
2325	305
2329	307
2329	311
2330	314
2333	317
2334	321
2334	324
2333	329
2332	334
2331	339
2333	342
2335	345
2334	350
2334	354
2336	356
2336	360
2336	364
2338	368
2338	372
2339	375
2338	380
2339	384
2340	387
2340	391
2341	394
2342	398
2345	401
2347	403
2348	407
2350	410
2350	414
2349	419
2349	423
2348	427
2350	430
2354	432
2356	435
2356	439
2357	443
2358	446
2357	451
2356	455
2356	459
2359	462
2361	465
2362	468
2363	471
2364	475
2365	479
2365	482
2366	486
2367	489
2367	493
2367	497
2367	501
2372	503
2375	505
2371	511
2372	514
2374	518
2374	521
2376	524
2379	527
2379	531
2378	535
2377	539
2380	542
2380	546
2381	549
2383	552
2384	556
2385	559
2385	563
2387	566
2386	570
2387	574
2389	577
2390	580
2391	583
2391	587
2388	593
2387	597
2389	600
2390	603
2392	606
2395	609
2396	612
2396	616
2395	620
2396	624
2398	626
2400	630
2402	633
2403	636
2404	639
2404	643
2404	647
2405	650
2405	654
2402	659
2403	663
2402	667
2403	670
2405	673
2405	677
2407	680
2409	683
2407	687
2407	691
2406	695
2408	698
2410	701
2411	704
2413	707
2415	711
2414	714
2413	718
2414	722
2416	725
2416	729
2415	733
2415	736
2417	739
2421	742
2422	745
2424	748
2424	752
2424	755
2424	759
2425	762
2425	766
2424	770
2424	774
2425	777
2427	780
2428	783
2430	786
2430	790
2429	794
2431	797
2433	800
2433	804
2434	807
2434	811
2435	814
2436	817
2438	820
2439	824
2441	827
2441	830
2439	835
2438	839
2436	843
2436	847
2438	850
2441	852
2442	856
2442	859
2440	863
2441	867
2441	870
2442	874
2441	878
2442	881
2445	884
2445	887
2444	891
2445	895
2446	898
2445	902
2446	905
2447	908
2446	912
2447	915
2448	919
2448	922
2452	925
2451	929
2450	932
2452	935
2452	939
2451	943
2452	946
2453	949
2452	953
2453	957
2454	960
2453	964
2453	967
2454	971
2454	974
2455	977
2454	981
2453	985
2454	988
2456	991
2456	995
2457	998
2457	1002
2458	1005
2459	1008
2459	1012
2459	1015
2461	1018
2463	1021
2464	1025
2465	1028
2464	1032
2464	1035
2465	1039
2466	1042
2467	1045
2469	1048
2470	1051
2470	1055
2469	1059
2468	1062
2468	1066
2471	1069
2473	1072
2474	1075
2475	1078
2474	1082
2474	1086
2473	1089
2475	1092
2476	1096
2476	1099
2477	1102
2478	1106
2477	1110
2480	1112
2483	1115
2484	1118
2483	1122
2483	1126
2484	1129
2484	1132
2483	1136
2482	1140
2485	1143
2487	1146
2488	1149
2489	1152
2489	1156
2487	1159
2487	1163
2487	1167
2488	1170
2489	1173
2491	1176
2490	1180
2489	1183
2489	1187
2490	1190
2490	1194
2490	1197
2490	1201
2490	1204
2493	1207
2493	1210
2493	1214
2494	1217
2494	1221
2496	1224
2497	1227
2496	1231
2497	1234
2496	1238
2495	1241
2495	1245
2494	1248
2495	1252
2497	1255
2497	1258
2497	1261
2499	1265
2500	1268
2499	1272
2498	1275
2497	1279
2499	1282
2498	1285
2498	1289
2498	1292
2499	1296
2497	1299
2497	1303
2496	1306
2497	1310
2497	1313
2498	1316
2498	1320
2501	1323
2501	1326
2503	1329
2502	1333
2504	1336
2506	1339
2507	1342
2506	1346
2507	1349
2505	1353
2504	1356
2507	1360
2507	1363
2506	1367
2506	1370
2508	1373
2509	1376
2508	1380
2509	1383
2510	1386
2514	1389
2516	1393
2515	1396
2516	1399
2516	1403
2515	1406
2516	1410
2516	1413
2516	1417
2516	1420
2516	1423
2519	1427
2521	1430
2520	1433
2521	1437
2521	1440
2520	1443
2520	1447
2519	1450
2520	1454
2524	1457
2524	1460
2525	1463
2526	1467
2526	1470
2525	1474
2526	1477
2525	1481
2525	1484
2528	1487
2530	1490
2530	1494
2528	1497
2527	1501
2529	1504
2531	1507
2531	1511
2532	1514
2530	1518
2529	1521
2531	1524
2529	1528
2528	1531
2528	1535
2532	1538
2533	1541
2533	1545
2532	1548
2532	1552
2533	1555
2535	1558
2536	1562
2536	1565
2535	1568
2535	1572
2536	1575
2538	1579
2539	1582
2539	1585
2540	1589
2540	1592
2541	1595
2544	1599
2545	1602
2546	1606
2545	1609
2546	1612
2546	1616
2545	1619
2544	1623
2545	1626
2546	1629
2547	1633
2549	1636
2550	1640
2550	1643
2551	1646
2551	1650
2550	1653
2549	1657
2550	1660
