2538	1671
2538	1675
2538	1678
2539	1682
2540	1685
2540	1688
2540	1695
2540	1699
2540	1702
2541	1705
2541	1709
2541	1712
2542	1716
2543	1719
2543	1723
2543	1726
2543	1729
2544	1733
2544	1736
2543	1740
2543	1743
2544	1747
2544	1750
2544	1753
2544	1757
2545	1760
2545	1764
2545	1767
2545	1771
2546	1774
2547	1777
2546	1781
2546	1784
2546	1788
2546	1791
2546	1795
2546	1798
2547	1801
2547	1805
2547	1808
2547	1812
2547	1815
2547	1819
2548	1822
2547	1826
2547	1829
2548	1832
2549	1836
2549	1839
2548	1843
2548	1846
2549	1850
2549	1853
2550	1857
2549	1860
2550	1864
2550	1867
2550	1870
2550	1874
2549	1877
2550	1881
2550	1884
2551	1888
2551	1891
2552	1895
2553	1898
2552	1902
2553	1905
2553	1909
2552	1912
2553	1916
2553	1919
2554	1922
2554	1926
2555	1930
2554	1933
2553	1936
2554	1940
2554	1943
2555	1947
2555	1950
2554	1954
2553	1957
2553	1961
2552	1964
2553	1967
2554	1971
2553	1974
2553	1978
2554	1981
2553	1985
2553	1988
2552	1992
2553	1995
2554	1999
2553	2002
2554	2006
2554	2009
2555	2013
2554	2016
2554	2020
2555	2023
2557	2027
2560	2031
2562	2035
2563	2038
2562	2042
2562	2045
2560	2049
2561	2052
2562	2056
2563	2060
2563	2063
2564	2067
2564	2070
2564	2074
2563	2077
2563	2081
2562	2084
2563	2088
2564	2091
2564	2095
2563	2098
2564	2102
2566	2106
2566	2109
2567	2113
2567	2117
2568	2120
2567	2124
2566	2127
2567	2131
2566	2134
2567	2138
2567	2141
2567	2145
2568	2149
2568	2152
2568	2156
2569	2160
2570	2163
2572	2167
2573	2171
2573	2175
2575	2178
2575	2182
2575	2186
2575	2189
2573	2192
2573	2196
2575	2200
2575	2204
2573	2207
2573	2210
2573	2214
2574	2218
2576	2222
2580	2226
2579	2230
2579	2233
2578	2237
2578	2240
2577	2244
2576	2247
2576	2251
2576	2254
2575	2258
2574	2261
2574	2265
2577	2269
2577	2273
2577	2276
2576	2280
2577	2284
2579	2288
2580	2292
2580	2295
2580	2299
2580	2303
2580	2306
2582	2310
2582	2314
2582	2318
2581	2321
2581	2325
2581	2329
2581	2332
2581	2336
2580	2339
2579	2343
2578	2346
2578	2350
2578	2354
2578	2357
2579	2361
2579	2365
2580	2369
2581	2373
2582	2377
2582	2380
2582	2384
2583	2388
2584	2392
2585	2396
2586	2400
2587	2404
2588	2408
2588	2412
2588	2415
2590	2420
2590	2423
2590	2427
2590	2431
2590	2435
2590	2438
2591	2442
2592	2447
2592	2451
2591	2454
2589	2457
2589	2461
2591	2465
2593	2470
2595	2474
2597	2478
2597	2482
2598	2486
2597	2490
2596	2493
2596	2497
2596	2501
2598	2505
2599	2509
2599	2513
2599	2517
2598	2521
2598	2525
2598	2528
2598	2532
2598	2536
2599	2540
2599	2544
2598	2548
2600	2552
2601	2556
2602	2560
2601	2564
2601	2568
2602	2572
2602	2576
2601	2580
2602	2584
2602	2588
2601	2591
2601	2595
2601	2599
2602	2603
2603	2607
2605	2612
2606	2616
2606	2620
2605	2624
2605	2628
2605	2632
2604	2635
2604	2639
2605	2643
2604	2647
2604	2651
2604	2655
2605	2660
2606	2664
2607	2668
2608	2672
2609	2677
2609	2681
2610	2685
2610	2689
2609	2693
2610	2697
2611	2702
2610	2705
2608	2709
2609	2713
2610	2717
2610	2721
2610	2725
2611	2730
2612	2734
2613	2739
2613	2743
2615	2747
2614	2751
2613	2755
2612	2759
2614	2763
2613	2767
2614	2771
2615	2776
2615	2780
2614	2784
2614	2788
2614	2792
2615	2797
2615	2801
2614	2804
2615	2809
2616	2813
2616	2818
2618	2822
2618	2827
2617	2831
2618	2835
2618	2839
2617	2843
2618	2847
2618	2852
2619	2856
2620	2861
2618	2864
2618	2869
2620	2874
2621	2878
2621	2882
2620	2886
2621	2891
2621	2895
2621	2899
2621	2904
2620	2907
2620	2912
2621	2916
2623	2922
2623	2926
2622	2929
2622	2934
2623	2939
2623	2943
2623	2947
2622	2951
2623	2956
2623	2960
2622	2964
2620	2967
2620	2972
2622	2977
2622	2981
2626	2988
2626	2992
2626	2996
2626	3000
2626	3005
2626	3009
2626	3014
2626	3018
2626	3022
2626	3027
2626	3031
2627	3036
2627	3041
2628	3045
2629	3051
2632	3057
2633	3061
2631	3065
2630	3069
2631	3074
2632	3079
2632	3083
2631	3087
2631	3092
2631	3096
2632	3101
2632	3106
2632	3110
2632	3115
2626	3116
2603	3108
2585	3103
2575	3102
2567	3102
2563	3105
2561	3108
2559	3112
2557	3115
2555	3119
2558	3124
2640	3174
2638	3178
2634	3180
2637	3186
2638	3192
2641	3198
2642	3203
2641	3207
2642	3212
2643	3218
2642	3222
2642	3226
2642	3231
2641	3235
2641	3240
2641	3244
2640	3249
2640	3254
2638	3257
2637	3261
2637	3266
2637	3271
2636	3275
2636	3279
2637	3285
2638	3290
2639	3296
2639	3301
2640	3306
2642	3312
2642	3317
2643	3322
2644	3328
2645	3333
2647	3339
2647	3344
2646	3349
2647	3354
2647	3359
2647	3363
2647	3369
2646	3373
2645	3377
2644	3381
2644	3387
2644	3392
2645	3397
2644	3401
2644	3407
2646	3412
2646	3417
2646	3423
2645	3427
2645	3432
2645	3437
2644	3442
2644	3446
2643	3451
2642	3455
2639	3459
2638	3463
2636	3467
2636	3471
2637	3477
2641	3485
2644	3492
2644	3497
2645	3503
2645	3508
2644	3513
2643	3518
2641	3521
2639	3525
2640	3530
2643	3538
2643	3543
2645	3550
2645	3555
2645	3561
2645	3565
2645	3571
2645	3576
2645	3582
2644	3586
2643	3591
2644	3596
2644	3602
2644	3607
2643	3612
2643	3618
2643	3623
2642	3628
2645	3635
2645	3640
2645	3645
2643	3649
2643	3655
2642	3659
2639	3663
2637	3667
2640	3674
2638	3678
2638	3684
2637	3688
2636	3694
2634	3697
2633	3703
2634	3708
2633	3713
2633	3719
2632	3723
2630	3727
2629	3732
2627	3736
2627	3742
2625	3746
2624	3751
2622	3755
2621	3760
2620	3765
2620	3770
2619	3775
2617	3780
2617	3785
2617	3790
2616	3796
2616	3801
2615	3806
2615	3812
2614	3817
2613	3822
2613	3827
2612	3832
2611	3837
2610	3842
2610	3848
2610	3854
2610	3860
2611	3866
2610	3871
2608	3876
2607	3881
2606	3885
2605	3891
2605	3896
2604	3902
2603	3906
2598	3909
2585	3903
2569	3896
2562	3896
2562	3902
2563	3909
2578	3927
2593	3946
2595	3954
2594	3959
2594	3965
2592	3969
2589	3972
2586	3977
2586	3982
2585	3987
2583	3992
2583	3998
2581	4002
2580	4007
2579	4013
2578	4018
2577	4023
2575	4028
2574	4033
2572	4037
2570	4042
2569	4047
2568	4052
2566	4057
2565	4062
2564	4068
2563	4073
2561	4078
2559	4082
2559	4088
2560	4095
2558	4100
2556	4105
2555	4110
2554	4115
2552	4120
2550	4124
2548	4129
2547	4134
2546	4140
2546	4146
2545	4152
2543	4156
2539	4160
2538	4164
2538	4171
2537	4177
2537	4183
2536	4189
2534	4194
2532	4198
2531	4204
2529	4209
2527	4213
2287	3985
2283	3988
2281	3991
2278	3995
2278	4000
2282	4011
2279	4014
2276	4017
2274	4021
2273	4026
2516	4276
2510	4277
2507	4281
2505	4286
2503	4290
2499	4293
2496	4297
2493	4301
2490	4305
2488	4310
2488	4316
2485	4320
2482	4324
2480	4329
2478	4333
2475	4337
2473	4342
2471	4347
2469	4352
2467	4357
2465	4361
2463	4366
2461	4371
2459	4376
2459	4383
2460	4391
2458	4397
2456	4401
2454	4406
2452	4412
2450	4416
2448	4421
2446	4427
2444	4431
2441	4435
2438	4439
2435	4443
2432	4447
2431	4453
2430	4459
2430	4467
2428	4472
2425	4476
2421	4479
2419	4484
2419	4491
2418	4498
2415	4502
2412	4506
2410	4511
2409	4517
2407	4522
2405	4528
2403	4533
2402	4539
2402	4546
2399	4550
2395	4554
2391	4557
2387	4560
2384	4563
2379	4566
2375	4569
2372	4573
2369	4577
2366	4581
2362	4584
2358	4587
2355	4591
2353	4596
2350	4601
2346	4604
2343	4607
2339	4611
2336	4614
2332	4618
2330	4623
2327	4626
2323	4630
2320	4634
2316	4637
2313	4641
2310	4646
2307	4650
2304	4654
2300	4657
2296	4660
2293	4665
2290	4669
2286	4671
2282	4674
2278	4678
2275	4681
2271	4684
2268	4689
2265	4692
2261	4695
2257	4699
2256	4705
2252	4709
2248	4712
2245	4716
2242	4720
2238	4723
2233	4725
2229	4728
2227	4734
2226	4741
2226	4748
2222	4752
2219	4756
2215	4759
2212	4764
2210	4770
2208	4775
2205	4779
2201	4782
2196	4784
2192	4787
2188	4791
2185	4795
2181	4798
2178	4802
2174	4806
2171	4810
2167	4813
2164	4817
2161	4822
2158	4826
2155	4831
2152	4835
2149	4840
2145	4843
2142	4847
2140	4853
2137	4857
2132	4860
2128	4863
2124	4866
2120	4869
2116	4872
2110	4873
2106	4875
2102	4878
2098	4882
2095	4886
2091	4889
2086	4891
2083	4895
2080	4900
2076	4903
2071	4904
2065	4905
2061	4907
2056	4910
2052	4913
2046	4913
2042	4915
2036	4916
2033	4920
2029	4923
2025	4927
2020	4929
2016	4932
2012	4934
2008	4938
2005	4942
2000	4943
1994	4944
1990	4947
1986	4950
1982	4953
1979	4958
1976	4962
1972	4966
1970	4972
1966	4975
1961	4977
1956	4979
1951	4981
1947	4982
1942	4985
1938	4988
1934	4990
1929	4992
1924	4994
1920	4996
1915	4999
1912	5003
1908	5006
1904	5009
1900	5013
1895	5015
1892	5019
1887	5021
1883	5025
1879	5027
1876	5032
1871	5034
1867	5037
1863	5040
1860	5044
1854	5045
1850	5048
1845	5050
1841	5052
1835	5053
1831	5055
1826	5057
1820	5057
1815	5058
1810	5060
1807	5064
1803	5068
1800	5072
1795	5075
1791	5077
1786	5079
1782	5081
1777	5084
1773	5086
1770	5091
1768	5099
1765	5105
1762	5109
1757	5111
1752	5113
1748	5116
1744	5118
1738	5118
1733	5119
1728	5120
1723	5122
1718	5124
1713	5125
1708	5127
1703	5128
1698	5130
1695	5134
1691	5137
1687	5140
1682	5142
1677	5144
1672	5145
1668	5147
1663	5150
1659	5153
1654	5153
1648	5154
1644	5156
1639	5157
1633	5158
1628	5158
1623	5160
1618	5161
1613	5162
1608	5164
1602	5164
1597	5163
1592	5165
1587	5166
1582	5167
1577	5168
1572	5170
1566	5170
1561	5171
1557	5173
1553	5176
1548	5179
1543	5180
1538	5182
1534	5184
1528	5184
1523	5184
1518	5185
1513	5186
1508	5189
1503	5190
1499	5192
1494	5193
1490	5196
1485	5197
1480	5198
1475	5200
1470	5202
1466	5205
1462	5208
1457	5210
1453	5212
1448	5213
1442	5213
1435	5210
1430	5210
1426	5213
1422	5216
1417	5219
1413	5221
1408	5223
1403	5225
1399	5226
1394	5228
1390	5231
1386	5235
1382	5239
1378	5242
1375	5247
1370	5250
1366	5254
1362	5256
1357	5257
1352	5259
1348	5262
1344	5265
1340	5269
1336	5271
1331	5273
1327	5276
1322	5278
1317	5279
1312	5280
1307	5280
1301	5279
1296	5282
1291	5283
1286	5284
1282	5286
1277	5288
1273	5291
1268	5293
1263	5293
1258	5294
1253	5294
1247	5294
1242	5295
1237	5296
1232	5297
1227	5296
1221	5296
1216	5296
1210	5296
1205	5296
1200	5297
1196	5299
1191	5301
1186	5303
1182	5305
1177	5306
1172	5307
1166	5306
1161	5307
1157	5310
1152	5310
1147	5311
1142	5312
1137	5313
1132	5315
1128	5317
1123	5318
1118	5320
1113	5320
1108	5322
1104	5323
1098	5324
1094	5326
1089	5328
1084	5329
1080	5332
1076	5335
1072	5339
1067	5340
1062	5343
1057	5343
1052	5345
1047	5345
1043	5347
1038	5350
1034	5352
1029	5354
1024	5353
1019	5354
1014	5354
1008	5355
1003	5355
999	5357
995	5361
990	5364
986	5366
981	5368
976	5367
971	5369
966	5370
961	5371
956	5372
951	5374
946	5372
940	5369
935	5369
930	5371
925	5373
921	5375
916	5377
912	5380
907	5381
902	5382
897	5383
892	5386
887	5386
882	5386
877	5388
873	5390
868	5393
865	5399
860	5399
855	5400
850	5403
845	5404
840	5403
835	5402
829	5402
824	5402
820	5404
815	5406
810	5407
805	5407
800	5407
795	5407
791	5413
786	5416
781	5417
776	5417
771	5417
766	5417
761	5416
756	5416
751	5417
746	5417
740	5417
735	5417
730	5416
725	5416
720	5418
716	5422
711	5422
706	5422
701	5421
695	5420
690	5419
685	5420
680	5422
675	5422
670	5421
665	5420
660	5420
655	5421
650	5423
645	5425
640	5426
635	5426
630	5424
624	5420
619	5418
613	5416
608	5414
603	5413
598	5412
593	5413
587	5412
582	5412
577	5412
572	5413
567	5413
562	5412
557	5412
552	5413
547	5412
542	5413
538	5417
533	5419
529	5420
524	5421
518	5420
513	5417
508	5416
503	5417
498	5419
493	5419
488	5420
484	5421
478	5420
473	5418
468	5419
463	5420
459	5421
454	5421
449	5423
444	5425
439	5424
434	5424
429	5425
424	5423
419	5425
415	5426
410	5427
404	5426
399	5424
394	5423
389	5424
384	5424
380	5425
375	5425
370	5427
365	5426
360	5427
355	5428
350	5427
345	5424
340	5422
334	5419
329	5418
324	5418
319	5417
314	5418
309	5417
304	5417
299	5416
294	5416
290	5416
285	5416
279	5413
274	5410
269	5409
264	5409
259	5407
254	5405
249	5402
244	5402
239	5403
234	5403
229	5403
224	5402
220	5401
215	5402
210	5403
205	5403
200	5401
195	5399
190	5399
185	5397
180	5395
175	5393
170	5391
165	5390
160	5388
155	5387
150	5386
145	5387
141	5388
136	5387
131	5386
126	5386
121	5385
116	5382
111	5380
106	5379
101	5378
96	5379
92	5380
87	5383
82	5388
78	5393
73	5394
68	5396
63	5399
58	5400
54	5400
49	5397
44	5396
39	5395
34	5395
29	5393
24	5392
19	5391
14	5393
10	5394
5	5394
-0	5394
-5	5394
-10	5394
-15	5395
-19	5397
-24	5400
-29	5400
-34	5399
-39	5398
-44	5396
-49	5394
-53	5393
-58	5395
-63	5396
-77	5022
-81	5024
-86	5021
-90	5018
-94	5018
-99	5019
-103	5019
-107	5016
-112	5009
-116	5004
-120	5001
-125	5000
-129	4997
-133	4996
-137	4996
-142	4998
-146	5002
-151	5005
-155	5018
-160	5020
-164	5021
-169	5020
-173	5021
-177	5025
-182	5026
-186	5024
-190	5023
-219	5408
-222	5367
-227	5364
-232	5363
-237	5365
-242	5365
-246	5366
-251	5367
-256	5370
-261	5375
-266	5376
-271	5377
-276	5378
-281	5379
-286	5380
-291	5382
-296	5383
-301	5385
-306	5386
-310	5385
-315	5382
-320	5381
-325	5381
-330	5380
-334	5378
-339	5378
-344	5376
-349	5374
-354	5376
-358	5374
-363	5374
-368	5372
-373	5371
-378	5375
-383	5376
-388	5378
-393	5378
-398	5378
-402	5378
-407	5376
-412	5374
-417	5373
-422	5374
-426	5374
-431	5375
-436	5375
-441	5373
-446	5373
-450	5370
-455	5365
-459	5361
-464	5358
-468	5355
-473	5351
-477	5348
-482	5345
-486	5344
-491	5343
-496	5344
-501	5342
-505	5340
-510	5337
-514	5334
-519	5334
-524	5334
-529	5335
-534	5335
-539	5336
-544	5336
-548	5335
-553	5335
-558	5335
-563	5335
-568	5335
-573	5337
-578	5340
-584	5344
-590	5351
-596	5359
-601	5358
-605	5358
-610	5357
-615	5356
-620	5357
-625	5359
-630	5358
-635	5356
-639	5355
-644	5355
-649	5354
-654	5355
-659	5356
-664	5357
-669	5356
-674	5356
-679	5356
-684	5354
-688	5354
-693	5352
-698	5350
-702	5349
-707	5348
-712	5347
-717	5347
-722	5346
-726	5343
-731	5341
-735	5339
-740	5336
-744	5333
-748	5330
-753	5330
-758	5330
-763	5328
-767	5324
-771	5320
-776	5318
-781	5317
-785	5315
-789	5313
-794	5311
-799	5309
-803	5306
-808	5306
-813	5306
-818	5305
-822	5305
-827	5305
-832	5304
-837	5303
-842	5303
-847	5303
-852	5303
-857	5303
-862	5303
-867	5303
-871	5301
-876	5300
-881	5301
-886	5301
-891	5301
-896	5301
-901	5301
-906	5301
-911	5301
-916	5300
-921	5299
-925	5298
-930	5297
-936	5299
-941	5301
-945	5299
-950	5298
-955	5296
-960	5295
-965	5295
-969	5293
-974	5292
-979	5291
-984	5291
-988	5289
-993	5287
-998	5287
-1002	5284
-1006	5281
-1011	5278
-1015	5275
-1019	5274
-1024	5273
-1029	5272
-1033	5269
-1037	5264
-1041	5260
-1045	5257
-1051	5259
-1056	5260
-1061	5260
-1066	5261
-1071	5261
-1076	5259
-1081	5259
-1086	5260
-1092	5264
-1097	5262
-1101	5258
-1105	5254
-1109	5252
-1114	5251
-1119	5249
-1123	5248
-1128	5246
-1133	5246
-1138	5246
-1143	5246
-1147	5244
-1151	5239
-1156	5238
-1162	5240
-1167	5240
-1171	5237
-1175	5235
-1179	5232
-1184	5229
-1188	5228
-1193	5226
-1197	5224
-1202	5222
-1206	5220
-1211	5220
-1217	5221
-1221	5218
-1224	5213
-1228	5210
-1233	5207
-1237	5206
-1242	5203
-1246	5201
-1250	5198
-1254	5196
-1259	5195
-1264	5194
-1268	5191
-1273	5189
-1277	5186
-1281	5183
-1285	5180
-1289	5178
-1295	5181
-1301	5182
-1305	5180
-1310	5178
-1314	5174
-1318	5171
-1322	5169
-1327	5167
-1331	5166
-1336	5164
-1340	5162
-1345	5161
-1349	5159
-1354	5156
-1358	5155
-1363	5155
-1368	5152
-1372	5151
-1377	5149
-1381	5146
-1385	5143
-1390	5143
-1394	5141
-1398	5137
-1403	5136
-1407	5133
-1412	5132
-1417	5131
-1421	5130
-1426	5129
-1431	5127
-1435	5124
-1439	5121
-1443	5120
-1448	5119
-1453	5117
-1457	5115
-1463	5116
-1468	5116
-1473	5115
-1478	5114
-1481	5111
-1486	5108
-1490	5105
-1494	5104
-1501	5107
-1506	5106
-1511	5105
-1515	5103
-1520	5101
-1524	5100
-1529	5099
-1534	5098
-1539	5098
-1544	5097
-1548	5093
-1552	5091
-1557	5090
-1562	5088
-1567	5087
-1573	5090
-1578	5089
-1583	5088
-1587	5086
-1592	5085
-1597	5083
-1601	5082
-1606	5080
-1610	5077
-1615	5076
-1620	5076
-1626	5076
-1630	5074
-1635	5072
-1639	5071
-1645	5071
-1649	5069
-1653	5066
-1657	5063
-1661	5060
-1666	5058
-1670	5056
-1675	5054
-1679	5052
-1684	5050
-1688	5049
-1693	5047
-1697	5044
-1701	5041
-1704	5037
-1708	5033
-1712	5031
-1717	5029
-1720	5025
-1724	5021
-1728	5019
-1732	5016
-1736	5013
-1740	5009
-1743	5005
-1746	5001
-1750	4998
-1754	4995
-1759	4994
-1763	4991
-1766	4987
-1770	4983
-1774	4980
-1777	4976
-1781	4973
-1785	4970
-1789	4967
-1794	4966
-1799	4966
-1806	4967
-1809	4963
-1812	4959
-1816	4956
-1819	4952
-1823	4949
-1827	4945
-1830	4942
-1834	4938
-1838	4936
-1844	4936
-1849	4935
-1853	4933
-1858	4931
-1862	4929
-1866	4926
-1870	4924
-1875	4923
-1879	4920
-1884	4918
-1887	4915
-1891	4911
-1894	4907
-1898	4903
-1901	4900
-1905	4896
-1909	4893
-1913	4891
-1917	4888
-1920	4884
-1924	4881
-1928	4878
-1931	4874
-1935	4871
-1939	4868
-1942	4865
-1945	4860
-1949	4856
-1953	4854
-1956	4850
-1961	4848
-1965	4845
-1968	4842
-1972	4840
-1976	4835
-1979	4831
-1982	4828
-1986	4825
-1991	4824
-1994	4819
-1998	4816
-2001	4812
-2005	4809
-2008	4806
-2012	4803
-2016	4801
-2020	4798
-2025	4796
-2028	4792
-2033	4791
-2037	4789
-2041	4785
-2045	4783
-2051	4783
-2055	4781
-2058	4777
-2062	4774
-2067	4772
-2071	4770
-2074	4766
-2078	4763
-2082	4760
-2086	4758
-2090	4756
-2096	4756
-2101	4754
-2104	4750
-2108	4748
-2112	4745
-2117	4743
-2122	4742
-2126	4740
-2130	4737
-2134	4734
-2138	4731
-2142	4729
-2146	4727
-2151	4725
-2155	4723
-2158	4718
-2162	4716
-2166	4713
-2170	4710
-2174	4707
-2179	4706
-2183	4703
-2186	4699
-2190	4696
-2195	4695
-2201	4695
-2206	4694
-2208	4689
-2210	4683
-2213	4679
-2216	4675
-2220	4672
-2223	4668
-2227	4665
-2231	4662
-2234	4659
-2240	4658
-2243	4655
-2246	4650
-2249	4647
-2253	4644
-2258	4642
-2261	4639
-2265	4636
-2271	4635
-2276	4635
-2280	4632
-2284	4629
-2288	4627
-2292	4624
-2296	4620
-2301	4619
-2304	4615
-2306	4610
-2308	4606
-2313	4603
-2314	4597
-2315	4590
-2319	4587
-2323	4585
-2328	4583
-2331	4579
-2335	4576
-2338	4573
-2342	4570
-2345	4567
-2349	4564
-2353	4561
-2357	4558
-2360	4554
-2363	4551
-2367	4548
-2371	4545
-2373	4540
-2376	4536
-2378	4531
-2381	4527
-2383	4522
-2386	4518
-2390	4515
-2393	4511
-2397	4508
-2400	4505
-2403	4501
-2406	4497
-2409	4493
-2413	4490
-2417	4488
-2420	4484
-2423	4480
-2425	4475
-2427	4470
-2430	4466
-2433	4462
-2437	4459
-2438	4454
-2441	4450
-2444	4445
-2447	4442
-2450	4438
-2454	4435
-2457	4431
-2460	4428
-2464	4425
-2467	4421
-2470	4417
-2473	4413
-2476	4410
-2479	4406
-2481	4402
-2484	4398
-2488	4395
-2491	4391
-2494	4388
-2498	4384
-2501	4380
-2504	4377
-2506	4373
-2509	4369
-2513	4365
-2517	4363
-2520	4359
-2523	4356
-2527	4353
-2529	4348
-2532	4345
-2535	4341
-2538	4337
-2541	4334
-2545	4330
-2548	4327
-2552	4324
-2555	4320
-2557	4316
-2560	4312
-2563	4308
-2566	4305
-2569	4301
-2572	4297
-2575	4293
-2579	4290
-2581	4286
-2585	4283
-2588	4279
-2591	4275
-2592	4270
-2595	4266
-2597	4262
-2599	4257
-2602	4253
-2605	4250
-2608	4246
-2611	4242
-2615	4239
-2620	4238
-2624	4235
-2626	4231
-2629	4227
-2632	4223
-2635	4220
-2638	4216
-2640	4211
-2644	4208
-2647	4205
-2651	4202
-2655	4199
-2657	4195
-2660	4191
-2663	4187
-2663	4180
-2665	4176
-2668	4173
-2672	4170
-2676	4167
-2678	4163
-2681	4159
-2682	4154
-2685	4150
-2688	4146
-2691	4143
-2695	4140
-2699	4137
-2700	4132
-2701	4126
-2704	4122
-2709	4121
-2712	4117
-2714	4113
-2716	4108
-2720	4106
-2725	4104
-2728	4100
-2730	4095
-2732	4091
-2737	4089
-2739	4085
-2742	4081
-2746	4078
-2749	4074
-2751	4070
-2753	4066
-2757	4062
-2760	4060
-2764	4056
-2767	4052
-2770	4049
-2772	4045
-2774	4041
-2777	4037
-2781	4033
-2784	4031
-2787	4026
-2790	4023
-2793	4019
-2794	4014
-2797	4010
-2801	4008
-2804	4004
-2807	4001
-2810	3997
-2813	3993
-2816	3989
-2818	3985
-2819	3980
-2822	3976
-2824	3972
-2827	3968
-2828	3963
-2830	3959
-2834	3956
-2836	3952
-2839	3948
-2842	3944
-2844	3940
-2847	3936
-2850	3932
-2851	3927
-2854	3924
-2856	3919
-2859	3916
-2861	3912
-2865	3908
-2867	3904
-2868	3899
-2870	3895
-2874	3892
-2876	3888
-2878	3883
-2881	3880
-2884	3876
-2886	3872
-2888	3867
-2891	3864
-2893	3859
-2896	3856
-2897	3851
-2900	3847
-2904	3844
-2906	3840
-2907	3835
-2910	3831
-2913	3828
-2916	3824
-2919	3820
-2921	3816
-2924	3812
-2926	3809
-2928	3804
-2933	3802
-2935	3797
-2939	3795
-2941	3791
-2942	3786
-2946	3782
-2948	3778
-2947	3772
-2947	3766
-2949	3761
-2953	3759
-2956	3755
-2957	3751
-2962	3748
-2965	3745
-2968	3741
-2971	3737
-2972	3732
-2974	3729
-2977	3725
-2980	3721
-2982	3717
-2984	3713
-2986	3708
-2988	3704
-2986	3697
-2987	3692
-2989	3688
-2990	3683
-2991	3678
-2992	3673
-2993	3668
-2993	3663
-2990	3655
-2990	3649
-2990	3644
-2992	3640
-2989	3632
-2989	3627
-2994	3625
-2999	3622
-3000	3618
-2999	3611
-2997	3604
-2999	3600
-3000	3596
-3002	3591
-3002	3586
-2999	3579
-2999	3573
-3001	3569
-3004	3565
-3004	3560
-3005	3555
-3006	3550
-3009	3547
-3008	3541
-3009	3536
-3010	3532
-3010	3526
-3012	3522
-3014	3518
-3015	3513
-3016	3508
-3017	3504
-3018	3499
-3018	3493
-3019	3489
-3020	3484
-3020	3479
-3022	3475
-3022	3469
-3023	3465
-3024	3460
-3024	3455
-3027	3451
-3026	3446
-3025	3440
-3027	3436
-3027	3431
-3029	3426
-3029	3422
-3032	3418
-3035	3414
-3034	3409
-3034	3404
-3034	3398
-3034	3393
-3034	3388
-3031	3381
-3031	3376
-3030	3370
-3029	3364
-3029	3360
-3030	3355
-3029	3349
-3028	3344
-3028	3339
-3028	3333
-3028	3329
-3028	3323
-3027	3318
-3028	3313
-3031	3310
-3029	3304
-3030	3299
-3031	3295
-3030	3289
-3028	3283
-3028	3278
-3029	3273
-3026	3267
-3025	3261
-3024	3256
-3026	3252
-3028	3248
-3028	3243
-3027	3238
-3027	3233
-3027	3228
-3024	3222
-3025	3217
-3026	3213
-3025	3207
-3026	3203
-3027	3199
-3025	3192
-3026	3188
-3026	3183
-3025	3178
-3026	3173
-3026	3169
-3025	3163
-3022	3157
-3023	3153
-3024	3148
-3025	3144
-3025	3139
-3025	3134
-3025	3130
-3025	3125
-3023	3119
-3022	3114
-3020	3108
-3019	3103
-3020	3099
-3020	3094
-3018	3088
-3016	3083
-3017	3078
-3018	3074
-3017	3069
-3016	3063
-3016	3059
-3015	3054
-3015	3049
-3011	3043
-3010	3037
-3009	3032
-3009	3028
-3005	3021
-3004	3016
-3005	3012
-3005	3007
-3005	3003
-3005	2998
-3005	2993
-3002	2988
-3000	2982
-3000	2977
-3000	2973
-2999	2968
-2999	2963
-2997	2958
-2995	2953
-2994	2948
-2994	2943
-2995	2939
-2995	2935
-2994	2930
-2992	2924
-2991	2919
-2993	2915
-2992	2911
-2991	2906
-2990	2901
-2987	2895
-2987	2890
-2986	2885
-2985	2881
-2984	2876
-2982	2871
-2981	2866
-2981	2861
-2981	2857
-2980	2852
-2977	2846
-2976	2842
-2977	2838
-2978	2834
-2980	2830
-2975	2824
-2973	2818
-2974	2815
-2975	2810
-2973	2806
-2972	2801
-2971	2796
-2970	2791
-2969	2786
-2967	2781
-2965	2776
-2965	2772
-2965	2768
-2965	2763
-2964	2759
-2962	2754
-2962	2749
-2963	2745
-2963	2741
-2960	2736
-2959	2731
-2960	2727
-2959	2723
-2959	2718
-2958	2714
-2959	2710
-2960	2706
-2959	2701
-2958	2697
-2957	2692
-2955	2687
-2951	2681
-2948	2676
-2948	2672
-2949	2668
-2947	2663
-2947	2659
-2943	2654
-2941	2648
-2940	2644
-2938	2639
-2939	2635
-2941	2632
-2938	2627
-2938	2622
-2937	2618
-2932	2613
-2931	2608
-2930	2603
-2928	2599
-2926	2594
-2925	2590
-2924	2585
-2925	2581
-2924	2577
-2919	2571
-2920	2568
-2922	2564
-2918	2559
-2913	2553
-2911	2548
-2908	2543
-2912	2541
-2909	2536
-2909	2532
-2909	2527
-2906	2523
-2907	2519
-2907	2515
-2906	2511
-2904	2506
-2904	2502
-2904	2498
-2901	2493
-2900	2489
-2900	2485
-2896	2480
-2895	2475
-2895	2471
-2893	2467
-2892	2462
-2894	2459
-2893	2455
-2887	2449
-2885	2445
-2886	2441
-2889	2438
-2889	2434
-2887	2429
-2883	2425
-2882	2420
-2884	2417
-2884	2413
-2884	2409
-2882	2405
-2878	2400
-2875	2395
-2875	2391
-2876	2387
-2876	2384
-2877	2380
-2875	2375
-2874	2371
-2872	2367
-2872	2363
-2871	2359
-2872	2355
-2869	2351
-2865	2346
-2865	2342
-2863	2338
-2862	2333
-2862	2330
-2860	2325
-2859	2321
-2858	2317
-2858	2313
-2857	2309
-2856	2305
-2855	2301
-2853	2297
-2851	2293
-2851	2289
-2850	2285
-2849	2281
-2849	2277
-2845	2273
-2844	2268
-2843	2264
-2843	2261
-2842	2257
-2840	2253
-2838	2248
-2839	2245
-2840	2241
-2836	2237
-2831	2232
-2834	2229
-2834	2225
-2832	2221
-2831	2217
-2831	2213
-2831	2209
-2829	2205
-2826	2201
-2824	2197
-2824	2193
-2825	2189
-2825	2186
-2821	2181
-2819	2177
-2820	2174
-2817	2170
-2816	2166
-2814	2161
-2810	2157
-2808	2153
-2808	2149
-2809	2146
-2808	2142
-2806	2138
-2806	2134
-2805	2130
-2805	2127
-2805	2123
-2803	2119
-2796	2114
-2796	2111
-2795	2107
-2795	2103
-2794	2099
-2792	2096
-2792	2092
-2791	2088
-2792	2085
-2791	2081
-2790	2077
-2788	2073
-2789	2070
-2787	2066
-2785	2062
-2784	2058
-2785	2055
-2782	2051
-2783	2047
-2780	2043
-2780	2039
-2779	2036
-2780	2032
-2777	2028
-2776	2024
-2776	2021
-2775	2017
-2774	2013
-2773	2010
-2772	2006
-2769	2002
-2768	1998
-2765	1994
-2765	1991
-2764	1987
-2763	1984
-2763	1980
-2761	1976
-2762	1973
-2761	1969
-2759	1965
-2760	1962
-2759	1958
-2757	1954
-2757	1951
-2754	1947
-2753	1943
-2752	1940
-2752	1936
-2752	1933
-2751	1929
-2749	1925
-2748	1922
-2747	1918
-2744	1914
-2742	1911
-2742	1907
-2741	1903
-2740	1900
-2741	1896
-2738	1893
-2736	1889
-2735	1885
-2735	1882
-2733	1878
-2732	1875
-2731	1871
-2732	1868
-2730	1864
-2728	1860
-2728	1857
-2727	1853
-2726	1850
-2725	1846
-2723	1843
-2723	1839
-2722	1836
-2720	1832
-2720	1828
-2718	1825
-2716	1821
-2713	1818
-2712	1814
-2712	1811
-2713	1807
-2711	1804
-2710	1800
-2709	1797
-2708	1793
-2706	1790
-2704	1786
-2701	1783
-2702	1779
-2702	1776
-2699	1772
-2697	1769
-2697	1765
-2697	1762
-2695	1758
-2695	1755
-2696	1751
-2696	1748
-2693	1744
-2692	1741
-2690	1738
-2689	1734
-2686	1731
-2686	1727
-2685	1724
-2685	1720
-2683	1717
-2682	1713
-2681	1710
-2680	1707
-2680	1703
-2679	1700
-2678	1696
-2678	1693
-2677	1689
-2676	1686
-2674	1683
-2671	1679
-2673	1676
-2672	1672
-2671	1669
-2669	1666
-2668	1662
-2667	1659
-2666	1655
-2665	1652
-2665	1649
-2664	1645
-2663	1642
-2661	1639
-2660	1635
-2658	1632
-2657	1628
-2656	1625
-2656	1622
-2656	1618
-2655	1615
-2654	1612
-2653	1608
-2652	1605
-2649	1602
-2649	1598
-2648	1595
-2648	1591
-2648	1588
-2647	1585
-2645	1581
-2643	1578
-2642	1575
-2641	1571
-2640	1568
-2640	1565
-2639	1561
-2638	1558
-2635	1555
-2633	1552
-2631	1548
-2629	1545
-2628	1542
-2627	1539
-2623	1535
-2622	1532
-2622	1529
-2620	1526
-2619	1522
-2617	1519
-2616	1516
-2616	1512
-2616	1509
-2615	1506
-2613	1503
-2611	1499
-2609	1496
-2609	1493
-2610	1489
-2610	1486
-2608	1483
-2607	1480
-2606	1476
-2605	1473
-2604	1470
-2602	1467
-2600	1463
-2598	1460
-2596	1457
-2596	1454
-2596	1451
-2595	1447
-2593	1444
-2593	1441
-2592	1438
-2591	1434
-2590	1431
-2589	1428
-2587	1425
-2586	1421
-2586	1418
-2584	1415
-2584	1412
-2584	1408
-2582	1405
-2581	1402
-2578	1399
-2575	1396
-2574	1393
-2573	1390
-2573	1386
-2572	1383
-2571	1380
-2570	1377
-2568	1374
-2566	1371
-2564	1368
-2562	1364
-2562	1361
-2561	1358
-2561	1355
-2560	1351
-2559	1348
-2558	1345
-2557	1342
-2556	1339
-2555	1335
-2554	1332
-2552	1329
-2550	1326
-2547	1323
-2546	1320
-2546	1317
-2545	1314
-2546	1310
-2545	1307
-2545	1304
-2543	1301
-2542	1298
-2540	1295
-2538	1292
-2536	1289
-2534	1286
-2532	1283
-2532	1279
-2532	1276
-2531	1273
-2532	1269
-2530	1266
-2529	1263
-2525	1261
-2525	1257
-2526	1254
-2524	1251
-2522	1248
-2520	1245
-2519	1242
-2517	1239
-2516	1236
-2514	1233
-2514	1230
-2511	1227
-2508	1224
-2507	1221
-2507	1218
-2508	1214
-2508	1211
-2508	1207
-2506	1205
-2504	1202
-2504	1198
-2502	1195
-2501	1192
-2500	1189
-2497	1186
-2495	1184
-2496	1180
-2497	1177
-2493	1174
-2493	1171
-2492	1168
-2489	1165
-2488	1162
-2487	1159
-2487	1155
-2488	1152
-2486	1149
-2484	1146
-2483	1143
-2480	1140
-2479	1137
-2478	1134
-2479	1131
-2478	1128
-2476	1125
-2476	1122
-2475	1118
-2474	1115
-2473	1112
-2473	1109
-2472	1106
-2471	1103
-2471	1099
-2469	1097
-2467	1094
-2466	1091
-2464	1088
-2464	1085
-2463	1081
-2462	1078
-2462	1075
-2461	1072
-2459	1069
-2458	1066
-2457	1063
-2456	1060
-2455	1057
-2454	1054
-2453	1051
-2451	1048
-2450	1045
-2450	1041
-2449	1038
-2448	1035
-2447	1032
-2446	1029
-2445	1026
-2444	1023
-2442	1020
-2441	1017
-2441	1014
-2442	1010
-2440	1007
-2439	1004
-2438	1001
-2437	998
-2436	995
-2435	992
-2434	989
-2433	986
-2431	983
-2430	980
-2429	977
-2429	974
-2429	970
-2429	967
-2428	964
-2425	961
-2424	958
-2423	955
-2423	952
-2421	949
-2419	946
-2417	943
-2416	940
-2417	937
-2418	933
-2416	930
-2414	927
-2411	925
-2409	922
-2407	920
-2406	916
-2405	914
-2403	911
-2402	908
-2403	904
-2403	900
-2401	898
-2398	895
-2397	892
-2396	889
-2395	886
-2394	883
-2393	880
-2392	877
-2390	874
-2388	872
-2387	869
-2388	865
-2388	861
-2386	859
-2383	856
-2381	854
-2380	851
-2379	847
-2377	845
-2376	842
-2376	838
-2374	836
-2373	833
-2373	829
-2372	826
-2371	823
-2368	821
-2367	818
-2367	814
-2366	811
-2365	808
-2365	805
-2363	802
-2361	799
-2363	795
-2363	792
-2362	789
-2361	785
-2359	783
-2357	780
-2357	777
-2356	774
-2355	770
-2353	768
-2351	765
-2350	762
-2349	759
-2347	757
-2344	754
-2346	750
-2347	746
-2346	743
-2345	740
-2346	736
-2345	733
-2343	730
-2342	727
-2341	724
-2339	721
-2337	718
-2335	716
-2334	713
-2333	710
-2332	707
-2333	703
-2333	699
-2334	695
-2332	693
-2328	691
-2326	688
-2326	685
-2326	681
-2326	678
-2326	674
-2323	672
-2323	668
-2322	665
-2320	662
-2317	660
-2317	657
-2317	653
-2317	650
-2315	647
-2315	643
-2313	641
-2311	638
-2310	635
-2310	631
-2308	629
-2307	625
-2307	622
-2307	619
-2307	615
-2306	612
-2304	609
-2304	606
-2303	602
-2302	599
-2301	596
-2299	594
-2296	592
-2296	588
-2296	584
-2296	581
-2293	578
-2293	575
-2293	571
-2292	568
-2289	566
-2288	563
-2288	559
-2288	556
-2287	552
-2286	549
-2285	546
-2284	543
-2284	539
-2282	536
-2282	533
-2279	531
-2275	529
-2272	527
-2272	523
-2274	518
-2274	515
-2274	511
-2273	508
-2271	505
-2271	502
-2271	498
-2270	495
-2267	493
-2266	489
-2266	486
-2263	483
-2261	481
-2260	478
-2261	473
-2260	470
-2260	467
-2258	464
-2256	461
-2256	458
-2254	455
-2251	453
-2249	450
-2248	447
-2248	443
-2249	439
-2249	435
-2246	433
-2244	430
-2243	427
-2241	424
-2240	421
-2240	418
-2237	415
-2238	411
-2235	409
-2232	407
-2231	403
-2230	400
-2230	396
-2230	393
-2227	391
-2226	387
-2225	384
-2223	382
-2222	378
-2220	375
-2218	373
-2215	371
-2214	368
-2216	363
-2215	359
-2213	356
-2212	353
-2212	349
-2212	345
-2211	343
-2209	340
-2206	338
-2204	335
-2204	331
-2202	329
-2201	325
-2198	323
-2196	320
-2195	317
-2194	314
-2193	311
-2191	308
-2191	304
-2187	302
-2185	300
-2184	296
-2185	292
-2184	289
-2183	285
-2181	283
-2179	280
-2176	278
-2173	276
-2170	274
-2164	274
-2159	273
-2157	271
-2150	272
-2145	271
-2141	270
-2138	268
-2134	267
-2130	266
-2125	265
-2120	265
-2117	263
-2116	259
-2115	256
-2113	253
-2112	250
-2111	247
-2110	244
-2108	241
-2107	238
-2106	234
-2106	231
-2104	227
-2103	224
-2101	222
-2100	218
-2099	215
-2098	212
-2097	209
-2097	205
-2095	202
-2093	199
-2092	196
-2091	192
-2091	188
-2089	186
-2088	183
-2087	179
-2086	176
-2086	172
-2085	168
-2084	165
-2082	163
-2081	159
-2080	155
-2080	152
-2077	149
-2075	147
-2073	144
-2073	140
-2072	137
-2071	133
-2069	130
-2068	127
-2067	124
-2066	121
-2064	117
-2063	114
-2062	111
-2061	107
-2059	104
-2058	101
-2057	97
-2057	93
-2057	89
-2055	86
-2054	83
-2052	80
-2051	77
-2050	73
-2049	70
-2048	66
-2046	63
-2046	59
-2045	55
-2044	52
-2043	49
-2041	46
-2041	42
-2039	39
-2039	35
-2038	31
-2037	28
-2035	25
-2034	21
-2032	18
-2031	15
-2030	11
-2029	8
-2028	4
-2027	0
-2026	-3
-2025	-7
-2024	-10
-2023	-14
-2022	-18
-2022	-22
-2020	-25
-2019	-29
-2018	-32
-2016	-35
-2015	-39
-2013	-42
-2013	-46
-2012	-50
-2010	-52
-2008	-55
-2007	-59
-2005	-62
-2005	-66
-2004	-70
-2004	-75
-2001	-77
-2001	-81
-2000	-85
-1999	-89
-1998	-93
-1997	-97
-1996	-100
-1994	-102
-1991	-105
-1990	-109
-1989	-113
-1989	-117
-1989	-122
-1989	-126
-1987	-129
-1981	-129
-1972	-124
-1963	-121
-1957	-120
-1954	-121
-1949	-122
-1946	-123
-1941	-123
-1935	-122
-1930	-122
-1927	-123
-1922	-124
-1917	-123
-1912	-123
-1907	-123
-1903	-124
-1901	-127
-1900	-131
-1897	-132
-1888	-128
-1879	-124
-1874	-124
-1872	-126
-1870	-129
-1867	-131
-1858	-127
-1853	-126
-1849	-127
-1846	-128
-1838	-125
-1833	-125
-1825	-121
-1810	-110
-1802	-107
-1797	-107
-1793	-107
-1788	-106
-1785	-108
-1784	-111
-1782	-114
-1781	-118
-1781	-123
-1780	-126
-1779	-130
-1775	-131
-1771	-131
-1768	-133
-1763	-132
-1760	-134
-1758	-137
-1756	-139
-1753	-140
-1744	-136
-1735	-131
-1730	-130
-1726	-131
-1723	-131
-1714	-127
-1702	-118
-1696	-116
-1692	-117
-1689	-118
-1687	-121
-1685	-123
-1682	-125
-1677	-123
-1672	-123
-1671	-126
-1668	-128
-1666	-131
-1666	-135
-1664	-138
-1649	-125
-1639	-119
-1639	-123
-1639	-128
-1632	-125
-1625	-121
-1620	-121
-1616	-120
-1612	-120
-1607	-119
-1596	-112
-1590	-109
-1585	-108
-1581	-108
-1579	-110
-1578	-113
-1577	-118
-1577	-122
-1577	-127
-1576	-131
-1575	-134
-1572	-136
-1569	-137
-1566	-138
-1553	-127
-1547	-125
-1543	-125
-1539	-125
-1535	-125
-1533	-127
-1531	-130
-1527	-129
-1524	-130
-1521	-131
-1518	-132
-1515	-134
-1509	-131
-1504	-130
-1500	-130
-1497	-130
-1492	-129
-1488	-129
-1485	-129
-1482	-130
-1480	-133
-1476	-133
-1469	-129
-1466	-129
-1462	-129
-1458	-130
-1455	-130
-1452	-131
-1450	-133
-1448	-136
-1445	-137
-1444	-140
-1445	-147
-1444	-150
-1442	-152
-1439	-153
-1433	-150
-1425	-145
-1420	-143
-1416	-143
-1411	-140
-1408	-141
-1406	-144
-1402	-144
-1402	-148
-1399	-149
-1396	-150
-1393	-151
-1390	-153
-1387	-153
-1381	-151
-1378	-151
-1375	-152
-1372	-153
-1371	-157
-1366	-155
-1363	-155
-1360	-156
-1356	-156
-1353	-156
-1349	-155
-1345	-155
-1343	-157
-1341	-159
-1339	-162
-1336	-163
-1334	-165
-1333	-169
-1325	-162
-1320	-159
-1316	-159
-1313	-160
-1311	-163
-1309	-165
-1308	-168
-1306	-171
-1302	-170
-1297	-168
-1295	-170
-1292	-171
-1290	-172
-1287	-174
-1284	-174
-1280	-173
-1278	-175
-1275	-176
-1271	-176
-1268	-176
-1264	-175
-1260	-175
-1257	-175
-1253	-174
-1251	-176
-1249	-178
-1246	-179
-1242	-178
-1239	-179
-1236	-180
-1231	-178
-1228	-177
-1225	-178
-1222	-179
-1218	-178
-1215	-178
-1212	-179
-1209	-180
-1206	-180
-1202	-180
-1199	-180
-1196	-180
-1193	-181
-1190	-181
-1186	-180
-1181	-177
-1178	-177
-1175	-178
-1172	-179
-1168	-178
-1164	-177
-1161	-177
-1158	-177
-1155	-178
-1152	-178
-1148	-177
-1145	-178
-1142	-178
-1140	-180
-1136	-180
-1132	-178
-1130	-180
-1127	-179
-1123	-178
-1119	-178
-1116	-178
-1113	-179
-1111	-180
-1107	-180
-1105	-180
-1102	-181
-1098	-180
-1094	-178
-1091	-179
-1088	-180
-1085	-179
-1080	-176
-1077	-177
-1076	-180
-1073	-180
-1070	-181
-1067	-180
-1063	-180
-1060	-180
-1057	-180
-1054	-180
-1051	-181
-1047	-179
-1044	-179
-1041	-178
-1038	-179
-1034	-177
-1031	-178
-1028	-178
-1026	-179
-1023	-180
-1020	-181
-1018	-182
-1014	-182
-1011	-181
-1008	-181
-1005	-181
-1002	-181
-999	-181
-996	-181
-992	-180
-990	-182
-988	-184
-985	-183
-980	-179
-974	-173
-969	-170
-966	-169
-962	-168
-959	-168
-956	-168
-953	-167
-949	-166
-946	-165
-943	-165
-941	-167
-939	-169
-936	-169
-933	-169
-931	-170
-928	-171
-926	-172
-924	-174
-921	-176
-918	-175
-914	-171
-909	-168
-902	-160
-894	-148
-889	-142
-886	-142
-882	-140
-880	-142
-877	-143
-861	-113
-859	-113
-856	-113
-853	-113
-851	-114
-848	-114
-846	-115
-843	-115
-840	-114
-857	-161
-781	-1
-777	1
-775	1
-772	2
-769	3
-766	3
-763	4
-761	2
-759	2
-756	2
-753	2
-750	3
-748	3
-745	3
-743	3
-741	2
-738	3
-735	3
-733	2
-731	0
-732	-7
-732	-15
-729	-15
-726	-12
-721	-7
-718	-5
-719	-13
-718	-17
-716	-19
-744	-130
-743	-134
-742	-137
-740	-140
-738	-143
-736	-143
-733	-144
-731	-145
-729	-146
-726	-147
-724	-147
-721	-148
-719	-149
-716	-150
-714	-151
-712	-152
-709	-152
-707	-154
-705	-155
-702	-155
-699	-154
-696	-154
-694	-155
-691	-153
-686	-147
-680	-137
-674	-126
-669	-120
-666	-118
-662	-116
-659	-115
-657	-116
-654	-115
-651	-112
-648	-111
-645	-111
-643	-114
-641	-115
-639	-115
-636	-116
-634	-116
-632	-118
-630	-120
-628	-123
-629	-133
-629	-144
-629	-152
-626	-152
-624	-151
-621	-152
-619	-152
-616	-152
-613	-151
-612	-157
-614	-172
-614	-180
-611	-179
-608	-178
-605	-177
-603	-178
-600	-177
-597	-178
-595	-179
-592	-178
-590	-178
-587	-177
-584	-178
-582	-178
-579	-179
-577	-179
-574	-179
-572	-180
-569	-181
-567	-181
-563	-178
-561	-178
-558	-178
-555	-178
-553	-179
-551	-179
-548	-179
-546	-180
-543	-182
-541	-184
-539	-183
-536	-183
-533	-183
-531	-183
-528	-184
-526	-183
-523	-184
-520	-183
-518	-183
-515	-184
-513	-184
-510	-183
-507	-183
-505	-182
-502	-183
-500	-183
-497	-184
-495	-185
-492	-184
-490	-184
-487	-183
-484	-184
-482	-183
-479	-184
-477	-183
-474	-183
-472	-184
-469	-184
-467	-185
-464	-184
-461	-183
-459	-183
-456	-183
-453	-182
-451	-183
-448	-182
-446	-183
-443	-183
-441	-183
-438	-183
-436	-183
-433	-182
-431	-184
-428	-183
-426	-184
-423	-183
-421	-184
-418	-183
-416	-184
-413	-183
-411	-183
-408	-183
-405	-183
-403	-184
-400	-183
-398	-184
-395	-183
-393	-183
-390	-183
-388	-182
-385	-183
-383	-183
-380	-183
-378	-183
-375	-184
-373	-183
-370	-183
-368	-184
-365	-184
-363	-184
-360	-183
-357	-182
-355	-183
-353	-183
-350	-184
-348	-185
-345	-184
-343	-185
-340	-184
-338	-183
-335	-184
-333	-183
-330	-182
-327	-182
-325	-182
-323	-183
-320	-184
-318	-184
-315	-183
-313	-183
-310	-183
-308	-183
-305	-184
-303	-184
-300	-184
-298	-183
-295	-184
-293	-183
-290	-183
-288	-185
-285	-184
-283	-184
-280	-184
-278	-183
-275	-182
-273	-182
-270	-182
-268	-181
-265	-181
-263	-177
-260	-173
-257	-172
-254	-169
-252	-167
-249	-168
-247	-168
-244	-168
-242	-168
-240	-172
-238	-175
-235	-175
-233	-176
-231	-178
-229	-183
-226	-184
-224	-185
-221	-182
-219	-182
-216	-183
-214	-184
-211	-185
-209	-184
-206	-183
-204	-185
-202	-184
-199	-183
-196	-182
-194	-182
-192	-183
-189	-184
-187	-184
-184	-185
-182	-184
-179	-184
-177	-183
-174	-183
-172	-184
-170	-183
-167	-183
-165	-182
-162	-182
-160	-182
-157	-182
-155	-181
-152	-182
-150	-184
-148	-184
-145	-183
-143	-183
-140	-183
-138	-184
-135	-184
-133	-184
-130	-182
-128	-184
-125	-185
-123	-185
-121	-184
-118	-184
-116	-184
-113	-183
-111	-181
-108	-182
-106	-183
-103	-182
-101	-182
-98	-182
-96	-182
-94	-181
-91	-180
-89	-178
-86	-177
-84	-177
-81	-178
-79	-179
-74	-172
-72	-173
-69	-174
-67	-172
-64	-171
-62	-170
-59	-169
-57	-169
-55	-169
-52	-167
-50	-165
-47	-164
-45	-164
-42	-166
-40	-169
-38	-172
-35	-174
-32	-183
-30	-184
-28	-184
-25	-185
-23	-185
-20	-184
-18	-185
-15	-184
-13	-184
-10	-183
-8	-183
-6	-183
-3	-184
-1	-185
2	-184
4	-185
7	-184
9	-183
12	-184
14	-185
17	-186
19	-185
21	-184
24	-183
26	-183
29	-182
31	-182
34	-182
36	-182
38	-181
41	-181
43	-181
46	-179
48	-179
51	-179
53	-179
56	-180
58	-181
61	-181
63	-181
65	-182
68	-182
71	-184
73	-184
76	-184
78	-184
80	-183
83	-183
85	-183
88	-184
90	-185
93	-185
95	-184
98	-184
100	-183
103	-184
105	-184
108	-184
110	-185
113	-186
115	-186
117	-184
120	-184
122	-185
125	-184
127	-184
130	-184
132	-184
135	-184
137	-184
140	-185
142	-184
145	-183
147	-183
150	-184
152	-184
154	-183
157	-185
160	-186
162	-185
165	-185
167	-185
170	-185
172	-185
175	-185
177	-183
179	-182
182	-182
184	-183
187	-185
190	-185
192	-185
195	-185
197	-185
199	-184
202	-185
204	-185
207	-184
209	-183
212	-183
214	-183
217	-184
219	-184
222	-185
224	-184
227	-183
229	-184
232	-184
235	-185
237	-186
240	-184
242	-185
245	-185
247	-184
250	-185
252	-185
255	-185
257	-184
260	-185
262	-184
265	-184
267	-184
269	-182
272	-183
275	-183
277	-183
280	-183
282	-184
285	-183
287	-183
290	-182
292	-183
295	-183
298	-184
300	-184
302	-183
305	-182
308	-183
310	-183
313	-184
316	-184
318	-185
321	-184
323	-184
326	-183
328	-184
331	-183
333	-183
335	-182
338	-183
341	-184
344	-185
346	-184
349	-183
351	-184
354	-184
356	-184
359	-183
361	-184
364	-183
367	-183
369	-183
371	-182
374	-182
377	-182
379	-182
382	-185
385	-184
387	-184
390	-183
392	-183
395	-184
398	-183
400	-184
403	-183
405	-183
408	-184
411	-183
413	-183
416	-183
418	-182
421	-183
424	-183
426	-182
429	-182
431	-183
434	-183
437	-182
439	-183
442	-183
445	-183
447	-183
450	-182
452	-180
454	-181
457	-182
460	-183
463	-183
466	-183
468	-183
471	-183
473	-182
476	-182
479	-182
482	-183
484	-183
487	-184
490	-183
492	-181
494	-181
497	-181
500	-183
503	-183
505	-182
508	-183
511	-184
514	-183
516	-183
519	-182
521	-181
524	-182
527	-182
529	-182
532	-182
535	-181
537	-182
540	-182
543	-183
546	-184
549	-183
551	-180
552	-178
555	-177
558	-177
560	-177
563	-177
566	-177
568	-177
570	-174
572	-170
573	-165
573	-160
576	-159
578	-158
582	-161
587	-167
592	-173
595	-176
598	-176
601	-175
603	-174
605	-173
608	-172
610	-170
613	-172
617	-174
620	-174
622	-174
624	-170
624	-164
621	-149
619	-135
619	-128
620	-124
622	-122
624	-120
626	-118
628	-116
631	-116
633	-115
635	-113
637	-111
639	-110
642	-111
645	-111
647	-110
649	-108
651	-107
655	-109
659	-112
662	-113
665	-115
668	-115
672	-117
675	-119
679	-122
684	-125
695	-147
700	-152
704	-154
706	-153
709	-153
712	-152
714	-150
716	-149
719	-149
721	-147
724	-146
726	-145
729	-145
731	-143
733	-142
736	-142
738	-141
740	-139
743	-138
745	-136
746	-132
747	-128
747	-123
748	-118
748	-113
748	-106
719	-19
720	-15
720	-10
721	-6
722	-1
724	1
726	2
728	3
731	3
733	3
736	2
739	2
742	2
745	2
774	-2
776	0
777	2
780	3
866	-144
864	-133
866	-133
870	-134
875	-138
879	-140
882	-140
884	-138
887	-137
889	-136
892	-136
895	-136
901	-141
912	-157
924	-173
929	-176
933	-178
936	-178
939	-176
941	-176
944	-176
948	-176
951	-176
955	-177
958	-177
962	-179
967	-182
973	-186
975	-185
978	-185
981	-185
984	-183
986	-181
989	-181
992	-180
994	-179
997	-178
1000	-179
1004	-179
1007	-179
1010	-179
1013	-178
1016	-178
1020	-178
1023	-178
1026	-178
1029	-178
1033	-179
1037	-179
1040	-180
1043	-179
1046	-178
1049	-178
1052	-176
1055	-177
1059	-177
1063	-178
1066	-177
1070	-178
1073	-179
1077	-179
1079	-178
1083	-178
1086	-178
1089	-178
1092	-177
1094	-175
1097	-174
1100	-173
1103	-173
1107	-173
1110	-173
1114	-173
1117	-173
1120	-173
1124	-173
1125	-169
1127	-167
1129	-166
1131	-163
1134	-162
1137	-161
1140	-161
1143	-159
1146	-159
1151	-162
1159	-168
1165	-172
1170	-174
1173	-174
1176	-173
1179	-172
1182	-171
1178	-160
1175	-150
1176	-148
1183	-152
1194	-163
1203	-171
1205	-169
1205	-163
1204	-157
1205	-152
1205	-148
1205	-143
1205	-138
1204	-132
1206	-129
1209	-128
1212	-127
1214	-125
1217	-125
1223	-128
1257	-171
1259	-168
1262	-167
1265	-167
1269	-167
1273	-168
1280	-172
1289	-179
1293	-179
1300	-184
1304	-185
1306	-181
1305	-175
1305	-170
1307	-168
1312	-169
1317	-170
1321	-171
1326	-173
1331	-175
1333	-172
1336	-171
1340	-171
1343	-170
1345	-168
1349	-168
1354	-170
1357	-169
1360	-167
1363	-166
1367	-166
1371	-166
1374	-165
1378	-166
1382	-166
1386	-166
1391	-167
1397	-169
1399	-167
1402	-166
1405	-164
1408	-163
1411	-162
1413	-160
1415	-157
1417	-155
1419	-152
1420	-149
1423	-147
1426	-147
1431	-147
1437	-150
1438	-146
1441	-145
1461	-165
1468	-167
1471	-166
1471	-162
1472	-158
1474	-156
1476	-153
1479	-151
1483	-151
1485	-149
1487	-146
1488	-143
1491	-141
1494	-140
1498	-140
1501	-139
1504	-138
1507	-136
1510	-135
1514	-134
1517	-133
1519	-131
1523	-130
1526	-128
1530	-129
1536	-130
1545	-136
1554	-142
1557	-140
1560	-139
1567	-141
1571	-141
1575	-141
1579	-141
1583	-140
1585	-137
1588	-137
1594	-138
1601	-140
1607	-143
1612	-143
1613	-139
1615	-137
1617	-134
1620	-133
1629	-137
1631	-135
1634	-133
1635	-130
1638	-128
1642	-128
1646	-127
1650	-127
1659	-131
1669	-137
1673	-136
1676	-135
1684	-139
1692	-141
1693	-138
1697	-137
1703	-139
1707	-138
1704	-130
1697	-118
1694	-111
1693	-105
1692	-99
1692	-95
1694	-92
1696	-89
1699	-88
1703	-87
1707	-87
1712	-86
1726	-96
1742	-107
1756	-117
1761	-116
1763	-113
1765	-111
1767	-108
1770	-107
1773	-105
1776	-103
1779	-101
1782	-99
1788	-101
1801	-108
1811	-113
1815	-112
1818	-110
1822	-109
1825	-108
1828	-106
1833	-105
1836	-104
1840	-103
1843	-101
1846	-100
1851	-99
1860	-103
1868	-106
1870	-102
1872	-100
1876	-99
1878	-96
1881	-94
1884	-92
1888	-91
1893	-91
1898	-91
1901	-89
1904	-87
1907	-85
1912	-84
1918	-85
1928	-90
1934	-90
1937	-89
1948	-93
1953	-93
1959	-94
1966	-95
1968	-92
1971	-90
1972	-86
1976	-85
1982	-86
1988	-86
1989	-82
1990	-78
1992	-76
1995	-74
1998	-71
2004	-71
2008	-71
2012	-69
2018	-69
2024	-69
2032	-72
2041	-75
2050	-77
2054	-76
2056	-73
2058	-70
2061	-68
2064	-66
2069	-65
2077	-67
2096	-78
2101	-77
2101	-72
2101	-68
2106	-67
2111	-66
2117	-66
2125	-68
2133	-70
2140	-71
2139	-65
2141	-62
2144	-60
2149	-58
2151	-56
2155	-55
2166	-58
2175	-60
2180	-59
2181	-56
2183	-53
2185	-49
2189	-47
2195	-48
2199	-46
2203	-44
2208	-43
2215	-44
2224	-46
2230	-46
2236	-45
2239	-44
2241	-40
2242	-36
2242	-31
2244	-28
2248	-27
2254	-26
2257	-24
2259	-20
2261	-17
2266	-16
2274	-17
2282	-18
2286	-16
2293	-17
2297	-15
2300	-13
2304	-11
2305	-7
2304	-1
2305	2
2306	7
2306	11
2307	15
2305	21
2304	27
2305	30
2307	33
2308	38
2307	43
2306	48
2308	52
2311	54
2315	55
2320	57
2323	59
2325	63
2326	66
2325	72
2324	77
2323	82
2326	85
2328	88
2323	96
2323	100
2326	103
2329	105
2330	109
2330	114
2332	117
2334	120
2335	124
2334	129
2332	135
2331	140
2333	143
2335	146
2335	151
2338	153
2338	157
2338	162
2340	165
2342	168
2343	172
2344	176
2345	180
2344	184
2345	188
2347	192
2348	195
2349	199
2350	203
2353	205
2354	209
2354	213
2354	217
2355	221
2356	225
2357	229
2358	233
2358	237
2359	241
2360	244
2361	248
2362	252
2363	255
2364	259
2365	263
2361	269
2357	276
2356	281
2355	286
2355	290
2357	293
2361	295
2367	296
2371	297
2374	300
2375	304
2376	308
2376	312
2377	315
2377	319
2378	323
2379	326
2380	330
2381	334
2381	338
2382	342
2384	345
2385	349
2385	353
2385	356
2386	360
2387	364
2389	367
2390	371
2391	374
2391	379
2392	382
2392	386
2393	390
2395	393
2396	396
2396	400
2396	404
2398	408
2399	411
2399	415
2401	418
2402	422
2403	426
2402	430
2403	433
2404	437
2407	440
2409	443
2413	445
2418	447
2420	449
2422	453
2424	455
2426	459
2428	462
2430	465
2432	468
2433	471
2434	475
2434	479
2434	483
2434	487
2434	491
2435	495
2434	499
2435	503
2436	506
2436	510
2437	514
2437	518
2437	522
2438	525
2439	529
2441	532
2440	536
2441	540
2442	543
2445	546
2447	549
2447	553
2447	557
2446	561
2448	564
2448	568
2449	572
2450	575
2452	578
2453	582
2455	585
2454	589
2454	593
2454	597
2454	601
2452	606
2449	611
2449	615
2449	619
2449	623
2449	627
2449	630
2450	634
2450	638
2451	641
2452	645
2450	649
2451	653
2452	656
2453	660
2454	663
2454	667
2455	670
2457	673
2460	676
2462	679
2464	682
2464	686
2464	690
2464	694
2465	697
2465	701
2463	705
2463	709
2464	713
2463	717
2464	720
2463	724
2462	729
2463	732
2463	736
2463	740
2464	743
2464	747
2464	750
2463	754
2462	759
2462	762
2464	765
2464	769
2464	773
2464	777
2464	780
2466	784
2466	787
2466	791
2465	795
2466	799
2466	802
2466	806
2467	809
2466	813
2467	817
2468	820
2469	824
2468	828
2468	831
2469	834
2470	838
2471	841
2471	845
2471	849
2472	852
2472	856
2472	859
2473	863
2474	866
2475	870
2475	873
2475	877
2475	881
2477	884
2479	887
2480	890
2480	894
2480	897
2480	901
2479	905
2480	908
2480	912
2480	915
2479	920
2480	923
2481	926
2482	930
2483	933
2483	936
2484	940
2484	943
2485	947
2485	950
2485	954
2485	957
2484	961
2484	965
2485	968
2486	972
2488	975
2488	978
2486	982
2485	986
2486	990
2487	993
2488	996
2490	999
2489	1003
2488	1007
2487	1011
2487	1015
2488	1018
2489	1021
2490	1024
2491	1028
2492	1031
2491	1035
2491	1039
2489	1043
2489	1046
2489	1050
2490	1053
2491	1056
2492	1060
2492	1063
2492	1067
2492	1070
2492	1074
2493	1077
2494	1080
2496	1084
2495	1087
2495	1091
2495	1094
2496	1098
2495	1101
2496	1105
2497	1108
2498	1111
2498	1115
2498	1118
2498	1122
2499	1125
2500	1129
2504	1131
2504	1135
2504	1138
2501	1142
2501	1146
2501	1149
2502	1153
2501	1156
2503	1159
2506	1162
2507	1166
2508	1169
2506	1173
2504	1177
2504	1180
2505	1184
2505	1187
2506	1190
2508	1193
2507	1197
2507	1201
2507	1204
2505	1208
2506	1211
2507	1215
2507	1218
2508	1221
2508	1225
2509	1228
2509	1232
2509	1235
2509	1239
2508	1242
2508	1246
2509	1249
2510	1252
2512	1255
2512	1259
2513	1262
2513	1266
2515	1269
2516	1272
2517	1275
2515	1279
2514	1283
2515	1286
2515	1290
2515	1293
2515	1297
2516	1300
2515	1303
2516	1307
2516	1310
2516	1314
2515	1317
2517	1320
2517	1324
2517	1327
2516	1331
2515	1334
2516	1338
2516	1341
2517	1345
2516	1348
2518	1351
2518	1355
2519	1358
2518	1362
2518	1365
2519	1368
2519	1372
2520	1375
2519	1379
2519	1382
2520	1385
2519	1389
2520	1392
2521	1396
2521	1399
2521	1403
2521	1406
2521	1409
2521	1413
2520	1416
2522	1420
2522	1423
2521	1426
2522	1430
2523	1433
2523	1437
2524	1440
2523	1443
2524	1447
2525	1450
2524	1454
2524	1457
2524	1460
2525	1464
2526	1467
2526	1470
2527	1474
2526	1477
2525	1481
2524	1484
2526	1488
2525	1491
2525	1495
2525	1498
2526	1501
2526	1505
2526	1508
2525	1512
2526	1515
2526	1518
2526	1522
2525	1525
2525	1529
2527	1532
2527	1535
2527	1539
2528	1542
2528	1545
2529	1549
2528	1552
2528	1556
2528	1559
2529	1562
2529	1566
2530	1569
2530	1573
2530	1576
2530	1579
2530	1583
2530	1586
2530	1590
2531	1593
2531	1596
2531	1600
2531	1603
2531	1607
2531	1610
2532	1613
2533	1617
2533	1620
2533	1624
2533	1627
2532	1631
2533	1634
2534	1637
2536	1641
2538	1644
2537	1647
2537	1651
2536	1654
2534	1658
2533	1661
2534	1665
2536	1668
