2568	1703
2569	1707
2569	1710
2570	1714
2570	1717
2571	1721
2570	1727
2571	1731
2571	1734
2572	1738
2573	1741
2573	1745
2574	1748
2574	1752
2574	1755
2574	1759
2574	1762
2575	1765
2575	1769
2575	1772
2574	1776
2575	1779
2575	1783
2576	1786
2576	1790
2577	1793
2578	1797
2579	1800
2579	1804
2579	1807
2580	1811
2581	1814
2581	1817
2581	1821
2581	1824
2582	1828
2583	1831
2584	1835
2586	1838
2586	1842
2585	1845
2586	1849
2588	1852
2590	1856
2591	1860
2591	1863
2590	1867
2590	1870
2591	1874
2590	1877
2590	1880
2592	1884
2593	1888
2591	1891
2591	1894
2592	1898
2593	1902
2593	1905
2594	1909
2593	1912
2591	1915
2592	1919
2593	1923
2594	1926
2598	1930
2601	1934
2601	1937
2599	1941
2600	1944
2601	1948
2601	1951
2601	1955
2600	1958
2600	1962
2601	1965
2603	1969
2604	1973
2603	1976
2601	1979
2603	1983
2603	1987
2603	1990
2603	1994
2602	1997
2604	2001
2605	2004
2605	2008
2607	2012
2607	2015
2607	2019
2607	2023
2608	2026
2608	2030
2607	2033
2611	2037
2613	2041
2613	2044
2611	2048
2610	2051
2609	2055
2609	2058
2609	2062
2610	2065
2610	2069
2612	2073
2611	2076
2611	2080
2613	2084
2616	2088
2617	2091
2617	2095
2617	2099
2618	2102
2618	2106
2616	2109
2615	2113
2615	2116
2617	2120
2617	2124
2618	2127
2616	2131
2616	2134
2617	2138
2617	2142
2619	2146
2619	2149
2620	2153
2622	2157
2622	2161
2624	2164
2624	2168
2624	2172
2626	2176
2627	2180
2627	2183
2629	2187
2629	2191
2629	2194
2630	2198
2631	2202
2630	2206
2630	2209
2630	2213
2629	2216
2628	2220
2629	2224
2629	2227
2630	2231
2631	2235
2630	2238
2629	2242
2629	2246
2630	2249
2631	2253
2632	2257
2632	2261
2633	2265
2632	2268
2633	2272
2633	2276
2632	2279
2633	2283
2633	2287
2633	2291
2634	2295
2634	2298
2635	2302
2634	2306
2635	2309
2639	2314
2639	2318
2639	2322
2639	2325
2640	2329
2641	2333
2641	2337
2641	2341
2641	2344
2642	2348
2642	2352
2643	2356
2644	2360
2644	2364
2644	2368
2644	2371
2644	2375
2645	2379
2646	2383
2645	2387
2645	2390
2645	2394
2645	2398
2644	2402
2645	2406
2646	2410
2646	2413
2647	2418
2647	2421
2650	2426
2650	2430
2650	2434
2649	2437
2649	2441
2650	2445
2650	2449
2650	2453
2650	2456
2650	2460
2650	2464
2650	2468
2651	2472
2652	2476
2653	2480
2654	2485
2654	2488
2654	2492
2655	2496
2656	2500
2657	2505
2659	2509
2659	2513
2658	2517
2660	2521
2660	2525
2660	2529
2659	2532
2660	2536
2660	2540
2661	2545
2662	2549
2662	2553
2663	2557
2663	2561
2662	2565
2661	2568
2661	2572
2661	2576
2661	2580
2659	2583
2658	2587
2659	2591
2659	2595
2659	2599
2665	2605
2665	2609
2664	2613
2664	2617
2664	2620
2664	2624
2665	2629
2665	2633
2664	2636
2664	2641
2666	2645
2667	2649
2666	2653
2668	2658
2668	2662
2669	2666
2669	2670
2669	2674
2670	2679
2669	2682
2665	2685
2667	2690
2671	2695
2673	2700
2672	2704
2669	2707
2669	2711
2670	2715
2671	2720
2671	2724
2671	2728
2671	2732
2668	2735
2669	2739
2675	2746
2674	2750
2674	2753
2674	2758
2675	2762
2674	2766
2675	2770
2674	2774
2675	2779
2675	2783
2676	2787
2676	2792
2676	2795
2675	2799
2675	2804
2676	2808
2677	2813
2678	2817
2678	2821
2678	2826
2678	2830
2678	2834
2678	2839
2679	2843
2679	2847
2679	2852
2683	2857
2684	2862
2685	2867
2685	2871
2686	2875
2686	2880
2688	2885
2688	2889
2689	2894
2689	2898
2688	2902
2688	2907
2689	2911
2689	2915
2690	2920
2691	2925
2692	2930
2693	2935
2694	2939
2693	2943
2693	2948
2692	2952
2691	2956
2693	2960
2693	2965
2694	2970
2694	2974
2693	2978
2694	2983
2697	2989
2697	2993
2697	2998
2698	3003
2697	3007
2697	3011
2698	3016
2698	3020
2698	3024
2697	3029
2691	3030
2676	3027
2665	3026
2659	3028
2655	3030
2653	3034
2655	3039
2652	3042
2651	3046
2650	3050
2650	3054
2648	3058
2648	3062
2648	3067
2650	3072
2658	3080
2677	3095
2705	3114
2704	3118
2704	3122
2706	3128
2706	3133
2705	3137
2706	3142
2706	3146
2706	3151
2706	3156
2706	3160
2706	3165
2707	3170
2708	3175
2709	3181
2709	3185
2709	3190
2709	3195
2711	3200
2711	3205
2710	3209
2710	3214
2710	3219
2710	3223
2709	3228
2709	3232
2709	3237
2709	3242
2709	3247
2710	3252
2710	3257
2710	3261
2710	3267
2712	3272
2711	3276
2710	3281
2708	3284
2705	3288
2705	3292
2706	3298
2708	3303
2708	3309
2709	3314
2711	3320
2711	3325
2712	3330
2710	3334
2710	3339
2711	3345
2712	3350
2713	3355
2713	3361
2713	3365
2712	3370
2711	3374
2711	3379
2710	3383
2710	3388
2710	3393
2710	3398
2710	3404
2710	3408
2712	3415
2711	3419
2708	3422
2706	3426
2705	3431
2705	3435
2704	3440
2703	3444
2701	3448
2701	3453
2701	3458
2701	3463
2701	3469
2702	3474
2702	3479
2706	3487
2708	3493
2710	3500
2709	3505
2709	3510
2709	3515
2708	3519
2705	3523
2705	3528
2704	3532
2704	3538
2704	3543
2704	3548
2703	3553
2703	3558
2702	3562
2701	3567
2700	3572
2699	3577
2699	3582
2699	3587
2699	3592
2699	3598
2699	3603
2698	3607
2697	3612
2697	3617
2697	3623
2697	3628
2696	3633
2697	3639
2698	3645
2698	3650
2697	3655
2697	3661
2697	3666
2696	3671
2695	3675
2695	3681
2694	3686
2694	3692
2693	3696
2692	3701
2691	3706
2692	3712
2694	3719
2694	3724
2693	3730
2692	3735
2692	3740
2691	3745
2692	3751
2690	3756
2689	3760
2688	3765
2688	3771
2689	3777
2686	3780
2687	3787
2684	3790
2687	3798
2684	3802
2685	3808
2679	3810
2681	3816
2682	3823
2682	3829
2681	3834
2679	3838
2667	3835
2659	3834
2651	3833
2647	3836
2657	3850
2678	3872
2677	3877
2677	3883
2675	3888
2674	3892
2671	3896
2672	3903
2671	3907
2671	3914
2669	3918
2667	3922
2665	3927
2663	3931
2660	3935
2659	3939
2660	3946
2660	3952
2658	3957
2657	3962
2655	3966
2653	3971
2653	3976
2651	3981
2650	3986
2647	3990
2646	3995
2644	4000
2643	4005
2641	4010
2640	4014
2641	4022
2641	4027
2640	4033
2638	4038
2637	4043
2635	4047
2631	4050
2629	4054
2628	4060
2628	4066
2626	4070
2624	4075
2623	4081
2622	4085
2620	4090
2620	4096
2618	4101
2616	4106
2615	4112
2615	4118
2613	4122
2610	4126
2609	4131
2608	4137
2251	3821
2251	3827
2249	3830
2252	3855
2250	3859
2244	3859
2587	4202
2583	4204
2580	4208
2578	4213
2576	4217
2574	4222
2571	4226
2568	4230
2566	4235
2563	4239
2561	4243
2558	4247
2555	4250
2552	4254
2549	4258
2546	4262
2544	4267
2543	4272
2541	4277
2538	4281
2536	4286
2534	4290
2531	4294
2528	4298
2526	4302
2523	4307
2521	4311
2519	4316
2516	4320
2514	4325
2511	4329
2509	4334
2506	4337
2504	4342
2502	4347
2500	4352
2496	4355
2493	4359
2492	4364
2488	4368
2485	4371
2483	4376
2481	4381
2480	4387
2477	4391
2474	4395
2472	4400
2469	4404
2467	4409
2465	4413
2462	4418
2460	4422
2457	4427
2458	4435
2455	4439
2452	4443
2450	4448
2449	4454
2447	4458
2444	4462
2440	4466
2436	4469
2433	4472
2430	4476
2427	4480
2424	4485
2424	4492
2421	4496
2417	4499
2417	4506
2413	4509
2409	4512
2405	4515
2402	4518
2400	4524
2397	4529
2396	4534
2393	4538
2389	4541
2386	4545
2383	4549
2380	4553
2375	4556
2372	4559
2370	4564
2368	4570
2365	4574
2361	4577
2358	4581
2356	4586
2353	4590
2349	4593
2345	4596
2341	4600
2339	4604
2336	4608
2332	4611
2328	4614
2324	4617
2320	4621
2318	4625
2315	4630
2312	4634
2309	4638
2306	4642
2303	4646
2300	4651
2298	4655
2294	4659
2290	4662
2287	4665
2284	4670
2284	4679
2283	4685
2280	4690
2278	4694
2275	4699
2274	4706
2273	4712
2270	4717
2266	4720
2262	4724
2259	4727
2256	4731
2253	4736
2250	4740
2247	4745
2245	4750
2242	4754
2238	4757
2234	4760
2231	4765
2229	4770
2227	4776
2224	4780
2220	4784
2217	4788
2213	4791
2209	4795
2205	4798
2201	4800
2197	4803
2194	4808
2191	4812
2187	4815
2184	4819
2180	4823
2176	4826
2173	4830
2170	4834
2165	4836
2161	4839
2158	4844
2154	4847
2150	4850
2146	4853
2142	4856
2139	4861
2136	4866
2133	4870
2129	4873
2126	4877
2122	4881
2118	4884
2114	4886
2109	4889
2105	4891
2100	4894
2096	4897
2092	4900
2089	4904
2085	4908
2082	4912
2080	4918
2076	4921
2072	4925
2069	4928
2066	4933
2062	4937
2058	4939
2054	4943
2051	4948
2048	4953
2044	4955
2040	4958
2035	4961
2032	4965
2030	4971
2026	4975
2022	4978
2018	4981
2014	4985
2010	4987
2006	4990
2002	4994
1998	4996
1993	4999
1989	5002
1985	5004
1980	5007
1976	5011
1972	5013
1967	5015
1962	5017
1958	5020
1954	5022
1949	5025
1944	5027
1940	5029
1936	5032
1931	5034
1927	5037
1923	5040
1919	5043
1915	5046
1910	5049
1907	5052
1903	5056
1898	5058
1894	5062
1890	5064
1886	5068
1883	5072
1878	5075
1874	5077
1870	5081
1866	5084
1861	5087
1857	5090
1854	5095
1850	5098
1846	5100
1841	5102
1836	5104
1833	5108
1829	5112
1825	5115
1820	5117
1816	5121
1813	5125
1809	5128
1805	5132
1800	5134
1795	5136
1791	5139
1787	5143
1786	5151
1783	5157
1780	5161
1776	5165
1773	5170
1769	5173
1765	5177
1760	5180
1756	5182
1751	5184
1746	5185
1740	5186
1735	5186
1730	5188
1725	5190
1722	5195
1718	5199
1714	5202
1710	5206
1707	5212
1705	5218
1700	5221
1694	5220
1690	5223
1685	5225
1680	5227
1676	5230
1672	5233
1667	5235
1662	5237
1658	5239
1652	5240
1647	5240
1641	5240
1635	5240
1631	5242
1627	5246
1623	5251
1618	5253
1613	5253
1607	5253
1602	5254
1597	5255
1593	5258
1589	5263
1585	5266
1581	5269
1576	5271
1571	5273
1567	5275
1562	5278
1558	5281
1553	5284
1549	5286
1544	5289
1540	5291
1534	5291
1529	5292
1523	5291
1518	5294
1514	5297
1510	5301
1506	5304
1502	5307
1497	5310
1493	5313
1489	5317
1485	5320
1480	5323
1476	5326
1472	5330
1468	5334
1464	5337
1459	5339
1455	5341
1449	5342
1445	5345
1441	5348
1435	5349
1431	5351
1426	5354
1422	5357
1417	5359
1413	5362
1408	5364
1402	5364
1397	5366
1393	5367
1388	5370
1383	5371
1377	5370
1372	5370
1367	5372
1362	5375
1357	5377
1352	5376
1346	5375
1341	5376
1336	5378
1331	5379
1325	5379
1321	5381
1316	5385
1313	5390
1309	5395
1305	5399
1301	5402
1296	5403
1291	5405
1286	5408
1282	5410
1277	5411
1271	5411
1266	5412
1261	5413
1256	5414
1251	5417
1247	5420
1242	5421
1237	5423
1232	5424
1226	5424
1221	5423
1216	5426
1211	5429
1207	5430
1202	5432
1197	5434
1192	5436
1188	5439
1183	5441
1178	5444
1173	5445
1169	5448
1165	5452
1161	5457
1157	5461
1153	5467
1149	5469
1144	5471
1139	5472
1134	5474
1129	5477
1124	5479
1119	5480
1114	5480
1109	5482
1104	5482
1099	5484
1094	5485
1088	5486
1084	5487
1078	5488
1074	5490
1069	5492
1063	5491
1058	5493
1053	5493
1048	5495
1043	5496
1038	5498
1032	5497
1027	5497
1022	5497
1016	5498
1011	5498
1006	5499
1001	5501
996	5502
991	5503
985	5502
980	5501
975	5504
970	5506
966	5508
961	5510
955	5509
950	5509
945	5512
940	5514
936	5516
931	5519
926	5522
922	5525
918	5529
913	5531
908	5533
903	5535
898	5536
893	5537
888	5538
883	5541
878	5540
872	5540
867	5542
862	5543
857	5544
852	5545
847	5546
842	5548
837	5549
832	5551
827	5551
822	5551
816	5551
811	5553
806	5554
802	5557
797	5558
791	5557
786	5556
781	5558
776	5560
771	5562
766	5563
761	5563
755	5563
750	5565
745	5566
740	5566
735	5566
730	5567
725	5568
720	5569
715	5571
710	5573
705	5574
700	5575
695	5578
690	5581
686	5584
681	5586
676	5589
671	5591
666	5592
661	5594
656	5596
651	5599
647	5601
642	5603
636	5604
631	5604
626	5605
621	5605
615	5605
610	5605
605	5606
600	5607
595	5609
590	5611
585	5612
580	5612
575	5612
569	5612
564	5614
559	5616
554	5617
549	5616
544	5617
539	5617
534	5619
529	5621
523	5620
518	5620
513	5620
507	5619
501	5610
496	5610
491	5615
486	5619
481	5618
476	5619
470	5618
465	5616
459	5613
454	5613
449	5613
444	5614
439	5616
434	5616
429	5616
423	5616
418	5617
413	5618
408	5617
403	5618
398	5619
392	5617
387	5618
382	5620
377	5621
372	5622
367	5622
362	5623
356	5622
351	5624
346	5625
341	5625
336	5624
331	5625
326	5626
320	5626
315	5624
310	5624
305	5624
299	5625
294	5626
289	5627
284	5625
279	5625
274	5626
268	5626
263	5629
258	5629
253	5629
248	5630
243	5631
238	5633
233	5633
227	5633
222	5632
217	5632
212	5635
207	5637
202	5638
197	5639
192	5640
187	5642
181	5643
176	5644
171	5645
166	5646
161	5647
156	5648
151	5649
145	5649
140	5648
135	5648
130	5648
125	5649
119	5646
114	5648
74	5020
70	5021
65	5021
61	5018
57	5016
52	5017
48	5017
44	5017
39	5011
34	5003
30	5000
26	4994
21	4995
17	4995
13	4995
8	4998
4	4999
-0	5000
-5	5004
-9	5014
-13	5016
-17	5016
-22	5014
-26	5016
-30	5019
-35	5020
-39	5017
-46	5658
-51	5652
-57	5649
-62	5648
-67	5648
-72	5649
-77	5651
-83	5650
-88	5648
-93	5647
-98	5658
-119	5654
-124	5651
-129	5652
-134	5651
-140	5648
-145	5646
-150	5645
-155	5645
-160	5644
-165	5644
-171	5645
-176	5646
-181	5648
-186	5650
-191	5650
-197	5650
-202	5649
-207	5650
-212	5650
-217	5648
-222	5646
-227	5645
-233	5644
-238	5644
-243	5644
-248	5646
-253	5646
-259	5645
-264	5643
-269	5643
-274	5642
-279	5642
-284	5639
-289	5638
-294	5638
-300	5637
-305	5637
-310	5638
-315	5639
-321	5639
-326	5638
-331	5636
-336	5636
-341	5635
-346	5634
-351	5635
-356	5632
-361	5631
-366	5630
-372	5628
-377	5627
-382	5626
-387	5624
-392	5622
-397	5619
-402	5619
-407	5619
-412	5619
-417	5616
-422	5616
-428	5616
-433	5617
-438	5616
-443	5616
-448	5615
-453	5614
-458	5611
-463	5610
-468	5609
-473	5608
-478	5605
-483	5604
-488	5602
-493	5598
-498	5598
-503	5597
-508	5597
-513	5596
-518	5595
-524	5595
-529	5595
-534	5597
-540	5598
-545	5601
-551	5603
-556	5602
-561	5601
-566	5602
-571	5603
-577	5603
-582	5603
-587	5603
-592	5603
-598	5604
-603	5602
-608	5600
-613	5600
-618	5601
-623	5601
-628	5600
-633	5597
-638	5596
-643	5594
-648	5593
-654	5595
-659	5598
-665	5599
-670	5596
-674	5593
-679	5589
-684	5586
-688	5583
-693	5581
-698	5578
-703	5575
-708	5574
-713	5573
-718	5571
-723	5568
-727	5566
-733	5565
-737	5563
-742	5562
-748	5562
-753	5561
-758	5560
-763	5558
-768	5558
-773	5557
-778	5556
-783	5555
-788	5553
-793	5551
-798	5550
-803	5551
-808	5550
-813	5549
-818	5547
-823	5547
-829	5548
-834	5549
-840	5550
-845	5550
-850	5550
-855	5549
-860	5547
-865	5545
-870	5544
-875	5544
-880	5543
-885	5542
-890	5540
-895	5539
-900	5538
-906	5538
-911	5537
-916	5536
-921	5537
-926	5537
-931	5533
-936	5530
-940	5527
-945	5525
-949	5521
-954	5519
-959	5519
-964	5518
-969	5516
-975	5517
-980	5517
-985	5517
-990	5514
-995	5512
-1000	5510
-1004	5507
-1009	5505
-1014	5503
-1019	5503
-1024	5503
-1029	5500
-1034	5498
-1038	5496
-1044	5496
-1049	5495
-1054	5494
-1059	5493
-1064	5491
-1069	5490
-1074	5490
-1079	5487
-1083	5485
-1088	5483
-1093	5482
-1097	5477
-1102	5475
-1107	5474
-1112	5472
-1117	5471
-1122	5471
-1128	5472
-1133	5471
-1138	5470
-1143	5469
-1148	5467
-1153	5467
-1158	5464
-1163	5463
-1167	5460
-1172	5459
-1177	5458
-1182	5457
-1187	5455
-1192	5452
-1196	5450
-1201	5448
-1206	5446
-1210	5441
-1214	5438
-1219	5436
-1224	5435
-1229	5432
-1233	5430
-1238	5427
-1243	5428
-1248	5426
-1253	5424
-1257	5420
-1262	5418
-1266	5415
-1270	5412
-1275	5409
-1280	5408
-1285	5407
-1290	5404
-1294	5401
-1298	5398
-1303	5396
-1307	5393
-1312	5391
-1316	5388
-1321	5384
-1325	5382
-1330	5380
-1334	5377
-1339	5375
-1343	5371
-1348	5370
-1353	5368
-1357	5365
-1362	5364
-1367	5364
-1372	5362
-1377	5360
-1381	5358
-1386	5355
-1392	5358
-1398	5357
-1403	5356
-1407	5353
-1411	5349
-1415	5345
-1418	5340
-1422	5335
-1426	5331
-1430	5328
-1435	5325
-1439	5321
-1443	5320
-1449	5319
-1454	5318
-1458	5316
-1463	5313
-1467	5310
-1472	5309
-1477	5307
-1481	5303
-1484	5298
-1488	5294
-1491	5289
-1495	5284
-1500	5282
-1504	5281
-1509	5279
-1514	5278
-1520	5278
-1524	5275
-1528	5271
-1533	5270
-1538	5270
-1543	5269
-1548	5266
-1552	5262
-1557	5261
-1562	5260
-1567	5260
-1570	5253
-1574	5250
-1579	5249
-1584	5247
-1589	5245
-1594	5244
-1599	5243
-1603	5241
-1608	5238
-1612	5236
-1617	5234
-1621	5231
-1626	5230
-1631	5228
-1636	5227
-1640	5223
-1644	5220
-1647	5215
-1651	5212
-1656	5209
-1660	5207
-1664	5204
-1669	5202
-1673	5200
-1677	5196
-1681	5192
-1685	5188
-1690	5187
-1694	5185
-1698	5182
-1703	5179
-1707	5176
-1711	5172
-1715	5170
-1719	5167
-1724	5165
-1729	5164
-1734	5162
-1738	5159
-1743	5157
-1747	5155
-1752	5154
-1757	5152
-1761	5149
-1765	5145
-1769	5142
-1773	5138
-1777	5136
-1782	5134
-1786	5130
-1790	5128
-1795	5127
-1799	5124
-1803	5119
-1807	5117
-1812	5116
-1817	5114
-1821	5112
-1826	5110
-1830	5107
-1835	5105
-1839	5102
-1843	5100
-1848	5097
-1852	5094
-1856	5091
-1860	5088
-1865	5086
-1869	5084
-1874	5081
-1878	5080
-1883	5077
-1887	5074
-1891	5072
-1895	5068
-1899	5065
-1903	5062
-1908	5059
-1912	5057
-1916	5055
-1920	5051
-1924	5048
-1928	5045
-1932	5041
-1935	5036
-1938	5031
-1939	5023
-1943	5019
-1948	5019
-1955	5020
-1959	5018
-1964	5016
-1968	5013
-1971	5008
-1974	5004
-1979	5002
-1984	5000
-1988	4998
-1992	4995
-1997	4993
-2000	4989
-2004	4986
-2008	4982
-2012	4980
-2017	4977
-2020	4974
-2020	4964
-2023	4959
-2028	4958
-2032	4955
-2038	4954
-2042	4952
-2046	4948
-2048	4943
-2053	4940
-2057	4938
-2061	4935
-2066	4933
-2070	4930
-2074	4927
-2078	4925
-2082	4922
-2086	4918
-2090	4915
-2094	4912
-2098	4909
-2101	4905
-2105	4902
-2109	4898
-2112	4895
-2116	4892
-2121	4889
-2124	4886
-2128	4883
-2133	4880
-2137	4877
-2140	4874
-2144	4870
-2148	4868
-2152	4865
-2156	4861
-2159	4858
-2163	4854
-2167	4851
-2171	4849
-2175	4846
-2179	4842
-2183	4839
-2187	4836
-2190	4832
-2194	4829
-2196	4822
-2199	4818
-2202	4814
-2205	4809
-2208	4805
-2212	4803
-2216	4799
-2219	4795
-2224	4793
-2229	4792
-2234	4791
-2239	4790
-2243	4787
-2247	4784
-2251	4781
-2255	4777
-2258	4773
-2262	4771
-2267	4769
-2270	4765
-2274	4761
-2277	4758
-2281	4754
-2284	4750
-2288	4746
-2292	4744
-2294	4739
-2297	4734
-2301	4731
-2305	4728
-2308	4724
-2311	4720
-2315	4717
-2319	4714
-2323	4711
-2327	4708
-2331	4705
-2334	4701
-2337	4697
-2340	4693
-2344	4690
-2348	4687
-2352	4684
-2355	4680
-2358	4676
-2363	4674
-2367	4671
-2371	4668
-2374	4665
-2378	4661
-2381	4657
-2384	4653
-2389	4651
-2393	4648
-2396	4644
-2400	4641
-2403	4637
-2406	4633
-2410	4630
-2413	4626
-2417	4623
-2421	4620
-2424	4616
-2427	4612
-2431	4609
-2436	4607
-2441	4605
-2444	4601
-2447	4598
-2449	4593
-2453	4590
-2457	4587
-2460	4583
-2464	4580
-2467	4576
-2467	4568
-2471	4565
-2473	4560
-2474	4554
-2476	4548
-2481	4546
-2484	4542
-2487	4538
-2490	4534
-2495	4532
-2499	4529
-2502	4526
-2506	4523
-2509	4519
-2511	4514
-2514	4510
-2518	4506
-2520	4501
-2523	4497
-2526	4493
-2530	4490
-2533	4487
-2537	4484
-2540	4480
-2542	4475
-2545	4471
-2549	4469
-2553	4465
-2556	4461
-2559	4457
-2563	4454
-2566	4450
-2568	4446
-2571	4442
-2574	4437
-2576	4432
-2579	4429
-2584	4426
-2587	4423
-2591	4420
-2593	4415
-2596	4411
-2599	4407
-2602	4404
-2603	4397
-2607	4394
-2610	4391
-2613	4387
-2615	4382
-2619	4378
-2622	4375
-2625	4371
-2628	4367
-2630	4362
-2634	4359
-2637	4355
-2641	4353
-2644	4349
-2647	4345
-2649	4340
-2652	4336
-2656	4334
-2660	4330
-2663	4326
-2665	4322
-2668	4318
-2672	4315
-2676	4312
-2678	4308
-2680	4303
-2684	4299
-2688	4297
-2690	4292
-2693	4288
-2692	4281
-2693	4274
-2695	4269
-2698	4265
-2700	4261
-2702	4256
-2704	4251
-2707	4248
-2710	4244
-2713	4240
-2714	4235
-2716	4230
-2720	4226
-2723	4223
-2726	4219
-2727	4214
-2730	4210
-2734	4207
-2736	4202
-2738	4197
-2739	4192
-2741	4187
-2744	4183
-2748	4180
-2752	4178
-2755	4174
-2759	4171
-2762	4167
-2766	4164
-2767	4158
-2769	4154
-2771	4149
-2773	4145
-2775	4140
-2777	4136
-2779	4131
-2780	4126
-2782	4121
-2783	4116
-2785	4111
-2787	4106
-2790	4102
-2793	4099
-2795	4095
-2797	4090
-2799	4085
-2803	4082
-2806	4078
-2808	4074
-2810	4069
-2811	4064
-2814	4061
-2818	4058
-2820	4053
-2823	4049
-2826	4045
-2830	4042
-2833	4039
-2835	4035
-2839	4032
-2842	4028
-2846	4025
-2851	4022
-2856	4021
-2858	4016
-2859	4011
-2860	4006
-2861	4000
-2863	3995
-2865	3991
-2867	3987
-2868	3982
-2871	3978
-2873	3973
-2875	3969
-2875	3963
-2877	3958
-2879	3954
-2882	3950
-2884	3945
-2884	3940
-2884	3934
-2885	3929
-2888	3924
-2889	3919
-2889	3914
-2891	3909
-2893	3905
-2896	3901
-2899	3898
-2900	3892
-2903	3889
-2905	3884
-2906	3879
-2907	3874
-2909	3869
-2911	3865
-2910	3859
-2916	3857
-2917	3852
-2917	3846
-2919	3841
-2921	3838
-2925	3835
-2926	3830
-2927	3824
-2929	3820
-2931	3816
-2932	3811
-2934	3806
-2935	3801
-2936	3796
-2938	3792
-2940	3787
-2939	3781
-2940	3776
-2943	3773
-2945	3768
-2946	3763
-2947	3758
-2950	3755
-2952	3750
-2953	3745
-2954	3740
-2956	3736
-2958	3732
-2962	3729
-2963	3724
-2965	3720
-2966	3715
-2968	3711
-2971	3707
-2970	3701
-2972	3696
-2972	3691
-2963	3679
-2965	3675
-2967	3671
-2969	3666
-2970	3661
-2969	3655
-2969	3650
-2968	3644
-2967	3638
-2967	3632
-2969	3628
-2968	3621
-2968	3616
-2968	3611
-2968	3605
-2962	3595
-2963	3591
-2966	3587
-2968	3584
-2969	3579
-2969	3573
-2968	3567
-2968	3562
-2969	3557
-2970	3553
-2970	3547
-2970	3542
-2969	3536
-2969	3530
-2969	3525
-2967	3518
-2970	3515
-2969	3509
-2970	3504
-2970	3499
-2968	3492
-2968	3487
-2970	3483
-2971	3478
-2971	3473
-2970	3468
-2971	3463
-2970	3457
-2968	3451
-2967	3445
-2965	3438
-2965	3433
-2965	3428
-2965	3423
-2966	3418
-2967	3414
-2969	3410
-2970	3405
-2971	3401
-2970	3395
-2969	3389
-2968	3384
-2968	3379
-2970	3375
-2968	3368
-2965	3362
-2964	3356
-2965	3351
-2964	3346
-2964	3341
-2964	3336
-2965	3332
-2967	3327
-2966	3322
-2966	3317
-2967	3313
-2966	3307
-2966	3302
-2965	3297
-2966	3292
-2963	3286
-2963	3281
-2961	3275
-2961	3270
-2960	3264
-2962	3260
-2963	3256
-2962	3251
-2962	3246
-2959	3239
-2958	3234
-2960	3230
-2959	3224
-2958	3219
-2959	3215
-2957	3209
-2956	3204
-2956	3199
-2957	3194
-2956	3189
-2956	3184
-2957	3180
-2957	3175
-2958	3171
-2957	3166
-2955	3160
-2954	3155
-2955	3150
-2953	3145
-2954	3140
-2953	3135
-2952	3130
-2951	3125
-2951	3120
-2951	3115
-2950	3110
-2948	3104
-2946	3099
-2948	3095
-2948	3091
-2947	3085
-2947	3081
-2948	3077
-2947	3071
-2947	3067
-2946	3062
-2948	3058
-2950	3054
-2951	3050
-2949	3044
-2945	3038
-2943	3032
-2943	3028
-2942	3023
-2941	3018
-2940	3013
-2939	3008
-2939	3003
-2940	2999
-2938	2994
-2936	2988
-2937	2984
-2937	2980
-2938	2975
-2937	2970
-2936	2965
-2934	2960
-2932	2955
-2933	2951
-2933	2946
-2930	2941
-2927	2935
-2925	2929
-2925	2925
-2926	2921
-2926	2917
-2925	2912
-2925	2907
-2926	2903
-2926	2899
-2925	2894
-2925	2889
-2924	2885
-2923	2880
-2922	2875
-2922	2871
-2921	2866
-2919	2861
-2918	2856
-2918	2851
-2914	2846
-2914	2841
-2915	2837
-2914	2833
-2915	2829
-2916	2825
-2919	2822
-2917	2817
-2915	2811
-2914	2807
-2916	2803
-2916	2799
-2915	2794
-2914	2790
-2914	2785
-2909	2779
-2908	2774
-2909	2770
-2910	2767
-2910	2762
-2908	2757
-2908	2753
-2908	2749
-2908	2745
-2909	2741
-2908	2736
-2906	2731
-2904	2726
-2902	2721
-2904	2718
-2905	2714
-2905	2710
-2907	2706
-2904	2701
-2900	2695
-2895	2690
-2897	2686
-2895	2681
-2896	2677
-2894	2672
-2893	2668
-2894	2664
-2893	2660
-2893	2656
-2893	2651
-2892	2647
-2887	2641
-2885	2636
-2884	2632
-2885	2628
-2884	2624
-2884	2620
-2885	2616
-2885	2612
-2884	2607
-2882	2603
-2883	2599
-2882	2594
-2883	2591
-2882	2586
-2882	2582
-2878	2577
-2878	2573
-2877	2569
-2876	2564
-2873	2559
-2872	2555
-2872	2551
-2873	2547
-2870	2542
-2868	2537
-2866	2533
-2865	2528
-2865	2524
-2868	2521
-2868	2517
-2867	2513
-2868	2509
-2866	2505
-2865	2501
-2865	2496
-2866	2493
-2865	2489
-2863	2484
-2861	2480
-2861	2476
-2862	2472
-2863	2468
-2863	2464
-2861	2460
-2859	2455
-2853	2450
-2850	2445
-2850	2441
-2850	2437
-2851	2433
-2851	2430
-2851	2426
-2852	2422
-2853	2418
-2850	2414
-2848	2409
-2843	2404
-2842	2400
-2847	2397
-2851	2394
-2850	2391
-2850	2387
-2850	2383
-2850	2379
-2848	2374
-2849	2371
-2844	2366
-2841	2361
-2840	2357
-2840	2353
-2841	2350
-2842	2346
-2840	2342
-2838	2337
-2837	2333
-2836	2329
-2837	2326
-2835	2321
-2834	2317
-2831	2313
-2831	2309
-2830	2305
-2829	2301
-2829	2297
-2831	2294
-2831	2290
-2830	2286
-2828	2282
-2829	2278
-2828	2274
-2824	2269
-2825	2266
-2826	2262
-2827	2259
-2825	2255
-2825	2251
-2823	2247
-2820	2242
-2819	2238
-2820	2235
-2818	2231
-2817	2227
-2817	2223
-2816	2219
-2815	2215
-2814	2211
-2814	2207
-2813	2204
-2814	2200
-2815	2196
-2813	2192
-2811	2188
-2809	2184
-2809	2180
-2810	2177
-2810	2173
-2809	2169
-2809	2166
-2808	2162
-2806	2158
-2803	2153
-2802	2149
-2797	2145
-2798	2141
-2799	2138
-2802	2135
-2803	2131
-2801	2127
-2799	2123
-2798	2119
-2800	2116
-2798	2112
-2797	2108
-2795	2104
-2793	2100
-2794	2097
-2792	2093
-2791	2089
-2791	2085
-2791	2082
-2787	2078
-2786	2074
-2788	2070
-2791	2067
-2791	2064
-2791	2060
-2789	2056
-2788	2052
-2786	2048
-2786	2045
-2786	2041
-2786	2037
-2783	2033
-2782	2030
-2781	2026
-2779	2022
-2779	2018
-2777	2015
-2777	2011
-2775	2007
-2775	2003
-2775	2000
-2776	1996
-2777	1993
-2776	1989
-2774	1985
-2773	1982
-2772	1978
-2771	1974
-2771	1971
-2770	1967
-2770	1963
-2770	1960
-2770	1956
-2768	1952
-2765	1949
-2767	1945
-2767	1942
-2766	1938
-2766	1934
-2764	1931
-2763	1927
-2761	1923
-2761	1920
-2760	1916
-2760	1912
-2761	1909
-2760	1905
-2758	1902
-2759	1898
-2759	1895
-2757	1891
-2756	1887
-2757	1884
-2756	1880
-2755	1877
-2754	1873
-2754	1869
-2754	1866
-2753	1862
-2752	1859
-2750	1855
-2750	1851
-2749	1848
-2747	1844
-2745	1841
-2746	1837
-2747	1834
-2747	1830
-2746	1826
-2743	1823
-2741	1819
-2740	1816
-2740	1812
-2739	1809
-2739	1805
-2739	1801
-2739	1798
-2738	1794
-2738	1791
-2738	1787
-2737	1784
-2736	1780
-2737	1777
-2737	1773
-2737	1770
-2736	1766
-2733	1763
-2731	1759
-2731	1756
-2732	1752
-2731	1749
-2729	1745
-2727	1742
-2726	1738
-2726	1735
-2727	1731
-2727	1728
-2725	1724
-2723	1720
-2723	1717
-2722	1714
-2720	1710
-2718	1707
-2717	1703
-2717	1700
-2714	1696
-2711	1693
-2711	1689
-2711	1686
-2712	1682
-2711	1679
-2710	1675
-2708	1672
-2707	1668
-2706	1665
-2703	1661
-2702	1658
-2702	1654
-2701	1651
-2700	1648
-2702	1644
-2703	1641
-2700	1637
-2699	1634
-2699	1630
-2697	1627
-2696	1623
-2696	1620
-2696	1617
-2695	1613
-2692	1610
-2692	1606
-2691	1603
-2691	1599
-2689	1596
-2688	1593
-2688	1589
-2688	1586
-2688	1582
-2688	1579
-2688	1575
-2688	1572
-2687	1568
-2685	1565
-2686	1562
-2683	1558
-2683	1555
-2679	1552
-2679	1548
-2681	1545
-2681	1541
-2681	1538
-2679	1534
-2678	1531
-2676	1528
-2674	1524
-2675	1521
-2676	1517
-2676	1514
-2674	1511
-2671	1507
-2669	1504
-2669	1501
-2669	1497
-2668	1494
-2666	1491
-2665	1487
-2665	1484
-2665	1480
-2663	1477
-2662	1474
-2661	1470
-2661	1467
-2660	1464
-2659	1460
-2658	1457
-2657	1454
-2656	1450
-2656	1447
-2653	1444
-2652	1440
-2652	1437
-2650	1434
-2651	1430
-2651	1427
-2650	1423
-2649	1420
-2649	1417
-2647	1413
-2647	1410
-2647	1407
-2645	1403
-2645	1400
-2643	1397
-2642	1393
-2642	1390
-2641	1387
-2640	1383
-2638	1380
-2637	1377
-2636	1374
-2634	1370
-2633	1367
-2632	1364
-2633	1360
-2633	1357
-2632	1353
-2630	1350
-2629	1347
-2628	1344
-2627	1340
-2626	1337
-2625	1334
-2625	1330
-2624	1327
-2623	1324
-2622	1320
-2621	1317
-2620	1314
-2620	1311
-2617	1308
-2615	1304
-2612	1301
-2612	1298
-2612	1295
-2613	1291
-2611	1288
-2610	1285
-2609	1281
-2609	1278
-2609	1275
-2610	1271
-2609	1268
-2608	1264
-2606	1261
-2604	1258
-2601	1255
-2600	1252
-2601	1248
-2600	1245
-2600	1242
-2599	1238
-2597	1235
-2597	1232
-2597	1229
-2596	1225
-2594	1222
-2592	1219
-2591	1216
-2590	1213
-2590	1209
-2587	1206
-2587	1203
-2587	1200
-2586	1196
-2585	1193
-2584	1190
-2582	1187
-2581	1183
-2580	1180
-2578	1177
-2578	1174
-2579	1170
-2577	1167
-2575	1164
-2575	1161
-2574	1157
-2575	1154
-2574	1151
-2572	1148
-2570	1144
-2569	1141
-2568	1138
-2566	1135
-2563	1132
-2563	1129
-2563	1125
-2563	1122
-2562	1119
-2561	1116
-2560	1112
-2559	1109
-2558	1106
-2557	1103
-2556	1099
-2556	1096
-2555	1093
-2554	1089
-2554	1086
-2553	1083
-2551	1080
-2549	1077
-2548	1074
-2545	1071
-2544	1068
-2543	1064
-2541	1061
-2540	1058
-2539	1055
-2536	1052
-2534	1049
-2533	1046
-2532	1043
-2532	1040
-2530	1037
-2528	1034
-2527	1031
-2526	1027
-2525	1024
-2523	1021
-2522	1018
-2521	1015
-2520	1012
-2518	1009
-2516	1006
-2516	1002
-2514	999
-2513	996
-2512	993
-2512	990
-2511	986
-2509	984
-2508	980
-2507	977
-2506	974
-2504	971
-2504	967
-2504	964
-2502	961
-2499	958
-2498	955
-2498	952
-2498	948
-2498	945
-2498	941
-2497	938
-2496	935
-2496	931
-2495	928
-2494	925
-2492	922
-2491	919
-2490	916
-2490	912
-2489	909
-2489	906
-2488	902
-2487	899
-2486	896
-2486	893
-2485	889
-2483	887
-2482	883
-2481	880
-2481	877
-2480	874
-2478	870
-2478	867
-2477	864
-2475	861
-2474	858
-2474	854
-2474	851
-2473	848
-2473	844
-2471	841
-2470	838
-2470	834
-2469	831
-2469	828
-2469	824
-2467	821
-2467	817
-2468	814
-2465	811
-2464	808
-2463	805
-2461	802
-2460	799
-2461	795
-2460	792
-2459	788
-2458	785
-2458	781
-2458	778
-2457	775
-2455	772
-2455	768
-2454	765
-2454	761
-2453	758
-2452	755
-2452	751
-2452	748
-2450	745
-2448	742
-2446	739
-2446	736
-2444	733
-2442	730
-2441	727
-2439	724
-2438	720
-2439	717
-2437	714
-2434	711
-2433	708
-2433	704
-2432	701
-2430	698
-2429	695
-2427	692
-2425	690
-2423	687
-2423	683
-2422	680
-2421	677
-2418	674
-2416	672
-2413	669
-2413	665
-2414	661
-2413	658
-2411	655
-2409	653
-2407	650
-2407	646
-2406	643
-2405	640
-2403	637
-2402	633
-2401	630
-2400	627
-2401	623
-2400	619
-2400	616
-2398	613
-2397	610
-2395	607
-2394	604
-2393	601
-2390	598
-2389	595
-2387	592
-2388	588
-2386	585
-2386	581
-2384	578
-2384	575
-2382	572
-2380	569
-2379	566
-2378	563
-2375	560
-2374	557
-2372	554
-2373	550
-2371	547
-2371	544
-2369	541
-2369	537
-2367	534
-2366	531
-2363	529
-2361	526
-2359	523
-2359	519
-2358	516
-2357	513
-2356	510
-2354	507
-2353	503
-2352	500
-2350	497
-2350	494
-2349	490
-2347	487
-2347	484
-2345	481
-2344	478
-2343	474
-2341	471
-2340	468
-2338	465
-2337	462
-2336	459
-2334	456
-2333	452
-2333	449
-2332	445
-2330	442
-2329	439
-2329	436
-2327	433
-2327	429
-2325	426
-2324	423
-2323	419
-2322	416
-2321	413
-2319	410
-2317	407
-2317	403
-2316	399
-2316	396
-2315	393
-2312	390
-2310	388
-2307	385
-2308	381
-2308	377
-2306	374
-2305	370
-2304	367
-2303	364
-2302	361
-2298	359
-2297	356
-2295	353
-2294	349
-2292	346
-2291	343
-2290	340
-2289	336
-2287	334
-2285	331
-2283	328
-2281	325
-2280	322
-2280	318
-2279	314
-2279	310
-2278	307
-2276	304
-2275	301
-2275	297
-2273	294
-2271	291
-2270	288
-2270	284
-2269	280
-2267	277
-2266	274
-2265	271
-2264	267
-2262	264
-2262	260
-2260	257
-2258	254
-2257	251
-2257	247
-2257	243
-2256	240
-2252	238
-2250	235
-2249	232
-2246	229
-2243	227
-2240	225
-2238	222
-2236	219
-2235	216
-2234	213
-2232	210
-2231	206
-2230	203
-2228	200
-2225	198
-2223	195
-2221	192
-2220	189
-2217	187
-2213	185
-2211	183
-2209	180
-2207	177
-2206	174
-2203	171
-2200	169
-2198	166
-2197	163
-2196	160
-2193	157
-2192	154
-2190	151
-2190	147
-2189	143
-2187	140
-2185	138
-2183	134
-2182	131
-2181	128
-2180	124
-2178	121
-2177	117
-2176	114
-2174	111
-2172	108
-2170	105
-2170	101
-2172	95
-2171	92
-2169	89
-2166	86
-2164	84
-2162	81
-2161	78
-2159	75
-2157	71
-2156	68
-2155	65
-2153	61
-2152	58
-2151	55
-2149	51
-2149	47
-2148	43
-2147	40
-2146	36
-2145	33
-2142	31
-2140	27
-2138	24
-2136	22
-2135	18
-2135	14
-2135	9
-2133	6
-2130	4
-2128	2
-2129	-4
-2128	-8
-2126	-10
-2123	-13
-2123	-17
-2121	-20
-2119	-23
-2117	-26
-2116	-30
-2116	-34
-2115	-38
-2113	-41
-2111	-44
-2108	-46
-2107	-50
-2108	-56
-2107	-59
-2105	-62
-2104	-66
-2102	-68
-2100	-72
-2098	-75
-2098	-79
-2098	-84
-2096	-87
-2095	-91
-2094	-95
-2091	-97
-2089	-100
-2088	-104
-2088	-108
-2089	-114
-2088	-117
-2080	-115
-2076	-117
-2075	-121
-2076	-126
-2074	-129
-2070	-130
-2064	-129
-2058	-129
-2051	-127
-2045	-127
-2040	-127
-2035	-127
-2026	-124
-2023	-125
-2020	-128
-2013	-126
-2010	-127
-2006	-129
-2001	-129
-1997	-130
-1995	-133
-1991	-134
-1988	-136
-1985	-138
-1981	-139
-1978	-141
-1970	-138
-1954	-128
-1948	-126
-1942	-126
-1936	-124
-1928	-122
-1922	-120
-1916	-119
-1911	-119
-1907	-119
-1903	-121
-1900	-123
-1899	-127
-1898	-131
-1898	-134
-1896	-137
-1893	-140
-1895	-146
-1895	-151
-1892	-153
-1889	-154
-1886	-157
-1883	-159
-1881	-161
-1877	-162
-1873	-163
-1870	-164
-1865	-165
-1858	-162
-1846	-154
-1837	-150
-1828	-145
-1822	-144
-1819	-146
-1815	-147
-1812	-148
-1806	-147
-1798	-143
-1790	-139
-1786	-140
-1783	-141
-1779	-142
-1777	-144
-1774	-147
-1772	-149
-1769	-151
-1768	-154
-1770	-162
-1771	-167
-1771	-173
-1759	-165
-1748	-157
-1740	-153
-1736	-153
-1727	-149
-1720	-146
-1716	-146
-1713	-147
-1710	-150
-1708	-152
-1706	-155
-1697	-149
-1688	-144
-1683	-143
-1679	-143
-1673	-141
-1664	-136
-1658	-134
-1655	-135
-1652	-136
-1649	-138
-1645	-138
-1642	-140
-1642	-145
-1641	-148
-1640	-152
-1638	-155
-1634	-155
-1633	-159
-1621	-149
-1614	-146
-1609	-145
-1605	-146
-1603	-148
-1601	-150
-1594	-146
-1585	-141
-1582	-143
-1579	-144
-1578	-147
-1576	-150
-1575	-153
-1567	-149
-1558	-143
-1551	-139
-1546	-137
-1543	-139
-1541	-141
-1538	-142
-1535	-144
-1533	-146
-1532	-149
-1531	-153
-1530	-157
-1528	-160
-1524	-160
-1521	-160
-1516	-159
-1513	-160
-1510	-161
-1507	-163
-1506	-166
-1498	-162
-1493	-160
-1490	-161
-1486	-161
-1481	-160
-1476	-157
-1472	-158
-1469	-159
-1466	-160
-1462	-160
-1456	-157
-1454	-159
-1451	-161
-1447	-159
-1442	-159
-1439	-159
-1435	-159
-1432	-160
-1429	-161
-1423	-158
-1420	-158
-1417	-160
-1414	-161
-1411	-161
-1405	-158
-1394	-149
-1389	-147
-1387	-149
-1385	-151
-1382	-152
-1379	-154
-1376	-155
-1373	-156
-1372	-159
-1373	-165
-1375	-174
-1371	-173
-1367	-172
-1362	-170
-1357	-169
-1353	-169
-1349	-167
-1346	-168
-1344	-171
-1341	-172
-1340	-175
-1338	-177
-1334	-176
-1319	-160
-1312	-156
-1310	-157
-1307	-158
-1303	-157
-1301	-160
-1300	-163
-1297	-165
-1294	-166
-1294	-171
-1294	-175
-1293	-180
-1287	-176
-1282	-174
-1279	-174
-1276	-174
-1273	-176
-1270	-177
-1266	-176
-1262	-176
-1259	-176
-1256	-176
-1254	-178
-1249	-176
-1244	-174
-1241	-174
-1237	-173
-1233	-172
-1229	-172
-1226	-172
-1222	-171
-1220	-173
-1217	-175
-1214	-175
-1211	-175
-1208	-177
-1205	-177
-1202	-177
-1195	-172
-1193	-173
-1190	-175
-1187	-175
-1184	-176
-1183	-178
-1180	-179
-1177	-180
-1173	-178
-1169	-177
-1165	-177
-1162	-178
-1159	-178
-1156	-178
-1153	-179
-1148	-177
-1145	-176
-1141	-175
-1138	-175
-1135	-175
-1131	-175
-1128	-176
-1125	-176
-1122	-176
-1118	-175
-1116	-178
-1114	-179
-1112	-180
-1108	-180
-1105	-180
-1101	-179
-1098	-180
-1095	-180
-1092	-180
-1089	-180
-1086	-180
-1083	-180
-1079	-180
-1076	-180
-1073	-180
-1070	-180
-1067	-180
-1063	-180
-1060	-180
-1057	-180
-1054	-181
-1050	-179
-1047	-178
-1044	-179
-1041	-179
-1038	-179
-1035	-180
-1032	-179
-1028	-179
-1025	-178
-1022	-179
-1019	-178
-1016	-179
-1013	-179
-1010	-179
-1007	-180
-1004	-179
-1001	-179
-997	-179
-995	-179
-992	-180
-989	-181
-987	-183
-986	-186
-984	-188
-981	-188
-978	-190
-976	-191
-972	-190
-968	-188
-962	-182
-957	-177
-954	-177
-951	-176
-948	-177
-945	-177
-942	-177
-939	-178
-937	-179
-934	-180
-930	-178
-927	-177
-924	-178
-921	-178
-917	-175
-918	-184
-914	-182
-912	-183
-875	-109
-872	-108
-869	-107
-866	-107
-863	-107
-861	-108
-858	-108
-855	-107
-852	-107
-849	-108
-847	-109
-845	-111
-843	-113
-873	-189
-783	0
-781	0
-778	0
-775	1
-772	1
-769	3
-766	3
-764	3
-762	2
-759	2
-756	2
-754	1
-751	2
-749	2
-746	2
-744	1
-741	2
-739	0
-736	2
-734	-1
-734	-6
-733	-12
-732	-13
-728	-10
-724	-7
-722	-9
-722	-14
-720	-17
-720	-24
-749	-126
-748	-130
-746	-134
-745	-137
-743	-139
-741	-142
-739	-143
-736	-143
-734	-144
-732	-146
-730	-148
-727	-148
-724	-148
-722	-149
-720	-150
-717	-151
-715	-151
-712	-153
-710	-153
-707	-154
-705	-155
-702	-155
-699	-153
-696	-153
-694	-155
-692	-156
-688	-152
-683	-147
-678	-139
-672	-131
-669	-128
-666	-127
-664	-129
-662	-131
-660	-132
-657	-133
-654	-133
-652	-132
-650	-135
-649	-139
-647	-141
-645	-144
-644	-149
-641	-149
-638	-148
-635	-147
-632	-146
-629	-145
-627	-146
-625	-147
-622	-148
-619	-147
-616	-146
-614	-146
-612	-149
-612	-157
-613	-170
-613	-177
-610	-177
-607	-176
-604	-175
-601	-175
-599	-176
-596	-176
-594	-176
-591	-176
-588	-176
-586	-177
-583	-177
-581	-177
-578	-177
-575	-175
-572	-174
-516	-5
-513	-4
-511	-4
-509	-5
-507	-8
-506	-15
-507	-24
-506	-31
-505	-38
-506	-51
-506	-60
-506	-68
-508	-86
-508	-95
-508	-105
-508	-115
-507	-124
-507	-132
-506	-141
-506	-150
-505	-157
-504	-162
-502	-164
-500	-167
-497	-167
-495	-167
-492	-168
-490	-169
-488	-171
-485	-170
-483	-171
-481	-172
-478	-172
-475	-172
-473	-171
-470	-172
-467	-168
-463	-162
-459	-157
-457	-156
-454	-156
-451	-154
-449	-156
-447	-159
-445	-162
-443	-165
-442	-170
-440	-171
-437	-172
-435	-172
-432	-172
-429	-170
-427	-170
-424	-170
-421	-170
-419	-171
-416	-170
-414	-170
-411	-170
-409	-170
-406	-170
-404	-170
-401	-169
-399	-169
-396	-169
-394	-170
-391	-170
-389	-171
-386	-171
-384	-171
-381	-170
-379	-169
-376	-169
-374	-169
-371	-170
-369	-169
-366	-170
-364	-170
-361	-169
-359	-171
-356	-170
-354	-170
-351	-169
-349	-169
-346	-169
-344	-169
-341	-171
-340	-179
-338	-183
-336	-183
-333	-184
-331	-183
-328	-183
-326	-184
-323	-183
-321	-184
-318	-183
-315	-182
-313	-183
-311	-185
-308	-185
-306	-185
-303	-184
-301	-184
-298	-184
-296	-183
-293	-183
-291	-184
-288	-184
-286	-184
-283	-184
-281	-183
-278	-182
-276	-182
-273	-183
-271	-184
-268	-184
-266	-184
-263	-183
-261	-183
-258	-183
-256	-183
-253	-183
-251	-183
-248	-183
-246	-184
-243	-184
-241	-183
-238	-183
-236	-184
-233	-184
-231	-183
-228	-183
-226	-185
-224	-185
-221	-185
-219	-184
-216	-183
-214	-184
-211	-184
-209	-183
-206	-183
-204	-183
-201	-184
-199	-184
-196	-184
-194	-184
-191	-183
-189	-182
-186	-182
-184	-182
-182	-184
-179	-185
-177	-185
-174	-184
-172	-184
-169	-185
-167	-185
-164	-185
-162	-185
-160	-186
-157	-185
-154	-185
-152	-184
-150	-184
-147	-184
-145	-184
-142	-183
-140	-183
-137	-183
-135	-184
-132	-184
-130	-184
-127	-184
-125	-184
-122	-185
-120	-184
-118	-184
-115	-184
-113	-185
-110	-184
-108	-183
-105	-184
-103	-184
-100	-184
-98	-184
-95	-184
-93	-184
-90	-184
-88	-184
-86	-184
-83	-184
-81	-183
-78	-184
-76	-184
-73	-184
-71	-184
-68	-184
-66	-183
-63	-184
-61	-184
-59	-184
-56	-184
-54	-184
-51	-184
-49	-184
-44	-184
-41	-184
-39	-185
-36	-185
-34	-184
-32	-184
-29	-184
-27	-185
-24	-185
-22	-185
-19	-184
-17	-183
-14	-183
-12	-184
-9	-184
-7	-184
-4	-184
-2	-185
0	-185
3	-185
5	-185
8	-184
10	-184
13	-184
15	-185
18	-185
20	-186
23	-186
25	-184
27	-183
30	-184
32	-184
35	-184
37	-184
40	-185
42	-186
45	-185
47	-184
50	-184
52	-184
55	-184
57	-184
60	-184
62	-184
64	-184
67	-184
69	-184
72	-185
74	-185
77	-184
79	-184
82	-183
84	-184
87	-185
89	-186
92	-185
94	-184
97	-184
99	-184
102	-185
104	-184
106	-184
109	-184
111	-185
114	-184
116	-185
119	-185
121	-185
124	-186
127	-186
129	-186
131	-185
134	-185
136	-184
139	-185
141	-185
144	-185
146	-184
149	-184
151	-184
154	-184
156	-185
159	-184
161	-185
164	-184
166	-185
169	-185
171	-184
174	-184
176	-184
179	-185
181	-185
184	-185
186	-185
189	-184
191	-185
194	-185
196	-184
199	-184
201	-184
203	-183
206	-184
209	-185
211	-185
214	-185
216	-185
219	-184
221	-183
223	-183
226	-185
229	-185
231	-184
234	-185
236	-185
239	-185
241	-185
244	-184
246	-184
249	-185
251	-184
254	-184
256	-183
259	-183
261	-184
264	-185
267	-185
269	-184
271	-184
274	-184
277	-184
279	-184
282	-185
284	-185
287	-184
289	-184
292	-184
294	-184
297	-183
299	-183
302	-183
304	-184
307	-183
310	-184
312	-183
314	-183
317	-183
320	-184
322	-183
325	-183
328	-184
330	-184
333	-184
334	-181
336	-177
338	-174
340	-171
343	-171
345	-169
347	-169
350	-170
353	-171
355	-170
358	-171
361	-171
363	-171
366	-171
368	-170
371	-171
373	-170
376	-171
379	-171
381	-171
384	-171
386	-170
389	-171
391	-170
394	-171
396	-170
399	-170
402	-171
404	-170
407	-170
409	-170
412	-170
415	-171
417	-170
420	-170
422	-171
425	-171
428	-170
430	-171
433	-171
435	-170
438	-171
441	-171
443	-170
446	-170
448	-170
451	-170
454	-171
456	-168
456	-161
457	-153
458	-149
460	-145
461	-142
463	-140
466	-139
468	-140
471	-141
474	-141
477	-140
480	-143
483	-145
486	-145
489	-146
491	-145
493	-145
496	-143
499	-144
501	-144
503	-143
505	-139
505	-132
505	-122
505	-115
506	-108
504	-93
503	-84
503	-76
503	-67
503	-60
503	-53
503	-44
503	-37
504	-29
503	-21
503	-13
503	-6
505	-5
508	-4
510	-4
564	-134
566	-132
569	-132
572	-133
574	-132
577	-132
579	-130
582	-132
596	-164
601	-170
603	-167
602	-157
602	-150
604	-147
606	-146
608	-145
611	-146
616	-151
621	-158
625	-162
628	-161
630	-159
632	-156
633	-154
635	-152
637	-149
640	-149
642	-148
645	-147
647	-147
650	-146
653	-147
657	-150
660	-152
664	-154
667	-155
670	-156
673	-156
676	-155
679	-156
680	-153
681	-148
682	-144
684	-142
687	-141
690	-141
692	-141
697	-145
701	-149
706	-153
708	-152
710	-150
713	-149
715	-149
718	-148
720	-147
723	-146
725	-146
727	-144
730	-143
732	-142
735	-141
737	-140
739	-139
741	-136
742	-132
743	-128
745	-125
745	-119
745	-112
746	-110
714	-20
715	-16
716	-11
717	-7
718	-5
721	-4
723	-3
725	-1
726	1
728	3
731	2
734	2
737	3
739	3
742	3
746	0
750	-2
752	-0
754	-0
756	1
760	-1
763	-1
765	-0
767	1
770	2
771	4
774	4
778	2
861	-142
864	-143
868	-145
872	-146
877	-151
883	-156
887	-158
890	-157
891	-153
891	-148
891	-142
893	-139
895	-139
898	-138
901	-138
910	-148
915	-152
917	-150
917	-145
917	-140
918	-135
919	-132
922	-130
924	-130
927	-129
930	-128
934	-130
937	-131
942	-134
975	-188
979	-189
981	-188
984	-187
986	-185
988	-183
991	-182
993	-181
996	-180
999	-179
1002	-179
1005	-179
1009	-179
1012	-179
1015	-178
1018	-178
1021	-178
1024	-179
1028	-179
1031	-178
1034	-178
1037	-178
1041	-178
1044	-179
1047	-178
1051	-178
1054	-178
1057	-178
1060	-178
1063	-178
1067	-178
1070	-177
1074	-179
1078	-179
1081	-180
1084	-179
1088	-179
1090	-177
1092	-175
1095	-175
1098	-174
1102	-174
1105	-174
1108	-173
1112	-174
1114	-172
1118	-173
1121	-172
1122	-169
1124	-166
1126	-165
1129	-164
1132	-163
1134	-160
1134	-156
1135	-152
1136	-149
1139	-147
1144	-150
1154	-159
1163	-168
1165	-167
1164	-159
1162	-151
1162	-146
1164	-143
1166	-141
1169	-140
1173	-141
1179	-145
1190	-156
1198	-163
1202	-164
1205	-163
1209	-164
1212	-163
1216	-164
1221	-165
1226	-168
1233	-172
1239	-176
1245	-178
1249	-179
1253	-180
1256	-180
1260	-179
1263	-179
1266	-178
1270	-178
1273	-178
1277	-178
1281	-178
1287	-181
1292	-183
1301	-191
1311	-200
1313	-197
1316	-195
1319	-194
1323	-194
1326	-193
1328	-191
1331	-190
1334	-188
1332	-182
1334	-178
1336	-176
1340	-177
1345	-178
1349	-178
1354	-180
1363	-187
1374	-197
1378	-196
1382	-196
1387	-198
1393	-200
1396	-200
1400	-199
1402	-197
1404	-195
1408	-195
1416	-200
1419	-199
1422	-198
1427	-199
1435	-203
1433	-196
1435	-194
1438	-193
1441	-191
1444	-189
1447	-188
1449	-186
1451	-183
1454	-182
1461	-186
1469	-190
1474	-192
1478	-191
1480	-189
1483	-187
1486	-186
1490	-186
1495	-187
1499	-187
1506	-190
1511	-191
1515	-191
1518	-190
1521	-188
1524	-187
1531	-190
1536	-191
1541	-192
1543	-189
1546	-187
1550	-187
1557	-191
1563	-193
1566	-191
1568	-188
1570	-186
1573	-185
1576	-183
1579	-182
1583	-180
1587	-181
1590	-179
1595	-179
1600	-180
1607	-183
1617	-189
1621	-189
1627	-191
1629	-189
1632	-186
1635	-186
1639	-185
1642	-183
1647	-183
1650	-182
1654	-181
1656	-179
1659	-177
1662	-176
1665	-174
1668	-172
1671	-171
1678	-174
1684	-175
1688	-174
1693	-174
1697	-174
1706	-178
1718	-186
1722	-185
1723	-181
1724	-178
1726	-175
1729	-173
1732	-171
1737	-172
1741	-172
1746	-171
1752	-173
1757	-173
1762	-174
1769	-176
1776	-177
1782	-179
1786	-178
1792	-180
1797	-179
1801	-179
1805	-178
1811	-179
1818	-182
1821	-179
1820	-173
1823	-171
1828	-172
1832	-171
1836	-170
1842	-171
1847	-171
1851	-170
1855	-169
1857	-166
1861	-165
1870	-169
1877	-170
1882	-170
1888	-171
1895	-173
1896	-169
1899	-167
1901	-164
1903	-162
1906	-159
1909	-157
1911	-155
1916	-154
1921	-154
1927	-154
1936	-158
1945	-161
1950	-161
1952	-158
1954	-156
1957	-154
1960	-151
1964	-150
1968	-148
1971	-147
1976	-146
1980	-145
1989	-148
1998	-152
2005	-153
2012	-154
2020	-157
2026	-158
2031	-157
2034	-155
2037	-152
2039	-149
2043	-148
2049	-148
2054	-148
2062	-149
2067	-149
2069	-147
2074	-146
2079	-145
2083	-143
2087	-143
2095	-144
2101	-145
2106	-144
2111	-143
2115	-142
2122	-142
2127	-142
2125	-135
2125	-131
2128	-128
2134	-129
2140	-128
2145	-128
2151	-128
2156	-127
2163	-128
2168	-127
2172	-126
2177	-125
2177	-120
2177	-116
2178	-111
2179	-107
2179	-102
2180	-98
2181	-94
2181	-90
2185	-88
2187	-85
2189	-82
2190	-78
2191	-73
2191	-69
2193	-66
2194	-62
2194	-57
2196	-54
2197	-50
2198	-46
2199	-42
2199	-37
2198	-32
2198	-28
2199	-23
2200	-19
2200	-14
2200	-10
2202	-7
2201	-2
2201	3
2203	6
2205	9
2206	13
2208	16
2207	21
2209	25
2209	29
2207	35
2208	39
2209	43
2212	45
2215	47
2217	51
2218	54
2219	59
2219	63
2221	66
2224	68
2224	73
2223	78
2223	82
2224	86
2227	89
2229	92
2228	96
2227	102
2227	106
2227	111
2228	114
2230	117
2233	120
2233	124
2233	128
2235	131
2237	135
2238	139
2240	142
2241	145
2242	149
2244	152
2245	155
2245	160
2245	164
2247	167
2248	171
2249	175
2251	178
2253	181
2255	184
2253	189
2258	190
2259	194
2259	198
2261	201
2263	204
2263	208
2264	212
2266	215
2267	218
2269	222
2272	224
2273	228
2273	232
2273	236
2274	240
2276	243
2276	247
2274	252
2276	255
2279	258
2280	261
2281	265
2283	268
2284	272
2285	275
2286	279
2286	283
2288	286
2290	289
2288	294
2290	297
2291	301
2291	305
2292	308
2293	312
2294	316
2296	319
2298	322
2298	325
2300	328
2299	333
2299	337
2303	339
2303	343
2304	347
2304	351
2303	356
2304	359
2305	363
2308	365
2308	369
2309	372
2311	376
2312	379
2312	383
2311	388
2312	391
2312	395
2312	399
2312	403
2314	406
2316	409
2317	412
2318	416
2319	420
2320	423
2320	427
2320	431
2323	433
2325	437
2325	440
2325	444
2326	448
2327	451
2327	455
2327	459
2328	463
2329	466
2329	470
2330	473
2332	476
2332	480
2331	484
2330	489
2331	492
2333	495
2336	498
2336	502
2335	506
2335	510
2336	513
2338	516
2339	520
2340	523
2341	526
2341	530
2341	534
2342	538
2344	541
2346	543
2347	547
2348	550
2347	555
2345	559
2344	563
2347	566
2349	569
2351	572
2350	576
2353	579
2355	582
2356	585
2355	589
2355	593
2357	596
2359	599
2359	603
2360	606
2361	609
2361	613
2361	617
2362	620
2361	624
2363	628
2363	631
2364	634
2366	637
2367	641
2369	643
2371	647
2372	650
2373	653
2372	657
2373	661
2373	664
2373	668
2375	671
2376	674
2377	678
2377	682
2378	685
2380	688
2378	692
2379	695
2381	699
2382	702
2382	705
2383	709
2384	712
2383	716
2383	720
2384	723
2386	726
2387	730
2388	733
2388	736
2390	740
2390	743
2391	746
2392	750
2394	753
2394	756
2392	761
2393	764
2393	768
2394	771
2395	774
2395	778
2397	781
2398	784
2398	788
2398	791
2400	794
2400	798
2400	802
2400	805
2401	808
2402	812
2403	815
2401	819
2402	823
2403	826
2404	829
2407	832
2409	835
2408	839
2408	842
2410	845
2408	849
2407	853
2406	857
2408	860
2414	862
2414	865
2415	869
2416	872
2417	875
2418	878
2418	882
2418	885
2418	889
2420	892
2420	896
2421	899
2421	903
2421	906
2422	909
2422	913
2423	916
2423	920
2425	923
2426	926
2426	929
2427	933
2428	936
2429	939
2430	942
2430	946
2429	950
2430	953
2432	956
2433	959
2434	963
2435	966
2434	970
2435	973
2437	976
2439	979
2440	982
2441	985
2442	988
2444	991
2446	994
2446	998
2446	1002
2446	1005
2447	1008
2447	1012
2445	1016
2445	1019
2447	1022
2446	1026
2446	1030
2448	1033
2449	1036
2451	1039
2454	1042
2454	1045
2454	1048
2455	1052
2458	1055
2459	1058
2460	1061
2459	1065
2458	1068
2459	1072
2461	1075
2461	1078
2461	1082
2460	1085
2462	1088
2464	1092
2465	1095
2463	1099
2461	1103
2463	1106
2466	1108
2469	1111
2470	1114
2467	1119
2468	1122
2468	1125
2468	1129
2470	1132
2472	1135
2473	1138
2472	1142
2473	1145
2473	1149
2475	1152
2476	1155
2477	1158
2476	1162
2476	1165
2475	1169
2476	1172
2475	1176
2477	1179
2477	1182
2476	1186
2478	1189
2479	1192
2480	1195
2481	1199
2483	1202
2484	1205
2484	1209
2485	1212
2484	1215
2485	1219
2486	1222
2488	1225
2489	1228
2491	1231
2493	1234
2493	1238
2494	1241
2496	1244
2496	1248
2497	1251
2496	1254
2496	1258
2497	1261
2497	1265
2498	1268
2499	1271
2501	1274
2502	1278
2502	1281
2502	1284
2502	1288
2501	1291
2501	1295
2503	1298
2507	1301
2507	1304
2507	1308
2508	1311
2509	1314
2508	1318
2511	1321
2512	1324
2511	1328
2510	1331
2512	1334
2512	1338
2512	1341
2510	1345
2511	1348
2513	1351
2515	1355
2516	1358
2516	1361
2516	1365
2515	1368
2515	1372
2516	1375
2519	1378
2519	1381
2519	1385
2522	1388
2524	1391
2524	1395
2523	1398
2524	1401
2526	1405
2525	1408
2526	1411
2528	1415
2528	1418
2529	1421
2527	1425
2525	1429
2524	1432
2524	1436
2525	1439
2526	1442
2525	1446
2526	1449
2528	1452
2528	1456
2528	1459
2527	1462
2528	1466
2528	1469
2528	1473
2529	1476
2531	1479
2531	1483
2530	1486
2531	1489
2531	1493
2532	1496
2533	1500
2534	1503
2534	1506
2534	1510
2534	1513
2535	1516
2535	1520
2536	1523
2536	1527
2537	1530
2538	1533
2538	1537
2538	1540
2538	1543
2539	1547
2540	1550
2540	1554
2541	1557
2542	1560
2543	1564
2543	1567
2546	1570
2546	1574
2549	1577
2549	1580
2549	1584
2549	1587
2551	1591
2552	1594
2553	1597
2552	1601
2552	1604
2552	1608
2553	1611
2555	1614
2555	1618
2556	1621
2556	1625
2557	1628
2557	1632
2558	1635
2558	1638
2558	1642
2558	1645
2559	1649
2560	1652
2559	1655
2560	1659
2561	1662
2562	1666
2562	1669
2563	1673
2564	1676
2564	1679
2564	1683
2564	1686
2566	1690
2566	1693
2567	1697
2567	1700
