3425	1685
3426	1690
3427	1694
3427	1699
3426	1703
3424	1708
3425	1717
3427	1721
3428	1726
3429	1730
3429	1735
3431	1740
3433	1744
3435	1749
3434	1753
3433	1758
3432	1762
3431	1767
3430	1772
3431	1776
3434	1781
3435	1785
3436	1790
3433	1794
3433	1799
3433	1804
3434	1808
3435	1813
3435	1817
3435	1822
3434	1826
3435	1831
3435	1836
3437	1840
3441	1845
3443	1850
3444	1854
3446	1859
3446	1864
3445	1868
3446	1873
3446	1877
3447	1882
3446	1887
3446	1891
3446	1896
3448	1900
3450	1905
3451	1910
3453	1914
3453	1919
3454	1924
3453	1928
3454	1933
3454	1938
3456	1942
3456	1947
3455	1952
3454	1956
3454	1961
3454	1965
3456	1970
3457	1975
3458	1979
3459	1984
3459	1989
3461	1994
3462	1998
3463	2003
3465	2008
3465	2013
3464	2017
3463	2022
3463	2026
3465	2031
3467	2036
3469	2041
3468	2045
3468	2050
3469	2055
3470	2059
3469	2064
3469	2069
3468	2073
3470	2078
3473	2083
3476	2088
3476	2093
3476	2098
3476	2102
3477	2107
3478	2112
3476	2116
3475	2121
3475	2125
3475	2130
3474	2135
3474	2139
3475	2144
3476	2149
3479	2154
3479	2159
3480	2164
3481	2168
3483	2173
3483	2178
3484	2183
3484	2188
3485	2193
3486	2197
3485	2202
3485	2207
3486	2212
3486	2216
3485	2221
3486	2226
3486	2231
3485	2235
3485	2240
3486	2245
3487	2250
3487	2254
3487	2259
3488	2264
3490	2269
3491	2274
3492	2279
3491	2284
3491	2288
3492	2293
3493	2298
3494	2303
3494	2308
3495	2313
3495	2318
3495	2323
3495	2327
3495	2332
3494	2337
3494	2342
3496	2347
3499	2352
3501	2357
3503	2362
3502	2367
3502	2372
3503	2377
3504	2382
3503	2387
3503	2391
3502	2396
3501	2401
3501	2406
3503	2411
3505	2416
3507	2421
3509	2427
3509	2432
3510	2437
3510	2441
3510	2446
3511	2451
3512	2456
3510	2461
3509	2466
3509	2470
3510	2476
3511	2481
3512	2486
3514	2491
3514	2496
3514	2501
3513	2505
3513	2510
3513	2515
3515	2521
3516	2526
3517	2531
3517	2536
3518	2541
3519	2546
3518	2551
3519	2556
3520	2561
3523	2567
3524	2572
3525	2578
3526	2583
3526	2588
3525	2592
3524	2597
3523	2602
3524	2607
3526	2613
3528	2618
3530	2624
3530	2629
3530	2634
3533	2640
3534	2645
3534	2650
3534	2655
3534	2660
3533	2665
3531	2669
3530	2674
3529	2679
3528	2684
3528	2689
3529	2694
3530	2699
3532	2705
3532	2710
3536	2716
3536	2721
3537	2727
3539	2732
3539	2737
3540	2743
3540	2748
3540	2753
3541	2758
3542	2764
3541	2769
3542	2774
3543	2780
3544	2785
3544	2790
3548	2796
3548	2802
3547	2807
3548	2812
3548	2817
3548	2822
3548	2828
3550	2833
3550	2838
3550	2844
3551	2849
3552	2855
3555	2861
3559	2867
3559	2873
3561	2879
3559	2883
3558	2888
3557	2893
3556	2898
3556	2903
3557	2909
3558	2914
3558	2920
3557	2925
3558	2930
3559	2936
3559	2941
3559	2946
3561	2952
3564	2959
3565	2964
3564	2969
3563	2974
3564	2980
3566	2986
3569	2993
3572	2999
3573	3005
3572	3010
3572	3015
3571	3020
3569	3025
3568	3030
3567	3035
3569	3041
3570	3047
3571	3052
3572	3058
3573	3064
3574	3070
3573	3075
3574	3081
3577	3087
3580	3094
3582	3100
3583	3106
3582	3111
3583	3117
3583	3122
3584	3129
3585	3134
3583	3139
3582	3144
3581	3149
3582	3155
3583	3161
3584	3167
3585	3173
3586	3179
3587	3185
3587	3191
3588	3197
3589	3202
3592	3210
3592	3215
3592	3221
3591	3226
3591	3231
3592	3237
3593	3244
3595	3250
3596	3256
3595	3261
3594	3267
3596	3273
3598	3280
3601	3287
3602	3292
3604	3299
3603	3304
3603	3310
3601	3315
3603	3322
3604	3328
3605	3334
3604	3339
3602	3344
3601	3350
3601	3355
3602	3362
3603	3368
3603	3374
3604	3380
3610	3388
3610	3394
3611	3401
3610	3406
3611	3412
3613	3419
3616	3427
3617	3433
3614	3437
3615	3443
3616	3450
3617	3457
3620	3464
3623	3471
3622	3477
3624	3484
3625	3490
3623	3495
3621	3500
3620	3506
3621	3512
3623	3519
3624	3525
3627	3533
3630	3540
3631	3547
3630	3553
3629	3558
3630	3565
3629	3570
3632	3578
3632	3584
3632	3590
3633	3597
3635	3604
3635	3610
3634	3615
3632	3621
3631	3626
3632	3633
3633	3640
3634	3647
3635	3653
3636	3660
3637	3667
3642	3675
3642	3682
3643	3688
3644	3695
3644	3701
3644	3708
3645	3715
3645	3721
3643	3726
3642	3732
3640	3737
3640	3743
3641	3750
3643	3758
3646	3766
3649	3774
3649	3780
3650	3787
3650	3794
3650	3800
3650	3807
3651	3813
3651	3820
3653	3828
3654	3835
3656	3842
3658	3850
3658	3856
3659	3863
3669	3876
3667	3881
3667	3888
3665	3893
3665	3900
3666	3907
3668	3915
3671	3923
3670	3929
3669	3935
3668	3941
3669	3949
3670	3956
3669	3962
3670	3969
3675	3979
3676	3986
3677	3994
3677	4000
3676	4007
3676	4014
3678	4021
3680	4029
3681	4037
3682	4044
3683	4052
3683	4058
3681	4064
3681	4071
3680	4077
3686	4088
3688	4096
3690	4104
3693	4113
3691	4119
3691	4126
3695	4136
3696	4143
3694	4149
3693	4155
3692	4162
3692	4169
3692	4176
3692	4183
3692	4190
3695	4199
3695	4206
3694	4213
3696	4221
3696	4228
3696	4235
3699	4245
3705	4256
3705	4263
3702	4268
3699	4274
3697	4279
3696	4286
3698	4294
3700	4303
3705	4314
3704	4321
3706	4329
3707	4337
3706	4344
3709	4353
3711	4362
3711	4370
3711	4377
3711	4385
3710	4391
3710	4399
3712	4408
3711	4415
3711	4422
3717	4434
3720	4444
3723	4453
3722	4461
3721	4467
3720	4474
3721	4483
3722	4491
3725	4501
3728	4511
3730	4520
3729	4527
3729	4534
3729	4542
3734	4554
3734	4562
3736	4571
3738	4580
3739	4590
3741	4599
3740	4606
3740	4614
3740	4622
3741	4630
3741	4638
3743	4648
3743	4656
3742	4663
3741	4670
3748	4684
3749	4693
3749	4701
3749	4709
3750	4718
3751	4726
3751	4735
3753	4745
3756	4756
3758	4765
3757	4773
3756	4780
3755	4788
3756	4797
3758	4806
3761	4818
3760	4825
3761	4834
3762	4844
3763	4853
3764	4862
3766	4872
3766	4880
3765	4888
3766	4897
3768	4907
3769	4917
3770	4926
3769	4934
3768	4942
3772	4954
3773	4963
3774	4973
3776	4984
3778	4994
3780	5005
3780	5013
3778	5021
3778	5029
3778	5038
3777	5046
3776	5054
3775	5062
3776	5072
3780	5084
3786	5098
3788	5109
3804	5132
3798	5136
3796	5144
3794	5151
3793	5159
3791	5166
3790	5175
3791	5184
3793	5196
3796	5208
3799	5220
3799	5229
3799	5239
3802	5251
3802	5260
3802	5269
3805	5281
3803	5289
3801	5297
3800	5305
3800	5315
3801	5325
3803	5336
3805	5348
3809	5361
3811	5373
3809	5381
3815	5397
3816	5407
3815	5416
3815	5426
3815	5435
3815	5445
3817	5457
3821	5471
3823	5482
3823	5492
3823	5502
3824	5513
3823	5522
3823	5532
3826	5545
3840	5570
3844	5584
3845	5595
3844	5604
3842	5612
3841	5622
3842	5633
3844	5645
3846	5658
3848	5671
3848	5681
3848	5691
3847	5701
3850	5714
3855	5730
3860	5746
3857	5753
3855	5762
3856	5774
3857	5786
3858	5797
3857	5807
3858	5818
3858	5829
3858	5841
3859	5853
3859	5864
3858	5874
3858	5885
3858	5896
3867	5916
3862	5921
4155	6263
4152	6271
4149	6281
4148	6291
3158	5225
3151	5226
3147	5231
3143	5237
3141	5243
3137	5248
3133	5253
4141	6393
4139	6404
4136	6413
4135	6424
4132	6434
4131	6445
4131	6457
4130	6469
4128	6479
4126	6489
4123	6499
4121	6510
4120	6521
4119	6533
4118	6545
4122	6561
4121	6574
4120	6586
4119	6597
4117	6608
4116	6620
4114	6631
4113	6643
4113	6656
4113	6668
4110	6679
4108	6689
4109	6704
4107	6716
4114	6737
4115	6751
4112	6762
4110	6773
4109	6785
4109	6799
4108	6811
4106	6823
4103	6833
4102	6845
4100	6856
4101	6871
4098	6881
4096	6893
4094	6904
4099	6925
4098	6937
4096	6949
4094	6961
4094	6975
4094	6989
4093	7003
4094	7018
4098	7037
4096	7050
4092	7059
4094	7076
4102	7101
4100	7114
4098	7125
4094	7135
4081	7132
4086	7154
4084	7166
4080	7176
4067	7173
4070	7192
4067	7204
4067	7218
4072	7241
4077	7263
4079	7281
4082	7300
4080	7313
4063	7305
4083	7348
4086	7368
4083	7379
4082	7394
4081	7407
4080	7422
4077	7434
4076	7449
4076	7465
4079	7484
4080	7501
4078	7515
4068	7517
4061	7523
4067	7548
4066	7564
4061	7572
4056	7581
4049	7588
4043	7597
4069	7650
4065	7661
4058	7668
4054	7678
4053	7693
4052	7709
4052	7726
4048	7738
4044	7748
4046	7769
4043	7781
4038	7791
4044	7817
4049	7842
4052	7864
4051	7881
4028	7863
4047	7909
4045	7924
4043	7939
4043	7957
4044	7977
4039	7987
4029	7989
2324	5377
2324	5387
2335	5416
2336	5429
2332	5433
2327	5436
2323	5440
4127	8311
5646	10745
5628	10742
5607	10735
7261	13449
7235	13441
4081	8373
5463	10740
2332	5611
2326	5613
5417	10745
5403	10748
5442	10840
6970	13420
5416	10852
5398	10848
5383	10851
6814	13298
6793	13296
6770	13293
6739	13275
6709	13258
6687	13255
6675	13269
6665	13287
6649	13295
6631	13298
6612	13301
6997	14009
6982	14020
6965	14028
6873	13904
6861	13920
6870	13972
6563	13464
6563	13501
6547	13509
6525	13504
6498	13493
6773	14104
6758	14114
6742	14123
6457	13638
5827	12515
5890	12665
6348	13549
5512	12064
6654	14233
6629	14226
6603	14218
4991	11212
4979	11219
4961	11215
6885	14915
6867	14924
2304	6222
2298	6225
2276	6197
2272	6203
2265	6205
2261	6211
2256	6217
4694	11123
4680	11126
4655	11170
4635	11161
4524	10966
4514	10977
4517	11014
4554	11120
4537	11117
4470	11010
4432	10963
4416	10960
4414	10987
4533	11267
4521	11274
4356	10960
4330	10937
4315	10936
4302	10941
4449	11284
110	5289
105	5289
97	5207
92	5205
88	5203
81	5156
77	5156
72	5156
67	5130
62	5130
58	5130
53	5113
48	5117
44	5118
40	5147
23	4997
19	5001
15	5002
10	5001
6	4996
-72	4990
-76	4989
-81	4989
-246	6354
-252	6356
-258	6358
-264	6355
-270	6351
-276	6343
-282	6344
-288	6348
-295	6352
-2709	5760
-2715	5757
-2720	5753
-2726	5750
-2736	5754
-2742	5752
-2751	5754
-4411	7824
-4419	7819
-4498	7913
-4503	7902
-4509	7894
-4518	7889
-4596	7911
-4606	7908
-4626	7918
-4630	7905
-4634	7895
-5043	8430
-4641	7870
-4651	7867
-4653	7852
-4650	7832
-4667	7837
-4673	7828
-4665	7801
-4660	7778
-4655	7755
-4649	7731
-4633	7694
-4630	7673
-4627	7653
-4626	7636
-4620	7612
-4611	7585
-4608	7564
-4604	7543
-4600	7522
-4596	7502
-4591	7480
-4585	7457
-4579	7433
-4574	7412
-4570	7391
-4556	7358
-4551	7336
-4547	7316
-4543	7297
-4537	7274
-4534	7255
-4530	7235
-4524	7214
-4520	7194
-4516	7174
-4511	7153
-4508	7135
-4505	7117
-4501	7098
-4500	7082
-4486	7050
-4480	7029
-4477	7011
-4474	6993
-4470	6975
-4465	6955
-4459	6934
-4457	6917
-4455	6901
-4453	6885
-4448	6865
-4444	6847
-4440	6828
-4436	6810
-4433	6793
-4420	6765
-4421	6752
-4419	6736
-4415	6719
-4413	6703
-4411	6687
-4407	6669
-4402	6651
-4399	6635
-4397	6619
-4393	6602
-4388	6583
-4384	6566
-4381	6549
-4377	6532
-4364	6505
-4357	6484
-4352	6466
-4350	6451
-4347	6435
-4343	6418
-4340	6402
-4334	6384
-4328	6365
-4324	6348
-4321	6333
-4319	6318
-4316	6303
-4315	6290
-4312	6275
-4304	6254
-4303	6241
-4300	6226
-4294	6208
-4288	6190
-4284	6173
-4279	6156
-4271	6136
-4268	6121
-4266	6108
-4263	6093
-4259	6077
-4256	6063
-4252	6047
-4248	6032
-4239	6011
-4238	5999
-4235	5984
-4228	5966
-4224	5951
-4224	5939
-4222	5926
-4219	5912
-4216	5898
-4212	5883
-4209	5870
-4206	5855
-4203	5842
-4202	5830
-4202	5819
-4194	5800
-4193	5788
-4190	5775
-4186	5760
-4183	5747
-4181	5734
-4178	5720
-4173	5705
-4169	5691
-4167	5678
-4163	5664
-4161	5652
-4160	5640
-4156	5626
-4153	5613
-4144	5594
-4146	5586
-4144	5573
-4136	5555
-4130	5540
-4127	5527
-4125	5515
-4124	5504
-4120	5490
-4116	5477
-4114	5465
-4114	5455
-4111	5443
-4110	5432
-4110	5422
-4100	5403
-4096	5390
-4093	5377
-4091	5365
-4091	5356
-4092	5347
-4091	5337
-4086	5322
-4081	5309
-4078	5296
-4077	5286
-4076	5276
-4074	5264
-4072	5253
-4071	5243
-4066	5229
-4062	5216
-4055	5201
-4051	5188
-4048	5176
-4046	5165
-4043	5154
-4041	5143
-4043	5136
-4043	5126
-4043	5117
-4038	5104
-4031	5089
-4029	5078
-4026	5067
-4022	5054
-4022	5045
-4020	5034
-4016	5023
-4011	5010
-4010	4999
-4008	4989
-4006	4979
-4004	4968
-4004	4959
-4004	4951
-4000	4939
-3996	4927
-3992	4915
-3993	4907
-3983	4890
-3981	4880
-3980	4871
-3977	4860
-3974	4849
-3972	4840
-3973	4831
-3972	4822
-3971	4813
-3966	4801
-3963	4790
-3962	4781
-3959	4770
-3953	4758
-3952	4748
-3946	4735
-3947	4728
-3947	4720
-3943	4709
-3936	4695
-3930	4682
-3928	4673
-3929	4665
-3930	4658
-3928	4648
-3924	4637
-3921	4627
-3919	4617
-3919	4610
-3918	4601
-3913	4589
-3912	4580
-3909	4570
-3905	4559
-3901	4549
-3900	4540
-3899	4532
-3899	4524
-3898	4515
-3898	4508
-3897	4499
-3895	4490
-3891	4480
-3889	4471
-3889	4463
-3888	4454
-3888	4447
-3887	4438
-3881	4426
-3874	4414
-3873	4406
-3874	4399
-3874	4391
-3871	4381
-3867	4371
-3863	4361
-3859	4351
-3854	4340
-3850	4330
-3848	4321
-3843	4310
-3842	4302
-3841	4294
-3838	4285
-3835	4275
-3831	4265
-3830	4258
-3831	4251
-3833	4245
-3834	4239
-3836	4233
-3836	4226
-3832	4216
-3828	4206
-3825	4197
-3817	4185
-3815	4176
-3813	4168
-3810	4159
-3810	4151
-3809	4144
-3808	4136
-3805	4127
-3805	4120
-3805	4114
-3804	4105
-3801	4097
-3800	4089
-3799	4081
-3794	4072
-3784	4058
-3784	4051
-3783	4044
-3784	4038
-3783	4031
-3783	4024
-3781	4016
-3779	4008
-3775	3998
-3771	3989
-3770	3982
-3770	3975
-3769	3967
-3766	3959
-3763	3951
-3758	3941
-3757	3934
-3755	3926
-3752	3918
-3749	3909
-3747	3901
-3747	3895
-3749	3889
-3750	3884
-3749	3876
-3747	3869
-3746	3861
-3744	3854
-3743	3847
-3740	3838
-3731	3827
-3731	3821
-3731	3814
-3729	3807
-3728	3799
-3727	3792
-3725	3785
-3725	3778
-3725	3772
-3723	3765
-3721	3757
-3719	3750
-3715	3741
-3711	3733
-3709	3725
-3707	3718
-3708	3712
-3705	3704
-3701	3696
-3696	3687
-3695	3680
-3695	3674
-3694	3667
-3694	3661
-3694	3655
-3694	3649
-3693	3642
-3692	3635
-3691	3629
-3686	3620
-3675	3608
-3674	3602
-3675	3596
-3676	3590
-3676	3585
-3676	3579
-3673	3571
-3668	3562
-3665	3555
-3665	3549
-3663	3542
-3661	3535
-3659	3528
-3656	3520
-3655	3514
-3655	3508
-3655	3502
-3655	3496
-3655	3490
-3654	3484
-3651	3476
-3648	3469
-3647	3462
-3646	3456
-3645	3450
-3643	3443
-3639	3435
-3638	3429
-3640	3424
-3641	3419
-3632	3409
-3630	3402
-3627	3395
-3624	3388
-3622	3381
-3623	3376
-3624	3371
-3625	3365
-3625	3360
-3624	3354
-3624	3348
-3622	3341
-3619	3334
-3617	3327
-3615	3321
-3606	3311
-3603	3304
-3602	3298
-3601	3292
-3600	3286
-3601	3281
-3599	3274
-3597	3268
-3597	3262
-3595	3256
-3594	3250
-3593	3244
-3590	3237
-3591	3232
-3592	3227
-3587	3219
-3585	3213
-3580	3205
-3577	3199
-3578	3193
-3578	3188
-3577	3182
-3576	3177
-3574	3170
-3573	3164
-3573	3159
-3571	3153
-3568	3146
-3566	3140
-3564	3133
-3559	3126
-3558	3121
-3558	3115
-3557	3109
-3556	3104
-3555	3098
-3555	3093
-3554	3087
-3554	3081
-3553	3076
-3553	3071
-3552	3065
-3551	3059
-3549	3053
-3547	3047
-3541	3039
-3539	3033
-3538	3028
-3538	3022
-3538	3017
-3538	3012
-3537	3007
-3535	3001
-3535	2995
-3536	2990
-3535	2985
-3535	2980
-3535	2974
-3534	2969
-3535	2964
-3530	2957
-3526	2951
-3522	2944
-3521	2938
-3521	2933
-3520	2928
-3519	2922
-3518	2917
-3515	2911
-3514	2905
-3514	2900
-3515	2895
-3515	2890
-3512	2884
-3511	2879
-3506	2872
-3506	2867
-3505	2862
-3505	2857
-3504	2851
-3501	2845
-3500	2840
-3501	2835
-3500	2830
-3500	2825
-3498	2819
-3495	2813
-3492	2807
-3489	2801
-3487	2796
-3487	2791
-3484	2785
-3483	2780
-3482	2774
-3481	2769
-3481	2764
-3478	2758
-3476	2753
-3474	2747
-3474	2742
-3474	2737
-3474	2732
-3472	2727
-3472	2722
-3470	2717
-3468	2711
-3464	2705
-3462	2700
-3463	2695
-3461	2690
-3458	2684
-3453	2678
-3453	2673
-3451	2667
-3451	2663
-3452	2658
-3452	2653
-3451	2648
-3450	2643
-3448	2638
-3446	2632
-3446	2627
-3444	2622
-3442	2617
-3440	2611
-3438	2606
-3438	2602
-3439	2597
-3439	2592
-3438	2587
-3437	2582
-3436	2577
-3436	2572
-3434	2567
-3434	2562
-3432	2557
-3426	2551
-3426	2546
-3426	2542
-3424	2536
-3423	2532
-3424	2527
-3424	2522
-3423	2517
-3419	2512
-3417	2507
-3415	2501
-3415	2497
-3415	2492
-3415	2487
-3414	2482
-3411	2477
-3411	2473
-3411	2468
-3411	2463
-3408	2458
-3406	2453
-3406	2448
-3407	2444
-3408	2440
-3407	2435
-3407	2430
-3406	2425
-3404	2420
-3401	2415
-3400	2410
-3396	2405
-3395	2400
-3392	2395
-3391	2390
-3389	2385
-3387	2380
-3385	2375
-3385	2370
-3385	2366
-3385	2361
-3383	2356
-3382	2352
-3383	2347
-3382	2342
-3381	2338
-3376	2332
-3377	2328
-3376	2323
-3374	2318
-3373	2314
-3373	2309
-3373	2305
-3373	2300
-3372	2296
-3370	2291
-3369	2286
-3369	2281
-3368	2277
-3366	2272
-3365	2267
-3360	2262
-3359	2257
-3356	2253
-3355	2248
-3354	2243
-3354	2239
-3352	2234
-3351	2229
-3352	2225
-3350	2220
-3350	2216
-3350	2212
-3348	2207
-3344	2202
-3342	2197
-3342	2193
-3343	2188
-3342	2184
-3342	2179
-3341	2175
-3341	2170
-3341	2166
-3336	2161
-3333	2156
-3332	2152
-3330	2147
-3329	2142
-3328	2138
-3327	2133
-3328	2129
-3325	2124
-3324	2120
-3321	2115
-3321	2111
-3320	2106
-3321	2102
-3321	2098
-3320	2093
-3319	2089
-3317	2084
-3315	2080
-3313	2075
-3313	2071
-3313	2066
-3313	2062
-3310	2057
-3309	2053
-3307	2048
-3307	2044
-3308	2040
-3309	2036
-3308	2031
-3306	2027
-3302	2022
-3300	2018
-3298	2013
-3296	2009
-3295	2004
-3294	2000
-3294	1995
-3295	1991
-3294	1987
-3293	1983
-3292	1978
-3290	1974
-3290	1969
-3289	1965
-3289	1961
-3288	1957
-3289	1952
-3288	1948
-3286	1944
-3281	1939
-3279	1934
-3277	1930
-3275	1926
-3276	1922
-3277	1917
-3278	1913
-3278	1909
-3275	1904
-3272	1900
-3271	1896
-3271	1892
-3271	1887
-3271	1883
-3272	1879
-3271	1875
-3269	1870
-3268	1866
-3264	1862
-3261	1857
-3260	1853
-3260	1849
-3259	1844
-3258	1840
-3258	1836
-3257	1832
-3255	1827
-3253	1823
-3252	1819
-3252	1815
-3251	1810
-3252	1806
-3252	1802
-3251	1798
-3249	1794
-3248	1789
-3248	1785
-3248	1781
-3247	1777
-3247	1773
-3246	1768
-3247	1764
-3247	1760
-3247	1756
-3245	1752
-3243	1747
-3242	1743
-3241	1739
-3240	1735
-3237	1731
-3235	1726
-3234	1722
-3234	1718
-3233	1714
-3232	1710
-3231	1706
-3230	1701
-3229	1697
-3227	1693
-3226	1689
-3227	1685
-3228	1681
-3226	1676
-3224	1672
-3221	1668
-3220	1664
-3220	1660
-3220	1656
-3220	1652
-3217	1647
-3214	1643
-3212	1639
-3211	1635
-3210	1631
-3210	1627
-3209	1623
-3208	1619
-3207	1614
-3207	1610
-3206	1606
-3204	1602
-3203	1598
-3201	1594
-3199	1590
-3199	1586
-3199	1582
-3200	1578
-3198	1573
-3197	1569
-3197	1565
-3195	1561
-3194	1557
-3192	1553
-3191	1549
-3189	1545
-3187	1541
-3186	1537
-3185	1533
-3185	1529
-3184	1525
-3183	1521
-3181	1517
-3180	1513
-3178	1509
-3178	1504
-3178	1500
-3178	1496
-3178	1492
-3178	1488
-3177	1484
-3178	1480
-3177	1476
-3174	1472
-3172	1468
-3171	1464
-3171	1460
-3171	1456
-3170	1452
-3170	1447
-3169	1443
-3170	1439
-3171	1435
-3170	1431
-3167	1427
-3166	1423
-3165	1419
-3165	1415
-3163	1411
-3160	1407
-3159	1403
-3158	1399
-3157	1395
-3157	1391
-3157	1387
-3156	1383
-3155	1379
-3155	1375
-3152	1371
-3147	1367
-3146	1364
-3146	1359
-3147	1355
-3147	1351
-3146	1347
-3146	1343
-3145	1339
-3144	1335
-3142	1331
-3141	1327
-3140	1323
-3139	1319
-3137	1315
-3133	1312
-3130	1308
-3130	1304
-3130	1300
-3130	1296
-3129	1292
-3129	1288
-3128	1284
-3128	1280
-3127	1276
-3127	1272
-3127	1267
-3127	1263
-3125	1259
-3125	1255
-3124	1251
-3124	1247
-3122	1244
-3120	1240
-3120	1236
-3119	1232
-3117	1228
-3116	1224
-3114	1220
-3113	1216
-3111	1212
-3108	1209
-3108	1205
-3107	1201
-3107	1197
-3106	1193
-3104	1189
-3104	1185
-3105	1180
-3105	1176
-3105	1172
-3104	1168
-3103	1164
-3102	1160
-3101	1156
-3099	1153
-3097	1149
-3096	1145
-3094	1141
-3094	1137
-3095	1133
-3096	1129
-3095	1125
-3091	1121
-3089	1117
-3088	1114
-3087	1110
-3086	1106
-3085	1102
-3084	1098
-3084	1094
-3082	1090
-3082	1086
-3081	1082
-3080	1078
-3079	1074
-3078	1070
-3078	1066
-3078	1062
-3076	1058
-3074	1054
-3073	1050
-3072	1046
-3073	1042
-3073	1038
-3072	1034
-3070	1030
-3069	1026
-3068	1023
-3068	1018
-3068	1014
-3069	1010
-3068	1006
-3067	1002
-3066	998
-3063	995
-3060	991
-3059	987
-3058	983
-3057	979
-3057	975
-3056	971
-3056	967
-3056	963
-3053	960
-3050	956
-3049	952
-3048	948
-3048	944
-3049	940
-3049	936
-3049	931
-3048	928
-3047	924
-3045	920
-3043	916
-3041	913
-3039	909
-3038	905
-3036	901
-3036	897
-3037	893
-3038	888
-3035	885
-3034	881
-3035	876
-3036	872
-3036	868
-3036	864
-3036	859
-3036	855
-3034	852
-3033	848
-3030	844
-3028	840
-3026	837
-3025	833
-3026	828
-3023	825
-3022	821
-3021	817
-3021	813
-3021	809
-3020	805
-3018	801
-3016	798
-3014	794
-3013	790
-3011	786
-3010	782
-3009	779
-3008	775
-3006	771
-3005	767
-3006	762
-3007	758
-3007	754
-3008	749
-3007	745
-3006	741
-3004	737
-3004	733
-3004	729
-3003	725
-3002	721
-3000	718
-2999	714
-2998	710
-2996	706
-2999	701
-2999	696
-2999	692
-2996	689
-2990	687
-2987	683
-2990	678
-2990	674
-2989	670
-2987	666
-2986	662
-2984	658
-2980	656
-2950	662
-2972	650
-2981	642
-2978	639
-2976	635
-2974	632
-2972	628
-2972	624
-2970	620
-2970	616
-2969	612
-2968	608
-2969	603
-2968	599
-2965	596
-2964	592
-2964	588
-2963	584
-2963	580
-2962	575
-2962	571
-2961	567
-2960	563
-2958	559
-2957	556
-2955	552
-2954	548
-2954	543
-2955	539
-2957	534
-2956	529
-2954	526
-2950	523
-2951	518
-2951	514
-2950	510
-2949	506
-2948	502
-2946	498
-2944	495
-2943	490
-2943	486
-2943	482
-2942	477
-2942	473
-2941	469
-2939	465
-2938	462
-2936	458
-2936	454
-2934	450
-2932	446
-2931	442
-2929	439
-2928	434
-2928	430
-2926	426
-2925	422
-2924	418
-2924	414
-2922	410
-2919	407
-2918	403
-2919	398
-2919	393
-2919	389
-2918	385
-2917	381
-2916	377
-2914	373
-2913	369
-2911	365
-2910	361
-2908	358
-2907	353
-2905	350
-2903	346
-2902	342
-2904	337
-2905	332
-2905	327
-2636	451
-2635	447
-2632	445
-2630	442
-2629	438
-2626	435
-2894	300
-2892	297
-2888	294
-2874	296
-2890	284
-2889	279
-2889	275
-2888	271
-2888	266
-2892	260
-2891	255
-2890	251
-2888	248
-2886	244
-2885	240
-2884	236
-2878	234
-2883	227
-2880	224
-2878	220
-2876	216
-2875	212
-2877	206
-2876	202
-2695	293
-2693	289
-2690	286
-2692	281
-2649	300
-2651	294
-2649	291
-2649	287
-2659	277
-2654	275
-2642	277
-2633	278
-2631	275
-2628	272
-2624	269
-2619	268
-2615	265
-2616	261
-2611	259
-2604	259
-2602	255
-2594	256
-2586	256
-2576	257
-2570	256
-2565	255
-2559	253
-2554	252
-2554	248
-2554	243
-2554	239
-2848	64
-2626	188
-2624	184
-2621	182
-2620	178
-2819	56
-2844	37
-2459	260
-2456	257
-2444	260
-2422	269
-2429	261
-2442	249
-2432	250
-2428	249
-2428	244
-2427	241
-2424	238
-2420	236
-2417	234
-2414	232
-2406	232
-2392	237
-2390	234
-2403	222
-2403	217
-2542	126
-2542	121
-2475	159
-2470	158
-2538	110
-2425	177
-2536	102
-2536	97
-2534	94
-2532	91
-2530	88
-2529	84
-2433	141
-2424	143
-2428	135
-2434	127
-2433	124
-2430	121
-2428	118
-2424	116
-2420	114
-2413	114
-2651	-49
-2651	-54
-2660	-65
-2675	-80
-2685	-92
-2785	-165
-2468	45
-2461	46
-2457	44
-2450	44
-2451	38
-2615	-79
-2486	5
-2618	-91
-2773	-204
-2772	-208
-2769	-211
-2758	-209
-2755	-212
-2746	-212
-2743	-214
-2428	3
-2428	-1
-2433	-9
-2432	-13
-2728	-230
-2722	-231
-2716	-232
-2725	-244
-2708	-237
-2689	-228
-2631	-191
-2647	-208
-2634	-204
-2613	-194
-2599	-189
-2604	-197
-2620	-215
-2636	-231
-2621	-226
-2629	-237
-2369	-47
-2367	-51
-2366	-55
-2358	-53
-2344	-48
-2329	-41
-2318	-38
-2315	-39
-2321	-49
-2329	-60
-2322	-59
-2311	-56
-2303	-54
-2289	-48
-2285	-50
-2285	-54
-2289	-62
-2303	-78
-2304	-83
-2286	-74
-2268	-64
-2265	-67
-2275	-79
-2283	-90
-2288	-99
-2467	-247
-2456	-244
-2449	-244
-2446	-246
-2445	-251
-2445	-256
-2448	-263
-2449	-269
-2439	-267
-2432	-266
-2439	-277
-2434	-278
-2425	-276
-2410	-269
-2257	-147
-2249	-145
-2241	-143
-2240	-147
-2348	-243
-2367	-264
-2263	-182
-2247	-173
-2246	-177
-2349	-269
-2345	-272
-2343	-275
-2340	-277
-2331	-275
-2324	-274
-2318	-274
-2314	-276
-2309	-276
-2303	-277
-2300	-279
-2224	-218
-2246	-242
-2253	-253
-2252	-257
-2252	-262
-2250	-267
-2247	-269
-2242	-269
-2200	-237
-2201	-243
-2210	-256
-2205	-256
-2198	-256
-2194	-257
-2156	-228
-2142	-220
-2139	-222
-2137	-225
-2137	-230
-2141	-239
-2134	-237
-2126	-235
-2123	-237
-2101	-222
-2086	-213
-2077	-210
-2070	-209
-2064	-207
-2056	-205
-2049	-203
-2038	-198
-2024	-189
-2014	-185
-2007	-183
-2003	-184
-1998	-184
-1994	-185
-1988	-185
-1984	-186
-1980	-186
-1977	-188
-1970	-186
-1964	-185
-1960	-186
-1956	-188
-1937	-174
-1943	-185
-1899	-146
-1892	-144
-1890	-146
-1888	-149
-1887	-153
-1885	-156
-1882	-158
-1879	-160
-1877	-162
-1875	-165
-1875	-170
-1874	-174
-1872	-177
-1861	-170
-1854	-168
-1838	-157
-1828	-151
-1823	-150
-1819	-151
-1815	-151
-1810	-152
-1804	-150
-1799	-150
-1795	-150
-1792	-151
-1789	-154
-1784	-153
-1775	-148
-1762	-139
-1756	-138
-1749	-135
-1744	-134
-1740	-135
-1737	-136
-1733	-136
-1730	-139
-1727	-140
-1723	-140
-1715	-136
-1703	-128
-1693	-122
-1687	-119
-1682	-119
-1678	-119
-1674	-120
-1670	-120
-1666	-120
-1662	-121
-1659	-121
-1655	-122
-1649	-120
-1643	-118
-1635	-114
-1626	-109
-1621	-107
-1618	-108
-1615	-110
-1613	-112
-1610	-114
-1607	-115
-1605	-117
-1602	-119
-1600	-122
-1599	-125
-1592	-122
-1580	-113
-1573	-108
-1567	-107
-1562	-105
-1557	-104
-1553	-104
-1550	-105
-1545	-103
-1539	-102
-1535	-102
-1534	-105
-1532	-107
-1530	-110
-1529	-113
-1527	-116
-1524	-117
-1523	-120
-1520	-122
-1519	-125
-1517	-128
-1515	-130
-1513	-132
-1510	-133
-1508	-136
-1506	-139
-1505	-142
-1501	-142
-1497	-141
-1492	-141
-1490	-143
-1486	-142
-1481	-142
-1475	-138
-1469	-135
-1466	-136
-1462	-136
-1457	-135
-1454	-135
-1451	-136
-1446	-136
-1443	-136
-1440	-137
-1438	-140
-1436	-142
-1432	-142
-1424	-136
-1419	-135
-1416	-136
-1413	-136
-1409	-136
-1406	-137
-1401	-136
-1398	-136
-1395	-137
-1392	-138
-1388	-138
-1385	-139
-1382	-140
-1381	-143
-1377	-143
-1375	-144
-1372	-146
-1373	-152
-1370	-154
-1368	-156
-1366	-158
-1364	-160
-1362	-162
-1355	-157
-1346	-150
-1338	-144
-1336	-146
-1335	-149
-1333	-153
-1332	-156
-1331	-159
-1330	-163
-1327	-164
-1325	-166
-1322	-168
-1319	-169
-1317	-170
-1314	-172
-1312	-174
-1310	-176
-1307	-177
-1304	-178
-1303	-181
-1302	-185
-1301	-188
-1298	-190
-1293	-187
-1287	-184
-1283	-182
-1279	-181
-1275	-181
-1271	-181
-1268	-181
-1264	-181
-1260	-180
-1256	-178
-1253	-179
-1250	-180
-1246	-180
-1243	-180
-1239	-180
-1236	-179
-1232	-179
-1228	-178
-1225	-178
-1222	-179
-1218	-179
-1215	-179
-1210	-177
-1207	-177
-1204	-178
-1202	-179
-1198	-179
-1195	-180
-1192	-180
-1186	-175
-1180	-172
-1178	-174
-1176	-175
-1173	-177
-1170	-177
-1167	-178
-1165	-180
-1161	-179
-1157	-178
-1155	-180
-1152	-180
-1149	-180
-1145	-179
-1140	-177
-1136	-176
-1134	-177
-1131	-178
-1129	-180
-1126	-180
-1122	-180
-1119	-181
-1117	-181
-1113	-181
-1109	-180
-1106	-179
-1103	-180
-1099	-179
-1096	-179
-1093	-179
-1090	-179
-1087	-180
-1083	-179
-1080	-180
-1077	-180
-1074	-181
-1072	-182
-1069	-181
-1065	-181
-1062	-181
-1058	-180
-1055	-180
-1052	-180
-1049	-180
-1046	-180
-1042	-180
-1039	-180
-1037	-181
-1034	-181
-1030	-180
-1027	-181
-1024	-181
-1021	-181
-1018	-180
-1014	-180
-1012	-182
-1009	-182
-1006	-181
-1003	-181
-1000	-181
-997	-183
-994	-183
-992	-183
-989	-184
-985	-183
-982	-184
-980	-184
-974	-178
-973	-184
-971	-185
-942	-131
-937	-129
-934	-127
-930	-126
-927	-125
-924	-124
-921	-125
-919	-127
-920	-136
-923	-148
-923	-154
-921	-156
-919	-158
-917	-160
-915	-163
-908	-154
-899	-139
-896	-140
-893	-141
-891	-142
-889	-144
-888	-148
-888	-153
-886	-157
-884	-157
-878	-152
-872	-145
-868	-141
-864	-141
-861	-140
-858	-140
-855	-138
-852	-139
-850	-140
-846	-138
-777	-2
-774	-1
-771	-1
-767	2
-764	3
-761	3
-759	1
-757	1
-753	3
-751	3
-749	2
-746	2
-743	2
-741	2
-739	1
-736	0
-733	2
-730	3
-728	2
-727	-1
-727	-8
-728	-16
-725	-17
-721	-11
-716	-8
-715	-11
-715	-17
-715	-24
-742	-128
-741	-133
-740	-137
-738	-139
-736	-141
-734	-143
-731	-143
-729	-144
-726	-144
-724	-146
-721	-146
-719	-148
-717	-149
-714	-149
-712	-149
-709	-149
-707	-151
-704	-151
-702	-153
-700	-156
-698	-156
-693	-152
-688	-144
-685	-144
-683	-144
-680	-145
-678	-145
-675	-146
-674	-150
-674	-157
-672	-161
-668	-156
-665	-156
-663	-157
-661	-158
-658	-158
-655	-157
-650	-151
-647	-147
-644	-147
-642	-149
-639	-150
-637	-151
-635	-152
-632	-153
-630	-155
-628	-156
-625	-155
-620	-148
-615	-140
-611	-135
-608	-135
-606	-137
-604	-137
-602	-139
-601	-144
-601	-153
-602	-165
-602	-174
-600	-176
-597	-176
-593	-171
-588	-163
-584	-158
-581	-157
-578	-156
-575	-154
-570	-146
-566	-140
-563	-139
-561	-142
-560	-148
-559	-152
-505	-2
-503	-1
-501	-2
0	0
0	0
0	0
0	0
-501	-50
-501	-59
-501	-70
-501	-77
-501	-86
-501	-97
-501	-107
-501	-117
-501	-126
-500	-133
-499	-141
-499	-151
-498	-158
-497	-162
-495	-163
-493	-166
-491	-168
-488	-169
-486	-169
-483	-170
-481	-172
-478	-171
-476	-172
-473	-171
-471	-171
-468	-171
-466	-172
-463	-172
-461	-172
-458	-171
-455	-171
-453	-171
-450	-171
-448	-171
-445	-170
-442	-170
-440	-170
-437	-170
-435	-170
-432	-171
-430	-171
-427	-170
-425	-170
-422	-170
-420	-170
-417	-171
-415	-170
-412	-171
-410	-170
-407	-171
-405	-170
-402	-170
-399	-170
-397	-171
-394	-170
-392	-171
-390	-171
-387	-171
-384	-170
-382	-169
-379	-170
-377	-170
-374	-171
-372	-170
-369	-170
-367	-170
-364	-169
-362	-169
-359	-170
-357	-170
-354	-170
-352	-170
-349	-169
-347	-169
-344	-170
-342	-169
-339	-169
-337	-172
-335	-174
-333	-179
-331	-183
-329	-183
-326	-184
-324	-184
-321	-183
-319	-184
-316	-184
-314	-183
-311	-184
-309	-183
-306	-184
-304	-185
-301	-183
-299	-183
-296	-184
-294	-184
-291	-184
-289	-186
-287	-185
-284	-184
-282	-185
-279	-184
-276	-184
-274	-184
-272	-185
-269	-184
-267	-184
-264	-184
-261	-183
-259	-183
-257	-183
-254	-184
-252	-184
-249	-184
-247	-184
-244	-183
-242	-183
-239	-183
-237	-184
-234	-184
-232	-183
-229	-183
-227	-183
-224	-184
-222	-184
-219	-184
-217	-183
-214	-184
-212	-184
-210	-184
-207	-184
-205	-184
-202	-185
-200	-184
-197	-184
-195	-184
-192	-183
-190	-183
-187	-183
-185	-184
-183	-185
-180	-184
-178	-184
-175	-185
-173	-185
-170	-185
-168	-184
-165	-183
-163	-183
-160	-184
-158	-183
-155	-185
-153	-185
-150	-185
-148	-184
-146	-184
-143	-185
-141	-185
-138	-185
-136	-185
-133	-184
-131	-184
-128	-183
-126	-183
-123	-184
-121	-183
-118	-184
-116	-183
-114	-183
-111	-183
-109	-183
-106	-184
-104	-184
-101	-184
-99	-183
-96	-184
-94	-184
-91	-184
-89	-184
-87	-185
-84	-185
-82	-185
-79	-184
-77	-184
-74	-184
-72	-185
-69	-185
-67	-185
-65	-184
-62	-183
-60	-183
-57	-184
-55	-184
-52	-185
-47	-184
-45	-184
-42	-184
-40	-184
-38	-185
-35	-185
-33	-185
-30	-184
-28	-185
-25	-185
-23	-185
-20	-185
-18	-185
-15	-184
-13	-185
-11	-184
-8	-184
-6	-184
-3	-184
-1	-183
2	-184
4	-185
7	-185
9	-184
12	-184
14	-184
16	-184
19	-184
21	-183
24	-183
26	-183
29	-183
31	-183
34	-183
36	-184
39	-184
41	-185
43	-184
46	-183
48	-182
51	-183
53	-183
56	-183
58	-184
61	-185
63	-183
66	-183
68	-184
71	-184
73	-185
75	-185
78	-183
80	-183
83	-183
85	-183
88	-183
90	-183
93	-183
95	-184
98	-184
100	-184
103	-185
105	-185
108	-185
110	-184
113	-185
115	-185
117	-184
120	-184
122	-184
125	-184
127	-183
130	-185
132	-185
135	-185
137	-184
140	-185
142	-186
145	-185
147	-183
150	-184
152	-185
155	-187
157	-185
160	-184
162	-184
165	-185
167	-184
169	-184
172	-184
174	-184
177	-185
179	-185
182	-185
184	-184
187	-184
189	-184
192	-184
194	-185
197	-185
199	-183
202	-183
204	-184
207	-184
209	-184
212	-184
214	-183
217	-183
219	-184
222	-184
224	-184
227	-183
229	-182
232	-184
234	-184
237	-184
239	-184
242	-184
245	-186
247	-185
250	-185
252	-185
254	-184
257	-184
260	-184
262	-185
265	-185
267	-184
270	-185
272	-184
274	-183
277	-182
279	-183
282	-184
285	-185
287	-185
290	-183
292	-183
295	-183
297	-184
300	-184
303	-185
305	-183
307	-183
310	-183
312	-183
315	-184
318	-183
320	-183
323	-184
325	-184
328	-183
330	-183
333	-183
335	-182
338	-183
341	-184
343	-183
345	-181
346	-174
348	-170
350	-169
353	-169
355	-169
358	-169
360	-169
363	-169
366	-170
368	-169
371	-170
374	-170
376	-170
378	-169
381	-169
383	-169
386	-169
389	-170
391	-169
394	-170
397	-170
399	-169
401	-169
404	-170
407	-170
409	-170
412	-169
415	-170
417	-170
420	-169
422	-170
425	-169
427	-169
430	-171
433	-171
435	-170
438	-170
441	-170
443	-171
446	-170
448	-169
451	-170
453	-169
456	-168
457	-165
460	-164
463	-167
467	-169
469	-171
472	-171
475	-170
477	-170
480	-170
482	-170
485	-169
488	-170
490	-170
493	-169
495	-169
498	-169
500	-168
503	-167
505	-166
507	-164
509	-161
511	-159
512	-153
512	-146
511	-134
512	-127
512	-120
512	-112
513	-107
513	-99
513	-91
513	-82
513	-74
513	-65
512	-56
513	-50
514	-45
514	-38
514	-31
513	-19
511	-5
513	-5
515	-4
518	-4
577	-142
577	-135
578	-129
580	-128
584	-131
602	-176
605	-174
607	-173
609	-172
612	-171
614	-170
614	-161
611	-146
611	-140
613	-136
615	-133
616	-131
619	-130
621	-128
623	-127
626	-127
630	-130
635	-138
642	-149
645	-149
647	-148
650	-147
652	-146
655	-146
658	-148
661	-149
665	-151
668	-153
671	-154
675	-155
677	-155
681	-155
683	-155
684	-150
685	-145
687	-143
690	-143
692	-143
695	-142
698	-143
703	-148
708	-153
710	-153
713	-153
716	-152
718	-152
721	-150
723	-149
726	-149
728	-148
731	-148
733	-147
735	-145
738	-145
740	-143
743	-142
745	-141
748	-140
749	-138
750	-133
751	-129
752	-124
750	-113
750	-108
724	-19
725	-14
725	-8
725	-4
727	-1
728	1
731	2
733	2
736	1
739	1
741	3
744	3
747	1
758	-4
760	-3
762	-1
764	-1
767	-1
771	-2
773	-1
776	-1
778	0
780	1
783	0
886	-178
890	-179
892	-178
895	-177
898	-178
901	-177
905	-178
908	-178
911	-178
914	-178
917	-178
920	-177
922	-175
924	-173
925	-170
927	-167
928	-163
930	-161
932	-159
934	-158
938	-158
942	-160
948	-166
955	-172
960	-176
966	-182
970	-184
974	-185
977	-185
980	-184
983	-184
987	-185
990	-185
993	-184
997	-185
1000	-185
1003	-184
1005	-183
1007	-181
1009	-178
1013	-180
1017	-181
1020	-181
1024	-182
1028	-183
1031	-182
1033	-181
1037	-181
1039	-179
1040	-177
1044	-177
1049	-180
1052	-180
1055	-179
1058	-179
1062	-179
1067	-182
1070	-181
1073	-181
1077	-182
1080	-182
1084	-182
1087	-182
1091	-184
1095	-184
1097	-182
1099	-180
1102	-179
1104	-178
1106	-175
1109	-175
1117	-182
1122	-184
1124	-182
1127	-181
1131	-181
1134	-182
1138	-182
1141	-182
1144	-181
1147	-180
1148	-177
1151	-176
1153	-174
1155	-172
1157	-169
1160	-168
1163	-167
1168	-170
1177	-178
1182	-180
1184	-178
1185	-175
1185	-169
1185	-164
1186	-161
1188	-158
1190	-156
1192	-154
1195	-153
1196	-149
1198	-147
1200	-145
1204	-145
1207	-144
1211	-145
1216	-147
1221	-149
1226	-151
1230	-152
1234	-152
1238	-153
1242	-154
1246	-154
1249	-154
1253	-155
1264	-164
1273	-172
1275	-170
1277	-167
1279	-165
1281	-163
1284	-161
1288	-162
1293	-164
1298	-166
1302	-166
1305	-165
1307	-163
1310	-162
1315	-163
1324	-170
1328	-171
1331	-170
1334	-169
1338	-169
1341	-169
1346	-169
1350	-171
1349	-164
1350	-160
1351	-156
1353	-154
1355	-152
1356	-148
1358	-146
1363	-147
1367	-148
1370	-146
1372	-144
1377	-145
1386	-152
1400	-164
1407	-169
1411	-168
1415	-169
1417	-167
1416	-160
1419	-159
1422	-158
1425	-157
1428	-156
1431	-154
1434	-153
1438	-153
1442	-153
1445	-152
1448	-151
1452	-151
1456	-150
1462	-153
1473	-161
1484	-170
1486	-168
1488	-165
1492	-164
1496	-165
1500	-164
1500	-160
1500	-155
1501	-151
1503	-148
1506	-146
1509	-145
1512	-144
1515	-142
1518	-142
1522	-141
1525	-140
1529	-140
1533	-139
1538	-140
1541	-139
1545	-139
1549	-138
1556	-141
1586	-171
1590	-170
1593	-170
1600	-173
1606	-173
1610	-174
1611	-170
1612	-166
1614	-163
1616	-161
1613	-153
1611	-146
1613	-143
1617	-142
1621	-142
1631	-148
1647	-160
1658	-168
1667	-173
1678	-180
1682	-179
1682	-174
1683	-171
1686	-169
1692	-170
1703	-177
1705	-175
1704	-169
1702	-161
1701	-156
1704	-154
1708	-153
1711	-151
1714	-150
1717	-148
1721	-147
1727	-149
1737	-154
1747	-160
1752	-160
1754	-158
1757	-156
1765	-159
1774	-164
1776	-160
1779	-159
1782	-157
1786	-156
1790	-155
1797	-158
1809	-164
1812	-163
1816	-162
1817	-158
1817	-153
1819	-150
1821	-148
1824	-145
1830	-146
1849	-160
1863	-169
1868	-169
1864	-161
1866	-157
1878	-165
1895	-176
1899	-175
1905	-175
1906	-172
1909	-170
1913	-169
1917	-167
1923	-168
1927	-167
1934	-169
1952	-181
1956	-179
1958	-176
1960	-173
1961	-169
1962	-166
1964	-163
1966	-159
1970	-159
1977	-160
2003	-178
2014	-184
2024	-188
2029	-187
2032	-186
2038	-185
2042	-184
2048	-185
2053	-184
2056	-182
2058	-178
2061	-176
2064	-174
2072	-177
2076	-175
2108	-198
2112	-197
2115	-194
2119	-193
2123	-191
2127	-190
2131	-188
2133	-185
2137	-183
2143	-184
2146	-181
2149	-179
2158	-181
2174	-190
2174	-185
2182	-187
2185	-184
2189	-182
2196	-183
2215	-194
2229	-201
2245	-209
2256	-213
2259	-210
2264	-209
2273	-212
2283	-215
2287	-213
2289	-210
2293	-207
2341	-241
2354	-246
2364	-250
2365	-245
2368	-243
2375	-243
2383	-244
2388	-243
2393	-242
2404	-245
2412	-246
2416	-244
2425	-246
2443	-255
2453	-257
2455	-253
2458	-250
2462	-248
2465	-245
2468	-243
2472	-241
2477	-239
2481	-237
2486	-235
2490	-233
2497	-233
2510	-238
2524	-243
2533	-244
2540	-244
2550	-247
2557	-247
2563	-245
2568	-244
2573	-242
2579	-242
2585	-241
2587	-237
2590	-234
2594	-231
2606	-235
2629	-246
2643	-251
2649	-250
2655	-248
2662	-248
2667	-247
2671	-244
2675	-242
2679	-239
2684	-237
2688	-235
2692	-232
2696	-230
2700	-227
2704	-225
2710	-223
2717	-223
2722	-221
2726	-218
2735	-219
2740	-217
2744	-215
2748	-212
2752	-210
2759	-209
2765	-207
2770	-205
2774	-203
2778	-200
2783	-198
2788	-196
2794	-194
2800	-193
2805	-191
2813	-191
2815	-187
2821	-186
2829	-185
2834	-184
2838	-180
2842	-178
2848	-176
2851	-173
2855	-170
2858	-167
2863	-165
2869	-163
2875	-161
2880	-159
2886	-158
2891	-156
2897	-154
2901	-151
2905	-148
2911	-146
2919	-146
2925	-144
2929	-142
2933	-138
2936	-135
2942	-133
2948	-132
2953	-129
2958	-127
2967	-127
2973	-125
2978	-123
2983	-120
2988	-118
2993	-116
2999	-114
3005	-112
3009	-109
3013	-106
3017	-103
3022	-100
3028	-98
3033	-96
3037	-93
3045	-92
3050	-89
3055	-87
3059	-84
3065	-82
3071	-80
3078	-78
3083	-76
3088	-73
3094	-71
3098	-68
3102	-65
3106	-62
3112	-59
3118	-57
3127	-57
3132	-54
3137	-51
3142	-49
3149	-47
3155	-45
3161	-43
3166	-40
3171	-38
3176	-35
3181	-32
3187	-30
3192	-27
3196	-24
3198	-19
3201	-16
3204	-12
3208	-8
3212	-5
3215	-1
3218	3
3220	7
3224	11
3227	15
3230	18
3232	23
3233	28
3234	33
3235	37
3234	43
3234	49
3235	53
3236	59
3235	64
3237	69
3238	73
3240	78
3240	83
3240	88
3241	93
3243	98
3243	103
3244	108
3245	113
3246	118
3248	122
3251	126
3251	131
3251	136
3251	141
3251	147
3252	152
3253	156
3254	161
3255	166
3257	170
3258	175
3257	181
3256	186
3256	192
3257	197
3258	201
3258	206
3259	211
3259	216
3260	221
3261	226
3261	231
3262	236
3262	241
3262	246
3262	251
3262	256
3262	261
3261	267
3263	271
3265	276
3266	280
3268	285
3270	289
3270	294
3270	299
3270	304
3270	309
3270	315
3271	319
3273	323
3275	328
3276	332
3277	337
3277	342
3277	347
3277	352
3277	357
3276	363
3276	368
3276	373
3276	378
3276	383
3276	388
3275	393
3277	397
3278	402
3279	407
3277	412
3278	417
3278	422
3279	427
3279	431
3282	435
3285	439
3285	444
3286	449
3286	454
3285	459
3286	464
3287	468
3287	473
3287	478
3288	483
3289	487
3289	492
3289	497
3288	502
3290	507
3291	511
3291	516
3291	521
3291	526
3293	530
3293	535
3295	539
3295	544
3297	549
3297	554
3296	559
3297	563
3297	568
3298	573
3298	577
3300	582
3302	586
3303	591
3304	595
3304	600
3302	605
3303	610
3302	615
3303	620
3302	625
3302	629
3303	634
3302	639
3302	644
3303	648
3305	653
3307	657
3309	661
3311	665
3311	670
3311	675
3312	679
3313	684
3313	688
3315	693
3317	697
3318	701
3318	706
3317	711
3314	717
3316	721
3319	725
3318	730
3317	735
3318	740
3318	744
3320	749
3321	753
3321	758
3318	763
3318	768
3320	772
3321	777
3322	781
3321	786
3322	791
3324	795
3326	799
3326	804
3328	808
3329	812
3329	817
3329	822
3328	827
3327	832
3328	836
3329	841
3331	845
3333	849
3333	854
3334	858
3332	864
3330	869
3329	874
3329	878
3330	883
3331	887
3331	892
3332	896
3332	901
3332	906
3333	910
3334	914
3335	919
3335	924
3335	928
3336	933
3336	937
3337	942
3338	946
3339	950
3340	955
3340	960
3339	964
3338	969
3339	974
3341	978
3343	982
3344	987
3344	991
3346	996
3348	1000
3348	1004
3348	1009
3348	1014
3349	1018
3348	1023
3347	1028
3347	1032
3348	1037
3350	1041
3351	1045
3352	1050
3355	1054
3354	1059
3354	1063
3355	1068
3356	1072
3353	1077
3352	1082
3352	1087
3352	1091
3353	1096
3353	1100
3354	1105
3355	1109
3355	1114
3354	1118
3355	1123
3356	1127
3358	1131
3358	1136
3359	1140
3359	1145
3361	1149
3362	1154
3363	1158
3363	1163
3360	1168
3362	1172
3366	1176
3367	1180
3369	1185
3369	1189
3369	1194
3368	1198
3367	1203
3365	1208
3366	1212
3368	1217
3368	1221
3369	1226
3369	1230
3370	1235
3370	1239
3371	1244
3374	1248
3375	1252
3377	1257
3377	1261
3378	1266
3379	1270
3379	1275
3380	1279
3379	1284
3378	1288
3377	1293
3377	1298
3378	1302
3381	1306
3384	1310
3387	1315
3389	1319
3390	1323
3389	1328
3388	1333
3388	1337
3390	1342
3390	1346
3390	1351
3390	1355
3390	1360
3391	1364
3391	1369
3393	1373
3393	1378
3393	1382
3393	1387
3392	1391
3394	1396
3395	1400
3397	1405
3397	1409
3398	1414
3398	1418
3399	1423
3397	1427
3395	1432
3394	1437
3395	1441
3396	1445
3397	1450
3397	1455
3397	1459
3399	1463
3401	1468
3403	1472
3404	1477
3404	1481
3404	1486
3403	1490
3404	1495
3405	1499
3405	1504
3404	1508
3406	1513
3407	1517
3407	1522
3406	1527
3405	1531
3406	1536
3407	1540
3407	1545
3408	1549
3409	1554
3411	1558
3412	1563
3411	1567
3411	1572
3412	1576
3413	1581
3412	1585
3411	1590
3410	1594
3410	1599
3412	1603
3413	1608
3414	1612
3416	1617
3417	1621
3418	1626
3421	1630
3421	1635
3419	1640
3419	1644
3420	1649
3421	1653
3422	1658
3422	1662
3422	1667
3422	1671
3422	1676
3424	1680
