2532	1673
2533	1676
2534	1680
2534	1683
2536	1687
2536	1690
2538	1697
2539	1700
2539	1704
2540	1707
2541	1710
2541	1714
2541	1717
2541	1721
2541	1724
2540	1727
2541	1731
2542	1734
2544	1738
2543	1741
2544	1745
2544	1748
2545	1752
2546	1755
2546	1758
2547	1762
2547	1765
2547	1769
2548	1772
2548	1776
2547	1779
2548	1782
2547	1786
2548	1789
2549	1793
2550	1796
2551	1800
2551	1803
2551	1807
2551	1810
2551	1813
2551	1817
2553	1820
2555	1824
2554	1827
2554	1831
2554	1834
2553	1838
2554	1841
2555	1845
2557	1848
2558	1852
2559	1855
2559	1859
2560	1862
2561	1866
2561	1869
2562	1873
2561	1876
2562	1880
2563	1883
2564	1887
2563	1890
2563	1893
2564	1897
2564	1900
2564	1904
2566	1908
2568	1911
2568	1915
2569	1918
2570	1922
2570	1925
2571	1929
2571	1932
2570	1936
2571	1939
2572	1943
2572	1946
2572	1950
2572	1953
2572	1957
2573	1960
2574	1964
2574	1968
2574	1971
2574	1974
2574	1978
2576	1982
2577	1985
2578	1989
2580	1993
2581	1996
2583	2000
2586	2004
2587	2008
2588	2011
2588	2015
2588	2018
2587	2022
2586	2025
2586	2029
2588	2032
2587	2036
2590	2040
2590	2043
2588	2047
2587	2050
2589	2054
2588	2057
2589	2061
2590	2065
2591	2068
2591	2072
2591	2075
2591	2079
2592	2083
2592	2086
2593	2090
2594	2094
2596	2097
2595	2101
2594	2104
2595	2108
2597	2112
2597	2115
2598	2119
2599	2123
2598	2126
2598	2130
2598	2133
2598	2137
2599	2141
2598	2144
2601	2148
2600	2152
2598	2155
2599	2159
2600	2163
2602	2167
2602	2170
2601	2174
2602	2177
2602	2181
2601	2184
2601	2188
2599	2191
2598	2195
2601	2199
2603	2203
2602	2206
2602	2210
2603	2214
2604	2218
2605	2221
2604	2225
2603	2228
2604	2232
2605	2236
2606	2240
2606	2243
2607	2247
2606	2251
2607	2255
2607	2258
2606	2262
2605	2265
2606	2269
2607	2273
2607	2277
2607	2280
2607	2284
2608	2288
2607	2291
2607	2295
2606	2298
2605	2302
2606	2306
2605	2309
2607	2313
2610	2318
2611	2322
2610	2325
2609	2329
2610	2333
2612	2337
2612	2340
2613	2344
2615	2349
2615	2352
2615	2356
2614	2360
2614	2363
2613	2367
2611	2370
2611	2374
2613	2378
2614	2382
2614	2386
2615	2390
2616	2394
2617	2398
2617	2401
2616	2405
2619	2410
2618	2413
2619	2417
2619	2421
2619	2425
2618	2428
2618	2432
2617	2435
2617	2439
2618	2443
2619	2447
2619	2451
2619	2455
2620	2459
2620	2463
2619	2467
2617	2470
2617	2474
2618	2478
2619	2482
2619	2486
2619	2489
2619	2493
2620	2497
2622	2502
2621	2505
2621	2509
2620	2513
2619	2516
2618	2520
2618	2524
2618	2527
2619	2532
2619	2536
2620	2540
2620	2544
2619	2547
2618	2551
2616	2554
2615	2557
2614	2561
2613	2565
2614	2569
2615	2573
2614	2577
2613	2580
2613	2584
2614	2588
2615	2592
2615	2597
2615	2600
2615	2604
2614	2608
2615	2612
2619	2617
2618	2621
2619	2625
2620	2630
2620	2634
2622	2638
2623	2642
2622	2646
2622	2650
2622	2654
2623	2658
2625	2663
2626	2668
2627	2672
2627	2676
2629	2681
2629	2684
2629	2689
2632	2694
2631	2697
2632	2702
2631	2706
2632	2710
2632	2714
2631	2718
2631	2721
2631	2726
2632	2730
2632	2734
2632	2738
2632	2742
2633	2747
2634	2751
2634	2755
2634	2759
2635	2764
2634	2768
2634	2772
2635	2776
2635	2780
2637	2785
2635	2789
2636	2793
2636	2797
2637	2802
2638	2806
2638	2811
2638	2814
2638	2819
2638	2823
2639	2827
2638	2831
2638	2835
2638	2840
2637	2844
2637	2847
2637	2852
2637	2856
2638	2860
2640	2866
2640	2870
2639	2874
2639	2878
2639	2882
2639	2886
2641	2891
2641	2896
2640	2900
2639	2904
2639	2907
2639	2912
2639	2916
2639	2921
2640	2925
2641	2930
2641	2934
2640	2938
2639	2942
2640	2946
2640	2951
2640	2955
2640	2960
2639	2964
2639	2968
2640	2972
2640	2977
2640	2981
2640	2986
2641	2990
2643	2996
2642	3000
2642	3004
2641	3008
2642	3013
2642	3017
2643	3022
2644	3027
2643	3031
2644	3036
2645	3041
2645	3045
2645	3050
2645	3054
2644	3058
2647	3064
2646	3068
2647	3073
2648	3078
2649	3083
2649	3088
2648	3092
2648	3096
2648	3101
2650	3106
2651	3111
2648	3114
2621	3105
2593	3094
2582	3093
2578	3095
2575	3098
2572	3101
2570	3104
2568	3107
2567	3111
2576	3120
2676	3184
2654	3177
2656	3182
2656	3187
2656	3192
2657	3197
2657	3201
2657	3206
2659	3212
2659	3217
2659	3222
2658	3226
2658	3230
2659	3236
2660	3241
2660	3246
2660	3250
2661	3255
2660	3260
2661	3265
2662	3271
2663	3276
2665	3282
2665	3287
2664	3291
2663	3295
2662	3299
2662	3304
2662	3309
2661	3313
2660	3318
2660	3322
2658	3326
2658	3331
2658	3336
2658	3340
2659	3346
2660	3351
2660	3356
2660	3362
2660	3366
2660	3371
2660	3376
2660	3381
2660	3386
2660	3391
2659	3395
2660	3401
2660	3406
2661	3412
2660	3416
2662	3422
2663	3428
2662	3432
2662	3437
2662	3443
2662	3447
2661	3452
2661	3457
2662	3462
2662	3468
2662	3473
2661	3477
2661	3483
2662	3488
2663	3494
2663	3499
2662	3504
2662	3509
2661	3513
2662	3519
2662	3524
2662	3529
2662	3534
2662	3540
2662	3545
2661	3550
2661	3555
2661	3560
2661	3565
2660	3570
2662	3577
2662	3582
2663	3588
2663	3593
2664	3599
2663	3604
2662	3608
2662	3614
2662	3619
2662	3624
2659	3628
2654	3630
2661	3640
2660	3645
2659	3650
2658	3654
2657	3658
2657	3664
2656	3669
2656	3674
2655	3679
2656	3685
2655	3690
2655	3696
2654	3701
2654	3706
2654	3711
2654	3717
2654	3723
2652	3727
2654	3733
2653	3739
2652	3743
2650	3748
2650	3753
2648	3757
2648	3762
2648	3768
2645	3771
2644	3777
2644	3782
2644	3788
2644	3794
2645	3800
2646	3806
2643	3810
2643	3816
2641	3820
2640	3825
2644	3833
2642	3838
2641	3843
2640	3848
2639	3853
2638	3858
2634	3861
2631	3864
2629	3868
2637	3880
2639	3888
2638	3893
2636	3897
2637	3904
2638	3910
2636	3915
2635	3920
2633	3924
2631	3929
2632	3935
2630	3940
2629	3945
2629	3951
2627	3955
2626	3960
2627	3967
2626	3973
2625	3977
2624	3983
2622	3987
2620	3992
2618	3996
2616	4001
2616	4006
2615	4012
2615	4018
2600	4011
2577	3997
2563	3991
2558	3992
2556	3997
2556	4003
2554	4008
2550	4010
2552	4018
2548	4021
2550	4029
2545	4030
2547	4039
2569	4064
2589	4089
2597	4103
2596	4108
2595	4114
2594	4118
2594	4125
2593	4130
2592	4136
2591	4142
2591	4148
2591	4154
2588	4158
2588	4164
2585	4169
2584	4173
2583	4179
2581	4185
2579	4189
2576	4192
2575	4198
2578	4207
2577	4214
2575	4218
2575	4225
2572	4229
2570	4233
2569	4238
2567	4243
2563	4247
2559	4249
2557	4254
2555	4258
2553	4263
2552	4269
2552	4276
2550	4281
2548	4285
2544	4289
2540	4292
2537	4295
2536	4300
2534	4306
2533	4312
2268	4050
2266	4055
2262	4056
2265	4066
2263	4070
2260	4073
2261	4080
2255	4081
2261	4093
2259	4097
2255	4099
2255	4106
2253	4111
2250	4113
2249	4119
2245	4121
2492	4388
2490	4393
2491	4401
2489	4406
2487	4411
2485	4416
2482	4420
2479	4424
2476	4428
2473	4432
2470	4436
2468	4441
2466	4446
2463	4450
2460	4454
2456	4457
2455	4463
2453	4468
2451	4473
2449	4478
2448	4484
2445	4489
2442	4493
2440	4498
2438	4502
2435	4507
2433	4512
2431	4518
2429	4522
2425	4526
2422	4530
2419	4534
2416	4538
2412	4541
2408	4544
2405	4547
2401	4551
2398	4555
2394	4558
2392	4562
2389	4567
2385	4570
2382	4574
2378	4578
2375	4581
2372	4586
2370	4591
2366	4593
2361	4596
2358	4599
2356	4605
2353	4608
2350	4613
2347	4617
2343	4620
2339	4623
2337	4628
2333	4631
2328	4634
2324	4637
2322	4641
2319	4645
2315	4648
2311	4652
2309	4657
2307	4662
2303	4666
2300	4669
2295	4672
2292	4676
2290	4681
2287	4686
2284	4690
2280	4693
2277	4697
2273	4700
2269	4703
2265	4706
2262	4710
2260	4717
2257	4720
2253	4723
2250	4728
2246	4731
2242	4734
2240	4739
2236	4742
2232	4745
2228	4749
2225	4752
2221	4755
2215	4757
2211	4760
2208	4763
2205	4767
2202	4772
2198	4775
2194	4778
2190	4781
2186	4784
2183	4788
2180	4793
2177	4798
2175	4804
2171	4806
2166	4809
2163	4812
2158	4814
2152	4815
2148	4817
2144	4820
2140	4824
2137	4828
2134	4833
2130	4835
2126	4838
2121	4840
2117	4843
2114	4847
2109	4850
2105	4853
2101	4855
2096	4857
2092	4860
2088	4863
2083	4865
2079	4868
2076	4872
2073	4876
2069	4880
2064	4881
2058	4882
2054	4885
2051	4889
2047	4893
2043	4895
2040	4899
2035	4902
2032	4906
2029	4910
2025	4913
2021	4917
2018	4921
2016	4927
2013	4932
2008	4934
2005	4938
2001	4942
1997	4944
1994	4949
1991	4953
1987	4957
1984	4962
1982	4968
1979	4972
1975	4977
1971	4979
1967	4982
1961	4982
1956	4984
1952	4987
1948	4990
1944	4994
1940	4996
1935	4997
1930	4999
1926	5002
1922	5005
1917	5008
1913	5010
1909	5014
1905	5016
1901	5020
1896	5021
1891	5022
1885	5023
1880	5024
1875	5026
1870	5027
1865	5029
1861	5031
1856	5033
1852	5036
1848	5040
1843	5041
1838	5042
1833	5045
1828	5045
1824	5048
1819	5050
1814	5052
1810	5054
1806	5057
1801	5059
1797	5062
1792	5063
1788	5067
1784	5069
1780	5072
1777	5077
1773	5082
1768	5082
1763	5084
1758	5085
1753	5087
1748	5089
1744	5092
1740	5096
1736	5098
1731	5099
1727	5102
1723	5106
1718	5107
1713	5109
1708	5110
1703	5112
1699	5114
1694	5116
1689	5118
1684	5119
1679	5120
1675	5122
1671	5125
1666	5127
1662	5130
1657	5131
1651	5131
1645	5131
1641	5133
1636	5135
1631	5137
1627	5139
1622	5140
1617	5143
1613	5146
1609	5149
1605	5151
1600	5152
1595	5153
1590	5156
1585	5157
1580	5158
1575	5159
1570	5161
1566	5164
1562	5166
1557	5168
1553	5171
1549	5175
1545	5179
1541	5182
1535	5181
1530	5181
1524	5181
1520	5183
1516	5186
1511	5188
1506	5190
1503	5194
1498	5197
1494	5200
1490	5203
1486	5206
1482	5209
1477	5212
1474	5215
1469	5218
1466	5222
1461	5225
1457	5227
1452	5229
1447	5231
1443	5234
1439	5237
1434	5239
1430	5241
1425	5244
1419	5242
1414	5242
1409	5244
1404	5246
1401	5250
1397	5254
1392	5255
1387	5256
1382	5257
1375	5254
1369	5253
1363	5252
1358	5251
1352	5251
1347	5251
1342	5252
1337	5254
1333	5257
1329	5260
1325	5263
1320	5265
1313	5262
1307	5258
1300	5256
1295	5257
1290	5258
1285	5257
1279	5256
1274	5257
1270	5260
1267	5266
1263	5270
1258	5272
1254	5275
1250	5277
1244	5276
1238	5275
1233	5275
1228	5278
1224	5279
1220	5285
1216	5287
1212	5290
1207	5293
1202	5294
1198	5298
1194	5301
1190	5304
1185	5306
1180	5307
1176	5309
1171	5310
1166	5310
1161	5313
1157	5315
1153	5319
1148	5320
1143	5322
1139	5324
1134	5327
1129	5329
1125	5330
1120	5332
1115	5332
1110	5333
1104	5331
1098	5329
1093	5330
1089	5332
1084	5333
1078	5332
1073	5333
1069	5335
1064	5338
1059	5339
1054	5340
1049	5340
1044	5341
1038	5339
1032	5336
1026	5333
1021	5332
1015	5332
1011	5333
1006	5334
1000	5334
996	5335
991	5336
986	5336
981	5338
976	5340
971	5340
966	5342
961	5342
957	5343
952	5344
947	5345
942	5346
936	5345
931	5345
926	5345
921	5345
916	5346
912	5349
907	5351
902	5352
898	5353
892	5353
887	5352
882	5352
877	5352
872	5355
868	5356
862	5356
858	5357
853	5358
847	5357
842	5357
837	5358
832	5358
827	5359
823	5360
818	5362
813	5363
808	5364
804	5365
799	5368
794	5368
788	5365
783	5365
778	5366
774	5367
769	5367
763	5367
758	5368
754	5369
749	5370
744	5372
739	5373
735	5374
730	5376
725	5378
721	5380
716	5381
711	5381
706	5383
701	5383
696	5383
691	5381
685	5379
680	5379
675	5380
671	5382
666	5383
661	5384
656	5385
651	5385
646	5383
640	5380
635	5378
630	5377
624	5376
619	5374
614	5374
609	5375
605	5376
600	5377
595	5378
590	5379
585	5380
580	5380
576	5382
571	5383
566	5384
561	5385
556	5385
552	5387
547	5390
542	5392
538	5396
533	5397
528	5396
523	5394
518	5394
513	5394
508	5395
503	5396
499	5398
494	5400
489	5402
485	5403
480	5405
475	5404
470	5403
465	5404
460	5405
455	5404
450	5405
445	5405
440	5405
435	5405
430	5406
425	5405
421	5409
416	5411
411	5412
407	5414
402	5414
397	5414
392	5416
387	5416
382	5416
377	5415
372	5415
367	5417
363	5418
358	5419
353	5420
348	5420
343	5420
338	5419
333	5418
328	5418
323	5420
318	5420
313	5419
308	5419
304	5421
299	5422
294	5424
289	5423
284	5422
279	5421
274	5421
269	5422
264	5422
259	5422
254	5419
249	5419
244	5418
239	5418
234	5418
229	5414
224	5409
219	5406
214	5405
209	5405
204	5402
199	5401
194	5402
189	5403
184	5403
179	5402
174	5401
169	5401
165	5405
160	5406
155	5405
150	5406
145	5406
140	5406
136	5406
131	5407
126	5407
121	5406
116	5407
111	5408
106	5408
102	5408
97	5408
92	5408
87	5410
82	5411
77	5413
73	5416
68	5418
63	5420
58	5420
53	5420
48	5420
43	5423
39	5425
34	5425
29	5427
24	5427
19	5427
14	5427
9	5429
4	5430
-0	5429
-5	5429
-10	5426
-15	5426
-20	5427
-25	5427
-30	5427
-35	5427
-40	5426
-45	5425
-49	5425
-54	5425
-59	5425
-64	5426
-69	5426
-74	5426
-79	5425
-84	5425
-95	5026
-99	5030
-104	5029
-108	5026
-112	5025
-117	5027
-121	5030
-126	5031
-130	5022
-134	5008
-138	5005
-143	5004
-147	5002
-151	5001
-156	5014
-160	5004
-164	5004
-169	5005
-173	5008
-178	5017
-182	5026
-187	5027
-191	5025
-195	5024
-200	5027
-204	5029
-209	5028
-213	5024
-245	5424
-250	5426
-255	5426
-260	5426
-265	5426
-270	5426
-275	5427
-280	5429
-285	5429
-290	5428
-295	5428
-299	5427
-304	5424
-309	5424
-314	5425
-319	5425
-324	5425
-329	5424
-334	5423
-338	5423
-343	5423
-348	5423
-353	5424
-358	5424
-363	5421
-368	5420
-373	5420
-377	5418
-382	5414
-387	5411
-391	5408
-396	5406
-401	5406
-406	5406
-411	5407
-416	5406
-420	5405
-425	5404
-430	5404
-435	5404
-440	5403
-445	5402
-449	5399
-454	5397
-459	5395
-464	5395
-468	5394
-473	5393
-478	5393
-483	5392
-488	5391
-493	5390
-497	5390
-502	5389
-507	5390
-512	5388
-517	5389
-522	5391
-527	5389
-532	5389
-537	5388
-542	5389
-547	5391
-552	5390
-557	5390
-562	5391
-566	5390
-571	5390
-576	5390
-581	5389
-586	5388
-591	5390
-596	5391
-601	5390
-606	5391
-611	5392
-616	5390
-621	5388
-625	5389
-630	5388
-635	5386
-640	5386
-644	5383
-649	5380
-654	5379
-659	5381
-663	5374
-667	5372
-672	5369
-677	5367
-681	5367
-686	5366
-691	5365
-696	5364
-700	5362
-705	5361
-710	5361
-715	5360
-720	5358
-724	5357
-729	5355
-734	5355
-739	5357
-744	5354
-748	5351
-753	5349
-757	5346
-761	5343
-766	5340
-770	5337
-775	5339
-780	5338
-785	5335
-789	5333
-794	5332
-799	5331
-803	5329
-808	5326
-812	5324
-817	5324
-822	5321
-826	5319
-831	5318
-836	5318
-841	5318
-845	5317
-850	5315
-854	5312
-859	5310
-864	5310
-869	5311
-874	5311
-879	5313
-885	5314
-890	5313
-894	5313
-899	5313
-905	5314
-910	5314
-915	5314
-920	5314
-925	5314
-929	5311
-934	5310
-939	5309
-944	5310
-949	5311
-954	5311
-959	5309
-964	5309
-968	5307
-973	5306
-978	5305
-982	5303
-987	5301
-992	5301
-997	5303
-1002	5303
-1007	5300
-1011	5297
-1015	5294
-1020	5294
-1025	5293
-1030	5293
-1035	5294
-1040	5293
-1045	5291
-1050	5291
-1055	5290
-1059	5289
-1064	5288
-1068	5284
-1072	5281
-1077	5278
-1081	5277
-1086	5274
-1090	5271
-1095	5271
-1100	5270
-1104	5268
-1110	5269
-1115	5268
-1119	5266
-1123	5264
-1128	5263
-1133	5262
-1138	5261
-1143	5261
-1148	5260
-1152	5258
-1157	5258
-1162	5255
-1166	5253
-1170	5251
-1175	5249
-1180	5250
-1185	5249
-1190	5249
-1195	5248
-1200	5248
-1205	5248
-1211	5249
-1216	5249
-1221	5247
-1225	5246
-1230	5245
-1235	5244
-1240	5243
-1245	5242
-1250	5242
-1255	5242
-1260	5242
-1265	5240
-1270	5239
-1275	5239
-1280	5238
-1285	5237
-1289	5236
-1294	5234
-1298	5233
-1301	5225
-1305	5222
-1309	5218
-1313	5216
-1318	5214
-1322	5212
-1327	5210
-1331	5208
-1336	5208
-1341	5207
-1346	5206
-1351	5205
-1356	5205
-1362	5205
-1367	5205
-1372	5204
-1377	5205
-1382	5205
-1387	5203
-1391	5199
-1395	5197
-1399	5194
-1404	5192
-1408	5189
-1412	5186
-1416	5181
-1420	5179
-1424	5176
-1428	5174
-1433	5173
-1438	5171
-1442	5169
-1446	5166
-1451	5163
-1455	5161
-1459	5159
-1464	5157
-1468	5154
-1473	5152
-1477	5149
-1481	5147
-1485	5144
-1489	5142
-1493	5138
-1497	5135
-1502	5134
-1508	5135
-1513	5135
-1518	5133
-1522	5131
-1526	5129
-1531	5128
-1535	5125
-1539	5122
-1544	5120
-1548	5118
-1553	5117
-1558	5115
-1563	5115
-1568	5115
-1574	5115
-1578	5113
-1583	5113
-1590	5115
-1595	5114
-1599	5111
-1603	5109
-1609	5109
-1614	5110
-1620	5110
-1625	5110
-1630	5108
-1635	5107
-1639	5104
-1643	5101
-1648	5101
-1653	5099
-1656	5095
-1661	5093
-1664	5088
-1668	5085
-1671	5080
-1675	5077
-1680	5076
-1684	5073
-1688	5069
-1691	5065
-1695	5062
-1700	5060
-1704	5057
-1707	5052
-1710	5047
-1714	5044
-1718	5043
-1723	5041
-1726	5037
-1730	5033
-1733	5029
-1737	5026
-1741	5023
-1746	5022
-1753	5024
-1758	5023
-1762	5020
-1766	5018
-1773	5021
-1779	5021
-1783	5018
-1787	5015
-1792	5014
-1795	5010
-1799	5007
-1805	5008
-1810	5007
-1815	5006
-1820	5004
-1822	4997
-1825	4994
-1831	4993
-1836	4993
-1840	4989
-1844	4986
-1847	4983
-1850	4978
-1854	4974
-1858	4972
-1863	4970
-1866	4965
-1868	4959
-1871	4955
-1877	4955
-1881	4953
-1886	4952
-1890	4949
-1892	4942
-1895	4937
-1899	4935
-1902	4930
-1906	4927
-1909	4923
-1912	4918
-1916	4915
-1919	4911
-1923	4908
-1927	4905
-1930	4901
-1934	4898
-1938	4895
-1941	4891
-1946	4889
-1950	4886
-1954	4885
-1959	4882
-1962	4879
-1966	4876
-1971	4874
-1975	4871
-1979	4869
-1983	4866
-1987	4864
-1992	4862
-1997	4861
-2001	4859
-2006	4856
-2011	4855
-2015	4853
-2019	4850
-2024	4849
-2028	4846
-2033	4845
-2038	4843
-2042	4841
-2045	4837
-2049	4834
-2053	4831
-2058	4831
-2063	4829
-2066	4824
-2069	4820
-2073	4818
-2078	4816
-2082	4814
-2088	4814
-2094	4814
-2096	4808
-2100	4805
-2102	4799
-2104	4794
-2107	4789
-2111	4786
-2114	4782
-2118	4779
-2120	4775
-2124	4771
-2129	4769
-2133	4767
-2137	4764
-2140	4760
-2144	4757
-2147	4753
-2151	4750
-2155	4748
-2158	4744
-2162	4741
-2167	4739
-2173	4739
-2177	4737
-2181	4734
-2186	4733
-2190	4730
-2192	4725
-2195	4720
-2198	4716
-2201	4712
-2206	4710
-2211	4709
-2215	4707
-2218	4702
-2222	4700
-2226	4697
-2229	4693
-2233	4690
-2237	4687
-2240	4684
-2244	4680
-2248	4678
-2252	4674
-2255	4671
-2259	4669
-2264	4667
-2268	4665
-2272	4661
-2274	4656
-2278	4653
-2282	4651
-2286	4648
-2289	4644
-2293	4641
-2296	4637
-2297	4630
-2302	4628
-2307	4628
-2312	4626
-2315	4622
-2319	4619
-2323	4616
-2327	4614
-2330	4610
-2334	4606
-2337	4603
-2341	4600
-2345	4597
-2350	4595
-2354	4593
-2356	4588
-2359	4584
-2363	4581
-2367	4579
-2371	4576
-2374	4572
-2378	4569
-2381	4565
-2385	4562
-2387	4557
-2391	4554
-2394	4550
-2397	4546
-2401	4544
-2405	4541
-2409	4538
-2414	4536
-2413	4528
-2417	4524
-2420	4521
-2424	4518
-2428	4515
-2431	4512
-2433	4506
-2436	4503
-2439	4498
-2442	4494
-2445	4491
-2448	4487
-2452	4484
-2454	4480
-2457	4475
-2461	4473
-2465	4470
-2468	4466
-2470	4461
-2473	4457
-2477	4455
-2481	4452
-2484	4448
-2487	4444
-2490	4440
-2492	4435
-2495	4431
-2498	4428
-2501	4424
-2505	4421
-2510	4419
-2513	4416
-2516	4411
-2519	4407
-2521	4403
-2524	4399
-2527	4395
-2530	4391
-2533	4387
-2536	4384
-2539	4380
-2541	4375
-2544	4371
-2548	4368
-2551	4365
-2556	4362
-2558	4358
-2560	4353
-2564	4350
-2568	4348
-2572	4345
-2574	4340
-2576	4336
-2581	4334
-2585	4332
-2589	4328
-2592	4324
-2593	4319
-2598	4317
-2601	4313
-2603	4309
-2608	4306
-2612	4304
-2614	4300
-2618	4296
-2621	4293
-2625	4289
-2627	4285
-2631	4282
-2634	4279
-2636	4274
-2639	4270
-2638	4262
-2643	4260
-2644	4255
-2647	4251
-2651	4248
-2654	4245
-2657	4241
-2663	4240
-2665	4235
-2665	4229
-2666	4223
-2667	4217
-2670	4214
-2671	4208
-2674	4204
-2677	4201
-2680	4197
-2684	4194
-2687	4191
-2690	4187
-2693	4183
-2695	4179
-2699	4175
-2703	4173
-2707	4170
-2708	4164
-2711	4161
-2714	4157
-2716	4153
-2719	4149
-2722	4145
-2725	4142
-2727	4137
-2730	4133
-2733	4130
-2735	4126
-2738	4121
-2740	4117
-2746	4116
-2750	4113
-2750	4107
-2752	4103
-2755	4098
-2756	4093
-2759	4089
-2762	4086
-2765	4082
-2767	4077
-2767	4071
-2771	4068
-2773	4064
-2775	4060
-2778	4056
-2781	4053
-2785	4050
-2788	4046
-2793	4044
-2798	4042
-2801	4038
-2802	4033
-2804	4028
-2807	4025
-2810	4021
-2813	4018
-2815	4013
-2818	4009
-2819	4004
-2821	3999
-2825	3997
-2828	3993
-2830	3989
-2833	3985
-2834	3980
-2836	3975
-2839	3972
-2837	3964
-2838	3959
-2837	3952
-2839	3948
-2843	3945
-2846	3941
-2850	3938
-2851	3934
-2854	3929
-2853	3923
-2856	3919
-2859	3916
-2861	3912
-2863	3907
-2864	3902
-2866	3897
-2869	3894
-2869	3888
-2868	3881
-2868	3875
-2873	3873
-2876	3870
-2879	3866
-2881	3862
-2883	3858
-2885	3853
-2889	3850
-2892	3847
-2892	3841
-2892	3835
-2892	3829
-2894	3825
-2897	3821
-2899	3817
-2900	3812
-2901	3807
-2902	3802
-2904	3797
-2905	3793
-2908	3789
-2910	3785
-2911	3780
-2913	3776
-2915	3772
-2916	3767
-2914	3759
-2914	3753
-2918	3751
-2925	3750
-2925	3744
-2929	3742
-2931	3737
-2933	3733
-2934	3728
-2937	3725
-2937	3719
-2938	3714
-2938	3709
-2935	3701
-2934	3694
-2943	3695
-2945	3691
-2945	3685
-2936	3673
-2939	3670
-2942	3667
-2944	3662
-2943	3656
-2943	3651
-2947	3648
-2949	3644
-2949	3638
-2949	3633
-2950	3628
-2950	3622
-2949	3616
-2949	3610
-2949	3605
-2951	3601
-2953	3597
-2953	3592
-2954	3587
-2956	3583
-2959	3580
-2956	3572
-2958	3568
-2960	3564
-2963	3560
-2957	3551
-2958	3547
-2957	3541
-2961	3537
-2960	3531
-2963	3528
-2964	3523
-2966	3520
-2968	3516
-2968	3510
-2967	3504
-2969	3500
-2971	3496
-2971	3491
-2973	3487
-2975	3483
-2976	3478
-2975	3473
-2975	3467
-2975	3462
-2973	3455
-2972	3450
-2973	3445
-2974	3440
-2974	3435
-2977	3432
-2979	3428
-2979	3423
-2980	3418
-2981	3414
-2983	3410
-2982	3404
-2978	3396
-2981	3393
-2982	3389
-2982	3383
-2982	3379
-2983	3374
-2980	3367
-2979	3361
-2977	3355
-2977	3350
-2979	3346
-2980	3342
-2980	3337
-2979	3331
-2980	3327
-2978	3321
-2979	3316
-2978	3311
-2979	3306
-2980	3302
-2980	3297
-2978	3291
-2979	3286
-2980	3282
-2980	3277
-2979	3271
-2980	3267
-2983	3263
-2985	3260
-2986	3255
-2979	3247
-2980	3242
-2981	3238
-2983	3234
-2982	3229
-2981	3223
-2980	3218
-2979	3213
-2981	3209
-2982	3204
-2983	3200
-2985	3196
-2985	3191
-2983	3186
-2981	3180
-2982	3175
-2982	3170
-2982	3166
-2984	3162
-2982	3156
-2982	3152
-2984	3148
-2982	3142
-2980	3136
-2981	3132
-2983	3128
-2981	3122
-2979	3117
-2981	3113
-2983	3109
-2980	3103
-2981	3099
-2983	3095
-2983	3090
-2985	3087
-2984	3082
-2983	3076
-2985	3073
-2985	3068
-2983	3062
-2983	3058
-2985	3054
-2984	3049
-2981	3043
-2981	3038
-2979	3032
-2978	3027
-2977	3022
-2979	3019
-2978	3014
-2976	3008
-2975	3003
-2973	2997
-2971	2992
-2971	2988
-2972	2983
-2974	2980
-2974	2975
-2969	2968
-2965	2962
-2967	2958
-2966	2953
-2964	2948
-2964	2943
-2967	2940
-2965	2935
-2963	2930
-2965	2926
-2967	2922
-2961	2916
-2959	2910
-2961	2906
-2962	2902
-2963	2898
-2959	2892
-2959	2888
-2958	2883
-2958	2879
-2957	2874
-2956	2869
-2958	2865
-2956	2860
-2959	2857
-2956	2851
-2954	2846
-2951	2841
-2952	2836
-2951	2832
-2951	2827
-2948	2822
-2946	2817
-2948	2813
-2948	2809
-2944	2803
-2944	2799
-2947	2795
-2943	2790
-2945	2786
-2941	2780
-2939	2775
-2938	2770
-2946	2769
-2944	2764
-2939	2758
-2940	2754
-2939	2749
-2943	2742
-2934	2735
-2934	2731
-2926	2723
-2926	2719
-2925	2715
-2924	2710
-2924	2706
-2922	2701
-2918	2695
-2917	2691
-2918	2687
-2919	2683
-2919	2679
-2915	2673
-2917	2670
-2915	2665
-2913	2660
-2910	2655
-2910	2651
-2911	2647
-2905	2641
-2908	2638
-2909	2634
-2907	2629
-2907	2625
-2911	2622
-2910	2617
-2903	2611
-2902	2607
-2900	2602
-2909	2601
-2901	2594
-2898	2589
-2896	2584
-2900	2582
-2902	2578
-2900	2573
-2898	2569
-2891	2562
-2892	2559
-2896	2556
-2894	2551
-2887	2545
-2889	2542
-2888	2537
-2889	2534
-2890	2530
-2890	2526
-2891	2522
-2884	2516
-2883	2512
-2880	2507
-2880	2503
-2881	2499
-2881	2495
-2881	2491
-2878	2486
-2877	2482
-2876	2478
-2875	2474
-2874	2469
-2875	2466
-2874	2462
-2872	2457
-2872	2453
-2864	2447
-2869	2444
-2870	2441
-2872	2437
-2867	2432
-2871	2429
-2869	2425
-2866	2420
-2862	2415
-2864	2412
-2863	2407
-2859	2402
-2857	2398
-2858	2394
-2859	2391
-2858	2387
-2854	2382
-2853	2378
-2853	2374
-2849	2369
-2849	2365
-2850	2361
-2849	2357
-2845	2352
-2847	2349
-2851	2346
-2845	2341
-2846	2337
-2842	2333
-2839	2328
-2840	2325
-2841	2321
-2841	2317
-2838	2313
-2837	2309
-2839	2305
-2839	2301
-2831	2296
-2830	2292
-2837	2290
-2831	2285
-2822	2279
-2828	2276
-2827	2272
-2828	2269
-2822	2264
-2824	2260
-2822	2256
-2819	2252
-2820	2248
-2821	2245
-2816	2240
-2820	2237
-2818	2233
-2810	2228
-2809	2224
-2809	2220
-2815	2217
-2815	2214
-2814	2210
-2809	2205
-2806	2201
-2804	2197
-2804	2193
-2805	2189
-2807	2186
-2807	2182
-2804	2178
-2798	2173
-2800	2170
-2799	2166
-2799	2162
-2798	2159
-2797	2155
-2798	2151
-2798	2148
-2797	2144
-2795	2140
-2794	2136
-2794	2132
-2795	2129
-2794	2125
-2792	2121
-2789	2117
-2786	2113
-2787	2109
-2783	2105
-2785	2102
-2781	2097
-2779	2093
-2780	2090
-2779	2086
-2775	2082
-2774	2078
-2774	2075
-2775	2071
-2774	2067
-2774	2064
-2773	2060
-2775	2057
-2775	2053
-2775	2049
-2772	2045
-2770	2042
-2767	2038
-2765	2034
-2764	2030
-2768	2027
-2769	2023
-2768	2020
-2765	2016
-2762	2012
-2761	2008
-2761	2005
-2760	2001
-2761	1997
-2758	1993
-2757	1990
-2756	1986
-2757	1983
-2755	1979
-2755	1975
-2756	1972
-2755	1968
-2752	1964
-2750	1961
-2748	1957
-2747	1953
-2746	1950
-2745	1946
-2744	1942
-2745	1939
-2744	1935
-2742	1931
-2739	1928
-2740	1924
-2740	1921
-2739	1917
-2737	1913
-2735	1910
-2735	1906
-2735	1903
-2734	1899
-2733	1895
-2733	1892
-2731	1888
-2730	1885
-2724	1881
-2726	1877
-2724	1874
-2723	1870
-2722	1867
-2722	1863
-2721	1860
-2719	1856
-2716	1852
-2715	1849
-2716	1845
-2716	1842
-2716	1838
-2714	1835
-2711	1831
-2712	1828
-2711	1824
-2712	1821
-2709	1817
-2707	1814
-2705	1810
-2703	1807
-2703	1803
-2704	1800
-2702	1796
-2698	1793
-2695	1789
-2695	1785
-2694	1782
-2694	1779
-2694	1775
-2693	1772
-2691	1768
-2690	1765
-2689	1761
-2689	1758
-2687	1754
-2685	1751
-2684	1747
-2685	1744
-2682	1740
-2683	1737
-2679	1734
-2679	1730
-2678	1727
-2677	1723
-2676	1720
-2675	1716
-2675	1713
-2674	1710
-2673	1706
-2672	1703
-2671	1699
-2670	1696
-2667	1692
-2665	1689
-2666	1686
-2664	1682
-2662	1679
-2661	1675
-2659	1672
-2656	1669
-2655	1665
-2655	1662
-2656	1659
-2653	1655
-2650	1652
-2649	1648
-2649	1645
-2649	1642
-2649	1638
-2650	1635
-2647	1632
-2645	1628
-2643	1625
-2641	1622
-2643	1618
-2643	1615
-2642	1611
-2642	1608
-2641	1605
-2637	1602
-2634	1598
-2634	1595
-2635	1591
-2633	1588
-2632	1585
-2627	1582
-2626	1578
-2623	1575
-2621	1572
-2619	1569
-2617	1565
-2616	1562
-2616	1559
-2617	1555
-2615	1552
-2610	1549
-2609	1546
-2608	1542
-2606	1539
-2603	1536
-2603	1533
-2603	1529
-2603	1526
-2600	1523
-2598	1520
-2598	1516
-2595	1513
-2594	1510
-2592	1507
-2593	1503
-2595	1500
-2594	1497
-2591	1494
-2589	1490
-2587	1487
-2583	1484
-2582	1481
-2582	1478
-2581	1475
-2579	1471
-2577	1468
-2576	1465
-2576	1462
-2577	1458
-2577	1455
-2578	1452
-2578	1448
-2576	1445
-2575	1442
-2575	1439
-2573	1435
-2571	1432
-2570	1429
-2570	1426
-2569	1423
-2569	1419
-2569	1416
-2566	1413
-2565	1410
-2564	1407
-2561	1404
-2559	1401
-2558	1397
-2558	1394
-2558	1391
-2555	1388
-2552	1385
-2549	1382
-2552	1378
-2551	1375
-2552	1372
-2550	1369
-2546	1366
-2545	1363
-2544	1359
-2544	1356
-2543	1353
-2544	1350
-2544	1346
-2543	1343
-2537	1341
-2534	1338
-2533	1335
-2534	1331
-2533	1328
-2532	1325
-2533	1321
-2534	1318
-2533	1315
-2529	1312
-2528	1309
-2526	1306
-2524	1303
-2523	1300
-2522	1297
-2521	1294
-2518	1291
-2518	1288
-2513	1285
-2512	1282
-2511	1279
-2511	1275
-2512	1272
-2510	1269
-2509	1266
-2506	1263
-2505	1260
-2504	1257
-2505	1254
-2504	1250
-2502	1247
-2499	1245
-2496	1242
-2494	1239
-2494	1236
-2495	1232
-2492	1230
-2490	1227
-2491	1223
-2491	1220
-2491	1217
-2489	1214
-2486	1211
-2487	1208
-2485	1205
-2486	1201
-2484	1198
-2481	1195
-2478	1193
-2476	1190
-2477	1186
-2477	1183
-2476	1180
-2472	1178
-2472	1174
-2470	1171
-2469	1168
-2468	1165
-2466	1162
-2465	1159
-2466	1156
-2463	1153
-2459	1151
-2457	1148
-2455	1145
-2455	1142
-2456	1138
-2454	1136
-2453	1132
-2452	1129
-2451	1126
-2450	1123
-2448	1120
-2447	1117
-2446	1114
-2445	1111
-2441	1109
-2441	1106
-2441	1102
-2441	1099
-2441	1096
-2441	1093
-2438	1090
-2435	1087
-2433	1085
-2433	1081
-2433	1078
-2432	1075
-2431	1072
-2429	1069
-2428	1066
-2430	1062
-2429	1059
-2427	1056
-2427	1053
-2426	1050
-2424	1047
-2424	1044
-2423	1041
-2422	1038
-2420	1035
-2419	1032
-2418	1029
-2419	1026
-2418	1022
-2416	1020
-2413	1017
-2413	1014
-2412	1011
-2411	1008
-2410	1005
-2408	1002
-2407	999
-2406	996
-2404	993
-2402	990
-2401	987
-2399	985
-2400	981
-2399	978
-2397	975
-2396	972
-2394	970
-2390	967
-2389	964
-2389	961
-2390	957
-2388	955
-2386	952
-2387	948
-2386	945
-2384	943
-2382	940
-2382	936
-2381	933
-2381	930
-2380	927
-2379	924
-2379	921
-2377	918
-2375	915
-2375	912
-2374	909
-2373	906
-2373	903
-2372	900
-2371	897
-2369	894
-2368	891
-2366	888
-2366	885
-2365	882
-2364	879
-2363	876
-2361	873
-2360	870
-2358	867
-2356	864
-2355	861
-2355	858
-2354	855
-2352	852
-2351	849
-2352	846
-2351	843
-2349	840
-2348	837
-2346	834
-2344	832
-2342	829
-2341	826
-2342	822
-2343	819
-2340	816
-2338	814
-2337	810
-2337	807
-2337	804
-2337	800
-2334	798
-2333	795
-2333	791
-2331	789
-2330	786
-2331	782
-2329	779
-2328	776
-2327	773
-2327	770
-2326	767
-2324	764
-2324	761
-2322	758
-2322	755
-2320	752
-2319	749
-2317	746
-2316	743
-2316	740
-2317	736
-2315	733
-2314	730
-2313	727
-2312	724
-2311	721
-2309	718
-2309	715
-2307	712
-2305	710
-2304	707
-2304	703
-2303	700
-2302	697
-2305	692
-2303	689
-2301	687
-2302	683
-2301	680
-2299	677
-2298	674
-2296	672
-2294	669
-2295	665
-2294	662
-2293	659
-2291	656
-2291	653
-2291	649
-2292	645
-2291	642
-2288	640
-2286	637
-2285	634
-2284	631
-2284	628
-2282	625
-2280	622
-2279	619
-2278	616
-2277	613
-2275	610
-2275	607
-2273	604
-2274	600
-2275	596
-2273	594
-2271	591
-2270	588
-2268	585
-2269	581
-2269	578
-2268	574
-2268	571
-2267	568
-2266	565
-2264	562
-2264	558
-2263	555
-2263	552
-2261	549
-2261	545
-2259	543
-2258	539
-2258	536
-2257	533
-2256	529
-2253	527
-2252	525
-2251	521
-2250	518
-2248	516
-2246	513
-2246	509
-2245	506
-2244	503
-2243	500
-2242	496
-2241	494
-2242	489
-2237	488
-2237	485
-2237	481
-2237	477
-2235	475
-2233	472
-2232	469
-2231	466
-2231	462
-2232	458
-2231	454
-2230	451
-2230	448
-2230	444
-2227	441
-2227	438
-2227	434
-2225	431
-2222	430
-2219	427
-2220	423
-2221	419
-2218	416
-2218	413
-2219	409
-2219	404
-2217	402
-2214	400
-2213	397
-2213	393
-2213	389
-2213	385
-2209	384
-2206	382
-2207	377
-2205	375
-2204	371
-2202	368
-2202	365
-2202	361
-2201	357
-2200	355
-2199	351
-2197	349
-2195	346
-2195	342
-2193	339
-2192	336
-2190	334
-2186	332
-2183	330
-2181	327
-2180	324
-2180	320
-2179	317
-2179	313
-2178	310
-2178	306
-2178	302
-2178	298
-2176	295
-2174	293
-2172	290
-2170	287
-2167	285
-2164	283
-2162	281
-2161	278
-2159	275
-2156	273
-2153	271
-2151	269
-2150	265
-2149	262
-2148	259
-2143	258
-2141	255
-2140	252
-2138	249
-2134	248
-2132	245
-2131	242
-2130	239
-2129	235
-2128	232
-2122	232
-2121	229
-2122	224
-2122	220
-2115	221
-2112	219
-2110	216
-2113	210
-2114	206
-2112	203
-2112	199
-2110	196
-2108	193
-2106	191
-2103	189
-2101	186
-2101	182
-2099	180
-2097	177
-2095	174
-2093	171
-2092	169
-2091	165
-2090	161
-2088	159
-2086	156
-2085	153
-2085	148
-2084	145
-2083	142
-2082	138
-2080	135
-2078	133
-2077	130
-2075	127
-2073	124
-2071	122
-2070	118
-2070	114
-2069	111
-2067	107
-2067	104
-2065	100
-2063	98
-2060	96
-2058	94
-2059	88
-2058	85
-2057	82
-2056	78
-2054	75
-2050	74
-2048	71
-2048	67
-2048	63
-2047	60
-2045	56
-2044	53
-2043	50
-2040	48
-2037	46
-2038	41
-2035	38
-2033	36
-2030	34
-2028	31
-2028	27
-2025	25
-2024	22
-2024	17
-2023	13
-2021	11
-2019	8
-2018	5
-2015	2
-2013	-0
-2012	-4
-2010	-7
-2008	-9
-2007	-12
-2007	-17
-2006	-21
-2005	-25
-2004	-28
-2004	-32
-2001	-35
-2001	-39
-2000	-43
-1997	-44
-1995	-47
-1994	-51
-1991	-53
-1990	-57
-1986	-58
-1985	-62
-1985	-65
-1983	-69
-1981	-71
-1979	-74
-1978	-78
-1978	-83
-1977	-87
-1976	-90
-1973	-92
-1969	-93
-1967	-95
-1966	-99
-1966	-104
-1965	-108
-1964	-111
-1961	-113
-1959	-116
-1961	-123
-1959	-126
-1956	-128
-1947	-124
-1934	-116
-1927	-114
-1924	-115
-1923	-119
-1921	-122
-1915	-121
-1908	-119
-1903	-119
-1900	-121
-1899	-124
-1896	-126
-1894	-129
-1891	-131
-1879	-124
-1874	-123
-1870	-124
-1866	-125
-1863	-126
-1853	-121
-1847	-120
-1840	-117
-1836	-118
-1833	-120
-1829	-120
-1824	-120
-1819	-120
-1815	-120
-1812	-122
-1809	-123
-1803	-122
-1798	-122
-1791	-119
-1782	-114
-1776	-112
-1775	-116
-1772	-118
-1770	-121
-1767	-122
-1759	-119
-1754	-117
-1748	-116
-1744	-116
-1741	-118
-1738	-119
-1732	-118
-1725	-114
-1720	-114
-1718	-116
-1716	-119
-1713	-121
-1707	-118
-1702	-117
-1703	-123
-1698	-122
-1695	-125
-1693	-127
-1692	-131
-1689	-132
-1685	-132
-1681	-132
-1676	-132
-1672	-132
-1669	-133
-1663	-132
-1656	-128
-1651	-128
-1648	-129
-1646	-132
-1644	-134
-1642	-136
-1641	-139
-1641	-145
-1641	-150
-1637	-149
-1628	-144
-1624	-144
-1625	-151
-1624	-154
-1621	-155
-1615	-153
-1606	-148
-1591	-134
-1576	-121
-1566	-114
-1561	-113
-1559	-115
-1558	-119
-1556	-121
-1554	-123
-1551	-125
-1550	-128
-1547	-129
-1542	-129
-1540	-131
-1537	-132
-1534	-133
-1531	-134
-1529	-137
-1526	-138
-1523	-139
-1522	-143
-1520	-145
-1514	-143
-1506	-137
-1501	-136
-1497	-136
-1494	-137
-1491	-138
-1481	-130
-1477	-130
-1475	-131
-1472	-133
-1469	-134
-1466	-135
-1463	-136
-1460	-137
-1458	-139
-1455	-140
-1452	-141
-1449	-142
-1447	-144
-1442	-144
-1438	-142
-1433	-142
-1429	-140
-1424	-139
-1419	-137
-1416	-137
-1413	-138
-1410	-139
-1407	-140
-1403	-140
-1400	-141
-1398	-143
-1395	-144
-1392	-146
-1390	-148
-1389	-151
-1383	-149
-1380	-149
-1374	-146
-1363	-136
-1359	-134
-1356	-135
-1353	-136
-1347	-134
-1363	-161
-1360	-162
-1355	-160
-1352	-161
-1337	-144
-1332	-142
-1344	-165
-1341	-165
-1339	-168
-1338	-171
-1337	-175
-1335	-177
-1330	-175
-1327	-177
-1326	-181
-1329	-190
-1325	-190
-1307	-167
-1321	-193
-1310	-182
-1307	-183
-1303	-183
-1299	-182
-1294	-180
-1292	-182
-1291	-185
-1286	-183
-1280	-180
-1276	-179
-1273	-180
-1271	-182
-1267	-181
-1262	-179
-1259	-180
-1256	-180
-1253	-180
-1249	-180
-1246	-180
-1243	-181
-1239	-180
-1237	-183
-1233	-182
-1229	-181
-1226	-181
-1222	-180
-1218	-178
-1214	-177
-1211	-179
-1207	-177
-1199	-171
-1196	-171
-1193	-171
-1190	-172
-1187	-172
-1183	-170
-1179	-169
-1176	-171
-1178	-179
-1175	-181
-1173	-182
-1168	-178
-1165	-179
-1161	-179
-1159	-180
-1156	-181
-1153	-182
-1150	-183
-1147	-182
-1143	-181
-1139	-180
-1136	-180
-1132	-179
-1129	-180
-1125	-179
-1122	-179
-1119	-180
-1115	-178
-1112	-177
-1111	-182
-1106	-178
-1103	-179
-1100	-179
-1096	-179
-1093	-179
-1092	-181
-1088	-181
-1085	-181
-1079	-177
-1077	-179
-1075	-179
-1072	-181
-1070	-182
-1066	-180
-1063	-181
-1060	-181
-1056	-180
-1053	-180
-1050	-181
-1046	-179
-1043	-178
-1040	-178
-1037	-179
-1033	-178
-1032	-181
-1029	-182
-1026	-182
-1022	-181
-1018	-179
-1016	-181
-1014	-182
-1010	-181
-1007	-182
-1004	-181
-1002	-183
-1000	-184
-997	-186
-994	-185
-984	-172
-980	-170
-977	-169
-974	-169
-971	-170
-968	-170
-964	-168
-961	-168
-958	-168
-956	-169
-953	-170
-934	-136
-932	-137
-931	-142
-931	-148
-931	-155
-928	-154
-926	-156
-924	-159
-922	-160
-918	-159
-916	-159
-909	-150
-902	-142
-898	-141
-896	-141
-894	-143
-892	-145
-890	-147
-889	-152
-888	-157
-887	-160
-883	-157
-879	-156
-874	-151
-870	-149
-867	-148
-864	-146
-860	-144
-857	-144
-855	-146
-852	-147
-780	-3
-776	0
-773	1
-771	0
-768	1
-766	0
-764	-1
-761	0
-758	0
-756	0
-753	-1
-750	0
-748	0
-745	1
-742	1
-740	0
-738	1
-735	1
-733	-1
-733	-8
-733	-15
-732	-19
-728	-15
-723	-8
-720	-6
-720	-13
-719	-17
-717	-18
-717	-27
-746	-130
-745	-135
-743	-139
-742	-141
-739	-142
-737	-143
-735	-144
-733	-146
-730	-146
-728	-148
-725	-148
-723	-148
-721	-150
-718	-151
-716	-153
-713	-153
-711	-154
-708	-154
-706	-155
-703	-155
-699	-151
-694	-144
-691	-142
-689	-144
-686	-145
-684	-146
-681	-146
-679	-146
-677	-149
-677	-158
-675	-159
-672	-157
-669	-158
-666	-157
-664	-157
-661	-157
-658	-155
-654	-152
-651	-151
-649	-151
-646	-151
-643	-151
-640	-151
-638	-150
-636	-152
-634	-156
-632	-157
-630	-159
-628	-162
-626	-162
-622	-158
-617	-152
-613	-146
-610	-145
-607	-145
-605	-147
-603	-147
-601	-149
-599	-154
-599	-162
-597	-165
-592	-157
-586	-145
-581	-136
-578	-134
-575	-132
-572	-131
-570	-132
-568	-134
-566	-137
-565	-142
-564	-147
-562	-150
-561	-155
-558	-156
-556	-156
-555	-163
-554	-168
-552	-173
-550	-174
-548	-176
-547	-180
-545	-184
-543	-185
-540	-187
-538	-188
-536	-188
-533	-188
-530	-188
-527	-186
-524	-185
-522	-185
-519	-185
-517	-186
-514	-185
-511	-184
-509	-185
-506	-185
-504	-186
-501	-185
-499	-186
-496	-186
-494	-186
-491	-185
-488	-185
-486	-186
-483	-186
-481	-187
-478	-186
-475	-186
-473	-186
-471	-187
-468	-188
-465	-187
-463	-187
-460	-187
-458	-188
-455	-188
-453	-189
-451	-189
-448	-188
-445	-187
-443	-188
-440	-187
-437	-187
-435	-186
-432	-186
-429	-185
-427	-186
-424	-186
-422	-187
-419	-186
-417	-186
-414	-186
-412	-187
-409	-186
-406	-185
-404	-187
-402	-186
-399	-187
-396	-185
-394	-186
-391	-186
-387	-177
-385	-175
-382	-175
-379	-174
-377	-173
-374	-174
-372	-173
-368	-168
-366	-167
-363	-168
-361	-167
-358	-166
-355	-166
-353	-165
-350	-164
-348	-163
-345	-162
-342	-161
-340	-161
-337	-161
-335	-164
-334	-174
-333	-185
-331	-187
-329	-189
-326	-187
-323	-185
-321	-182
-318	-179
-315	-180
-313	-180
-310	-180
-308	-181
-305	-179
-302	-176
-299	-173
-296	-168
-293	-160
-290	-153
-287	-153
-285	-153
-282	-153
-280	-153
-277	-153
-275	-153
-273	-155
-271	-158
-268	-160
-266	-163
-265	-173
-264	-185
-261	-186
-259	-187
-256	-186
-254	-183
-251	-177
-248	-174
-245	-174
-243	-176
-241	-177
-238	-177
-236	-178
-234	-180
-231	-182
-229	-183
-227	-186
-224	-186
-222	-187
-219	-186
-217	-185
-214	-182
-211	-180
-209	-179
-206	-178
-204	-177
-201	-177
-199	-179
-197	-178
-194	-176
-192	-177
-189	-179
-187	-179
-184	-178
-182	-178
-179	-179
-177	-178
-174	-178
-172	-180
-170	-182
-167	-181
-165	-182
-162	-182
-160	-184
-158	-185
-155	-181
-152	-175
-150	-171
-147	-168
-145	-169
-142	-170
-140	-171
-138	-174
-135	-176
-133	-179
-131	-181
-128	-182
-126	-184
-123	-185
-121	-185
-118	-185
-116	-185
-113	-185
-111	-183
-108	-179
-106	-178
-103	-177
-101	-176
-99	-176
-96	-178
-94	-181
-91	-184
-89	-183
-86	-184
-84	-185
-82	-185
-79	-185
-77	-185
-72	-184
-69	-184
-67	-185
-64	-183
-62	-183
-60	-184
-57	-185
-55	-186
-52	-185
-50	-185
-47	-185
-45	-185
-42	-184
-40	-184
-37	-185
-35	-185
-33	-185
-30	-185
-28	-186
-25	-185
-23	-185
-20	-186
-18	-186
-15	-186
-13	-183
-11	-180
-8	-177
-6	-176
-3	-177
-1	-184
2	-184
4	-184
7	-186
9	-186
12	-186
14	-185
17	-185
19	-184
21	-183
24	-184
26	-184
29	-184
31	-185
34	-184
36	-184
39	-185
41	-185
44	-186
46	-186
49	-186
51	-185
53	-184
56	-184
58	-184
61	-184
63	-183
66	-185
68	-185
71	-186
73	-187
76	-187
78	-185
81	-185
83	-184
85	-184
88	-185
90	-185
93	-185
95	-186
98	-185
100	-184
103	-185
105	-184
108	-184
110	-185
113	-186
115	-185
118	-186
120	-186
123	-187
125	-186
127	-184
130	-184
132	-185
135	-185
138	-186
140	-186
143	-187
145	-186
147	-186
150	-185
152	-185
155	-185
157	-186
160	-185
162	-184
165	-184
167	-185
169	-182
172	-182
174	-183
177	-183
180	-184
182	-183
185	-184
187	-186
190	-186
192	-184
195	-185
197	-187
200	-186
202	-186
205	-187
207	-186
210	-186
212	-185
215	-184
217	-186
220	-186
222	-186
225	-186
227	-184
230	-184
232	-185
235	-185
237	-185
240	-184
242	-184
245	-185
247	-184
250	-185
252	-184
255	-185
257	-184
260	-184
262	-184
265	-183
267	-185
270	-185
273	-185
275	-184
278	-185
280	-185
283	-185
285	-186
288	-186
290	-186
293	-185
295	-185
298	-184
300	-185
303	-185
305	-184
308	-184
311	-185
313	-184
316	-184
318	-184
321	-185
324	-185
326	-185
328	-184
331	-185
333	-183
336	-184
339	-185
342	-185
344	-186
346	-184
349	-185
352	-185
354	-186
357	-185
359	-184
362	-185
365	-185
367	-185
370	-184
372	-184
375	-185
378	-185
380	-185
383	-184
385	-186
388	-184
390	-181
392	-179
393	-175
395	-173
397	-170
399	-169
403	-171
407	-177
411	-182
414	-185
416	-184
419	-184
421	-184
424	-185
427	-184
429	-184
431	-182
434	-182
437	-183
439	-179
440	-176
442	-172
444	-170
446	-167
448	-164
450	-164
453	-164
456	-165
461	-175
465	-178
467	-178
469	-176
472	-175
474	-174
477	-174
479	-172
481	-172
483	-169
485	-165
487	-164
490	-165
492	-164
495	-163
497	-163
500	-164
503	-164
505	-161
507	-159
509	-158
511	-156
513	-154
515	-153
518	-153
520	-151
522	-150
525	-151
527	-150
529	-147
531	-145
534	-145
536	-144
538	-142
541	-143
546	-150
553	-163
560	-174
564	-179
567	-179
569	-178
571	-174
573	-173
575	-172
578	-171
580	-171
583	-172
586	-171
589	-171
591	-170
593	-170
596	-169
600	-172
603	-175
608	-178
610	-177
607	-162
606	-151
607	-148
609	-146
612	-145
615	-145
618	-146
621	-147
624	-147
627	-148
630	-151
633	-150
635	-148
637	-146
639	-145
642	-144
644	-143
647	-143
650	-144
652	-143
656	-145
659	-147
663	-149
666	-151
670	-152
674	-155
679	-162
683	-163
685	-161
686	-158
689	-157
691	-157
694	-156
697	-156
699	-156
702	-156
705	-155
707	-154
710	-154
713	-154
715	-153
717	-151
719	-149
722	-148
724	-147
727	-147
730	-147
733	-147
735	-146
737	-145
739	-143
742	-142
744	-140
745	-136
746	-132
747	-127
747	-122
748	-116
748	-111
721	-22
720	-12
721	-9
722	-6
723	-2
725	-0
727	1
730	1
733	0
736	-1
738	-0
740	1
743	1
773	-5
774	-1
776	1
779	1
782	1
900	-210
851	-109
854	-107
857	-108
860	-108
862	-107
865	-107
869	-108
871	-107
874	-107
877	-107
881	-108
885	-110
924	-179
928	-179
931	-180
932	-176
937	-179
940	-179
943	-179
946	-178
948	-176
950	-174
952	-173
956	-173
961	-177
967	-181
966	-173
964	-165
965	-161
968	-160
971	-160
977	-165
981	-166
984	-167
988	-167
990	-166
993	-166
996	-165
1000	-166
1005	-169
1010	-172
1017	-178
1022	-182
1025	-182
1028	-181
1031	-180
1034	-179
1038	-181
1041	-181
1045	-181
1048	-180
1051	-181
1054	-180
1058	-180
1062	-181
1064	-181
1067	-180
1071	-180
1074	-181
1077	-180
1080	-179
1084	-180
1088	-181
1092	-182
1095	-181
1098	-180
1101	-180
1105	-182
1109	-182
1112	-182
1116	-182
1119	-182
1122	-181
1125	-181
1129	-181
1132	-180
1136	-181
1140	-181
1143	-180
1145	-179
1148	-179
1153	-180
1157	-181
1160	-180
1163	-179
1166	-179
1170	-179
1173	-179
1176	-178
1179	-178
1183	-178
1187	-179
1192	-181
1196	-181
1199	-181
1202	-180
1205	-179
1208	-178
1211	-178
1216	-179
1220	-179
1224	-180
1227	-180
1231	-180
1235	-181
1239	-182
1242	-181
1248	-183
1250	-181
1252	-179
1253	-175
1256	-174
1257	-171
1260	-169
1262	-168
1265	-167
1269	-167
1274	-168
1278	-169
1283	-171
1284	-167
1288	-167
1290	-165
1292	-162
1294	-161
1296	-158
1299	-157
1303	-157
1307	-158
1310	-157
1312	-155
1315	-153
1318	-152
1321	-151
1324	-151
1327	-150
1330	-149
1338	-154
1343	-155
1347	-155
1351	-156
1355	-155
1358	-155
1361	-153
1363	-151
1366	-150
1370	-150
1373	-150
1379	-152
1384	-154
1387	-153
1391	-152
1396	-154
1400	-153
1402	-151
1406	-152
1409	-150
1412	-149
1413	-146
1416	-144
1419	-143
1423	-142
1429	-145
1436	-148
1439	-148
1444	-149
1441	-140
1443	-138
1446	-136
1448	-134
1451	-133
1455	-133
1463	-138
1473	-145
1476	-143
1478	-141
1479	-138
1483	-137
1486	-136
1492	-138
1496	-138
1498	-135
1501	-134
1504	-133
1509	-134
1516	-137
1523	-140
1532	-146
1534	-143
1535	-139
1538	-138
1541	-137
1545	-137
1548	-135
1552	-135
1556	-135
1564	-139
1572	-143
1583	-150
1589	-152
1593	-152
1595	-149
1595	-144
1595	-140
1597	-137
1599	-134
1602	-133
1606	-133
1611	-133
1617	-134
1622	-136
1627	-136
1631	-136
1636	-136
1640	-135
1645	-135
1646	-132
1649	-130
1650	-127
1653	-125
1656	-123
1659	-123
1665	-124
1674	-128
1683	-133
1685	-130
1684	-125
1686	-122
1689	-120
1690	-117
1693	-115
1698	-115
1703	-115
1708	-116
1713	-116
1717	-116
1721	-115
1725	-115
1729	-114
1734	-114
1739	-114
1745	-115
1755	-121
1762	-123
1764	-120
1766	-117
1769	-116
1771	-113
1774	-111
1776	-108
1779	-106
1782	-104
1785	-103
1791	-104
1797	-105
1803	-106
1809	-107
1819	-112
1816	-105
1818	-101
1822	-101
1828	-102
1833	-102
1838	-102
1844	-103
1849	-103
1852	-100
1855	-99
1859	-98
1862	-96
1870	-99
1883	-106
1888	-106
1891	-104
1896	-104
1901	-103
1904	-102
1909	-102
1916	-103
1921	-103
1929	-106
1938	-109
1944	-110
1946	-107
1948	-103
1950	-101
1955	-100
1961	-101
1965	-100
1969	-99
1974	-99
1979	-98
1985	-99
1989	-97
1991	-94
1995	-93
2001	-93
2004	-92
2008	-90
2012	-89
2021	-92
2034	-98
2045	-103
2042	-95
2044	-93
2047	-90
2054	-91
2056	-88
2055	-83
2055	-78
2057	-75
2063	-75
2067	-74
2070	-71
2074	-70
2078	-69
2082	-67
2089	-68
2094	-68
2106	-73
2111	-72
2119	-74
2125	-74
2130	-73
2136	-74
2143	-74
2150	-75
2154	-74
2161	-74
2174	-80
2179	-79
2178	-74
2180	-70
2183	-68
2187	-66
2188	-63
2191	-60
2196	-59
2202	-59
2208	-59
2212	-57
2218	-57
2223	-56
2228	-55
2233	-54
2241	-56
2254	-61
2258	-59
2261	-56
2263	-53
2267	-51
2269	-48
2272	-45
2276	-44
2283	-44
2285	-41
2286	-37
2290	-35
2293	-33
2293	-28
2295	-25
2291	-17
2293	-13
2294	-10
2294	-5
2292	1
2292	6
2294	9
2297	12
2301	14
2302	17
2302	22
2295	31
2294	37
2297	39
2300	42
2299	47
2299	51
2298	57
2298	61
2300	65
2301	68
2303	72
2305	75
2307	78
2308	82
2307	87
2308	91
2309	95
2310	99
2311	103
2314	105
2315	109
2316	112
2317	116
2317	121
2317	125
2319	129
2319	133
2318	138
2320	141
2321	145
2322	149
2322	153
2322	158
2320	163
2323	166
2329	166
2330	170
2328	175
2330	179
2332	182
2333	186
2335	189
2337	192
2338	196
2337	201
2337	205
2338	208
2340	212
2341	216
2341	220
2341	224
2341	228
2345	231
2348	233
2347	238
2346	243
2347	246
2348	250
2348	254
2349	258
2352	260
2354	264
2356	267
2356	271
2356	275
2357	279
2358	282
2358	287
2359	290
2359	294
2359	299
2361	302
2364	305
2365	308
2364	313
2365	317
2367	320
2369	323
2370	326
2372	329
2370	334
2370	339
2371	342
2372	346
2374	349
2376	352
2378	355
2378	359
2377	364
2377	368
2379	371
2381	374
2382	378
2383	381
2383	385
2385	389
2386	392
2386	396
2387	400
2387	404
2388	407
2389	411
2391	414
2392	418
2393	421
2393	425
2395	429
2395	432
2396	436
2397	440
2398	443
2399	446
2399	451
2399	455
2400	458
2402	461
2404	464
2404	468
2405	472
2406	475
2407	479
2408	482
2410	486
2411	489
2410	493
2412	496
2417	498
2420	501
2423	503
2425	506
2427	509
2428	513
2428	517
2428	521
2428	525
2428	529
2428	533
2429	536
2429	540
2428	545
2429	548
2429	552
2429	556
2429	560
2429	564
2428	568
2427	573
2429	575
2433	578
2434	581
2435	585
2436	588
2435	593
2432	597
2436	600
2437	603
2437	607
2436	611
2436	615
2436	619
2437	623
2437	626
2438	630
2439	633
2440	637
2440	641
2440	645
2440	648
2438	653
2435	658
2436	662
2435	666
2435	670
2435	673
2437	676
2438	680
2437	684
2437	688
2439	691
2437	695
2437	699
2437	703
2439	706
2438	710
2438	714
2440	717
2440	721
2439	725
2440	728
2441	732
2441	735
2441	739
2440	743
2439	747
2441	751
2443	753
2442	757
2441	761
2442	765
2443	768
2442	772
2442	776
2443	780
2444	783
2446	786
2447	789
2447	793
2447	797
2448	800
2449	803
2450	807
2449	810
2449	814
2449	818
2449	822
2450	825
2449	829
2450	833
2450	836
2450	840
2451	843
2452	846
2452	850
2452	854
2453	857
2455	860
2454	864
2454	868
2455	871
2453	875
2454	879
2456	882
2456	885
2456	889
2455	893
2455	897
2457	900
2458	903
2458	906
2458	910
2457	914
2459	917
2460	920
2460	924
2460	927
2461	931
2462	934
2462	938
2464	941
2465	944
2465	948
2465	951
2467	954
2467	958
2468	961
2469	964
2469	968
2468	972
2470	975
2471	978
2471	982
2471	985
2471	989
2470	993
2471	996
2472	999
2472	1003
2474	1006
2477	1009
2478	1012
2478	1016
2479	1019
2479	1022
2479	1026
2479	1029
2480	1033
2479	1037
2480	1040
2481	1043
2482	1047
2483	1050
2484	1053
2484	1057
2484	1060
2483	1064
2483	1068
2483	1071
2485	1074
2486	1077
2485	1081
2484	1085
2484	1089
2483	1092
2484	1095
2485	1099
2485	1102
2485	1106
2485	1109
2486	1113
2488	1116
2488	1119
2488	1123
2488	1126
2490	1129
2488	1133
2488	1137
2489	1140
2491	1143
2492	1146
2492	1150
2493	1153
2493	1156
2494	1160
2494	1163
2494	1167
2492	1171
2492	1174
2493	1178
2493	1181
2493	1184
2494	1188
2494	1191
2495	1195
2495	1198
2494	1202
2494	1205
2495	1208
2494	1212
2494	1216
2494	1219
2496	1222
2496	1226
2494	1229
2494	1233
2494	1236
2496	1239
2496	1243
2496	1246
2498	1249
2499	1253
2501	1256
2502	1259
2499	1263
2499	1267
2499	1270
2500	1273
2499	1277
2499	1280
2499	1284
2500	1287
2500	1290
2500	1294
2500	1297
2500	1301
2502	1304
2503	1307
2503	1311
2505	1314
2505	1317
2504	1321
2504	1324
2505	1328
2505	1331
2506	1334
2505	1338
2506	1341
2505	1345
2504	1348
2504	1352
2506	1355
2506	1358
2507	1361
2507	1365
2506	1368
2506	1372
2507	1375
2508	1379
2508	1382
2507	1385
2508	1389
2509	1392
2507	1396
2506	1399
2505	1403
2506	1406
2506	1409
2505	1413
2506	1416
2505	1420
2505	1423
2505	1427
2504	1430
2504	1433
2506	1437
2507	1440
2507	1443
2508	1447
2509	1450
2509	1453
2509	1457
2509	1460
2510	1463
2511	1467
2511	1470
2510	1474
2511	1477
2512	1480
2512	1484
2512	1487
2513	1490
2513	1494
2512	1497
2514	1500
2515	1504
2515	1507
2515	1511
2515	1514
2515	1517
2515	1521
2515	1524
2516	1528
2516	1531
2517	1534
2518	1538
2519	1541
2519	1544
2518	1548
2518	1551
2519	1554
2519	1558
2520	1561
2520	1565
2520	1568
2520	1571
2520	1575
2521	1578
2521	1582
2521	1585
2521	1588
2523	1592
2524	1595
2525	1598
2526	1602
2525	1605
2524	1609
2525	1612
2526	1615
2526	1619
2526	1622
2525	1625
2524	1629
2524	1632
2527	1636
2528	1639
2527	1642
2528	1646
2529	1649
2529	1653
2530	1656
2531	1659
2531	1663
2532	1666
2532	1670
