2436	1638
2436	1642
2436	1645
2437	1648
2437	1651
2437	1655
2441	1661
2441	1664
2442	1668
2443	1671
2443	1674
2443	1677
2445	1681
2446	1684
2446	1687
2446	1690
2446	1694
2447	1697
2448	1700
2450	1704
2450	1707
2449	1710
2449	1713
2449	1717
2451	1720
2452	1723
2453	1727
2452	1730
2452	1733
2454	1736
2454	1740
2453	1743
2452	1746
2454	1750
2455	1753
2454	1756
2454	1759
2455	1763
2457	1766
2457	1769
2457	1773
2458	1776
2458	1779
2457	1782
2456	1786
2457	1789
2459	1792
2461	1796
2461	1799
2462	1802
2463	1806
2465	1809
2465	1812
2465	1816
2465	1819
2466	1822
2466	1826
2468	1829
2469	1832
2469	1836
2470	1839
2470	1842
2472	1846
2473	1849
2474	1853
2477	1856
2477	1859
2478	1863
2478	1866
2478	1869
2478	1873
2479	1876
2480	1880
2482	1883
2481	1886
2482	1890
2483	1893
2484	1897
2484	1900
2486	1903
2487	1907
2486	1910
2486	1914
2487	1917
2489	1920
2490	1924
2491	1927
2492	1931
2492	1934
2492	1938
2493	1941
2493	1944
2495	1948
2497	1951
2498	1955
2499	1958
2501	1962
2501	1965
2501	1969
2501	1972
2502	1976
2503	1979
2503	1983
2503	1986
2503	1989
2504	1993
2505	1996
2505	2000
2506	2003
2507	2007
2508	2010
2509	2014
2509	2017
2510	2021
2509	2024
2510	2028
2510	2031
2511	2035
2510	2038
2511	2041
2511	2045
2513	2048
2514	2052
2515	2056
2516	2059
2515	2062
2516	2066
2515	2069
2516	2073
2515	2076
2515	2080
2515	2083
2515	2087
2516	2090
2515	2093
2516	2097
2516	2100
2517	2104
2517	2108
2519	2111
2519	2115
2520	2118
2521	2122
2520	2125
2521	2129
2521	2132
2522	2136
2523	2140
2523	2143
2525	2147
2525	2150
2524	2154
2525	2157
2525	2161
2526	2164
2526	2168
2527	2172
2528	2175
2528	2179
2528	2182
2529	2186
2528	2189
2528	2193
2528	2196
2528	2200
2529	2204
2530	2207
2530	2211
2529	2214
2531	2218
2532	2222
2531	2225
2530	2228
2531	2232
2532	2236
2532	2239
2532	2243
2533	2247
2532	2250
2532	2254
2532	2257
2533	2261
2535	2265
2535	2268
2535	2272
2536	2276
2536	2279
2537	2283
2537	2287
2537	2290
2537	2294
2536	2297
2536	2301
2537	2305
2537	2308
2537	2312
2537	2315
2538	2319
2539	2323
2540	2327
2540	2330
2541	2334
2542	2338
2542	2342
2541	2345
2541	2349
2541	2352
2542	2356
2541	2359
2542	2363
2542	2367
2542	2371
2541	2374
2542	2378
2543	2382
2543	2385
2543	2389
2543	2393
2542	2396
2542	2400
2542	2404
2542	2407
2542	2411
2542	2414
2542	2418
2541	2422
2542	2425
2545	2430
2548	2434
2547	2438
2547	2442
2546	2445
2546	2449
2546	2452
2548	2457
2547	2460
2546	2463
2547	2467
2547	2471
2548	2475
2547	2478
2547	2482
2547	2486
2546	2489
2546	2493
2546	2497
2547	2501
2547	2505
2546	2508
2545	2511
2545	2515
2545	2519
2546	2523
2547	2527
2548	2531
2549	2535
2549	2539
2548	2543
2549	2547
2549	2550
2551	2555
2551	2558
2552	2563
2552	2566
2551	2570
2552	2574
2552	2578
2552	2582
2553	2586
2553	2589
2552	2593
2553	2597
2553	2601
2555	2605
2556	2610
2557	2614
2557	2618
2558	2622
2558	2626
2558	2630
2557	2633
2557	2637
2559	2642
2561	2646
2562	2650
2561	2654
2563	2659
2564	2663
2566	2668
2566	2671
2565	2675
2565	2679
2565	2683
2563	2686
2563	2690
2563	2694
2563	2698
2563	2702
2562	2705
2564	2710
2566	2715
2568	2719
2567	2723
2566	2726
2566	2731
2567	2735
2567	2739
2568	2743
2568	2747
2569	2752
2568	2755
2568	2759
2567	2763
2570	2768
2570	2772
2572	2777
2574	2782
2575	2786
2574	2790
2575	2794
2574	2798
2573	2801
2571	2805
2572	2809
2573	2814
2572	2817
2570	2821
2570	2825
2571	2829
2570	2833
2570	2837
2569	2841
2574	2847
2573	2851
2572	2854
2571	2858
2571	2862
2572	2866
2573	2871
2574	2876
2574	2880
2575	2884
2575	2889
2575	2893
2575	2897
2575	2901
2574	2905
2578	2911
2579	2915
2579	2920
2580	2924
2580	2929
2581	2933
2581	2937
2579	2941
2578	2944
2577	2948
2576	2952
2576	2956
2576	2961
2577	2965
2577	2969
2577	2974
2577	2978
2577	2982
2577	2986
2576	2990
2576	2995
2576	2999
2576	3003
2574	3006
2573	3010
2573	3015
2573	3019
2572	3023
2572	3027
2573	3032
2578	3039
2577	3042
2576	3046
2575	3050
2575	3055
2577	3060
2578	3065
2575	3068
2570	3069
2543	3060
2532	3058
2529	3061
2525	3063
2521	3065
2516	3067
2514	3070
2511	3073
2510	3077
2509	3081
2507	3084
2508	3089
2510	3094
2582	3138
2543	3121
2565	3138
2571	3146
2572	3151
2575	3156
2577	3162
2577	3167
2578	3172
2578	3177
2576	3180
2576	3184
2576	3189
2577	3194
2579	3200
2579	3204
2577	3208
2577	3213
2578	3217
2578	3222
2577	3226
2577	3231
2578	3236
2578	3241
2576	3244
2575	3248
2575	3253
2577	3259
2577	3264
2577	3268
2577	3273
2578	3278
2578	3282
2577	3287
2578	3292
2579	3297
2579	3302
2581	3308
2582	3314
2581	3318
2581	3323
2580	3327
2580	3332
2581	3337
2580	3341
2579	3345
2577	3349
2575	3353
2575	3357
2577	3363
2574	3366
2572	3370
2577	3378
2576	3382
2576	3387
2576	3392
2577	3397
2578	3403
2578	3408
2577	3412
2576	3416
2574	3420
2574	3425
2574	3430
2574	3435
2574	3439
2574	3445
2575	3450
2575	3455
2574	3459
2574	3464
2575	3470
2575	3475
2574	3480
2573	3484
2571	3488
2570	3492
2570	3497
2571	3503
2570	3507
2568	3511
2569	3517
2573	3524
2573	3529
2572	3534
2571	3539
2570	3543
2569	3548
2567	3551
2566	3556
2567	3562
2567	3567
2567	3572
2566	3577
2566	3582
2566	3587
2565	3591
2568	3598
2567	3603
2565	3607
2566	3613
2565	3617
2565	3623
2563	3627
2563	3632
2562	3637
2561	3641
2560	3646
2560	3651
2560	3656
2559	3661
2561	3668
2560	3672
2558	3676
2558	3682
2557	3686
2556	3691
2555	3696
2553	3700
2552	3704
2551	3709
2550	3714
2545	3716
2533	3712
2517	3705
2504	3699
2502	3703
2516	3720
2540	3744
2542	3752
2541	3756
2541	3762
2540	3766
2539	3771
2537	3776
2536	3780
2535	3785
2534	3790
2532	3794
2531	3798
2529	3803
2531	3810
2531	3815
2530	3820
2528	3825
2527	3829
2527	3835
2526	3840
2525	3845
2523	3849
2521	3853
2520	3858
2519	3863
2517	3867
2517	3872
2516	3877
2516	3883
2515	3888
2514	3893
2512	3897
2510	3901
2509	3906
2508	3912
2505	3914
2502	3918
2501	3923
2503	3931
2503	3936
2501	3941
2498	3944
2498	3950
2498	3956
2496	3960
2494	3964
2493	3970
2492	3974
2491	3980
2489	3984
2489	3990
2489	3996
2488	4002
2486	4006
2484	4010
2483	4015
2481	4020
2479	4024
2478	4028
2475	4032
2475	4038
2472	4042
2156	3757
2153	3760
2150	3763
2147	3799
2143	3800
2445	4110
2432	4104
2429	4107
2427	4111
2425	4116
2424	4121
2422	4125
2420	4130
2418	4134
2416	4139
2414	4143
2413	4149
2411	4153
2408	4157
2406	4160
2402	4163
2398	4166
2397	4171
2395	4175
2392	4179
2389	4183
2388	4188
2385	4192
2383	4196
2381	4201
2380	4206
2377	4210
2375	4214
2374	4219
2370	4223
2367	4226
2363	4228
2360	4231
2358	4237
2357	4242
2355	4247
2352	4251
2350	4254
2346	4258
2343	4261
2340	4264
2336	4267
2334	4271
2332	4276
2331	4281
2328	4285
2325	4289
2323	4294
2321	4298
2318	4301
2316	4306
2312	4309
2308	4311
2305	4315
2302	4318
2299	4321
2299	4328
2296	4333
2294	4337
2291	4340
2289	4345
2287	4350
2284	4353
2279	4355
2277	4360
2275	4364
2272	4368
2268	4370
2263	4372
2260	4375
2258	4380
2256	4385
2254	4391
2253	4396
2249	4398
2245	4401
2243	4406
2241	4410
2238	4414
2235	4418
2231	4421
2228	4424
2225	4428
2221	4430
2218	4434
2216	4439
2212	4442
2209	4445
2205	4448
2201	4450
2198	4454
2196	4459
2192	4462
2189	4465
2186	4469
2183	4473
2180	4476
2175	4478
2171	4480
2169	4484
2164	4487
2161	4489
2158	4493
2155	4498
2153	4502
2150	4506
2147	4509
2143	4512
2139	4514
2135	4517
2131	4520
2129	4524
2126	4529
2123	4533
2120	4536
2116	4539
2113	4542
2108	4544
2103	4545
2101	4550
2101	4558
2102	4566
2098	4569
2094	4571
2090	4575
2087	4578
2083	4580
2078	4582
2073	4584
2070	4586
2068	4592
2064	4595
2060	4597
2055	4598
2050	4599
2046	4602
2042	4605
2039	4608
2036	4612
2032	4615
2029	4618
2026	4623
2024	4628
2021	4631
2018	4635
2015	4639
2012	4643
2009	4647
2006	4650
2002	4653
1997	4655
1994	4658
1992	4664
1989	4669
1986	4671
1981	4673
1978	4677
1973	4679
1969	4681
1966	4685
1964	4691
1961	4695
1958	4698
1954	4700
1950	4703
1947	4707
1945	4712
1941	4715
1937	4717
1933	4720
1929	4723
1926	4728
1923	4732
1920	4735
1917	4739
1913	4742
1910	4746
1906	4748
1902	4751
1898	4753
1895	4758
1891	4760
1887	4763
1882	4764
1878	4767
1876	4772
1874	4778
1871	4783
1867	4785
1864	4789
1860	4792
1856	4795
1852	4798
1849	4802
1845	4805
1842	4808
1838	4811
1835	4815
1833	4821
1830	4825
1825	4827
1822	4831
1820	4836
1818	4843
1817	4850
1813	4853
1809	4856
1806	4860
1802	4862
1797	4865
1794	4869
1791	4872
1787	4875
1783	4878
1779	4881
1776	4885
1773	4890
1769	4892
1764	4893
1761	4897
1757	4900
1753	4903
1748	4904
1743	4906
1739	4908
1735	4911
1732	4915
1728	4918
1724	4921
1721	4926
1719	4933
1717	4938
1713	4941
1708	4941
1703	4943
1698	4944
1693	4946
1690	4949
1686	4952
1682	4955
1678	4957
1673	4959
1669	4961
1665	4964
1661	4966
1657	4969
1653	4972
1648	4974
1643	4975
1640	4979
1636	4982
1632	4985
1629	4990
1626	4993
1621	4996
1617	4998
1613	5000
1609	5004
1605	5007
1601	5010
1597	5013
1594	5017
1591	5022
1589	5028
1585	5031
1580	5033
1575	5034
1571	5037
1566	5037
1562	5039
1558	5042
1554	5046
1549	5047
1544	5049
1541	5052
1537	5055
1532	5057
1527	5058
1525	5065
1521	5067
1517	5070
1512	5071
1507	5073
1502	5074
1498	5077
1495	5081
1491	5084
1487	5087
1483	5089
1477	5090
1473	5092
1469	5094
1463	5093
1458	5095
1453	5095
1449	5097
1444	5098
1440	5101
1436	5104
1431	5106
1427	5108
1423	5111
1419	5114
1415	5117
1410	5119
1407	5124
1404	5129
1400	5132
1396	5136
1391	5137
1386	5138
1382	5140
1379	5144
1375	5149
1370	5150
1365	5149
1360	5150
1355	5151
1350	5152
1347	5156
1343	5160
1339	5164
1335	5166
1331	5171
1327	5175
1324	5179
1320	5182
1315	5184
1311	5186
1308	5191
1303	5193
1298	5194
1293	5195
1289	5197
1285	5200
1280	5201
1274	5200
1269	5200
1264	5202
1260	5204
1255	5205
1251	5208
1247	5211
1242	5211
1237	5212
1233	5215
1228	5217
1224	5219
1219	5220
1214	5222
1210	5225
1206	5228
1201	5230
1198	5235
1193	5235
1188	5237
1184	5239
1179	5241
1175	5244
1171	5246
1167	5250
1162	5252
1158	5256
1155	5261
1150	5264
1146	5265
1141	5268
1137	5269
1132	5271
1128	5273
1123	5276
1119	5279
1115	5284
1112	5288
1107	5290
1103	5293
1099	5296
1095	5300
1091	5305
1087	5308
1082	5310
1077	5310
1071	5308
1066	5309
1062	5311
1058	5314
1053	5316
1048	5318
1044	5322
1040	5325
1036	5328
1031	5330
1026	5330
1021	5332
1016	5333
1012	5335
1007	5337
1003	5339
998	5340
993	5343
989	5344
984	5345
979	5347
974	5348
970	5350
965	5351
960	5352
955	5353
950	5352
945	5353
940	5355
934	5351
929	5350
923	5351
919	5352
914	5354
910	5357
906	5361
902	5367
898	5371
893	5373
889	5375
884	5377
879	5378
874	5377
869	5377
864	5378
860	5382
855	5385
851	5388
846	5389
841	5389
836	5389
831	5391
827	5395
823	5399
818	5401
814	5404
809	5406
804	5408
799	5409
795	5411
790	5414
786	5415
781	5416
776	5417
771	5418
765	5417
760	5418
755	5417
750	5415
745	5416
741	5420
736	5422
731	5425
727	5428
723	5432
718	5432
712	5432
707	5432
702	5433
698	5435
693	5436
688	5438
683	5438
678	5440
674	5442
669	5443
664	5445
659	5446
654	5448
650	5450
645	5453
640	5455
635	5455
630	5454
625	5453
620	5453
615	5454
610	5453
604	5453
599	5453
594	5452
589	5452
584	5453
579	5455
575	5459
571	5463
566	5466
561	5467
556	5469
552	5472
547	5475
542	5475
537	5476
532	5475
527	5476
522	5477
517	5479
512	5478
507	5479
502	5481
498	5483
493	5484
488	5486
483	5488
478	5488
473	5489
468	5491
463	5491
458	5492
453	5494
449	5496
444	5500
439	5503
435	5505
430	5510
425	5512
420	5513
416	5515
411	5516
406	5518
401	5519
396	5522
391	5523
386	5523
381	5524
376	5524
371	5527
366	5528
361	5531
357	5533
352	5535
347	5534
341	5534
336	5534
331	5534
326	5535
321	5537
316	5538
311	5540
306	5538
301	5537
296	5535
291	5535
286	5535
281	5535
275	5534
270	5532
265	5532
260	5532
255	5533
250	5532
245	5533
240	5534
235	5534
230	5535
225	5535
220	5537
215	5541
210	5546
206	5548
201	5551
196	5552
191	5553
186	5557
181	5559
176	5560
171	5562
166	5562
161	5563
156	5564
151	5567
146	5571
141	5575
136	5578
131	5584
126	5590
123	5630
83	5021
79	5021
74	5019
70	5016
65	5016
61	5015
57	5014
52	5009
47	4997
43	4997
39	4994
34	4993
30	4993
26	4993
21	4994
17	4996
13	4997
9	5000
4	5007
0	5013
-4	5014
-9	5013
-13	5013
-17	5017
-22	5018
-26	5013
-32	5638
-37	5612
-42	5609
-47	5610
-53	5611
-58	5611
-63	5610
-68	5609
-73	5607
-78	5606
-83	5606
-88	5604
-94	5602
-99	5600
-104	5598
-109	5598
-114	5598
-119	5598
-124	5599
-129	5601
-155	5604
-160	5602
-165	5598
-170	5597
-175	5596
-180	5597
-186	5595
-191	5595
-196	5595
-201	5596
-206	5596
-211	5595
-216	5594
-221	5591
-226	5590
-231	5591
-237	5592
-242	5593
-247	5593
-252	5593
-257	5591
-262	5591
-267	5590
-272	5590
-278	5591
-283	5592
-288	5594
-293	5594
-298	5594
-303	5592
-308	5590
-313	5590
-319	5592
-324	5591
-329	5591
-334	5588
-339	5586
-344	5585
-349	5582
-354	5581
-359	5581
-364	5580
-369	5578
-374	5573
-379	5571
-384	5571
-389	5573
-394	5576
-400	5577
-405	5578
-410	5577
-415	5577
-420	5574
-425	5572
-430	5570
-435	5569
-440	5568
-445	5569
-450	5568
-455	5567
-460	5564
-465	5563
-470	5563
-475	5565
-481	5567
-486	5568
-491	5569
-496	5567
-501	5566
-506	5563
-511	5561
-516	5560
-521	5556
-525	5554
-530	5553
-536	5552
-541	5553
-546	5556
-551	5556
-556	5555
-561	5553
-566	5549
-571	5546
-576	5544
-581	5544
-586	5545
-591	5543
-596	5541
-600	5539
-605	5536
-610	5534
-615	5535
-621	5540
-626	5540
-631	5539
-636	5537
-641	5537
-646	5534
-651	5530
-656	5530
-661	5532
-667	5533
-672	5532
-677	5531
-682	5530
-686	5527
-691	5524
-696	5522
-701	5521
-706	5520
-711	5520
-716	5521
-722	5523
-727	5522
-732	5520
-736	5518
-741	5517
-746	5516
-751	5514
-756	5513
-761	5511
-765	5507
-770	5505
-775	5503
-780	5503
-785	5502
-790	5500
-795	5498
-799	5495
-804	5492
-808	5489
-813	5486
-818	5483
-822	5481
-827	5479
-832	5478
-837	5478
-842	5477
-847	5476
-852	5475
-857	5474
-862	5474
-867	5472
-872	5470
-877	5468
-881	5466
-886	5464
-891	5463
-896	5462
-901	5460
-905	5456
-909	5453
-914	5452
-920	5452
-924	5449
-929	5446
-933	5444
-938	5443
-943	5443
-949	5443
-954	5443
-958	5440
-963	5438
-967	5434
-972	5432
-977	5431
-982	5430
-986	5426
-991	5423
-995	5422
-1000	5421
-1006	5420
-1011	5420
-1016	5420
-1021	5420
-1026	5419
-1030	5416
-1035	5414
-1040	5413
-1045	5413
-1051	5414
-1056	5412
-1060	5409
-1065	5408
-1070	5407
-1075	5407
-1080	5406
-1086	5407
-1090	5406
-1095	5405
-1100	5403
-1105	5402
-1110	5399
-1114	5395
-1118	5392
-1123	5391
-1130	5397
-1136	5398
-1140	5397
-1145	5394
-1150	5393
-1155	5392
-1160	5391
-1165	5390
-1170	5391
-1175	5389
-1180	5387
-1185	5386
-1190	5386
-1195	5384
-1199	5381
-1205	5382
-1209	5380
-1214	5378
-1219	5376
-1224	5374
-1228	5372
-1233	5369
-1237	5368
-1242	5366
-1246	5363
-1251	5360
-1256	5360
-1261	5360
-1266	5358
-1269	5350
-1273	5348
-1279	5348
-1284	5348
-1290	5349
-1295	5350
-1300	5348
-1304	5345
-1309	5344
-1315	5343
-1319	5341
-1323	5336
-1326	5331
-1331	5329
-1336	5328
-1341	5327
-1346	5326
-1351	5324
-1355	5321
-1359	5317
-1363	5312
-1367	5309
-1371	5306
-1375	5303
-1380	5301
-1385	5300
-1390	5299
-1395	5299
-1400	5298
-1406	5298
-1410	5295
-1415	5293
-1419	5291
-1424	5290
-1429	5288
-1434	5287
-1438	5283
-1443	5281
-1448	5280
-1452	5278
-1456	5275
-1461	5272
-1465	5269
-1470	5267
-1474	5266
-1478	5262
-1483	5259
-1487	5256
-1492	5254
-1497	5255
-1503	5255
-1508	5254
-1512	5252
-1517	5250
-1521	5247
-1525	5244
-1530	5242
-1535	5242
-1540	5240
-1544	5236
-1548	5232
-1552	5230
-1557	5228
-1561	5225
-1566	5224
-1570	5221
-1573	5215
-1576	5209
-1581	5207
-1585	5205
-1590	5203
-1595	5201
-1599	5199
-1604	5198
-1608	5195
-1612	5191
-1617	5189
-1621	5187
-1625	5184
-1630	5182
-1635	5180
-1639	5177
-1642	5173
-1647	5170
-1651	5167
-1655	5164
-1659	5162
-1664	5160
-1669	5158
-1673	5156
-1679	5156
-1683	5153
-1687	5149
-1690	5145
-1695	5143
-1699	5140
-1703	5136
-1707	5134
-1711	5131
-1715	5128
-1720	5126
-1725	5124
-1729	5122
-1732	5117
-1736	5112
-1740	5109
-1744	5106
-1748	5104
-1753	5102
-1757	5099
-1761	5095
-1765	5092
-1768	5088
-1772	5084
-1776	5081
-1780	5078
-1785	5077
-1789	5075
-1794	5073
-1798	5070
-1803	5068
-1808	5068
-1813	5067
-1818	5065
-1823	5063
-1827	5060
-1831	5058
-1835	5056
-1840	5053
-1845	5052
-1849	5049
-1854	5047
-1858	5045
-1863	5043
-1867	5041
-1871	5038
-1875	5034
-1879	5031
-1883	5029
-1887	5025
-1891	5022
-1895	5020
-1900	5017
-1904	5014
-1908	5012
-1912	5009
-1916	5005
-1919	5001
-1923	4997
-1926	4993
-1931	4992
-1935	4989
-1940	4987
-1944	4984
-1949	4983
-1954	4982
-1957	4978
-1961	4973
-1965	4971
-1970	4969
-1975	4968
-1979	4966
-1984	4964
-1988	4961
-1991	4956
-1995	4953
-1999	4950
-2003	4947
-2007	4945
-2012	4943
-2015	4938
-2017	4933
-2021	4929
-2024	4925
-2028	4922
-2033	4920
-2038	4919
-2043	4918
-2047	4914
-2050	4910
-2054	4907
-2058	4904
-2062	4901
-2065	4896
-2069	4893
-2072	4889
-2077	4888
-2081	4885
-2085	4881
-2089	4878
-2092	4874
-2095	4870
-2099	4867
-2103	4864
-2107	4860
-2111	4858
-2115	4856
-2120	4853
-2124	4850
-2127	4847
-2131	4844
-2135	4840
-2138	4835
-2141	4832
-2146	4830
-2150	4828
-2154	4824
-2156	4819
-2160	4815
-2163	4811
-2166	4807
-2169	4802
-2173	4799
-2178	4797
-2182	4795
-2185	4791
-2189	4788
-2194	4786
-2196	4781
-2200	4777
-2204	4775
-2207	4771
-2211	4768
-2215	4765
-2220	4763
-2224	4760
-2228	4758
-2233	4756
-2237	4753
-2242	4751
-2244	4747
-2247	4742
-2251	4739
-2255	4737
-2257	4731
-2259	4724
-2261	4720
-2266	4718
-2270	4715
-2274	4712
-2279	4711
-2282	4706
-2286	4703
-2291	4703
-2294	4697
-2296	4693
-2300	4690
-2304	4687
-2308	4684
-2311	4679
-2313	4675
-2317	4672
-2321	4669
-2325	4666
-2329	4663
-2332	4659
-2337	4657
-2341	4654
-2343	4649
-2345	4644
-2349	4640
-2353	4637
-2356	4634
-2359	4630
-2363	4627
-2368	4625
-2371	4621
-2374	4617
-2376	4612
-2378	4606
-2382	4604
-2387	4602
-2390	4597
-2394	4594
-2397	4591
-2402	4589
-2406	4586
-2409	4583
-2412	4578
-2415	4574
-2418	4571
-2421	4566
-2424	4563
-2429	4560
-2430	4554
-2433	4550
-2438	4549
-2443	4547
-2447	4544
-2450	4540
-2454	4537
-2459	4535
-2465	4535
-2471	4534
-2472	4528
-2473	4522
-2475	4517
-2478	4513
-2482	4510
-2485	4506
-2489	4503
-2493	4501
-2495	4495
-2496	4489
-2499	4485
-2502	4481
-2504	4476
-2506	4471
-2510	4468
-2513	4464
-2515	4460
-2518	4456
-2522	4452
-2524	4448
-2527	4444
-2530	4439
-2532	4434
-2535	4431
-2538	4427
-2542	4424
-2544	4419
-2546	4414
-2549	4410
-2552	4406
-2554	4401
-2557	4397
-2560	4393
-2562	4388
-2564	4384
-2568	4381
-2569	4375
-2572	4371
-2575	4367
-2579	4364
-2581	4360
-2583	4355
-2586	4351
-2590	4348
-2593	4344
-2597	4341
-2599	4337
-2603	4334
-2606	4330
-2608	4325
-2612	4322
-2615	4319
-2617	4314
-2620	4310
-2624	4307
-2628	4305
-2631	4300
-2634	4296
-2635	4291
-2636	4285
-2638	4281
-2642	4278
-2647	4275
-2651	4272
-2655	4270
-2656	4264
-2659	4260
-2661	4255
-2664	4252
-2666	4247
-2669	4243
-2673	4240
-2676	4237
-2679	4233
-2683	4230
-2687	4227
-2689	4223
-2692	4219
-2695	4215
-2694	4208
-2703	4210
-2707	4207
-2710	4203
-2713	4199
-2716	4195
-2719	4192
-2722	4188
-2724	4183
-2726	4179
-2728	4174
-2731	4170
-2733	4166
-2736	4162
-2738	4158
-2739	4152
-2743	4148
-2745	4144
-2748	4140
-2749	4135
-2751	4130
-2753	4126
-2757	4123
-2761	4120
-2764	4116
-2766	4112
-2769	4108
-2771	4104
-2770	4097
-2771	4091
-2774	4087
-2778	4084
-2781	4080
-2783	4076
-2785	4071
-2786	4066
-2789	4062
-2789	4057
-2789	4050
-2789	4044
-2790	4039
-2793	4035
-2795	4030
-2797	4025
-2797	4020
-2800	4015
-2801	4011
-2802	4005
-2803	4000
-2805	3995
-2807	3991
-2810	3987
-2812	3983
-2815	3980
-2818	3975
-2820	3971
-2821	3966
-2823	3962
-2826	3958
-2829	3954
-2829	3948
-2831	3944
-2832	3939
-2833	3933
-2835	3929
-2838	3925
-2839	3920
-2841	3916
-2843	3912
-2846	3908
-2848	3904
-2851	3900
-2853	3895
-2855	3891
-2858	3887
-2857	3881
-2858	3876
-2861	3872
-2864	3869
-2866	3864
-2868	3860
-2869	3855
-2869	3849
-2869	3843
-2872	3839
-2875	3836
-2877	3831
-2878	3826
-2881	3823
-2883	3819
-2885	3814
-2886	3809
-2888	3805
-2890	3801
-2891	3796
-2893	3791
-2894	3786
-2895	3782
-2897	3777
-2899	3773
-2899	3767
-2899	3761
-2900	3756
-2903	3753
-2907	3750
-2906	3744
-2907	3739
-2907	3733
-2908	3728
-2910	3724
-2912	3720
-2913	3715
-2916	3711
-2915	3705
-2916	3701
-2918	3696
-2920	3692
-2922	3688
-2924	3683
-2924	3678
-2925	3673
-2927	3669
-2928	3664
-2931	3660
-2932	3655
-2932	3650
-2933	3645
-2933	3640
-2934	3635
-2935	3630
-2935	3624
-2936	3620
-2937	3615
-2940	3611
-2941	3607
-2938	3599
-2940	3595
-2942	3591
-2942	3586
-2942	3580
-2943	3576
-2945	3572
-2948	3568
-2949	3563
-2950	3559
-2949	3552
-2947	3546
-2948	3541
-2951	3538
-2952	3533
-2953	3528
-2956	3525
-2957	3520
-2958	3515
-2959	3511
-2962	3507
-2962	3502
-2962	3497
-2964	3493
-2964	3488
-2963	3482
-2963	3477
-2962	3471
-2963	3466
-2963	3461
-2964	3456
-2964	3451
-2963	3445
-2962	3439
-2963	3435
-2962	3429
-2963	3424
-2964	3420
-2964	3415
-2964	3409
-2963	3404
-2963	3399
-2965	3395
-2966	3390
-2967	3386
-2966	3380
-2966	3375
-2966	3370
-2966	3365
-2967	3360
-2968	3356
-2968	3351
-2967	3345
-2969	3341
-2969	3336
-2969	3331
-2969	3326
-2970	3321
-2969	3316
-2968	3310
-2965	3304
-2967	3300
-2968	3295
-2967	3290
-2968	3285
-2969	3281
-2969	3276
-2970	3272
-2970	3267
-2971	3262
-2973	3259
-2974	3254
-2974	3249
-2973	3244
-2973	3239
-2973	3234
-2973	3229
-2974	3225
-2975	3220
-2975	3216
-2976	3211
-2977	3207
-2977	3202
-2976	3197
-2977	3192
-2978	3188
-2979	3184
-2981	3180
-2981	3175
-2979	3169
-2977	3164
-2978	3159
-2978	3154
-2980	3150
-2980	3145
-2979	3140
-2980	3136
-2980	3131
-2981	3127
-2981	3122
-2981	3118
-2980	3112
-2979	3107
-2979	3102
-2981	3098
-2981	3094
-2982	3089
-2980	3084
-2980	3079
-2981	3075
-2982	3071
-2982	3066
-2980	3060
-2980	3056
-2981	3051
-2981	3047
-2981	3042
-2980	3037
-2980	3033
-2980	3028
-2980	3023
-2982	3020
-2982	3015
-2981	3010
-2980	3005
-2980	3000
-2982	2996
-2980	2991
-2979	2986
-2980	2982
-2979	2977
-2979	2972
-2980	2968
-2981	2964
-2982	2960
-2978	2954
-2976	2948
-2975	2943
-2974	2938
-2973	2933
-2973	2929
-2974	2925
-2976	2921
-2976	2916
-2974	2911
-2973	2906
-2975	2903
-2975	2898
-2974	2893
-2973	2888
-2972	2883
-2971	2879
-2970	2874
-2969	2869
-2971	2865
-2970	2860
-2968	2855
-2968	2851
-2968	2846
-2967	2842
-2968	2837
-2969	2833
-2968	2829
-2968	2824
-2966	2819
-2964	2814
-2965	2810
-2964	2805
-2963	2800
-2962	2796
-2962	2791
-2960	2786
-2960	2782
-2960	2777
-2959	2773
-2959	2768
-2959	2764
-2959	2760
-2957	2755
-2955	2750
-2955	2745
-2953	2740
-2955	2737
-2951	2731
-2950	2726
-2950	2722
-2951	2718
-2948	2713
-2948	2708
-2948	2704
-2948	2700
-2947	2695
-2946	2691
-2945	2686
-2945	2682
-2944	2677
-2942	2673
-2942	2668
-2941	2664
-2940	2659
-2940	2655
-2940	2651
-2939	2646
-2939	2642
-2939	2638
-2939	2634
-2940	2630
-2941	2626
-2941	2622
-2940	2617
-2939	2613
-2934	2607
-2933	2602
-2930	2597
-2930	2593
-2930	2589
-2932	2586
-2932	2582
-2930	2577
-2929	2572
-2929	2568
-2929	2564
-2928	2560
-2927	2555
-2928	2552
-2927	2547
-2922	2542
-2921	2537
-2919	2533
-2919	2528
-2918	2524
-2917	2520
-2917	2516
-2917	2512
-2916	2507
-2915	2503
-2915	2499
-2914	2494
-2914	2490
-2915	2487
-2914	2482
-2912	2478
-2911	2474
-2909	2469
-2908	2465
-2909	2461
-2910	2457
-2911	2453
-2910	2449
-2907	2444
-2906	2440
-2906	2436
-2908	2432
-2910	2429
-2908	2424
-2906	2420
-2906	2416
-2907	2412
-2908	2409
-2908	2405
-2906	2400
-2904	2396
-2902	2391
-2900	2387
-2898	2382
-2898	2378
-2898	2374
-2897	2370
-2896	2366
-2896	2362
-2894	2358
-2891	2353
-2891	2349
-2890	2345
-2890	2341
-2890	2337
-2890	2333
-2891	2330
-2888	2325
-2888	2321
-2885	2317
-2883	2312
-2884	2309
-2885	2305
-2884	2301
-2882	2297
-2880	2292
-2881	2289
-2880	2284
-2880	2281
-2879	2277
-2877	2272
-2875	2268
-2874	2264
-2874	2260
-2872	2256
-2870	2252
-2870	2248
-2871	2244
-2871	2240
-2871	2236
-2867	2232
-2865	2228
-2865	2224
-2863	2220
-2864	2216
-2863	2212
-2862	2208
-2862	2204
-2860	2200
-2857	2196
-2858	2192
-2859	2188
-2857	2184
-2856	2180
-2855	2176
-2852	2172
-2851	2168
-2852	2165
-2851	2161
-2849	2157
-2849	2153
-2848	2149
-2847	2145
-2848	2141
-2847	2137
-2847	2134
-2846	2130
-2846	2126
-2844	2122
-2844	2118
-2841	2114
-2840	2110
-2841	2106
-2839	2103
-2838	2099
-2837	2095
-2835	2091
-2834	2087
-2832	2083
-2832	2079
-2832	2075
-2833	2072
-2832	2068
-2832	2064
-2831	2060
-2828	2056
-2827	2053
-2827	2049
-2825	2045
-2825	2041
-2825	2037
-2823	2033
-2822	2030
-2820	2026
-2819	2022
-2818	2018
-2820	2015
-2820	2011
-2817	2007
-2814	2003
-2812	1999
-2811	1995
-2810	1992
-2811	1988
-2810	1984
-2810	1981
-2809	1977
-2809	1973
-2809	1970
-2808	1966
-2807	1962
-2808	1959
-2807	1955
-2806	1951
-2807	1948
-2804	1944
-2803	1940
-2804	1936
-2805	1933
-2805	1929
-2807	1926
-2807	1922
-2807	1918
-2808	1915
-2807	1911
-2805	1907
-2806	1904
-2805	1900
-2804	1896
-2803	1893
-2802	1889
-2800	1885
-2800	1882
-2800	1878
-2800	1874
-2798	1871
-2797	1867
-2793	1863
-2793	1859
-2791	1856
-2790	1852
-2791	1849
-2791	1845
-2791	1841
-2792	1838
-2791	1834
-2787	1830
-2787	1827
-2787	1823
-2786	1820
-2784	1816
-2784	1812
-2784	1809
-2783	1805
-2782	1801
-2781	1798
-2779	1794
-2777	1791
-2776	1787
-2777	1783
-2777	1780
-2773	1776
-2773	1773
-2771	1769
-2771	1765
-2770	1762
-2768	1758
-2767	1755
-2769	1751
-2768	1747
-2768	1744
-2767	1740
-2765	1737
-2763	1733
-2763	1730
-2760	1726
-2759	1722
-2761	1719
-2760	1715
-2759	1712
-2759	1708
-2756	1705
-2754	1701
-2755	1698
-2754	1694
-2754	1691
-2754	1687
-2753	1683
-2751	1680
-2751	1676
-2750	1673
-2749	1669
-2748	1666
-2747	1662
-2746	1659
-2745	1655
-2743	1652
-2742	1648
-2741	1645
-2738	1641
-2738	1638
-2737	1634
-2737	1631
-2738	1627
-2737	1624
-2736	1620
-2735	1617
-2733	1613
-2731	1610
-2732	1606
-2732	1603
-2730	1599
-2728	1596
-2728	1592
-2727	1589
-2724	1585
-2723	1582
-2723	1578
-2721	1575
-2721	1572
-2721	1568
-2721	1565
-2721	1561
-2719	1558
-2719	1554
-2718	1551
-2716	1547
-2715	1544
-2715	1540
-2714	1537
-2713	1533
-2713	1530
-2712	1526
-2712	1523
-2711	1520
-2709	1516
-2708	1513
-2708	1509
-2707	1506
-2705	1502
-2705	1499
-2705	1496
-2704	1492
-2702	1489
-2702	1485
-2701	1482
-2701	1478
-2699	1475
-2699	1472
-2698	1468
-2696	1465
-2695	1461
-2694	1458
-2694	1455
-2692	1451
-2692	1448
-2692	1444
-2690	1441
-2688	1438
-2688	1434
-2687	1431
-2685	1427
-2685	1424
-2683	1421
-2682	1417
-2682	1414
-2680	1411
-2680	1407
-2679	1404
-2678	1400
-2678	1397
-2676	1394
-2675	1390
-2675	1387
-2673	1383
-2673	1380
-2671	1377
-2670	1373
-2669	1370
-2667	1367
-2667	1363
-2665	1360
-2664	1357
-2663	1353
-2663	1350
-2662	1347
-2660	1343
-2659	1340
-2658	1337
-2658	1333
-2656	1330
-2654	1327
-2652	1324
-2652	1320
-2651	1317
-2650	1313
-2647	1310
-2647	1307
-2646	1304
-2644	1300
-2643	1297
-2643	1294
-2641	1290
-2641	1287
-2640	1284
-2639	1280
-2637	1277
-2637	1274
-2634	1271
-2633	1268
-2632	1264
-2631	1261
-2630	1258
-2629	1254
-2627	1251
-2627	1248
-2626	1244
-2625	1241
-2625	1238
-2623	1234
-2622	1231
-2619	1228
-2618	1225
-2619	1221
-2617	1218
-2615	1215
-2612	1212
-2612	1209
-2612	1205
-2611	1202
-2610	1199
-2610	1195
-2608	1192
-2606	1189
-2605	1186
-2604	1182
-2603	1179
-2602	1176
-2601	1173
-2600	1169
-2598	1166
-2597	1163
-2596	1160
-2595	1156
-2594	1153
-2592	1150
-2591	1147
-2590	1144
-2588	1140
-2588	1137
-2587	1134
-2585	1131
-2583	1128
-2583	1124
-2581	1121
-2580	1118
-2579	1115
-2579	1111
-2577	1108
-2577	1105
-2577	1101
-2575	1098
-2573	1095
-2571	1092
-2570	1089
-2568	1086
-2568	1082
-2569	1079
-2567	1076
-2565	1073
-2563	1070
-2561	1067
-2561	1063
-2560	1060
-2559	1057
-2558	1054
-2558	1050
-2557	1047
-2557	1043
-2554	1040
-2553	1037
-2553	1034
-2552	1031
-2550	1028
-2548	1025
-2546	1022
-2545	1018
-2545	1015
-2544	1012
-2542	1009
-2541	1006
-2540	1002
-2538	999
-2537	996
-2536	993
-2535	990
-2534	986
-2533	983
-2531	980
-2529	977
-2530	974
-2529	970
-2527	967
-2526	964
-2524	961
-2523	958
-2522	955
-2520	952
-2519	948
-2518	945
-2516	942
-2515	939
-2514	936
-2513	933
-2512	929
-2511	926
-2510	923
-2509	920
-2506	917
-2505	914
-2504	911
-2503	908
-2502	905
-2500	902
-2498	899
-2497	895
-2496	892
-2494	889
-2493	886
-2491	883
-2490	880
-2488	877
-2487	874
-2486	871
-2485	867
-2484	864
-2483	861
-2481	858
-2479	855
-2478	852
-2476	849
-2474	846
-2474	843
-2472	840
-2471	837
-2469	834
-2468	831
-2466	828
-2465	825
-2464	821
-2463	818
-2462	815
-2459	812
-2458	809
-2458	806
-2457	803
-2456	799
-2455	796
-2453	793
-2451	790
-2450	787
-2449	784
-2447	781
-2446	778
-2444	775
-2444	771
-2443	768
-2442	765
-2441	762
-2441	758
-2441	755
-2441	751
-2439	748
-2439	745
-2438	741
-2437	738
-2436	735
-2434	732
-2434	729
-2433	725
-2432	722
-2431	719
-2432	715
-2430	712
-2429	709
-2428	706
-2427	702
-2427	699
-2426	696
-2424	692
-2422	690
-2420	687
-2419	684
-2419	680
-2420	676
-2419	673
-2419	669
-2417	666
-2416	663
-2415	660
-2413	657
-2412	654
-2412	650
-2409	647
-2409	644
-2408	641
-2407	637
-2406	634
-2404	631
-2405	627
-2403	624
-2402	621
-2401	618
-2401	614
-2399	612
-2396	609
-2398	605
-2396	601
-2394	599
-2393	595
-2394	591
-2392	588
-2391	585
-2389	582
-2388	579
-2386	576
-2385	573
-2384	570
-2383	567
-2382	563
-2380	560
-2379	557
-2378	554
-2377	550
-2376	547
-2374	545
-2373	541
-2371	538
-2369	536
-2367	533
-2368	529
-2367	525
-2367	521
-2369	517
-2367	514
-2365	511
-2362	509
-2361	505
-2361	502
-2359	499
-2359	495
-2357	492
-2356	489
-2354	486
-2351	484
-2352	480
-2352	476
-2351	472
-2350	469
-2348	466
-2347	463
-2346	460
-2345	456
-2346	452
-2344	449
-2342	446
-2341	443
-2339	440
-2339	436
-2338	433
-2338	429
-2336	426
-2335	423
-2333	420
-2333	416
-2332	412
-2331	409
-2329	407
-2328	403
-2326	400
-2325	397
-2325	393
-2324	390
-2324	386
-2323	382
-2321	380
-2320	376
-2319	373
-2318	369
-2318	365
-2317	362
-2316	358
-2315	355
-2314	352
-2311	350
-2308	347
-2308	343
-2309	339
-2307	336
-2306	332
-2306	329
-2305	325
-2304	322
-2301	319
-2300	316
-2300	312
-2298	309
-2297	305
-2297	301
-2296	298
-2295	295
-2294	291
-2292	289
-2291	285
-2289	282
-2290	277
-2291	273
-2290	269
-2288	266
-2285	264
-2283	261
-2281	259
-2281	255
-2280	251
-2280	247
-2279	243
-2279	239
-2277	236
-2276	233
-2275	229
-2275	225
-2275	221
-2274	217
-2273	214
-2272	210
-2271	207
-2270	203
-2268	200
-2265	198
-2264	195
-2264	191
-2264	186
-2263	183
-2261	180
-2260	176
-2261	171
-2259	168
-2258	165
-2258	161
-2256	157
-2255	154
-2255	150
-2253	147
-2253	143
-2251	139
-2250	136
-2249	132
-2247	130
-2246	126
-2244	123
-2243	119
-2243	115
-2243	111
-2242	107
-2241	103
-2240	100
-2239	96
-2238	92
-2238	88
-2237	85
-2234	82
-2234	78
-2233	74
-2231	71
-2229	68
-2228	65
-2228	60
-2228	56
-2227	52
-2226	48
-2224	45
-2221	43
-2221	39
-2220	35
-2219	31
-2218	28
-2217	24
-2216	20
-2216	15
-2214	13
-2213	9
-2212	5
-2210	2
-2210	-3
-2208	-6
-2207	-10
-2208	-15
-2207	-19
-2205	-22
-2204	-26
-2203	-29
-2203	-34
-2201	-37
-2199	-40
-2198	-44
-2197	-48
-2198	-53
-2195	-56
-2195	-60
-2193	-63
-2191	-66
-2190	-70
-2189	-74
-2189	-79
-2188	-83
-2188	-87
-2188	-92
-2186	-95
-2185	-99
-2184	-103
-2182	-106
-2179	-108
-2179	-113
-2177	-116
-2176	-120
-2173	-122
-2172	-126
-2170	-129
-2169	-133
-2168	-137
-2167	-142
-2165	-144
-2163	-148
-2163	-152
-2161	-155
-2159	-159
-2153	-158
-2137	-149
-2126	-144
-2120	-144
-2116	-145
-2113	-147
-2112	-151
-2111	-155
-2109	-158
-2109	-163
-2109	-167
-2092	-157
-2085	-155
-2083	-159
-2080	-161
-2078	-164
-2076	-167
-2066	-163
-2060	-162
-2055	-162
-2051	-164
-2049	-167
-2046	-168
-2042	-169
-2038	-171
-2035	-173
-2031	-175
-2028	-176
-2019	-173
-2013	-172
-2006	-170
-2002	-171
-1999	-173
-1995	-175
-1992	-176
-1988	-177
-1983	-177
-1979	-179
-1976	-180
-1972	-181
-1968	-183
-1966	-185
-1964	-188
-1961	-190
-1955	-189
-1940	-180
-1934	-179
-1931	-180
-1927	-181
-1923	-182
-1918	-182
-1914	-182
-1904	-178
-1894	-172
-1888	-171
-1885	-173
-1883	-176
-1881	-178
-1878	-181
-1869	-176
-1857	-168
-1851	-167
-1845	-167
-1840	-166
-1835	-166
-1831	-166
-1827	-167
-1826	-170
-1825	-175
-1826	-180
-1823	-182
-1817	-181
-1809	-177
-1801	-174
-1798	-175
-1795	-176
-1792	-179
-1789	-180
-1786	-182
-1783	-183
-1778	-183
-1773	-183
-1770	-184
-1767	-186
-1758	-181
-1746	-173
-1737	-167
-1730	-165
-1727	-167
-1724	-168
-1722	-171
-1717	-170
-1711	-168
-1703	-165
-1697	-162
-1692	-162
-1688	-162
-1686	-164
-1682	-165
-1674	-161
-1667	-158
-1665	-160
-1664	-165
-1665	-170
-1663	-173
-1658	-172
-1652	-170
-1648	-170
-1644	-170
-1640	-171
-1636	-171
-1631	-170
-1626	-169
-1623	-171
-1622	-174
-1619	-176
-1619	-180
-1616	-182
-1611	-180
-1597	-169
-1594	-170
-1590	-170
-1589	-174
-1585	-174
-1579	-172
-1573	-170
-1567	-167
-1563	-167
-1560	-169
-1558	-171
-1555	-173
-1553	-175
-1548	-174
-1543	-172
-1539	-173
-1535	-172
-1526	-166
-1521	-164
-1518	-166
-1520	-173
-1516	-173
-1510	-171
-1502	-165
-1496	-163
-1491	-161
-1485	-159
-1480	-158
-1476	-157
-1473	-159
-1469	-159
-1467	-161
-1464	-162
-1459	-160
-1456	-161
-1452	-161
-1448	-161
-1444	-161
-1440	-161
-1437	-161
-1434	-162
-1430	-162
-1427	-163
-1424	-164
-1421	-164
-1417	-165
-1414	-166
-1410	-166
-1408	-168
-1407	-172
-1404	-173
-1400	-172
-1397	-173
-1396	-177
-1394	-180
-1386	-173
-1380	-169
-1375	-169
-1372	-170
-1369	-170
-1365	-170
-1362	-171
-1357	-169
-1353	-168
-1350	-169
-1346	-168
-1342	-168
-1340	-170
-1338	-173
-1335	-174
-1332	-174
-1328	-174
-1325	-174
-1322	-175
-1318	-175
-1313	-172
-1308	-171
-1304	-170
-1299	-168
-1295	-167
-1292	-168
-1290	-170
-1287	-171
-1285	-173
-1283	-175
-1282	-179
-1272	-169
-1266	-166
-1263	-166
-1260	-167
-1256	-166
-1254	-168
-1251	-170
-1247	-168
-1242	-166
-1238	-165
-1235	-165
-1231	-165
-1228	-165
-1226	-168
-1224	-169
-1221	-170
-1217	-170
-1214	-170
-1208	-166
-1206	-168
-1206	-173
-1205	-177
-1202	-178
-1199	-179
-1196	-179
-1193	-180
-1190	-180
-1186	-180
-1183	-179
-1180	-180
-1178	-182
-1175	-182
-1172	-183
-1168	-183
-1165	-183
-1162	-183
-1157	-181
-1154	-181
-1151	-182
-1147	-180
-1142	-177
-1138	-176
-1135	-177
-1133	-178
-1130	-179
-1127	-180
-1122	-177
-1120	-178
-1118	-182
-1115	-181
-1111	-181
-1103	-171
-1098	-169
-1095	-169
-1092	-170
-1090	-171
-1088	-173
-1085	-175
-1083	-176
-1082	-179
-1080	-182
-1078	-184
-1074	-182
-1070	-181
-1067	-182
-1064	-182
-1061	-182
-1058	-183
-1054	-182
-1050	-180
-1047	-179
-1044	-179
-1041	-180
-1038	-180
-1035	-181
-1032	-181
-1028	-180
-1025	-179
-1022	-179
-1019	-180
-1017	-182
-1014	-182
-1011	-182
-1004	-174
-996	-165
-989	-157
-985	-155
-982	-155
-980	-157
-977	-158
-975	-159
-973	-162
-971	-165
-968	-164
-964	-162
-961	-161
-958	-162
-955	-162
-932	-122
-930	-124
-928	-126
-927	-129
-926	-132
-924	-135
-922	-137
-921	-141
-921	-146
-919	-149
-916	-149
-914	-150
-911	-151
-909	-152
-899	-138
-892	-129
-889	-128
-884	-124
-881	-124
-881	-129
-884	-142
-881	-142
-878	-143
-876	-144
-873	-145
-871	-146
-869	-147
-865	-146
-863	-146
-859	-145
-856	-144
-853	-143
-781	-3
-778	-2
-774	0
-771	1
-768	1
-766	1
-763	1
-760	1
-758	2
-755	2
-752	2
-750	2
-747	3
-744	3
-742	3
-739	3
-737	2
-735	1
-732	1
-730	1
-728	-1
-725	-1
-723	-2
-721	-3
-720	-7
-719	-11
-719	-17
-718	-21
-749	-135
-746	-135
-743	-136
-743	-141
-740	-141
-738	-142
-735	-143
-733	-144
-730	-145
-728	-146
-726	-147
-723	-148
-721	-148
-718	-148
-716	-149
-714	-151
-711	-152
-709	-153
-706	-154
-704	-155
-702	-155
-697	-151
-693	-147
-689	-144
-686	-142
-684	-144
-682	-144
-680	-147
-680	-156
-680	-164
-676	-161
-673	-159
-670	-159
-667	-157
-664	-157
-662	-157
-659	-158
-657	-159
-661	-179
-650	-153
-646	-150
-643	-149
-640	-149
-638	-149
-636	-151
-634	-155
-632	-157
-630	-159
-628	-161
-626	-162
-623	-162
-622	-165
-619	-166
-615	-163
-609	-150
-606	-150
-604	-151
-602	-152
-600	-155
-599	-160
-598	-168
-596	-169
-591	-162
-587	-157
-584	-155
-581	-151
-576	-144
-571	-137
-568	-134
-566	-138
-566	-147
-575	-189
-514	-5
-512	-5
-509	-4
-507	-6
-506	-10
-506	-18
-506	-26
-505	-34
-506	-45
-505	-53
-505	-59
-508	-82
-508	-92
-508	-101
-508	-110
-508	-119
-508	-131
-508	-141
-507	-148
-507	-155
-505	-160
-504	-163
-501	-165
-499	-168
-497	-168
-495	-170
-493	-171
-490	-171
-487	-170
-485	-172
-482	-172
-480	-171
-477	-173
-475	-173
-472	-173
-470	-173
-467	-173
-464	-172
-462	-172
-459	-172
-457	-172
-454	-172
-452	-171
-449	-172
-447	-172
-444	-173
-442	-172
-439	-172
-437	-172
-434	-172
-431	-172
-429	-172
-426	-172
-424	-172
-421	-172
-419	-172
-416	-172
-414	-172
-411	-171
-408	-170
-406	-170
-404	-172
-401	-171
-398	-172
-396	-173
-394	-173
-391	-172
-388	-172
-386	-171
-383	-171
-381	-170
-378	-170
-376	-171
-373	-171
-371	-171
-368	-171
-366	-171
-363	-171
-361	-170
-358	-170
-356	-170
-353	-171
-351	-171
-348	-171
-346	-172
-343	-172
-341	-174
-340	-184
-338	-184
-335	-185
-333	-184
-330	-183
-328	-184
-325	-183
-322	-182
-320	-184
-318	-183
-315	-182
-311	-174
-308	-169
-305	-168
-303	-169
-301	-171
-298	-171
-296	-170
-293	-171
-291	-172
-289	-172
-286	-172
-284	-172
-281	-172
-279	-172
-276	-173
-274	-175
-272	-176
-269	-175
-267	-178
-265	-180
-262	-180
-260	-181
-258	-182
-255	-183
-253	-184
-250	-184
-248	-185
-245	-184
-243	-183
-240	-184
-238	-184
-236	-184
-233	-184
-231	-185
-228	-184
-226	-183
-223	-183
-221	-183
-218	-184
-216	-184
-213	-185
-211	-185
-208	-185
-206	-184
-203	-184
-201	-185
-199	-185
-196	-185
-194	-184
-191	-183
-189	-183
-186	-183
-183	-181
-181	-180
-178	-178
-176	-177
-173	-177
-171	-178
-169	-179
-166	-180
-164	-182
-162	-184
-159	-185
-157	-185
-154	-185
-152	-184
-149	-181
-147	-180
-144	-180
-142	-184
-139	-184
-137	-183
-134	-183
-132	-183
-130	-185
-127	-185
-125	-186
-122	-185
-120	-181
-117	-179
-115	-179
-112	-180
-110	-182
-107	-182
-105	-182
-103	-183
-100	-185
-98	-186
-95	-186
-93	-186
-90	-186
-88	-185
-83	-185
-81	-185
-78	-185
-76	-185
-73	-185
-71	-185
-68	-184
-66	-184
-63	-185
-61	-185
-58	-184
-56	-184
-54	-184
-51	-184
-49	-185
-46	-185
-44	-183
-41	-184
-39	-185
-36	-185
-34	-185
-31	-185
-29	-185
-27	-184
-24	-185
-22	-185
-19	-185
-17	-185
-14	-185
-12	-185
-9	-185
-7	-184
-4	-185
-2	-185
0	-185
3	-184
5	-185
8	-185
10	-185
13	-184
15	-184
18	-184
20	-184
23	-185
25	-184
27	-184
30	-185
32	-184
35	-185
37	-185
40	-185
42	-185
45	-185
47	-185
50	-185
52	-184
54	-184
57	-185
59	-185
62	-184
64	-184
67	-184
69	-183
72	-183
74	-183
77	-184
79	-184
82	-185
84	-185
87	-185
89	-185
91	-185
94	-185
96	-184
99	-185
101	-184
104	-185
106	-184
109	-184
111	-184
114	-185
116	-184
118	-184
121	-183
123	-183
126	-184
128	-185
131	-183
133	-183
136	-185
138	-185
141	-185
143	-184
146	-185
148	-185
151	-184
153	-185
156	-185
158	-185
161	-184
163	-184
166	-185
168	-185
171	-184
173	-185
176	-185
178	-184
180	-183
183	-183
185	-183
188	-184
190	-184
193	-185
195	-184
198	-184
200	-184
203	-183
206	-185
208	-185
211	-185
213	-184
216	-184
218	-184
221	-185
223	-185
226	-185
228	-185
231	-185
233	-185
236	-185
238	-184
241	-185
243	-184
246	-184
248	-185
251	-184
253	-183
254	-177
256	-173
259	-172
261	-172
264	-177
268	-182
271	-185
273	-185
276	-184
278	-183
280	-182
283	-182
286	-182
288	-182
290	-181
293	-179
295	-179
298	-179
300	-180
303	-182
306	-184
309	-185
312	-186
314	-185
316	-184
319	-184
322	-185
324	-184
326	-184
329	-183
332	-185
334	-185
337	-185
339	-181
340	-175
342	-171
344	-170
347	-170
349	-171
352	-171
354	-171
357	-170
359	-170
362	-170
364	-170
367	-170
370	-170
372	-171
375	-171
377	-171
380	-171
382	-171
385	-170
387	-169
390	-170
393	-171
395	-171
398	-171
400	-170
403	-171
406	-171
408	-172
411	-171
414	-171
416	-171
418	-170
421	-170
424	-171
426	-171
429	-172
432	-171
434	-171
437	-172
440	-172
442	-171
444	-171
447	-171
450	-171
453	-172
455	-171
458	-171
460	-171
463	-172
466	-172
468	-171
471	-171
473	-171
476	-170
478	-171
481	-171
484	-171
487	-171
489	-171
491	-169
494	-168
496	-168
498	-166
500	-164
502	-162
504	-159
506	-155
507	-150
507	-142
507	-135
507	-127
507	-118
505	-102
505	-94
506	-88
506	-81
506	-74
506	-66
506	-58
506	-49
506	-41
506	-33
506	-24
506	-19
506	-12
507	-7
510	-6
511	-5
515	-7
582	-178
575	-147
578	-149
581	-151
585	-153
588	-156
594	-164
600	-172
603	-175
603	-167
600	-151
602	-147
604	-145
606	-144
609	-145
612	-146
616	-148
620	-154
624	-157
626	-155
628	-152
621	-127
623	-123
625	-123
627	-121
629	-118
631	-116
633	-114
635	-113
637	-112
640	-112
643	-112
645	-111
647	-110
650	-110
653	-110
656	-111
659	-112
662	-112
665	-114
668	-114
673	-119
677	-122
682	-128
690	-141
697	-152
701	-155
704	-155
706	-154
709	-153
711	-152
714	-151
716	-151
718	-149
721	-148
724	-148
726	-148
728	-146
730	-144
733	-144
736	-144
738	-143
741	-142
743	-140
745	-138
746	-134
747	-129
748	-125
748	-120
749	-115
749	-109
719	-18
720	-13
721	-9
723	-8
727	-10
731	-13
733	-12
733	-7
733	-2
735	0
737	2
740	2
744	-0
747	-1
750	-2
752	-1
755	-0
757	1
759	1
762	2
764	2
767	1
771	-1
773	-0
776	1
778	1
781	1
849	-112
852	-113
854	-112
857	-112
860	-112
864	-114
868	-116
875	-124
895	-156
897	-154
897	-149
897	-142
899	-141
901	-140
905	-140
910	-144
921	-159
927	-165
928	-161
928	-156
930	-154
933	-152
936	-152
939	-152
943	-154
948	-158
959	-172
972	-189
975	-190
978	-189
981	-189
984	-189
987	-189
989	-187
992	-186
995	-185
997	-183
999	-182
1002	-181
1006	-182
1009	-182
1013	-183
1016	-183
1019	-182
1022	-182
1025	-182
1029	-183
1033	-184
1036	-183
1039	-183
1042	-183
1046	-183
1049	-183
1051	-181
1054	-181
1058	-182
1062	-183
1065	-183
1068	-182
1071	-182
1074	-181
1078	-182
1082	-183
1085	-182
1088	-181
1091	-182
1095	-182
1098	-182
1100	-180
1104	-180
1107	-179
1108	-176
1111	-175
1117	-179
1120	-178
1123	-178
1127	-179
1130	-178
1125	-164
1118	-149
1115	-139
1116	-135
1118	-133
1120	-131
1123	-131
1127	-132
1133	-135
1148	-154
1150	-151
1152	-149
1155	-147
1158	-147
1166	-154
1178	-167
1187	-175
1193	-179
1196	-179
1196	-174
1192	-161
1190	-153
1192	-151
1200	-158
1212	-171
1222	-180
1225	-179
1229	-180
1233	-180
1237	-180
1240	-180
1244	-181
1250	-184
1254	-184
1256	-182
1257	-178
1259	-176
1260	-172
1260	-167
1261	-164
1275	-179
1284	-186
1289	-187
1292	-186
1295	-186
1298	-185
1303	-186
1306	-185
1310	-185
1313	-185
1318	-186
1328	-194
1331	-193
1332	-190
1335	-189
1338	-188
1342	-187
1347	-189
1350	-188
1353	-188
1356	-187
1356	-182
1358	-178
1359	-175
1363	-175
1367	-176
1372	-176
1377	-178
1387	-186
1392	-187
1400	-193
1403	-191
1406	-191
1403	-182
1403	-176
1404	-173
1406	-171
1411	-171
1419	-177
1423	-177
1426	-176
1430	-175
1433	-174
1436	-173
1439	-172
1443	-172
1448	-173
1454	-176
1458	-176
1462	-176
1472	-183
1479	-187
1484	-187
1487	-187
1490	-185
1493	-183
1497	-183
1500	-182
1503	-180
1507	-181
1518	-189
1522	-188
1526	-188
1529	-187
1533	-187
1537	-186
1542	-187
1546	-187
1549	-185
1550	-182
1552	-179
1555	-177
1557	-175
1559	-172
1561	-170
1564	-169
1566	-166
1569	-164
1570	-161
1573	-160
1578	-160
1581	-159
1587	-160
1594	-164
1595	-160
1598	-158
1601	-157
1605	-156
1609	-156
1613	-156
1620	-158
1624	-158
1629	-159
1634	-159
1636	-156
1639	-155
1642	-153
1644	-150
1645	-147
1647	-144
1649	-141
1650	-138
1653	-136
1657	-135
1662	-137
1679	-150
1684	-150
1688	-150
1693	-150
1698	-150
1699	-147
1700	-143
1701	-140
1705	-139
1710	-139
1713	-138
1717	-137
1722	-137
1727	-137
1732	-138
1737	-138
1738	-135
1741	-132
1744	-131
1750	-133
1753	-130
1756	-129
1760	-128
1763	-127
1768	-127
1773	-127
1778	-127
1781	-126
1786	-125
1791	-126
1796	-126
1800	-125
1805	-125
1814	-129
1818	-128
1820	-125
1823	-123
1829	-124
1836	-127
1839	-125
1843	-124
1849	-125
1851	-122
1852	-119
1855	-117
1859	-115
1862	-114
1867	-113
1871	-112
1874	-110
1878	-109
1882	-109
1890	-112
1896	-113
1901	-112
1906	-112
1915	-115
1918	-114
1924	-114
1929	-114
1936	-116
1944	-118
1955	-123
1955	-119
1953	-112
1953	-107
1954	-104
1958	-103
1962	-101
1966	-100
1970	-99
1980	-103
1988	-105
1988	-101
1989	-97
1993	-96
1998	-95
2001	-93
2005	-92
2009	-90
2013	-89
2019	-90
2029	-94
2032	-92
2037	-91
2048	-96
2055	-97
2059	-95
2061	-93
2062	-88
2063	-84
2066	-82
2070	-81
2078	-83
2080	-80
2084	-79
2093	-81
2107	-89
2110	-86
2112	-83
2116	-81
2120	-80
2129	-83
2133	-81
2130	-74
2133	-71
2137	-70
2140	-68
2151	-72
2156	-71
2160	-70
2165	-69
2168	-67
2172	-65
2176	-64
2180	-62
2184	-60
2188	-59
2191	-56
2195	-55
2197	-52
2197	-47
2196	-41
2196	-37
2196	-32
2198	-29
2199	-25
2198	-20
2198	-15
2198	-10
2199	-6
2199	-2
2199	3
2201	6
2197	13
2198	17
2199	21
2199	26
2199	30
2198	35
2198	40
2199	44
2197	50
2198	53
2199	57
2198	62
2197	67
2197	72
2198	76
2195	82
2193	88
2192	94
2190	100
2189	104
2190	108
2192	111
2190	117
2189	122
2189	126
2189	130
2190	134
2191	138
2185	147
2189	148
2190	151
2194	153
2192	159
2188	166
2189	169
2188	174
2187	179
2191	181
2194	183
2196	186
2196	190
2199	193
2202	195
2204	198
2207	200
2210	202
2212	205
2215	208
2218	210
2219	213
2221	217
2221	221
2220	225
2222	228
2224	231
2225	235
2226	238
2226	242
2227	246
2227	250
2225	255
2225	260
2226	264
2227	267
2227	271
2228	275
2227	279
2226	284
2225	289
2224	293
2228	295
2230	298
2230	302
2228	307
2230	310
2231	314
2231	318
2232	321
2233	324
2234	328
2234	332
2234	336
2233	341
2234	344
2236	347
2236	351
2237	354
2236	359
2237	362
2239	365
2238	370
2236	375
2237	378
2238	382
2240	385
2241	388
2242	392
2242	395
2242	399
2242	403
2243	407
2240	412
2241	416
2244	418
2245	421
2244	426
2245	429
2245	433
2246	437
2247	440
2246	444
2245	448
2245	452
2246	456
2248	459
2247	463
2246	468
2245	472
2246	475
2247	479
2246	483
2245	487
2244	491
2245	495
2247	498
2249	500
2250	504
2250	508
2250	511
2251	515
2251	519
2250	523
2250	526
2252	529
2253	532
2253	536
2253	540
2252	544
2253	548
2253	552
2253	555
2254	558
2254	562
2254	566
2255	569
2255	573
2257	576
2256	580
2258	583
2259	586
2259	590
2258	593
2258	597
2259	601
2260	604
2260	607
2260	611
2261	615
2260	618
2261	622
2260	626
2260	630
2261	633
2263	636
2264	639
2263	643
2262	647
2263	650
2263	654
2263	657
2264	661
2264	664
2265	667
2266	670
2267	673
2267	677
2266	681
2266	685
2267	688
2268	691
2267	695
2267	699
2266	703
2266	706
2268	709
2269	712
2269	716
2271	719
2271	722
2271	726
2271	729
2271	733
2272	736
2273	739
2273	743
2271	747
2272	750
2272	754
2273	757
2273	760
2273	764
2273	767
2274	770
2275	774
2275	777
2275	781
2275	784
2276	787
2278	790
2278	794
2278	797
2278	800
2279	804
2280	807
2280	810
2278	814
2276	819
2277	822
2277	825
2278	828
2278	832
2279	835
2280	838
2280	842
2281	845
2280	848
2281	851
2281	855
2281	858
2280	862
2279	866
2279	869
2280	872
2281	875
2283	878
2287	880
2290	883
2290	886
2291	889
2292	892
2291	896
2292	899
2294	902
2295	905
2297	908
2297	911
2297	915
2299	917
2298	921
2298	924
2297	928
2298	931
2300	934
2302	937
2302	940
2302	943
2301	947
2301	950
2300	954
2301	957
2302	960
2304	963
2305	966
2305	970
2306	973
2306	976
2306	979
2306	983
2306	986
2307	989
2306	993
2308	995
2309	998
2309	1002
2309	1005
2309	1009
2311	1011
2312	1014
2312	1018
2312	1021
2311	1025
2313	1027
2313	1031
2313	1034
2314	1037
2314	1041
2316	1043
2316	1046
2316	1050
2316	1053
2315	1057
2316	1060
2317	1063
2317	1066
2316	1070
2316	1073
2317	1076
2319	1079
2320	1082
2320	1085
2320	1089
2322	1091
2322	1095
2323	1098
2324	1101
2325	1104
2324	1107
2324	1111
2324	1114
2325	1117
2326	1120
2327	1123
2327	1126
2328	1129
2328	1133
2328	1136
2329	1139
2330	1142
2330	1145
2330	1149
2332	1151
2337	1154
2337	1157
2336	1160
2337	1164
2339	1166
2337	1170
2337	1173
2338	1176
2339	1179
2341	1182
2342	1185
2342	1189
2343	1192
2344	1195
2342	1198
2342	1202
2344	1205
2346	1207
2348	1210
2348	1213
2349	1217
2349	1220
2349	1223
2351	1226
2352	1229
2352	1232
2352	1236
2352	1239
2353	1242
2353	1245
2354	1248
2354	1252
2354	1255
2355	1258
2355	1261
2355	1264
2355	1267
2357	1270
2358	1274
2358	1277
2360	1280
2361	1283
2361	1286
2361	1289
2362	1292
2361	1296
2362	1299
2363	1302
2364	1305
2364	1308
2366	1311
2366	1314
2367	1317
2366	1321
2367	1324
2368	1327
2369	1330
2369	1333
2371	1336
2371	1339
2371	1343
2372	1346
2373	1349
2374	1352
2374	1355
2375	1358
2375	1362
2377	1365
2377	1368
2376	1371
2377	1374
2379	1377
2381	1380
2380	1384
2380	1387
2382	1390
2383	1393
2383	1396
2383	1399
2383	1402
2384	1406
2384	1409
2378	1413
2371	1417
2372	1420
2373	1423
2373	1426
2372	1429
2374	1433
2376	1436
2376	1439
2377	1442
2378	1445
2379	1448
2380	1451
2380	1454
2380	1458
2380	1461
2381	1464
2384	1467
2384	1470
2386	1473
2387	1476
2389	1479
2391	1482
2392	1485
2393	1489
2393	1492
2393	1495
2394	1498
2395	1501
2393	1505
2392	1508
2392	1511
2393	1514
2394	1517
2395	1521
2396	1524
2396	1527
2396	1530
2397	1533
2398	1536
2398	1540
2398	1543
2400	1546
2401	1549
2402	1552
2403	1555
2406	1559
2416	1561
2415	1565
2415	1568
2416	1571
2417	1574
2419	1577
2419	1581
2419	1584
2419	1587
2421	1590
2422	1593
2421	1597
2423	1600
2424	1603
2426	1606
2428	1609
2428	1613
2428	1616
2429	1619
2431	1622
2432	1625
2432	1629
2433	1632
2436	1635
