2580	1679
2582	1683
2582	1686
2582	1690
2583	1693
2584	1697
2585	1704
2584	1707
2584	1710
2584	1714
2584	1717
2583	1721
2583	1724
2582	1728
2582	1731
2584	1735
2585	1738
2585	1742
2586	1745
2587	1749
2589	1752
2589	1756
2588	1759
2588	1763
2589	1766
2590	1770
2590	1773
2589	1777
2589	1780
2591	1784
2592	1787
2593	1791
2594	1794
2594	1798
2594	1801
2594	1805
2596	1808
2596	1812
2596	1815
2596	1819
2596	1822
2596	1826
2597	1829
2599	1833
2599	1836
2600	1840
2600	1843
2599	1847
2600	1850
2600	1854
2599	1857
2598	1861
2599	1864
2599	1868
2599	1871
2600	1875
2600	1878
2602	1882
2602	1886
2602	1889
2602	1893
2603	1896
2604	1900
2605	1903
2606	1907
2607	1911
2608	1914
2608	1918
2608	1921
2609	1925
2608	1928
2608	1932
2608	1935
2609	1939
2610	1943
2611	1946
2611	1950
2612	1953
2612	1957
2613	1961
2614	1964
2615	1968
2615	1972
2617	1975
2617	1979
2617	1982
2619	1986
2619	1990
2619	1993
2619	1997
2618	2000
2619	2004
2619	2008
2621	2011
2625	2015
2624	2019
2624	2022
2625	2026
2626	2030
2626	2033
2628	2037
2627	2041
2627	2044
2628	2048
2627	2051
2627	2055
2627	2059
2628	2062
2627	2066
2628	2069
2628	2073
2628	2077
2627	2080
2629	2084
2629	2088
2631	2091
2631	2095
2630	2099
2630	2102
2629	2106
2630	2109
2630	2113
2630	2117
2630	2120
2632	2124
2632	2128
2631	2131
2632	2135
2632	2139
2633	2142
2632	2146
2632	2150
2633	2153
2634	2157
2636	2161
2636	2165
2636	2169
2637	2172
2637	2176
2638	2180
2639	2184
2639	2187
2639	2191
2640	2195
2640	2199
2640	2202
2641	2206
2640	2210
2640	2213
2642	2217
2643	2221
2642	2225
2641	2228
2641	2232
2642	2236
2642	2239
2642	2243
2642	2247
2642	2250
2641	2254
2642	2258
2642	2262
2642	2265
2641	2269
2642	2273
2642	2276
2642	2280
2643	2284
2643	2288
2644	2292
2644	2295
2645	2299
2644	2303
2643	2306
2644	2310
2645	2314
2644	2318
2644	2322
2644	2325
2644	2329
2645	2333
2646	2337
2646	2341
2645	2344
2647	2348
2646	2352
2647	2356
2647	2360
2647	2364
2647	2367
2646	2371
2647	2375
2648	2379
2648	2383
2648	2386
2647	2390
2647	2394
2648	2398
2649	2402
2651	2406
2649	2409
2648	2413
2647	2417
2647	2420
2649	2425
2651	2429
2651	2433
2650	2436
2650	2440
2651	2444
2651	2448
2652	2452
2652	2456
2650	2459
2650	2463
2650	2467
2650	2471
2652	2475
2653	2479
2651	2483
2651	2487
2653	2491
2653	2495
2653	2499
2655	2503
2656	2507
2656	2511
2656	2515
2655	2519
2654	2523
2655	2527
2656	2531
2657	2535
2657	2539
2656	2543
2657	2547
2656	2550
2656	2554
2656	2558
2656	2562
2655	2566
2654	2569
2653	2573
2655	2578
2656	2582
2656	2586
2656	2590
2656	2594
2655	2597
2655	2601
2655	2605
2655	2609
2656	2613
2654	2617
2654	2621
2654	2625
2654	2629
2653	2632
2654	2637
2653	2640
2651	2644
2651	2648
2651	2652
2651	2655
2649	2659
2649	2663
2649	2667
2648	2671
2648	2675
2649	2679
2648	2683
2647	2686
2647	2691
2649	2695
2650	2699
2649	2703
2649	2707
2648	2711
2648	2715
2649	2719
2650	2724
2650	2728
2650	2732
2650	2736
2649	2740
2649	2744
2648	2748
2649	2752
2650	2757
2650	2761
2648	2764
2648	2768
2648	2772
2648	2776
2647	2780
2648	2784
2650	2790
2651	2794
2649	2797
2647	2801
2647	2805
2647	2809
2646	2813
2648	2818
2651	2823
2652	2828
2651	2832
2652	2836
2652	2840
2651	2844
2652	2849
2651	2852
2650	2856
2650	2860
2650	2865
2649	2868
2649	2873
2651	2878
2650	2882
2651	2886
2651	2890
2650	2894
2650	2898
2650	2903
2648	2906
2649	2911
2649	2915
2648	2919
2649	2924
2650	2929
2650	2933
2650	2937
2651	2942
2649	2945
2649	2949
2648	2953
2648	2958
2647	2962
2646	2966
2647	2970
2646	2974
2646	2978
2647	2983
2648	2988
2647	2992
2646	2996
2646	3000
2648	3006
2648	3010
2647	3014
2646	3018
2646	3022
2646	3027
2646	3031
2646	3035
2647	3040
2647	3045
2647	3049
2646	3053
2645	3057
2644	3061
2644	3066
2646	3071
2645	3075
2645	3080
2645	3084
2645	3088
2646	3093
2646	3098
2645	3102
2644	3106
2642	3109
2641	3113
2641	3118
2642	3123
2641	3127
2618	3119
2597	3113
2586	3111
2580	3113
2577	3115
2574	3118
2571	3121
2570	3125
2573	3131
2584	3142
2610	3160
2636	3179
2640	3186
2640	3190
2638	3194
2638	3199
2639	3204
2639	3208
2640	3214
2641	3219
2641	3223
2639	3227
2639	3232
2640	3237
2640	3242
2640	3247
2641	3252
2641	3257
2640	3261
2640	3265
2640	3270
2640	3275
2640	3280
2639	3284
2637	3287
2637	3292
2636	3297
2638	3303
2639	3308
2638	3312
2637	3316
2636	3320
2636	3326
2637	3331
2636	3335
2638	3341
2638	3346
2638	3350
2636	3355
2636	3359
2636	3364
2635	3368
2634	3372
2634	3377
2634	3383
2634	3387
2633	3392
2632	3396
2630	3400
2631	3405
2633	3411
2631	3415
2631	3420
2632	3426
2631	3430
2631	3435
2631	3440
2631	3445
2631	3450
2629	3454
2628	3458
2628	3463
2627	3468
2627	3473
2627	3478
2628	3483
2628	3489
2628	3494
2627	3498
2627	3503
2626	3508
2623	3511
2624	3516
2624	3522
2624	3527
2623	3531
2621	3536
2621	3540
2621	3545
2620	3550
2622	3557
2622	3562
2621	3566
2620	3571
2621	3577
2621	3582
2620	3587
2621	3592
2618	3596
2618	3601
2621	3609
2622	3615
2622	3620
2623	3626
2623	3631
2625	3638
2624	3643
2623	3647
2621	3652
2621	3657
2620	3662
2619	3666
2618	3671
2617	3676
2615	3679
2613	3683
2613	3689
2613	3695
2612	3699
2611	3704
2610	3709
2610	3714
2610	3719
2610	3725
2610	3730
2609	3735
2607	3739
2607	3745
2606	3750
2605	3754
2604	3759
2602	3763
2600	3767
2601	3774
2604	3781
2602	3785
2600	3790
2598	3794
2597	3799
2597	3804
2596	3809
2595	3814
2595	3820
2594	3825
2592	3829
2591	3834
2591	3839
2590	3845
2587	3848
2592	3857
2591	3863
2590	3868
2588	3872
2587	3877
2586	3882
2584	3886
2583	3891
2582	3896
2580	3900
2572	3900
2559	3894
2553	3896
2552	3900
2550	3904
2549	3910
2551	3917
2562	3932
2574	3949
2573	3953
2571	3958
2569	3962
2568	3968
2567	3972
2565	3977
2563	3981
2562	3986
2562	3992
2562	3999
2560	4003
2560	4009
2559	4014
2558	4019
2557	4025
2556	4030
2555	4035
2554	4040
2552	4045
2552	4051
2551	4057
2550	4062
2550	4068
2549	4073
2545	4076
2543	4080
2543	4087
2543	4093
2541	4097
2539	4102
2535	4105
2533	4109
2533	4115
2532	4121
2531	4126
2531	4133
2532	4140
2531	4146
2529	4150
2525	4153
2523	4157
2525	4166
2524	4171
2522	4176
2519	4179
2516	4183
2515	4188
2516	4196
2516	4203
2515	4208
2276	3982
2274	3985
2272	3989
2269	3992
2267	3997
2269	4011
2265	4013
2262	4016
2259	4019
2257	4023
2489	4269
2489	4275
2484	4277
2482	4282
2481	4288
2478	4292
2475	4295
2473	4300
2472	4306
2469	4309
2465	4313
2464	4319
2465	4326
2465	4333
2463	4338
2459	4341
2455	4344
2455	4350
2452	4354
2450	4359
2448	4364
2446	4368
2444	4374
2444	4381
2442	4386
2439	4390
2438	4395
2435	4399
2432	4403
2430	4409
2429	4414
2426	4418
2422	4421
2421	4427
2421	4434
2416	4436
2413	4440
2411	4445
2411	4452
2409	4457
2408	4463
2406	4468
2404	4474
2403	4480
2400	4484
2397	4488
2394	4492
2392	4497
2390	4502
2389	4508
2387	4513
2385	4518
2383	4523
2384	4533
2382	4537
2378	4540
2374	4544
2371	4547
2366	4549
2362	4552
2359	4556
2356	4560
2355	4566
2351	4569
2346	4571
2341	4573
2339	4578
2336	4582
2335	4588
2331	4591
2327	4594
2324	4598
2319	4600
2316	4604
2313	4608
2311	4614
2306	4615
2302	4618
2299	4622
2296	4627
2293	4631
2289	4634
2289	4642
2286	4645
2282	4649
2279	4652
2276	4657
2274	4662
2271	4666
2268	4670
2265	4675
2262	4679
2259	4683
2255	4686
2252	4690
2247	4692
2243	4695
2241	4700
2238	4705
2235	4709
2232	4713
2228	4717
2224	4720
2221	4724
2218	4728
2216	4733
2212	4736
2206	4737
2202	4740
2200	4745
2197	4749
2194	4754
2192	4760
2189	4764
2185	4767
2181	4770
2177	4773
2173	4776
2169	4779
2165	4781
2161	4785
2158	4790
2154	4793
2152	4798
2149	4802
2146	4806
2142	4810
2139	4814
2136	4818
2132	4822
2129	4826
2126	4830
2122	4834
2119	4837
2115	4840
2111	4844
2109	4850
2108	4858
2108	4866
2106	4873
2104	4878
2100	4882
2097	4885
2093	4889
2089	4893
2086	4896
2082	4899
2077	4902
2074	4906
2070	4909
2066	4913
2063	4917
2060	4922
2057	4925
2052	4928
2047	4930
2044	4934
2040	4937
2036	4941
2032	4943
2027	4945
2022	4947
2017	4948
2012	4950
2008	4953
2004	4956
1999	4958
1994	4959
1989	4960
1984	4962
1980	4966
1976	4968
1971	4969
1966	4971
1962	4974
1957	4977
1953	4978
1949	4982
1944	4985
1941	4988
1937	4991
1934	4996
1930	4999
1925	5001
1920	5002
1913	5001
1909	5004
1905	5007
1901	5011
1897	5013
1893	5017
1889	5020
1884	5021
1879	5023
1874	5024
1870	5027
1865	5028
1860	5030
1856	5033
1851	5035
1846	5036
1840	5037
1836	5038
1831	5040
1826	5042
1822	5045
1817	5046
1812	5048
1807	5049
1802	5051
1798	5054
1794	5057
1789	5059
1784	5060
1780	5062
1774	5062
1769	5064
1765	5066
1761	5069
1756	5072
1752	5074
1748	5077
1743	5078
1738	5080
1733	5081
1728	5083
1724	5086
1720	5089
1716	5092
1711	5094
1705	5092
1701	5097
1697	5100
1693	5102
1689	5105
1685	5109
1681	5112
1677	5115
1673	5119
1669	5121
1664	5123
1659	5124
1654	5126
1651	5130
1647	5133
1642	5136
1638	5139
1635	5143
1631	5147
1627	5150
1623	5153
1617	5153
1612	5154
1607	5155
1602	5157
1597	5159
1593	5161
1588	5163
1584	5165
1580	5169
1576	5173
1571	5174
1567	5176
1562	5178
1557	5180
1553	5182
1548	5183
1543	5184
1538	5186
1533	5188
1529	5191
1525	5194
1521	5197
1516	5199
1511	5200
1507	5202
1502	5205
1498	5207
1494	5210
1490	5214
1485	5216
1481	5218
1476	5221
1472	5223
1467	5225
1463	5228
1459	5231
1455	5235
1451	5238
1447	5241
1442	5242
1437	5245
1433	5248
1429	5251
1424	5253
1420	5257
1416	5259
1411	5260
1406	5261
1401	5262
1397	5265
1392	5268
1388	5271
1384	5275
1379	5275
1374	5276
1369	5277
1364	5278
1359	5280
1354	5282
1350	5285
1345	5287
1341	5290
1337	5293
1332	5294
1327	5296
1322	5297
1318	5299
1313	5301
1308	5303
1304	5305
1299	5307
1294	5309
1290	5312
1285	5313
1279	5312
1274	5312
1269	5313
1263	5312
1258	5312
1253	5313
1249	5317
1245	5321
1240	5323
1236	5325
1231	5327
1226	5329
1221	5330
1216	5331
1211	5330
1205	5330
1200	5331
1195	5332
1190	5334
1185	5334
1180	5335
1176	5337
1172	5341
1168	5345
1163	5346
1158	5349
1154	5350
1148	5351
1144	5353
1140	5356
1135	5358
1130	5358
1125	5360
1120	5361
1116	5364
1111	5365
1106	5368
1101	5368
1095	5366
1090	5367
1085	5367
1080	5369
1075	5370
1070	5371
1065	5370
1060	5371
1055	5372
1050	5375
1045	5375
1040	5377
1036	5378
1031	5380
1026	5382
1021	5382
1016	5382
1011	5382
1006	5384
1001	5385
996	5387
991	5387
986	5388
981	5390
976	5389
971	5390
966	5391
961	5393
957	5395
952	5397
947	5397
942	5398
937	5398
931	5398
927	5401
922	5403
918	5405
913	5406
908	5407
903	5410
899	5412
893	5411
888	5410
882	5409
878	5411
872	5410
867	5411
863	5414
858	5416
853	5418
848	5418
843	5419
839	5421
834	5423
829	5424
825	5427
820	5428
815	5430
810	5430
805	5430
800	5430
795	5431
789	5431
785	5432
779	5432
775	5433
770	5436
765	5436
760	5436
755	5438
750	5440
745	5441
741	5442
735	5442
730	5443
725	5443
720	5443
715	5444
710	5444
705	5443
700	5443
695	5443
690	5444
685	5445
680	5447
675	5448
670	5449
665	5450
660	5450
655	5448
650	5449
645	5450
640	5451
635	5451
630	5452
625	5452
620	5453
615	5454
611	5456
606	5457
601	5458
595	5457
590	5455
585	5455
580	5453
575	5453
569	5453
564	5452
559	5451
554	5451
549	5452
544	5453
540	5456
535	5458
530	5459
525	5458
520	5459
515	5461
511	5465
506	5464
501	5466
496	5468
491	5469
486	5469
481	5470
476	5471
471	5472
466	5472
461	5472
456	5472
451	5473
447	5475
442	5476
436	5475
431	5475
426	5475
421	5474
417	5477
412	5478
407	5477
401	5476
396	5476
392	5478
387	5479
382	5479
377	5479
372	5481
367	5484
362	5484
357	5486
352	5486
347	5485
342	5484
337	5482
332	5480
326	5478
321	5477
316	5476
311	5475
306	5475
301	5478
297	5480
292	5482
287	5485
282	5489
278	5492
273	5494
268	5495
263	5496
258	5496
253	5494
248	5493
243	5492
237	5492
233	5493
228	5494
223	5495
218	5493
213	5493
207	5491
202	5489
197	5487
192	5484
187	5480
182	5480
177	5481
172	5480
167	5478
162	5478
157	5478
152	5480
147	5482
142	5483
137	5485
133	5490
128	5492
123	5492
118	5493
113	5494
108	5496
103	5499
98	5501
93	5501
88	5503
83	5505
78	5509
74	5511
69	5512
64	5513
59	5514
54	5514
49	5513
44	5512
39	5513
34	5512
29	5512
24	5510
18	5507
13	5507
8	5506
3	5504
-2	5501
-7	5499
-12	5495
-17	5493
-22	5493
-27	5492
-32	5491
-37	5490
-42	5489
-47	5489
-67	5022
-71	5024
-75	5022
-80	5019
-84	5019
-88	5022
-93	5020
-97	5011
-101	5004
-106	5002
-110	5001
-114	5002
-119	5004
-123	5005
-127	5004
-132	5002
-136	5003
-140	5004
-145	5011
-149	5020
-154	5020
-158	5018
-162	5019
-167	5024
-171	5025
-176	5024
-180	5019
-212	5517
-215	5469
-220	5470
-225	5468
-230	5469
-235	5468
-239	5468
-244	5467
-249	5465
-254	5464
-259	5463
-264	5461
-269	5456
-273	5451
-278	5447
-283	5445
-288	5443
-292	5442
-297	5441
-302	5439
-307	5436
-312	5435
-317	5436
-322	5436
-326	5435
-331	5433
-336	5433
-341	5434
-346	5433
-351	5432
-356	5432
-361	5431
-365	5431
-370	5428
-375	5427
-380	5426
-385	5423
-389	5420
-394	5417
-399	5416
-404	5417
-409	5418
-414	5418
-418	5415
-423	5414
-428	5412
-433	5411
-437	5409
-442	5410
-447	5410
-452	5411
-457	5411
-462	5411
-467	5410
-472	5410
-477	5409
-481	5408
-486	5407
-491	5409
-496	5407
-501	5407
-506	5405
-511	5405
-515	5403
-520	5400
-525	5402
-530	5402
-535	5401
-540	5400
-544	5399
-549	5398
-554	5397
-559	5395
-563	5394
-568	5393
-573	5395
-578	5394
-583	5392
-588	5390
-592	5390
-598	5391
-603	5391
-608	5391
-612	5391
-617	5391
-622	5391
-627	5391
-632	5390
-637	5389
-642	5389
-647	5389
-652	5388
-656	5387
-661	5387
-667	5388
-672	5391
-676	5389
-681	5386
-686	5385
-691	5385
-696	5386
-701	5385
-706	5385
-711	5385
-716	5384
-721	5384
-725	5383
-730	5382
-735	5380
-739	5378
-744	5378
-749	5378
-754	5378
-759	5376
-764	5376
-769	5375
-774	5375
-778	5374
-783	5372
-788	5371
-792	5369
-797	5368
-802	5367
-807	5365
-811	5362
-816	5361
-820	5359
-825	5357
-830	5355
-834	5353
-839	5351
-843	5349
-848	5348
-853	5347
-858	5346
-863	5345
-867	5343
-872	5342
-877	5341
-881	5339
-886	5338
-891	5336
-895	5334
-900	5332
-904	5331
-909	5330
-914	5328
-919	5327
-923	5326
-928	5326
-933	5325
-938	5324
-943	5323
-947	5321
-952	5321
-957	5320
-962	5319
-967	5318
-971	5316
-976	5313
-981	5313
-986	5313
-990	5312
-995	5311
-1000	5310
-1005	5310
-1010	5311
-1016	5312
-1020	5309
-1025	5308
-1029	5306
-1034	5305
-1039	5304
-1044	5304
-1048	5301
-1052	5297
-1056	5293
-1061	5291
-1065	5288
-1069	5285
-1073	5281
-1078	5280
-1083	5280
-1088	5278
-1092	5277
-1096	5274
-1100	5270
-1105	5268
-1110	5267
-1115	5266
-1119	5265
-1124	5265
-1129	5263
-1134	5264
-1138	5260
-1142	5255
-1146	5252
-1151	5251
-1157	5255
-1164	5260
-1169	5260
-1173	5258
-1178	5259
-1183	5255
-1187	5254
-1192	5252
-1196	5250
-1200	5246
-1204	5242
-1208	5240
-1213	5237
-1217	5235
-1221	5230
-1225	5227
-1229	5225
-1234	5225
-1239	5223
-1243	5222
-1248	5221
-1253	5221
-1258	5220
-1263	5218
-1268	5217
-1272	5216
-1277	5215
-1282	5213
-1286	5210
-1290	5207
-1293	5202
-1298	5200
-1303	5199
-1307	5198
-1312	5195
-1316	5193
-1320	5189
-1324	5186
-1327	5180
-1331	5177
-1335	5173
-1339	5171
-1343	5168
-1347	5166
-1352	5165
-1357	5163
-1361	5161
-1366	5160
-1370	5158
-1375	5157
-1380	5155
-1383	5152
-1387	5146
-1390	5142
-1394	5139
-1398	5136
-1402	5134
-1407	5131
-1410	5127
-1415	5126
-1419	5124
-1425	5125
-1430	5124
-1434	5122
-1439	5120
-1443	5119
-1448	5118
-1453	5117
-1458	5116
-1462	5114
-1467	5113
-1472	5111
-1476	5109
-1480	5106
-1484	5104
-1489	5102
-1494	5101
-1498	5099
-1502	5098
-1507	5096
-1511	5094
-1516	5093
-1521	5093
-1526	5092
-1531	5090
-1535	5088
-1540	5086
-1544	5083
-1548	5080
-1552	5077
-1555	5074
-1559	5071
-1563	5068
-1567	5065
-1571	5062
-1575	5059
-1580	5057
-1585	5056
-1589	5053
-1593	5051
-1597	5049
-1602	5047
-1606	5044
-1610	5042
-1615	5040
-1618	5037
-1622	5034
-1626	5032
-1631	5030
-1636	5029
-1641	5029
-1646	5027
-1649	5023
-1653	5020
-1658	5019
-1663	5018
-1666	5015
-1670	5012
-1674	5008
-1677	5003
-1681	5000
-1686	4999
-1689	4996
-1694	4994
-1698	4991
-1702	4989
-1706	4986
-1710	4982
-1713	4978
-1717	4976
-1722	4975
-1726	4973
-1732	4973
-1737	4973
-1742	4972
-1746	4970
-1751	4967
-1755	4966
-1759	4963
-1762	4959
-1766	4956
-1770	4953
-1775	4951
-1780	4952
-1786	4952
-1792	4953
-1797	4951
-1801	4949
-1806	4948
-1811	4947
-1815	4946
-1820	4944
-1825	4944
-1830	4941
-1833	4938
-1837	4935
-1841	4933
-1846	4931
-1849	4927
-1853	4923
-1856	4920
-1861	4917
-1865	4915
-1869	4913
-1874	4911
-1878	4909
-1882	4906
-1885	4902
-1890	4901
-1895	4899
-1899	4898
-1903	4895
-1907	4892
-1911	4889
-1915	4886
-1920	4885
-1924	4882
-1928	4879
-1932	4877
-1935	4873
-1939	4870
-1943	4868
-1948	4866
-1952	4864
-1956	4860
-1960	4858
-1964	4855
-1968	4853
-1972	4850
-1976	4847
-1979	4843
-1983	4839
-1986	4836
-1990	4834
-1994	4830
-1998	4828
-2003	4826
-2007	4823
-2011	4821
-2015	4818
-2019	4815
-2023	4812
-2027	4811
-2032	4809
-2036	4807
-2040	4804
-2044	4801
-2048	4799
-2052	4796
-2055	4791
-2058	4787
-2062	4784
-2066	4782
-2070	4780
-2074	4777
-2077	4773
-2081	4769
-2085	4767
-2088	4763
-2092	4760
-2096	4758
-2100	4755
-2104	4752
-2109	4751
-2113	4749
-2118	4747
-2123	4745
-2127	4742
-2130	4739
-2133	4735
-2137	4733
-2142	4731
-2145	4726
-2148	4722
-2153	4721
-2158	4720
-2161	4716
-2165	4713
-2167	4708
-2170	4703
-2174	4700
-2177	4698
-2181	4694
-2185	4691
-2188	4688
-2191	4684
-2195	4681
-2199	4679
-2203	4675
-2206	4672
-2210	4669
-2213	4665
-2217	4662
-2221	4659
-2225	4656
-2228	4653
-2232	4650
-2236	4647
-2239	4643
-2243	4641
-2247	4639
-2251	4636
-2256	4634
-2260	4632
-2263	4628
-2267	4624
-2271	4622
-2275	4619
-2278	4616
-2281	4612
-2286	4610
-2290	4608
-2293	4604
-2297	4600
-2300	4597
-2304	4594
-2308	4591
-2312	4589
-2316	4586
-2320	4583
-2324	4581
-2327	4577
-2330	4573
-2334	4571
-2338	4568
-2342	4565
-2345	4561
-2349	4558
-2353	4555
-2356	4551
-2359	4548
-2363	4545
-2367	4543
-2372	4541
-2376	4538
-2379	4535
-2383	4532
-2386	4528
-2389	4524
-2392	4520
-2395	4516
-2398	4512
-2402	4510
-2404	4505
-2407	4501
-2412	4499
-2415	4495
-2417	4491
-2420	4487
-2424	4484
-2427	4480
-2430	4476
-2434	4473
-2438	4470
-2441	4467
-2444	4464
-2447	4459
-2450	4455
-2453	4452
-2457	4449
-2459	4444
-2461	4439
-2464	4436
-2467	4432
-2470	4428
-2474	4425
-2477	4422
-2480	4418
-2483	4414
-2487	4411
-2490	4407
-2493	4403
-2497	4400
-2500	4397
-2503	4393
-2505	4388
-2508	4385
-2512	4381
-2515	4378
-2518	4374
-2520	4370
-2523	4366
-2526	4362
-2529	4358
-2532	4354
-2536	4351
-2539	4348
-2542	4344
-2545	4341
-2549	4338
-2552	4334
-2556	4331
-2560	4328
-2564	4326
-2567	4322
-2569	4317
-2571	4312
-2574	4309
-2577	4305
-2580	4302
-2584	4299
-2587	4295
-2591	4292
-2593	4288
-2596	4284
-2599	4281
-2602	4277
-2605	4273
-2608	4269
-2612	4266
-2616	4263
-2620	4261
-2623	4257
-2624	4252
-2628	4249
-2630	4244
-2634	4242
-2638	4238
-2639	4233
-2641	4228
-2644	4225
-2647	4221
-2649	4217
-2653	4213
-2657	4211
-2660	4207
-2664	4205
-2667	4201
-2668	4196
-2672	4192
-2673	4187
-2675	4183
-2678	4179
-2682	4176
-2686	4173
-2690	4170
-2692	4166
-2693	4161
-2694	4155
-2695	4149
-2697	4145
-2702	4143
-2707	4141
-2710	4138
-2713	4134
-2715	4130
-2718	4126
-2721	4122
-2723	4117
-2724	4112
-2726	4108
-2730	4105
-2733	4101
-2736	4098
-2739	4094
-2742	4090
-2744	4086
-2748	4083
-2752	4080
-2753	4075
-2754	4069
-2757	4066
-2761	4063
-2764	4060
-2769	4058
-2772	4054
-2773	4049
-2774	4044
-2777	4040
-2781	4037
-2785	4035
-2789	4032
-2792	4028
-2794	4023
-2795	4018
-2797	4014
-2800	4010
-2803	4007
-2806	4003
-2808	3999
-2809	3993
-2809	3988
-2811	3983
-2814	3979
-2817	3975
-2819	3971
-2820	3966
-2822	3961
-2821	3955
-2822	3950
-2825	3946
-2828	3943
-2831	3939
-2833	3935
-2836	3931
-2838	3927
-2840	3922
-2841	3917
-2843	3913
-2845	3908
-2848	3904
-2851	3901
-2853	3897
-2855	3892
-2858	3888
-2858	3883
-2860	3879
-2861	3874
-2863	3870
-2866	3865
-2868	3862
-2871	3858
-2872	3853
-2875	3849
-2876	3844
-2876	3838
-2880	3835
-2883	3832
-2883	3826
-2884	3821
-2886	3817
-2889	3813
-2892	3810
-2896	3807
-2899	3803
-2901	3799
-2903	3795
-2905	3791
-2907	3786
-2906	3780
-2906	3775
-2908	3770
-2911	3766
-2914	3763
-2916	3759
-2918	3755
-2920	3750
-2923	3747
-2925	3742
-2927	3739
-2930	3735
-2933	3731
-2935	3727
-2937	3723
-2940	3719
-2943	3716
-2943	3710
-2944	3705
-2946	3701
-2947	3696
-2948	3691
-2948	3685
-2949	3681
-2950	3676
-2952	3672
-2952	3666
-2953	3662
-2953	3655
-2952	3649
-2953	3645
-2954	3640
-2955	3635
-2956	3630
-2951	3622
-2954	3618
-2957	3615
-2960	3611
-2960	3606
-2960	3601
-2961	3596
-2965	3592
-2967	3589
-2968	3584
-2969	3579
-2969	3573
-2970	3569
-2971	3564
-2971	3559
-2969	3552
-2971	3548
-2974	3545
-2976	3540
-2976	3535
-2977	3531
-2978	3526
-2978	3521
-2981	3517
-2983	3513
-2983	3508
-2984	3503
-2984	3497
-2985	3493
-2987	3489
-2986	3483
-2986	3478
-2988	3474
-2990	3470
-2991	3465
-2992	3461
-2993	3456
-2993	3451
-2993	3446
-2993	3441
-2996	3437
-2997	3433
-2997	3427
-2997	3422
-2999	3418
-2998	3413
-3002	3409
-3003	3405
-3004	3401
-3003	3395
-3004	3390
-3005	3386
-3005	3380
-3006	3376
-3007	3372
-3009	3367
-3008	3362
-3009	3357
-3007	3351
-3005	3345
-3005	3340
-3002	3333
-3002	3328
-3004	3324
-3004	3319
-3004	3314
-3003	3308
-3003	3303
-3003	3299
-3004	3294
-3006	3290
-3006	3285
-3008	3281
-3009	3277
-3009	3272
-3005	3265
-3006	3260
-3005	3255
-3006	3251
-3007	3246
-3008	3242
-3006	3236
-3006	3231
-3004	3225
-3005	3221
-3004	3215
-3004	3210
-3004	3205
-3004	3201
-3004	3195
-3003	3190
-3002	3185
-3001	3180
-3001	3175
-3002	3170
-3004	3167
-3005	3162
-3006	3158
-3006	3153
-3006	3148
-3005	3143
-3003	3138
-3004	3133
-3004	3129
-3002	3123
-2998	3116
-3000	3112
-3002	3109
-3002	3104
-3000	3098
-3001	3094
-3003	3090
-3002	3085
-3002	3080
-3004	3076
-3005	3072
-3003	3067
-3001	3061
-3000	3056
-3001	3052
-2997	3045
-2997	3040
-2997	3036
-2998	3032
-2999	3028
-2998	3022
-2996	3017
-2997	3013
-2996	3008
-2995	3003
-2995	2998
-2994	2993
-2995	2989
-2993	2983
-2992	2978
-2990	2973
-2989	2968
-2989	2964
-2989	2959
-2988	2954
-2989	2950
-2987	2944
-2986	2939
-2986	2935
-2987	2931
-2987	2926
-2984	2920
-2984	2916
-2982	2911
-2981	2906
-2978	2900
-2980	2896
-2979	2892
-2979	2887
-2980	2883
-2980	2878
-2978	2874
-2976	2868
-2975	2863
-2973	2858
-2974	2854
-2975	2850
-2974	2845
-2973	2841
-2973	2836
-2967	2829
-2967	2825
-2970	2822
-2969	2817
-2966	2812
-2964	2806
-2964	2802
-2965	2798
-2965	2794
-2963	2789
-2961	2784
-2959	2779
-2959	2774
-2960	2770
-2961	2766
-2957	2760
-2957	2756
-2958	2752
-2957	2748
-2957	2743
-2957	2739
-2956	2735
-2956	2730
-2952	2724
-2951	2720
-2952	2716
-2952	2712
-2951	2707
-2951	2703
-2949	2698
-2947	2693
-2946	2689
-2944	2683
-2942	2679
-2941	2674
-2939	2669
-2939	2665
-2940	2661
-2940	2657
-2938	2652
-2937	2648
-2937	2644
-2937	2639
-2933	2634
-2932	2629
-2934	2626
-2932	2621
-2929	2616
-2929	2612
-2927	2607
-2925	2602
-2924	2598
-2922	2593
-2921	2589
-2921	2585
-2922	2581
-2918	2576
-2916	2571
-2916	2567
-2915	2562
-2915	2558
-2915	2554
-2914	2550
-2914	2546
-2914	2542
-2912	2537
-2910	2532
-2908	2528
-2908	2524
-2909	2520
-2908	2516
-2905	2511
-2903	2506
-2902	2502
-2902	2498
-2899	2493
-2895	2488
-2895	2484
-2894	2480
-2893	2475
-2893	2471
-2892	2467
-2891	2463
-2890	2459
-2890	2455
-2891	2451
-2892	2447
-2890	2443
-2886	2438
-2885	2434
-2885	2430
-2884	2425
-2884	2421
-2882	2417
-2882	2413
-2879	2408
-2876	2404
-2874	2399
-2875	2396
-2874	2392
-2874	2388
-2874	2384
-2874	2380
-2873	2376
-2873	2372
-2863	2366
-2863	2362
-2865	2358
-2863	2354
-2861	2350
-2861	2346
-2861	2342
-2860	2338
-2859	2334
-2858	2330
-2858	2326
-2859	2322
-2859	2318
-2856	2314
-2853	2309
-2853	2306
-2850	2301
-2850	2297
-2849	2293
-2849	2289
-2847	2285
-2847	2281
-2847	2278
-2847	2274
-2846	2270
-2845	2266
-2845	2262
-2844	2258
-2843	2254
-2842	2250
-2842	2246
-2837	2241
-2836	2238
-2835	2234
-2833	2229
-2832	2225
-2831	2222
-2831	2218
-2830	2214
-2829	2210
-2830	2206
-2830	2203
-2828	2199
-2827	2195
-2826	2191
-2824	2187
-2823	2183
-2824	2179
-2824	2175
-2820	2171
-2819	2167
-2818	2163
-2818	2160
-2818	2156
-2816	2152
-2816	2148
-2815	2144
-2813	2140
-2812	2136
-2812	2133
-2814	2129
-2813	2125
-2812	2122
-2812	2118
-2810	2114
-2809	2110
-2807	2106
-2807	2103
-2806	2099
-2807	2095
-2809	2092
-2809	2088
-2812	2085
-2814	2082
-2813	2078
-2808	2073
-2797	2068
-2798	2065
-2800	2061
-2800	2058
-2801	2054
-2799	2050
-2797	2046
-2795	2043
-2797	2039
-2799	2036
-2798	2032
-2798	2028
-2795	2024
-2793	2021
-2790	2017
-2791	2013
-2789	2009
-2788	2006
-2789	2002
-2789	1998
-2788	1995
-2786	1991
-2785	1987
-2785	1984
-2784	1980
-2783	1976
-2783	1973
-2781	1969
-2780	1965
-2779	1961
-2775	1957
-2774	1954
-2771	1950
-2770	1946
-2767	1942
-2766	1939
-2767	1935
-2766	1932
-2765	1928
-2764	1924
-2764	1921
-2764	1917
-2763	1914
-2763	1910
-2762	1906
-2760	1903
-2758	1899
-2757	1895
-2755	1892
-2755	1888
-2755	1885
-2754	1881
-2754	1877
-2752	1874
-2749	1870
-2750	1867
-2751	1863
-2750	1860
-2747	1856
-2748	1852
-2747	1849
-2743	1845
-2738	1841
-2735	1838
-2735	1834
-2732	1830
-2730	1827
-2729	1823
-2729	1820
-2729	1816
-2729	1813
-2726	1809
-2723	1806
-2721	1802
-2719	1799
-2716	1795
-2711	1791
-2710	1788
-2709	1784
-2708	1781
-2705	1777
-2702	1774
-2700	1770
-2700	1767
-2701	1763
-2701	1760
-2701	1756
-2700	1753
-2699	1749
-2698	1746
-2697	1743
-2694	1739
-2692	1736
-2691	1732
-2690	1729
-2689	1725
-2689	1722
-2689	1718
-2689	1715
-2689	1711
-2687	1708
-2686	1705
-2685	1701
-2683	1698
-2682	1694
-2682	1691
-2679	1687
-2679	1684
-2678	1681
-2676	1677
-2675	1674
-2674	1670
-2673	1667
-2671	1664
-2670	1660
-2669	1657
-2668	1653
-2666	1650
-2666	1647
-2665	1643
-2664	1640
-2662	1637
-2661	1633
-2659	1630
-2659	1626
-2658	1623
-2657	1620
-2655	1616
-2655	1613
-2653	1610
-2652	1606
-2652	1603
-2651	1600
-2650	1596
-2649	1593
-2648	1590
-2645	1586
-2643	1583
-2641	1580
-2640	1576
-2638	1573
-2638	1570
-2636	1566
-2635	1563
-2634	1560
-2633	1556
-2632	1553
-2630	1550
-2628	1547
-2627	1543
-2626	1540
-2624	1537
-2623	1533
-2622	1530
-2620	1527
-2619	1524
-2617	1520
-2615	1517
-2615	1514
-2614	1511
-2611	1507
-2610	1504
-2609	1501
-2608	1498
-2607	1494
-2605	1491
-2605	1488
-2604	1485
-2602	1481
-2601	1478
-2600	1475
-2599	1472
-2597	1468
-2596	1465
-2596	1462
-2595	1459
-2594	1455
-2593	1452
-2591	1449
-2590	1446
-2590	1443
-2587	1439
-2586	1436
-2586	1433
-2584	1430
-2583	1427
-2582	1423
-2580	1420
-2579	1417
-2578	1414
-2577	1411
-2576	1407
-2575	1404
-2573	1401
-2572	1398
-2571	1395
-2569	1392
-2567	1389
-2564	1385
-2562	1382
-2560	1379
-2558	1376
-2558	1373
-2557	1370
-2557	1367
-2555	1363
-2554	1360
-2553	1357
-2551	1354
-2550	1351
-2548	1348
-2548	1345
-2547	1341
-2547	1338
-2545	1335
-2545	1332
-2545	1328
-2543	1325
-2542	1322
-2541	1319
-2541	1316
-2539	1313
-2538	1310
-2537	1306
-2536	1303
-2535	1300
-2534	1297
-2531	1294
-2531	1291
-2530	1288
-2529	1285
-2527	1282
-2526	1278
-2525	1275
-2523	1272
-2522	1269
-2521	1266
-2520	1263
-2519	1260
-2518	1257
-2516	1254
-2515	1250
-2514	1247
-2512	1244
-2511	1241
-2510	1238
-2509	1235
-2508	1232
-2506	1229
-2505	1226
-2503	1223
-2502	1220
-2501	1217
-2498	1214
-2498	1211
-2497	1208
-2497	1204
-2494	1202
-2493	1199
-2492	1196
-2490	1193
-2489	1189
-2489	1186
-2488	1183
-2487	1180
-2486	1177
-2485	1174
-2484	1171
-2484	1167
-2482	1164
-2480	1162
-2480	1158
-2477	1156
-2476	1153
-2476	1149
-2474	1146
-2473	1143
-2471	1140
-2470	1137
-2468	1135
-2466	1132
-2466	1128
-2465	1125
-2464	1122
-2462	1119
-2461	1116
-2459	1113
-2456	1111
-2454	1108
-2454	1105
-2452	1102
-2451	1099
-2449	1096
-2448	1093
-2447	1090
-2445	1087
-2444	1084
-2444	1081
-2444	1077
-2443	1074
-2441	1072
-2440	1068
-2440	1065
-2439	1062
-2438	1059
-2436	1056
-2435	1053
-2434	1050
-2433	1047
-2433	1044
-2432	1041
-2431	1038
-2431	1034
-2429	1031
-2428	1028
-2427	1026
-2426	1022
-2425	1019
-2424	1016
-2422	1014
-2422	1010
-2421	1007
-2420	1004
-2418	1001
-2418	998
-2417	995
-2416	992
-2415	989
-2414	986
-2413	983
-2411	980
-2410	977
-2408	974
-2407	971
-2406	968
-2406	965
-2405	962
-2404	959
-2402	956
-2401	953
-2401	950
-2400	947
-2399	944
-2398	941
-2397	937
-2396	934
-2395	931
-2394	928
-2391	926
-2390	923
-2389	920
-2388	917
-2387	914
-2385	911
-2383	908
-2382	905
-2381	902
-2381	899
-2381	895
-2380	892
-2379	889
-2378	886
-2376	883
-2376	880
-2375	877
-2374	874
-2373	871
-2372	868
-2370	865
-2369	862
-2368	859
-2366	857
-2364	854
-2364	850
-2363	847
-2362	844
-2361	841
-2361	838
-2361	835
-2360	832
-2357	829
-2356	826
-2356	823
-2355	820
-2354	817
-2353	814
-2352	811
-2350	808
-2349	805
-2349	801
-2349	798
-2348	795
-2346	792
-2345	789
-2344	786
-2344	783
-2343	780
-2341	777
-2340	774
-2339	771
-2338	768
-2337	764
-2336	761
-2335	758
-2334	756
-2333	753
-2331	750
-2330	747
-2330	743
-2329	740
-2327	737
-2326	734
-2325	731
-2324	728
-2322	726
-2320	723
-2318	720
-2316	718
-2313	715
-2312	712
-2311	709
-2310	707
-2308	704
-2305	701
-2304	699
-2303	696
-2301	693
-2300	690
-2297	688
-2295	685
-2293	682
-2292	679
-2290	677
-2288	674
-2288	671
-2287	667
-2286	664
-2285	661
-2284	658
-2284	655
-2283	652
-2282	649
-2280	646
-2278	644
-2277	640
-2276	637
-2274	635
-2274	631
-2273	628
-2272	625
-2271	622
-2270	619
-2269	615
-2268	613
-2267	610
-2265	607
-2265	604
-2263	601
-2262	598
-2260	595
-2259	592
-2258	589
-2258	585
-2257	582
-2256	579
-2254	576
-2253	573
-2252	570
-2252	567
-2250	564
-2249	561
-2247	558
-2246	555
-2245	552
-2245	549
-2244	545
-2242	543
-2242	539
-2240	536
-2239	534
-2238	530
-2237	527
-2236	524
-2234	521
-2234	518
-2234	514
-2233	511
-2232	508
-2230	505
-2230	502
-2229	499
-2227	496
-2227	492
-2226	489
-2225	486
-2225	483
-2224	479
-2223	476
-2222	473
-2220	470
-2222	465
-2221	462
-2219	459
-2219	456
-2218	453
-2216	450
-2216	447
-2215	443
-2215	439
-2213	437
-2211	434
-2210	431
-2209	428
-2209	424
-2207	421
-2207	418
-2205	415
-2204	412
-2203	408
-2203	405
-2202	402
-2200	399
-2199	396
-2198	392
-2197	389
-2197	386
-2195	383
-2193	380
-2192	377
-2190	375
-2188	372
-2187	368
-2186	365
-2185	362
-2184	359
-2183	356
-2181	353
-2180	350
-2179	346
-2179	343
-2178	339
-2176	337
-2175	334
-2174	330
-2172	328
-2170	325
-2168	322
-2166	319
-2165	317
-2163	314
-2162	311
-2160	308
-2158	305
-2156	302
-2154	300
-2149	300
-2144	299
-2141	297
-2139	294
-2136	292
-2134	290
-2133	287
-2132	284
-2131	280
-2130	277
-2128	274
-2126	272
-2124	269
-2123	266
-2122	262
-2121	259
-2119	256
-2118	253
-2117	250
-2116	247
-2115	243
-2114	240
-2112	237
-2111	234
-2109	231
-2108	228
-2108	224
-2107	221
-2105	218
-2104	215
-2102	212
-2101	209
-2100	206
-2099	202
-2098	198
-2097	195
-2095	193
-2095	189
-2094	185
-2092	182
-2091	179
-2089	176
-2088	173
-2086	170
-2085	167
-2084	164
-2082	161
-2081	157
-2081	154
-2080	150
-2078	148
-2078	143
-2077	140
-2075	137
-2074	134
-2074	130
-2072	126
-2071	123
-2070	120
-2068	117
-2067	114
-2065	111
-2064	108
-2063	104
-2062	101
-2061	97
-2060	94
-2058	91
-2057	88
-2057	83
-2057	79
-2055	76
-2052	74
-2050	71
-2049	68
-2048	64
-2048	60
-2046	57
-2044	55
-2042	52
-2041	49
-2040	45
-2039	42
-2038	38
-2037	35
-2035	31
-2034	28
-2032	25
-2031	22
-2029	19
-2027	16
-2027	12
-2025	9
-2024	5
-2024	1
-2022	-2
-2020	-5
-2019	-8
-2019	-12
-2018	-16
-2016	-19
-2015	-23
-2013	-26
-2013	-30
-2011	-33
-2010	-36
-2009	-40
-2008	-44
-2007	-48
-2006	-51
-2004	-54
-2002	-57
-2001	-61
-2001	-65
-1999	-68
-1998	-72
-1996	-75
-1995	-78
-1993	-81
-1992	-84
-1991	-88
-1989	-91
-1988	-95
-1987	-98
-1986	-102
-1986	-107
-1984	-110
-1982	-113
-1979	-115
-1978	-118
-1977	-122
-1976	-126
-1976	-131
-1974	-134
-1968	-133
-1961	-131
-1957	-132
-1953	-133
-1950	-135
-1949	-138
-1947	-141
-1944	-143
-1936	-141
-1931	-140
-1927	-141
-1918	-137
-1915	-139
-1914	-142
-1914	-147
-1901	-139
-1883	-126
-1874	-122
-1871	-123
-1868	-126
-1867	-129
-1864	-131
-1863	-135
-1861	-137
-1859	-139
-1855	-141
-1852	-142
-1849	-144
-1846	-146
-1844	-148
-1839	-148
-1833	-147
-1827	-146
-1822	-145
-1816	-144
-1811	-143
-1808	-144
-1804	-145
-1800	-146
-1797	-147
-1794	-150
-1792	-152
-1790	-154
-1783	-152
-1776	-149
-1774	-151
-1771	-153
-1770	-157
-1768	-160
-1766	-162
-1765	-166
-1763	-169
-1763	-173
-1735	-148
-1730	-147
-1725	-147
-1722	-148
-1719	-150
-1717	-152
-1715	-155
-1713	-157
-1713	-162
-1711	-165
-1710	-168
-1701	-164
-1689	-155
-1683	-153
-1679	-153
-1674	-152
-1670	-153
-1667	-154
-1664	-155
-1661	-157
-1659	-159
-1655	-160
-1652	-161
-1647	-160
-1642	-159
-1638	-159
-1634	-160
-1630	-159
-1626	-159
-1620	-157
-1614	-156
-1609	-155
-1604	-153
-1599	-152
-1594	-151
-1591	-152
-1588	-154
-1588	-158
-1591	-167
-1589	-169
-1585	-169
-1577	-164
-1572	-164
-1568	-164
-1566	-166
-1560	-164
-1557	-165
-1555	-168
-1553	-170
-1548	-169
-1541	-165
-1535	-162
-1528	-158
-1526	-161
-1523	-162
-1519	-162
-1517	-164
-1506	-155
-1496	-148
-1492	-147
-1490	-150
-1492	-157
-1485	-153
-1481	-153
-1478	-154
-1474	-154
-1470	-153
-1467	-155
-1464	-156
-1463	-159
-1456	-155
-1450	-152
-1446	-151
-1442	-151
-1438	-151
-1432	-148
-1429	-149
-1426	-150
-1422	-150
-1419	-150
-1416	-152
-1414	-154
-1411	-155
-1408	-156
-1404	-155
-1397	-151
-1388	-143
-1378	-135
-1371	-130
-1367	-129
-1363	-129
-1359	-129
-1356	-130
-1352	-128
-1348	-127
-1346	-130
-1345	-133
-1344	-138
-1346	-145
-1347	-151
-1345	-154
-1343	-157
-1342	-160
-1341	-164
-1340	-167
-1337	-169
-1334	-169
-1330	-169
-1327	-169
-1322	-167
-1315	-163
-1312	-164
-1311	-167
-1311	-172
-1310	-176
-1307	-176
-1304	-177
-1301	-178
-1298	-178
-1294	-178
-1291	-179
-1286	-177
-1282	-176
-1279	-176
-1275	-175
-1271	-175
-1268	-176
-1265	-177
-1262	-176
-1259	-177
-1256	-178
-1252	-178
-1248	-177
-1245	-177
-1241	-176
-1238	-177
-1235	-177
-1231	-177
-1228	-177
-1225	-178
-1221	-177
-1217	-176
-1214	-177
-1211	-177
-1208	-177
-1204	-177
-1200	-176
-1196	-175
-1193	-175
-1190	-176
-1188	-177
-1183	-175
-1179	-174
-1176	-175
-1174	-176
-1170	-176
-1167	-177
-1164	-177
-1162	-178
-1158	-178
-1155	-177
-1152	-178
-1149	-178
-1146	-179
-1142	-179
-1139	-178
-1135	-178
-1132	-178
-1129	-177
-1125	-177
-1121	-176
-1118	-175
-1115	-177
-1113	-178
-1110	-179
-1106	-177
-1103	-177
-1100	-178
-1097	-179
-1094	-178
-1091	-179
-1087	-178
-1084	-178
-1081	-178
-1078	-178
-1075	-178
-1071	-178
-1068	-178
-1066	-179
-1062	-178
-1059	-179
-1056	-179
-1053	-180
-1050	-179
-1047	-179
-1044	-179
-1040	-179
-1037	-178
-1034	-177
-1031	-178
-1028	-178
-1025	-179
-1022	-178
-1018	-178
-1015	-178
-1012	-178
-1010	-179
-1007	-180
-1004	-180
-1001	-180
-998	-180
-995	-179
-990	-176
-982	-166
-976	-161
-972	-159
-969	-158
-966	-158
-963	-158
-959	-157
-956	-156
-953	-155
-950	-155
-947	-155
-944	-155
-942	-158
-943	-166
-944	-174
-942	-176
-939	-176
-936	-176
-933	-177
-929	-174
-922	-166
-914	-155
-925	-185
-922	-185
-919	-185
-882	-111
-878	-108
-875	-106
-872	-107
-868	-104
-865	-104
-863	-105
-860	-105
-858	-105
-855	-106
-852	-107
-850	-108
-847	-108
-845	-109
-843	-111
-841	-112
-838	-112
-783	-0
-779	1
-777	0
-774	1
-771	2
-768	4
-765	5
-762	5
-760	4
-758	3
-755	4
-753	2
-751	1
-748	2
-745	3
-742	3
-740	3
-738	1
-735	2
-734	-1
-734	-8
-734	-15
-732	-17
-728	-12
-722	-5
-720	-4
-719	-11
-719	-15
-717	-19
-747	-125
-746	-129
-745	-134
-743	-137
-742	-140
-740	-142
-737	-143
-735	-144
-732	-145
-730	-145
-727	-145
-725	-147
-722	-147
-720	-148
-718	-150
-715	-151
-713	-151
-711	-152
-708	-153
-706	-154
-703	-154
-700	-154
-698	-155
-695	-155
-693	-156
-690	-156
-688	-156
-685	-157
-683	-158
-680	-158
-677	-157
-673	-153
-670	-150
-666	-148
-663	-146
-660	-144
-657	-144
-654	-143
-651	-142
-648	-143
-646	-143
-644	-144
-641	-143
-638	-144
-636	-144
-634	-146
-632	-148
-629	-148
-626	-146
-623	-144
-620	-144
-618	-146
-615	-144
-612	-145
-610	-146
-608	-149
-607	-153
-608	-164
-608	-177
-605	-175
-603	-175
-600	-176
-598	-176
-595	-176
-593	-177
-590	-177
-587	-176
-584	-175
-582	-176
-579	-175
-576	-175
-574	-176
-571	-177
-569	-176
-566	-177
-563	-176
-561	-175
-558	-175
-556	-176
-553	-176
-551	-177
-549	-179
-547	-182
-544	-183
-542	-183
-539	-183
-536	-182
-534	-183
-531	-184
-529	-184
-527	-185
-524	-184
-521	-184
-519	-185
-516	-183
-513	-182
-510	-181
-508	-182
-506	-184
-503	-183
-500	-184
-498	-184
-495	-184
-493	-185
-490	-184
-487	-183
-485	-182
-482	-184
-480	-184
-477	-184
-475	-185
-472	-184
-469	-183
-467	-183
-464	-185
-462	-184
-459	-184
-457	-184
-454	-183
-451	-183
-448	-182
-446	-182
-444	-184
-441	-184
-439	-185
-436	-185
-434	-184
-431	-183
-428	-184
-426	-184
-424	-185
-421	-185
-418	-185
-416	-185
-413	-185
-411	-184
-408	-185
-406	-185
-403	-184
-400	-183
-398	-182
-395	-183
-393	-183
-390	-185
-388	-185
-385	-185
-383	-184
-380	-184
-378	-185
-375	-184
-373	-184
-370	-183
-368	-183
-365	-184
-363	-184
-360	-184
-357	-183
-355	-183
-352	-184
-350	-183
-347	-183
-345	-183
-343	-184
-340	-185
-338	-185
-335	-184
-333	-185
-330	-184
-327	-184
-325	-185
-322	-184
-320	-183
-318	-185
-315	-183
-312	-183
-310	-184
-307	-184
-305	-183
-302	-183
-300	-183
-297	-183
-295	-182
-292	-182
-290	-182
-287	-183
-285	-183
-282	-182
-280	-183
-277	-184
-275	-184
-272	-183
-270	-182
-267	-183
-265	-183
-262	-182
-260	-182
-257	-183
-255	-184
-253	-183
-250	-182
-248	-183
-245	-184
-243	-184
-240	-184
-238	-184
-235	-181
-232	-180
-230	-180
-227	-179
-225	-178
-222	-177
-220	-177
-217	-177
-215	-176
-212	-175
-210	-173
-207	-172
-205	-171
-202	-170
-200	-172
-197	-172
-195	-173
-192	-172
-190	-173
-188	-177
-186	-185
-183	-184
-181	-184
-178	-184
-176	-183
-173	-183
-171	-184
-169	-184
-166	-184
-164	-185
-161	-184
-159	-184
-156	-184
-154	-183
-151	-183
-149	-183
-146	-183
-144	-184
-141	-178
-139	-177
-136	-178
-134	-179
-132	-180
-129	-180
-127	-179
-124	-179
-122	-180
-119	-181
-117	-181
-114	-180
-112	-181
-109	-181
-107	-181
-105	-182
-102	-182
-100	-181
-97	-181
-95	-182
-92	-183
-90	-182
-87	-183
-85	-183
-82	-184
-80	-183
-78	-183
-73	-184
-70	-185
-68	-184
-65	-184
-63	-184
-60	-185
-58	-184
-55	-184
-53	-185
-50	-184
-48	-183
-46	-183
-43	-182
-41	-182
-38	-184
-36	-185
-33	-184
-31	-182
-28	-183
-26	-183
-23	-183
-21	-183
-19	-184
-16	-185
-14	-185
-11	-184
-9	-184
-6	-185
-4	-185
-1	-185
1	-184
4	-183
6	-183
9	-184
11	-184
13	-185
16	-183
18	-184
21	-184
23	-184
26	-183
28	-183
31	-185
33	-185
36	-185
38	-185
41	-184
43	-184
45	-183
48	-183
50	-183
53	-182
55	-183
58	-184
60	-185
63	-185
65	-185
68	-184
70	-184
73	-183
75	-183
77	-183
80	-183
82	-183
85	-184
87	-184
90	-184
92	-184
95	-184
97	-183
100	-182
102	-182
105	-181
107	-183
110	-184
112	-184
115	-184
117	-184
120	-183
122	-184
125	-183
127	-183
130	-183
132	-184
135	-183
137	-184
140	-184
142	-185
145	-184
147	-183
150	-184
152	-185
155	-185
157	-184
159	-184
162	-183
165	-184
167	-185
170	-185
172	-185
175	-185
177	-184
180	-184
182	-184
185	-184
187	-184
189	-184
192	-184
195	-184
197	-184
199	-183
202	-183
205	-184
207	-184
210	-184
212	-183
214	-182
217	-183
220	-183
222	-184
225	-184
227	-182
230	-183
232	-184
235	-184
237	-184
240	-183
242	-183
245	-184
247	-184
250	-184
252	-183
255	-183
257	-183
260	-183
262	-184
265	-183
267	-183
270	-183
273	-185
275	-184
278	-184
280	-183
283	-183
285	-182
288	-183
290	-183
293	-182
295	-183
298	-183
301	-184
303	-184
306	-184
308	-183
311	-184
313	-184
316	-185
319	-184
321	-185
324	-185
326	-183
329	-183
331	-182
334	-182
336	-182
339	-183
341	-182
344	-183
347	-183
349	-183
352	-182
354	-183
358	-186
360	-185
362	-184
365	-183
367	-184
370	-185
373	-185
376	-186
378	-185
381	-185
383	-183
386	-183
388	-184
391	-184
393	-184
396	-183
398	-182
401	-182
403	-182
406	-183
409	-183
411	-180
414	-181
416	-182
419	-183
422	-184
425	-185
428	-185
431	-185
433	-186
435	-184
438	-183
441	-184
443	-184
446	-184
448	-183
451	-182
453	-182
456	-183
459	-183
462	-183
464	-183
467	-183
469	-181
472	-182
475	-184
477	-183
480	-182
483	-182
485	-183
488	-182
491	-183
493	-181
495	-181
498	-181
501	-181
504	-181
506	-181
509	-182
512	-182
515	-182
517	-181
520	-181
522	-180
525	-180
528	-181
531	-181
533	-181
536	-182
540	-184
543	-185
546	-186
548	-184
549	-179
551	-178
554	-177
555	-173
556	-169
557	-162
558	-158
560	-156
562	-154
564	-152
566	-150
567	-146
569	-141
568	-132
570	-130
572	-129
576	-130
578	-130
581	-131
585	-133
591	-143
598	-156
602	-159
602	-153
603	-147
605	-145
608	-144
611	-145
613	-144
617	-148
622	-155
625	-155
628	-155
631	-156
634	-155
636	-153
638	-151
640	-150
642	-148
645	-147
647	-146
649	-146
652	-146
656	-147
660	-152
663	-153
667	-154
670	-155
672	-154
675	-155
678	-156
680	-153
681	-147
682	-144
684	-142
687	-142
690	-141
692	-139
694	-138
701	-149
705	-152
708	-152
711	-152
713	-151
716	-151
718	-149
721	-148
723	-147
725	-146
728	-145
730	-143
733	-143
735	-143
738	-141
740	-140
742	-138
743	-135
745	-131
746	-128
747	-123
748	-118
748	-114
747	-105
721	-24
722	-18
720	-10
721	-6
722	-3
723	1
725	3
728	3
730	3
733	4
736	3
738	4
741	3
745	1
771	4
774	4
777	4
779	4
884	-174
870	-142
878	-151
884	-156
888	-158
891	-158
893	-156
893	-149
893	-144
894	-141
896	-138
898	-136
901	-136
905	-137
911	-143
918	-151
921	-151
923	-149
925	-146
926	-143
928	-141
930	-138
931	-135
933	-133
936	-133
939	-132
943	-134
975	-186
964	-161
974	-172
978	-175
982	-176
986	-176
989	-177
993	-177
997	-179
1001	-179
1004	-180
1007	-179
1010	-179
1012	-177
1016	-177
1019	-178
1023	-178
1026	-178
1030	-179
1033	-179
1036	-178
1040	-180
1043	-180
1047	-180
1049	-179
1053	-179
1056	-179
1060	-179
1063	-180
1066	-179
1069	-178
1073	-179
1076	-179
1080	-179
1083	-179
1086	-178
1090	-180
1094	-180
1097	-179
1099	-177
1102	-176
1101	-170
1101	-164
1102	-160
1102	-155
1103	-151
1102	-145
1102	-139
1102	-134
1102	-129
1104	-127
1107	-126
1111	-126
1114	-126
1118	-127
1122	-128
1126	-129
1129	-129
1133	-129
1137	-130
1142	-132
1148	-136
1154	-140
1160	-143
1165	-147
1170	-149
1173	-148
1174	-143
1175	-141
1181	-144
1193	-156
1204	-167
1212	-174
1218	-177
1222	-177
1226	-178
1229	-178
1233	-178
1238	-180
1243	-182
1247	-182
1252	-184
1256	-185
1260	-186
1263	-185
1267	-185
1271	-185
1270	-179
1268	-170
1268	-165
1276	-172
1289	-185
1293	-185
1297	-185
1300	-183
1297	-175
1299	-172
1301	-170
1304	-169
1308	-169
1311	-168
1314	-167
1317	-166
1320	-166
1325	-166
1329	-167
1333	-166
1336	-166
1340	-167
1348	-171
1354	-174
1364	-183
1367	-182
1369	-179
1373	-179
1376	-178
1379	-176
1382	-175
1386	-176
1390	-175
1394	-176
1398	-176
1401	-174
1403	-173
1407	-172
1411	-173
1418	-176
1422	-176
1425	-175
1430	-176
1432	-173
1435	-172
1440	-173
1441	-170
1444	-168
1446	-166
1449	-164
1452	-163
1455	-162
1458	-161
1463	-162
1472	-167
1476	-168
1482	-170
1484	-168
1486	-165
1489	-163
1493	-163
1498	-165
1507	-170
1510	-169
1515	-170
1517	-167
1521	-167
1523	-164
1523	-159
1526	-157
1527	-154
1530	-152
1531	-150
1533	-147
1536	-145
1539	-143
1541	-141
1544	-140
1547	-138
1551	-138
1553	-136
1556	-134
1559	-132
1563	-132
1567	-132
1569	-129
1572	-128
1579	-130
1592	-140
1596	-140
1598	-137
1601	-136
1605	-135
1609	-134
1612	-134
1621	-138
1624	-137
1628	-137
1642	-147
1644	-144
1642	-137
1645	-135
1651	-137
1654	-135
1657	-134
1663	-135
1670	-138
1675	-138
1679	-137
1684	-138
1685	-134
1687	-132
1690	-130
1695	-130
1700	-131
1704	-130
1708	-130
1715	-132
1721	-133
1722	-129
1725	-128
1730	-128
1733	-126
1737	-125
1741	-124
1746	-125
1751	-125
1759	-129
1764	-129
1767	-127
1773	-128
1781	-131
1785	-131
1788	-128
1783	-119
1782	-113
1790	-116
1792	-114
1796	-113
1800	-112
1803	-110
1807	-109
1811	-108
1818	-110
1829	-116
1834	-116
1837	-114
1838	-110
1840	-108
1844	-107
1847	-105
1851	-104
1855	-103
1863	-106
1871	-108
1874	-106
1878	-106
1883	-105
1887	-104
1897	-109
1903	-110
1908	-109
1915	-110
1921	-111
1924	-109
1928	-108
1933	-108
1937	-107
1942	-107
1950	-109
1954	-108
1959	-108
1963	-107
1967	-106
1968	-102
1968	-97
1968	-92
1970	-89
1972	-86
1977	-86
1984	-87
1994	-91
1997	-89
1998	-85
2001	-83
2004	-81
2009	-80
2014	-80
2021	-81
2031	-85
2037	-86
2040	-83
2043	-81
2050	-82
2060	-86
2064	-85
2069	-84
2079	-87
2086	-88
2087	-85
2088	-81
2091	-78
2093	-75
2088	-67
2090	-63
2093	-61
2097	-59
2102	-59
2107	-59
2114	-59
2121	-61
2132	-64
2141	-67
2147	-67
2152	-66
2156	-65
2164	-66
2172	-68
2167	-59
2161	-49
2172	-53
2183	-57
2183	-53
2185	-49
2187	-46
2192	-45
2198	-45
2205	-46
2212	-47
2222	-49
2236	-55
2250	-61
2255	-60
2257	-57
2260	-55
2266	-54
2271	-53
2274	-51
2277	-48
2280	-46
2288	-46
2291	-45
2296	-43
2303	-44
2312	-45
2322	-48
2323	-44
2322	-38
2320	-32
2322	-28
2323	-25
2325	-22
2327	-18
2327	-14
2328	-9
2328	-4
2327	1
2328	5
2330	8
2332	12
2332	16
2333	20
2333	24
2332	30
2333	34
2336	37
2335	42
2334	47
2336	51
2336	55
2335	60
2335	65
2337	68
2338	72
2340	75
2340	80
2340	84
2340	89
2334	98
2334	102
2335	106
2338	108
2334	115
2334	120
2337	123
2341	125
2341	129
2337	136
2336	141
2336	145
2337	149
2338	153
2337	158
2335	164
2334	169
2333	174
2333	179
2333	183
2334	187
2335	190
2335	195
2335	199
2334	204
2336	207
2336	212
2336	216
2337	220
2338	223
2336	229
2338	232
2341	234
2342	238
2341	243
2343	246
2342	251
2341	256
2341	260
2342	264
2344	267
2344	271
2345	275
2346	278
2347	282
2346	287
2348	290
2349	294
2349	298
2350	301
2352	305
2353	308
2353	312
2354	316
2356	319
2357	323
2357	327
2357	331
2357	335
2358	339
2358	343
2358	347
2358	351
2359	355
2359	359
2359	363
2361	367
2362	370
2363	373
2363	377
2364	381
2364	385
2364	389
2364	394
2366	397
2366	401
2365	405
2368	408
2369	411
2370	415
2370	419
2370	423
2370	427
2371	431
2373	434
2374	437
2374	441
2375	445
2376	448
2376	452
2376	456
2377	460
2376	464
2377	468
2379	471
2381	474
2380	478
2381	482
2382	485
2382	489
2383	493
2383	497
2384	500
2385	504
2386	507
2386	511
2386	515
2387	519
2388	522
2390	525
2394	527
2397	529
2400	532
2403	534
2407	536
2411	539
2413	542
2418	543
2421	546
2424	548
2423	553
2423	557
2421	562
2420	566
2421	570
2423	573
2424	576
2425	580
2426	583
2425	587
2424	592
2425	595
2426	599
2426	602
2426	606
2425	611
2426	614
2427	618
2428	621
2428	625
2430	628
2430	632
2430	636
2430	639
2431	643
2431	647
2432	650
2433	654
2433	657
2434	661
2433	665
2434	669
2433	673
2433	677
2433	680
2434	684
2436	687
2437	690
2437	694
2438	697
2438	701
2439	705
2438	709
2438	712
2438	716
2438	720
2439	724
2440	727
2441	730
2441	734
2442	738
2441	741
2440	745
2440	749
2441	753
2441	756
2442	760
2442	764
2442	767
2442	771
2442	775
2442	779
2443	782
2443	785
2446	788
2447	792
2448	795
2449	798
2450	802
2451	805
2451	809
2451	812
2451	816
2453	819
2453	823
2453	827
2453	830
2454	834
2455	837
2455	840
2455	844
2455	848
2455	852
2456	855
2456	859
2457	862
2458	865
2459	868
2459	872
2460	876
2460	879
2460	883
2461	886
2462	890
2462	893
2462	897
2462	900
2462	904
2463	907
2463	911
2463	915
2464	918
2466	921
2467	924
2467	928
2466	932
2468	935
2469	938
2469	942
2469	946
2470	949
2470	952
2470	956
2470	960
2470	963
2471	967
2473	970
2473	973
2476	976
2476	979
2477	983
2478	986
2478	990
2479	993
2479	997
2481	1000
2482	1003
2483	1006
2483	1010
2483	1013
2483	1017
2484	1020
2485	1023
2484	1027
2484	1031
2483	1035
2483	1038
2484	1042
2485	1045
2485	1048
2486	1052
2487	1055
2488	1058
2486	1062
2486	1066
2487	1069
2487	1073
2488	1076
2490	1079
2491	1083
2492	1086
2492	1089
2493	1093
2494	1096
2494	1100
2494	1103
2495	1106
2495	1110
2495	1113
2496	1117
2496	1120
2496	1124
2496	1127
2498	1130
2498	1134
2498	1137
2499	1141
2499	1144
2499	1148
2500	1151
2502	1154
2501	1158
2501	1161
2501	1165
2502	1168
2503	1171
2504	1175
2505	1178
2505	1181
2506	1185
2507	1188
2505	1192
2505	1195
2506	1199
2505	1202
2506	1206
2509	1209
2510	1212
2510	1215
2510	1219
2511	1222
2512	1226
2511	1229
2512	1233
2512	1236
2512	1239
2514	1243
2514	1246
2515	1249
2514	1253
2515	1256
2516	1260
2516	1263
2517	1267
2517	1270
2518	1273
2519	1277
2520	1280
2519	1283
2521	1287
2520	1290
2522	1293
2521	1297
2522	1300
2522	1304
2523	1307
2524	1311
2524	1314
2525	1317
2525	1321
2526	1324
2527	1327
2527	1331
2528	1334
2529	1337
2530	1341
2530	1344
2531	1348
2530	1351
2531	1355
2531	1358
2532	1361
2532	1365
2532	1368
2532	1372
2532	1375
2533	1378
2534	1382
2534	1385
2534	1389
2535	1392
2538	1395
2537	1399
2538	1402
2539	1405
2538	1409
2539	1412
2540	1416
2539	1419
2541	1422
2540	1426
2540	1429
2541	1433
2541	1436
2541	1440
2542	1443
2541	1447
2542	1450
2544	1453
2544	1457
2544	1460
2545	1463
2544	1467
2545	1470
2544	1474
2546	1477
2547	1480
2547	1484
2548	1487
2548	1491
2549	1494
2549	1498
2550	1501
2551	1504
2551	1508
2551	1511
2551	1515
2551	1518
2551	1522
2552	1525
2552	1528
2553	1532
2553	1535
2553	1539
2555	1542
2557	1545
2557	1549
2557	1552
2557	1556
2557	1559
2557	1562
2558	1566
2559	1569
2560	1573
2561	1576
2562	1579
2562	1583
2563	1586
2564	1590
2564	1593
2564	1597
2565	1600
2565	1603
2565	1607
2566	1610
2567	1614
2568	1617
2568	1621
2569	1624
2569	1628
2569	1631
2572	1634
2573	1638
2573	1641
2571	1645
2571	1648
2573	1652
2573	1655
2572	1659
2575	1662
2578	1665
2579	1669
2578	1672
2578	1676
