2638	1674
2637	1677
2639	1681
2639	1684
2640	1688
2639	1692
2640	1699
2640	1702
2639	1706
2639	1709
2639	1713
2642	1716
2644	1720
2644	1723
2645	1727
2644	1731
2645	1734
2647	1738
2646	1741
2646	1745
2645	1748
2645	1752
2646	1755
2644	1759
2644	1762
2644	1766
2645	1770
2645	1773
2646	1777
2649	1780
2649	1784
2649	1787
2650	1791
2650	1795
2649	1798
2651	1802
2652	1805
2651	1809
2651	1812
2651	1816
2652	1820
2652	1823
2653	1827
2650	1830
2648	1834
2649	1837
2652	1841
2653	1845
2651	1848
2649	1852
2650	1855
2652	1859
2653	1862
2652	1866
2651	1870
2651	1873
2651	1877
2650	1880
2650	1884
2651	1887
2652	1891
2652	1895
2651	1898
2651	1902
2654	1905
2656	1909
2655	1913
2654	1916
2654	1920
2657	1924
2658	1927
2658	1931
2659	1935
2661	1938
2660	1942
2658	1945
2658	1949
2659	1953
2659	1956
2660	1960
2660	1964
2661	1967
2662	1971
2661	1974
2662	1978
2664	1982
2663	1985
2664	1989
2663	1993
2663	1996
2664	2000
2666	2004
2665	2007
2665	2011
2667	2015
2666	2018
2666	2022
2666	2026
2667	2029
2668	2033
2669	2037
2668	2040
2668	2044
2670	2048
2668	2051
2668	2055
2666	2058
2668	2062
2671	2066
2672	2070
2670	2074
2669	2077
2668	2081
2670	2084
2671	2088
2672	2092
2672	2096
2674	2100
2675	2103
2675	2107
2675	2111
2675	2115
2675	2118
2675	2122
2676	2126
2678	2130
2677	2133
2677	2137
2675	2140
2675	2144
2675	2148
2675	2151
2678	2155
2679	2159
2679	2163
2677	2166
2677	2170
2679	2174
2678	2178
2679	2182
2680	2185
2680	2189
2680	2193
2681	2197
2681	2201
2680	2204
2680	2208
2679	2211
2680	2215
2682	2219
2682	2223
2682	2227
2682	2231
2684	2235
2686	2239
2683	2242
2684	2246
2684	2250
2683	2253
2683	2257
2683	2261
2685	2265
2684	2268
2685	2272
2686	2276
2685	2280
2685	2284
2684	2287
2685	2291
2687	2295
2687	2299
2688	2303
2688	2307
2688	2311
2688	2315
2686	2318
2687	2322
2689	2326
2690	2330
2690	2334
2689	2338
2688	2341
2689	2345
2686	2348
2686	2352
2689	2356
2690	2361
2690	2364
2690	2368
2689	2372
2690	2376
2691	2380
2691	2384
2691	2388
2691	2392
2691	2395
2692	2400
2692	2403
2692	2407
2692	2411
2692	2415
2692	2419
2692	2423
2693	2427
2694	2431
2694	2435
2694	2439
2693	2442
2692	2446
2696	2451
2697	2455
2697	2459
2693	2462
2696	2466
2698	2471
2699	2475
2697	2478
2696	2482
2698	2486
2697	2490
2698	2494
2699	2499
2700	2503
2698	2506
2698	2510
2698	2514
2698	2518
2698	2522
2700	2527
2698	2530
2699	2534
2700	2538
2702	2543
2700	2546
2700	2550
2701	2555
2702	2559
2701	2562
2701	2567
2703	2571
2706	2576
2705	2580
2703	2583
2704	2587
2703	2591
2704	2595
2704	2599
2705	2604
2706	2608
2706	2612
2705	2616
2706	2620
2707	2625
2707	2629
2706	2632
2706	2636
2705	2640
2705	2644
2709	2650
2708	2653
2707	2657
2707	2661
2707	2665
2707	2669
2709	2674
2707	2678
2707	2682
2708	2686
2708	2690
2709	2694
2708	2698
2709	2703
2708	2706
2708	2711
2710	2715
2709	2719
2709	2723
2707	2727
2708	2731
2708	2736
2710	2740
2710	2745
2710	2749
2709	2752
2708	2756
2709	2761
2709	2765
2709	2769
2710	2774
2710	2778
2710	2782
2709	2786
2712	2791
2712	2796
2712	2800
2711	2804
2710	2808
2709	2811
2708	2815
2707	2819
2708	2824
2710	2828
2709	2832
2711	2837
2712	2842
2713	2847
2712	2851
2713	2855
2713	2860
2710	2863
2712	2868
2714	2873
2716	2878
2713	2881
2713	2885
2713	2890
2713	2894
2714	2899
2717	2904
2717	2909
2715	2912
2714	2916
2713	2920
2714	2925
2714	2929
2714	2934
2716	2939
2714	2942
2712	2946
2712	2950
2712	2954
2714	2960
2716	2965
2716	2969
2714	2973
2714	2978
2715	2982
2715	2987
2713	2990
2711	2994
2714	3000
2711	3003
2710	3007
2711	3011
2711	3016
2711	3020
2711	3025
2713	3030
2713	3035
2711	3038
2711	3043
2713	3048
2712	3052
2712	3057
2713	3062
2713	3066
2712	3070
2711	3074
2712	3079
2711	3083
2708	3087
2706	3090
2712	3098
2714	3103
2713	3108
2713	3112
2714	3117
2713	3121
2714	3126
2715	3131
2702	3129
2676	3120
2662	3118
2651	3116
2647	3119
2644	3122
2641	3125
2641	3129
2642	3134
2648	3142
2676	3162
2704	3181
2709	3189
2710	3194
2711	3199
2712	3204
2712	3209
2711	3214
2711	3218
2711	3223
2711	3227
2709	3231
2713	3238
2712	3242
2711	3247
2711	3251
2711	3256
2711	3261
2713	3267
2712	3271
2709	3275
2709	3279
2706	3282
2707	3287
2708	3293
2707	3297
2705	3301
2707	3307
2706	3312
2706	3316
2704	3320
2703	3324
2704	3330
2703	3334
2702	3338
2701	3343
2700	3347
2702	3353
2700	3357
2699	3361
2699	3366
2700	3371
2699	3376
2699	3381
2700	3387
2699	3391
2701	3397
2699	3401
2698	3405
2696	3409
2694	3413
2694	3418
2694	3423
2695	3429
2695	3434
2694	3438
2694	3443
2694	3448
2690	3451
2690	3456
2692	3462
2693	3468
2691	3472
2689	3475
2690	3481
2690	3486
2688	3491
2687	3495
2686	3499
2686	3505
2686	3510
2687	3515
2688	3521
2687	3526
2684	3529
2685	3535
2685	3540
2685	3546
2685	3550
2683	3555
2681	3559
2683	3565
2681	3569
2680	3574
2680	3579
2681	3585
2681	3590
2679	3594
2679	3599
2678	3604
2679	3610
2676	3614
2675	3618
2675	3623
2672	3627
2672	3632
2671	3637
2670	3641
2671	3647
2672	3654
2671	3659
2670	3663
2669	3668
2668	3673
2667	3678
2666	3682
2665	3687
2664	3692
2665	3698
2664	3703
2662	3707
2659	3710
2659	3716
2660	3722
2659	3726
2657	3731
2658	3737
2657	3742
2656	3747
2656	3752
2656	3758
2655	3763
2654	3768
2654	3773
2652	3777
2650	3781
2649	3786
2647	3790
2645	3794
2645	3800
2651	3811
2651	3816
2649	3821
2647	3824
2644	3828
2640	3831
2641	3837
2639	3841
2638	3847
2640	3854
2639	3859
2636	3862
2637	3869
2634	3872
2632	3876
2635	3885
2635	3891
2636	3897
2634	3902
2635	3908
2635	3914
2633	3918
2630	3922
2619	3919
2606	3914
2601	3916
2598	3919
2594	3922
2594	3928
2591	3931
2590	3936
2589	3942
2592	3950
2607	3969
2616	3982
2614	3987
2611	3990
2607	3993
2607	3999
2608	4006
2607	4012
2606	4017
2605	4022
2604	4027
2603	4032
2601	4037
2600	4042
2602	4050
2602	4056
2598	4059
2595	4063
2594	4068
2591	4072
2590	4077
2589	4082
2588	4088
2588	4094
2587	4099
2586	4105
2583	4108
2581	4113
2581	4119
2580	4126
2577	4129
2576	4134
2577	4141
2573	4144
2570	4148
2569	4153
2566	4157
2564	4162
2565	4169
2563	4174
2562	4179
2559	4183
2558	4189
2559	4196
2557	4201
2301	3962
2297	3963
2294	3967
2289	3968
2289	3974
2286	3977
2286	3983
2291	4000
2288	4003
2285	4006
2282	4009
2282	4015
2276	4016
2540	4284
2536	4287
2533	4291
2531	4296
2528	4300
2525	4304
2523	4309
2519	4311
2516	4315
2513	4319
2512	4324
2512	4332
2511	4337
2508	4341
2504	4344
2501	4348
2498	4352
2495	4356
2493	4360
2491	4365
2488	4369
2484	4372
2482	4377
2480	4382
2478	4387
2477	4393
2474	4397
2471	4401
2469	4405
2466	4410
2465	4416
2462	4420
2459	4424
2456	4427
2453	4431
2450	4435
2447	4439
2445	4444
2442	4449
2440	4453
2437	4457
2433	4461
2434	4468
2432	4473
2429	4477
2426	4482
2423	4486
2421	4491
2417	4494
2414	4497
2411	4501
2407	4505
2404	4509
2402	4514
2400	4519
2399	4525
2396	4529
2394	4534
2392	4540
2392	4547
2388	4551
2383	4552
2378	4553
2375	4557
2371	4561
2366	4563
2362	4565
2358	4569
2355	4572
2351	4576
2349	4580
2344	4583
2343	4588
2340	4593
2338	4598
2336	4604
2334	4609
2331	4613
2327	4616
2323	4619
2320	4623
2317	4627
2315	4633
2313	4637
2309	4641
2306	4645
2303	4649
2298	4651
2296	4656
2294	4662
2292	4668
2290	4673
2286	4676
2282	4679
2280	4684
2278	4689
2275	4694
2272	4699
2269	4703
2265	4706
2263	4712
2260	4716
2257	4719
2253	4723
2251	4728
2247	4732
2243	4735
2240	4739
2238	4745
2236	4750
2233	4754
2227	4755
2223	4758
2222	4765
2220	4770
2215	4772
2211	4775
2208	4780
2205	4784
2202	4789
2198	4792
2194	4794
2189	4796
2185	4800
2182	4804
2179	4807
2174	4810
2170	4813
2165	4815
2160	4816
2156	4819
2153	4824
2150	4828
2148	4834
2146	4839
2142	4843
2138	4846
2134	4850
2131	4854
2128	4859
2125	4863
2121	4865
2117	4869
2113	4873
2109	4875
2105	4878
2102	4882
2097	4885
2093	4888
2090	4892
2087	4897
2084	4902
2080	4905
2076	4908
2072	4911
2069	4915
2064	4918
2060	4920
2056	4923
2052	4927
2048	4930
2045	4935
2041	4938
2038	4941
2033	4943
2028	4946
2025	4949
2021	4953
2017	4956
2012	4958
2008	4960
2004	4964
2001	4968
1997	4973
1994	4976
1990	4981
1987	4984
1984	4990
1981	4994
1976	4996
1973	5001
1970	5006
1966	5009
1964	5015
1960	5018
1955	5020
1952	5024
1948	5028
1945	5033
1941	5037
1937	5039
1933	5044
1930	5049
1927	5052
1922	5054
1916	5054
1912	5057
1908	5062
1905	5066
1902	5070
1898	5074
1893	5076
1888	5078
1884	5081
1880	5085
1876	5087
1872	5091
1869	5096
1865	5099
1862	5104
1859	5109
1856	5114
1852	5117
1848	5121
1844	5124
1840	5128
1837	5133
1833	5136
1829	5139
1824	5143
1822	5149
1818	5153
1814	5156
1810	5159
1806	5163
1802	5166
1798	5170
1795	5175
1790	5177
1785	5179
1781	5181
1777	5184
1773	5188
1768	5191
1764	5194
1760	5197
1756	5201
1752	5204
1747	5206
1743	5210
1739	5214
1736	5218
1731	5221
1727	5224
1723	5228
1720	5233
1716	5236
1711	5239
1707	5241
1701	5241
1697	5244
1694	5250
1690	5255
1686	5258
1681	5261
1677	5264
1673	5266
1668	5269
1664	5272
1660	5276
1656	5280
1652	5283
1647	5286
1642	5286
1637	5288
1632	5290
1627	5291
1622	5292
1617	5295
1613	5298
1609	5302
1604	5304
1599	5305
1594	5307
1590	5310
1585	5313
1581	5317
1577	5320
1573	5323
1569	5327
1564	5330
1560	5333
1554	5333
1550	5337
1547	5342
1543	5347
1539	5350
1534	5353
1529	5353
1525	5357
1520	5359
1515	5361
1511	5364
1506	5366
1502	5369
1496	5370
1492	5372
1487	5374
1482	5375
1476	5376
1471	5377
1466	5379
1461	5381
1457	5384
1452	5386
1447	5388
1442	5389
1437	5391
1432	5392
1427	5394
1422	5396
1418	5398
1413	5400
1407	5400
1402	5402
1398	5405
1394	5410
1390	5414
1386	5417
1381	5421
1377	5423
1372	5426
1368	5429
1363	5432
1359	5436
1355	5439
1350	5442
1346	5445
1341	5446
1335	5447
1330	5447
1324	5448
1320	5451
1315	5454
1311	5457
1307	5461
1302	5464
1297	5466
1293	5468
1289	5473
1283	5473
1277	5471
1271	5471
1267	5473
1263	5478
1259	5483
1255	5487
1250	5490
1245	5491
1240	5492
1235	5494
1230	5497
1226	5500
1221	5503
1216	5504
1211	5507
1206	5509
1201	5508
1196	5510
1191	5513
1186	5515
1182	5518
1176	5519
1171	5519
1166	5522
1161	5523
1157	5527
1152	5530
1148	5533
1143	5535
1137	5534
1132	5536
1128	5540
1123	5541
1118	5543
1112	5544
1107	5545
1102	5546
1096	5546
1091	5546
1086	5547
1081	5548
1076	5550
1071	5554
1066	5555
1061	5554
1055	5554
1050	5554
1045	5556
1039	5557
1034	5559
1029	5559
1024	5559
1019	5562
1014	5565
1009	5567
1004	5568
999	5568
994	5569
988	5570
984	5573
979	5574
973	5574
968	5575
963	5576
957	5576
952	5576
947	5577
942	5579
937	5580
931	5580
926	5580
920	5580
915	5580
910	5581
905	5582
900	5584
895	5585
890	5587
884	5588
879	5588
874	5588
868	5588
863	5589
858	5590
853	5591
848	5591
842	5589
836	5590
831	5591
827	5594
822	5598
818	5601
813	5605
809	5611
804	5615
799	5617
794	5618
789	5620
784	5622
780	5625
774	5626
770	5628
765	5631
759	5630
754	5630
749	5631
743	5632
738	5634
733	5634
728	5636
723	5638
718	5641
714	5644
708	5645
703	5646
698	5647
693	5650
688	5653
683	5655
678	5657
673	5658
668	5659
663	5660
657	5659
652	5658
647	5659
642	5662
637	5664
632	5665
626	5666
621	5665
615	5665
610	5666
605	5666
599	5665
594	5664
589	5664
583	5665
578	5667
573	5667
568	5667
562	5668
557	5667
552	5668
546	5668
541	5668
537	5674
532	5679
527	5679
521	5678
516	5677
510	5676
505	5677
500	5678
495	5680
490	5679
484	5679
479	5681
474	5682
469	5682
463	5683
458	5685
453	5686
448	5686
443	5687
437	5686
432	5687
427	5689
422	5691
417	5694
412	5697
407	5700
402	5702
397	5701
391	5700
386	5699
381	5702
375	5703
370	5704
365	5705
360	5706
355	5707
349	5707
344	5707
339	5706
333	5707
328	5708
323	5706
317	5707
312	5708
307	5710
302	5710
297	5710
291	5709
286	5707
280	5708
275	5711
270	5716
265	5717
260	5717
255	5715
249	5716
244	5717
239	5716
233	5717
228	5717
223	5717
218	5719
213	5721
207	5722
202	5720
196	5718
191	5719
186	5721
181	5722
176	5724
170	5724
165	5725
160	5727
155	5731
150	5732
144	5733
139	5734
134	5735
129	5736
123	5737
118	5738
113	5738
108	5741
102	5733
96	5725
91	5722
85	5715
80	5710
74	5706
69	5705
64	5706
59	5704
53	5703
48	5705
43	5705
38	5706
32	5709
27	5709
22	5709
17	5708
11	5705
6	5700
1	5693
-5	5688
-10	5685
-15	5678
-21	5677
-26	5679
-31	5681
-36	5684
-41	5689
-47	5691
-52	5691
-57	5690
-62	5690
-68	5691
-73	5693
-78	5694
-83	5690
-88	5688
-94	5687
-99	5688
-104	5688
-109	5686
-115	5713
-115	5020
-119	5021
-124	5022
-128	5021
-132	5018
-137	5016
-141	5017
-146	5018
-150	5013
-154	5004
-158	4999
-162	4999
-167	4997
-171	4992
-175	4992
-180	4992
-184	4994
-188	4998
-193	4999
-197	5003
-202	5015
-207	5021
-211	5018
-215	5017
-220	5019
-224	5022
-229	5022
-233	5020
-237	5020
-284	5717
-288	5694
-293	5694
-298	5694
-304	5692
-309	5692
-314	5693
-319	5692
-325	5691
-330	5690
-335	5690
-340	5689
-345	5689
-351	5688
-356	5687
-361	5688
-366	5687
-372	5686
-377	5684
-382	5681
-387	5681
-392	5681
-398	5683
-403	5683
-408	5683
-413	5682
-418	5679
-423	5677
-429	5676
-434	5676
-439	5674
-444	5673
-449	5672
-454	5672
-460	5670
-465	5670
-470	5669
-476	5672
-481	5669
-486	5668
-491	5664
-495	5659
-500	5656
-505	5653
-510	5650
-515	5649
-520	5649
-525	5647
-531	5647
-536	5650
-542	5650
-547	5648
-552	5648
-557	5648
-563	5650
-568	5651
-573	5650
-578	5648
-583	5646
-588	5645
-593	5645
-599	5643
-604	5643
-609	5643
-614	5644
-620	5644
-625	5644
-630	5644
-635	5642
-640	5641
-646	5639
-651	5637
-656	5638
-661	5637
-666	5637
-672	5637
-677	5636
-682	5633
-686	5630
-691	5628
-697	5628
-702	5629
-707	5628
-712	5628
-717	5626
-723	5625
-728	5623
-733	5623
-738	5623
-744	5625
-749	5624
-754	5623
-759	5621
-764	5619
-769	5617
-774	5616
-779	5612
-784	5611
-789	5610
-794	5608
-799	5607
-804	5606
-809	5605
-814	5603
-819	5599
-824	5598
-829	5599
-835	5600
-840	5598
-844	5594
-849	5592
-853	5587
-858	5584
-863	5582
-868	5581
-873	5579
-878	5578
-884	5578
-889	5577
-893	5574
-898	5573
-903	5572
-908	5570
-913	5569
-918	5568
-924	5568
-929	5567
-934	5566
-939	5564
-944	5564
-949	5562
-954	5562
-960	5561
-964	5559
-970	5560
-976	5562
-981	5562
-986	5560
-991	5557
-996	5556
-1001	5556
-1007	5558
-1012	5557
-1018	5557
-1023	5559
-1028	5557
-1033	5553
-1038	5551
-1042	5549
-1048	5549
-1053	5547
-1058	5547
-1063	5547
-1069	5548
-1074	5548
-1079	5546
-1084	5543
-1089	5543
-1095	5542
-1100	5541
-1105	5541
-1110	5540
-1115	5539
-1120	5538
-1125	5536
-1130	5532
-1134	5529
-1139	5527
-1145	5528
-1150	5528
-1154	5524
-1159	5522
-1164	5519
-1169	5518
-1174	5516
-1179	5515
-1185	5515
-1190	5515
-1195	5514
-1200	5513
-1205	5511
-1210	5509
-1215	5506
-1220	5507
-1225	5506
-1230	5503
-1234	5500
-1240	5500
-1245	5498
-1249	5496
-1254	5492
-1258	5490
-1264	5489
-1269	5489
-1275	5489
-1279	5486
-1284	5483
-1287	5477
-1292	5474
-1296	5471
-1301	5468
-1306	5466
-1311	5465
-1316	5464
-1321	5463
-1326	5462
-1332	5462
-1337	5461
-1342	5460
-1347	5459
-1352	5457
-1357	5455
-1363	5456
-1369	5457
-1374	5457
-1379	5456
-1385	5456
-1390	5454
-1394	5452
-1399	5449
-1404	5447
-1409	5446
-1415	5447
-1420	5447
-1425	5445
-1430	5442
-1435	5441
-1441	5441
-1446	5440
-1450	5436
-1453	5428
-1457	5427
-1463	5426
-1468	5424
-1472	5421
-1477	5418
-1481	5416
-1485	5411
-1488	5405
-1493	5402
-1497	5399
-1501	5395
-1506	5392
-1510	5389
-1515	5388
-1520	5386
-1525	5386
-1531	5386
-1536	5385
-1541	5384
-1546	5381
-1550	5378
-1555	5375
-1560	5374
-1565	5373
-1570	5370
-1574	5367
-1578	5363
-1583	5360
-1587	5358
-1591	5354
-1595	5351
-1600	5348
-1604	5344
-1608	5341
-1613	5339
-1618	5337
-1622	5334
-1627	5333
-1632	5330
-1636	5327
-1640	5323
-1643	5317
-1648	5314
-1653	5314
-1658	5312
-1663	5311
-1668	5310
-1673	5308
-1679	5308
-1684	5308
-1689	5307
-1694	5304
-1699	5301
-1702	5297
-1706	5293
-1710	5290
-1715	5286
-1719	5283
-1723	5280
-1728	5279
-1733	5278
-1738	5276
-1743	5273
-1747	5270
-1751	5267
-1756	5265
-1761	5264
-1765	5260
-1769	5256
-1774	5254
-1778	5252
-1783	5250
-1789	5249
-1793	5247
-1798	5245
-1803	5243
-1806	5238
-1810	5234
-1814	5231
-1819	5230
-1824	5228
-1830	5227
-1835	5226
-1840	5224
-1844	5222
-1849	5219
-1853	5215
-1857	5212
-1861	5210
-1868	5211
-1872	5209
-1877	5206
-1882	5205
-1887	5202
-1891	5200
-1896	5198
-1902	5198
-1906	5195
-1912	5194
-1916	5191
-1920	5187
-1924	5184
-1929	5182
-1933	5179
-1938	5177
-1943	5175
-1948	5173
-1952	5170
-1956	5167
-1959	5163
-1963	5158
-1968	5156
-1972	5153
-1977	5151
-1981	5148
-1985	5145
-1989	5141
-1992	5136
-1995	5130
-2000	5130
-2007	5131
-2011	5127
-2014	5122
-2017	5117
-2020	5112
-2024	5108
-2028	5106
-2032	5102
-2034	5094
-2036	5088
-2040	5084
-2042	5079
-2046	5075
-2050	5072
-2052	5064
-2055	5059
-2060	5057
-2065	5057
-2071	5056
-2075	5054
-2079	5049
-2082	5045
-2085	5040
-2088	5035
-2092	5031
-2095	5028
-2100	5026
-2105	5023
-2106	5016
-2111	5014
-2116	5012
-2119	5008
-2123	5005
-2126	4999
-2129	4994
-2132	4990
-2135	4985
-2138	4980
-2142	4977
-2148	4977
-2154	4976
-2158	4974
-2162	4971
-2166	4967
-2170	4964
-2175	4962
-2180	4960
-2185	4959
-2188	4955
-2192	4950
-2196	4948
-2201	4946
-2205	4943
-2208	4938
-2210	4932
-2213	4928
-2218	4925
-2222	4922
-2227	4921
-2231	4918
-2233	4911
-2236	4908
-2241	4905
-2244	4901
-2250	4901
-2257	4902
-2261	4899
-2265	4895
-2270	4893
-2274	4890
-2277	4886
-2281	4882
-2284	4878
-2287	4874
-2292	4872
-2295	4867
-2297	4862
-2301	4858
-2306	4856
-2310	4853
-2313	4848
-2315	4843
-2319	4839
-2322	4836
-2326	4833
-2330	4829
-2335	4827
-2340	4825
-2343	4821
-2345	4815
-2348	4811
-2352	4807
-2356	4805
-2362	4804
-2366	4800
-2370	4797
-2373	4793
-2377	4790
-2380	4786
-2385	4784
-2388	4779
-2392	4776
-2394	4771
-2398	4768
-2403	4765
-2407	4762
-2409	4757
-2412	4753
-2416	4749
-2420	4746
-2424	4744
-2429	4741
-2432	4737
-2436	4734
-2439	4730
-2441	4724
-2446	4722
-2450	4719
-2453	4715
-2456	4711
-2460	4707
-2464	4704
-2467	4700
-2470	4696
-2473	4692
-2477	4688
-2478	4682
-2481	4678
-2487	4676
-2492	4675
-2497	4673
-2500	4669
-2503	4665
-2505	4659
-2509	4656
-2511	4650
-2513	4645
-2517	4641
-2520	4638
-2524	4634
-2526	4629
-2527	4623
-2529	4618
-2533	4614
-2538	4612
-2543	4610
-2544	4604
-2547	4600
-2554	4600
-2555	4594
-2556	4587
-2558	4582
-2562	4578
-2565	4574
-2568	4570
-2572	4568
-2573	4561
-2574	4555
-2576	4550
-2580	4546
-2584	4543
-2589	4541
-2592	4537
-2594	4532
-2597	4528
-2600	4524
-2603	4520
-2604	4514
-2607	4509
-2610	4506
-2616	4505
-2621	4502
-2622	4496
-2624	4491
-2626	4486
-2628	4480
-2631	4476
-2634	4472
-2638	4470
-2641	4465
-2645	4463
-2648	4458
-2649	4452
-2651	4448
-2654	4443
-2657	4439
-2660	4435
-2664	4432
-2666	4427
-2667	4421
-2670	4417
-2673	4413
-2676	4409
-2678	4403
-2680	4399
-2685	4397
-2688	4393
-2690	4388
-2694	4385
-2696	4380
-2698	4375
-2702	4372
-2704	4367
-2707	4363
-2710	4359
-2714	4356
-2716	4351
-2717	4345
-2720	4342
-2722	4336
-2722	4330
-2724	4324
-2726	4319
-2728	4315
-2732	4312
-2735	4307
-2737	4303
-2741	4300
-2742	4294
-2743	4289
-2745	4284
-2746	4278
-2746	4270
-2749	4267
-2750	4261
-2751	4256
-2754	4251
-2758	4249
-2762	4246
-2765	4242
-2767	4237
-2767	4230
-2767	4224
-2767	4217
-2769	4212
-2771	4208
-2774	4204
-2777	4200
-2779	4195
-2781	4190
-2783	4186
-2785	4181
-2787	4176
-2790	4172
-2792	4168
-2794	4163
-2796	4158
-2798	4154
-2801	4150
-2802	4145
-2803	4138
-2804	4134
-2804	4127
-2808	4124
-2810	4119
-2812	4115
-2815	4111
-2816	4105
-2816	4099
-2818	4095
-2822	4091
-2825	4088
-2826	4083
-2829	4079
-2835	4077
-2836	4072
-2836	4066
-2840	4063
-2843	4059
-2846	4055
-2849	4052
-2850	4046
-2851	4041
-2854	4038
-2854	4031
-2856	4026
-2858	4022
-2857	4015
-2857	4008
-2860	4005
-2863	4002
-2866	3997
-2863	3989
-2862	3982
-2865	3979
-2871	3977
-2874	3974
-2877	3970
-2877	3963
-2879	3959
-2882	3955
-2886	3953
-2870	3934
-2873	3930
-2875	3926
-2876	3921
-2891	3926
-2879	3911
-2886	3910
-2889	3907
-2891	3902
-2893	3898
-2894	3893
-2895	3888
-2897	3883
-2898	3878
-2900	3874
-2903	3870
-2904	3865
-2905	3860
-2907	3856
-2910	3852
-2909	3846
-2910	3841
-2910	3835
-2909	3828
-2910	3823
-2912	3819
-2909	3811
-2908	3804
-2908	3798
-2907	3792
-2906	3785
-2904	3778
-2903	3772
-2903	3766
-2905	3762
-2894	3748
-2894	3742
-2895	3737
-2898	3734
-2899	3729
-2900	3724
-2900	3718
-2898	3712
-2900	3707
-2905	3705
-2906	3701
-2907	3695
-2905	3689
-2904	3682
-2906	3678
-2903	3670
-2903	3665
-2904	3660
-2905	3655
-2906	3650
-2904	3644
-2907	3640
-2910	3637
-2910	3631
-2910	3626
-2911	3621
-2908	3614
-2911	3610
-2910	3604
-2908	3598
-2911	3594
-2913	3590
-2916	3586
-2917	3582
-2916	3576
-2916	3571
-2916	3565
-2916	3560
-2917	3555
-2918	3550
-2919	3545
-2919	3541
-2917	3534
-2921	3531
-2920	3525
-2919	3519
-2920	3515
-2919	3509
-2921	3505
-2924	3502
-2925	3497
-2924	3491
-2926	3487
-2923	3480
-2925	3476
-2926	3472
-2927	3467
-2929	3463
-2929	3458
-2927	3451
-2921	3442
-2920	3437
-2921	3432
-2924	3429
-2926	3425
-2926	3420
-2924	3414
-2928	3411
-2931	3408
-2927	3400
-2922	3392
-2924	3388
-2926	3384
-2929	3381
-2929	3376
-2923	3367
-2923	3363
-2923	3357
-2923	3353
-2925	3348
-2925	3344
-2925	3338
-2923	3333
-2924	3328
-2921	3321
-2919	3315
-2921	3311
-2924	3308
-2924	3303
-2924	3298
-2925	3294
-2922	3287
-2919	3281
-2920	3276
-2921	3272
-2922	3268
-2922	3263
-2922	3258
-2924	3254
-2924	3249
-2923	3244
-2922	3239
-2922	3234
-2923	3230
-2924	3225
-2921	3219
-2922	3215
-2924	3210
-2923	3205
-2924	3201
-2924	3196
-2925	3192
-2926	3188
-2926	3183
-2924	3177
-2923	3172
-2924	3168
-2925	3163
-2923	3158
-2920	3152
-2912	3142
-2911	3137
-2912	3133
-2914	3129
-2917	3127
-2923	3125
-2923	3120
-2920	3114
-2919	3109
-2920	3105
-2923	3102
-2924	3097
-2926	3094
-2926	3089
-2923	3083
-2917	3075
-2916	3070
-2915	3065
-2914	3060
-2913	3055
-2912	3050
-2912	3045
-2913	3041
-2912	3036
-2913	3032
-2914	3028
-2913	3023
-2911	3018
-2910	3013
-2908	3007
-2908	3003
-2905	2997
-2906	2993
-2911	2990
-2912	2986
-2911	2981
-2907	2975
-2904	2969
-2903	2964
-2904	2960
-2904	2956
-2902	2951
-2899	2945
-2899	2940
-2900	2936
-2896	2930
-2897	2926
-2897	2922
-2893	2916
-2893	2911
-2896	2908
-2895	2903
-2893	2898
-2894	2894
-2896	2891
-2896	2886
-2894	2881
-2893	2876
-2893	2872
-2892	2867
-2886	2860
-2883	2855
-2881	2850
-2882	2846
-2881	2841
-2878	2836
-2877	2831
-2878	2827
-2876	2822
-2874	2817
-2874	2812
-2874	2808
-2875	2804
-2874	2800
-2874	2796
-2870	2790
-2870	2785
-2868	2780
-2864	2775
-2862	2770
-2859	2764
-2859	2760
-2858	2756
-2857	2751
-2857	2747
-2856	2742
-2858	2739
-2861	2736
-2859	2731
-2861	2727
-2858	2722
-2857	2718
-2857	2714
-2852	2707
-2853	2704
-2856	2701
-2859	2698
-2859	2694
-2858	2689
-2857	2685
-2856	2680
-2856	2676
-2847	2669
-2843	2663
-2849	2661
-2847	2656
-2846	2652
-2847	2648
-2850	2645
-2848	2640
-2847	2636
-2848	2632
-2837	2625
-2835	2620
-2831	2615
-2833	2611
-2833	2607
-2834	2603
-2833	2599
-2834	2595
-2834	2591
-2828	2586
-2829	2582
-2829	2578
-2827	2573
-2826	2569
-2826	2565
-2824	2560
-2822	2556
-2822	2552
-2826	2549
-2827	2545
-2827	2541
-2823	2536
-2821	2532
-2814	2525
-2811	2521
-2812	2517
-2811	2513
-2812	2509
-2810	2505
-2811	2501
-2807	2496
-2805	2492
-2804	2487
-2808	2485
-2807	2481
-2806	2476
-2806	2473
-2803	2468
-2801	2463
-2799	2459
-2800	2455
-2800	2451
-2798	2447
-2797	2443
-2794	2438
-2794	2434
-2793	2430
-2793	2426
-2794	2423
-2791	2418
-2787	2413
-2789	2410
-2794	2408
-2793	2403
-2787	2398
-2784	2394
-2783	2390
-2782	2385
-2788	2383
-2786	2379
-2782	2374
-2781	2370
-2776	2365
-2777	2361
-2779	2358
-2779	2354
-2776	2350
-2777	2346
-2773	2342
-2771	2338
-2773	2334
-2771	2330
-2770	2326
-2771	2322
-2772	2319
-2771	2315
-2765	2310
-2767	2307
-2768	2303
-2767	2299
-2766	2295
-2764	2291
-2763	2287
-2766	2284
-2759	2279
-2755	2274
-2754	2270
-2755	2267
-2755	2263
-2756	2260
-2757	2256
-2756	2252
-2755	2249
-2752	2244
-2755	2241
-2754	2237
-2750	2233
-2749	2229
-2753	2226
-2747	2221
-2746	2218
-2746	2214
-2747	2210
-2747	2207
-2746	2203
-2741	2198
-2741	2195
-2744	2192
-2744	2188
-2746	2185
-2744	2181
-2741	2177
-2741	2173
-2740	2169
-2739	2165
-2739	2162
-2736	2158
-2735	2154
-2736	2151
-2738	2147
-2737	2143
-2733	2139
-2730	2135
-2731	2132
-2732	2128
-2730	2124
-2730	2121
-2728	2117
-2728	2113
-2727	2110
-2724	2105
-2723	2102
-2724	2098
-2722	2095
-2721	2091
-2721	2087
-2721	2084
-2720	2080
-2720	2076
-2715	2072
-2714	2068
-2713	2065
-2713	2061
-2710	2057
-2708	2053
-2710	2050
-2709	2047
-2708	2043
-2708	2039
-2706	2036
-2705	2032
-2704	2028
-2704	2025
-2705	2021
-2706	2018
-2704	2014
-2702	2011
-2701	2007
-2701	2003
-2698	2000
-2694	1996
-2695	1992
-2696	1989
-2695	1985
-2694	1982
-2693	1978
-2692	1975
-2690	1971
-2688	1967
-2688	1964
-2690	1960
-2690	1957
-2691	1953
-2688	1950
-2683	1946
-2684	1942
-2683	1939
-2683	1935
-2684	1932
-2682	1928
-2680	1925
-2678	1921
-2676	1918
-2675	1914
-2675	1911
-2676	1907
-2676	1904
-2675	1900
-2676	1897
-2673	1893
-2669	1889
-2666	1886
-2667	1882
-2666	1879
-2664	1875
-2663	1872
-2662	1868
-2663	1865
-2662	1862
-2659	1858
-2658	1854
-2659	1851
-2659	1848
-2659	1844
-2655	1841
-2652	1837
-2653	1834
-2654	1830
-2652	1827
-2652	1824
-2653	1820
-2653	1817
-2651	1813
-2649	1810
-2648	1806
-2647	1803
-2646	1800
-2644	1796
-2644	1793
-2642	1789
-2643	1786
-2641	1782
-2639	1779
-2637	1776
-2638	1772
-2640	1769
-2638	1765
-2637	1762
-2636	1759
-2635	1755
-2634	1752
-2632	1748
-2630	1745
-2630	1742
-2629	1738
-2627	1735
-2626	1732
-2625	1728
-2625	1725
-2623	1721
-2621	1718
-2621	1715
-2620	1711
-2619	1708
-2616	1705
-2616	1701
-2616	1698
-2616	1695
-2615	1691
-2614	1688
-2612	1685
-2611	1681
-2610	1678
-2610	1675
-2609	1671
-2609	1668
-2608	1665
-2607	1661
-2606	1658
-2605	1655
-2603	1651
-2600	1648
-2597	1645
-2597	1642
-2598	1638
-2597	1635
-2597	1632
-2596	1628
-2595	1625
-2592	1622
-2590	1619
-2590	1615
-2590	1612
-2588	1609
-2587	1605
-2587	1602
-2587	1599
-2587	1596
-2587	1592
-2587	1589
-2585	1586
-2584	1582
-2581	1579
-2580	1576
-2580	1573
-2579	1569
-2578	1566
-2577	1563
-2575	1560
-2574	1557
-2574	1553
-2572	1550
-2571	1547
-2570	1544
-2568	1540
-2568	1537
-2567	1534
-2567	1531
-2566	1527
-2564	1524
-2560	1521
-2560	1518
-2560	1515
-2562	1511
-2560	1508
-2558	1505
-2557	1502
-2556	1499
-2554	1495
-2554	1492
-2554	1489
-2553	1486
-2551	1483
-2549	1479
-2549	1476
-2548	1473
-2547	1470
-2547	1467
-2548	1463
-2546	1460
-2545	1457
-2545	1454
-2542	1451
-2540	1448
-2540	1444
-2538	1441
-2537	1438
-2535	1435
-2535	1432
-2535	1428
-2535	1425
-2530	1422
-2529	1419
-2530	1416
-2529	1413
-2528	1410
-2527	1406
-2526	1403
-2526	1400
-2527	1397
-2525	1394
-2525	1390
-2523	1387
-2521	1384
-2519	1381
-2516	1378
-2515	1375
-2515	1372
-2515	1369
-2511	1366
-2509	1363
-2508	1360
-2509	1356
-2509	1353
-2508	1350
-2509	1347
-2507	1344
-2507	1340
-2507	1337
-2504	1334
-2503	1331
-2501	1328
-2502	1325
-2502	1322
-2500	1319
-2498	1316
-2499	1312
-2498	1309
-2495	1306
-2494	1303
-2494	1300
-2490	1297
-2490	1294
-2490	1291
-2487	1288
-2486	1285
-2485	1282
-2484	1279
-2485	1275
-2484	1272
-2484	1269
-2483	1266
-2482	1263
-2481	1260
-2480	1257
-2477	1254
-2474	1251
-2476	1248
-2475	1245
-2474	1242
-2473	1238
-2472	1235
-2472	1232
-2469	1229
-2465	1227
-2463	1224
-2461	1221
-2459	1218
-2458	1215
-2459	1212
-2459	1209
-2458	1205
-2459	1202
-2458	1199
-2457	1196
-2455	1193
-2452	1190
-2450	1188
-2447	1185
-2445	1182
-2445	1179
-2447	1175
-2447	1172
-2447	1169
-2443	1166
-2441	1163
-2440	1160
-2439	1157
-2439	1154
-2439	1151
-2440	1147
-2439	1144
-2435	1142
-2435	1139
-2435	1135
-2437	1132
-2436	1129
-2433	1126
-2433	1123
-2432	1120
-2432	1116
-2432	1113
-2431	1110
-2432	1107
-2429	1104
-2428	1101
-2426	1098
-2425	1095
-2425	1092
-2425	1089
-2423	1086
-2422	1083
-2420	1080
-2418	1077
-2416	1075
-2414	1072
-2413	1069
-2413	1065
-2413	1062
-2413	1059
-2410	1056
-2408	1054
-2406	1051
-2405	1048
-2407	1044
-2405	1041
-2403	1039
-2402	1035
-2401	1032
-2399	1030
-2398	1027
-2399	1023
-2396	1021
-2394	1018
-2392	1015
-2391	1012
-2389	1009
-2388	1006
-2388	1003
-2388	1000
-2387	997
-2385	994
-2385	991
-2384	988
-2383	985
-2383	981
-2383	978
-2383	975
-2382	972
-2381	969
-2379	966
-2377	963
-2377	960
-2376	957
-2375	954
-2374	951
-2372	948
-2371	945
-2371	942
-2374	938
-2373	935
-2370	932
-2367	930
-2367	927
-2367	923
-2366	920
-2366	917
-2364	914
-2363	911
-2362	908
-2361	905
-2359	903
-2358	900
-2357	896
-2356	894
-2351	892
-2349	889
-2348	886
-2348	883
-2346	880
-2345	877
-2345	874
-2344	871
-2343	868
-2342	865
-2341	862
-2340	859
-2338	856
-2337	853
-2338	850
-2339	846
-2338	843
-2332	841
-2332	838
-2332	835
-2330	832
-2331	828
-2331	825
-2329	822
-2327	820
-2324	817
-2324	814
-2323	811
-2320	809
-2318	806
-2318	803
-2316	800
-2315	797
-2315	794
-2315	790
-2315	787
-2315	783
-2314	780
-2313	777
-2311	775
-2309	772
-2306	770
-2304	767
-2305	764
-2304	761
-2303	757
-2304	754
-2302	751
-2301	748
-2300	745
-2299	742
-2298	739
-2298	736
-2298	732
-2294	730
-2291	728
-2289	726
-2288	723
-2287	719
-2287	716
-2287	713
-2285	710
-2280	708
-2281	705
-2280	702
-2279	699
-2279	695
-2278	692
-2275	690
-2272	688
-2272	685
-2274	680
-2275	676
-2272	674
-2271	671
-2270	668
-2267	666
-2266	663
-2265	660
-2263	657
-2264	653
-2262	650
-2259	648
-2257	646
-2254	644
-2252	641
-2250	639
-2248	636
-2247	633
-2246	630
-2246	626
-2246	623
-2245	620
-2245	616
-2244	613
-2244	610
-2244	606
-2243	603
-2241	600
-2240	597
-2240	594
-2239	591
-2237	588
-2236	585
-2235	582
-2233	579
-2234	575
-2235	572
-2233	569
-2234	565
-2231	563
-2230	560
-2228	557
-2228	554
-2227	550
-2228	546
-2229	542
-2229	539
-2228	535
-2227	532
-2225	530
-2224	527
-2224	523
-2223	520
-2224	515
-2221	514
-2219	511
-2219	507
-2217	505
-2217	501
-2217	498
-2215	495
-2213	492
-2212	489
-2212	485
-2211	482
-2212	478
-2212	474
-2209	472
-2209	469
-2207	466
-2206	463
-2206	459
-2206	456
-2205	452
-2202	450
-2200	448
-2199	444
-2198	441
-2198	438
-2198	434
-2196	431
-2195	428
-2192	426
-2190	423
-2189	420
-2189	417
-2189	413
-2187	410
-2187	406
-2186	403
-2185	400
-2184	397
-2183	394
-2181	391
-2180	388
-2179	384
-2179	381
-2177	378
-2175	376
-2175	372
-2173	369
-2171	367
-2170	363
-2169	360
-2168	357
-2168	353
-2166	350
-2165	348
-2162	345
-2159	343
-2159	339
-2161	334
-2155	334
-2152	332
-2150	330
-2147	328
-2143	327
-2138	326
-2135	324
-2132	322
-2128	321
-2124	320
-2119	319
-2115	318
-2114	314
-2112	312
-2110	310
-2106	308
-2105	305
-2106	301
-2107	296
-2106	293
-2104	290
-2104	286
-2102	284
-2098	282
-2098	278
-2098	275
-2096	272
-2097	268
-2095	265
-2093	262
-2092	259
-2091	256
-2091	252
-2091	248
-2092	243
-2090	241
-2087	239
-2085	236
-2084	233
-2083	229
-2083	226
-2082	222
-2081	219
-2078	217
-2075	215
-2073	212
-2074	208
-2076	202
-2075	199
-2073	196
-2073	192
-2073	188
-2070	186
-2066	185
-2065	182
-2065	178
-2064	175
-2062	171
-2061	168
-2060	165
-2060	161
-2061	156
-2058	154
-2058	150
-2059	145
-2057	143
-2055	140
-2053	137
-2051	134
-2052	130
-2051	126
-2049	123
-2047	121
-2046	117
-2045	114
-2046	109
-2044	107
-2042	103
-2039	101
-2039	98
-2038	94
-2037	91
-2036	87
-2034	84
-2034	80
-2032	78
-2031	74
-2028	72
-2026	69
-2026	65
-2025	62
-2022	60
-2022	55
-2020	53
-2019	49
-2018	46
-2017	42
-2016	39
-2014	36
-2012	33
-2012	29
-2010	26
-2007	24
-2005	22
-2003	19
-2002	15
-1999	14
-1999	9
-2001	3
-2004	-4
-2003	-8
-2001	-11
-1999	-13
-1995	-14
-1992	-16
-1992	-21
-1993	-26
-1991	-29
-1989	-32
-1985	-32
-1983	-35
-1983	-39
-1983	-44
-1983	-49
-1981	-52
-1980	-55
-1978	-58
-1976	-61
-1975	-65
-1975	-69
-1972	-71
-1969	-73
-1968	-76
-1967	-80
-1966	-84
-1964	-87
-1964	-92
-1963	-95
-1960	-97
-1958	-100
-1959	-106
-1959	-110
-1956	-112
-1954	-115
-1953	-118
-1951	-122
-1946	-121
-1940	-120
-1930	-115
-1919	-109
-1912	-107
-1908	-108
-1907	-112
-1915	-124
-1910	-124
-1907	-126
-1905	-129
-1902	-131
-1893	-127
-1887	-125
-1882	-125
-1877	-125
-1874	-126
-1870	-127
-1867	-130
-1865	-132
-1864	-136
-1855	-132
-1847	-128
-1842	-127
-1838	-129
-1831	-126
-1825	-125
-1822	-126
-1818	-127
-1815	-128
-1810	-127
-1806	-128
-1802	-129
-1799	-131
-1796	-132
-1794	-134
-1791	-137
-1791	-141
-1787	-142
-1779	-138
-1771	-134
-1766	-134
-1766	-138
-1760	-137
-1754	-135
-1750	-136
-1749	-139
-1748	-143
-1747	-147
-1745	-149
-1741	-149
-1733	-146
-1718	-135
-1704	-124
-1699	-123
-1696	-124
-1693	-125
-1691	-128
-1689	-131
-1687	-134
-1684	-135
-1681	-137
-1678	-138
-1675	-139
-1660	-126
-1647	-117
-1639	-113
-1633	-111
-1631	-113
-1628	-114
-1625	-115
-1622	-117
-1620	-119
-1619	-123
-1619	-127
-1615	-128
-1613	-131
-1612	-134
-1610	-136
-1610	-141
-1608	-143
-1604	-144
-1602	-146
-1601	-149
-1597	-150
-1594	-152
-1594	-156
-1571	-134
-1569	-136
-1566	-138
-1576	-154
-1573	-155
-1554	-137
-1553	-141
-1551	-143
-1560	-159
-1552	-154
-1540	-144
-1536	-144
-1532	-145
-1530	-146
-1526	-147
-1523	-148
-1521	-150
-1518	-151
-1515	-152
-1511	-152
-1508	-153
-1502	-151
-1496	-148
-1490	-146
-1485	-144
-1479	-141
-1476	-142
-1473	-143
-1471	-145
-1471	-150
-1469	-153
-1467	-155
-1465	-157
-1463	-159
-1463	-164
-1456	-161
-1449	-156
-1445	-156
-1442	-157
-1437	-156
-1430	-150
-1427	-152
-1427	-156
-1424	-157
-1419	-157
-1415	-155
-1411	-155
-1409	-157
-1407	-161
-1402	-158
-1394	-153
-1389	-150
-1385	-151
-1383	-152
-1382	-156
-1382	-161
-1380	-164
-1380	-169
-1377	-170
-1372	-167
-1368	-167
-1362	-164
-1358	-163
-1354	-163
-1350	-162
-1348	-164
-1346	-167
-1344	-169
-1341	-170
-1340	-173
-1334	-170
-1329	-167
-1326	-168
-1323	-169
-1319	-169
-1316	-170
-1314	-171
-1311	-173
-1307	-172
-1303	-171
-1297	-168
-1294	-168
-1291	-168
-1288	-169
-1286	-172
-1283	-173
-1281	-175
-1278	-176
-1276	-178
-1273	-179
-1270	-179
-1267	-180
-1263	-179
-1259	-178
-1256	-179
-1252	-179
-1249	-180
-1246	-179
-1243	-180
-1240	-181
-1233	-175
-1226	-169
-1224	-171
-1220	-171
-1217	-171
-1215	-173
-1212	-174
-1209	-174
-1206	-175
-1203	-176
-1200	-177
-1197	-177
-1194	-177
-1192	-179
-1190	-182
-1187	-183
-1181	-178
-1178	-178
-1175	-179
-1172	-180
-1169	-180
-1166	-180
-1162	-180
-1159	-181
-1156	-181
-1153	-181
-1148	-178
-1144	-177
-1142	-178
-1140	-180
-1137	-181
-1132	-178
-1129	-179
-1125	-178
-1122	-178
-1119	-178
-1116	-178
-1112	-178
-1109	-178
-1107	-180
-1104	-181
-1101	-180
-1098	-181
-1095	-181
-1092	-181
-1087	-179
-1083	-178
-1081	-178
-1078	-179
-1075	-180
-1071	-178
-1068	-178
-1065	-178
-1062	-179
-1059	-178
-1056	-179
-1053	-180
-1050	-181
-1048	-182
-1045	-182
-1042	-183
-1039	-183
-1035	-182
-1032	-182
-1029	-181
-1025	-180
-1023	-181
-1020	-183
-1017	-183
-1014	-182
-1011	-182
-1008	-182
-1004	-181
-1002	-182
-999	-182
-996	-183
-993	-183
-987	-177
-981	-170
-976	-167
-969	-159
-963	-152
-959	-150
-955	-148
-952	-148
-948	-146
-944	-144
-942	-146
-939	-147
-936	-147
-934	-147
-933	-151
-933	-158
-930	-159
-927	-159
-925	-161
-923	-161
-919	-161
-919	-167
-917	-169
-915	-170
-912	-170
-886	-119
-881	-114
-877	-112
-874	-111
-871	-112
-868	-110
-865	-111
-862	-110
-859	-110
-856	-110
-854	-110
-851	-111
-849	-112
-846	-113
-844	-114
-842	-115
-839	-116
-779	-1
-776	0
-773	2
-770	3
-767	3
-766	1
-763	1
-761	0
-758	0
-756	-0
-753	-0
-751	-0
-749	-1
-746	-0
-743	1
-740	2
-738	-0
-735	-0
-733	-2
-733	-8
-734	-17
-732	-19
-728	-15
-723	-9
-720	-7
-720	-15
-720	-21
-718	-22
-717	-26
-745	-129
-744	-133
-744	-139
-742	-141
-739	-142
-737	-142
-734	-143
-732	-145
-730	-147
-728	-147
-726	-149
-723	-150
-721	-151
-718	-152
-716	-153
-714	-154
-711	-153
-708	-154
-706	-155
-704	-156
-701	-156
-698	-157
-696	-157
-693	-157
-691	-158
-688	-159
-686	-159
-683	-159
-681	-161
-680	-165
-677	-164
-672	-159
-669	-157
-666	-157
-663	-154
-658	-148
-654	-145
-652	-146
-649	-146
-647	-145
-644	-145
-641	-145
-639	-147
-637	-147
-634	-147
-632	-150
-630	-152
-628	-153
-626	-157
-625	-162
-624	-168
-623	-171
-620	-169
-615	-162
-610	-156
-607	-154
-605	-155
-603	-157
-600	-157
-598	-159
-596	-161
-594	-162
-591	-163
-589	-165
-586	-164
-584	-166
-583	-171
-582	-176
-580	-181
-578	-181
-576	-182
-573	-184
-571	-183
-567	-181
-565	-181
-563	-182
-560	-183
-557	-182
-555	-182
-552	-183
-550	-185
-548	-186
-546	-188
-543	-188
-540	-188
-538	-189
-535	-187
-533	-188
-530	-188
-527	-188
-524	-186
-522	-186
-519	-187
-517	-188
-514	-187
-511	-186
-509	-186
-506	-186
-503	-185
-501	-185
-498	-186
-496	-186
-493	-186
-490	-186
-488	-186
-486	-187
-483	-187
-480	-186
-478	-185
-475	-186
-472	-186
-470	-186
-467	-186
-465	-185
-462	-187
-460	-187
-457	-188
-455	-187
-452	-187
-450	-187
-447	-186
-444	-186
-442	-187
-439	-187
-437	-188
-434	-186
-431	-185
-429	-185
-427	-187
-424	-187
-422	-187
-419	-187
-416	-187
-414	-186
-411	-186
-409	-186
-406	-187
-404	-188
-401	-187
-399	-189
-397	-189
-394	-189
-391	-188
-389	-189
-386	-188
-383	-186
-381	-187
-379	-187
-376	-188
-373	-187
-371	-187
-369	-188
-366	-188
-363	-186
-361	-186
-358	-187
-356	-188
-353	-188
-351	-188
-348	-188
-346	-187
-343	-187
-341	-186
-338	-185
-336	-186
-333	-186
-331	-188
-328	-189
-326	-188
-323	-189
-321	-188
-318	-187
-316	-188
-313	-188
-311	-188
-308	-188
-306	-188
-303	-187
-301	-187
-298	-187
-296	-187
-293	-186
-291	-186
-288	-186
-286	-187
-283	-187
-281	-186
-278	-185
-276	-185
-273	-187
-271	-188
-268	-188
-266	-185
-263	-185
-261	-185
-258	-186
-255	-183
-253	-179
-250	-178
-248	-179
-245	-180
-243	-181
-240	-181
-238	-182
-236	-184
-233	-184
-231	-184
-228	-185
-226	-185
-223	-184
-221	-180
-218	-176
-215	-176
-213	-175
-210	-173
-208	-171
-205	-170
-203	-170
-200	-169
-198	-169
-195	-169
-193	-169
-190	-170
-188	-176
-187	-186
-184	-186
-182	-185
-179	-185
-176	-180
-174	-174
-171	-170
-168	-167
-166	-165
-163	-164
-161	-165
-158	-165
-156	-165
-154	-165
-151	-165
-149	-165
-146	-166
-144	-165
-141	-165
-139	-166
-137	-166
-134	-166
-132	-165
-129	-165
-127	-167
-125	-170
-122	-175
-120	-175
-117	-177
-115	-178
-113	-178
-110	-178
-108	-179
-105	-181
-103	-183
-100	-183
-98	-184
-96	-184
-93	-185
-91	-184
-88	-184
-86	-180
-83	-173
-81	-171
-78	-171
-76	-171
-71	-176
-69	-172
-66	-168
-64	-164
-61	-163
-59	-165
-56	-166
-54	-167
-51	-166
-49	-167
-47	-168
-44	-168
-42	-169
-39	-169
-37	-169
-34	-170
-32	-170
-30	-171
-27	-173
-25	-177
-22	-183
-19	-187
-17	-188
-14	-187
-12	-187
-10	-185
-7	-185
-5	-184
-2	-182
0	-181
2	-180
5	-176
7	-175
10	-174
12	-173
14	-172
17	-172
19	-172
22	-174
24	-177
27	-181
30	-184
32	-187
35	-187
37	-188
40	-186
42	-185
45	-186
47	-188
50	-188
52	-187
54	-188
57	-187
59	-187
62	-186
64	-187
67	-188
69	-187
72	-185
74	-186
77	-186
79	-185
81	-184
84	-182
86	-179
88	-180
91	-180
93	-178
96	-177
98	-178
101	-177
103	-176
105	-177
108	-176
110	-175
113	-174
115	-175
118	-175
120	-175
122	-175
125	-175
127	-174
130	-175
132	-175
135	-178
138	-182
141	-182
143	-184
146	-185
148	-180
150	-175
152	-174
155	-176
158	-179
160	-181
163	-182
166	-184
168	-186
171	-186
173	-185
175	-182
178	-181
180	-181
183	-182
184	-176
186	-171
189	-170
191	-169
193	-168
196	-168
198	-168
201	-167
203	-168
206	-168
208	-169
211	-170
213	-170
216	-169
218	-169
220	-167
223	-167
229	-186
231	-185
233	-184
235	-182
238	-183
241	-184
243	-183
246	-185
249	-187
251	-186
254	-186
256	-186
259	-186
261	-185
264	-187
267	-187
269	-187
272	-187
274	-187
277	-187
279	-186
281	-186
284	-186
287	-188
290	-189
292	-189
294	-187
297	-187
299	-185
302	-185
304	-185
307	-186
309	-184
312	-186
315	-186
317	-187
320	-187
323	-188
325	-186
327	-186
330	-185
332	-185
335	-185
337	-185
340	-185
343	-186
345	-186
348	-185
351	-186
353	-186
356	-186
358	-186
361	-187
363	-186
362	-169
364	-165
366	-163
368	-160
370	-159
372	-158
375	-157
377	-154
379	-154
382	-154
384	-154
387	-156
390	-157
393	-158
396	-161
399	-162
401	-161
404	-162
407	-164
416	-187
418	-186
421	-186
423	-187
426	-188
429	-188
432	-188
434	-187
436	-185
439	-186
442	-186
444	-186
447	-186
450	-186
452	-186
455	-187
457	-185
459	-183
462	-185
466	-189
469	-188
471	-185
473	-185
475	-184
478	-183
481	-184
484	-185
486	-184
489	-184
492	-184
493	-179
495	-176
496	-174
494	-159
496	-156
499	-156
501	-155
505	-157
508	-160
510	-159
513	-158
515	-156
517	-155
520	-155
523	-156
526	-157
529	-159
533	-164
538	-170
541	-172
544	-173
548	-175
551	-175
552	-173
555	-172
557	-169
559	-168
561	-166
563	-163
565	-161
567	-160
569	-159
571	-156
573	-153
575	-150
577	-150
581	-152
585	-158
591	-165
594	-167
596	-166
598	-164
601	-164
604	-165
607	-164
609	-163
610	-157
609	-147
609	-141
610	-136
612	-133
614	-131
616	-129
618	-127
620	-126
622	-125
624	-124
627	-124
630	-123
632	-121
634	-121
637	-122
641	-124
644	-126
649	-130
659	-148
664	-154
667	-155
670	-156
673	-156
675	-155
676	-151
677	-144
677	-139
679	-138
683	-138
686	-139
689	-140
692	-142
697	-146
703	-155
706	-155
709	-154
711	-153
713	-152
716	-151
719	-150
721	-149
723	-148
726	-147
728	-145
731	-145
733	-145
736	-144
738	-143
741	-142
743	-141
744	-137
745	-133
746	-129
747	-124
748	-119
748	-113
721	-23
720	-16
720	-9
721	-5
722	-2
724	-0
726	-0
729	1
731	1
734	0
737	0
740	0
743	-1
773	-1
776	-1
778	0
781	-0
865	-138
868	-138
873	-142
880	-149
889	-162
899	-175
904	-179
907	-179
910	-177
913	-178
917	-179
920	-180
923	-178
925	-177
929	-178
932	-179
935	-178
939	-179
942	-178
944	-178
948	-178
951	-179
954	-178
958	-180
963	-183
969	-188
972	-187
975	-187
977	-185
980	-185
983	-185
986	-184
987	-180
988	-177
991	-176
996	-178
1002	-184
1004	-181
1007	-181
1010	-180
1013	-180
1016	-180
1019	-180
1023	-180
1026	-179
1029	-179
1032	-179
1035	-179
1039	-180
1043	-180
1046	-181
1050	-181
1049	-175
1049	-168
1049	-163
1053	-164
1058	-166
1063	-170
1068	-172
1072	-174
1077	-177
1082	-179
1086	-180
1089	-179
1088	-173
1088	-167
1089	-163
1091	-161
1093	-159
1095	-157
1097	-154
1098	-151
1099	-147
1100	-143
1102	-141
1104	-140
1108	-140
1111	-139
1118	-145
1123	-148
1131	-154
1143	-167
1147	-169
1150	-168
1153	-167
1157	-167
1160	-168
1164	-168
1167	-167
1170	-166
1173	-166
1177	-166
1177	-161
1179	-159
1181	-157
1186	-159
1191	-160
1193	-158
1194	-156
1197	-154
1199	-151
1202	-151
1205	-150
1207	-148
1209	-146
1212	-146
1217	-147
1225	-154
1244	-175
1246	-172
1248	-171
1250	-168
1252	-166
1254	-164
1255	-160
1257	-158
1259	-155
1263	-155
1267	-157
1272	-158
1276	-159
1281	-160
1285	-160
1290	-163
1294	-162
1298	-163
1300	-161
1304	-161
1308	-161
1312	-161
1316	-162
1318	-159
1320	-157
1322	-154
1325	-153
1328	-152
1331	-151
1332	-149
1335	-147
1338	-146
1340	-144
1343	-143
1347	-143
1352	-144
1355	-143
1359	-143
1363	-144
1367	-144
1371	-144
1374	-143
1377	-142
1381	-141
1382	-138
1384	-136
1387	-135
1391	-135
1395	-134
1403	-140
1408	-141
1410	-139
1412	-137
1415	-136
1418	-134
1421	-133
1424	-132
1427	-131
1432	-131
1435	-131
1441	-133
1445	-133
1449	-133
1453	-133
1457	-133
1462	-134
1468	-136
1477	-143
1478	-138
1480	-136
1483	-134
1486	-134
1493	-137
1502	-143
1501	-137
1505	-136
1515	-142
1517	-140
1521	-141
1526	-141
1531	-142
1538	-146
1543	-146
1547	-146
1548	-142
1548	-137
1550	-134
1554	-135
1558	-135
1560	-132
1564	-131
1568	-130
1571	-130
1575	-129
1578	-128
1581	-126
1585	-126
1589	-126
1594	-127
1597	-125
1600	-124
1604	-123
1608	-122
1612	-121
1615	-121
1620	-121
1627	-124
1639	-132
1643	-132
1646	-129
1648	-127
1652	-126
1658	-128
1663	-128
1669	-130
1672	-129
1677	-129
1681	-128
1683	-126
1685	-123
1690	-123
1698	-127
1700	-124
1703	-123
1706	-121
1709	-120
1713	-119
1718	-119
1721	-118
1725	-117
1730	-117
1737	-119
1738	-116
1741	-114
1743	-111
1758	-122
1761	-119
1764	-118
1770	-119
1776	-120
1781	-120
1781	-116
1781	-111
1784	-109
1789	-109
1794	-109
1798	-108
1802	-108
1808	-108
1816	-111
1819	-110
1824	-110
1830	-111
1831	-107
1833	-105
1836	-102
1839	-100
1842	-98
1846	-98
1854	-100
1861	-102
1865	-101
1868	-100
1873	-99
1879	-100
1886	-102
1892	-102
1895	-100
1897	-98
1900	-96
1903	-94
1906	-92
1910	-91
1915	-90
1918	-89
1922	-88
1926	-86
1931	-86
1936	-86
1937	-82
1938	-79
1941	-77
1946	-76
1953	-78
1964	-83
1975	-88
1981	-88
1980	-82
1981	-78
1985	-77
1988	-75
1993	-75
2000	-76
2004	-75
2008	-74
2026	-84
2035	-87
2038	-85
2039	-81
2041	-78
2049	-80
2054	-79
2052	-73
2052	-69
2056	-67
2058	-64
2061	-62
2065	-61
2070	-60
2074	-58
2081	-59
2086	-59
2097	-63
2112	-70
2114	-67
2119	-67
2124	-66
2129	-65
2140	-70
2149	-72
2153	-71
2156	-68
2156	-64
2160	-61
2170	-65
2172	-62
2174	-59
2180	-58
2188	-60
2193	-59
2199	-59
2205	-59
2211	-59
2217	-59
2223	-59
2230	-59
2234	-58
2241	-58
2250	-60
2248	-54
2254	-54
2261	-54
2265	-52
2268	-50
2270	-47
2277	-47
2284	-48
2288	-46
2291	-43
2294	-41
2299	-40
2304	-38
2308	-36
2315	-37
2319	-35
2325	-35
2328	-32
2329	-28
2328	-23
2330	-19
2335	-18
2347	-22
2360	-27
2368	-27
2366	-21
2368	-18
2370	-14
2373	-12
2374	-8
2373	-2
2374	2
2375	6
2384	4
2381	11
2380	16
2378	23
2380	26
2383	29
2369	43
2368	48
2371	51
2375	53
2379	55
2378	60
2370	70
2373	72
2372	77
2373	82
2373	86
2373	91
2372	96
2373	100
2376	102
2378	105
2378	110
2378	114
2377	120
2377	124
2379	127
2379	132
2377	138
2379	141
2376	148
2375	152
2375	157
2377	160
2380	163
2381	167
2380	172
2383	174
2385	177
2386	181
2380	190
2381	193
2383	196
2382	201
2381	206
2381	211
2379	216
2380	220
2386	221
2390	223
2390	227
2390	232
2390	236
2388	241
2389	245
2391	248
2394	251
2394	255
2395	259
2396	262
2394	268
2395	272
2397	275
2399	278
2399	282
2399	287
2399	291
2401	294
2400	299
2399	304
2400	307
2401	311
2403	314
2404	317
2406	321
2405	325
2405	330
2406	333
2406	337
2407	341
2408	345
2409	349
2408	353
2408	357
2408	362
2409	365
2411	369
2412	372
2411	376
2412	380
2414	383
2414	388
2415	391
2415	396
2415	400
2416	403
2418	406
2418	410
2418	415
2419	418
2420	421
2423	424
2419	430
2420	434
2421	438
2420	442
2421	446
2423	449
2424	452
2424	456
2425	460
2427	463
2426	467
2428	471
2429	474
2428	478
2428	483
2430	486
2430	490
2428	494
2428	499
2427	503
2428	507
2429	510
2432	513
2433	516
2434	520
2435	523
2436	527
2436	531
2436	535
2437	538
2436	543
2437	546
2441	549
2440	553
2439	557
2439	561
2443	563
2442	567
2442	572
2444	575
2444	579
2447	581
2448	585
2449	588
2452	591
2453	594
2457	596
2462	598
2467	600
2474	601
2477	604
2475	608
2476	612
2477	615
2479	619
2478	623
2480	626
2479	630
2478	635
2478	638
2481	641
2481	645
2482	649
2481	653
2481	657
2481	661
2481	664
2483	668
2485	671
2486	674
2487	678
2488	681
2488	685
2490	688
2490	692
2491	695
2495	698
2496	701
2495	705
2496	709
2495	713
2496	716
2499	719
2501	722
2502	726
2502	729
2503	733
2503	737
2503	740
2505	743
2505	747
2506	751
2505	755
2505	759
2506	762
2509	765
2510	768
2511	772
2512	775
2512	779
2512	783
2512	787
2514	790
2515	793
2515	797
2515	801
2517	804
2519	807
2518	811
2519	815
2520	818
2521	821
2520	825
2522	829
2522	832
2523	836
2523	839
2524	843
2524	847
2526	850
2527	853
2528	857
2528	860
2528	864
2529	868
2530	871
2531	874
2531	878
2531	882
2532	885
2532	889
2533	892
2535	896
2535	899
2535	903
2531	908
2531	912
2530	916
2530	919
2530	923
2530	927
2530	930
2530	934
2533	937
2535	940
2536	943
2537	947
2537	950
2538	954
2539	957
2540	961
2541	964
2542	967
2541	971
2541	975
2542	978
2544	982
2545	985
2545	989
2546	992
2546	996
2547	999
2547	1003
2549	1006
2549	1009
2550	1013
2551	1016
2551	1020
2552	1023
2552	1027
2553	1030
2554	1034
2554	1037
2554	1041
2555	1044
2556	1048
2556	1052
2556	1055
2556	1059
2557	1062
2559	1065
2559	1069
2559	1072
2560	1076
2560	1079
2560	1083
2561	1087
2562	1090
2563	1093
2565	1096
2566	1100
2565	1104
2565	1107
2566	1111
2566	1114
2566	1118
2566	1121
2568	1125
2570	1128
2571	1131
2570	1135
2571	1138
2572	1142
2572	1146
2574	1149
2576	1152
2576	1156
2574	1159
2573	1163
2574	1167
2576	1170
2578	1173
2579	1176
2578	1180
2579	1184
2580	1187
2580	1190
2579	1194
2578	1198
2580	1201
2581	1205
2583	1208
2582	1212
2584	1215
2586	1218
2585	1222
2586	1225
2586	1229
2588	1232
2589	1236
2590	1239
2590	1243
2590	1246
2591	1249
2591	1253
2591	1257
2591	1260
2592	1264
2594	1267
2594	1270
2594	1274
2594	1277
2595	1281
2594	1285
2594	1288
2594	1292
2594	1295
2595	1299
2595	1302
2596	1306
2595	1309
2595	1313
2597	1316
2598	1320
2596	1323
2597	1327
2599	1330
2599	1334
2600	1337
2599	1341
2601	1344
2601	1348
2602	1351
2601	1355
2601	1358
2601	1362
2601	1365
2602	1369
2601	1372
2603	1376
2606	1379
2607	1382
2605	1386
2605	1390
2606	1393
2606	1397
2607	1400
2608	1404
2609	1407
2611	1410
2610	1414
2609	1418
2611	1421
2611	1424
2608	1428
2611	1432
2613	1435
2614	1438
2615	1442
2614	1445
2613	1449
2614	1452
2614	1456
2614	1459
2615	1463
2617	1466
2618	1470
2618	1473
2618	1477
2617	1480
2619	1484
2619	1487
2619	1491
2618	1494
2618	1498
2619	1502
2621	1505
2621	1508
2620	1512
2620	1515
2621	1519
2621	1523
2622	1526
2622	1529
2623	1533
2624	1536
2625	1540
2626	1543
2624	1547
2624	1551
2624	1554
2625	1558
2625	1561
2625	1565
2625	1568
2627	1572
2626	1575
2628	1579
2631	1582
2630	1586
2632	1589
2634	1593
2634	1596
2632	1600
2631	1603
2631	1607
2631	1610
2632	1614
2631	1617
2632	1621
2632	1624
2631	1628
2631	1631
2633	1635
2634	1639
2634	1642
2634	1646
2634	1649
2636	1653
2638	1656
2639	1660
2639	1663
2639	1667
2639	1670
