2670	1664
2671	1667
2670	1671
2669	1675
2670	1678
2672	1682
2670	1689
2670	1692
2670	1696
2670	1700
2670	1703
2670	1707
2671	1710
2671	1714
2671	1718
2671	1721
2672	1725
2673	1728
2673	1732
2673	1735
2674	1739
2675	1743
2675	1746
2675	1750
2676	1753
2677	1757
2677	1761
2677	1764
2677	1768
2678	1771
2678	1775
2679	1779
2678	1782
2679	1786
2679	1789
2679	1793
2680	1797
2681	1800
2681	1804
2682	1807
2681	1811
2681	1815
2681	1818
2682	1822
2683	1826
2684	1829
2683	1833
2684	1836
2685	1840
2685	1844
2685	1847
2685	1851
2685	1855
2686	1858
2687	1862
2686	1865
2686	1869
2687	1873
2688	1876
2688	1880
2689	1884
2689	1887
2689	1891
2688	1895
2690	1898
2691	1902
2692	1906
2691	1909
2692	1913
2693	1917
2693	1920
2694	1924
2694	1928
2694	1931
2694	1935
2695	1939
2696	1942
2695	1946
2696	1950
2696	1953
2697	1957
2698	1961
2697	1964
2698	1968
2698	1972
2697	1975
2698	1979
2698	1983
2697	1986
2698	1990
2697	1994
2698	1997
2700	2001
2701	2005
2699	2008
2698	2012
2699	2016
2698	2019
2699	2023
2700	2027
2700	2030
2700	2034
2698	2038
2698	2041
2697	2045
2697	2048
2696	2052
2697	2056
2696	2059
2695	2063
2695	2067
2696	2070
2695	2074
2696	2078
2695	2081
2696	2085
2696	2089
2697	2093
2696	2096
2697	2100
2696	2104
2697	2107
2697	2111
2698	2115
2698	2119
2698	2122
2699	2126
2698	2130
2698	2133
2697	2137
2697	2141
2697	2144
2696	2148
2697	2152
2697	2156
2697	2159
2697	2163
2697	2167
2698	2170
2698	2174
2697	2178
2697	2181
2697	2185
2697	2189
2697	2193
2697	2196
2698	2200
2699	2204
2698	2208
2698	2212
2697	2215
2698	2219
2698	2223
2697	2226
2699	2230
2699	2234
2697	2238
2697	2242
2697	2245
2697	2249
2697	2253
2697	2257
2698	2260
2698	2264
2699	2268
2698	2272
2698	2275
2698	2279
2698	2283
2698	2287
2699	2291
2700	2295
2699	2298
2699	2302
2697	2306
2696	2309
2697	2313
2697	2317
2697	2321
2697	2325
2696	2328
2697	2332
2698	2336
2698	2340
2702	2345
2702	2349
2703	2353
2702	2356
2701	2360
2701	2364
2700	2367
2700	2371
2700	2375
2699	2379
2700	2382
2700	2386
2699	2390
2699	2394
2699	2398
2700	2402
2700	2406
2701	2410
2700	2413
2700	2417
2700	2421
2701	2425
2702	2429
2702	2433
2701	2437
2701	2441
2701	2445
2701	2449
2701	2452
2701	2456
2702	2460
2702	2464
2701	2468
2701	2472
2701	2476
2701	2480
2699	2483
2699	2487
2700	2491
2700	2495
2699	2499
2699	2503
2700	2507
2701	2511
2701	2515
2700	2519
2701	2523
2701	2527
2701	2531
2701	2535
2702	2539
2700	2543
2701	2547
2701	2551
2702	2555
2702	2559
2701	2563
2700	2566
2700	2570
2702	2575
2704	2579
2704	2584
2703	2587
2703	2591
2703	2595
2704	2600
2703	2603
2702	2607
2701	2610
2700	2614
2701	2619
2702	2623
2702	2627
2701	2631
2703	2635
2703	2640
2703	2644
2703	2648
2703	2652
2702	2655
2702	2659
2702	2663
2701	2667
2701	2671
2701	2675
2700	2679
2701	2683
2700	2687
2701	2692
2699	2695
2699	2699
2701	2704
2700	2708
2701	2712
2702	2716
2701	2720
2700	2724
2698	2728
2698	2732
2698	2736
2699	2740
2699	2744
2698	2748
2698	2752
2700	2757
2699	2761
2700	2766
2701	2770
2701	2774
2700	2778
2699	2782
2699	2786
2699	2790
2698	2794
2700	2799
2701	2804
2701	2808
2701	2812
2701	2816
2703	2821
2703	2826
2703	2830
2704	2834
2704	2839
2702	2842
2702	2846
2702	2851
2701	2854
2700	2858
2701	2863
2702	2867
2703	2872
2704	2877
2703	2881
2702	2885
2702	2889
2703	2894
2704	2898
2705	2903
2705	2908
2705	2912
2704	2916
2705	2921
2704	2925
2703	2929
2703	2933
2702	2937
2704	2942
2707	2948
2705	2951
2703	2954
2703	2959
2704	2964
2704	2968
2704	2973
2705	2978
2705	2982
2704	2986
2704	2990
2703	2994
2702	2998
2702	3003
2703	3008
2705	3013
2704	3017
2704	3021
2703	3026
2703	3030
2703	3034
2703	3039
2703	3043
2702	3047
2701	3051
2701	3056
2698	3059
2697	3063
2697	3067
2697	3072
2698	3077
2697	3081
2698	3086
2699	3091
2698	3095
2698	3099
2698	3104
2698	3108
2699	3113
2698	3118
2698	3123
2697	3127
2697	3131
2698	3136
2698	3141
2700	3146
2699	3151
2698	3155
2699	3160
2698	3164
2698	3168
2699	3173
2699	3179
2696	3182
2688	3182
2671	3177
2642	3166
2637	3168
2633	3170
2631	3174
2629	3177
2628	3181
2630	3187
2633	3193
2667	3217
2689	3234
2695	3242
2695	3247
2694	3251
2694	3256
2696	3261
2696	3267
2695	3271
2694	3275
2693	3279
2695	3285
2694	3290
2693	3294
2692	3298
2692	3303
2692	3308
2693	3313
2691	3317
2691	3321
2689	3325
2690	3331
2690	3335
2689	3340
2688	3344
2691	3351
2691	3356
2691	3361
2690	3365
2690	3370
2690	3375
2690	3380
2689	3384
2689	3389
2688	3394
2688	3399
2689	3404
2688	3409
2686	3412
2684	3416
2686	3423
2684	3426
2682	3430
2681	3434
2681	3439
2679	3443
2678	3447
2676	3452
2676	3456
2678	3462
2677	3467
2675	3471
2674	3475
2673	3480
2673	3485
2673	3490
2670	3494
2671	3499
2670	3503
2669	3508
2667	3512
2664	3515
2664	3520
2665	3526
2663	3530
2661	3534
2660	3538
2659	3543
2658	3548
2657	3552
2657	3557
2656	3562
2656	3567
2655	3572
2653	3576
2651	3579
2650	3584
2652	3590
2651	3595
2649	3599
2649	3604
2647	3608
2645	3612
2642	3616
2641	3620
2641	3625
2641	3630
2639	3634
2637	3639
2636	3643
2635	3648
2634	3653
2633	3657
2632	3662
2631	3666
2630	3671
2629	3676
2629	3682
2630	3687
2629	3692
2626	3696
2624	3700
2622	3703
2621	3708
2621	3714
2620	3719
2618	3723
2616	3727
2615	3732
2615	3737
2614	3742
2612	3746
2610	3750
2609	3755
2608	3759
2607	3764
2606	3769
2605	3774
2604	3779
2603	3784
2602	3788
2599	3792
2596	3795
2594	3799
2593	3804
2592	3809
2590	3813
2587	3816
2586	3821
2587	3828
2585	3832
2584	3837
2582	3841
2580	3845
2578	3849
2576	3853
2573	3857
2571	3861
2570	3866
2568	3870
2567	3875
2565	3879
2563	3883
2560	3887
2560	3892
2558	3897
2556	3901
2554	3905
2553	3910
2551	3914
2549	3919
2546	3922
2542	3924
2532	3922
2525	3922
2521	3924
2520	3928
2537	3950
2542	3960
2543	3967
2540	3970
2538	3974
2538	3980
2537	3986
2536	3991
2535	3996
2536	4003
2536	4009
2536	4015
2538	4023
2538	4030
2537	4034
2535	4039
2536	4046
2537	4053
2540	4062
2541	4069
2540	4074
2537	4078
2536	4083
2534	4088
2532	4093
2530	4097
2527	4100
2525	4105
2524	4110
2522	4115
2520	4119
2517	4122
2514	4127
2513	4131
2511	4136
2508	4140
2506	4144
2504	4149
2502	4153
2500	4158
2498	4162
2495	4166
2492	4170
2490	4174
2488	4179
2485	4183
2483	4187
2481	4191
2479	4196
2476	4200
2475	4205
2472	4209
2469	4213
2467	4217
2466	4223
2464	4227
2461	4231
2459	4236
2457	4240
2215	4007
2211	4010
2208	4013
2197	4007
2204	4020
2207	4029
2206	4035
2202	4037
2202	4043
2198	4045
2433	4296
2429	4300
2428	4305
2428	4312
2428	4319
2429	4327
2429	4334
2427	4338
2426	4344
2426	4352
2423	4355
2420	4359
2417	4363
2415	4367
2412	4371
2408	4374
2405	4378
2401	4380
2398	4385
2395	4389
2392	4392
2392	4399
2390	4403
2385	4406
2382	4410
2380	4415
2377	4419
2374	4422
2371	4426
2369	4430
2365	4434
2362	4437
2359	4441
2355	4445
2353	4448
2350	4453
2349	4459
2346	4463
2343	4466
2340	4470
2337	4475
2335	4480
2333	4484
2330	4488
2327	4493
2324	4497
2321	4501
2318	4504
2315	4508
2312	4512
2310	4517
2309	4524
2308	4530
2306	4535
2302	4538
2299	4542
2296	4546
2293	4550
2290	4554
2289	4560
2286	4565
2283	4568
2279	4571
2275	4574
2272	4578
2271	4585
2268	4588
2266	4593
2262	4597
2260	4601
2257	4606
2253	4609
2250	4613
2248	4618
2246	4623
2243	4627
2241	4633
2240	4639
2237	4644
2236	4651
2235	4657
2233	4662
2231	4668
2230	4675
2228	4681
2227	4687
2226	4694
2224	4699
2222	4705
2219	4709
2216	4713
2212	4717
2209	4720
2206	4725
2203	4730
2201	4734
2198	4739
2195	4743
2191	4746
2187	4749
2182	4751
2179	4755
2177	4760
2174	4766
2171	4770
2168	4773
2164	4777
2161	4781
2158	4785
2155	4791
2152	4794
2148	4798
2146	4803
2143	4807
2139	4811
2136	4815
2133	4819
2129	4823
2125	4826
2122	4829
2118	4833
2115	4837
2112	4842
2109	4846
2105	4850
2102	4854
2098	4857
2094	4860
2089	4862
2086	4867
2083	4870
2078	4871
2073	4873
2068	4874
2063	4876
2059	4880
2056	4884
2052	4888
2049	4892
2045	4895
2044	4903
2041	4907
2038	4911
2033	4913
2027	4914
2023	4916
2018	4919
2015	4923
2014	4930
2012	4936
2010	4943
2009	4950
2006	4956
2004	4961
2002	4967
1998	4971
1994	4974
1989	4976
1985	4979
1981	4982
1976	4984
1972	4987
1968	4990
1964	4994
1960	4997
1955	4998
1951	5001
1947	5005
1944	5009
1941	5015
1938	5019
1934	5023
1930	5025
1926	5029
1922	5032
1919	5037
1915	5041
1912	5044
1907	5047
1902	5049
1898	5051
1893	5053
1888	5055
1884	5057
1879	5060
1874	5061
1869	5063
1866	5066
1863	5072
1859	5076
1856	5080
1853	5085
1850	5091
1847	5095
1842	5098
1838	5100
1833	5103
1828	5104
1824	5107
1821	5112
1817	5115
1813	5119
1809	5123
1805	5126
1801	5130
1797	5132
1792	5134
1787	5136
1784	5140
1780	5143
1775	5146
1772	5150
1768	5153
1764	5157
1759	5160
1755	5162
1751	5166
1747	5169
1743	5173
1739	5175
1734	5179
1730	5182
1727	5187
1723	5189
1717	5191
1713	5193
1708	5195
1704	5198
1699	5200
1696	5205
1691	5207
1686	5209
1681	5210
1677	5214
1673	5217
1669	5219
1664	5221
1659	5223
1655	5226
1651	5229
1646	5232
1641	5234
1637	5236
1632	5239
1629	5243
1624	5246
1620	5249
1616	5252
1611	5254
1606	5255
1601	5257
1596	5259
1591	5261
1587	5264
1583	5268
1579	5272
1575	5275
1570	5276
1566	5279
1561	5282
1557	5284
1551	5284
1547	5287
1543	5291
1538	5293
1533	5295
1528	5297
1523	5298
1518	5299
1512	5297
1507	5299
1502	5302
1497	5303
1492	5303
1486	5303
1481	5303
1476	5304
1471	5306
1466	5308
1462	5311
1458	5315
1454	5319
1449	5320
1443	5320
1438	5322
1434	5325
1430	5328
1425	5329
1420	5331
1415	5333
1410	5334
1405	5336
1400	5337
1395	5339
1391	5341
1386	5343
1381	5343
1375	5343
1370	5344
1365	5347
1362	5352
1357	5354
1351	5354
1346	5355
1341	5356
1336	5357
1331	5357
1326	5358
1321	5360
1316	5363
1312	5366
1308	5370
1303	5372
1298	5373
1293	5374
1287	5373
1282	5374
1278	5377
1275	5384
1271	5388
1266	5389
1261	5390
1256	5391
1250	5391
1245	5392
1240	5395
1236	5398
1231	5400
1226	5401
1221	5402
1217	5404
1211	5404
1207	5407
1202	5409
1197	5411
1193	5414
1188	5416
1183	5417
1178	5419
1173	5419
1168	5420
1163	5421
1157	5421
1151	5418
1145	5417
1140	5419
1136	5422
1132	5428
1127	5429
1122	5430
1117	5431
1113	5434
1108	5436
1104	5440
1100	5443
1095	5447
1090	5448
1086	5451
1081	5452
1076	5453
1070	5453
1065	5454
1060	5455
1055	5455
1050	5456
1045	5459
1040	5461
1035	5462
1030	5462
1025	5463
1020	5466
1015	5465
1011	5469
1006	5473
1002	5477
998	5480
993	5481
988	5485
984	5489
979	5491
974	5491
969	5492
964	5494
960	5497
955	5499
950	5501
945	5503
940	5505
935	5507
930	5505
925	5506
919	5505
914	5506
909	5507
903	5507
897	5503
891	5499
886	5499
880	5498
875	5498
869	5498
864	5497
859	5498
854	5500
849	5501
845	5505
840	5507
835	5509
830	5510
825	5511
820	5512
815	5514
810	5514
805	5517
800	5515
794	5513
789	5513
784	5514
779	5516
774	5516
769	5518
764	5518
759	5520
754	5522
749	5523
743	5521
738	5521
733	5523
728	5525
724	5528
719	5529
713	5528
708	5529
703	5529
698	5529
693	5529
688	5531
683	5532
678	5533
672	5532
667	5530
661	5529
656	5529
651	5529
646	5529
641	5530
636	5532
631	5534
626	5533
620	5532
615	5530
609	5529
604	5528
599	5529
594	5530
589	5532
584	5534
579	5535
574	5535
569	5534
564	5535
559	5537
554	5539
549	5541
544	5542
540	5544
535	5547
530	5547
524	5545
519	5545
514	5547
509	5548
504	5549
499	5547
494	5548
489	5549
484	5549
478	5548
473	5547
468	5546
462	5543
457	5544
452	5544
447	5544
442	5544
437	5545
432	5546
427	5548
422	5549
417	5549
411	5548
406	5546
401	5544
396	5544
391	5545
386	5546
381	5548
376	5551
371	5553
366	5553
361	5556
356	5558
351	5560
346	5561
341	5562
336	5561
331	5560
326	5561
321	5562
316	5561
310	5561
305	5562
300	5563
295	5563
290	5563
285	5562
280	5561
275	5561
270	5562
265	5564
260	5567
255	5570
250	5572
245	5576
241	5586
192	5017
188	5019
184	5022
179	5021
175	5019
170	5016
166	5016
162	5016
157	5017
153	5011
148	5002
143	4999
138	4994
134	4989
129	4988
125	4992
121	4996
117	4998
113	5000
109	5005
105	5014
100	5015
96	5014
92	5013
87	5015
83	5018
79	5020
74	5019
70	5012
82	5581
77	5580
72	5580
67	5578
62	5577
56	5577
51	5576
46	5576
41	5575
36	5577
31	5574
26	5568
20	5559
15	5551
10	5546
5	5544
-0	5540
-5	5538
-10	5540
-15	5542
-20	5542
-25	5542
-30	5544
-35	5545
-40	5547
-45	5548
-51	5548
-56	5548
-61	5550
-66	5552
-71	5551
-76	5550
-81	5550
-86	5550
-91	5550
-96	5552
-101	5555
-106	5557
-111	5557
-116	5555
-121	5553
-126	5553
-131	5553
-136	5553
-142	5552
-147	5551
-152	5550
-157	5549
-162	5550
-167	5548
-172	5547
-177	5547
-182	5548
-187	5546
-192	5544
-197	5542
-202	5542
-207	5543
-212	5544
-217	5542
-222	5542
-227	5539
-232	5538
-237	5537
-242	5535
-247	5532
-252	5530
-257	5526
-261	5522
-266	5519
-271	5520
-276	5519
-281	5517
-286	5513
-291	5508
-296	5506
-301	5503
-306	5503
-311	5505
-315	5498
-320	5496
-325	5496
-330	5494
-335	5494
-340	5493
-345	5492
-350	5492
-355	5494
-360	5493
-365	5493
-370	5492
-375	5492
-380	5492
-385	5490
-390	5489
-395	5487
-400	5487
-404	5484
-409	5483
-414	5482
-419	5480
-424	5479
-429	5477
-434	5476
-439	5477
-444	5477
-449	5476
-453	5473
-458	5471
-463	5472
-468	5473
-473	5472
-478	5471
-483	5470
-488	5470
-493	5467
-497	5465
-502	5463
-507	5463
-512	5465
-517	5461
-522	5460
-527	5460
-532	5460
-536	5456
-541	5451
-546	5449
-550	5446
-555	5445
-560	5443
-565	5442
-570	5444
-575	5444
-580	5444
-585	5442
-589	5441
-594	5439
-599	5438
-604	5437
-609	5435
-614	5434
-618	5434
-624	5434
-629	5435
-634	5436
-639	5434
-643	5431
-648	5429
-653	5429
-658	5429
-663	5428
-668	5428
-673	5427
-678	5426
-682	5425
-687	5423
-692	5422
-697	5422
-702	5421
-707	5422
-712	5421
-717	5420
-722	5419
-726	5418
-731	5418
-737	5418
-741	5416
-746	5414
-750	5412
-755	5410
-760	5409
-765	5410
-770	5410
-775	5408
-779	5403
-783	5399
-788	5399
-794	5402
-799	5403
-805	5406
-809	5403
-814	5402
-819	5402
-825	5403
-829	5402
-835	5402
-840	5402
-845	5404
-850	5404
-855	5404
-860	5404
-865	5404
-870	5403
-875	5402
-879	5399
-884	5396
-889	5396
-894	5397
-899	5395
-904	5394
-909	5393
-914	5392
-919	5392
-923	5390
-928	5389
-933	5389
-939	5390
-944	5391
-948	5388
-953	5387
-958	5385
-963	5385
-968	5384
-973	5383
-977	5381
-982	5380
-987	5377
-991	5374
-996	5372
-1001	5371
-1006	5371
-1011	5371
-1015	5367
-1019	5363
-1024	5361
-1028	5359
-1033	5357
-1038	5355
-1042	5353
-1047	5352
-1051	5349
-1056	5346
-1060	5343
-1065	5343
-1070	5341
-1075	5340
-1079	5338
-1083	5333
-1087	5329
-1091	5326
-1095	5323
-1100	5321
-1105	5320
-1110	5320
-1114	5317
-1119	5315
-1124	5314
-1128	5312
-1133	5310
-1138	5308
-1142	5307
-1147	5306
-1152	5303
-1156	5301
-1161	5300
-1166	5299
-1170	5297
-1174	5293
-1178	5290
-1183	5288
-1188	5287
-1192	5284
-1197	5282
-1201	5280
-1206	5280
-1211	5277
-1214	5273
-1219	5270
-1223	5268
-1228	5268
-1233	5267
-1238	5265
-1243	5265
-1249	5266
-1254	5266
-1259	5266
-1264	5265
-1269	5264
-1273	5261
-1278	5260
-1282	5256
-1286	5254
-1291	5254
-1297	5256
-1302	5255
-1307	5254
-1312	5252
-1316	5250
-1321	5249
-1325	5246
-1330	5245
-1335	5245
-1339	5242
-1344	5239
-1348	5238
-1353	5235
-1357	5233
-1362	5231
-1368	5234
-1372	5230
-1376	5228
-1381	5227
-1386	5226
-1390	5223
-1395	5223
-1400	5221
-1405	5219
-1409	5217
-1414	5216
-1419	5214
-1424	5214
-1429	5212
-1432	5208
-1437	5207
-1441	5204
-1446	5202
-1450	5200
-1456	5200
-1460	5198
-1465	5197
-1470	5196
-1475	5195
-1480	5194
-1486	5195
-1491	5196
-1495	5193
-1500	5191
-1504	5188
-1508	5185
-1513	5183
-1517	5180
-1521	5177
-1526	5175
-1530	5173
-1534	5170
-1539	5169
-1544	5168
-1549	5166
-1552	5162
-1557	5160
-1561	5157
-1565	5154
-1569	5151
-1574	5151
-1580	5152
-1585	5151
-1590	5149
-1594	5147
-1599	5144
-1603	5142
-1608	5141
-1613	5139
-1618	5138
-1622	5136
-1627	5134
-1631	5133
-1636	5130
-1640	5129
-1645	5127
-1649	5124
-1653	5121
-1658	5119
-1662	5117
-1666	5114
-1671	5112
-1675	5109
-1678	5105
-1682	5102
-1687	5099
-1692	5098
-1696	5096
-1699	5090
-1702	5086
-1706	5082
-1710	5079
-1714	5075
-1718	5072
-1722	5069
-1726	5066
-1730	5063
-1734	5060
-1737	5057
-1741	5054
-1745	5051
-1750	5049
-1754	5046
-1756	5039
-1760	5037
-1765	5035
-1770	5035
-1775	5033
-1779	5030
-1783	5027
-1787	5025
-1792	5023
-1796	5020
-1799	5015
-1802	5011
-1805	5006
-1809	5003
-1813	5000
-1817	4997
-1822	4996
-1827	4994
-1831	4992
-1836	4990
-1841	4989
-1845	4987
-1849	4983
-1853	4981
-1858	4980
-1863	4978
-1865	4973
-1869	4969
-1872	4964
-1875	4961
-1880	4959
-1886	4959
-1891	4958
-1895	4955
-1898	4951
-1901	4946
-1905	4943
-1909	4941
-1913	4937
-1918	4936
-1922	4933
-1926	4930
-1929	4927
-1933	4924
-1937	4920
-1940	4916
-1943	4912
-1947	4909
-1952	4907
-1956	4904
-1960	4901
-1962	4896
-1966	4893
-1971	4891
-1975	4889
-1979	4886
-1983	4883
-1987	4880
-1991	4877
-1995	4874
-1999	4873
-2004	4870
-2008	4867
-2011	4864
-2015	4861
-2020	4859
-2023	4856
-2027	4853
-2032	4850
-2036	4848
-2040	4845
-2044	4843
-2048	4840
-2052	4837
-2056	4835
-2060	4831
-2064	4829
-2069	4827
-2072	4823
-2076	4821
-2080	4818
-2084	4816
-2088	4812
-2093	4810
-2097	4808
-2100	4804
-2103	4800
-2107	4797
-2112	4795
-2117	4793
-2120	4790
-2125	4789
-2129	4786
-2133	4783
-2137	4780
-2141	4777
-2145	4775
-2150	4773
-2154	4771
-2158	4767
-2162	4765
-2166	4762
-2170	4760
-2174	4756
-2178	4753
-2182	4751
-2186	4748
-2190	4745
-2194	4743
-2198	4740
-2202	4737
-2206	4735
-2210	4732
-2214	4728
-2217	4724
-2220	4721
-2224	4718
-2228	4714
-2231	4711
-2234	4706
-2238	4703
-2242	4701
-2245	4697
-2249	4694
-2252	4690
-2256	4687
-2259	4683
-2263	4680
-2267	4677
-2271	4674
-2275	4671
-2279	4669
-2282	4665
-2285	4660
-2288	4657
-2291	4652
-2294	4649
-2298	4645
-2301	4642
-2305	4639
-2308	4635
-2311	4631
-2315	4628
-2318	4624
-2322	4621
-2325	4618
-2329	4615
-2333	4611
-2336	4607
-2340	4604
-2343	4601
-2346	4597
-2349	4593
-2354	4591
-2357	4588
-2361	4584
-2364	4580
-2367	4577
-2371	4574
-2375	4571
-2378	4567
-2381	4563
-2384	4560
-2388	4556
-2390	4551
-2393	4548
-2397	4545
-2401	4542
-2404	4538
-2408	4535
-2412	4532
-2416	4530
-2419	4526
-2423	4523
-2427	4520
-2430	4517
-2433	4513
-2436	4509
-2440	4506
-2444	4503
-2446	4497
-2449	4494
-2452	4490
-2455	4487
-2459	4483
-2461	4479
-2464	4475
-2467	4471
-2471	4468
-2474	4464
-2478	4461
-2481	4458
-2484	4454
-2487	4450
-2489	4445
-2492	4441
-2496	4438
-2498	4433
-2501	4429
-2504	4425
-2507	4421
-2510	4418
-2513	4414
-2516	4410
-2519	4406
-2523	4403
-2525	4398
-2527	4394
-2530	4390
-2534	4387
-2536	4383
-2539	4378
-2542	4375
-2545	4371
-2548	4367
-2551	4363
-2554	4359
-2558	4357
-2562	4354
-2565	4350
-2569	4348
-2572	4344
-2575	4340
-2578	4336
-2581	4332
-2584	4328
-2587	4325
-2590	4321
-2594	4318
-2597	4314
-2600	4311
-2603	4307
-2607	4304
-2609	4300
-2612	4296
-2615	4292
-2617	4288
-2621	4284
-2624	4280
-2628	4278
-2631	4274
-2634	4270
-2637	4267
-2640	4263
-2644	4260
-2646	4256
-2650	4253
-2653	4249
-2656	4245
-2658	4241
-2660	4236
-2663	4232
-2666	4229
-2670	4225
-2671	4220
-2673	4215
-2674	4210
-2676	4205
-2678	4200
-2680	4196
-2683	4192
-2685	4187
-2687	4183
-2689	4178
-2691	4174
-2694	4170
-2696	4165
-2699	4161
-2702	4158
-2704	4153
-2706	4149
-2709	4145
-2711	4141
-2714	4136
-2717	4133
-2719	4128
-2721	4124
-2723	4119
-2726	4116
-2728	4111
-2730	4107
-2733	4102
-2735	4098
-2737	4094
-2738	4088
-2740	4084
-2742	4080
-2745	4075
-2747	4071
-2749	4066
-2751	4062
-2753	4058
-2755	4053
-2757	4048
-2758	4044
-2760	4039
-2764	4036
-2765	4031
-2767	4026
-2768	4021
-2770	4017
-2773	4013
-2774	4008
-2776	4003
-2779	4000
-2781	3995
-2783	3991
-2785	3986
-2786	3981
-2789	3978
-2792	3974
-2794	3969
-2796	3965
-2797	3960
-2796	3954
-2798	3949
-2800	3945
-2802	3940
-2803	3935
-2804	3929
-2806	3925
-2807	3920
-2808	3915
-2811	3911
-2812	3906
-2813	3902
-2815	3897
-2816	3892
-2817	3887
-2817	3881
-2818	3876
-2820	3871
-2820	3866
-2821	3861
-2822	3855
-2824	3851
-2825	3846
-2826	3841
-2828	3837
-2829	3832
-2830	3827
-2831	3822
-2832	3817
-2832	3811
-2832	3806
-2834	3801
-2836	3797
-2837	3792
-2837	3786
-2838	3782
-2840	3777
-2842	3773
-2843	3768
-2844	3763
-2845	3759
-2847	3754
-2848	3749
-2849	3745
-2851	3740
-2851	3734
-2852	3730
-2854	3725
-2855	3720
-2857	3716
-2858	3711
-2859	3707
-2861	3702
-2862	3698
-2863	3693
-2864	3688
-2864	3683
-2866	3679
-2867	3674
-2868	3669
-2868	3663
-2869	3659
-2869	3653
-2870	3648
-2870	3643
-2871	3638
-2871	3633
-2871	3627
-2871	3622
-2871	3616
-2871	3611
-2872	3606
-2873	3601
-2874	3597
-2875	3592
-2874	3586
-2875	3582
-2875	3576
-2876	3571
-2877	3567
-2877	3561
-2878	3557
-2879	3552
-2878	3546
-2879	3542
-2880	3537
-2881	3533
-2881	3527
-2882	3522
-2883	3518
-2883	3513
-2884	3508
-2885	3503
-2885	3499
-2885	3493
-2886	3488
-2886	3484
-2887	3479
-2889	3475
-2889	3470
-2889	3465
-2890	3460
-2891	3456
-2892	3451
-2892	3446
-2891	3440
-2892	3436
-2892	3431
-2893	3426
-2894	3422
-2895	3417
-2896	3413
-2897	3408
-2897	3403
-2899	3399
-2898	3394
-2899	3389
-2900	3385
-2901	3380
-2902	3376
-2902	3371
-2902	3366
-2904	3362
-2905	3357
-2906	3353
-2908	3349
-2908	3344
-2909	3340
-2911	3336
-2913	3332
-2914	3328
-2915	3324
-2917	3319
-2918	3315
-2919	3311
-2919	3306
-2919	3301
-2920	3297
-2920	3292
-2919	3286
-2919	3281
-2918	3276
-2918	3271
-2918	3266
-2918	3261
-2918	3256
-2917	3251
-2916	3246
-2917	3241
-2916	3236
-2912	3229
-2912	3224
-2912	3219
-2911	3214
-2911	3209
-2911	3205
-2912	3200
-2911	3195
-2911	3190
-2910	3185
-2911	3180
-2911	3176
-2911	3171
-2912	3167
-2911	3162
-2910	3156
-2909	3151
-2908	3146
-2908	3141
-2908	3137
-2908	3132
-2909	3128
-2910	3123
-2910	3119
-2909	3114
-2909	3109
-2910	3105
-2910	3100
-2910	3096
-2910	3091
-2907	3085
-2908	3081
-2908	3076
-2908	3072
-2909	3067
-2910	3063
-2911	3059
-2912	3055
-2911	3050
-2911	3045
-2913	3042
-2913	3037
-2913	3032
-2912	3027
-2910	3022
-2909	3017
-2910	3013
-2910	3009
-2910	3004
-2909	2999
-2910	2995
-2910	2990
-2911	2986
-2912	2982
-2911	2978
-2912	2973
-2913	2969
-2913	2965
-2914	2961
-2914	2957
-2911	2950
-2910	2946
-2911	2942
-2913	2938
-2913	2934
-2913	2929
-2910	2924
-2910	2919
-2911	2915
-2911	2911
-2912	2907
-2912	2902
-2912	2898
-2911	2893
-2911	2889
-2906	2882
-2905	2877
-2905	2873
-2904	2868
-2904	2864
-2903	2859
-2902	2854
-2900	2849
-2899	2844
-2900	2840
-2900	2836
-2900	2832
-2899	2827
-2898	2823
-2898	2818
-2896	2813
-2896	2809
-2895	2804
-2893	2799
-2893	2795
-2893	2791
-2893	2786
-2893	2782
-2892	2777
-2892	2773
-2891	2769
-2891	2764
-2892	2760
-2894	2757
-2893	2752
-2887	2746
-2887	2742
-2888	2738
-2889	2734
-2889	2730
-2887	2725
-2886	2720
-2886	2716
-2887	2712
-2885	2707
-2886	2703
-2886	2699
-2884	2695
-2882	2690
-2882	2686
-2883	2682
-2881	2677
-2881	2672
-2880	2668
-2878	2663
-2878	2659
-2879	2655
-2879	2651
-2878	2647
-2874	2641
-2872	2637
-2872	2633
-2872	2629
-2873	2625
-2870	2620
-2869	2615
-2868	2611
-2869	2607
-2868	2603
-2867	2598
-2866	2594
-2865	2590
-2864	2585
-2865	2581
-2865	2577
-2863	2573
-2862	2568
-2861	2564
-2859	2559
-2860	2556
-2859	2551
-2855	2546
-2856	2542
-2856	2538
-2856	2534
-2854	2530
-2853	2525
-2851	2521
-2850	2517
-2850	2513
-2850	2509
-2850	2505
-2849	2501
-2849	2497
-2847	2492
-2846	2488
-2846	2484
-2846	2480
-2846	2476
-2845	2472
-2844	2468
-2842	2463
-2841	2459
-2842	2455
-2841	2451
-2840	2447
-2840	2443
-2840	2439
-2840	2435
-2839	2431
-2839	2427
-2837	2423
-2834	2418
-2833	2414
-2833	2410
-2832	2406
-2832	2402
-2831	2398
-2831	2394
-2831	2390
-2832	2387
-2832	2383
-2832	2379
-2830	2375
-2830	2371
-2831	2367
-2830	2363
-2829	2359
-2826	2354
-2825	2350
-2825	2347
-2825	2343
-2823	2338
-2822	2334
-2821	2330
-2820	2326
-2821	2323
-2821	2319
-2822	2315
-2820	2311
-2817	2307
-2816	2303
-2813	2298
-2812	2294
-2811	2290
-2810	2286
-2809	2282
-2807	2278
-2807	2274
-2807	2271
-2806	2267
-2805	2263
-2804	2259
-2802	2255
-2802	2251
-2801	2247
-2799	2243
-2797	2239
-2797	2235
-2797	2231
-2797	2227
-2794	2223
-2793	2219
-2792	2215
-2791	2211
-2788	2207
-2787	2203
-2788	2200
-2788	2196
-2788	2192
-2788	2189
-2784	2184
-2782	2180
-2781	2176
-2779	2172
-2780	2169
-2780	2165
-2778	2161
-2778	2158
-2777	2154
-2775	2150
-2775	2146
-2773	2142
-2773	2138
-2772	2135
-2770	2131
-2768	2127
-2768	2123
-2766	2119
-2767	2116
-2767	2112
-2767	2108
-2766	2105
-2765	2101
-2764	2097
-2764	2093
-2764	2090
-2762	2086
-2762	2082
-2762	2079
-2762	2075
-2755	2071
-2755	2067
-2754	2063
-2754	2060
-2755	2056
-2755	2052
-2754	2049
-2755	2045
-2754	2042
-2754	2038
-2751	2034
-2748	2030
-2746	2026
-2745	2023
-2747	2019
-2746	2016
-2748	2012
-2748	2009
-2745	2005
-2743	2001
-2742	1997
-2742	1994
-2741	1990
-2741	1987
-2740	1983
-2739	1979
-2740	1976
-2739	1972
-2737	1968
-2736	1965
-2734	1961
-2735	1958
-2732	1954
-2731	1950
-2732	1947
-2730	1943
-2730	1939
-2730	1936
-2729	1932
-2729	1929
-2727	1925
-2725	1921
-2725	1918
-2725	1914
-2724	1911
-2721	1907
-2720	1903
-2720	1900
-2717	1896
-2716	1893
-2715	1889
-2716	1886
-2715	1882
-2713	1878
-2712	1875
-2713	1871
-2713	1868
-2713	1865
-2711	1861
-2710	1857
-2708	1854
-2708	1850
-2707	1847
-2708	1843
-2706	1840
-2705	1836
-2704	1833
-2703	1829
-2702	1826
-2702	1822
-2701	1819
-2701	1815
-2701	1812
-2700	1808
-2699	1805
-2699	1801
-2696	1798
-2695	1794
-2693	1791
-2693	1787
-2693	1784
-2693	1780
-2693	1777
-2692	1773
-2690	1770
-2689	1766
-2689	1763
-2688	1760
-2687	1756
-2685	1753
-2685	1749
-2684	1746
-2683	1742
-2681	1739
-2681	1735
-2680	1732
-2680	1728
-2681	1725
-2681	1722
-2680	1718
-2679	1715
-2678	1711
-2678	1708
-2677	1704
-2675	1701
-2675	1698
-2673	1694
-2672	1691
-2672	1687
-2671	1684
-2670	1681
-2669	1677
-2668	1674
-2665	1670
-2663	1667
-2663	1664
-2663	1660
-2662	1657
-2661	1653
-2660	1650
-2660	1647
-2658	1643
-2656	1640
-2656	1636
-2656	1633
-2656	1630
-2656	1626
-2655	1623
-2653	1619
-2654	1616
-2654	1613
-2653	1609
-2652	1606
-2649	1603
-2649	1599
-2648	1596
-2647	1593
-2646	1589
-2647	1586
-2647	1582
-2645	1579
-2644	1576
-2643	1572
-2641	1569
-2641	1566
-2642	1562
-2642	1559
-2639	1556
-2638	1552
-2638	1549
-2638	1546
-2635	1542
-2634	1539
-2633	1536
-2632	1532
-2633	1529
-2631	1526
-2630	1522
-2631	1519
-2630	1516
-2630	1512
-2629	1509
-2626	1506
-2624	1503
-2624	1499
-2624	1496
-2621	1493
-2619	1489
-2619	1486
-2618	1483
-2618	1479
-2618	1476
-2618	1473
-2615	1470
-2613	1466
-2613	1463
-2613	1460
-2611	1456
-2609	1453
-2608	1450
-2607	1447
-2609	1443
-2608	1440
-2607	1437
-2606	1433
-2604	1430
-2602	1427
-2602	1424
-2602	1420
-2601	1417
-2600	1414
-2598	1411
-2596	1408
-2593	1405
-2591	1402
-2588	1398
-2589	1395
-2590	1391
-2589	1388
-2589	1385
-2589	1382
-2589	1378
-2587	1375
-2586	1372
-2585	1369
-2583	1366
-2582	1362
-2580	1359
-2579	1356
-2579	1353
-2579	1349
-2577	1346
-2575	1343
-2576	1340
-2574	1337
-2572	1334
-2570	1330
-2568	1327
-2567	1324
-2567	1321
-2567	1317
-2566	1314
-2564	1311
-2564	1308
-2563	1305
-2562	1301
-2559	1299
-2558	1295
-2557	1292
-2556	1289
-2555	1286
-2554	1283
-2552	1280
-2553	1276
-2552	1273
-2553	1269
-2552	1266
-2551	1263
-2552	1259
-2551	1256
-2550	1253
-2549	1250
-2550	1246
-2548	1243
-2546	1240
-2544	1237
-2543	1234
-2542	1231
-2540	1228
-2539	1225
-2538	1222
-2536	1219
-2536	1215
-2536	1212
-2537	1209
-2536	1205
-2534	1202
-2530	1200
-2530	1196
-2530	1193
-2530	1190
-2529	1187
-2528	1183
-2529	1180
-2527	1177
-2526	1174
-2525	1171
-2524	1167
-2523	1164
-2523	1161
-2521	1158
-2521	1154
-2521	1151
-2520	1148
-2518	1145
-2517	1142
-2515	1139
-2515	1136
-2514	1132
-2513	1129
-2511	1126
-2510	1123
-2509	1120
-2508	1117
-2507	1114
-2506	1111
-2506	1107
-2505	1104
-2503	1101
-2502	1098
-2502	1095
-2502	1091
-2501	1088
-2499	1085
-2498	1082
-2498	1079
-2496	1076
-2495	1073
-2492	1070
-2490	1067
-2491	1064
-2490	1061
-2489	1057
-2488	1054
-2487	1051
-2486	1048
-2486	1045
-2485	1042
-2486	1038
-2486	1034
-2483	1032
-2482	1029
-2481	1025
-2480	1023
-2479	1019
-2479	1016
-2475	1014
-2473	1011
-2472	1008
-2472	1004
-2470	1001
-2470	998
-2470	995
-2469	992
-2467	989
-2465	986
-2465	982
-2465	979
-2465	976
-2464	972
-2462	970
-2459	967
-2458	964
-2458	960
-2457	957
-2456	954
-2455	951
-2454	948
-2452	945
-2452	942
-2451	939
-2450	936
-2450	932
-2449	929
-2448	926
-2447	923
-2446	920
-2444	917
-2443	914
-2444	910
-2443	907
-2441	904
-2439	901
-2439	898
-2438	894
-2437	891
-2435	889
-2433	886
-2432	883
-2431	880
-2430	876
-2429	873
-2428	870
-2429	867
-2429	863
-2427	860
-2426	857
-2424	854
-2423	851
-2422	848
-2421	845
-2419	842
-2418	839
-2416	836
-2415	833
-2415	830
-2414	827
-2412	824
-2412	820
-2411	817
-2411	814
-2410	811
-2409	808
-2408	804
-2407	801
-2407	798
-2406	795
-2405	792
-2402	789
-2402	785
-2403	782
-2403	778
-2402	775
-2398	773
-2397	770
-2398	766
-2399	762
-2396	759
-2395	756
-2394	753
-2394	750
-2392	747
-2390	744
-2390	741
-2391	737
-2389	734
-2388	731
-2386	728
-2385	725
-2385	721
-2385	718
-2384	714
-2383	711
-2383	708
-2383	704
-2382	701
-2383	697
-2380	695
-2379	692
-2379	688
-2376	686
-2375	683
-2374	680
-2373	676
-2373	673
-2372	670
-2370	667
-2368	664
-2367	661
-2366	658
-2365	655
-2365	651
-2362	649
-2362	645
-2360	642
-2360	639
-2359	636
-2358	632
-2357	629
-2355	626
-2354	623
-2353	620
-2351	617
-2350	614
-2348	611
-2347	608
-2346	605
-2345	602
-2343	599
-2341	596
-2341	593
-2339	590
-2337	587
-2335	584
-2333	582
-2333	578
-2332	575
-2331	572
-2330	569
-2328	566
-2327	563
-2326	560
-2326	556
-2325	553
-2323	550
-2321	547
-2321	544
-2321	540
-2320	536
-2320	533
-2318	530
-2317	527
-2316	524
-2315	521
-2313	518
-2312	515
-2311	511
-2309	508
-2309	505
-2308	502
-2306	499
-2305	496
-2303	493
-2303	489
-2301	486
-2300	483
-2300	480
-2297	477
-2296	474
-2295	471
-2293	468
-2292	465
-2290	462
-2288	459
-2288	456
-2286	453
-2285	449
-2284	447
-2283	443
-2282	440
-2280	437
-2278	434
-2277	431
-2277	428
-2275	425
-2274	421
-2273	418
-2272	415
-2271	412
-2269	409
-2268	405
-2267	403
-2267	399
-2268	394
-2265	392
-2264	388
-2263	385
-2261	383
-2261	379
-2259	376
-2256	374
-2255	371
-2254	367
-2254	363
-2254	360
-2253	356
-2251	353
-2250	350
-2249	346
-2248	343
-2246	341
-2243	338
-2241	336
-2240	333
-2238	330
-2237	326
-2237	323
-2235	320
-2233	317
-2232	314
-2233	309
-2233	305
-2231	302
-2229	299
-2227	297
-2226	294
-2225	290
-2225	287
-2224	283
-2223	280
-2221	277
-2219	274
-2218	271
-2217	267
-2216	264
-2215	261
-2214	257
-2214	253
-2212	250
-2211	247
-2209	244
-2209	240
-2210	235
-2209	232
-2206	230
-2203	227
-2201	225
-2199	222
-2197	220
-2196	216
-2195	212
-2195	208
-2194	205
-2193	202
-2192	198
-2190	195
-2189	192
-2187	189
-2187	185
-2187	181
-2187	176
-2188	172
-2186	169
-2184	166
-2182	164
-2180	161
-2178	158
-2175	156
-2174	152
-2176	147
-2174	143
-2174	140
-2174	136
-2169	135
-2164	134
-2162	131
-2159	129
-2156	127
-2153	125
-2150	123
-2146	122
-2142	121
-2138	120
-2136	117
-2134	114
-2130	113
-2127	110
-2126	107
-2126	103
-2124	100
-2122	97
-2122	93
-2120	91
-2117	88
-2115	85
-2115	81
-2117	76
-2115	72
-2113	70
-2113	66
-2113	61
-2112	58
-2109	56
-2107	52
-2106	49
-2105	46
-2105	41
-2103	38
-2102	35
-2100	32
-2098	29
-2098	24
-2096	21
-2096	17
-2095	14
-2094	10
-2092	7
-2091	4
-2089	0
-2087	-2
-2086	-6
-2086	-10
-2084	-13
-2084	-17
-2082	-21
-2081	-24
-2080	-28
-2078	-31
-2076	-34
-2075	-37
-2074	-41
-2072	-44
-2072	-48
-2070	-52
-2068	-54
-2066	-57
-2065	-61
-2065	-65
-2064	-69
-2064	-74
-2062	-76
-2059	-79
-2058	-82
-2057	-86
-2055	-90
-2054	-93
-2052	-96
-2052	-101
-2050	-104
-2048	-107
-2046	-110
-2047	-115
-2047	-120
-2044	-122
-2042	-125
-2040	-128
-2040	-133
-2039	-137
-2038	-141
-2037	-144
-2034	-146
-2031	-148
-2032	-154
-2031	-158
-2030	-162
-2030	-166
-2027	-169
-2025	-172
-2022	-174
-2016	-172
-2010	-172
-2008	-175
-1997	-170
-1994	-172
-1992	-175
-1989	-177
-1983	-175
-1977	-175
-1974	-176
-1971	-178
-1966	-179
-1958	-176
-1954	-177
-1952	-179
-1949	-181
-1946	-183
-1946	-188
-1944	-191
-1940	-191
-1935	-192
-1931	-193
-1931	-197
-1925	-196
-1915	-192
-1909	-190
-1906	-191
-1903	-194
-1899	-195
-1895	-196
-1894	-199
-1892	-202
-1885	-200
-1876	-195
-1870	-194
-1865	-194
-1863	-197
-1861	-200
-1854	-197
-1846	-194
-1843	-195
-1835	-192
-1830	-192
-1819	-185
-1812	-182
-1809	-184
-1806	-186
-1803	-188
-1800	-189
-1795	-189
-1787	-185
-1777	-179
-1772	-179
-1769	-180
-1768	-184
-1766	-186
-1762	-187
-1754	-183
-1749	-183
-1740	-177
-1721	-161
-1709	-153
-1703	-151
-1697	-148
-1692	-148
-1689	-149
-1686	-151
-1684	-153
-1682	-156
-1687	-167
-1685	-169
-1679	-168
-1676	-169
-1669	-165
-1667	-168
-1666	-172
-1664	-175
-1665	-180
-1668	-189
-1649	-172
-1645	-172
-1641	-172
-1636	-172
-1632	-172
-1631	-176
-1628	-177
-1624	-177
-1610	-165
-1603	-162
-1599	-162
-1596	-163
-1592	-163
-1589	-165
-1579	-157
-1573	-155
-1567	-153
-1561	-150
-1556	-149
-1552	-149
-1552	-154
-1550	-156
-1547	-158
-1547	-162
-1543	-163
-1540	-164
-1536	-164
-1532	-164
-1524	-159
-1509	-145
-1501	-140
-1497	-138
-1492	-138
-1489	-138
-1483	-136
-1480	-137
-1476	-137
-1472	-136
-1468	-136
-1463	-135
-1460	-135
-1456	-135
-1453	-136
-1449	-136
-1447	-138
-1445	-141
-1445	-146
-1445	-151
-1443	-153
-1439	-153
-1436	-154
-1433	-155
-1431	-157
-1427	-157
-1422	-156
-1418	-155
-1412	-152
-1408	-152
-1405	-152
-1403	-154
-1401	-158
-1398	-158
-1395	-159
-1391	-159
-1387	-157
-1380	-153
-1376	-153
-1375	-156
-1367	-150
-1355	-139
-1350	-136
-1347	-137
-1344	-138
-1341	-138
-1338	-139
-1334	-139
-1331	-140
-1329	-142
-1326	-143
-1323	-144
-1319	-143
-1317	-145
-1316	-149
-1316	-154
-1315	-157
-1312	-158
-1309	-160
-1307	-162
-1307	-166
-1304	-168
-1298	-164
-1291	-158
-1284	-154
-1282	-155
-1283	-162
-1284	-169
-1282	-171
-1278	-170
-1275	-171
-1271	-171
-1268	-171
-1265	-171
-1261	-171
-1259	-173
-1256	-174
-1254	-177
-1251	-178
-1249	-179
-1246	-180
-1242	-180
-1238	-179
-1235	-179
-1232	-179
-1228	-179
-1225	-179
-1222	-180
-1219	-180
-1214	-178
-1211	-178
-1208	-179
-1205	-180
-1202	-181
-1199	-181
-1196	-180
-1193	-181
-1188	-179
-1185	-180
-1182	-179
-1176	-175
-1172	-175
-1169	-175
-1167	-178
-1165	-180
-1161	-179
-1158	-179
-1155	-179
-1152	-180
-1149	-181
-1147	-182
-1143	-181
-1139	-179
-1135	-179
-1132	-179
-1126	-174
-1121	-171
-1118	-172
-1116	-174
-1114	-176
-1112	-178
-1110	-180
-1107	-181
-1104	-181
-1100	-180
-1097	-180
-1093	-178
-1090	-178
-1084	-173
-1080	-173
-1077	-172
-1073	-171
-1070	-172
-1069	-175
-1068	-179
-1065	-180
-1062	-180
-1059	-179
-1056	-179
-1053	-181
-1050	-181
-1047	-181
-1044	-181
-1041	-181
-1037	-180
-1034	-180
-1030	-179
-1028	-179
-1025	-181
-1022	-181
-1018	-180
-1016	-181
-1014	-182
-1008	-178
-1005	-178
-1002	-178
-1000	-179
-997	-179
-993	-177
-989	-176
-986	-177
-984	-178
-981	-179
-978	-179
-975	-179
-972	-179
-967	-175
-960	-165
-955	-161
-951	-161
-948	-161
-945	-160
-941	-159
-938	-158
-935	-158
-932	-158
-929	-157
-926	-158
-924	-160
-921	-159
-916	-154
-909	-145
-904	-141
-901	-140
-898	-141
-896	-142
-894	-145
-893	-149
-892	-153
-892	-159
-889	-161
-886	-160
-881	-155
-876	-150
-871	-146
-867	-143
-864	-143
-862	-144
-859	-144
-856	-144
-854	-146
-780	1
-777	2
-775	2
-772	3
-770	1
-766	4
-764	4
-761	3
-759	3
-756	3
-754	3
-751	3
-748	3
-746	3
-744	2
-741	2
-739	1
-736	2
-733	2
-734	-5
-734	-13
-733	-17
-729	-13
-724	-7
-721	-6
-721	-11
-721	-18
-719	-19
-719	-26
-747	-120
-746	-127
-746	-132
-745	-137
-743	-139
-741	-141
-739	-142
-736	-143
-733	-143
-731	-145
-729	-145
-727	-147
-724	-148
-722	-148
-720	-150
-717	-151
-715	-152
-712	-152
-710	-154
-708	-154
-705	-155
-701	-152
-696	-146
-693	-143
-690	-142
-688	-143
-685	-143
-682	-144
-680	-145
-678	-148
-678	-155
-676	-156
-673	-156
-670	-155
-668	-156
-665	-156
-662	-155
-659	-154
-656	-152
-653	-151
-650	-150
-647	-148
-644	-149
-642	-149
-639	-150
-638	-153
-635	-155
-632	-154
-628	-148
-623	-139
-618	-133
-615	-131
-612	-131
-611	-133
-609	-136
-607	-138
-605	-141
-604	-146
-604	-156
-605	-167
-603	-171
-606	-189
-603	-189
-585	-135
-582	-133
-579	-133
-577	-133
-574	-133
-572	-133
-569	-133
-567	-134
-564	-135
-563	-141
-562	-145
-561	-151
-560	-155
-557	-157
-556	-160
-555	-167
-554	-172
-552	-177
-550	-179
-549	-183
-547	-185
-545	-188
-542	-188
-540	-188
-537	-188
-534	-186
-531	-183
-527	-181
-525	-181
-522	-182
-520	-182
-517	-183
-515	-183
-512	-183
-510	-182
-507	-182
-504	-183
-501	-181
-499	-181
-496	-181
-494	-182
-491	-182
-489	-181
-486	-183
-484	-183
-481	-183
-479	-182
-476	-183
-474	-183
-471	-182
-468	-181
-465	-180
-463	-181
-460	-180
-457	-180
-455	-180
-452	-180
-450	-180
-447	-181
-445	-181
-443	-182
-440	-182
-437	-182
-435	-181
-432	-182
-430	-181
-427	-183
-425	-182
-422	-182
-420	-181
-417	-181
-414	-181
-412	-181
-410	-182
-407	-183
-404	-182
-402	-182
-399	-182
-397	-181
-394	-182
-392	-181
-389	-181
-387	-181
-384	-182
-382	-182
-379	-180
-377	-181
-374	-178
-371	-177
-368	-175
-365	-175
-363	-175
-361	-177
-359	-179
-356	-180
-354	-181
-351	-181
-349	-181
-346	-182
-344	-182
-342	-182
-339	-182
-337	-182
-334	-181
-331	-181
-329	-181
-326	-182
-324	-181
-321	-180
-319	-181
-316	-181
-314	-182
-311	-182
-309	-181
-306	-181
-304	-182
-301	-181
-299	-181
-296	-181
-294	-181
-291	-180
-289	-181
-287	-182
-284	-182
-282	-181
-279	-182
-277	-183
-274	-182
-272	-182
-269	-182
-267	-181
-264	-181
-262	-182
-259	-181
-257	-181
-254	-181
-252	-181
-249	-181
-247	-182
-245	-182
-242	-183
-240	-182
-237	-181
-235	-181
-232	-181
-230	-182
-227	-181
-225	-180
-222	-180
-220	-182
-217	-182
-215	-181
-212	-180
-210	-179
-207	-181
-205	-181
-202	-180
-200	-179
-197	-179
-195	-180
-193	-181
-190	-181
-188	-181
-185	-180
-183	-181
-180	-181
-178	-182
-175	-182
-173	-182
-170	-181
-168	-180
-166	-181
-163	-181
-161	-182
-158	-182
-156	-181
-153	-181
-151	-181
-148	-182
-146	-182
-143	-181
-141	-180
-139	-181
-136	-181
-134	-181
-131	-180
-129	-180
-126	-182
-124	-181
-121	-182
-119	-181
-116	-181
-114	-181
-112	-181
-109	-182
-107	-180
-104	-180
-102	-181
-99	-180
-97	-180
-94	-181
-92	-181
-90	-181
-87	-181
-85	-181
-82	-180
-80	-180
-75	-180
-72	-179
-70	-180
-67	-180
-65	-179
-63	-179
-60	-179
-58	-180
-55	-180
-53	-180
-50	-179
-48	-178
-45	-180
-43	-181
-41	-181
-38	-181
-36	-181
-33	-180
-31	-180
-28	-181
-26	-182
-23	-182
-21	-182
-19	-180
-16	-180
-14	-181
-11	-181
-9	-181
-6	-181
-4	-181
-1	-182
1	-181
4	-181
6	-181
8	-181
11	-181
13	-181
16	-182
18	-182
21	-182
23	-182
26	-181
28	-181
31	-181
33	-182
35	-181
38	-180
40	-181
43	-181
45	-182
48	-181
50	-181
53	-180
55	-180
58	-180
60	-180
62	-181
65	-182
67	-181
70	-182
72	-181
75	-181
77	-182
80	-181
82	-181
85	-180
87	-181
90	-181
92	-181
95	-182
97	-181
99	-181
102	-181
104	-180
107	-181
109	-181
112	-181
114	-181
117	-182
119	-181
122	-182
124	-182
127	-182
129	-179
131	-179
134	-180
136	-180
139	-180
141	-181
144	-182
146	-182
149	-181
151	-181
154	-180
156	-179
159	-180
161	-181
164	-181
166	-181
169	-181
171	-181
174	-181
176	-182
179	-182
181	-181
184	-182
186	-182
189	-181
191	-183
194	-183
197	-183
199	-183
201	-181
203	-178
205	-176
208	-176
210	-176
213	-177
215	-176
218	-173
220	-172
222	-172
225	-170
227	-172
230	-174
233	-177
236	-180
239	-181
241	-182
244	-182
247	-183
249	-182
251	-182
254	-182
256	-181
259	-182
261	-181
264	-182
267	-183
269	-183
272	-183
274	-181
277	-182
279	-182
282	-182
284	-182
287	-182
289	-182
292	-183
295	-183
297	-182
299	-182
302	-181
304	-181
307	-181
310	-182
312	-181
315	-182
317	-182
320	-183
322	-182
325	-183
328	-182
330	-182
332	-181
335	-181
338	-181
340	-181
343	-182
345	-181
348	-182
351	-182
353	-182
356	-181
358	-182
361	-182
363	-181
366	-182
368	-180
371	-181
374	-181
377	-182
379	-182
381	-181
384	-182
387	-182
389	-182
392	-181
394	-181
397	-180
399	-179
401	-177
403	-175
405	-173
407	-171
410	-169
412	-169
415	-169
417	-169
420	-169
422	-168
426	-172
431	-180
433	-181
436	-181
438	-180
441	-181
444	-181
447	-181
449	-181
452	-180
454	-179
457	-180
460	-182
463	-182
465	-180
467	-180
470	-179
472	-179
475	-180
478	-180
481	-182
484	-183
487	-182
489	-182
492	-181
494	-180
497	-180
500	-183
503	-183
505	-182
508	-181
510	-181
513	-181
515	-180
518	-180
521	-180
523	-180
526	-181
529	-181
532	-181
535	-181
537	-182
540	-181
542	-180
545	-180
548	-180
550	-179
552	-176
554	-174
557	-174
559	-173
561	-173
564	-172
566	-171
568	-167
569	-163
571	-160
572	-156
575	-155
578	-157
581	-159
586	-164
590	-168
594	-171
597	-173
600	-173
601	-169
601	-160
600	-152
601	-147
604	-146
606	-145
608	-143
612	-147
618	-155
623	-161
626	-162
628	-161
630	-159
631	-154
633	-151
635	-149
637	-147
639	-146
642	-146
645	-146
647	-146
650	-145
653	-147
657	-148
660	-150
664	-152
667	-152
669	-152
672	-152
675	-153
679	-155
681	-153
681	-147
682	-143
684	-141
687	-140
690	-140
692	-140
696	-141
701	-146
706	-152
708	-151
711	-150
713	-149
716	-148
718	-147
721	-146
723	-144
725	-143
728	-143
730	-142
733	-142
735	-141
738	-141
740	-139
742	-136
743	-133
745	-130
746	-127
747	-123
748	-117
749	-113
749	-107
719	-18
720	-13
720	-9
721	-4
723	-3
727	-6
731	-7
733	-7
734	-3
734	2
736	4
738	5
740	6
745	3
752	-1
756	-3
758	-3
772	-3
773	1
775	2
777	4
780	4
783	3
867	-141
873	-146
881	-156
891	-169
896	-173
897	-170
893	-157
906	-175
885	-129
887	-126
889	-125
892	-125
895	-125
899	-127
907	-135
917	-150
920	-149
921	-144
921	-140
922	-135
923	-132
925	-130
928	-130
931	-130
934	-129
938	-130
971	-185
974	-185
977	-183
980	-183
982	-182
985	-180
987	-180
991	-180
993	-179
996	-177
999	-177
1001	-175
1004	-175
1006	-173
1008	-170
1010	-168
1012	-167
1015	-165
1018	-165
1021	-165
1028	-171
1034	-176
1040	-180
1043	-179
1046	-179
1048	-178
1052	-178
1055	-179
1059	-179
1062	-179
1065	-178
1069	-179
1072	-178
1075	-177
1078	-177
1082	-179
1086	-179
1089	-178
1092	-178
1095	-178
1098	-177
1102	-177
1105	-177
1108	-176
1110	-174
1113	-175
1115	-172
1117	-170
1121	-170
1124	-169
1129	-172
1132	-172
1135	-171
1139	-171
1142	-171
1147	-172
1151	-173
1154	-173
1158	-174
1161	-174
1165	-174
1168	-174
1171	-172
1173	-170
1176	-170
1181	-172
1185	-172
1190	-174
1193	-174
1197	-174
1197	-169
1193	-158
1191	-150
1192	-147
1198	-150
1210	-162
1219	-170
1225	-173
1228	-173
1231	-172
1237	-175
1241	-176
1245	-176
1250	-178
1254	-178
1257	-178
1262	-179
1265	-179
1268	-178
1271	-177
1275	-177
1279	-178
1283	-178
1287	-179
1291	-179
1294	-178
1298	-178
1302	-179
1308	-181
1317	-189
1329	-200
1334	-201
1336	-199
1339	-198
1343	-198
1348	-200
1354	-202
1357	-202
1362	-202
1364	-200
1365	-196
1367	-194
1369	-191
1370	-188
1373	-186
1374	-183
1375	-179
1378	-178
1382	-178
1386	-178
1390	-178
1396	-180
1399	-180
1402	-178
1403	-175
1407	-174
1410	-174
1415	-175
1421	-178
1427	-181
1432	-182
1436	-181
1439	-180
1442	-178
1443	-175
1447	-174
1450	-174
1453	-173
1456	-171
1461	-172
1482	-192
1485	-192
1489	-191
1488	-185
1484	-176
1485	-171
1485	-166
1485	-161
1486	-158
1488	-155
1491	-153
1494	-153
1498	-152
1502	-152
1505	-151
1512	-155
1519	-158
1524	-159
1527	-157
1529	-155
1532	-153
1536	-153
1539	-151
1545	-154
1582	-191
1576	-179
1584	-183
1585	-179
1586	-176
1589	-174
1595	-176
1600	-177
1605	-177
1612	-180
1624	-189
1632	-193
1637	-194
1645	-197
1650	-198
1652	-195
1653	-191
1652	-186
1652	-180
1654	-177
1658	-177
1666	-180
1668	-178
1671	-177
1676	-176
1679	-175
1682	-173
1685	-172
1688	-170
1691	-169
1696	-169
1700	-168
1705	-168
1709	-168
1714	-168
1720	-170
1733	-178
1739	-180
1742	-177
1745	-176
1749	-175
1749	-170
1752	-169
1756	-168
1760	-167
1768	-171
1774	-171
1777	-170
1781	-169
1787	-170
1790	-168
1792	-166
1797	-165
1801	-165
1805	-164
1808	-161
1811	-160
1815	-159
1818	-157
1821	-156
1826	-155
1831	-156
1839	-158
1842	-156
1849	-158
1859	-163
1861	-161
1861	-155
1860	-150
1861	-146
1868	-148
1881	-155
1893	-162
1896	-160
1900	-158
1903	-157
1903	-152
1900	-144
1905	-144
1911	-145
1921	-150
1922	-145
1925	-143
1927	-140
1929	-138
1932	-135
1934	-132
1936	-129
1939	-127
1943	-126
1948	-126
1954	-126
1960	-127
1966	-128
1971	-128
1977	-128
1995	-140
1999	-138
2003	-137
2005	-134
2008	-131
2013	-131
2017	-130
2019	-127
2021	-124
2024	-122
2029	-121
2034	-121
2043	-124
2049	-124
2053	-122
2065	-128
2070	-128
2075	-127
2078	-124
2080	-121
2087	-122
2095	-124
2097	-121
2102	-120
2119	-130
2126	-131
2133	-132
2140	-133
2143	-130
2149	-131
2153	-129
2154	-126
2157	-123
2160	-120
2164	-119
2167	-116
2169	-114
2172	-111
2175	-108
2179	-107
2182	-104
2186	-103
2191	-102
2198	-103
2202	-101
2205	-98
2208	-96
2208	-91
2228	-102
2231	-99
2234	-97
2238	-96
2238	-91
2237	-85
2237	-81
2245	-81
2258	-87
2271	-92
2277	-92
2278	-87
2291	-93
2306	-99
2305	-94
2291	-78
2301	-81
2301	-76
2301	-71
2303	-67
2307	-66
2305	-59
2314	-62
2330	-69
2337	-69
2334	-62
2337	-59
2343	-59
2346	-56
2352	-56
2350	-49
2353	-47
2363	-49
2377	-54
2385	-55
2388	-52
2381	-43
2382	-39
2392	-41
2399	-41
2401	-37
2394	-28
2392	-22
2389	-15
2388	-9
2387	-4
2390	-1
2393	2
2394	5
2392	12
2392	16
2392	21
2393	25
2394	29
2395	33
2394	38
2392	44
2390	50
2392	54
2394	57
2393	62
2393	67
2393	71
2394	75
2395	79
2397	82
2397	87
2396	93
2393	99
2391	105
2390	110
2391	114
2398	114
2401	117
2402	121
2403	124
2402	129
2404	133
2406	136
2406	141
2406	145
2408	148
2409	152
2408	157
2409	161
2410	165
2410	169
2411	173
2412	177
2412	181
2414	185
2413	190
2413	194
2415	197
2417	201
2419	204
2420	208
2420	212
2418	218
2418	222
2419	226
2422	228
2423	232
2425	235
2426	239
2424	244
2424	249
2425	253
2426	257
2427	261
2427	265
2428	269
2430	272
2431	276
2431	280
2432	284
2433	287
2433	292
2434	295
2435	299
2436	303
2436	307
2436	311
2437	315
2438	319
2438	323
2439	327
2440	330
2441	334
2444	337
2448	338
2453	340
2459	341
2463	343
2468	345
2472	347
2475	350
2476	354
2476	358
2477	361
2477	366
2477	370
2477	374
2475	379
2475	383
2477	387
2479	390
2481	393
2480	398
2480	402
2481	406
2483	409
2484	413
2484	416
2484	421
2484	425
2483	430
2485	433
2485	437
2487	440
2488	444
2488	448
2488	452
2490	455
2493	458
2492	462
2491	467
2491	471
2492	475
2492	479
2493	482
2494	486
2494	490
2495	494
2495	498
2496	502
2497	505
2499	508
2499	512
2501	515
2501	519
2502	523
2503	527
2503	531
2504	534
2504	538
2506	541
2507	545
2507	549
2507	553
2507	557
2507	561
2508	564
2509	568
2509	572
2509	576
2511	580
2511	583
2513	587
2513	590
2514	594
2515	598
2517	601
2518	604
2518	608
2519	612
2517	617
2517	621
2518	624
2517	628
2518	632
2519	636
2521	639
2523	642
2524	645
2525	649
2528	652
2529	655
2529	659
2529	663
2530	666
2531	670
2531	674
2532	677
2533	681
2533	685
2534	689
2535	692
2535	696
2536	700
2537	703
2537	707
2539	710
2540	713
2540	717
2540	721
2539	725
2540	729
2542	732
2543	736
2542	740
2543	743
2544	747
2544	751
2545	754
2545	758
2546	762
2545	766
2545	769
2547	773
2548	776
2548	780
2548	784
2548	787
2549	791
2550	795
2551	798
2551	802
2551	806
2553	809
2554	812
2554	816
2555	820
2556	823
2557	826
2558	830
2558	834
2558	838
2559	841
2560	844
2561	848
2561	852
2562	855
2563	859
2564	862
2564	866
2565	869
2566	873
2567	876
2568	880
2569	883
2569	887
2570	890
2571	894
2571	898
2572	901
2574	904
2575	908
2576	911
2577	915
2577	919
2578	922
2580	925
2579	929
2580	933
2579	937
2577	941
2577	945
2578	948
2580	951
2583	954
2584	958
2584	961
2584	965
2583	969
2584	973
2584	976
2585	980
2587	983
2588	986
2588	990
2587	994
2586	998
2587	1001
2588	1005
2588	1009
2588	1012
2589	1016
2590	1019
2590	1023
2591	1026
2592	1030
2593	1033
2593	1037
2594	1040
2595	1044
2594	1048
2594	1051
2594	1055
2595	1058
2596	1062
2596	1066
2597	1069
2597	1073
2598	1076
2599	1079
2599	1083
2600	1087
2601	1090
2601	1094
2602	1097
2603	1101
2603	1104
2603	1108
2604	1111
2605	1115
2605	1118
2605	1122
2605	1126
2606	1129
2606	1133
2607	1136
2608	1140
2608	1143
2607	1147
2608	1151
2610	1154
2611	1157
2610	1161
2612	1164
2614	1168
2614	1171
2615	1175
2615	1178
2615	1182
2617	1185
2619	1188
2619	1192
2620	1195
2620	1199
2620	1203
2618	1207
2619	1210
2619	1214
2619	1217
2619	1221
2620	1224
2621	1228
2621	1231
2622	1235
2623	1238
2624	1242
2626	1245
2626	1249
2627	1252
2627	1256
2628	1259
2626	1263
2627	1267
2628	1270
2628	1274
2629	1277
2629	1281
2630	1284
2630	1288
2632	1291
2632	1295
2633	1298
2632	1302
2633	1305
2634	1309
2635	1312
2636	1316
2637	1319
2638	1323
2638	1326
2637	1330
2639	1333
2637	1337
2637	1341
2637	1344
2636	1348
2638	1351
2638	1355
2638	1359
2636	1362
2636	1366
2636	1370
2636	1373
2635	1377
2635	1380
2636	1384
2636	1387
2636	1391
2636	1395
2635	1398
2636	1402
2637	1405
2637	1409
2638	1412
2638	1416
2639	1419
2639	1423
2640	1426
2640	1430
2640	1434
2641	1437
2642	1441
2643	1444
2642	1448
2644	1451
2644	1455
2644	1458
2644	1462
2645	1465
2644	1469
2645	1472
2647	1476
2647	1479
2647	1483
2648	1486
2650	1490
2649	1493
2649	1497
2649	1501
2651	1504
2651	1508
2650	1511
2649	1515
2649	1518
2648	1522
2648	1526
2649	1529
2650	1533
2651	1536
2650	1540
2651	1543
2651	1547
2651	1550
2652	1554
2653	1557
2653	1561
2653	1564
2653	1568
2653	1572
2654	1575
2656	1579
2656	1582
2656	1586
2657	1589
2657	1593
2657	1596
2659	1600
2660	1603
2660	1607
2660	1611
2660	1614
2660	1618
2660	1621
2661	1625
2662	1628
2662	1632
2663	1635
2664	1639
2665	1643
2665	1646
2666	1650
2667	1653
2667	1657
2669	1660
