2563	1656
2563	1659
2563	1663
2563	1666
2563	1670
2563	1673
2563	1680
2564	1684
2565	1687
2565	1690
2565	1694
2565	1697
2567	1701
2568	1704
2568	1708
2567	1711
2568	1714
2568	1718
2567	1721
2567	1725
2570	1728
2569	1732
2570	1735
2571	1739
2571	1742
2572	1746
2573	1749
2574	1752
2574	1756
2574	1759
2574	1763
2575	1766
2574	1770
2575	1773
2575	1777
2575	1780
2575	1784
2577	1787
2578	1791
2579	1794
2578	1798
2578	1801
2578	1804
2578	1808
2578	1811
2578	1815
2578	1818
2579	1822
2579	1825
2580	1829
2581	1832
2580	1836
2581	1839
2582	1843
2583	1846
2584	1850
2583	1853
2584	1857
2584	1860
2585	1864
2585	1867
2585	1871
2585	1874
2585	1878
2585	1881
2586	1885
2587	1888
2588	1892
2588	1895
2589	1899
2590	1903
2589	1906
2589	1909
2590	1913
2592	1917
2591	1920
2590	1924
2591	1927
2593	1931
2594	1934
2594	1938
2593	1941
2593	1945
2594	1948
2593	1952
2592	1955
2592	1959
2591	1962
2592	1966
2592	1969
2594	1973
2596	1977
2595	1980
2595	1984
2593	1987
2593	1991
2592	1994
2593	1998
2594	2001
2592	2005
2594	2008
2595	2012
2596	2016
2597	2019
2597	2023
2596	2026
2593	2029
2593	2033
2594	2037
2597	2040
2597	2044
2598	2048
2599	2051
2600	2055
2599	2059
2599	2062
2599	2066
2599	2069
2597	2072
2596	2076
2595	2079
2596	2083
2597	2087
2598	2090
2598	2094
2599	2098
2597	2101
2597	2104
2597	2108
2598	2112
2599	2115
2600	2119
2601	2123
2601	2127
2599	2130
2598	2133
2599	2137
2601	2141
2598	2144
2600	2148
2602	2152
2600	2155
2598	2158
2599	2162
2600	2166
2601	2170
2600	2173
2600	2177
2601	2180
2600	2184
2598	2187
2597	2190
2597	2194
2597	2198
2605	2203
2601	2206
2601	2209
2601	2213
2603	2217
2603	2221
2602	2224
2603	2228
2604	2232
2606	2236
2607	2240
2605	2243
2605	2246
2607	2251
2607	2254
2605	2257
2606	2261
2607	2265
2608	2269
2605	2272
2604	2275
2604	2279
2606	2283
2608	2287
2607	2291
2605	2294
2602	2297
2602	2301
2604	2305
2606	2309
2607	2313
2605	2316
2605	2320
2606	2324
2606	2327
2605	2331
2605	2335
2605	2338
2604	2342
2604	2345
2604	2349
2604	2353
2604	2356
2604	2360
2605	2364
2605	2368
2604	2371
2604	2375
2605	2379
2605	2383
2606	2387
2606	2391
2604	2394
2605	2398
2604	2401
2604	2405
2605	2409
2603	2412
2601	2415
2604	2420
2604	2424
2604	2427
2604	2431
2603	2435
2602	2438
2602	2442
2601	2446
2601	2449
2601	2453
2600	2457
2600	2460
2602	2465
2601	2468
2603	2473
2604	2477
2602	2480
2600	2483
2603	2488
2606	2493
2606	2496
2605	2500
2604	2503
2602	2507
2602	2510
2603	2514
2601	2518
2597	2520
2599	2525
2603	2530
2607	2535
2609	2539
2609	2543
2610	2547
2610	2551
2610	2555
2610	2559
2608	2562
2607	2566
2607	2570
2607	2573
2606	2577
2606	2581
2608	2586
2607	2589
2608	2593
2607	2597
2606	2600
2607	2605
2606	2608
2604	2612
2604	2615
2605	2620
2604	2623
2603	2627
2603	2631
2602	2634
2600	2638
2599	2641
2601	2646
2602	2650
2603	2654
2603	2658
2604	2663
2604	2667
2605	2671
2605	2675
2601	2677
2599	2680
2597	2684
2597	2688
2601	2693
2600	2697
2602	2702
2602	2706
2601	2709
2602	2714
2603	2718
2607	2724
2605	2727
2604	2730
2603	2734
2605	2739
2606	2744
2605	2747
2603	2751
2606	2755
2607	2760
2607	2764
2605	2767
2608	2773
2609	2777
2604	2779
2600	2782
2604	2787
2606	2792
2606	2796
2608	2802
2610	2806
2608	2810
2608	2814
2607	2817
2607	2821
2606	2825
2611	2831
2611	2836
2610	2839
2610	2844
2609	2847
2610	2852
2612	2857
2611	2861
2611	2865
2611	2869
2612	2874
2611	2877
2609	2881
2609	2885
2609	2889
2612	2895
2612	2899
2611	2903
2609	2906
2609	2910
2610	2915
2611	2920
2609	2923
2606	2926
2604	2929
2605	2934
2604	2937
2603	2941
2603	2946
2602	2949
2604	2955
2603	2958
2603	2963
2602	2967
2602	2971
2600	2974
2601	2979
2603	2984
2603	2988
2601	2992
2600	2996
2601	3001
2603	3006
2606	3012
2606	3016
2605	3020
2604	3024
2604	3028
2605	3033
2607	3038
2605	3042
2607	3047
2606	3051
2604	3055
2603	3059
2605	3064
2606	3069
2605	3073
2604	3077
2603	3081
2606	3087
2607	3092
2605	3095
2606	3100
2605	3104
2604	3108
2604	3113
2605	3117
2603	3121
2604	3126
2604	3131
2603	3135
2604	3140
2604	3144
2604	3149
2604	3153
2603	3157
2603	3162
2602	3166
2602	3170
2601	3174
2600	3178
2587	3176
2558	3164
2539	3158
2534	3159
2531	3162
2527	3164
2524	3167
2521	3170
2524	3176
2526	3182
2595	3231
2597	3237
2600	3243
2600	3248
2600	3252
2599	3257
2598	3261
2599	3266
2597	3270
2596	3274
2598	3279
2603	3288
2603	3292
2602	3297
2602	3301
2602	3306
2600	3310
2600	3314
2600	3319
2598	3323
2597	3327
2596	3331
2597	3336
2597	3341
2597	3346
2596	3351
2597	3356
2596	3360
2596	3365
2595	3369
2594	3374
2593	3378
2593	3383
2594	3388
2593	3393
2593	3398
2592	3402
2591	3406
2590	3410
2589	3414
2588	3419
2591	3426
2589	3430
2589	3434
2588	3439
2587	3443
2588	3448
2588	3454
2585	3457
2586	3463
2585	3467
2583	3471
2581	3474
2580	3479
2580	3484
2579	3488
2580	3494
2580	3499
2579	3503
2578	3507
2576	3511
2574	3515
2572	3519
2572	3524
2574	3530
2572	3534
2573	3540
2570	3543
2567	3547
2567	3551
2567	3556
2568	3563
2567	3567
2566	3572
2568	3578
2567	3583
2564	3586
2563	3590
2565	3597
2564	3601
2560	3604
2558	3608
2558	3613
2558	3618
2557	3623
2558	3629
2560	3636
2559	3641
2558	3645
2556	3649
2554	3653
2553	3657
2552	3662
2550	3666
2551	3672
2552	3678
2550	3682
2548	3686
2547	3690
2546	3695
2548	3702
2547	3707
2545	3711
2545	3716
2544	3721
2543	3726
2541	3730
2539	3734
2538	3739
2536	3743
2534	3747
2533	3751
2531	3755
2531	3761
2530	3765
2530	3771
2530	3776
2529	3781
2528	3786
2527	3791
2526	3796
2523	3799
2523	3805
2523	3810
2521	3814
2519	3818
2518	3823
2516	3827
2515	3832
2512	3836
2512	3841
2510	3845
2506	3848
2506	3853
2509	3861
2509	3867
2508	3872
2506	3877
2506	3883
2505	3887
2503	3891
2498	3893
2493	3895
2476	3886
2457	3874
2455	3878
2452	3882
2449	3885
2447	3890
2444	3893
2442	3897
2448	3908
2467	3931
2478	3946
2478	3953
2477	3957
2475	3961
2472	3965
2469	3968
2467	3972
2465	3976
2463	3980
2461	3985
2461	3991
2460	3996
2456	3999
2453	4002
2451	4006
2448	4010
2445	4013
2444	4018
2443	4023
2440	4027
2438	4031
2436	4035
2436	4041
2434	4045
2431	4049
2431	4055
2429	4059
2426	4063
2424	4067
2422	4072
2420	4076
2416	4078
2414	4082
2413	4088
2412	4094
2409	4097
2407	4101
2406	4106
2404	4111
2402	4115
2400	4119
2397	4122
2394	4126
2392	4131
2390	4136
2387	4139
2387	4145
2387	4152
2385	4156
2383	4161
2380	4164
2378	4168
2376	4173
2375	4178
2373	4183
2372	4189
2369	4192
2366	4196
2364	4200
2363	4206
2361	4210
2359	4215
2088	3942
2085	3945
2082	3948
2070	3942
2079	3969
2076	3972
2073	3975
2071	3978
2069	3982
2330	4278
2327	4281
2324	4285
2321	4289
2320	4294
2319	4299
2315	4303
2312	4306
2309	4309
2305	4312
2303	4316
2299	4319
2296	4323
2292	4326
2290	4330
2289	4336
2287	4341
2284	4344
2280	4347
2277	4350
2275	4355
2274	4361
2271	4365
2268	4368
2266	4373
2264	4378
2261	4381
2258	4386
2257	4391
2254	4395
2252	4400
2251	4406
2248	4409
2244	4412
2241	4416
2238	4419
2236	4424
2233	4428
2231	4433
2228	4437
2227	4443
2224	4446
2221	4450
2220	4456
2219	4462
2216	4466
2213	4471
2211	4476
2209	4480
2205	4483
2204	4489
2202	4494
2199	4498
2196	4502
2193	4506
2190	4509
2185	4511
2182	4514
2180	4520
2177	4524
2175	4528
2173	4534
2170	4538
2167	4542
2165	4546
2163	4551
2161	4557
2158	4561
2156	4566
2152	4569
2149	4573
2148	4579
2144	4581
2139	4583
2135	4585
2133	4591
2131	4597
2129	4602
2127	4607
2123	4609
2120	4614
2118	4619
2116	4624
2114	4629
2110	4632
2106	4634
2101	4637
2098	4640
2095	4644
2092	4648
2090	4653
2088	4659
2084	4662
2081	4665
2077	4668
2074	4673
2072	4678
2068	4681
2066	4686
2063	4690
2058	4692
2054	4694
2050	4697
2047	4701
2044	4705
2041	4710
2038	4713
2035	4717
2031	4721
2028	4725
2027	4731
2024	4735
2021	4740
2016	4742
2012	4744
2009	4748
2005	4751
2001	4753
1997	4756
1994	4760
1990	4764
1987	4768
1983	4771
1981	4775
1976	4778
1972	4780
1967	4781
1961	4781
1956	4783
1952	4784
1948	4788
1945	4791
1942	4796
1938	4798
1933	4800
1929	4803
1926	4807
1922	4810
1916	4810
1912	4812
1908	4815
1903	4817
1898	4817
1892	4817
1889	4821
1886	4826
1883	4829
1879	4832
1875	4835
1872	4840
1868	4843
1864	4845
1859	4846
1855	4849
1850	4850
1846	4853
1841	4854
1837	4857
1833	4859
1829	4863
1826	4866
1822	4869
1818	4872
1814	4875
1812	4880
1809	4885
1805	4889
1802	4892
1797	4894
1795	4899
1791	4903
1787	4905
1782	4907
1778	4910
1774	4911
1769	4913
1764	4914
1759	4915
1754	4917
1750	4919
1747	4923
1743	4927
1739	4930
1734	4931
1730	4933
1726	4937
1723	4941
1721	4947
1718	4952
1715	4956
1711	4960
1707	4962
1703	4964
1698	4966
1693	4966
1688	4969
1684	4971
1681	4976
1678	4981
1673	4982
1669	4984
1665	4987
1661	4990
1657	4992
1652	4993
1647	4996
1643	4998
1638	4999
1634	5001
1629	5003
1625	5005
1620	5006
1616	5008
1612	5012
1610	5019
1606	5022
1602	5024
1597	5027
1593	5030
1589	5032
1585	5034
1581	5037
1576	5039
1571	5040
1566	5041
1561	5042
1557	5044
1552	5044
1546	5045
1542	5046
1537	5048
1532	5048
1526	5048
1521	5048
1516	5049
1511	5050
1507	5051
1502	5053
1498	5056
1495	5061
1491	5064
1487	5068
1483	5070
1479	5074
1476	5078
1472	5082
1470	5088
1467	5094
1463	5097
1460	5101
1456	5105
1454	5112
1452	5121
1448	5123
1443	5126
1440	5130
1435	5131
1431	5133
1427	5137
1422	5138
1417	5138
1413	5141
1409	5145
1405	5148
1401	5152
1398	5158
1394	5160
1389	5161
1384	5163
1379	5164
1374	5165
1370	5167
1366	5169
1362	5172
1357	5173
1351	5172
1346	5173
1341	5174
1336	5176
1331	5177
1327	5180
1323	5181
1318	5183
1314	5185
1309	5186
1304	5188
1300	5191
1296	5194
1291	5196
1286	5197
1282	5198
1277	5200
1273	5202
1268	5205
1264	5206
1259	5207
1254	5208
1249	5210
1245	5212
1241	5215
1236	5217
1232	5219
1226	5218
1221	5219
1216	5220
1211	5221
1207	5223
1202	5224
1197	5224
1192	5226
1187	5226
1182	5226
1177	5226
1172	5228
1167	5229
1163	5232
1159	5234
1154	5236
1150	5240
1145	5241
1140	5242
1136	5243
1132	5247
1128	5251
1124	5254
1119	5255
1115	5258
1110	5259
1105	5261
1101	5263
1096	5264
1091	5264
1086	5265
1081	5266
1077	5269
1073	5272
1069	5277
1065	5280
1060	5280
1054	5280
1049	5280
1044	5280
1039	5281
1034	5282
1029	5282
1025	5285
1020	5285
1015	5286
1010	5287
1006	5289
1001	5290
996	5292
992	5295
988	5298
984	5302
979	5304
975	5308
971	5311
966	5312
961	5313
956	5312
950	5311
946	5312
941	5314
937	5317
933	5322
928	5324
924	5325
919	5327
915	5330
910	5331
905	5332
900	5333
896	5336
891	5336
886	5336
881	5336
876	5337
871	5339
867	5341
862	5343
857	5345
853	5348
848	5350
844	5352
839	5354
835	5356
830	5357
825	5360
821	5364
816	5365
811	5366
807	5367
802	5368
797	5368
792	5369
787	5369
782	5369
777	5370
772	5371
768	5374
763	5376
758	5378
754	5379
748	5379
743	5378
739	5380
734	5381
729	5382
724	5383
719	5382
713	5381
709	5383
704	5383
699	5383
694	5384
689	5386
684	5388
680	5390
675	5391
670	5392
666	5394
661	5394
656	5395
651	5396
646	5398
641	5398
636	5397
631	5397
626	5397
621	5396
616	5397
611	5398
606	5398
601	5397
596	5396
591	5397
586	5398
581	5399
576	5402
572	5403
567	5405
562	5404
557	5403
552	5406
547	5404
542	5403
536	5402
532	5403
527	5403
521	5401
516	5400
511	5399
506	5399
501	5400
496	5401
492	5402
487	5403
482	5405
478	5408
473	5411
468	5412
463	5413
458	5413
453	5411
448	5410
443	5409
438	5408
433	5409
428	5413
424	5415
419	5417
414	5418
409	5418
404	5419
400	5420
395	5420
390	5420
385	5419
380	5421
375	5422
370	5426
366	5428
361	5431
356	5434
352	5434
347	5436
342	5438
337	5438
332	5437
327	5436
322	5436
317	5438
312	5439
308	5442
303	5443
298	5445
293	5444
288	5444
283	5443
278	5442
273	5441
268	5439
262	5437
257	5435
252	5436
248	5437
243	5436
238	5438
233	5439
228	5440
223	5440
218	5438
213	5439
208	5439
203	5439
198	5440
193	5440
189	5442
184	5443
179	5443
174	5444
134	5005
129	5008
125	5008
120	5006
116	5003
112	5001
107	5001
103	5002
98	4997
93	4988
89	4986
85	4983
80	4980
76	4976
71	4976
67	4978
63	4985
59	4986
55	4992
51	5001
46	5002
42	5002
38	5001
33	5001
29	5005
25	5008
20	5008
16	5003
11	5457
6	5457
1	5456
-3	5456
-8	5455
-13	5455
-18	5456
-23	5457
-28	5457
-33	5458
-38	5458
-43	5458
-48	5457
-53	5455
-58	5454
-63	5457
-68	5461
-73	5457
-78	5454
-82	5452
-87	5451
-92	5451
-97	5451
-102	5451
-107	5450
-112	5448
-117	5446
-122	5447
-127	5449
-132	5452
-137	5451
-142	5452
-147	5453
-152	5455
-157	5458
-162	5461
-167	5461
-172	5461
-177	5462
-182	5462
-186	5461
-191	5461
-196	5461
-201	5460
-206	5460
-211	5461
-216	5461
-221	5459
-226	5457
-231	5455
-236	5456
-241	5459
-246	5460
-251	5460
-256	5460
-261	5460
-266	5460
-271	5459
-276	5458
-280	5457
-285	5458
-291	5461
-296	5461
-300	5460
-305	5460
-310	5458
-315	5457
-320	5457
-325	5456
-330	5455
-335	5456
-340	5455
-345	5454
-350	5453
-354	5451
-359	5450
-364	5446
-369	5443
-374	5443
-379	5444
-384	5445
-388	5442
-393	5441
-398	5440
-403	5440
-408	5439
-413	5437
-418	5436
-423	5435
-427	5433
-432	5435
-437	5433
-442	5430
-447	5430
-452	5429
-457	5430
-462	5429
-467	5429
-471	5428
-476	5429
-482	5431
-487	5434
-492	5434
-497	5432
-501	5430
-506	5426
-511	5423
-515	5420
-520	5418
-525	5419
-530	5421
-535	5424
-541	5424
-546	5424
-551	5425
-555	5424
-560	5422
-565	5421
-570	5419
-575	5417
-579	5417
-584	5416
-589	5416
-594	5416
-599	5415
-604	5414
-609	5413
-614	5412
-618	5411
-623	5409
-628	5409
-633	5407
-638	5406
-642	5404
-647	5403
-652	5405
-658	5405
-663	5405
-667	5404
-672	5402
-677	5400
-682	5399
-686	5397
-691	5393
-695	5392
-700	5390
-705	5388
-709	5386
-714	5384
-718	5381
-723	5379
-728	5378
-733	5377
-738	5376
-743	5376
-748	5376
-752	5375
-757	5374
-762	5374
-767	5373
-771	5370
-776	5368
-781	5367
-786	5366
-790	5365
-795	5364
-800	5365
-806	5366
-811	5366
-816	5365
-820	5363
-825	5361
-829	5359
-834	5359
-840	5360
-844	5359
-849	5357
-854	5355
-858	5353
-863	5350
-867	5349
-872	5348
-877	5348
-882	5347
-887	5346
-892	5345
-897	5345
-902	5344
-906	5343
-912	5344
-917	5344
-922	5343
-927	5342
-931	5341
-936	5341
-941	5340
-946	5339
-951	5340
-956	5339
-961	5337
-965	5335
-970	5334
-975	5332
-979	5330
-984	5327
-988	5324
-992	5322
-997	5321
-1003	5323
-1009	5325
-1013	5323
-1017	5319
-1021	5315
-1025	5311
-1031	5313
-1037	5316
-1042	5318
-1047	5315
-1050	5308
-1052	5299
-1056	5292
-1059	5287
-1064	5286
-1072	5296
-1079	5302
-1084	5301
-1089	5300
-1094	5300
-1099	5300
-1104	5299
-1108	5296
-1112	5293
-1117	5292
-1121	5290
-1125	5285
-1129	5280
-1133	5277
-1138	5276
-1143	5275
-1148	5275
-1151	5270
-1156	5268
-1160	5266
-1165	5264
-1169	5261
-1174	5259
-1179	5259
-1183	5257
-1188	5256
-1193	5255
-1198	5256
-1202	5252
-1207	5251
-1211	5247
-1215	5244
-1220	5242
-1225	5242
-1230	5241
-1235	5241
-1240	5240
-1245	5241
-1250	5240
-1255	5239
-1260	5238
-1264	5236
-1268	5233
-1273	5230
-1278	5230
-1283	5230
-1288	5229
-1293	5228
-1298	5230
-1303	5228
-1307	5226
-1312	5225
-1318	5226
-1323	5225
-1328	5224
-1333	5223
-1338	5223
-1343	5221
-1347	5220
-1352	5219
-1357	5217
-1361	5214
-1365	5210
-1369	5208
-1374	5206
-1378	5204
-1383	5203
-1388	5202
-1393	5202
-1398	5200
-1402	5198
-1407	5195
-1410	5192
-1414	5187
-1418	5184
-1422	5180
-1426	5178
-1430	5175
-1435	5173
-1439	5170
-1443	5167
-1448	5166
-1453	5166
-1458	5166
-1463	5165
-1469	5167
-1475	5167
-1480	5167
-1485	5167
-1490	5166
-1495	5165
-1499	5162
-1503	5159
-1508	5157
-1512	5155
-1517	5153
-1522	5153
-1527	5152
-1532	5151
-1537	5150
-1542	5148
-1547	5147
-1552	5146
-1556	5143
-1561	5142
-1563	5136
-1566	5131
-1571	5128
-1575	5127
-1580	5126
-1585	5125
-1591	5125
-1596	5125
-1601	5124
-1607	5125
-1613	5127
-1619	5128
-1625	5128
-1629	5126
-1634	5124
-1638	5122
-1643	5122
-1648	5121
-1653	5118
-1657	5116
-1662	5115
-1668	5115
-1673	5115
-1680	5117
-1685	5118
-1691	5117
-1695	5115
-1700	5113
-1704	5111
-1710	5110
-1717	5114
-1722	5114
-1728	5114
-1734	5114
-1739	5113
-1744	5113
-1749	5112
-1755	5112
-1758	5108
-1761	5103
-1765	5100
-1769	5096
-1772	5090
-1775	5085
-1779	5083
-1784	5081
-1788	5078
-1792	5075
-1795	5070
-1800	5068
-1804	5065
-1808	5062
-1811	5057
-1814	5052
-1817	5048
-1821	5044
-1824	5039
-1827	5034
-1831	5030
-1835	5028
-1839	5026
-1843	5023
-1848	5020
-1852	5019
-1856	5015
-1860	5012
-1864	5009
-1868	5007
-1872	5003
-1876	4999
-1881	4999
-1886	4997
-1890	4994
-1894	4991
-1897	4987
-1901	4984
-1905	4981
-1910	4979
-1914	4977
-1918	4973
-1923	4973
-1928	4971
-1932	4969
-1936	4965
-1940	4962
-1943	4957
-1947	4954
-1950	4950
-1954	4947
-1958	4944
-1964	4945
-1968	4942
-1972	4939
-1978	4938
-1983	4937
-1987	4934
-1991	4932
-1996	4931
-2000	4928
-2005	4925
-2009	4923
-2013	4920
-2017	4917
-2022	4915
-2027	4914
-2032	4913
-2036	4910
-2039	4907
-2044	4904
-2047	4901
-2051	4896
-2053	4890
-2056	4886
-2058	4881
-2062	4877
-2065	4873
-2068	4869
-2072	4866
-2076	4862
-2079	4858
-2083	4856
-2086	4851
-2090	4848
-2094	4845
-2098	4842
-2102	4840
-2105	4835
-2107	4829
-2111	4826
-2115	4822
-2119	4820
-2123	4817
-2127	4814
-2130	4811
-2133	4806
-2138	4804
-2142	4802
-2146	4798
-2149	4795
-2154	4793
-2158	4790
-2162	4787
-2165	4784
-2170	4781
-2174	4778
-2177	4774
-2181	4772
-2186	4770
-2190	4767
-2193	4763
-2197	4760
-2200	4756
-2204	4753
-2208	4750
-2211	4746
-2215	4743
-2219	4740
-2223	4738
-2227	4735
-2231	4732
-2234	4728
-2238	4725
-2242	4723
-2245	4718
-2249	4714
-2253	4712
-2258	4710
-2262	4708
-2265	4704
-2269	4701
-2274	4699
-2279	4697
-2283	4695
-2287	4692
-2291	4689
-2294	4685
-2296	4680
-2299	4675
-2303	4672
-2306	4668
-2309	4665
-2312	4660
-2316	4657
-2319	4653
-2322	4649
-2325	4645
-2328	4641
-2331	4637
-2335	4634
-2339	4632
-2343	4628
-2346	4624
-2349	4620
-2352	4617
-2354	4611
-2358	4608
-2362	4605
-2366	4602
-2369	4598
-2372	4595
-2375	4591
-2379	4588
-2382	4584
-2386	4580
-2389	4576
-2392	4573
-2396	4569
-2399	4566
-2403	4562
-2405	4558
-2409	4555
-2413	4552
-2416	4549
-2419	4545
-2423	4541
-2426	4538
-2429	4534
-2433	4531
-2437	4528
-2440	4524
-2444	4521
-2447	4518
-2451	4514
-2454	4511
-2458	4507
-2461	4503
-2465	4500
-2468	4496
-2471	4493
-2475	4490
-2479	4488
-2485	4487
-2491	4486
-2497	4486
-2504	4487
-2511	4487
-2514	4484
-2518	4480
-2522	4477
-2530	4479
-2535	4478
-2540	4476
-2544	4473
-2549	4471
-2552	4467
-2554	4462
-2557	4458
-2560	4454
-2564	4451
-2568	4448
-2569	4443
-2572	4439
-2577	4436
-2579	4431
-2583	4429
-2587	4425
-2588	4420
-2591	4415
-2593	4411
-2596	4407
-2598	4402
-2600	4397
-2604	4393
-2607	4390
-2610	4386
-2613	4382
-2616	4378
-2617	4372
-2620	4368
-2623	4364
-2626	4360
-2630	4358
-2635	4356
-2638	4351
-2640	4347
-2642	4342
-2644	4338
-2648	4334
-2650	4330
-2653	4325
-2656	4321
-2658	4317
-2662	4315
-2667	4312
-2669	4307
-2669	4301
-2671	4296
-2675	4293
-2678	4289
-2680	4284
-2680	4277
-2683	4273
-2686	4270
-2689	4266
-2692	4262
-2695	4259
-2698	4255
-2701	4251
-2704	4247
-2708	4244
-2710	4239
-2709	4232
-2712	4228
-2715	4224
-2720	4222
-2725	4220
-2731	4219
-2739	4220
-2743	4218
-2746	4213
-2749	4210
-2751	4205
-2752	4199
-2743	4184
-2743	4177
-2744	4172
-2745	4167
-2747	4161
-2749	4157
-2751	4152
-2751	4146
-2754	4142
-2758	4139
-2761	4136
-2763	4131
-2765	4126
-2767	4122
-2769	4117
-2772	4113
-2773	4108
-2775	4103
-2778	4100
-2780	4096
-2782	4091
-2785	4087
-2787	4082
-2789	4077
-2792	4074
-2795	4070
-2797	4066
-2797	4060
-2800	4056
-2807	4056
-2807	4050
-2810	4045
-2811	4040
-2813	4036
-2814	4031
-2817	4026
-2817	4021
-2819	4016
-2821	4012
-2824	4008
-2827	4004
-2829	4000
-2833	3997
-2835	3992
-2837	3988
-2839	3984
-2842	3979
-2843	3975
-2845	3970
-2848	3966
-2851	3962
-2853	3958
-2854	3953
-2856	3948
-2856	3943
-2857	3937
-2858	3932
-2863	3930
-2867	3927
-2869	3922
-2868	3916
-2871	3913
-2878	3912
-2880	3908
-2885	3905
-2886	3900
-2887	3895
-2889	3890
-2891	3886
-2892	3881
-2892	3875
-2893	3870
-2895	3865
-2897	3861
-2900	3858
-2899	3851
-2901	3847
-2905	3844
-2908	3840
-2910	3836
-2908	3829
-2909	3823
-2912	3819
-2916	3817
-2919	3813
-2920	3808
-2922	3804
-2925	3800
-2927	3796
-2928	3791
-2928	3785
-2928	3779
-2931	3775
-2932	3771
-2934	3766
-2935	3761
-2936	3756
-2937	3751
-2938	3746
-2939	3742
-2939	3736
-2942	3732
-2945	3728
-2946	3724
-2947	3719
-2947	3713
-2949	3709
-2951	3704
-2952	3700
-2953	3695
-2954	3690
-2956	3686
-2960	3683
-2962	3679
-2962	3673
-2964	3669
-2966	3665
-2969	3661
-2970	3656
-2970	3650
-2962	3640
-2965	3636
-2971	3634
-2972	3630
-2972	3625
-2974	3620
-2977	3616
-2979	3613
-2983	3610
-2987	3607
-2988	3602
-2989	3597
-2990	3592
-2992	3588
-2993	3583
-2987	3574
-2987	3569
-2988	3564
-2990	3560
-2991	3555
-2992	3550
-2995	3546
-2996	3542
-2996	3537
-2997	3532
-2998	3527
-3002	3524
-3004	3520
-3006	3516
-3007	3511
-3010	3508
-3012	3504
-3015	3500
-3018	3496
-3018	3492
-3018	3486
-3018	3481
-3019	3476
-3019	3471
-3021	3466
-3023	3463
-3024	3458
-3027	3454
-3028	3450
-3028	3444
-3028	3439
-3030	3435
-3031	3430
-3030	3425
-3029	3419
-3029	3414
-3030	3409
-3032	3405
-3032	3400
-3032	3394
-3032	3390
-3033	3385
-3033	3380
-3034	3375
-3033	3370
-3030	3363
-3032	3358
-3034	3354
-3034	3350
-3034	3344
-3036	3340
-3036	3335
-3037	3331
-3036	3325
-3038	3321
-3041	3317
-3045	3315
-3048	3311
-3046	3305
-3044	3299
-3043	3293
-3046	3290
-3048	3286
-3046	3280
-3046	3275
-3049	3271
-3051	3267
-3051	3262
-3049	3257
-3050	3252
-3052	3248
-3053	3244
-3055	3240
-3055	3235
-3055	3230
-3040	3217
-3040	3212
-3038	3206
-3038	3201
-3038	3196
-3037	3191
-3037	3186
-3038	3181
-3038	3177
-3039	3172
-3039	3167
-3040	3163
-3040	3158
-3039	3153
-3039	3148
-3037	3142
-3035	3137
-3035	3131
-3034	3126
-3036	3122
-3040	3120
-3040	3115
-3040	3110
-3041	3106
-3041	3101
-3041	3096
-3041	3092
-3042	3087
-3042	3082
-3042	3077
-3041	3072
-3040	3067
-3037	3061
-3036	3056
-3037	3051
-3037	3047
-3037	3042
-3039	3038
-3040	3034
-3040	3029
-3039	3024
-3040	3020
-3039	3015
-3038	3010
-3037	3005
-3037	3000
-3038	2996
-3039	2991
-3040	2987
-3040	2983
-3040	2978
-3040	2973
-3039	2968
-3038	2963
-3038	2958
-3039	2954
-3039	2950
-3039	2945
-3040	2941
-3040	2936
-3039	2931
-3037	2926
-3038	2922
-3038	2917
-3038	2912
-3039	2909
-3040	2904
-3040	2900
-3039	2895
-3039	2890
-3039	2886
-3040	2882
-3041	2878
-3042	2873
-3041	2869
-3041	2864
-3040	2859
-3040	2854
-3039	2850
-3038	2845
-3038	2840
-3035	2835
-3036	2830
-3037	2827
-3038	2822
-3037	2817
-3036	2813
-3036	2808
-3035	2803
-3035	2799
-3032	2793
-3032	2789
-3031	2784
-3030	2779
-3028	2774
-3027	2769
-3026	2765
-3027	2761
-3026	2756
-3026	2751
-3026	2747
-3027	2743
-3025	2738
-3025	2734
-3025	2729
-3025	2725
-3021	2719
-3019	2714
-3019	2710
-3019	2705
-3018	2701
-3020	2697
-3021	2693
-3021	2689
-3019	2684
-3020	2680
-3023	2677
-3024	2672
-3021	2667
-3018	2662
-3016	2657
-3014	2652
-3013	2647
-3013	2643
-3014	2639
-3014	2635
-3014	2631
-3015	2626
-3014	2622
-3014	2618
-3013	2613
-3009	2608
-3007	2603
-3008	2599
-3009	2595
-3010	2591
-3005	2585
-3005	2581
-3005	2577
-3004	2572
-3003	2568
-3004	2564
-3001	2559
-2999	2554
-2999	2550
-2999	2546
-2999	2541
-2997	2537
-2995	2532
-2995	2528
-2992	2523
-2987	2517
-2987	2513
-2989	2510
-2991	2506
-2991	2502
-2991	2498
-2991	2493
-2990	2489
-2989	2485
-2988	2480
-2987	2476
-2986	2472
-2986	2468
-2986	2463
-2985	2459
-2984	2455
-2980	2449
-2979	2445
-2978	2441
-2978	2437
-2978	2433
-2979	2429
-2979	2425
-2977	2420
-2974	2415
-2974	2411
-2975	2408
-2975	2403
-2974	2399
-2975	2395
-2972	2391
-2971	2386
-2971	2382
-2972	2378
-2969	2374
-2969	2370
-2969	2366
-2969	2362
-2967	2357
-2964	2352
-2963	2348
-2962	2344
-2961	2340
-2960	2336
-2959	2331
-2958	2327
-2958	2323
-2957	2319
-2956	2315
-2954	2310
-2951	2306
-2951	2302
-2952	2298
-2954	2295
-2953	2290
-2951	2286
-2950	2282
-2949	2278
-2949	2274
-2949	2270
-2946	2265
-2943	2261
-2943	2257
-2942	2253
-2943	2249
-2942	2245
-2942	2241
-2942	2237
-2942	2233
-2942	2229
-2943	2226
-2941	2221
-2941	2217
-2938	2213
-2937	2209
-2934	2204
-2934	2200
-2933	2196
-2935	2193
-2935	2189
-2930	2184
-2927	2180
-2928	2176
-2929	2173
-2931	2169
-2930	2165
-2927	2161
-2925	2156
-2925	2152
-2925	2149
-2924	2145
-2922	2141
-2920	2136
-2920	2132
-2920	2129
-2917	2124
-2913	2120
-2912	2116
-2912	2112
-2912	2108
-2913	2105
-2912	2101
-2912	2097
-2913	2093
-2913	2089
-2912	2085
-2911	2081
-2906	2077
-2903	2073
-2904	2069
-2905	2065
-2906	2062
-2904	2058
-2901	2054
-2900	2050
-2900	2046
-2899	2042
-2899	2038
-2898	2034
-2899	2031
-2896	2027
-2893	2022
-2893	2019
-2893	2015
-2894	2011
-2892	2007
-2892	2003
-2891	2000
-2891	1996
-2890	1992
-2888	1988
-2889	1984
-2887	1980
-2887	1977
-2888	1973
-2886	1969
-2885	1965
-2884	1961
-2883	1958
-2881	1954
-2879	1950
-2878	1946
-2878	1942
-2876	1938
-2876	1935
-2876	1931
-2875	1927
-2873	1923
-2873	1920
-2870	1916
-2868	1912
-2867	1908
-2864	1904
-2864	1900
-2863	1896
-2863	1893
-2864	1889
-2864	1885
-2861	1882
-2859	1878
-2856	1874
-2857	1870
-2855	1866
-2854	1863
-2856	1859
-2855	1855
-2854	1852
-2853	1848
-2851	1844
-2849	1840
-2847	1837
-2848	1833
-2848	1829
-2847	1826
-2848	1822
-2846	1818
-2845	1815
-2844	1811
-2844	1807
-2843	1804
-2844	1800
-2840	1796
-2838	1792
-2838	1789
-2839	1785
-2839	1782
-2837	1778
-2836	1774
-2834	1770
-2833	1767
-2833	1763
-2832	1759
-2830	1756
-2830	1752
-2830	1749
-2830	1745
-2827	1741
-2827	1738
-2829	1734
-2825	1730
-2826	1727
-2826	1723
-2826	1719
-2823	1716
-2819	1712
-2818	1709
-2818	1705
-2818	1701
-2818	1698
-2819	1694
-2819	1690
-2816	1687
-2815	1683
-2815	1680
-2814	1676
-2815	1672
-2816	1669
-2814	1665
-2814	1662
-2811	1658
-2809	1654
-2809	1651
-2810	1647
-2810	1644
-2809	1640
-2806	1637
-2804	1633
-2803	1629
-2801	1626
-2799	1622
-2797	1619
-2796	1615
-2796	1612
-2796	1608
-2796	1604
-2791	1601
-2793	1597
-2793	1594
-2793	1590
-2788	1587
-2789	1583
-2787	1580
-2788	1576
-2787	1573
-2788	1569
-2789	1565
-2786	1562
-2784	1558
-2785	1555
-2784	1551
-2780	1548
-2779	1544
-2776	1541
-2776	1537
-2775	1534
-2774	1530
-2774	1527
-2772	1523
-2771	1520
-2772	1516
-2771	1513
-2769	1509
-2768	1506
-2769	1502
-2768	1499
-2767	1495
-2766	1492
-2765	1488
-2762	1485
-2759	1482
-2758	1478
-2760	1474
-2760	1471
-2760	1467
-2758	1464
-2755	1460
-2754	1457
-2753	1454
-2753	1450
-2751	1447
-2750	1443
-2750	1440
-2748	1436
-2746	1433
-2750	1429
-2750	1425
-2748	1422
-2748	1418
-2748	1415
-2747	1412
-2745	1408
-2745	1405
-2744	1401
-2743	1398
-2741	1394
-2739	1391
-2739	1387
-2738	1384
-2736	1381
-2734	1377
-2732	1374
-2734	1370
-2736	1367
-2736	1363
-2735	1360
-2735	1356
-2735	1352
-2733	1349
-2732	1346
-2732	1342
-2730	1339
-2730	1335
-2729	1332
-2729	1328
-2728	1325
-2725	1322
-2722	1319
-2722	1315
-2720	1312
-2719	1308
-2717	1305
-2715	1302
-2716	1298
-2715	1295
-2714	1291
-2711	1288
-2711	1285
-2711	1281
-2709	1278
-2709	1274
-2709	1271
-2709	1267
-2707	1264
-2705	1261
-2702	1258
-2699	1255
-2698	1251
-2699	1248
-2699	1244
-2698	1241
-2699	1237
-2699	1233
-2697	1230
-2695	1227
-2695	1223
-2694	1220
-2691	1217
-2689	1214
-2688	1210
-2688	1207
-2686	1204
-2684	1200
-2685	1197
-2684	1193
-2682	1190
-2682	1187
-2681	1183
-2679	1180
-2678	1177
-2676	1174
-2676	1170
-2676	1166
-2675	1163
-2673	1160
-2672	1157
-2670	1153
-2669	1150
-2668	1147
-2667	1143
-2665	1140
-2665	1137
-2664	1133
-2662	1130
-2662	1127
-2662	1123
-2662	1119
-2660	1116
-2660	1113
-2658	1110
-2657	1106
-2655	1103
-2655	1100
-2654	1096
-2654	1093
-2651	1090
-2649	1087
-2647	1084
-2647	1080
-2646	1077
-2645	1073
-2646	1070
-2647	1066
-2644	1063
-2643	1060
-2642	1056
-2643	1053
-2643	1049
-2641	1046
-2639	1043
-2638	1039
-2636	1036
-2635	1033
-2636	1029
-2636	1025
-2635	1022
-2633	1019
-2633	1015
-2631	1012
-2630	1009
-2629	1006
-2626	1003
-2625	1000
-2624	996
-2624	993
-2623	989
-2622	986
-2620	983
-2619	980
-2618	976
-2616	973
-2615	970
-2615	966
-2613	963
-2613	960
-2612	956
-2611	953
-2610	950
-2608	947
-2607	943
-2607	940
-2607	936
-2607	932
-2606	929
-2603	926
-2601	923
-2599	920
-2598	917
-2598	913
-2597	910
-2595	907
-2594	904
-2594	900
-2593	897
-2592	893
-2590	890
-2589	887
-2588	884
-2587	880
-2586	877
-2584	874
-2582	871
-2581	868
-2581	864
-2580	861
-2578	858
-2577	855
-2576	851
-2576	847
-2576	844
-2574	841
-2573	838
-2572	834
-2569	832
-2567	829
-2567	825
-2566	822
-2564	818
-2563	815
-2560	813
-2559	809
-2556	807
-2555	803
-2556	800
-2556	796
-2554	793
-2554	789
-2551	786
-2548	784
-2547	781
-2547	777
-2547	773
-2546	770
-2545	767
-2542	764
-2541	761
-2539	758
-2540	754
-2539	750
-2538	747
-2536	744
-2535	741
-2534	737
-2532	734
-2530	732
-2528	728
-2527	725
-2526	722
-2525	719
-2523	715
-2523	712
-2521	709
-2520	706
-2518	703
-2521	698
-2518	695
-2517	692
-2515	689
-2513	686
-2509	684
-2507	681
-2507	677
-2507	674
-2507	670
-2504	667
-2504	664
-2500	661
-2499	658
-2498	655
-2497	651
-2497	648
-2495	645
-2495	641
-2495	637
-2493	634
-2492	631
-2490	628
-2488	625
-2488	621
-2485	619
-2485	615
-2483	612
-2481	609
-2482	605
-2482	601
-2481	598
-2478	595
-2477	592
-2476	589
-2475	585
-2474	582
-2472	579
-2470	576
-2469	573
-2469	569
-2468	566
-2466	563
-2464	560
-2464	556
-2464	552
-2462	549
-2461	546
-2459	543
-2459	539
-2458	536
-2457	532
-2454	530
-2454	526
-2453	523
-2452	519
-2448	517
-2448	514
-2446	511
-2445	507
-2443	504
-2442	501
-2441	498
-2439	495
-2438	491
-2436	488
-2435	485
-2434	482
-2434	478
-2433	475
-2432	471
-2429	469
-2427	466
-2427	462
-2426	459
-2425	455
-2423	452
-2422	449
-2420	446
-2418	443
-2417	440
-2415	436
-2414	433
-2415	429
-2414	425
-2410	423
-2410	420
-2410	416
-2408	413
-2408	409
-2407	405
-2405	402
-2404	399
-2405	394
-2403	391
-2401	389
-2398	386
-2396	383
-2396	379
-2396	375
-2395	372
-2393	369
-2392	365
-2390	362
-2389	359
-2388	356
-2387	352
-2386	349
-2384	346
-2382	343
-2381	339
-2379	336
-2377	333
-2376	330
-2374	327
-2371	325
-2371	321
-2374	315
-2372	312
-2369	310
-2367	307
-2366	304
-2364	301
-2364	297
-2363	293
-2362	289
-2360	286
-2359	283
-2355	281
-2355	277
-2353	274
-2349	273
-2349	268
-2349	264
-2347	261
-2346	258
-2345	254
-2344	251
-2343	247
-2341	244
-2339	241
-2337	238
-2336	235
-2335	231
-2336	227
-2336	223
-2334	220
-2331	217
-2330	214
-2329	210
-2328	207
-2326	204
-2324	201
-2323	197
-2320	195
-2318	192
-2317	188
-2314	186
-2313	183
-2313	178
-2312	174
-2308	173
-2305	171
-2305	166
-2305	162
-2304	159
-2300	157
-2295	156
-2296	151
-2293	149
-2289	147
-2286	145
-2272	151
-2270	148
-2268	145
-2267	141
-2266	137
-2263	136
-2258	134
-2255	132
-2251	131
-2247	129
-2244	127
-2241	125
-2237	124
-2233	122
-2228	121
-2223	121
-2221	118
-2219	115
-2217	112
-2213	111
-2212	107
-2210	104
-2209	101
-2209	97
-2208	93
-2205	90
-2204	87
-2203	84
-2202	80
-2198	79
-2196	75
-2197	71
-2195	67
-2197	61
-2194	60
-2191	57
-2189	55
-2186	52
-2188	46
-2187	43
-2186	39
-2183	37
-2182	33
-2181	29
-2178	28
-2176	24
-2176	20
-2175	16
-2174	12
-2174	8
-2172	5
-2170	2
-2170	-2
-2169	-6
-2164	-7
-2165	-11
-2162	-14
-2161	-18
-2160	-22
-2160	-26
-2159	-30
-2155	-31
-2153	-34
-2152	-38
-2154	-44
-2151	-46
-2147	-47
-2145	-51
-2145	-55
-2142	-57
-2142	-61
-2143	-67
-2141	-70
-2137	-72
-2137	-76
-2137	-81
-2136	-85
-2136	-89
-2135	-94
-2133	-96
-2132	-100
-2130	-103
-2128	-106
-2124	-107
-2119	-108
-2116	-110
-2117	-116
-2120	-122
-2119	-126
-2114	-127
-2115	-133
-2116	-139
-2115	-143
-2114	-147
-2113	-151
-2113	-155
-2111	-158
-2109	-161
-2106	-163
-2107	-169
-2106	-173
-2106	-178
-2107	-183
-2107	-188
-2105	-191
-2099	-191
-2103	-200
-2101	-203
-2076	-184
-2073	-186
-2072	-190
-2071	-195
-2068	-196
-2064	-198
-2050	-190
-2049	-194
-2048	-198
-2046	-201
-2040	-200
-2045	-210
-2021	-192
-2016	-192
-2010	-191
-2005	-191
-2002	-193
-2001	-197
-2001	-202
-1999	-205
-1998	-209
-1998	-214
-1999	-220
-1995	-221
-1986	-217
-1987	-223
-1983	-224
-1977	-224
-1954	-206
-1950	-206
-1945	-206
-1941	-207
-1939	-210
-1924	-199
-1919	-200
-1915	-200
-1910	-200
-1907	-202
-1904	-204
-1898	-203
-1895	-205
-1892	-207
-1882	-201
-1877	-201
-1876	-205
-1875	-208
-1872	-211
-1869	-212
-1866	-215
-1865	-218
-1862	-220
-1847	-209
-1839	-205
-1833	-204
-1828	-204
-1824	-205
-1819	-204
-1812	-201
-1809	-203
-1806	-205
-1801	-205
-1797	-205
-1795	-208
-1793	-211
-1780	-201
-1765	-189
-1757	-186
-1752	-186
-1747	-185
-1745	-187
-1743	-190
-1740	-192
-1738	-194
-1736	-197
-1736	-202
-1734	-205
-1731	-206
-1732	-213
-1745	-232
-1723	-212
-1710	-203
-1703	-200
-1700	-200
-1696	-202
-1695	-205
-1691	-206
-1689	-208
-1685	-208
-1679	-207
-1672	-203
-1667	-202
-1664	-204
-1657	-201
-1652	-200
-1649	-202
-1649	-206
-1624	-182
-1620	-182
-1617	-184
-1616	-187
-1614	-190
-1613	-193
-1611	-196
-1608	-197
-1603	-197
-1598	-196
-1593	-194
-1590	-195
-1587	-196
-1573	-184
-1568	-183
-1565	-184
-1561	-185
-1557	-185
-1554	-186
-1551	-187
-1551	-192
-1549	-194
-1545	-195
-1539	-192
-1532	-188
-1528	-188
-1522	-186
-1517	-184
-1512	-183
-1508	-182
-1501	-179
-1493	-173
-1488	-172
-1483	-171
-1478	-169
-1474	-168
-1480	-182
-1467	-169
-1462	-168
-1458	-168
-1455	-169
-1454	-172
-1452	-175
-1447	-173
-1444	-174
-1440	-174
-1437	-175
-1431	-172
-1425	-169
-1420	-167
-1416	-167
-1410	-164
-1406	-164
-1403	-165
-1401	-167
-1399	-170
-1399	-174
-1397	-177
-1396	-180
-1393	-182
-1392	-185
-1390	-187
-1387	-188
-1383	-189
-1380	-189
-1376	-189
-1372	-188
-1370	-190
-1368	-193
-1365	-194
-1364	-197
-1360	-197
-1353	-192
-1354	-199
-1344	-189
-1343	-193
-1340	-194
-1337	-194
-1333	-194
-1329	-193
-1333	-204
-1326	-200
-1320	-196
-1314	-193
-1308	-189
-1304	-188
-1299	-186
-1293	-182
-1288	-181
-1285	-182
-1283	-183
-1281	-185
-1278	-185
-1274	-185
-1270	-184
-1266	-184
-1262	-183
-1259	-183
-1255	-182
-1252	-183
-1249	-184
-1246	-184
-1243	-185
-1239	-185
-1235	-183
-1232	-185
-1229	-185
-1225	-184
-1221	-183
-1217	-182
-1215	-184
-1212	-185
-1208	-184
-1204	-183
-1201	-183
-1198	-184
-1195	-184
-1191	-184
-1188	-184
-1184	-183
-1181	-183
-1178	-183
-1174	-183
-1170	-182
-1167	-182
-1164	-183
-1162	-184
-1158	-183
-1154	-182
-1151	-183
-1149	-185
-1146	-185
-1143	-185
-1140	-186
-1135	-184
-1132	-184
-1129	-184
-1125	-184
-1122	-184
-1119	-184
-1116	-183
-1112	-183
-1109	-184
-1107	-185
-1104	-185
-1101	-186
-1098	-186
-1094	-184
-1089	-182
-1086	-183
-1082	-181
-1080	-182
-1077	-182
-1074	-183
-1071	-183
-1067	-183
-1064	-182
-1061	-182
-1056	-180
-1053	-179
-1052	-183
-1047	-180
-1042	-177
-1039	-177
-1038	-180
-1033	-177
-1033	-184
-1030	-183
-1027	-183
-1019	-173
-1016	-174
-1014	-177
-1012	-179
-1011	-182
-1010	-187
-998	-169
-994	-166
-991	-167
-989	-169
-988	-172
-987	-176
-986	-181
-984	-182
-982	-184
-980	-187
-978	-188
-975	-189
-971	-188
-969	-190
-966	-189
-961	-184
-956	-181
-952	-180
-950	-181
-945	-177
-941	-175
-939	-176
-936	-177
-933	-178
-929	-175
-922	-166
-912	-151
-906	-144
-902	-141
-899	-142
-897	-143
-895	-145
-893	-149
-893	-153
-892	-158
-890	-160
-886	-158
-880	-151
-873	-142
-870	-141
-867	-140
-864	-140
-861	-139
-858	-140
-855	-140
-853	-141
-779	-1
-776	-0
-773	1
-770	1
-768	-0
-765	1
-763	1
-760	1
-757	1
-755	2
-752	1
-750	1
-747	2
-744	2
-742	2
-740	-0
-737	1
-735	-0
-734	-5
-734	-12
-734	-19
-731	-17
-726	-11
-721	-5
-720	-7
-719	-13
-719	-18
-718	-24
-747	-127
-747	-132
-745	-136
-744	-139
-742	-141
-739	-142
-737	-143
-735	-145
-733	-146
-731	-147
-728	-147
-725	-148
-723	-149
-721	-151
-719	-153
-716	-153
-714	-153
-711	-153
-709	-155
-707	-156
-704	-156
-701	-157
-698	-156
-693	-148
-688	-140
-683	-134
-679	-132
-676	-129
-673	-127
-669	-125
-665	-121
-662	-118
-659	-117
-656	-116
-653	-116
-651	-117
-648	-117
-645	-116
-642	-115
-640	-116
-638	-117
-635	-117
-632	-116
-630	-116
-628	-118
-626	-120
-623	-120
-621	-122
-620	-125
-617	-126
-615	-128
-613	-130
-612	-133
-611	-139
-621	-181
-618	-181
-615	-178
-613	-180
-610	-181
-608	-182
-605	-180
-601	-177
-597	-170
-592	-163
-588	-157
-582	-148
-578	-140
-574	-138
-573	-141
-571	-145
-570	-152
-569	-157
-567	-159
-565	-158
-562	-158
-560	-162
-559	-165
-559	-176
-557	-179
-555	-180
-552	-179
-550	-181
-548	-186
-547	-189
-545	-191
-542	-190
-539	-190
-537	-191
-534	-190
-531	-190
-529	-191
-526	-189
-524	-190
-521	-190
-518	-190
-516	-191
-513	-190
-511	-191
-508	-191
-506	-191
-502	-189
-499	-186
-497	-186
-494	-184
-491	-183
-488	-182
-486	-182
-483	-184
-481	-185
-480	-190
-477	-190
-474	-190
-472	-191
-470	-191
-467	-191
-464	-190
-462	-190
-459	-190
-457	-191
-454	-190
-451	-190
-449	-189
-446	-190
-444	-189
-441	-190
-438	-189
-436	-191
-434	-190
-431	-190
-428	-190
-426	-191
-423	-190
-421	-191
-419	-192
-416	-193
-413	-191
-410	-189
-408	-190
-406	-191
-403	-190
-401	-191
-398	-191
-396	-191
-393	-191
-390	-190
-388	-191
-386	-191
-383	-192
-381	-192
-378	-192
-375	-189
-372	-186
-370	-187
-367	-188
-365	-187
-362	-187
-360	-188
-358	-190
-355	-191
-353	-191
-350	-190
-347	-189
-345	-190
-343	-190
-340	-191
-338	-191
-335	-190
-333	-190
-330	-190
-328	-190
-325	-191
-323	-190
-320	-189
-318	-191
-315	-191
-313	-191
-310	-191
-308	-191
-305	-189
-303	-190
-300	-190
-298	-190
-295	-190
-293	-190
-290	-190
-288	-190
-285	-189
-282	-188
-280	-189
-278	-191
-275	-190
-273	-189
-270	-190
-268	-190
-265	-189
-263	-189
-260	-190
-258	-191
-255	-190
-253	-190
-251	-191
-248	-191
-246	-191
-243	-191
-241	-191
-238	-190
-236	-190
-233	-189
-231	-190
-228	-189
-226	-189
-223	-188
-221	-188
-218	-191
-216	-191
-213	-191
-211	-190
-209	-191
-206	-192
-204	-191
-201	-190
-199	-190
-196	-190
-194	-190
-191	-190
-189	-190
-186	-191
-184	-190
-181	-190
-179	-191
-176	-190
-174	-190
-172	-190
-169	-190
-167	-190
-164	-190
-162	-190
-159	-190
-157	-190
-154	-190
-152	-190
-149	-190
-147	-190
-145	-190
-142	-190
-140	-189
-137	-188
-135	-186
-132	-185
-130	-183
-127	-181
-125	-180
-122	-180
-120	-179
-117	-180
-115	-180
-112	-183
-110	-186
-108	-190
-105	-190
-103	-190
-100	-190
-98	-190
-95	-191
-93	-191
-91	-190
-88	-190
-86	-190
-83	-190
-81	-188
-78	-188
-73	-191
-71	-191
-69	-190
-66	-190
-64	-190
-61	-188
-59	-186
-56	-187
-54	-186
-51	-182
-49	-181
-47	-181
-44	-181
-42	-180
-39	-179
-37	-178
-34	-179
-32	-176
-30	-174
-27	-174
-25	-175
-22	-176
-20	-178
-17	-180
-15	-186
-12	-190
-10	-191
-7	-192
-5	-192
-2	-190
0	-191
3	-191
5	-191
8	-192
10	-192
12	-191
15	-191
17	-192
20	-192
22	-191
25	-190
27	-190
30	-190
32	-190
34	-190
37	-190
39	-187
42	-185
44	-183
46	-183
49	-184
51	-186
54	-187
56	-188
59	-188
61	-185
64	-184
66	-184
68	-183
71	-183
73	-183
76	-180
78	-180
80	-180
83	-181
86	-184
88	-186
91	-190
94	-191
96	-191
99	-191
101	-190
103	-190
106	-191
109	-192
111	-192
113	-190
116	-190
118	-191
121	-191
123	-192
126	-193
128	-192
131	-191
133	-190
136	-190
138	-190
140	-190
143	-189
146	-191
148	-193
151	-192
153	-191
155	-191
158	-192
161	-191
163	-191
165	-191
168	-192
170	-191
173	-191
175	-192
178	-192
180	-186
182	-184
184	-182
187	-181
189	-178
191	-177
193	-176
196	-178
199	-179
201	-180
204	-181
206	-181
209	-181
211	-181
214	-180
216	-180
218	-179
221	-178
224	-179
226	-180
229	-182
231	-182
234	-181
236	-181
239	-183
242	-186
245	-191
248	-190
250	-191
253	-190
256	-191
258	-191
260	-190
263	-191
266	-190
268	-190
271	-190
273	-190
275	-190
278	-190
281	-192
283	-191
286	-191
288	-190
291	-190
293	-189
296	-189
298	-190
301	-190
303	-189
306	-191
309	-191
311	-191
314	-190
316	-190
319	-189
321	-190
324	-190
326	-190
329	-190
331	-190
334	-189
337	-190
339	-189
342	-190
345	-191
347	-191
349	-190
352	-191
355	-190
357	-190
360	-190
362	-189
365	-189
367	-189
370	-190
373	-190
375	-189
378	-189
380	-188
383	-191
386	-191
388	-191
391	-193
394	-192
396	-192
399	-191
401	-190
404	-190
406	-190
409	-190
411	-190
414	-189
417	-190
420	-191
423	-192
425	-191
427	-190
430	-190
432	-190
434	-187
436	-184
438	-182
441	-181
443	-181
445	-180
448	-179
451	-180
454	-183
458	-188
461	-190
464	-190
466	-189
468	-187
471	-187
472	-183
474	-178
475	-174
477	-172
480	-171
482	-172
485	-173
488	-173
491	-174
494	-175
498	-179
500	-179
504	-181
507	-184
510	-183
512	-183
515	-182
517	-181
520	-180
522	-179
524	-179
527	-179
530	-179
532	-178
535	-178
537	-176
540	-178
543	-179
546	-180
549	-180
551	-178
553	-177
556	-176
559	-176
562	-177
564	-177
567	-178
570	-178
573	-178
575	-177
578	-177
581	-178
584	-178
586	-176
588	-175
591	-175
594	-177
597	-177
599	-175
599	-168
598	-158
599	-152
600	-147
602	-145
605	-145
608	-146
612	-151
617	-157
622	-163
624	-162
626	-160
628	-158
630	-155
631	-151
633	-149
635	-148
637	-146
640	-145
642	-144
645	-143
648	-144
650	-143
653	-142
656	-143
659	-145
663	-149
668	-152
672	-156
675	-157
678	-158
681	-159
683	-157
685	-155
688	-155
691	-154
693	-154
696	-155
699	-154
702	-154
704	-153
706	-152
709	-151
712	-151
714	-150
717	-149
719	-147
721	-146
724	-145
726	-145
729	-145
731	-143
734	-143
736	-141
739	-141
741	-140
743	-138
743	-132
745	-129
746	-126
747	-121
747	-115
748	-110
718	-20
718	-15
720	-13
720	-7
724	-10
729	-15
732	-15
733	-13
733	-7
733	-1
734	2
738	1
740	2
743	2
747	-1
751	-4
753	-3
755	-0
758	-1
762	-4
765	-5
770	-4
773	-4
774	-0
776	0
779	0
782	-0
883	-177
886	-178
889	-177
892	-177
874	-137
871	-125
870	-116
871	-113
873	-111
876	-111
878	-110
881	-110
886	-113
893	-121
904	-136
918	-157
921	-156
921	-151
921	-145
922	-142
925	-140
927	-138
928	-135
930	-133
933	-133
939	-137
967	-183
960	-164
977	-189
977	-184
983	-189
986	-189
989	-188
990	-185
992	-182
995	-182
999	-184
1002	-183
1005	-182
1007	-181
1010	-181
1013	-180
1017	-181
1020	-180
1023	-179
1027	-181
1032	-184
1034	-182
1036	-181
1040	-181
1045	-184
1048	-184
1050	-182
1053	-180
1056	-180
1059	-180
1063	-180
1066	-180
1070	-181
1073	-180
1075	-178
1081	-183
1085	-183
1087	-182
1089	-180
1092	-179
1095	-178
1096	-175
1098	-172
1103	-174
1107	-175
1109	-174
1111	-172
1114	-172
1118	-173
1123	-174
1128	-177
1133	-179
1137	-180
1140	-179
1142	-177
1146	-178
1149	-178
1153	-179
1158	-180
1162	-180
1164	-179
1166	-177
1169	-176
1173	-177
1177	-177
1181	-177
1180	-171
1175	-159
1176	-154
1180	-155
1189	-164
1200	-175
1206	-178
1209	-178
1213	-178
1217	-179
1221	-180
1225	-180
1230	-182
1236	-185
1241	-188
1246	-189
1249	-189
1252	-188
1255	-187
1258	-186
1262	-186
1265	-185
1266	-182
1268	-179
1270	-177
1272	-175
1274	-171
1276	-170
1280	-170
1293	-182
1301	-189
1306	-190
1313	-196
1320	-199
1325	-201
1329	-201
1332	-200
1335	-199
1338	-198
1340	-195
1342	-193
1345	-192
1347	-190
1350	-188
1352	-186
1354	-184
1357	-183
1360	-182
1363	-181
1368	-182
1375	-186
1379	-186
1385	-188
1391	-191
1394	-191
1398	-190
1403	-192
1406	-191
1414	-196
1416	-193
1419	-192
1422	-191
1426	-190
1434	-195
1435	-192
1440	-193
1443	-192
1446	-190
1449	-189
1452	-188
1455	-187
1459	-187
1462	-185
1463	-182
1471	-186
1479	-191
1485	-193
1493	-198
1495	-195
1496	-191
1497	-188
1499	-186
1503	-185
1505	-182
1509	-183
1516	-186
1519	-185
1526	-187
1532	-190
1538	-191
1540	-189
1545	-190
1548	-189
1548	-184
1550	-181
1553	-180
1558	-180
1563	-181
1570	-184
1577	-187
1582	-188
1586	-188
1587	-183
1590	-182
1597	-185
1603	-187
1608	-188
1618	-194
1623	-194
1625	-192
1628	-191
1631	-188
1632	-185
1636	-184
1642	-186
1646	-186
1651	-186
1664	-196
1672	-199
1675	-198
1678	-196
1679	-192
1681	-190
1685	-189
1687	-186
1689	-183
1690	-180
1693	-177
1694	-174
1696	-171
1698	-168
1700	-166
1703	-164
1705	-161
1707	-158
1709	-155
1711	-153
1714	-151
1717	-150
1720	-148
1724	-147
1729	-147
1768	-183
1773	-182
1774	-179
1778	-177
1780	-175
1782	-172
1783	-169
1788	-169
1795	-170
1796	-167
1799	-165
1802	-163
1805	-161
1809	-160
1813	-160
1820	-162
1830	-167
1838	-170
1844	-170
1850	-171
1851	-167
1852	-164
1853	-160
1856	-158
1858	-155
1860	-152
1862	-150
1865	-147
1869	-146
1875	-148
1887	-154
1892	-153
1895	-152
1898	-150
1901	-148
1904	-146
1910	-147
1916	-147
1918	-144
1920	-141
1922	-138
1927	-138
1935	-141
1954	-154
1957	-151
1958	-148
1960	-144
1963	-142
1969	-142
1972	-141
1977	-140
1981	-139
1984	-137
1987	-135
1993	-135
1999	-136
2001	-133
2006	-132
2009	-130
2011	-127
2015	-126
2019	-125
2025	-125
2035	-129
2047	-135
2052	-134
2059	-135
2066	-136
2066	-131
2066	-127
2067	-123
2068	-119
2069	-115
2071	-112
2075	-110
2083	-113
2097	-119
2100	-117
2104	-116
2109	-115
2119	-119
2125	-119
2127	-115
2131	-114
2137	-114
2142	-113
2149	-114
2154	-113
2156	-110
2159	-108
2163	-106
2166	-104
2169	-102
2176	-102
2182	-102
2185	-100
2189	-98
2204	-105
2206	-102
2208	-99
2212	-97
2215	-95
2219	-93
2219	-89
2224	-87
2230	-87
2233	-85
2236	-82
2244	-84
2262	-92
2266	-91
2267	-87
2272	-86
2272	-81
2272	-76
2274	-73
2275	-69
2278	-66
2274	-59
2277	-56
2279	-53
2280	-49
2283	-46
2282	-41
2282	-36
2283	-32
2280	-26
2285	-24
2282	-17
2283	-14
2286	-11
2288	-8
2287	-3
2287	2
2285	8
2291	9
2291	13
2289	19
2289	24
2285	31
2285	36
2285	41
2294	39
2296	42
2294	48
2283	60
2286	62
2288	66
2287	71
2287	76
2289	79
2290	82
2292	85
2293	90
2290	96
2289	101
2292	104
2295	106
2292	113
2294	116
2295	119
2299	121
2300	125
2298	131
2300	134
2300	138
2299	143
2297	149
2297	153
2301	155
2302	159
2301	164
2302	167
2306	169
2305	174
2307	178
2307	182
2307	186
2309	189
2310	193
2311	196
2312	200
2313	204
2313	208
2312	213
2316	215
2313	221
2315	225
2316	228
2319	230
2319	234
2322	237
2324	240
2323	245
2325	248
2329	250
2329	254
2325	261
2323	266
2324	270
2325	273
2328	276
2331	279
2332	282
2329	288
2332	290
2332	295
2333	298
2334	302
2336	305
2337	308
2338	312
2337	316
2338	320
2340	323
2341	327
2342	330
2342	335
2341	339
2341	343
2344	346
2345	350
2345	354
2345	358
2343	363
2343	367
2346	369
2347	373
2345	378
2348	381
2351	383
2349	388
2347	393
2349	396
2348	401
2352	403
2354	406
2356	409
2357	412
2355	417
2355	421
2357	424
2359	427
2362	430
2361	434
2361	438
2361	442
2362	446
2363	449
2364	453
2362	458
2363	461
2365	464
2365	468
2366	472
2367	475
2367	479
2367	483
2369	486
2371	489
2370	493
2371	497
2371	501
2373	504
2375	507
2376	510
2376	514
2375	518
2376	522
2377	525
2379	528
2380	531
2383	534
2383	538
2384	541
2386	545
2382	550
2383	554
2385	557
2387	560
2386	564
2388	567
2390	570
2388	574
2388	578
2387	582
2388	586
2389	589
2390	593
2393	595
2398	597
2394	603
2395	606
2394	610
2393	615
2394	618
2397	621
2398	624
2398	627
2399	631
2399	635
2401	638
2402	641
2401	645
2401	649
2402	653
2403	656
2402	660
2403	664
2404	667
2404	671
2404	674
2405	678
2407	681
2406	685
2408	688
2411	690
2411	694
2410	698
2412	701
2412	705
2413	708
2415	711
2415	715
2412	720
2413	723
2415	726
2416	729
2416	733
2415	737
2416	741
2416	744
2417	748
2417	751
2418	755
2419	758
2420	761
2421	765
2422	768
2421	772
2422	775
2422	779
2422	783
2422	786
2424	789
2425	793
2425	796
2426	800
2428	802
2428	806
2428	810
2427	814
2428	817
2430	820
2431	823
2431	827
2432	831
2432	834
2431	838
2431	842
2432	845
2433	848
2433	852
2435	855
2436	858
2437	862
2438	865
2439	868
2440	871
2440	875
2440	878
2440	882
2441	885
2440	889
2441	892
2443	895
2444	899
2445	902
2444	906
2444	910
2444	913
2446	916
2449	919
2449	923
2450	926
2453	929
2453	932
2453	936
2453	939
2452	943
2453	946
2455	949
2455	953
2456	956
2456	960
2457	963
2458	966
2459	969
2459	973
2460	976
2460	980
2461	983
2460	987
2461	990
2461	994
2462	997
2464	1000
2464	1004
2464	1007
2466	1010
2467	1013
2466	1017
2466	1021
2467	1024
2467	1028
2468	1031
2468	1034
2468	1038
2468	1041
2470	1045
2471	1048
2471	1051
2471	1055
2472	1058
2472	1062
2475	1064
2476	1068
2476	1071
2474	1075
2473	1079
2473	1082
2475	1085
2476	1089
2476	1092
2477	1095
2480	1098
2482	1101
2481	1105
2481	1109
2482	1112
2483	1115
2482	1119
2481	1122
2482	1126
2484	1129
2485	1132
2484	1136
2485	1139
2486	1142
2486	1146
2487	1149
2488	1152
2488	1156
2489	1159
2489	1163
2487	1166
2488	1170
2491	1173
2492	1176
2492	1179
2492	1183
2493	1186
2494	1189
2495	1193
2495	1196
2494	1200
2494	1203
2493	1207
2494	1210
2493	1214
2493	1217
2492	1221
2493	1224
2496	1227
2499	1230
2503	1233
2504	1236
2504	1239
2505	1243
2506	1246
2508	1249
2508	1253
2510	1256
2512	1259
2514	1262
2515	1265
2509	1270
2510	1273
2511	1276
2512	1280
2511	1283
2511	1287
2510	1290
2510	1294
2511	1297
2513	1300
2514	1303
2515	1307
2515	1310
2515	1314
2514	1317
2516	1320
2519	1323
2519	1327
2519	1330
2520	1334
2521	1337
2519	1340
2519	1344
2518	1347
2519	1351
2520	1354
2520	1358
2520	1361
2521	1364
2521	1368
2522	1371
2524	1374
2525	1378
2526	1381
2526	1384
2525	1388
2526	1391
2527	1394
2527	1398
2528	1401
2528	1405
2529	1408
2529	1411
2529	1415
2531	1418
2531	1421
2530	1425
2530	1428
2531	1432
2532	1435
2534	1438
2533	1442
2533	1445
2534	1449
2536	1452
2535	1455
2536	1459
2536	1462
2536	1466
2536	1469
2539	1472
2539	1476
2538	1479
2538	1482
2539	1486
2539	1489
2539	1493
2540	1496
2541	1499
2542	1503
2542	1506
2542	1510
2542	1513
2543	1516
2543	1520
2543	1523
2543	1527
2545	1530
2545	1533
2544	1537
2545	1540
2546	1543
2546	1547
2548	1550
2548	1554
2547	1557
2546	1561
2547	1564
2547	1567
2549	1571
2551	1574
2551	1577
2552	1581
2553	1584
2553	1588
2553	1591
2554	1594
2554	1598
2555	1601
2557	1605
2557	1608
2558	1612
2559	1615
2559	1618
2560	1622
2559	1625
2559	1629
2559	1632
2560	1635
2560	1639
2561	1642
2561	1646
2562	1649
2563	1653
