2634	1675
2636	1678
2637	1682
2637	1685
2636	1689
2637	1692
2639	1699
2639	1703
2640	1706
2641	1710
2641	1714
2641	1717
2643	1721
2643	1724
2642	1728
2642	1731
2643	1735
2643	1738
2643	1742
2643	1746
2645	1749
2645	1753
2647	1756
2647	1760
2648	1763
2648	1767
2648	1770
2649	1774
2649	1778
2650	1781
2651	1785
2652	1788
2653	1792
2654	1796
2654	1799
2653	1803
2652	1806
2649	1810
2651	1813
2655	1817
2657	1821
2656	1824
2655	1828
2654	1831
2655	1835
2657	1839
2658	1842
2658	1846
2656	1849
2658	1853
2658	1857
2658	1860
2657	1864
2657	1867
2657	1871
2659	1874
2660	1878
2658	1882
2657	1885
2658	1889
2660	1892
2660	1896
2660	1900
2661	1903
2661	1907
2661	1910
2661	1914
2663	1918
2663	1921
2662	1925
2661	1928
2662	1932
2664	1936
2665	1940
2664	1943
2664	1947
2664	1950
2664	1954
2662	1957
2663	1961
2662	1965
2663	1968
2666	1972
2666	1976
2666	1979
2666	1983
2667	1987
2668	1990
2668	1994
2669	1998
2668	2001
2668	2005
2669	2009
2669	2012
2670	2016
2669	2020
2669	2023
2669	2027
2670	2031
2672	2034
2674	2038
2676	2042
2676	2046
2675	2049
2674	2053
2676	2057
2674	2060
2675	2064
2674	2068
2677	2072
2677	2075
2677	2079
2676	2083
2676	2086
2676	2090
2675	2093
2672	2097
2673	2100
2674	2104
2675	2108
2677	2112
2678	2116
2678	2119
2676	2123
2676	2126
2677	2130
2679	2134
2679	2138
2679	2142
2680	2146
2678	2149
2678	2153
2680	2157
2680	2160
2681	2164
2681	2168
2680	2172
2681	2175
2682	2179
2682	2183
2682	2187
2682	2190
2682	2194
2684	2198
2685	2202
2684	2206
2686	2210
2688	2214
2688	2218
2687	2221
2688	2225
2688	2229
2687	2232
2688	2236
2688	2240
2688	2244
2689	2248
2691	2252
2690	2255
2689	2259
2690	2263
2691	2267
2693	2271
2691	2274
2691	2278
2692	2282
2691	2286
2691	2289
2692	2294
2694	2298
2695	2302
2693	2305
2693	2309
2694	2313
2694	2317
2693	2320
2693	2324
2694	2328
2695	2332
2694	2336
2694	2340
2694	2343
2694	2347
2695	2351
2695	2355
2697	2359
2697	2363
2694	2366
2694	2370
2695	2374
2698	2379
2698	2383
2698	2386
2697	2390
2696	2394
2697	2398
2697	2402
2697	2405
2699	2410
2698	2413
2698	2417
2699	2421
2701	2426
2701	2430
2699	2433
2698	2437
2700	2441
2700	2445
2699	2449
2699	2453
2701	2457
2702	2461
2702	2465
2702	2469
2703	2473
2703	2477
2702	2481
2703	2485
2703	2489
2703	2493
2702	2496
2702	2500
2703	2505
2703	2508
2703	2512
2703	2516
2703	2520
2702	2524
2701	2528
2701	2532
2703	2536
2707	2541
2708	2546
2706	2549
2705	2553
2704	2556
2705	2560
2705	2565
2704	2568
2703	2572
2704	2576
2704	2580
2704	2584
2701	2587
2702	2592
2704	2596
2705	2601
2707	2605
2707	2609
2706	2613
2703	2616
2699	2619
2700	2623
2705	2629
2706	2633
2707	2637
2707	2641
2706	2645
2706	2649
2706	2653
2705	2657
2705	2661
2705	2665
2704	2669
2706	2674
2706	2678
2705	2682
2707	2686
2708	2691
2710	2696
2710	2700
2710	2704
2710	2708
2711	2713
2712	2717
2713	2722
2714	2726
2714	2730
2715	2735
2713	2738
2712	2742
2711	2746
2714	2751
2713	2755
2709	2757
2706	2760
2707	2765
2712	2771
2716	2777
2715	2781
2715	2785
2714	2789
2714	2793
2714	2797
2713	2801
2712	2805
2711	2809
2711	2813
2710	2817
2711	2821
2710	2825
2710	2829
2710	2834
2711	2838
2714	2844
2716	2849
2715	2853
2715	2857
2715	2861
2712	2864
2713	2869
2713	2873
2713	2878
2714	2882
2715	2887
2714	2891
2713	2895
2716	2901
2715	2904
2715	2909
2715	2913
2715	2918
2715	2922
2715	2926
2715	2930
2714	2935
2714	2939
2714	2943
2715	2948
2715	2952
2714	2956
2712	2960
2714	2965
2715	2970
2716	2975
2717	2980
2717	2984
2715	2987
2714	2991
2713	2995
2713	3000
2713	3004
2711	3008
2711	3012
2712	3017
2713	3022
2712	3026
2714	3031
2713	3035
2711	3039
2709	3043
2711	3048
2714	3054
2715	3059
2715	3064
2715	3068
2715	3073
2715	3077
2714	3081
2713	3085
2712	3089
2712	3094
2714	3100
2714	3104
2714	3109
2713	3113
2712	3117
2712	3122
2713	3127
2711	3130
2695	3126
2672	3119
2658	3116
2649	3116
2644	3118
2642	3122
2640	3125
2640	3130
2641	3135
2648	3143
2709	3185
2713	3191
2712	3196
2711	3200
2711	3205
2712	3210
2710	3213
2710	3219
2712	3224
2712	3229
2711	3233
2714	3239
2713	3244
2714	3249
2714	3254
2712	3257
2711	3262
2710	3266
2711	3271
2709	3275
2708	3279
2708	3284
2708	3289
2707	3293
2707	3298
2707	3303
2707	3308
2707	3312
2705	3317
2704	3321
2704	3325
2706	3331
2705	3336
2703	3340
2703	3344
2702	3349
2703	3354
2702	3359
2703	3364
2704	3370
2704	3375
2703	3379
2701	3383
2702	3388
2701	3393
2701	3398
2701	3403
2701	3408
2699	3412
2699	3416
2695	3420
2693	3423
2693	3428
2692	3432
2691	3437
2690	3441
2689	3446
2688	3450
2687	3455
2689	3461
2691	3467
2691	3473
2691	3477
2689	3481
2688	3486
2687	3490
2686	3495
2687	3501
2688	3507
2687	3511
2688	3517
2689	3523
2689	3528
2687	3532
2686	3537
2684	3540
2683	3545
2684	3551
2685	3557
2685	3562
2685	3567
2683	3571
2683	3577
2683	3582
2682	3587
2683	3592
2682	3597
2682	3602
2679	3606
2678	3610
2680	3617
2681	3623
2681	3629
2680	3633
2680	3639
2680	3644
2680	3649
2677	3653
2676	3658
2676	3663
2678	3669
2678	3675
2677	3680
2677	3685
2672	3687
2675	3695
2673	3699
2671	3703
2670	3708
2669	3712
2670	3719
2672	3725
2670	3730
2669	3735
2668	3740
2669	3746
2668	3751
2667	3756
2666	3761
2663	3764
2662	3769
2662	3774
2662	3780
2661	3785
2660	3790
2660	3795
2658	3800
2658	3805
2655	3809
2654	3814
2655	3820
2654	3825
2653	3830
2652	3835
2651	3840
2650	3845
2649	3850
2647	3854
2646	3860
2645	3864
2644	3869
2642	3874
2641	3879
2641	3884
2643	3892
2641	3896
2640	3901
2629	3898
2618	3895
2613	3897
2610	3900
2611	3907
2606	3909
2602	3912
2602	3917
2611	3931
2628	3951
2631	3959
2628	3963
2630	3971
2629	3976
2626	3980
2626	3985
2624	3990
2623	3996
2621	4000
2620	4005
2618	4009
2617	4015
2614	4018
2613	4024
2613	4029
2611	4034
2610	4039
2609	4044
2608	4050
2606	4055
2605	4060
2603	4064
2601	4069
2599	4073
2596	4077
2593	4080
2591	4085
2590	4090
2587	4094
2585	4098
2583	4103
2581	4108
2585	4117
2583	4122
2581	4126
2580	4133
2579	4137
2576	4141
2574	4146
2572	4150
2571	4156
2571	4162
2569	4167
2567	4172
2566	4177
2564	4182
2562	4186
2308	3951
2304	3953
2301	3957
2297	3958
2297	3964
2301	3987
2298	3990
2294	3991
2292	3995
2290	4000
2286	4001
2540	4258
2538	4263
2536	4267
2534	4272
2531	4276
2529	4281
2527	4285
2524	4289
2522	4294
2519	4298
2517	4303
2515	4308
2512	4311
2509	4315
2506	4319
2505	4325
2502	4329
2499	4332
2497	4337
2495	4343
2493	4347
2491	4352
2489	4357
2487	4362
2484	4366
2480	4368
2476	4371
2474	4377
2473	4382
2471	4387
2469	4392
2469	4399
2466	4403
2463	4407
2460	4411
2459	4417
2457	4422
2454	4426
2451	4431
2449	4435
2446	4439
2443	4443
2440	4447
2438	4452
2437	4458
2435	4463
2433	4468
2430	4472
2428	4477
2426	4482
2424	4488
2420	4491
2417	4495
2416	4500
2413	4505
2410	4509
2407	4513
2404	4517
2402	4522
2400	4527
2399	4534
2403	4545
2398	4548
2394	4550
2389	4553
2384	4554
2379	4556
2375	4558
2370	4560
2367	4564
2364	4568
2360	4572
2357	4575
2354	4579
2350	4583
2348	4588
2344	4591
2340	4594
2337	4598
2333	4600
2330	4605
2328	4610
2326	4616
2322	4619
2319	4622
2316	4627
2313	4631
2308	4633
2305	4637
2301	4640
2301	4647
2298	4652
2294	4655
2291	4658
2288	4662
2284	4665
2279	4667
2275	4670
2271	4674
2268	4678
2265	4682
2263	4687
2261	4692
2258	4697
2255	4702
2253	4707
2249	4710
2245	4713
2242	4717
2239	4721
2237	4727
2234	4731
2231	4736
2228	4740
2224	4743
2221	4747
2217	4750
2213	4753
2211	4759
2208	4763
2205	4767
2201	4770
2197	4774
2195	4779
2192	4784
2190	4789
2188	4795
2185	4800
2183	4805
2179	4808
2175	4812
2171	4815
2168	4819
2165	4824
2163	4829
2159	4833
2156	4837
2153	4841
2149	4844
2147	4851
2144	4855
2140	4859
2137	4863
2132	4864
2127	4866
2123	4869
2119	4872
2116	4877
2112	4881
2109	4884
2106	4890
2102	4892
2097	4894
2093	4896
2089	4901
2087	4906
2084	4911
2080	4913
2074	4915
2069	4916
2065	4919
2061	4921
2056	4923
2052	4927
2049	4932
2046	4936
2042	4939
2039	4944
2035	4947
2031	4950
2027	4953
2022	4956
2019	4959
2015	4964
2011	4966
2007	4970
2004	4973
1999	4976
1996	4980
1994	4987
1992	4994
1989	4998
1985	5001
1981	5004
1978	5009
1973	5011
1969	5014
1965	5017
1961	5020
1956	5023
1951	5024
1947	5026
1943	5031
1940	5035
1937	5039
1932	5042
1927	5044
1923	5046
1919	5050
1915	5053
1912	5057
1908	5061
1904	5065
1900	5068
1896	5070
1891	5073
1887	5076
1885	5082
1881	5087
1878	5092
1874	5095
1870	5099
1866	5102
1863	5106
1859	5110
1854	5110
1849	5113
1845	5116
1841	5120
1837	5122
1832	5125
1828	5128
1824	5131
1820	5134
1816	5139
1811	5141
1807	5144
1803	5146
1798	5149
1794	5151
1789	5154
1785	5156
1781	5160
1778	5164
1773	5168
1769	5170
1765	5173
1761	5177
1758	5182
1755	5189
1753	5194
1747	5195
1742	5196
1737	5198
1733	5201
1729	5204
1725	5208
1721	5212
1717	5215
1713	5219
1709	5223
1706	5227
1702	5232
1698	5236
1694	5240
1690	5243
1686	5246
1682	5250
1678	5253
1674	5257
1669	5260
1665	5263
1661	5266
1657	5269
1652	5272
1648	5276
1643	5278
1639	5280
1634	5282
1629	5284
1625	5288
1620	5290
1616	5292
1611	5294
1606	5296
1602	5299
1597	5302
1593	5305
1589	5308
1584	5311
1580	5313
1575	5315
1570	5317
1565	5319
1561	5322
1557	5326
1552	5329
1548	5332
1544	5335
1538	5336
1534	5338
1529	5341
1524	5343
1520	5346
1516	5349
1511	5352
1507	5355
1502	5357
1498	5361
1494	5364
1489	5367
1484	5369
1480	5372
1475	5374
1470	5376
1465	5378
1461	5381
1457	5385
1452	5386
1446	5386
1442	5390
1438	5393
1434	5397
1431	5403
1426	5406
1421	5407
1416	5409
1411	5412
1407	5414
1402	5417
1398	5419
1393	5423
1390	5428
1385	5431
1381	5435
1377	5438
1372	5441
1368	5446
1364	5449
1359	5451
1354	5453
1349	5454
1344	5456
1339	5458
1334	5459
1330	5463
1325	5465
1320	5468
1315	5470
1311	5471
1306	5473
1301	5475
1296	5477
1292	5481
1287	5485
1282	5487
1278	5489
1273	5491
1268	5492
1263	5495
1258	5496
1253	5499
1248	5501
1244	5504
1239	5506
1234	5509
1230	5511
1224	5512
1219	5513
1214	5514
1209	5516
1204	5519
1200	5522
1195	5523
1190	5526
1185	5528
1180	5531
1176	5534
1170	5534
1165	5534
1160	5536
1156	5540
1151	5542
1145	5543
1141	5546
1136	5548
1131	5550
1126	5551
1121	5552
1115	5553
1110	5554
1105	5557
1101	5560
1096	5563
1092	5566
1087	5568
1082	5571
1077	5572
1071	5571
1066	5572
1061	5575
1056	5577
1052	5580
1046	5581
1041	5583
1036	5584
1031	5585
1026	5586
1021	5588
1016	5591
1011	5593
1006	5593
1000	5591
994	5592
989	5592
984	5594
979	5596
974	5598
969	5598
963	5599
959	5601
954	5606
950	5610
944	5609
939	5608
933	5609
928	5611
923	5613
918	5614
913	5616
908	5618
903	5619
897	5618
891	5616
889	5627
884	5629
878	5627
873	5629
868	5632
863	5635
858	5637
853	5638
848	5641
844	5644
839	5646
834	5648
829	5652
824	5655
819	5656
814	5658
809	5658
803	5659
798	5658
792	5658
787	5659
782	5661
777	5664
773	5668
767	5667
762	5667
756	5665
751	5666
745	5665
739	5664
734	5664
729	5664
723	5664
718	5665
713	5667
707	5667
702	5665
696	5665
691	5664
685	5664
680	5665
675	5666
669	5666
664	5667
659	5667
654	5667
649	5669
643	5670
638	5671
633	5672
628	5674
623	5676
618	5676
612	5677
607	5678
602	5678
596	5674
590	5669
584	5666
578	5665
573	5666
568	5668
563	5669
558	5669
552	5670
548	5674
543	5678
538	5679
532	5679
528	5683
523	5685
517	5686
512	5687
507	5688
502	5688
497	5693
492	5696
487	5698
482	5699
477	5701
472	5703
466	5704
461	5705
456	5706
451	5707
446	5709
441	5712
436	5714
430	5714
425	5715
420	5714
414	5710
408	5708
403	5709
398	5711
393	5715
388	5717
383	5719
378	5721
372	5721
367	5723
362	5723
357	5724
351	5725
346	5725
341	5724
335	5724
330	5724
325	5724
320	5727
314	5729
309	5728
304	5727
298	5727
293	5725
287	5724
282	5725
277	5724
272	5726
266	5728
261	5730
256	5729
251	5729
245	5727
240	5726
234	5727
229	5728
224	5730
219	5732
214	5733
208	5732
203	5731
198	5731
192	5734
187	5736
182	5737
177	5736
171	5734
166	5733
161	5733
155	5729
150	5729
144	5729
139	5728
134	5727
128	5727
123	5727
118	5727
112	5726
107	5724
102	5723
97	5724
91	5724
86	5724
81	5724
75	5723
70	5723
65	5722
60	5723
54	5722
49	5721
44	5720
38	5720
33	5721
28	5722
23	5722
17	5723
12	5723
7	5724
1	5724
-4	5725
-9	5726
-14	5727
-20	5726
-25	5725
-30	5723
-36	5721
-41	5719
-46	5718
-51	5718
-57	5719
-62	5714
-67	5708
-72	5707
-78	5708
-83	5710
-88	5712
-94	5713
-99	5713
-104	5713
-109	5712
-115	5721
-115	5020
-119	5020
-123	5021
-128	5019
-132	5016
-136	5016
-141	5017
-145	5016
-149	5006
-153	5001
-158	5000
-162	4999
-166	4995
-171	4992
-175	4991
-179	4992
-184	4995
-188	4999
-192	5000
-197	5008
-202	5017
-206	5017
-211	5016
-215	5016
-219	5020
-224	5021
-228	5020
-232	5019
-283	5709
-288	5709
-294	5707
-299	5707
-304	5707
-309	5706
-314	5705
-320	5703
-325	5703
-330	5705
-335	5704
-341	5700
-346	5698
-351	5697
-356	5696
-361	5696
-366	5694
-372	5694
-377	5692
-382	5689
-387	5687
-392	5685
-397	5684
-402	5682
-407	5679
-413	5679
-418	5678
-423	5678
-428	5676
-433	5676
-439	5676
-444	5677
-449	5676
-455	5677
-460	5677
-465	5678
-470	5677
-476	5678
-481	5676
-486	5674
-491	5670
-496	5668
-501	5664
-506	5662
-511	5663
-516	5663
-522	5664
-527	5664
-532	5663
-537	5663
-543	5662
-547	5660
-552	5657
-557	5655
-563	5656
-568	5655
-573	5654
-578	5654
-583	5651
-588	5648
-593	5646
-598	5645
-603	5644
-609	5644
-614	5644
-619	5643
-624	5642
-629	5640
-634	5638
-639	5637
-645	5637
-650	5637
-655	5636
-660	5636
-665	5634
-671	5634
-676	5633
-681	5632
-686	5631
-691	5629
-696	5628
-701	5628
-707	5631
-712	5631
-717	5629
-722	5626
-727	5624
-732	5624
-737	5622
-743	5621
-747	5619
-753	5618
-758	5618
-764	5620
-769	5620
-774	5618
-779	5615
-785	5618
-789	5617
-794	5613
-798	5608
-803	5603
-807	5599
-812	5595
-817	5592
-822	5590
-827	5589
-832	5588
-837	5588
-842	5588
-847	5586
-852	5585
-858	5584
-863	5583
-868	5581
-873	5581
-878	5581
-883	5581
-888	5579
-893	5576
-898	5575
-905	5580
-910	5580
-914	5576
-919	5574
-924	5572
-929	5570
-934	5570
-940	5569
-945	5568
-950	5568
-955	5568
-961	5568
-966	5568
-971	5567
-976	5566
-981	5566
-987	5565
-992	5564
-997	5564
-1002	5562
-1007	5562
-1013	5562
-1018	5561
-1023	5559
-1028	5557
-1033	5556
-1037	5553
-1042	5551
-1047	5550
-1052	5547
-1057	5544
-1061	5541
-1066	5538
-1070	5535
-1075	5532
-1080	5530
-1085	5528
-1090	5526
-1094	5523
-1099	5521
-1104	5518
-1109	5517
-1114	5516
-1118	5513
-1123	5512
-1128	5511
-1134	5511
-1139	5512
-1145	5512
-1150	5512
-1156	5511
-1161	5511
-1166	5509
-1171	5508
-1176	5507
-1181	5507
-1186	5505
-1192	5505
-1197	5506
-1203	5508
-1208	5506
-1213	5504
-1218	5501
-1222	5499
-1226	5492
-1230	5488
-1234	5485
-1239	5481
-1243	5478
-1247	5472
-1251	5467
-1255	5464
-1259	5460
-1264	5458
-1269	5455
-1274	5453
-1278	5452
-1283	5450
-1289	5450
-1294	5449
-1299	5449
-1305	5449
-1310	5448
-1315	5447
-1320	5446
-1326	5446
-1331	5446
-1336	5444
-1341	5444
-1346	5443
-1351	5441
-1356	5439
-1361	5438
-1367	5438
-1373	5439
-1378	5439
-1383	5438
-1388	5437
-1394	5436
-1398	5434
-1403	5433
-1408	5431
-1413	5429
-1418	5427
-1423	5426
-1428	5424
-1433	5422
-1437	5418
-1441	5415
-1445	5411
-1451	5410
-1456	5409
-1461	5407
-1465	5405
-1470	5403
-1474	5398
-1478	5394
-1483	5394
-1490	5396
-1495	5396
-1500	5394
-1504	5391
-1508	5386
-1512	5382
-1517	5379
-1521	5378
-1526	5376
-1531	5374
-1535	5370
-1539	5365
-1544	5363
-1554	5376
-1559	5374
-1564	5371
-1564	5357
-1568	5354
-1572	5352
-1578	5351
-1584	5351
-1590	5353
-1595	5352
-1600	5351
-1605	5350
-1610	5348
-1615	5347
-1620	5345
-1625	5342
-1629	5340
-1634	5338
-1638	5334
-1643	5332
-1648	5330
-1652	5327
-1656	5324
-1661	5321
-1665	5318
-1670	5316
-1675	5314
-1680	5313
-1684	5310
-1689	5308
-1694	5307
-1699	5305
-1704	5302
-1708	5298
-1711	5294
-1716	5291
-1721	5291
-1727	5291
-1731	5287
-1735	5283
-1739	5280
-1744	5278
-1750	5278
-1756	5279
-1762	5279
-1765	5275
-1770	5272
-1774	5270
-1779	5266
-1783	5263
-1787	5260
-1791	5257
-1795	5252
-1799	5249
-1804	5247
-1808	5244
-1812	5241
-1817	5239
-1822	5236
-1826	5234
-1831	5231
-1834	5227
-1838	5222
-1841	5217
-1845	5213
-1848	5209
-1851	5204
-1855	5199
-1860	5198
-1865	5196
-1869	5193
-1874	5192
-1879	5189
-1884	5187
-1889	5186
-1893	5183
-1897	5180
-1902	5178
-1907	5177
-1913	5177
-1918	5176
-1922	5172
-1927	5170
-1932	5168
-1937	5167
-1942	5164
-1946	5161
-1949	5156
-1952	5151
-1956	5147
-1960	5143
-1964	5141
-1969	5138
-1973	5135
-1977	5132
-1983	5132
-1988	5130
-1993	5129
-1997	5126
-2001	5121
-2005	5118
-2007	5111
-2010	5107
-2015	5104
-2019	5103
-2024	5100
-2028	5098
-2033	5095
-2038	5093
-2042	5090
-2045	5085
-2049	5082
-2052	5077
-2056	5074
-2059	5068
-2061	5062
-2064	5057
-2069	5055
-2073	5052
-2075	5046
-2078	5040
-2082	5037
-2086	5033
-2090	5031
-2094	5026
-2096	5021
-2099	5016
-2102	5012
-2105	5006
-2109	5003
-2114	5001
-2118	4997
-2121	4993
-2124	4988
-2127	4983
-2129	4977
-2132	4972
-2136	4969
-2141	4968
-2145	4965
-2148	4960
-2153	4958
-2158	4956
-2162	4954
-2167	4952
-2173	4951
-2178	4950
-2182	4947
-2186	4943
-2190	4941
-2194	4938
-2198	4934
-2202	4931
-2207	4929
-2211	4927
-2215	4923
-2219	4919
-2222	4915
-2227	4913
-2230	4909
-2234	4906
-2237	4901
-2240	4897
-2243	4892
-2247	4889
-2251	4886
-2256	4883
-2260	4881
-2265	4879
-2271	4879
-2276	4877
-2281	4875
-2285	4872
-2288	4868
-2292	4864
-2295	4860
-2298	4855
-2301	4852
-2305	4848
-2308	4843
-2312	4840
-2316	4837
-2319	4832
-2323	4830
-2327	4827
-2330	4822
-2336	4821
-2340	4818
-2343	4813
-2347	4810
-2351	4807
-2354	4804
-2358	4800
-2361	4796
-2365	4793
-2369	4789
-2372	4785
-2376	4782
-2380	4779
-2384	4776
-2389	4774
-2391	4769
-2395	4765
-2402	4766
-2404	4760
-2406	4755
-2409	4751
-2414	4749
-2418	4746
-2421	4742
-2425	4739
-2428	4734
-2430	4728
-2434	4725
-2438	4722
-2441	4718
-2444	4713
-2448	4710
-2451	4706
-2455	4703
-2459	4700
-2463	4697
-2467	4693
-2470	4689
-2475	4687
-2480	4685
-2483	4682
-2485	4676
-2488	4671
-2492	4669
-2497	4667
-2501	4664
-2504	4659
-2507	4655
-2509	4649
-2510	4643
-2512	4637
-2514	4633
-2518	4629
-2523	4627
-2527	4624
-2530	4620
-2533	4616
-2536	4612
-2540	4608
-2542	4604
-2544	4597
-2547	4593
-2550	4589
-2554	4586
-2557	4582
-2561	4579
-2564	4575
-2566	4570
-2569	4566
-2573	4563
-2577	4559
-2582	4558
-2586	4555
-2588	4550
-2589	4543
-2592	4539
-2596	4536
-2599	4532
-2600	4526
-2601	4519
-2604	4515
-2609	4513
-2612	4509
-2613	4502
-2615	4497
-2619	4494
-2624	4492
-2628	4490
-2633	4488
-2635	4483
-2635	4475
-2636	4470
-2638	4464
-2640	4458
-2642	4454
-2645	4450
-2650	4448
-2655	4446
-2659	4443
-2662	4439
-2666	4435
-2668	4431
-2671	4426
-2676	4424
-2679	4420
-2681	4415
-2684	4412
-2686	4407
-2689	4403
-2693	4400
-2696	4396
-2699	4391
-2699	4384
-2700	4379
-2703	4374
-2706	4370
-2708	4365
-2711	4362
-2713	4356
-2715	4351
-2714	4344
-2716	4339
-2719	4335
-2719	4328
-2723	4325
-2723	4318
-2727	4315
-2728	4310
-2731	4305
-2733	4300
-2731	4292
-2732	4287
-2736	4283
-2740	4280
-2743	4276
-2745	4272
-2749	4269
-2753	4265
-2756	4262
-2757	4256
-2759	4251
-2763	4249
-2767	4245
-2769	4241
-2772	4237
-2766	4225
-2769	4221
-2771	4216
-2772	4210
-2775	4207
-2780	4204
-2784	4202
-2784	4195
-2785	4190
-2788	4185
-2791	4181
-2791	4175
-2792	4169
-2794	4164
-2795	4160
-2797	4155
-2800	4150
-2803	4147
-2808	4145
-2813	4143
-2812	4136
-2815	4132
-2817	4127
-2819	4123
-2820	4117
-2822	4112
-2825	4108
-2826	4103
-2825	4096
-2827	4091
-2828	4086
-2831	4082
-2832	4077
-2831	4069
-2832	4064
-2834	4059
-2836	4055
-2840	4052
-2843	4049
-2845	4044
-2845	4037
-2845	4031
-2844	4024
-2846	4019
-2849	4016
-2850	4011
-2850	4005
-2850	3998
-2850	3992
-2852	3988
-2855	3984
-2858	3981
-2858	3974
-2860	3970
-2862	3965
-2860	3958
-2861	3952
-2864	3949
-2868	3946
-2860	3934
-2864	3931
-2868	3928
-2870	3923
-2877	3923
-2878	3918
-2872	3907
-2872	3901
-2880	3901
-2883	3898
-2886	3895
-2877	3882
-2880	3878
-2881	3873
-2884	3869
-2886	3865
-2882	3856
-2884	3852
-2887	3848
-2889	3844
-2889	3838
-2888	3831
-2890	3827
-2894	3824
-2893	3818
-2900	3817
-2903	3813
-2898	3804
-2907	3805
-2908	3800
-2910	3796
-2898	3781
-2900	3777
-2905	3775
-2910	3772
-2911	3767
-2910	3761
-2912	3757
-2911	3750
-2910	3744
-2911	3739
-2914	3736
-2915	3731
-2936	3740
-2917	3721
-2921	3718
-2924	3715
-2927	3711
-2928	3706
-2926	3699
-2920	3689
-2923	3686
-2933	3687
-2930	3680
-2928	3673
-2927	3667
-2917	3654
-2918	3649
-2936	3656
-2935	3650
-2922	3636
-2928	3634
-2934	3633
-2925	3621
-2927	3617
-2926	3611
-2925	3605
-2936	3607
-2929	3597
-2929	3591
-2928	3585
-2933	3583
-2934	3578
-2935	3574
-2936	3569
-2935	3563
-2924	3551
-2928	3548
-2927	3542
-2927	3536
-2928	3532
-2927	3526
-2925	3520
-2925	3514
-2927	3510
-2930	3507
-2932	3503
-2934	3499
-2939	3497
-2939	3491
-2945	3490
-2945	3485
-2940	3476
-2941	3472
-2940	3466
-2938	3460
-2937	3454
-2938	3449
-2938	3444
-2938	3439
-2937	3433
-2937	3428
-2938	3423
-2938	3419
-2938	3413
-2939	3409
-2939	3404
-2941	3399
-2942	3395
-2943	3390
-2939	3383
-2938	3378
-2937	3372
-2938	3368
-2937	3362
-2937	3357
-2935	3351
-2934	3345
-2934	3340
-2934	3335
-2936	3331
-2939	3328
-2941	3324
-2938	3318
-2937	3312
-2937	3307
-2933	3300
-2933	3295
-2933	3290
-2934	3285
-2935	3281
-2938	3278
-2936	3272
-2931	3265
-2929	3258
-2928	3253
-2927	3248
-2928	3243
-2928	3239
-2925	3232
-2925	3227
-2927	3224
-2931	3221
-2930	3215
-2928	3210
-2928	3205
-2929	3200
-2930	3196
-2930	3191
-2927	3185
-2928	3181
-2929	3176
-2931	3173
-2930	3167
-2929	3162
-2929	3158
-2924	3150
-2923	3145
-2924	3141
-2926	3137
-2927	3133
-2928	3129
-2932	3126
-2926	3118
-2926	3114
-2928	3110
-2929	3106
-2929	3101
-2927	3095
-2927	3091
-2926	3086
-2922	3079
-2922	3075
-2922	3070
-2917	3063
-2915	3058
-2914	3053
-2912	3047
-2911	3042
-2911	3037
-2914	3034
-2916	3030
-2913	3025
-2910	3019
-2909	3014
-2911	3010
-2908	3004
-2908	3000
-2908	2995
-2909	2991
-2907	2986
-2907	2981
-2907	2976
-2908	2973
-2907	2968
-2909	2964
-2906	2958
-2901	2952
-2897	2946
-2897	2941
-2899	2937
-2897	2932
-2895	2927
-2897	2923
-2897	2919
-2896	2914
-2892	2908
-2892	2903
-2893	2900
-2894	2896
-2894	2891
-2896	2888
-2897	2884
-2894	2878
-2894	2874
-2893	2869
-2889	2863
-2890	2859
-2891	2855
-2892	2851
-2889	2846
-2888	2841
-2886	2836
-2884	2831
-2884	2826
-2883	2822
-2882	2817
-2878	2811
-2877	2807
-2877	2802
-2877	2798
-2875	2793
-2886	2793
-2885	2788
-2880	2782
-2872	2775
-2870	2770
-2872	2767
-2871	2762
-2870	2757
-2874	2755
-2873	2750
-2872	2746
-2872	2741
-2871	2737
-2865	2730
-2864	2726
-2862	2721
-2858	2715
-2857	2711
-2858	2707
-2857	2703
-2859	2699
-2861	2696
-2859	2691
-2858	2686
-2860	2683
-2860	2679
-2862	2675
-2862	2671
-2853	2664
-2850	2659
-2847	2654
-2844	2649
-2845	2645
-2846	2641
-2846	2637
-2847	2633
-2846	2629
-2846	2625
-2846	2621
-2845	2617
-2839	2611
-2842	2607
-2842	2603
-2841	2599
-2839	2595
-2829	2587
-2831	2584
-2832	2580
-2832	2576
-2830	2572
-2831	2568
-2831	2564
-2833	2560
-2833	2556
-2828	2551
-2833	2549
-2831	2544
-2830	2540
-2828	2535
-2827	2531
-2829	2528
-2826	2523
-2826	2519
-2825	2514
-2822	2510
-2821	2506
-2819	2501
-2816	2496
-2815	2492
-2818	2489
-2818	2485
-2816	2481
-2814	2476
-2807	2470
-2804	2466
-2801	2461
-2799	2456
-2798	2452
-2797	2448
-2799	2445
-2792	2439
-2791	2435
-2790	2431
-2791	2427
-2790	2423
-2788	2419
-2792	2416
-2792	2412
-2790	2408
-2792	2405
-2781	2398
-2788	2396
-2787	2392
-2788	2388
-2784	2384
-2783	2380
-2777	2374
-2779	2371
-2783	2368
-2783	2364
-2783	2361
-2779	2356
-2779	2352
-2777	2348
-2779	2345
-2774	2340
-2773	2336
-2771	2331
-2768	2327
-2761	2322
-2764	2319
-2766	2315
-2765	2311
-2762	2307
-2769	2305
-2770	2301
-2766	2297
-2763	2292
-2762	2288
-2755	2283
-2756	2280
-2758	2276
-2758	2273
-2754	2268
-2756	2265
-2761	2262
-2758	2258
-2757	2254
-2757	2251
-2758	2247
-2754	2242
-2745	2237
-2747	2234
-2749	2231
-2748	2227
-2746	2223
-2743	2218
-2744	2215
-2743	2211
-2742	2207
-2742	2204
-2743	2200
-2744	2197
-2742	2193
-2738	2188
-2737	2184
-2737	2181
-2737	2177
-2738	2174
-2736	2170
-2736	2166
-2738	2163
-2737	2159
-2739	2156
-2739	2152
-2732	2148
-2733	2144
-2732	2140
-2731	2137
-2733	2133
-2730	2129
-2730	2126
-2730	2122
-2729	2118
-2725	2114
-2717	2109
-2716	2106
-2717	2102
-2718	2099
-2717	2095
-2718	2092
-2717	2088
-2716	2084
-2712	2080
-2711	2077
-2710	2073
-2710	2069
-2711	2066
-2712	2063
-2709	2059
-2705	2054
-2705	2051
-2706	2048
-2705	2044
-2707	2041
-2703	2037
-2704	2033
-2704	2030
-2703	2026
-2702	2022
-2702	2019
-2700	2015
-2700	2012
-2700	2008
-2698	2005
-2695	2001
-2695	1997
-2694	1993
-2692	1990
-2690	1986
-2692	1983
-2692	1979
-2691	1976
-2690	1972
-2689	1969
-2688	1965
-2687	1961
-2686	1958
-2687	1954
-2686	1951
-2682	1947
-2682	1944
-2683	1940
-2683	1937
-2681	1933
-2678	1929
-2676	1926
-2676	1922
-2676	1919
-2677	1916
-2676	1912
-2675	1909
-2674	1905
-2674	1902
-2674	1898
-2671	1894
-2670	1891
-2670	1887
-2666	1884
-2664	1880
-2666	1877
-2669	1874
-2668	1870
-2667	1867
-2665	1863
-2663	1860
-2662	1856
-2662	1853
-2661	1849
-2657	1846
-2658	1842
-2657	1839
-2657	1835
-2658	1832
-2657	1829
-2653	1825
-2652	1822
-2652	1818
-2651	1815
-2651	1811
-2651	1808
-2650	1805
-2649	1801
-2647	1798
-2644	1794
-2642	1791
-2643	1787
-2643	1784
-2642	1781
-2641	1777
-2641	1774
-2640	1770
-2640	1767
-2637	1763
-2636	1760
-2635	1757
-2634	1753
-2632	1750
-2633	1747
-2631	1743
-2630	1740
-2628	1736
-2627	1733
-2625	1730
-2624	1726
-2624	1723
-2621	1720
-2620	1716
-2619	1713
-2617	1709
-2616	1706
-2616	1703
-2615	1699
-2614	1696
-2614	1693
-2613	1689
-2612	1686
-2611	1683
-2610	1679
-2609	1676
-2607	1673
-2607	1669
-2606	1666
-2606	1663
-2604	1659
-2604	1656
-2602	1653
-2602	1650
-2602	1646
-2600	1643
-2598	1640
-2595	1636
-2594	1633
-2594	1630
-2594	1626
-2592	1623
-2591	1620
-2591	1617
-2591	1613
-2592	1610
-2590	1607
-2587	1604
-2587	1600
-2585	1597
-2584	1594
-2584	1590
-2583	1587
-2582	1584
-2581	1581
-2580	1577
-2580	1574
-2579	1571
-2578	1568
-2575	1564
-2574	1561
-2573	1558
-2572	1555
-2570	1552
-2568	1548
-2567	1545
-2568	1542
-2567	1539
-2566	1535
-2564	1532
-2564	1529
-2563	1526
-2564	1522
-2563	1519
-2558	1516
-2555	1513
-2553	1510
-2552	1507
-2550	1504
-2551	1500
-2555	1497
-2554	1494
-2548	1491
-2548	1487
-2545	1484
-2544	1481
-2545	1478
-2544	1475
-2542	1472
-2541	1468
-2542	1465
-2543	1462
-2540	1459
-2540	1455
-2538	1452
-2536	1449
-2536	1446
-2534	1443
-2531	1440
-2528	1437
-2527	1434
-2525	1431
-2526	1428
-2527	1424
-2525	1421
-2523	1418
-2523	1415
-2523	1412
-2522	1408
-2519	1405
-2518	1402
-2518	1399
-2518	1396
-2517	1393
-2515	1390
-2514	1387
-2512	1384
-2510	1381
-2510	1377
-2511	1374
-2510	1371
-2509	1368
-2508	1365
-2508	1361
-2506	1358
-2505	1355
-2506	1352
-2501	1349
-2500	1346
-2500	1343
-2500	1340
-2499	1336
-2499	1333
-2498	1330
-2498	1327
-2497	1324
-2496	1321
-2495	1318
-2494	1314
-2492	1311
-2493	1308
-2492	1305
-2491	1302
-2488	1299
-2488	1296
-2486	1293
-2486	1290
-2486	1286
-2483	1284
-2481	1281
-2481	1278
-2478	1275
-2475	1272
-2473	1269
-2474	1266
-2474	1262
-2474	1259
-2473	1256
-2471	1253
-2474	1249
-2471	1247
-2472	1243
-2469	1241
-2468	1238
-2466	1235
-2463	1232
-2462	1229
-2459	1226
-2458	1223
-2459	1220
-2459	1216
-2459	1213
-2459	1210
-2458	1207
-2456	1204
-2454	1201
-2453	1198
-2450	1195
-2448	1193
-2448	1189
-2447	1186
-2446	1183
-2445	1180
-2444	1177
-2442	1174
-2442	1171
-2441	1168
-2443	1164
-2442	1161
-2441	1158
-2438	1156
-2436	1153
-2436	1150
-2435	1147
-2437	1143
-2437	1140
-2434	1137
-2433	1134
-2432	1131
-2430	1128
-2430	1125
-2429	1122
-2428	1119
-2427	1116
-2426	1113
-2425	1110
-2425	1107
-2425	1103
-2422	1101
-2420	1098
-2422	1094
-2421	1091
-2419	1088
-2417	1085
-2417	1082
-2417	1079
-2416	1076
-2414	1073
-2412	1070
-2414	1066
-2411	1064
-2411	1061
-2412	1057
-2411	1054
-2408	1052
-2405	1049
-2404	1046
-2403	1043
-2403	1040
-2402	1037
-2399	1034
-2397	1032
-2397	1028
-2397	1025
-2399	1021
-2400	1018
-2399	1015
-2396	1012
-2394	1009
-2392	1007
-2390	1004
-2389	1001
-2388	998
-2388	995
-2387	992
-2386	989
-2387	985
-2384	983
-2383	980
-2384	976
-2384	973
-2380	970
-2379	968
-2377	965
-2379	961
-2378	958
-2377	955
-2376	952
-2375	949
-2373	946
-2371	943
-2369	941
-2368	938
-2369	934
-2363	933
-2365	929
-2364	926
-2364	922
-2364	919
-2362	916
-2358	914
-2356	912
-2355	909
-2355	905
-2355	902
-2352	900
-2351	897
-2351	893
-2351	890
-2348	888
-2348	884
-2349	881
-2347	878
-2345	875
-2342	873
-2339	871
-2338	868
-2337	865
-2337	861
-2338	858
-2340	854
-2339	851
-2337	848
-2336	845
-2332	843
-2330	840
-2330	837
-2330	833
-2329	830
-2327	828
-2327	825
-2327	821
-2324	819
-2321	817
-2319	814
-2319	810
-2320	807
-2319	804
-2317	801
-2315	798
-2315	795
-2312	793
-2310	790
-2310	787
-2310	783
-2309	780
-2308	777
-2309	774
-2309	770
-2308	767
-2307	764
-2306	761
-2305	758
-2305	755
-2302	752
-2299	750
-2297	748
-2297	744
-2297	741
-2296	738
-2296	734
-2295	731
-2295	728
-2295	725
-2292	722
-2290	719
-2291	716
-2290	712
-2288	710
-2288	707
-2287	704
-2286	700
-2285	697
-2283	695
-2282	692
-2281	689
-2279	686
-2277	683
-2276	681
-2274	678
-2274	674
-2275	671
-2273	668
-2269	666
-2268	663
-2269	659
-2268	656
-2268	653
-2268	649
-2266	647
-2264	644
-2265	640
-2264	637
-2262	634
-2259	632
-2258	629
-2259	625
-2257	622
-2256	619
-2255	617
-2255	613
-2255	610
-2253	607
-2252	604
-2252	600
-2252	597
-2250	594
-2249	591
-2248	588
-2246	585
-2245	582
-2245	579
-2243	576
-2242	573
-2241	570
-2240	567
-2239	564
-2238	561
-2237	557
-2236	554
-2235	551
-2233	549
-2230	546
-2229	544
-2228	540
-2227	537
-2226	534
-2224	531
-2226	527
-2224	524
-2222	521
-2222	518
-2222	514
-2220	512
-2218	509
-2217	506
-2218	502
-2215	500
-2214	497
-2212	494
-2211	491
-2211	487
-2210	484
-2208	482
-2207	479
-2206	475
-2209	470
-2207	467
-2206	465
-2203	462
-2204	458
-2203	455
-2202	452
-2202	448
-2199	446
-2198	443
-2196	440
-2194	437
-2195	434
-2192	431
-2193	427
-2190	425
-2188	422
-2187	419
-2186	416
-2185	413
-2188	407
-2186	404
-2183	403
-2182	399
-2181	396
-2179	394
-2176	392
-2175	388
-2175	385
-2174	382
-2173	378
-2173	375
-2172	371
-2170	369
-2169	365
-2168	362
-2168	358
-2167	355
-2167	352
-2165	349
-2164	346
-2165	341
-2165	337
-2163	335
-2158	334
-2157	331
-2157	326
-2159	321
-2161	317
-2158	314
-2154	313
-2142	317
-2137	317
-2133	315
-2128	315
-2124	314
-2121	311
-2118	310
-2113	309
-2110	307
-2107	305
-2105	303
-2104	299
-2105	295
-2104	292
-2103	288
-2100	286
-2099	283
-2098	280
-2097	277
-2096	273
-2095	270
-2095	266
-2094	263
-2092	260
-2089	258
-2091	253
-2090	250
-2088	248
-2086	245
-2087	240
-2084	238
-2084	235
-2082	232
-2081	229
-2075	228
-2076	224
-2076	220
-2074	218
-2074	213
-2075	208
-2075	204
-2075	201
-2074	197
-2071	195
-2069	193
-2068	189
-2067	186
-2065	183
-2063	180
-2061	178
-2060	175
-2060	171
-2060	166
-2059	163
-2056	161
-2055	158
-2055	153
-2055	150
-2053	147
-2050	145
-2050	141
-2051	136
-2050	133
-2044	133
-2042	130
-2042	126
-2039	124
-2037	122
-2038	117
-2040	111
-2039	107
-2038	104
-2034	103
-2033	99
-2032	96
-2030	93
-2031	89
-2029	85
-2028	82
-2026	80
-2025	76
-2024	73
-2024	68
-2021	66
-2021	62
-2020	59
-2019	55
-2016	53
-2014	51
-2013	47
-2012	44
-2012	39
-2010	36
-2008	34
-2007	30
-2005	28
-2005	23
-2003	20
-2002	17
-2000	14
-2001	9
-1999	6
-1996	4
-1998	-2
-1997	-5
-1996	-9
-1994	-12
-1992	-14
-1990	-18
-1988	-20
-1985	-22
-1985	-26
-1983	-29
-1981	-32
-1981	-37
-1980	-40
-1979	-44
-1979	-48
-1980	-53
-1977	-56
-1975	-58
-1973	-61
-1970	-63
-1967	-64
-1967	-69
-1967	-74
-1966	-78
-1966	-82
-1963	-84
-1961	-87
-1959	-89
-1958	-93
-1957	-97
-1954	-99
-1953	-103
-1955	-109
-1953	-112
-1950	-114
-1948	-117
-1945	-118
-1942	-120
-1938	-121
-1934	-122
-1929	-122
-1922	-120
-1906	-109
-1902	-110
-1897	-110
-1891	-109
-1885	-108
-1883	-110
-1881	-113
-1876	-113
-1873	-114
-1869	-115
-1865	-116
-1861	-117
-1856	-117
-1853	-118
-1849	-119
-1847	-121
-1843	-123
-1842	-126
-1841	-129
-1839	-132
-1837	-135
-1836	-139
-1832	-139
-1830	-142
-1812	-128
-1803	-124
-1800	-125
-1796	-126
-1793	-128
-1794	-134
-1796	-140
-1796	-145
-1792	-146
-1784	-141
-1779	-141
-1777	-144
-1773	-144
-1768	-144
-1765	-145
-1763	-148
-1739	-127
-1734	-127
-1733	-130
-1739	-141
-1734	-141
-1730	-141
-1723	-138
-1713	-132
-1706	-129
-1702	-129
-1699	-131
-1697	-133
-1695	-136
-1692	-137
-1689	-139
-1687	-141
-1683	-142
-1678	-141
-1674	-141
-1668	-139
-1658	-132
-1651	-130
-1648	-130
-1644	-131
-1639	-130
-1635	-130
-1633	-133
-1632	-136
-1628	-137
-1623	-136
-1619	-136
-1615	-135
-1610	-135
-1606	-135
-1602	-135
-1595	-132
-1589	-129
-1585	-130
-1583	-132
-1579	-131
-1574	-131
-1573	-134
-1570	-136
-1567	-137
-1576	-152
-1576	-158
-1568	-152
-1561	-149
-1557	-149
-1553	-149
-1548	-148
-1536	-138
-1535	-141
-1531	-141
-1532	-147
-1524	-142
-1505	-123
-1501	-123
-1498	-125
-1496	-126
-1494	-128
-1491	-129
-1488	-131
-1485	-132
-1482	-133
-1471	-123
-1469	-126
-1468	-130
-1467	-134
-1465	-135
-1462	-137
-1462	-142
-1461	-146
-1459	-148
-1456	-149
-1453	-150
-1447	-147
-1442	-146
-1438	-145
-1433	-143
-1428	-142
-1425	-143
-1420	-141
-1414	-138
-1412	-140
-1410	-142
-1407	-143
-1406	-147
-1404	-149
-1403	-154
-1403	-158
-1400	-159
-1394	-156
-1389	-154
-1385	-153
-1381	-154
-1378	-154
-1374	-154
-1371	-154
-1367	-154
-1362	-152
-1358	-151
-1355	-152
-1352	-152
-1347	-151
-1343	-150
-1339	-150
-1335	-149
-1332	-150
-1328	-149
-1324	-149
-1321	-149
-1317	-148
-1313	-148
-1310	-148
-1309	-152
-1307	-154
-1304	-155
-1300	-155
-1299	-158
-1297	-161
-1295	-163
-1293	-166
-1293	-170
-1293	-175
-1292	-180
-1290	-181
-1284	-179
-1280	-177
-1276	-177
-1273	-177
-1269	-177
-1266	-177
-1263	-177
-1258	-175
-1255	-175
-1252	-176
-1249	-177
-1246	-177
-1243	-179
-1241	-180
-1237	-179
-1231	-176
-1228	-177
-1225	-177
-1222	-178
-1220	-179
-1217	-180
-1213	-179
-1208	-177
-1205	-177
-1201	-177
-1198	-176
-1194	-175
-1190	-174
-1187	-176
-1185	-178
-1181	-177
-1177	-175
-1174	-176
-1172	-178
-1170	-180
-1167	-180
-1163	-180
-1160	-179
-1155	-177
-1152	-177
-1149	-178
-1146	-179
-1143	-179
-1139	-178
-1137	-180
-1133	-179
-1129	-176
-1124	-174
-1121	-175
-1119	-177
-1117	-179
-1113	-178
-1110	-177
-1107	-178
-1105	-180
-1102	-180
-1098	-180
-1095	-180
-1092	-181
-1089	-179
-1085	-179
-1081	-178
-1078	-178
-1075	-178
-1072	-177
-1069	-179
-1066	-179
-1064	-180
-1061	-181
-1057	-180
-1054	-180
-1051	-179
-1048	-181
-1046	-182
-1041	-178
-1037	-177
-1035	-180
-1032	-179
-1028	-178
-1025	-178
-1022	-177
-1018	-177
-1015	-177
-1012	-177
-1009	-177
-1006	-177
-1004	-180
-1002	-181
-999	-182
-996	-181
-992	-180
-985	-170
-979	-164
-977	-167
-971	-161
-966	-156
-962	-155
-957	-151
-953	-149
-950	-149
-947	-149
-944	-149
-943	-152
-942	-158
-942	-163
-942	-170
-940	-172
-937	-171
-935	-174
-933	-175
-930	-175
-927	-175
-924	-176
-914	-161
-912	-163
-911	-167
-910	-171
-909	-175
-907	-177
-905	-178
-896	-165
-891	-161
-888	-160
-884	-158
-881	-157
-878	-157
-875	-157
-872	-157
-870	-159
-867	-160
-863	-156
-859	-153
-861	-166
-781	-2
-778	-1
-775	-1
-772	-0
-769	1
-767	1
-764	1
-761	3
-758	3
-756	2
-753	2
-751	1
-748	2
-745	2
-743	2
-741	-0
-738	1
-736	0
-734	-2
-734	-9
-734	-16
-732	-17
-728	-13
-724	-8
-721	-7
-721	-13
-720	-18
-718	-21
-718	-26
-747	-131
-746	-135
-745	-140
-743	-143
-740	-143
-738	-144
-735	-145
-733	-145
-731	-147
-729	-148
-726	-149
-724	-150
-721	-151
-719	-152
-717	-153
-714	-153
-712	-155
-710	-156
-707	-156
-704	-157
-702	-158
-700	-159
-697	-158
-694	-158
-691	-158
-689	-158
-685	-156
-683	-158
-682	-163
-681	-169
-682	-177
-680	-182
-678	-182
-675	-183
-673	-185
-671	-186
-668	-185
-665	-185
-662	-184
-659	-184
-657	-185
-655	-186
-652	-186
-649	-186
-637	-154
-634	-153
-631	-153
-628	-153
-625	-152
-622	-151
-620	-151
-617	-150
-614	-149
-611	-149
-609	-149
-607	-150
-604	-151
-603	-154
-603	-167
-604	-179
-604	-188
-602	-190
-600	-191
-597	-191
-595	-191
-592	-191
-589	-191
-586	-187
-581	-180
-576	-173
-573	-170
-570	-170
-568	-169
-565	-168
-562	-169
-560	-170
-558	-173
-557	-179
-555	-183
-553	-186
-550	-183
-548	-183
-545	-185
-543	-186
-540	-186
-538	-186
-535	-185
-532	-184
-530	-184
-527	-185
-525	-186
-523	-187
-520	-188
-517	-186
-514	-186
-512	-185
-509	-184
-506	-185
-504	-185
-501	-184
-498	-184
-496	-183
-493	-184
-491	-184
-488	-184
-485	-184
-483	-185
-481	-185
-478	-184
-475	-185
-473	-184
-470	-184
-468	-184
-465	-184
-463	-185
-460	-186
-458	-187
-455	-186
-452	-186
-450	-186
-447	-185
-444	-184
-442	-186
-440	-185
-437	-186
-435	-186
-432	-186
-430	-186
-427	-188
-425	-188
-422	-187
-419	-186
-417	-186
-414	-187
-412	-185
-409	-185
-407	-185
-404	-186
-401	-184
-399	-185
-396	-185
-394	-185
-391	-186
-389	-187
-386	-186
-384	-185
-381	-186
-379	-186
-376	-187
-374	-185
-371	-184
-368	-184
-366	-185
-364	-186
-361	-184
-358	-184
-356	-185
-353	-185
-351	-185
-348	-185
-346	-185
-343	-186
-341	-184
-338	-184
-336	-186
-333	-184
-331	-184
-328	-184
-326	-184
-323	-184
-321	-185
-318	-185
-316	-182
-313	-183
-311	-183
-308	-184
-306	-184
-303	-183
-301	-184
-298	-185
-296	-185
-293	-185
-291	-185
-288	-184
-286	-183
-283	-184
-281	-184
-278	-184
-276	-186
-274	-187
-271	-187
-269	-186
-266	-185
-263	-185
-261	-183
-258	-181
-256	-183
-253	-183
-251	-181
-248	-180
-246	-182
-244	-185
-241	-184
-239	-184
-236	-185
-234	-186
-231	-186
-229	-186
-226	-186
-224	-187
-221	-178
-218	-178
-216	-179
-214	-179
-211	-178
-209	-180
-207	-184
-204	-185
-202	-185
-199	-186
-197	-186
-194	-185
-192	-184
-189	-183
-187	-183
-184	-183
-182	-184
-179	-184
-177	-184
-174	-184
-172	-185
-170	-184
-167	-183
-164	-182
-162	-182
-160	-183
-157	-183
-155	-184
-152	-183
-150	-183
-147	-183
-145	-183
-142	-184
-140	-184
-138	-184
-135	-184
-133	-183
-130	-183
-128	-183
-125	-184
-123	-184
-120	-184
-118	-184
-115	-184
-113	-184
-111	-183
-108	-183
-106	-184
-103	-184
-101	-184
-98	-184
-96	-167
-93	-164
-91	-164
-88	-164
-86	-160
-83	-153
-81	-150
-78	-148
-76	-147
-71	-149
-69	-152
-66	-153
-64	-155
-61	-160
-59	-173
-57	-185
-54	-185
-52	-185
-49	-184
-47	-185
-44	-185
-42	-184
-39	-184
-37	-184
-34	-186
-32	-187
-29	-187
-27	-187
-25	-187
-22	-186
-20	-185
-17	-185
-15	-186
-12	-185
-10	-185
-7	-184
-5	-184
-2	-185
-0	-185
2	-184
5	-183
7	-183
10	-184
12	-184
15	-183
17	-184
20	-184
22	-184
25	-184
27	-184
29	-184
32	-185
34	-185
37	-185
39	-185
42	-185
44	-185
47	-186
49	-186
52	-186
54	-185
57	-185
59	-184
61	-184
64	-184
66	-184
69	-184
71	-185
74	-185
76	-186
79	-187
81	-186
84	-185
86	-184
89	-184
91	-185
94	-185
96	-185
99	-185
101	-185
104	-186
106	-185
108	-184
111	-185
113	-185
116	-184
118	-185
121	-185
123	-185
126	-185
128	-184
131	-186
133	-185
136	-184
138	-185
141	-186
143	-187
146	-187
149	-188
151	-187
153	-187
156	-187
158	-187
161	-187
163	-186
166	-185
168	-185
171	-184
173	-185
176	-186
178	-185
181	-186
183	-187
186	-187
188	-185
191	-185
193	-184
196	-185
198	-185
201	-184
203	-185
206	-185
208	-184
211	-185
213	-185
216	-184
218	-185
221	-186
223	-184
225	-184
228	-185
231	-186
233	-186
236	-184
238	-185
241	-184
243	-184
246	-185
248	-185
251	-187
254	-187
256	-187
259	-185
261	-186
263	-185
266	-185
269	-186
272	-189
274	-188
277	-187
279	-188
282	-187
284	-188
287	-187
289	-186
292	-188
294	-187
297	-187
299	-186
302	-187
304	-186
307	-186
310	-187
312	-187
315	-187
317	-188
320	-186
323	-188
325	-188
328	-189
330	-187
332	-186
335	-185
338	-186
340	-187
343	-187
346	-187
348	-186
350	-185
353	-185
356	-186
358	-186
361	-187
364	-188
366	-187
369	-187
371	-185
373	-183
376	-183
379	-184
381	-185
384	-186
387	-189
390	-188
392	-187
395	-187
397	-186
400	-186
402	-186
405	-186
407	-185
410	-184
412	-184
416	-187
418	-187
421	-186
423	-187
426	-188
429	-186
431	-187
434	-187
437	-186
439	-187
442	-188
445	-189
447	-188
450	-187
452	-185
455	-185
457	-184
460	-184
463	-185
465	-186
468	-186
471	-186
473	-185
476	-186
479	-185
481	-184
484	-185
486	-184
489	-184
492	-185
495	-186
497	-184
500	-184
502	-184
505	-185
508	-186
511	-185
513	-185
516	-184
518	-184
522	-186
524	-185
526	-184
529	-183
532	-184
535	-185
537	-184
540	-185
543	-186
546	-186
548	-184
549	-178
549	-171
551	-168
553	-165
554	-162
556	-159
558	-157
560	-155
563	-154
565	-155
568	-156
572	-158
575	-160
578	-161
582	-163
585	-165
589	-168
592	-169
595	-170
597	-169
600	-168
602	-167
605	-166
608	-166
610	-165
612	-164
615	-164
617	-163
620	-162
628	-177
631	-178
634	-179
637	-180
640	-179
643	-179
645	-179
648	-178
650	-177
653	-176
655	-175
658	-174
661	-174
663	-174
666	-175
669	-175
671	-173
671	-166
671	-158
673	-157
677	-158
680	-159
683	-159
684	-154
686	-154
690	-156
693	-158
696	-157
698	-156
701	-156
704	-156
707	-155
709	-153
711	-152
714	-151
716	-150
719	-150
721	-149
724	-148
726	-147
728	-146
731	-146
734	-145
736	-144
738	-143
741	-142
743	-140
744	-137
745	-131
745	-125
745	-118
746	-115
747	-112
721	-24
721	-17
720	-9
721	-6
722	-3
724	-1
726	-0
729	0
732	0
734	0
737	0
740	1
742	1
754	-1
759	-5
775	-9
774	-3
775	0
778	0
781	1
869	-146
872	-146
877	-149
881	-151
884	-150
885	-147
887	-144
888	-142
891	-141
893	-139
895	-137
898	-137
901	-138
907	-143
935	-189
938	-189
940	-187
945	-190
948	-191
951	-190
954	-190
957	-188
960	-189
963	-187
966	-188
969	-188
972	-188
975	-187
978	-187
981	-185
983	-184
986	-184
989	-182
992	-183
995	-182
997	-180
1000	-180
1003	-180
1006	-178
1009	-179
1013	-180
1017	-180
1020	-180
1023	-180
1026	-179
1028	-178
1030	-176
1034	-176
1039	-179
1042	-179
1046	-179
1048	-178
1051	-177
1055	-177
1059	-179
1062	-178
1064	-176
1067	-177
1072	-179
1075	-179
1078	-178
1082	-178
1086	-180
1090	-181
1093	-181
1096	-180
1099	-179
1102	-179
1105	-178
1108	-176
1110	-174
1112	-173
1117	-174
1120	-174
1123	-173
1124	-170
1126	-167
1128	-166
1131	-164
1132	-161
1148	-180
1151	-179
1132	-145
1136	-145
1143	-151
1155	-164
1166	-175
1170	-177
1173	-176
1177	-177
1181	-178
1184	-177
1186	-174
1188	-172
1196	-178
1197	-174
1199	-172
1202	-171
1205	-170
1208	-169
1211	-169
1214	-168
1216	-166
1219	-165
1222	-164
1226	-164
1229	-164
1232	-163
1236	-163
1240	-163
1243	-163
1249	-165
1255	-169
1257	-167
1259	-165
1262	-163
1264	-161
1266	-159
1268	-157
1271	-156
1273	-153
1274	-151
1277	-149
1282	-151
1285	-150
1288	-149
1293	-151
1296	-150
1300	-149
1303	-149
1307	-149
1312	-150
1322	-159
1329	-164
1332	-163
1334	-160
1336	-158
1340	-158
1342	-156
1346	-156
1348	-153
1351	-153
1357	-155
1367	-163
1370	-162
1372	-160
1376	-159
1387	-169
1389	-167
1396	-170
1399	-169
1398	-163
1392	-150
1391	-145
1392	-140
1393	-137
1395	-134
1398	-133
1401	-132
1405	-132
1408	-131
1412	-132
1420	-136
1434	-149
1440	-151
1444	-150
1447	-149
1439	-135
1439	-130
1441	-128
1442	-124
1443	-120
1445	-118
1450	-119
1461	-128
1470	-133
1473	-132
1502	-161
1479	-129
1482	-128
1487	-128
1490	-128
1493	-127
1513	-145
1519	-147
1521	-145
1524	-143
1527	-141
1531	-142
1537	-143
1541	-143
1546	-144
1551	-144
1552	-142
1553	-138
1560	-140
1571	-148
1576	-149
1578	-146
1582	-146
1589	-149
1596	-151
1602	-154
1612	-159
1609	-152
1611	-148
1613	-146
1616	-145
1620	-144
1624	-144
1629	-145
1636	-148
1638	-144
1641	-143
1645	-142
1651	-144
1653	-141
1655	-139
1658	-137
1660	-135
1667	-137
1671	-137
1677	-138
1681	-137
1685	-137
1686	-133
1688	-131
1691	-128
1694	-127
1696	-124
1698	-121
1700	-119
1702	-116
1705	-114
1709	-113
1714	-115
1726	-122
1735	-126
1737	-123
1738	-120
1740	-116
1742	-114
1746	-113
1752	-115
1756	-114
1760	-113
1765	-113
1771	-115
1777	-116
1783	-117
1792	-121
1802	-126
1808	-127
1810	-124
1811	-121
1813	-117
1816	-116
1821	-115
1833	-123
1844	-128
1845	-124
1849	-123
1862	-131
1867	-131
1864	-123
1864	-119
1865	-115
1866	-111
1867	-107
1871	-106
1876	-106
1881	-106
1884	-104
1889	-104
1893	-103
1898	-103
1907	-106
1915	-108
1923	-111
1930	-113
1931	-109
1931	-104
1934	-102
1937	-100
1938	-97
1939	-93
1942	-91
1947	-90
1952	-90
1956	-89
1961	-88
1967	-89
1973	-90
1977	-89
1982	-88
1987	-87
1993	-88
2000	-89
2001	-86
2004	-84
2011	-85
2019	-87
2022	-85
2023	-81
2027	-79
2030	-78
2033	-76
2037	-74
2038	-70
2040	-68
2044	-66
2050	-66
2060	-69
2068	-72
2074	-72
2080	-73
2085	-72
2088	-69
2091	-67
2096	-66
2102	-67
2106	-65
2112	-65
2119	-66
2129	-70
2134	-69
2137	-66
2147	-70
2152	-69
2155	-67
2161	-67
2167	-67
2173	-67
2183	-70
2188	-69
2193	-68
2198	-67
2200	-64
2202	-61
2208	-60
2215	-61
2224	-64
2230	-64
2241	-67
2247	-67
2237	-55
2251	-60
2253	-57
2259	-57
2263	-55
2265	-52
2267	-48
2269	-45
2284	-52
2292	-53
2293	-49
2290	-42
2289	-37
2294	-35
2300	-35
2307	-35
2311	-34
2317	-33
2326	-34
2331	-34
2334	-31
2337	-28
2340	-26
2344	-24
2348	-22
2351	-19
2352	-16
2355	-13
2354	-7
2355	-3
2361	-2
2364	-0
2366	3
2366	8
2363	15
2364	19
2367	21
2368	26
2370	29
2370	34
2372	37
2372	41
2373	45
2370	52
2370	57
2369	62
2367	68
2368	72
2371	75
2373	78
2373	82
2370	89
2369	94
2371	97
2371	101
2374	104
2373	109
2371	115
2372	119
2374	122
2374	127
2373	132
2369	139
2369	144
2371	147
2374	150
2375	153
2376	157
2377	161
2378	165
2379	169
2377	175
2376	179
2375	184
2376	188
2379	190
2380	194
2378	200
2379	204
2379	208
2378	213
2379	217
2381	220
2383	223
2383	228
2383	232
2384	236
2386	239
2387	242
2388	246
2388	251
2388	255
2388	259
2388	264
2390	267
2389	271
2388	276
2390	279
2392	283
2393	286
2391	292
2391	296
2392	299
2394	303
2396	306
2395	311
2395	315
2395	319
2398	322
2398	326
2397	331
2397	335
2398	338
2399	342
2400	346
2401	350
2400	354
2398	359
2398	364
2399	367
2402	370
2403	373
2404	377
2403	382
2403	386
2404	389
2406	393
2407	396
2408	400
2409	403
2410	407
2408	412
2408	416
2410	419
2411	423
2412	426
2413	430
2412	435
2411	439
2411	443
2414	446
2415	449
2416	453
2416	457
2418	460
2417	465
2418	468
2418	472
2419	476
2419	480
2419	484
2417	489
2419	492
2423	494
2422	498
2422	502
2422	506
2422	510
2424	514
2423	518
2423	522
2424	525
2425	529
2427	532
2426	536
2425	541
2427	544
2428	547
2428	551
2428	555
2431	558
2431	562
2430	566
2431	570
2431	573
2431	577
2433	580
2439	581
2446	582
2451	584
2455	586
2460	588
2464	590
2473	590
2473	594
2475	597
2475	601
2477	604
2478	608
2479	612
2479	615
2480	619
2481	622
2480	627
2480	631
2481	634
2482	638
2481	642
2482	645
2481	649
2484	652
2484	656
2484	660
2484	664
2485	667
2487	671
2488	674
2489	677
2488	682
2486	686
2488	690
2493	691
2495	694
2494	698
2494	703
2494	706
2495	710
2497	713
2497	717
2497	720
2498	724
2499	727
2498	731
2501	735
2501	738
2502	742
2503	745
2503	749
2503	753
2502	757
2504	760
2506	763
2506	767
2505	771
2507	774
2508	778
2508	781
2508	785
2509	788
2512	791
2511	795
2510	799
2511	803
2512	807
2511	811
2512	814
2513	817
2514	821
2513	825
2514	828
2517	831
2519	834
2520	838
2521	841
2521	845
2522	848
2523	851
2524	855
2525	859
2525	862
2527	865
2528	869
2529	872
2529	876
2528	880
2529	883
2529	887
2528	891
2529	895
2530	898
2530	902
2531	905
2533	908
2533	912
2534	915
2536	918
2537	922
2536	926
2536	929
2536	933
2537	936
2537	940
2539	943
2540	947
2540	950
2539	954
2540	958
2540	961
2540	965
2540	969
2543	972
2545	975
2545	979
2546	982
2545	986
2547	989
2547	992
2549	996
2550	999
2551	1002
2551	1006
2551	1010
2551	1013
2554	1016
2554	1020
2553	1024
2554	1027
2556	1030
2555	1034
2555	1038
2555	1042
2556	1045
2556	1049
2557	1052
2558	1055
2559	1059
2559	1062
2559	1066
2560	1069
2560	1073
2560	1077
2562	1080
2564	1083
2565	1087
2565	1090
2564	1094
2564	1098
2566	1101
2567	1104
2568	1107
2569	1111
2570	1114
2570	1118
2570	1121
2572	1125
2571	1129
2570	1132
2571	1136
2572	1139
2572	1143
2571	1146
2572	1150
2573	1153
2575	1157
2576	1160
2577	1163
2579	1167
2577	1170
2578	1174
2579	1177
2579	1181
2580	1184
2581	1188
2581	1191
2582	1195
2583	1198
2582	1202
2583	1205
2584	1209
2583	1212
2583	1216
2585	1219
2585	1223
2585	1226
2585	1230
2586	1233
2587	1237
2589	1240
2589	1244
2588	1247
2588	1251
2589	1254
2590	1258
2591	1261
2593	1264
2595	1268
2594	1271
2592	1275
2592	1279
2593	1282
2593	1286
2593	1289
2593	1293
2595	1296
2595	1299
2597	1303
2595	1307
2595	1310
2595	1314
2597	1317
2598	1320
2598	1324
2598	1328
2600	1331
2599	1334
2600	1338
2600	1341
2601	1345
2601	1348
2602	1352
2602	1355
2602	1359
2603	1362
2603	1366
2604	1369
2603	1373
2603	1377
2604	1380
2604	1383
2605	1387
2604	1391
2603	1394
2603	1398
2606	1401
2607	1404
2607	1408
2608	1411
2609	1415
2607	1419
2608	1422
2608	1426
2606	1429
2609	1433
2611	1436
2611	1439
2612	1443
2612	1446
2612	1450
2614	1453
2614	1457
2611	1461
2612	1464
2613	1467
2613	1471
2613	1474
2615	1478
2615	1481
2615	1485
2616	1488
2617	1492
2617	1495
2618	1499
2618	1502
2618	1506
2619	1509
2620	1513
2619	1516
2619	1520
2620	1523
2620	1527
2620	1530
2619	1534
2620	1538
2620	1541
2621	1545
2621	1548
2621	1552
2622	1555
2623	1559
2624	1562
2623	1566
2623	1569
2623	1573
2625	1576
2625	1580
2626	1583
2625	1587
2625	1590
2625	1594
2626	1597
2627	1601
2627	1604
2628	1608
2627	1611
2627	1615
2627	1618
2627	1622
2628	1625
2628	1629
2630	1632
2628	1636
2630	1639
2631	1643
2631	1646
2632	1650
2632	1653
2632	1657
2633	1661
2633	1664
2633	1668
2633	1671
