2580	1681
2580	1684
2581	1688
2581	1691
2582	1695
2581	1698
2583	1705
2584	1709
2584	1712
2584	1715
2584	1719
2585	1722
2585	1726
2586	1729
2587	1733
2588	1736
2587	1740
2587	1743
2586	1747
2586	1750
2588	1754
2590	1757
2591	1761
2591	1764
2591	1768
2592	1771
2592	1775
2592	1778
2592	1782
2592	1785
2593	1789
2595	1792
2595	1796
2594	1799
2593	1803
2596	1806
2597	1810
2598	1813
2598	1817
2598	1820
2599	1824
2601	1828
2601	1831
2602	1835
2601	1838
2600	1841
2598	1845
2598	1848
2599	1852
2602	1856
2602	1859
2602	1863
2603	1866
2604	1870
2606	1873
2607	1877
2607	1881
2606	1884
2606	1888
2606	1891
2607	1895
2610	1898
2609	1902
2610	1905
2612	1909
2612	1913
2613	1916
2614	1920
2616	1924
2617	1927
2620	1931
2622	1935
2622	1938
2622	1942
2623	1946
2625	1949
2626	1953
2626	1956
2624	1960
2625	1964
2624	1967
2626	1971
2627	1974
2628	1978
2628	1982
2629	1985
2628	1989
2629	1992
2629	1996
2630	2000
2629	2003
2630	2007
2630	2010
2630	2014
2631	2018
2630	2021
2631	2025
2631	2029
2632	2032
2633	2036
2634	2040
2636	2044
2636	2047
2635	2051
2635	2054
2636	2058
2636	2062
2637	2065
2636	2069
2637	2073
2637	2076
2638	2080
2638	2084
2639	2087
2639	2091
2640	2095
2641	2098
2639	2102
2639	2105
2638	2109
2640	2113
2641	2117
2642	2120
2640	2124
2643	2128
2643	2131
2643	2135
2643	2139
2641	2142
2641	2146
2643	2150
2642	2153
2642	2157
2642	2161
2642	2164
2641	2168
2641	2171
2642	2175
2644	2179
2645	2183
2643	2186
2642	2190
2643	2194
2645	2198
2648	2202
2649	2206
2649	2210
2649	2213
2650	2217
2650	2221
2650	2225
2650	2228
2650	2232
2649	2235
2649	2239
2649	2243
2648	2246
2648	2250
2647	2254
2651	2258
2653	2262
2651	2266
2652	2269
2653	2273
2652	2277
2650	2280
2649	2284
2648	2287
2650	2291
2651	2295
2652	2299
2652	2303
2650	2306
2651	2310
2654	2315
2655	2319
2655	2322
2655	2326
2654	2330
2653	2333
2653	2337
2655	2341
2657	2346
2656	2349
2656	2353
2658	2357
2658	2361
2657	2364
2659	2369
2659	2373
2656	2376
2656	2379
2658	2384
2657	2387
2656	2391
2657	2395
2658	2399
2660	2403
2661	2407
2661	2411
2662	2415
2663	2419
2665	2424
2666	2428
2665	2431
2663	2435
2664	2439
2665	2443
2665	2447
2665	2451
2668	2455
2668	2459
2667	2463
2671	2468
2669	2471
2666	2474
2666	2478
2668	2482
2668	2486
2667	2490
2669	2494
2671	2499
2673	2503
2674	2507
2674	2511
2674	2515
2674	2519
2673	2523
2675	2527
2676	2532
2679	2536
2678	2540
2677	2544
2678	2548
2679	2552
2679	2556
2679	2560
2680	2565
2680	2568
2680	2572
2678	2576
2677	2579
2676	2583
2682	2589
2682	2593
2681	2597
2682	2601
2681	2605
2680	2608
2680	2612
2681	2617
2681	2621
2681	2625
2681	2629
2681	2633
2681	2637
2680	2640
2681	2645
2683	2650
2683	2654
2685	2658
2682	2661
2681	2665
2682	2669
2683	2674
2684	2678
2683	2682
2682	2686
2683	2690
2682	2694
2682	2698
2683	2703
2684	2707
2685	2711
2686	2716
2686	2720
2687	2724
2690	2730
2691	2734
2690	2738
2689	2742
2690	2746
2691	2751
2690	2755
2689	2758
2690	2763
2692	2768
2692	2772
2691	2776
2689	2779
2691	2784
2692	2789
2692	2793
2691	2797
2692	2801
2692	2805
2692	2810
2692	2814
2692	2818
2693	2822
2692	2826
2691	2830
2692	2835
2693	2840
2692	2844
2695	2849
2699	2855
2700	2859
2699	2863
2699	2868
2699	2872
2698	2876
2698	2880
2698	2884
2700	2890
2699	2894
2698	2897
2699	2902
2699	2906
2700	2911
2702	2917
2703	2921
2700	2924
2697	2927
2698	2932
2698	2936
2698	2941
2698	2945
2697	2949
2696	2953
2697	2958
2697	2962
2701	2968
2702	2973
2702	2978
2699	2981
2696	2984
2696	2988
2697	2993
2699	2998
2700	3003
2701	3008
2701	3013
2701	3017
2700	3021
2700	3026
2699	3030
2699	3034
2700	3039
2701	3044
2700	3048
2699	3052
2700	3057
2701	3062
2702	3067
2704	3072
2702	3076
2699	3079
2698	3083
2698	3088
2697	3092
2696	3096
2702	3103
2698	3106
2679	3101
2659	3095
2649	3094
2644	3096
2639	3098
2636	3101
2634	3104
2633	3108
2633	3113
2632	3117
2635	3123
2693	3163
2699	3171
2700	3176
2700	3181
2701	3186
2703	3192
2705	3198
2705	3202
2704	3206
2701	3210
2701	3215
2701	3219
2699	3223
2699	3227
2698	3232
2696	3235
2700	3242
2699	3246
2697	3250
2698	3256
2697	3260
2697	3264
2697	3269
2698	3275
2698	3280
2696	3283
2695	3287
2694	3291
2695	3297
2695	3302
2692	3305
2694	3311
2697	3318
2698	3323
2698	3328
2696	3332
2693	3335
2694	3340
2692	3344
2691	3349
2690	3353
2688	3356
2688	3361
2691	3368
2690	3373
2690	3378
2690	3383
2690	3387
2688	3391
2687	3396
2688	3401
2688	3406
2686	3410
2685	3414
2685	3419
2686	3425
2686	3430
2685	3435
2685	3440
2685	3444
2685	3450
2683	3454
2682	3458
2683	3464
2681	3468
2681	3473
2683	3479
2680	3482
2680	3487
2680	3492
2679	3497
2679	3502
2679	3507
2677	3511
2676	3516
2676	3521
2676	3526
2677	3532
2677	3537
2676	3542
2676	3547
2676	3552
2674	3556
2672	3560
2670	3564
2670	3569
2669	3573
2665	3576
2664	3581
2664	3586
2664	3592
2663	3596
2661	3600
2660	3605
2659	3610
2658	3614
2656	3618
2655	3623
2654	3627
2653	3632
2653	3637
2651	3641
2648	3644
2648	3650
2648	3656
2652	3663
2649	3667
2646	3670
2646	3676
2645	3680
2643	3685
2642	3689
2642	3695
2640	3698
2637	3702
2633	3705
2632	3709
2631	3714
2630	3719
2629	3724
2633	3732
2633	3738
2632	3742
2630	3746
2629	3751
2629	3757
2629	3762
2628	3768
2627	3772
2626	3777
2625	3782
2625	3787
2621	3790
2619	3794
2621	3802
2621	3807
2619	3812
2618	3816
2618	3822
2615	3825
2611	3828
2611	3834
2610	3839
2610	3844
2610	3850
2607	3854
2608	3860
2606	3865
2603	3868
2594	3867
2590	3869
2587	3872
2583	3875
2580	3878
2579	3883
2586	3895
2594	3907
2593	3912
2592	3917
2590	3922
2589	3927
2589	3933
2587	3937
2585	3942
2582	3945
2580	3949
2578	3953
2576	3957
2574	3962
2574	3968
2575	3975
2575	3981
2574	3986
2571	3990
2569	3994
2568	3999
2567	4004
2564	4008
2563	4013
2564	4020
2564	4026
2563	4031
2561	4036
2561	4042
2558	4046
2556	4050
2554	4055
2554	4061
2552	4065
2551	4071
2549	4075
2547	4080
2546	4085
2544	4089
2545	4096
2542	4100
2540	4105
2539	4110
2538	4115
2537	4121
2534	4125
2532	4129
2530	4134
2530	4140
2529	4146
2528	4151
2527	4157
2526	4162
2525	4167
2524	4173
2522	4178
2521	4183
2517	4186
2515	4190
2512	4194
2510	4199
2508	4204
2507	4209
2504	4213
2501	4217
2498	4220
2498	4226
2496	4231
2495	4237
2493	4241
2488	4244
2488	4250
2220	4000
2219	4004
2215	4007
2214	4030
2212	4034
2207	4034
2461	4318
2458	4321
2455	4325
2452	4329
2450	4334
2449	4340
2447	4345
2445	4350
2441	4352
2438	4356
2436	4361
2435	4367
2434	4373
2432	4378
2430	4383
2428	4387
2425	4392
2424	4397
2422	4403
2421	4408
2419	4413
2416	4417
2413	4422
2411	4426
2409	4431
2405	4434
2402	4438
2399	4442
2401	4451
2400	4457
2398	4462
2396	4468
2395	4473
2392	4478
2390	4483
2388	4488
2387	4494
2384	4498
2381	4502
2377	4505
2374	4509
2370	4512
2367	4516
2365	4521
2362	4525
2359	4529
2355	4532
2352	4536
2347	4538
2344	4542
2342	4547
2338	4550
2333	4551
2330	4555
2327	4560
2323	4562
2319	4565
2316	4569
2316	4576
2312	4580
2308	4583
2305	4587
2302	4591
2298	4593
2294	4597
2290	4599
2286	4602
2283	4607
2281	4612
2278	4616
2276	4620
2271	4623
2269	4628
2267	4634
2263	4637
2260	4640
2257	4644
2254	4649
2251	4653
2246	4655
2242	4658
2240	4663
2236	4666
2233	4669
2230	4674
2227	4678
2223	4682
2222	4689
2219	4692
2215	4695
2211	4698
2207	4701
2203	4703
2200	4708
2198	4713
2194	4716
2190	4719
2187	4724
2183	4727
2179	4730
2176	4733
2171	4736
2168	4739
2164	4742
2160	4745
2156	4748
2152	4751
2148	4754
2144	4757
2138	4757
2134	4760
2131	4765
2128	4768
2124	4771
2120	4774
2116	4778
2114	4783
2113	4790
2109	4794
2105	4797
2101	4800
2099	4805
2095	4808
2092	4813
2089	4816
2085	4820
2081	4823
2076	4824
2071	4826
2067	4830
2066	4836
2062	4839
2059	4844
2055	4847
2051	4850
2047	4853
2044	4857
2039	4858
2033	4859
2029	4861
2026	4867
2023	4871
2020	4875
2016	4878
2012	4881
2008	4885
2005	4888
2000	4890
1996	4893
1991	4895
1988	4899
1983	4900
1978	4902
1973	4903
1968	4905
1964	4907
1961	4912
1959	4918
1957	4925
1955	4931
1950	4933
1945	4933
1939	4934
1935	4937
1932	4941
1929	4945
1924	4947
1919	4950
1915	4952
1911	4955
1907	4958
1901	4958
1897	4961
1893	4964
1889	4967
1885	4970
1880	4972
1876	4974
1870	4974
1864	4975
1860	4976
1854	4977
1851	4980
1847	4984
1843	4987
1839	4991
1835	4993
1830	4996
1826	4997
1822	5000
1817	5003
1814	5007
1810	5010
1806	5014
1803	5018
1799	5020
1794	5022
1789	5024
1785	5027
1781	5030
1777	5033
1772	5035
1768	5038
1765	5042
1762	5047
1758	5051
1755	5056
1752	5061
1748	5063
1744	5066
1740	5071
1737	5075
1732	5077
1727	5078
1723	5081
1719	5084
1715	5086
1710	5089
1706	5092
1702	5094
1697	5096
1692	5097
1686	5097
1681	5097
1676	5099
1672	5103
1669	5107
1664	5109
1659	5110
1654	5112
1650	5114
1645	5116
1641	5119
1637	5123
1633	5126
1629	5128
1625	5131
1621	5134
1616	5135
1611	5137
1607	5141
1604	5146
1599	5148
1595	5151
1591	5154
1586	5156
1582	5157
1576	5157
1571	5159
1567	5162
1562	5163
1557	5164
1552	5166
1548	5168
1543	5171
1538	5171
1534	5174
1530	5177
1525	5179
1521	5181
1517	5185
1513	5189
1508	5189
1503	5191
1499	5194
1494	5195
1489	5197
1484	5199
1479	5200
1475	5202
1469	5202
1465	5204
1460	5206
1455	5207
1450	5208
1445	5209
1440	5210
1434	5209
1429	5210
1425	5213
1420	5215
1416	5217
1412	5220
1407	5223
1403	5225
1398	5227
1393	5227
1388	5228
1384	5232
1379	5233
1374	5234
1368	5234
1364	5235
1359	5236
1355	5240
1351	5243
1345	5244
1340	5245
1336	5247
1331	5249
1327	5251
1322	5252
1317	5253
1312	5254
1307	5255
1302	5256
1297	5256
1292	5257
1286	5255
1280	5254
1275	5255
1270	5256
1264	5256
1259	5257
1255	5258
1250	5259
1245	5260
1239	5260
1234	5259
1228	5258
1223	5259
1218	5260
1213	5261
1208	5260
1203	5262
1200	5267
1195	5268
1190	5270
1185	5271
1180	5272
1175	5273
1170	5274
1166	5275
1161	5276
1156	5277
1151	5279
1147	5281
1142	5282
1137	5285
1133	5286
1128	5288
1123	5289
1118	5290
1114	5292
1109	5294
1105	5298
1100	5299
1096	5301
1091	5302
1087	5306
1083	5310
1078	5312
1074	5314
1069	5316
1064	5318
1059	5318
1055	5321
1050	5322
1045	5324
1041	5325
1036	5326
1031	5327
1027	5330
1022	5333
1018	5335
1013	5338
1008	5339
1004	5340
999	5341
994	5343
990	5345
985	5349
981	5350
975	5351
970	5350
965	5349
960	5352
956	5355
952	5358
947	5359
942	5360
937	5362
932	5363
927	5361
922	5361
916	5360
911	5361
906	5362
901	5363
897	5365
892	5368
888	5371
883	5371
878	5372
873	5372
868	5374
864	5375
859	5379
855	5381
850	5384
846	5387
841	5388
836	5390
832	5392
827	5394
822	5395
817	5397
812	5397
808	5400
803	5401
798	5401
792	5400
787	5400
783	5401
778	5403
773	5404
768	5405
763	5406
758	5406
753	5406
748	5407
743	5409
739	5411
734	5413
729	5415
725	5416
719	5415
714	5413
709	5413
704	5414
699	5416
694	5416
689	5416
684	5418
680	5421
675	5423
670	5424
665	5426
661	5428
656	5430
651	5431
646	5432
641	5432
637	5434
632	5436
627	5437
622	5437
617	5436
612	5436
606	5436
602	5437
597	5438
592	5439
586	5437
582	5438
576	5438
571	5438
567	5439
561	5437
556	5438
551	5438
546	5438
541	5440
537	5442
532	5443
526	5440
521	5441
517	5443
512	5445
507	5447
502	5447
497	5448
493	5451
488	5451
482	5449
477	5449
473	5451
468	5450
462	5449
457	5449
452	5449
448	5452
443	5454
438	5454
433	5454
428	5453
423	5454
418	5457
414	5460
408	5458
404	5460
399	5460
393	5458
388	5457
383	5456
378	5457
373	5457
368	5458
363	5458
358	5457
353	5458
348	5459
343	5459
338	5459
333	5459
328	5458
323	5458
318	5459
314	5460
308	5458
303	5457
298	5457
294	5460
289	5462
284	5464
279	5462
274	5461
269	5461
264	5462
259	5465
254	5467
250	5470
245	5469
240	5470
235	5473
230	5476
225	5480
221	5482
216	5483
211	5483
206	5483
201	5486
196	5488
191	5487
186	5486
181	5483
176	5481
171	5481
166	5480
160	5478
156	5478
151	5479
146	5480
141	5480
136	5482
131	5483
126	5482
121	5484
116	5487
111	5488
106	5488
101	5488
96	5488
91	5492
86	5491
81	5489
76	5490
71	5492
67	5495
62	5496
57	5493
52	5493
47	5491
41	5489
36	5489
31	5489
26	5487
21	5487
17	5487
12	5487
7	5488
2	5490
-3	5491
-8	5492
-13	5493
-18	5493
-23	5492
-28	5492
-33	5495
-51	5010
-55	5013
-59	5013
-64	5009
-68	5007
-72	5006
-77	5007
-81	5007
-85	4999
-90	4993
-94	4989
-98	4986
-102	4983
-107	4983
-111	4984
-115	4986
-120	4991
-124	4992
-129	4997
-133	5004
-137	5006
-142	5006
-146	5005
-150	5005
-155	5008
-159	5009
-163	5005
-193	5514
-198	5491
-203	5491
-208	5490
-213	5490
-218	5492
-223	5492
-228	5492
-233	5492
-238	5492
-243	5492
-248	5493
-253	5492
-258	5492
-262	5492
-268	5493
-272	5492
-277	5490
-282	5491
-287	5492
-292	5491
-297	5491
-302	5492
-307	5491
-312	5490
-317	5489
-322	5488
-327	5489
-332	5489
-337	5487
-342	5485
-347	5483
-352	5482
-357	5482
-362	5481
-367	5479
-371	5477
-376	5473
-381	5471
-386	5470
-390	5467
-395	5466
-400	5463
-405	5462
-410	5460
-415	5460
-420	5460
-425	5460
-430	5459
-434	5457
-439	5457
-444	5457
-449	5457
-454	5456
-459	5456
-464	5455
-469	5455
-474	5454
-479	5455
-484	5453
-489	5451
-493	5450
-498	5446
-502	5441
-507	5439
-512	5439
-517	5438
-522	5438
-527	5438
-532	5437
-537	5437
-542	5437
-547	5435
-551	5435
-556	5434
-561	5432
-566	5430
-571	5429
-575	5428
-580	5425
-585	5422
-589	5420
-594	5415
-598	5412
-603	5412
-608	5413
-613	5413
-618	5412
-623	5413
-628	5413
-633	5410
-638	5409
-643	5409
-647	5408
-652	5408
-657	5408
-663	5411
-668	5412
-673	5411
-678	5409
-682	5406
-687	5406
-692	5404
-696	5401
-701	5399
-706	5397
-711	5399
-716	5400
-721	5400
-726	5398
-730	5394
-735	5391
-740	5391
-745	5392
-750	5394
-755	5396
-760	5395
-765	5393
-770	5393
-775	5394
-780	5392
-785	5390
-789	5388
-794	5387
-799	5385
-803	5382
-808	5382
-813	5382
-818	5379
-822	5378
-827	5376
-832	5375
-837	5375
-842	5373
-846	5371
-851	5369
-855	5367
-860	5365
-865	5367
-870	5366
-875	5363
-879	5359
-883	5355
-887	5351
-892	5349
-897	5348
-902	5349
-907	5348
-911	5346
-916	5345
-921	5345
-926	5344
-931	5344
-936	5344
-941	5344
-946	5344
-951	5343
-955	5341
-960	5338
-965	5338
-970	5338
-975	5338
-980	5337
-985	5336
-990	5335
-995	5335
-999	5332
-1004	5332
-1009	5332
-1014	5331
-1018	5327
-1023	5327
-1028	5327
-1033	5326
-1038	5325
-1042	5323
-1047	5322
-1052	5321
-1056	5319
-1061	5317
-1067	5318
-1072	5319
-1077	5319
-1083	5321
-1088	5321
-1093	5320
-1097	5319
-1102	5317
-1107	5315
-1110	5310
-1115	5307
-1120	5306
-1124	5304
-1128	5301
-1133	5298
-1136	5294
-1140	5289
-1145	5287
-1149	5285
-1154	5282
-1158	5280
-1162	5275
-1165	5269
-1169	5265
-1173	5261
-1177	5258
-1181	5256
-1187	5256
-1191	5254
-1195	5252
-1200	5250
-1204	5248
-1209	5246
-1214	5247
-1220	5248
-1225	5246
-1229	5244
-1233	5241
-1238	5239
-1243	5238
-1247	5235
-1250	5231
-1254	5227
-1258	5224
-1263	5221
-1268	5221
-1273	5220
-1278	5220
-1283	5221
-1288	5220
-1292	5217
-1297	5216
-1302	5216
-1307	5215
-1312	5214
-1317	5214
-1322	5213
-1327	5213
-1332	5212
-1337	5211
-1342	5210
-1346	5209
-1352	5209
-1357	5208
-1361	5206
-1364	5199
-1368	5196
-1373	5195
-1378	5196
-1383	5195
-1388	5194
-1395	5197
-1400	5198
-1405	5198
-1409	5194
-1413	5190
-1418	5189
-1422	5188
-1427	5185
-1430	5180
-1433	5173
-1436	5168
-1439	5163
-1443	5159
-1447	5156
-1451	5154
-1456	5153
-1461	5153
-1467	5154
-1471	5150
-1475	5148
-1479	5145
-1484	5143
-1488	5141
-1492	5138
-1497	5135
-1503	5137
-1508	5137
-1512	5135
-1516	5132
-1521	5130
-1525	5128
-1531	5129
-1536	5128
-1541	5127
-1547	5129
-1553	5131
-1558	5131
-1563	5130
-1568	5129
-1573	5127
-1576	5123
-1581	5121
-1585	5118
-1589	5114
-1594	5113
-1599	5114
-1605	5114
-1610	5113
-1613	5108
-1616	5104
-1620	5100
-1625	5098
-1629	5096
-1634	5095
-1638	5093
-1643	5091
-1647	5089
-1650	5084
-1655	5083
-1661	5083
-1667	5084
-1672	5083
-1676	5081
-1681	5080
-1686	5079
-1691	5078
-1696	5077
-1700	5073
-1704	5070
-1708	5068
-1712	5065
-1716	5063
-1721	5060
-1726	5059
-1731	5059
-1736	5057
-1740	5054
-1743	5050
-1746	5046
-1750	5042
-1755	5040
-1760	5039
-1764	5038
-1769	5035
-1772	5031
-1776	5028
-1779	5023
-1781	5016
-1784	5011
-1787	5006
-1790	5001
-1793	4997
-1796	4993
-1801	4991
-1805	4988
-1809	4985
-1813	4983
-1818	4981
-1822	4978
-1826	4976
-1830	4973
-1834	4971
-1838	4967
-1842	4965
-1847	4963
-1851	4960
-1855	4958
-1859	4955
-1864	4953
-1868	4951
-1873	4950
-1877	4947
-1881	4944
-1886	4942
-1890	4941
-1895	4939
-1899	4937
-1904	4935
-1908	4932
-1912	4929
-1915	4926
-1920	4924
-1924	4922
-1928	4918
-1933	4917
-1938	4916
-1943	4914
-1948	4913
-1952	4911
-1957	4910
-1962	4908
-1966	4906
-1970	4903
-1974	4900
-1978	4896
-1982	4895
-1987	4893
-1992	4892
-1996	4890
-1999	4885
-2002	4880
-2005	4876
-2009	4873
-2013	4869
-2016	4866
-2020	4863
-2024	4860
-2029	4858
-2034	4857
-2037	4853
-2041	4850
-2045	4847
-2048	4843
-2052	4840
-2057	4838
-2060	4835
-2064	4832
-2067	4828
-2073	4827
-2077	4825
-2081	4822
-2085	4819
-2088	4815
-2092	4812
-2096	4810
-2100	4806
-2104	4803
-2108	4802
-2114	4801
-2118	4798
-2121	4794
-2125	4791
-2128	4787
-2131	4783
-2136	4781
-2140	4778
-2143	4774
-2146	4770
-2150	4768
-2154	4765
-2158	4762
-2163	4760
-2166	4757
-2170	4754
-2174	4751
-2179	4749
-2182	4745
-2185	4741
-2188	4737
-2193	4735
-2197	4733
-2201	4730
-2205	4727
-2210	4726
-2214	4723
-2217	4719
-2220	4715
-2225	4713
-2231	4714
-2237	4713
-2241	4711
-2243	4705
-2246	4701
-2249	4696
-2251	4692
-2256	4690
-2259	4686
-2262	4682
-2268	4681
-2272	4678
-2276	4676
-2280	4673
-2283	4669
-2286	4665
-2289	4661
-2293	4658
-2296	4654
-2300	4651
-2303	4647
-2306	4643
-2309	4639
-2314	4637
-2317	4634
-2321	4630
-2324	4627
-2328	4624
-2332	4621
-2335	4618
-2339	4614
-2342	4611
-2346	4607
-2349	4603
-2352	4600
-2355	4596
-2358	4591
-2360	4587
-2364	4583
-2367	4579
-2370	4575
-2374	4572
-2377	4568
-2379	4564
-2382	4560
-2386	4556
-2389	4553
-2392	4549
-2396	4546
-2399	4542
-2402	4539
-2407	4536
-2411	4533
-2414	4530
-2417	4526
-2420	4522
-2423	4519
-2427	4516
-2429	4510
-2431	4506
-2435	4503
-2439	4500
-2443	4497
-2448	4496
-2451	4492
-2453	4487
-2456	4483
-2461	4481
-2465	4478
-2470	4477
-2472	4472
-2475	4467
-2478	4464
-2481	4460
-2484	4456
-2487	4453
-2492	4450
-2496	4448
-2499	4444
-2503	4441
-2507	4439
-2510	4435
-2514	4432
-2517	4429
-2521	4425
-2525	4422
-2527	4418
-2531	4415
-2533	4410
-2537	4407
-2541	4404
-2544	4400
-2547	4396
-2549	4392
-2552	4388
-2555	4384
-2558	4381
-2561	4377
-2563	4371
-2566	4368
-2569	4364
-2572	4361
-2575	4357
-2577	4352
-2580	4348
-2584	4345
-2589	4343
-2592	4339
-2594	4335
-2598	4331
-2601	4328
-2604	4324
-2606	4319
-2609	4315
-2612	4312
-2614	4307
-2617	4304
-2619	4299
-2622	4294
-2624	4290
-2628	4287
-2632	4285
-2635	4281
-2638	4277
-2641	4273
-2645	4271
-2649	4267
-2651	4262
-2652	4257
-2655	4253
-2659	4250
-2663	4247
-2666	4244
-2669	4240
-2671	4236
-2675	4233
-2679	4230
-2681	4225
-2683	4221
-2685	4216
-2690	4214
-2692	4210
-2695	4206
-2697	4202
-2701	4198
-2703	4193
-2706	4190
-2709	4186
-2713	4184
-2716	4180
-2719	4176
-2720	4170
-2721	4165
-2724	4161
-2726	4157
-2729	4153
-2733	4150
-2734	4144
-2736	4140
-2739	4136
-2742	4132
-2746	4129
-2749	4126
-2752	4122
-2754	4118
-2754	4111
-2756	4107
-2759	4103
-2760	4098
-2764	4095
-2766	4090
-2768	4086
-2770	4081
-2770	4075
-2776	4074
-2779	4070
-2781	4066
-2784	4062
-2787	4058
-2790	4054
-2792	4050
-2794	4046
-2796	4041
-2798	4037
-2801	4033
-2802	4028
-2805	4024
-2807	4020
-2806	4013
-2807	4008
-2811	4005
-2817	4003
-2819	3999
-2821	3995
-2824	3991
-2828	3988
-2829	3982
-2829	3977
-2831	3973
-2834	3969
-2837	3965
-2840	3961
-2841	3956
-2843	3952
-2844	3946
-2847	3943
-2852	3941
-2856	3938
-2859	3934
-2861	3930
-2863	3926
-2865	3922
-2867	3917
-2869	3912
-2872	3909
-2875	3905
-2877	3901
-2880	3897
-2881	3892
-2884	3888
-2880	3880
-2880	3874
-2884	3871
-2885	3866
-2887	3861
-2888	3856
-2889	3851
-2889	3845
-2891	3841
-2892	3836
-2895	3833
-2897	3828
-2896	3822
-2895	3815
-2898	3811
-2900	3807
-2902	3802
-2902	3797
-2902	3791
-2903	3787
-2906	3783
-2907	3778
-2908	3772
-2909	3768
-2912	3764
-2918	3763
-2920	3759
-2920	3753
-2921	3748
-2920	3742
-2920	3736
-2921	3731
-2925	3728
-2927	3724
-2928	3719
-2931	3715
-2932	3710
-2932	3705
-2934	3700
-2935	3696
-2934	3690
-2934	3684
-2936	3680
-2937	3675
-2938	3670
-2940	3666
-2940	3660
-2942	3656
-2946	3653
-2947	3649
-2950	3645
-2952	3641
-2953	3636
-2955	3632
-2957	3628
-2957	3622
-2954	3615
-2955	3610
-2953	3603
-2953	3598
-2955	3594
-2955	3589
-2955	3583
-2958	3579
-2957	3573
-2959	3570
-2960	3565
-2961	3560
-2962	3555
-2962	3549
-2961	3544
-2964	3540
-2965	3535
-2962	3528
-2962	3523
-2963	3519
-2966	3515
-2967	3510
-2966	3505
-2967	3500
-2967	3494
-2968	3490
-2969	3485
-2971	3481
-2969	3474
-2970	3470
-2973	3467
-2974	3462
-2969	3454
-2972	3450
-2974	3446
-2975	3442
-2974	3436
-2974	3431
-2973	3425
-2972	3419
-2973	3415
-2976	3412
-2975	3406
-2976	3401
-2977	3397
-2978	3392
-2981	3389
-2979	3383
-2979	3377
-2979	3373
-2980	3368
-2982	3364
-2980	3358
-2980	3353
-2983	3349
-2986	3346
-2985	3340
-2986	3336
-2985	3330
-2986	3326
-2987	3321
-2989	3317
-2990	3313
-2991	3308
-2989	3302
-2990	3298
-2993	3294
-2992	3289
-2991	3283
-2989	3278
-2987	3271
-2988	3267
-2990	3263
-2992	3259
-2992	3255
-2992	3249
-2997	3247
-2998	3243
-2992	3235
-2991	3229
-2990	3224
-2990	3219
-2993	3216
-2995	3212
-2995	3207
-2997	3203
-2998	3199
-2997	3193
-2996	3188
-2999	3185
-2998	3179
-2997	3174
-2997	3169
-2998	3165
-2998	3160
-2998	3155
-2997	3150
-2998	3146
-2997	3141
-2997	3136
-2998	3131
-2998	3127
-3000	3123
-3002	3119
-3002	3114
-3002	3110
-3003	3105
-3002	3100
-3003	3096
-3003	3091
-3003	3086
-3002	3081
-3002	3076
-3002	3072
-3001	3067
-3002	3062
-3004	3059
-3003	3053
-3003	3049
-3003	3044
-3003	3040
-3004	3035
-3001	3030
-3001	3025
-3000	3020
-3001	3016
-3004	3012
-3002	3007
-3002	3002
-3003	2998
-3004	2994
-3007	2990
-3007	2986
-3008	2981
-3007	2976
-3007	2972
-3006	2967
-3003	2961
-3004	2957
-3004	2952
-3004	2948
-3003	2943
-3003	2938
-3005	2935
-3003	2929
-3001	2924
-2999	2918
-3000	2914
-3000	2910
-2999	2905
-2995	2899
-2995	2894
-2994	2889
-2995	2886
-2999	2882
-2999	2878
-2999	2874
-3000	2869
-2998	2864
-2994	2858
-2994	2854
-2996	2850
-2996	2846
-2997	2842
-2996	2837
-2997	2833
-2996	2828
-2991	2822
-2998	2820
-2993	2814
-2991	2809
-2991	2804
-2988	2798
-2986	2794
-2987	2789
-2987	2785
-2989	2781
-2990	2778
-2990	2773
-2988	2768
-2987	2763
-2986	2759
-2987	2755
-2986	2750
-2986	2746
-2985	2741
-2984	2736
-2986	2733
-2986	2728
-2986	2724
-2985	2719
-2983	2715
-2983	2710
-2982	2706
-2982	2701
-2980	2696
-2980	2692
-2979	2687
-2977	2682
-2978	2678
-2979	2675
-2978	2670
-2978	2666
-2979	2662
-2979	2657
-2976	2652
-2977	2649
-2976	2644
-2974	2639
-2974	2635
-2976	2631
-2975	2627
-2973	2622
-2968	2616
-2968	2612
-2967	2608
-2966	2603
-2966	2599
-2965	2594
-2964	2590
-2963	2585
-2961	2581
-2961	2577
-2962	2572
-2960	2568
-2958	2563
-2960	2560
-2960	2556
-2958	2551
-2956	2546
-2952	2541
-2953	2537
-2952	2532
-2952	2528
-2951	2524
-2951	2520
-2947	2515
-2947	2510
-2946	2506
-2943	2501
-2941	2497
-2942	2493
-2942	2489
-2940	2484
-2941	2480
-2939	2476
-2937	2471
-2938	2467
-2939	2464
-2939	2460
-2938	2455
-2939	2452
-2935	2447
-2932	2442
-2932	2438
-2932	2434
-2933	2430
-2932	2426
-2931	2422
-2929	2417
-2925	2412
-2924	2408
-2923	2403
-2922	2399
-2921	2395
-2921	2391
-2921	2387
-2919	2383
-2917	2378
-2917	2374
-2916	2370
-2917	2366
-2918	2363
-2913	2358
-2912	2353
-2915	2350
-2912	2346
-2910	2341
-2914	2338
-2909	2333
-2904	2328
-2907	2325
-2909	2321
-2907	2317
-2905	2313
-2901	2308
-2900	2304
-2901	2300
-2896	2295
-2896	2291
-2897	2288
-2898	2284
-2895	2279
-2889	2274
-2885	2270
-2888	2267
-2890	2263
-2888	2259
-2885	2254
-2886	2251
-2889	2247
-2889	2244
-2885	2239
-2881	2234
-2879	2230
-2877	2226
-2877	2222
-2880	2219
-2881	2215
-2880	2211
-2878	2207
-2876	2203
-2875	2199
-2872	2195
-2870	2191
-2873	2187
-2873	2184
-2875	2180
-2862	2174
-2864	2170
-2864	2167
-2862	2163
-2862	2159
-2865	2156
-2868	2152
-2863	2148
-2858	2143
-2858	2139
-2861	2136
-2861	2132
-2859	2128
-2859	2125
-2858	2121
-2851	2116
-2849	2112
-2850	2108
-2852	2105
-2852	2101
-2852	2097
-2850	2094
-2852	2090
-2851	2086
-2851	2082
-2851	2079
-2841	2074
-2843	2070
-2840	2066
-2839	2062
-2840	2059
-2843	2055
-2838	2051
-2837	2047
-2836	2043
-2837	2040
-2838	2036
-2836	2032
-2836	2029
-2839	2025
-2837	2021
-2836	2018
-2837	2014
-2833	2010
-2828	2006
-2832	2002
-2826	1998
-2825	1994
-2829	1991
-2824	1987
-2823	1983
-2823	1979
-2827	1976
-2822	1972
-2823	1969
-2820	1965
-2820	1961
-2817	1957
-2816	1953
-2814	1949
-2807	1945
-2810	1942
-2815	1939
-2811	1935
-2813	1931
-2812	1928
-2811	1924
-2807	1920
-2805	1916
-2806	1913
-2807	1909
-2802	1905
-2804	1902
-2803	1898
-2800	1894
-2800	1891
-2800	1887
-2798	1883
-2794	1879
-2792	1876
-2794	1872
-2792	1868
-2792	1865
-2790	1861
-2790	1858
-2788	1854
-2785	1850
-2784	1846
-2786	1843
-2786	1839
-2782	1836
-2783	1832
-2781	1828
-2778	1825
-2773	1821
-2773	1817
-2776	1814
-2776	1810
-2775	1807
-2774	1803
-2773	1800
-2771	1796
-2767	1792
-2769	1789
-2770	1785
-2769	1782
-2767	1778
-2766	1775
-2764	1771
-2764	1767
-2765	1764
-2764	1760
-2762	1757
-2762	1753
-2762	1750
-2760	1746
-2758	1743
-2759	1739
-2758	1736
-2756	1732
-2754	1728
-2753	1725
-2754	1721
-2754	1718
-2753	1714
-2750	1711
-2747	1707
-2747	1704
-2747	1700
-2747	1697
-2747	1693
-2745	1690
-2743	1686
-2741	1683
-2741	1679
-2740	1676
-2741	1672
-2742	1669
-2742	1665
-2737	1662
-2735	1658
-2734	1655
-2732	1651
-2731	1648
-2731	1644
-2730	1641
-2728	1637
-2729	1634
-2727	1631
-2725	1627
-2726	1624
-2725	1620
-2723	1617
-2721	1613
-2721	1610
-2721	1606
-2721	1603
-2720	1599
-2718	1596
-2718	1593
-2718	1589
-2719	1586
-2719	1582
-2717	1579
-2715	1575
-2714	1572
-2708	1569
-2708	1565
-2708	1562
-2707	1558
-2706	1555
-2704	1552
-2702	1548
-2700	1545
-2700	1541
-2700	1538
-2698	1535
-2697	1531
-2696	1528
-2695	1524
-2695	1521
-2690	1518
-2689	1514
-2689	1511
-2686	1508
-2685	1504
-2684	1501
-2684	1498
-2683	1494
-2681	1491
-2678	1488
-2679	1484
-2679	1481
-2680	1477
-2680	1474
-2678	1470
-2675	1467
-2673	1464
-2672	1461
-2672	1457
-2672	1454
-2670	1450
-2670	1447
-2668	1444
-2668	1440
-2666	1437
-2664	1434
-2662	1431
-2661	1427
-2660	1424
-2658	1421
-2658	1417
-2657	1414
-2655	1411
-2654	1408
-2654	1404
-2652	1401
-2651	1398
-2650	1394
-2651	1391
-2650	1387
-2648	1384
-2646	1381
-2645	1378
-2642	1375
-2643	1371
-2640	1368
-2641	1365
-2640	1361
-2639	1358
-2639	1355
-2636	1351
-2634	1348
-2629	1346
-2631	1342
-2632	1338
-2631	1335
-2630	1332
-2628	1329
-2628	1325
-2625	1322
-2626	1319
-2624	1316
-2623	1312
-2623	1309
-2623	1305
-2620	1302
-2620	1299
-2619	1296
-2616	1293
-2612	1290
-2613	1286
-2614	1283
-2615	1279
-2615	1276
-2612	1273
-2608	1270
-2609	1267
-2607	1264
-2605	1260
-2605	1257
-2606	1253
-2604	1250
-2602	1247
-2602	1244
-2598	1241
-2596	1238
-2597	1234
-2598	1231
-2597	1228
-2594	1225
-2593	1222
-2592	1218
-2592	1215
-2592	1212
-2590	1208
-2588	1205
-2588	1202
-2587	1199
-2586	1196
-2584	1192
-2582	1189
-2582	1186
-2582	1183
-2582	1179
-2582	1176
-2579	1173
-2574	1170
-2574	1167
-2573	1164
-2573	1160
-2573	1157
-2573	1154
-2572	1150
-2571	1147
-2571	1144
-2569	1141
-2566	1138
-2564	1135
-2563	1132
-2564	1128
-2564	1125
-2562	1122
-2563	1118
-2561	1115
-2561	1112
-2557	1109
-2554	1106
-2552	1103
-2554	1100
-2555	1096
-2554	1093
-2550	1090
-2549	1087
-2547	1084
-2545	1081
-2544	1078
-2542	1075
-2541	1072
-2540	1069
-2539	1065
-2536	1063
-2535	1060
-2534	1056
-2534	1053
-2534	1049
-2532	1046
-2531	1043
-2530	1040
-2528	1037
-2525	1035
-2524	1031
-2523	1028
-2520	1025
-2520	1022
-2520	1019
-2521	1015
-2519	1012
-2517	1009
-2516	1006
-2514	1003
-2513	1000
-2512	997
-2512	993
-2512	990
-2510	987
-2508	984
-2505	981
-2504	978
-2503	975
-2502	972
-2501	969
-2499	966
-2497	963
-2496	960
-2496	957
-2496	953
-2495	950
-2494	947
-2494	943
-2492	940
-2491	937
-2490	934
-2489	931
-2488	928
-2487	924
-2486	921
-2485	918
-2484	915
-2483	912
-2481	909
-2480	906
-2480	902
-2479	899
-2478	896
-2477	893
-2474	890
-2472	888
-2471	884
-2472	880
-2470	877
-2468	875
-2468	871
-2468	868
-2466	865
-2465	862
-2464	859
-2464	855
-2465	851
-2463	848
-2462	845
-2461	842
-2460	839
-2459	836
-2459	832
-2459	829
-2458	826
-2455	823
-2454	820
-2454	816
-2452	813
-2451	810
-2450	807
-2449	804
-2447	801
-2445	798
-2446	794
-2444	792
-2442	789
-2443	785
-2442	782
-2441	778
-2439	776
-2436	773
-2436	770
-2436	766
-2434	763
-2432	761
-2432	757
-2431	754
-2429	751
-2428	748
-2427	745
-2426	742
-2425	738
-2422	736
-2420	733
-2420	730
-2419	726
-2420	722
-2420	719
-2418	716
-2416	713
-2415	710
-2413	707
-2417	702
-2416	699
-2413	696
-2408	695
-2407	692
-2407	688
-2406	685
-2404	682
-2403	679
-2402	676
-2400	673
-2400	669
-2399	666
-2398	663
-2397	660
-2395	657
-2395	653
-2394	650
-2391	648
-2393	643
-2391	640
-2391	637
-2389	634
-2386	632
-2386	628
-2386	624
-2386	621
-2384	618
-2383	615
-2383	611
-2382	608
-2381	605
-2380	602
-2378	599
-2375	596
-2375	593
-2374	589
-2374	586
-2372	583
-2371	580
-2369	577
-2368	574
-2366	571
-2366	567
-2365	564
-2364	561
-2363	558
-2361	555
-2360	552
-2360	548
-2360	544
-2359	541
-2358	538
-2356	535
-2355	532
-2354	528
-2353	525
-2352	522
-2350	519
-2349	516
-2348	512
-2347	509
-2345	506
-2344	504
-2343	500
-2342	497
-2341	494
-2340	490
-2340	487
-2338	484
-2335	482
-2332	479
-2332	475
-2332	472
-2332	468
-2331	465
-2329	462
-2328	459
-2326	456
-2326	452
-2329	446
-2327	444
-2325	441
-2321	439
-2319	437
-2317	434
-2315	431
-2313	428
-2312	425
-2309	423
-2308	420
-2307	416
-2307	413
-2306	409
-2304	406
-2304	403
-2303	399
-2300	397
-2299	393
-2298	391
-2295	388
-2294	385
-2293	381
-2293	378
-2290	375
-2288	373
-2287	369
-2285	367
-2283	364
-2283	360
-2285	355
-2285	351
-2285	347
-2284	344
-2283	340
-2282	337
-2283	332
-2282	329
-2278	327
-2276	325
-2277	320
-2276	316
-2275	313
-2272	311
-2270	308
-2271	304
-2271	300
-2271	295
-2270	292
-2267	290
-2267	286
-2265	283
-2261	281
-2259	279
-2258	276
-2258	271
-2258	267
-2256	264
-2256	260
-2256	256
-2256	252
-2253	250
-2251	247
-2248	245
-2247	242
-2246	238
-2247	234
-2246	230
-2245	227
-2242	225
-2240	222
-2240	218
-2238	215
-2237	211
-2235	209
-2235	205
-2235	200
-2231	199
-2229	196
-2227	193
-2224	191
-2220	189
-2218	187
-2215	185
-2211	183
-2209	181
-2206	179
-2199	179
-2196	177
-2195	174
-2192	172
-2191	168
-2187	167
-2185	165
-2185	160
-2183	157
-2183	153
-2182	149
-2181	146
-2178	144
-2175	142
-2174	138
-2173	135
-2173	130
-2174	126
-2171	124
-2170	120
-2168	117
-2168	113
-2167	110
-2165	106
-2163	104
-2162	100
-2162	96
-2159	94
-2158	90
-2157	87
-2156	83
-2156	79
-2154	76
-2150	75
-2149	71
-2149	67
-2147	64
-2145	61
-2144	57
-2144	53
-2142	50
-2140	47
-2139	44
-2138	40
-2137	36
-2136	33
-2135	29
-2133	26
-2131	23
-2129	21
-2129	16
-2128	12
-2129	8
-2127	4
-2124	2
-2122	-0
-2121	-4
-2119	-7
-2119	-12
-2119	-16
-2117	-19
-2116	-22
-2111	-23
-2110	-27
-2113	-34
-2112	-37
-2110	-41
-2110	-45
-2109	-49
-2107	-51
-2104	-54
-2102	-57
-2099	-59
-2097	-61
-2094	-63
-2092	-67
-2093	-72
-2094	-77
-2094	-82
-2092	-85
-2090	-89
-2087	-91
-2087	-95
-2086	-98
-2084	-102
-2083	-105
-2082	-110
-2080	-112
-2079	-116
-2075	-118
-2073	-120
-2072	-124
-2071	-128
-2070	-131
-2068	-135
-2069	-141
-2068	-145
-2067	-148
-2064	-151
-2066	-157
-2060	-157
-2060	-161
-2057	-163
-2054	-165
-2052	-168
-2052	-173
-2042	-169
-2034	-166
-2027	-164
-2019	-162
-2016	-164
-2015	-168
-2014	-172
-2013	-175
-2010	-177
-2006	-179
-2002	-179
-1998	-180
-1995	-182
-1992	-185
-1987	-184
-1984	-186
-1982	-189
-1976	-188
-1966	-183
-1961	-183
-1957	-184
-1953	-185
-1947	-185
-1942	-184
-1939	-186
-1937	-189
-1933	-189
-1926	-188
-1920	-186
-1915	-187
-1911	-187
-1906	-187
-1905	-191
-1901	-191
-1896	-192
-1894	-194
-1891	-196
-1887	-197
-1878	-193
-1874	-193
-1872	-197
-1871	-200
-1865	-199
-1859	-197
-1853	-197
-1846	-194
-1840	-192
-1836	-193
-1829	-191
-1825	-191
-1822	-192
-1818	-193
-1815	-195
-1809	-194
-1805	-194
-1802	-196
-1797	-196
-1794	-197
-1792	-199
-1789	-202
-1785	-203
-1778	-200
-1771	-197
-1765	-195
-1753	-186
-1745	-182
-1740	-182
-1737	-183
-1733	-184
-1730	-185
-1726	-186
-1722	-187
-1718	-187
-1715	-189
-1712	-190
-1708	-190
-1703	-190
-1700	-190
-1694	-189
-1687	-186
-1685	-189
-1683	-191
-1679	-192
-1677	-194
-1674	-195
-1671	-198
-1668	-198
-1661	-196
-1652	-190
-1647	-189
-1644	-190
-1642	-192
-1639	-194
-1634	-193
-1627	-190
-1624	-191
-1621	-192
-1617	-192
-1609	-188
-1606	-189
-1603	-191
-1601	-194
-1600	-197
-1598	-200
-1596	-203
-1594	-205
-1590	-204
-1586	-205
-1581	-204
-1572	-198
-1568	-197
-1560	-192
-1554	-190
-1547	-186
-1542	-186
-1539	-187
-1536	-188
-1534	-190
-1531	-191
-1527	-191
-1523	-191
-1519	-191
-1514	-190
-1509	-188
-1504	-187
-1501	-188
-1493	-182
-1485	-177
-1478	-173
-1475	-174
-1473	-176
-1472	-180
-1468	-181
-1465	-181
-1461	-181
-1459	-183
-1458	-186
-1456	-189
-1452	-189
-1443	-182
-1438	-181
-1434	-180
-1428	-177
-1424	-176
-1420	-177
-1417	-178
-1415	-179
-1412	-181
-1410	-184
-1409	-186
-1407	-190
-1405	-191
-1403	-194
-1400	-196
-1397	-196
-1391	-193
-1387	-193
-1384	-193
-1381	-194
-1378	-195
-1376	-198
-1374	-200
-1371	-201
-1368	-202
-1366	-205
-1366	-209
-1363	-211
-1360	-211
-1358	-213
-1355	-215
-1345	-205
-1340	-202
-1334	-199
-1327	-194
-1323	-194
-1320	-194
-1317	-196
-1315	-197
-1314	-202
-1304	-191
-1294	-181
-1288	-179
-1283	-175
-1280	-177
-1278	-179
-1273	-176
-1269	-175
-1265	-175
-1262	-176
-1259	-175
-1256	-176
-1253	-177
-1250	-178
-1247	-179
-1243	-178
-1239	-177
-1237	-179
-1233	-179
-1230	-178
-1226	-178
-1222	-176
-1218	-175
-1215	-176
-1212	-177
-1208	-176
-1206	-178
-1202	-177
-1199	-177
-1195	-177
-1191	-176
-1187	-175
-1185	-176
-1182	-178
-1178	-176
-1175	-177
-1169	-172
-1169	-178
-1166	-178
-1159	-172
-1157	-174
-1154	-174
-1151	-174
-1149	-177
-1145	-176
-1141	-174
-1137	-172
-1134	-173
-1130	-173
-1126	-170
-1126	-176
-1119	-171
-1117	-172
-1114	-172
-1112	-174
-1109	-175
-1107	-177
-1104	-177
-1101	-178
-1099	-179
-1095	-178
-1092	-178
-1088	-178
-1086	-179
-1082	-179
-1079	-178
-1075	-177
-1072	-177
-1069	-177
-1066	-177
-1064	-180
-1062	-181
-1057	-179
-1053	-177
-1050	-178
-1048	-178
-1044	-177
-1041	-178
-1044	-189
-1035	-179
-1032	-178
-1029	-178
-1026	-178
-1027	-185
-1024	-186
-1020	-185
-1012	-176
-1009	-175
-1007	-177
-1006	-180
-1003	-182
-998	-178
-995	-178
-993	-179
-990	-180
-988	-181
-985	-183
-983	-184
-982	-188
-978	-187
-976	-188
-973	-189
-969	-186
-966	-186
-960	-180
-951	-167
-943	-157
-939	-155
-937	-156
-933	-155
-930	-154
-926	-152
-924	-153
-922	-156
-920	-157
-917	-158
-913	-156
-928	-194
-925	-194
-921	-192
-885	-119
-881	-118
-879	-118
-877	-121
-907	-195
-905	-196
-903	-198
-889	-174
-882	-165
-874	-152
-866	-142
-864	-143
-862	-145
-860	-146
-857	-146
-854	-146
-784	-7
-779	-1
-776	-0
-773	1
-770	2
-768	1
-765	2
-762	2
-759	2
-757	2
-754	2
-752	2
-749	2
-746	3
-744	2
-742	1
-739	2
-736	2
-734	2
-732	0
-734	-13
-734	-17
-730	-15
-725	-9
-721	-5
-720	-10
-719	-13
-718	-18
-718	-24
-745	-131
-744	-134
-743	-140
-741	-142
-739	-143
-736	-143
-734	-144
-732	-145
-729	-146
-727	-147
-724	-148
-722	-149
-720	-150
-717	-149
-714	-150
-712	-151
-710	-153
-707	-154
-705	-155
-703	-156
-700	-155
-698	-156
-695	-157
-692	-157
-689	-156
-687	-157
-684	-156
-683	-161
-682	-166
-680	-169
-676	-163
-671	-157
-669	-158
-668	-165
-668	-172
-667	-177
-664	-178
-662	-178
-659	-179
-657	-180
-654	-181
-652	-181
-649	-179
-646	-179
-644	-180
-641	-181
-638	-180
-635	-178
-632	-178
-630	-180
-627	-180
-625	-179
-622	-179
-619	-179
-616	-179
-614	-179
-611	-179
-609	-181
-606	-181
-604	-180
-601	-181
-598	-180
-596	-180
-593	-179
-590	-178
-587	-176
-583	-171
-579	-166
-576	-164
-573	-164
-571	-166
-569	-169
-567	-172
-566	-175
-564	-178
-561	-179
-559	-179
-556	-179
-554	-181
-551	-181
-549	-183
-547	-184
-545	-185
-542	-185
-539	-185
-537	-187
-535	-188
-532	-186
-529	-185
-526	-185
-524	-185
-521	-186
-519	-186
-516	-185
-513	-185
-511	-184
-508	-185
-506	-185
-503	-186
-500	-185
-497	-183
-495	-183
-492	-183
-490	-185
-488	-187
-486	-189
-483	-188
-480	-187
-478	-187
-475	-185
-472	-185
-470	-186
-467	-186
-464	-185
-462	-185
-459	-184
-456	-184
-454	-182
-451	-183
-449	-183
-446	-184
-444	-184
-441	-185
-439	-184
-436	-185
-434	-184
-431	-186
-429	-185
-426	-185
-424	-185
-421	-187
-419	-187
-416	-186
-413	-184
-411	-184
-408	-185
-406	-188
-404	-187
-401	-187
-399	-187
-396	-186
-393	-186
-391	-186
-388	-186
-386	-186
-383	-186
-381	-187
-378	-186
-376	-186
-373	-187
-371	-189
-368	-188
-366	-186
-363	-185
-361	-185
-358	-187
-356	-186
-353	-185
-351	-186
-348	-186
-346	-186
-343	-187
-341	-187
-338	-186
-336	-187
-333	-186
-331	-187
-328	-186
-326	-186
-323	-186
-320	-185
-318	-185
-316	-186
-313	-186
-310	-185
-308	-185
-305	-185
-303	-185
-301	-186
-298	-187
-296	-188
-293	-188
-291	-187
-288	-186
-286	-186
-283	-187
-281	-186
-278	-186
-276	-185
-273	-186
-271	-186
-268	-186
-266	-185
-263	-186
-261	-186
-258	-186
-256	-187
-254	-187
-251	-185
-248	-185
-246	-186
-244	-188
-241	-188
-239	-187
-236	-186
-234	-186
-231	-187
-229	-187
-226	-187
-224	-186
-221	-186
-219	-185
-216	-187
-214	-188
-212	-188
-209	-189
-207	-187
-204	-186
-202	-186
-199	-186
-197	-188
-194	-188
-192	-187
-189	-186
-187	-186
-184	-186
-182	-187
-180	-188
-177	-186
-174	-185
-172	-186
-170	-187
-167	-187
-165	-187
-162	-187
-160	-187
-157	-187
-155	-188
-152	-188
-150	-188
-148	-187
-145	-187
-143	-187
-140	-187
-138	-188
-135	-188
-133	-186
-130	-186
-128	-187
-125	-187
-123	-186
-120	-187
-118	-187
-116	-187
-113	-187
-111	-188
-108	-189
-106	-189
-103	-190
-101	-190
-98	-190
-96	-189
-94	-188
-91	-185
-89	-185
-86	-186
-84	-188
-81	-189
-79	-188
-76	-188
-74	-188
-71	-188
-67	-191
-64	-192
-62	-193
-59	-192
-57	-192
-54	-193
-52	-193
-49	-193
-47	-192
-44	-190
-42	-191
-39	-193
-37	-194
-35	-193
-32	-192
-30	-193
-27	-192
-25	-192
-22	-193
-20	-193
-17	-191
-15	-189
-12	-189
-10	-191
-7	-192
-5	-192
-3	-191
-0	-191
2	-190
5	-189
7	-189
10	-189
12	-190
15	-190
17	-191
20	-192
22	-193
25	-193
27	-191
29	-189
32	-188
34	-188
37	-188
39	-188
42	-189
44	-189
47	-190
49	-189
52	-189
54	-189
56	-189
59	-189
61	-189
64	-189
66	-189
69	-188
71	-187
74	-187
76	-188
79	-188
81	-188
84	-189
86	-188
88	-187
91	-186
93	-188
96	-190
99	-192
101	-192
104	-190
106	-187
108	-187
111	-188
113	-187
116	-188
118	-189
121	-189
123	-189
126	-190
128	-190
131	-189
133	-188
136	-188
138	-189
141	-190
143	-190
146	-190
148	-190
150	-188
153	-188
156	-189
158	-190
161	-191
163	-190
165	-189
168	-190
171	-192
173	-192
176	-190
178	-190
180	-189
183	-189
185	-189
188	-189
191	-189
193	-190
196	-191
198	-191
201	-191
203	-192
206	-193
209	-194
211	-194
214	-192
216	-191
218	-191
221	-191
223	-190
225	-188
228	-189
231	-190
233	-190
235	-188
238	-189
241	-192
244	-193
246	-192
249	-191
251	-190
253	-190
256	-189
259	-190
261	-191
264	-191
266	-192
269	-193
272	-195
274	-193
277	-192
279	-191
282	-193
285	-193
287	-192
289	-192
292	-193
295	-193
297	-191
299	-191
302	-190
304	-189
307	-189
310	-192
313	-193
315	-192
317	-191
320	-192
323	-192
325	-193
328	-195
331	-194
333	-193
335	-191
338	-192
340	-191
343	-191
346	-191
348	-191
351	-192
353	-191
356	-191
359	-192
361	-193
364	-192
366	-192
369	-191
371	-190
374	-189
376	-188
379	-189
381	-189
384	-190
387	-190
389	-190
392	-191
395	-191
397	-190
400	-191
402	-190
405	-190
407	-189
410	-189
413	-190
415	-190
418	-189
420	-189
423	-189
426	-189
428	-189
431	-189
433	-188
436	-188
439	-189
442	-189
445	-191
447	-191
450	-190
452	-190
455	-190
458	-190
460	-190
463	-191
466	-190
468	-189
471	-190
474	-191
476	-190
479	-190
482	-191
484	-191
487	-190
489	-189
492	-189
495	-190
498	-190
500	-188
502	-188
505	-189
508	-190
511	-190
513	-188
516	-190
519	-191
522	-191
525	-191
527	-190
530	-190
532	-190
535	-189
538	-189
540	-189
543	-188
546	-188
548	-188
551	-188
554	-188
556	-187
559	-186
562	-187
564	-188
567	-188
570	-187
573	-188
576	-189
580	-192
582	-191
584	-189
586	-186
588	-186
592	-187
594	-187
597	-186
600	-187
603	-188
605	-186
607	-184
608	-180
607	-169
605	-155
605	-148
607	-145
609	-144
611	-143
614	-142
617	-142
645	-210
647	-208
649	-206
639	-173
637	-160
637	-154
639	-152
642	-151
645	-151
647	-151
651	-152
672	-199
677	-204
671	-184
675	-186
678	-187
681	-186
684	-186
685	-183
685	-176
684	-167
684	-160
686	-156
688	-155
690	-153
693	-152
695	-152
699	-153
701	-152
704	-152
707	-152
709	-152
712	-151
715	-151
717	-149
719	-148
722	-148
724	-146
726	-145
729	-144
731	-143
733	-142
736	-141
739	-141
741	-139
743	-136
744	-133
745	-130
746	-124
746	-119
747	-116
748	-111
721	-21
721	-15
721	-10
721	-4
722	-1
724	1
726	3
728	3
732	3
734	3
736	4
739	4
742	2
752	5
757	1
772	3
775	3
778	2
781	2
784	1
885	-175
888	-174
891	-175
894	-174
897	-174
900	-174
903	-173
906	-173
909	-173
913	-174
916	-174
919	-174
922	-174
925	-174
928	-174
931	-173
934	-174
938	-174
941	-175
946	-177
951	-182
957	-185
961	-187
963	-186
966	-186
970	-186
973	-186
976	-185
979	-185
982	-184
984	-183
987	-182
989	-181
993	-181
996	-182
999	-181
1002	-181
1005	-179
1008	-179
1010	-178
1014	-178
1018	-180
1021	-180
1024	-179
1027	-178
1030	-178
1034	-179
1037	-179
1038	-175
1038	-169
1038	-163
1039	-160
1041	-158
1043	-156
1046	-155
1048	-153
1051	-153
1054	-152
1057	-151
1059	-149
1061	-148
1064	-147
1067	-146
1069	-144
1071	-143
1075	-143
1080	-146
1087	-152
1095	-160
1104	-167
1111	-173
1116	-176
1120	-176
1123	-176
1127	-177
1131	-177
1134	-177
1137	-176
1140	-175
1144	-177
1147	-176
1150	-176
1154	-176
1157	-176
1161	-176
1164	-175
1167	-174
1170	-174
1173	-173
1177	-174
1180	-174
1184	-174
1188	-174
1190	-173
1195	-174
1198	-174
1202	-174
1205	-174
1208	-173
1211	-172
1214	-171
1217	-170
1221	-170
1224	-170
1228	-170
1232	-171
1236	-172
1240	-171
1243	-171
1247	-171
1251	-171
1254	-171
1258	-171
1261	-170
1264	-170
1267	-169
1271	-169
1275	-170
1281	-173
1292	-182
1296	-183
1297	-180
1298	-175
1299	-171
1301	-169
1302	-166
1304	-163
1306	-161
1309	-160
1311	-158
1314	-156
1317	-156
1322	-156
1327	-159
1334	-163
1340	-165
1342	-164
1345	-162
1347	-160
1349	-158
1354	-158
1359	-160
1365	-163
1374	-169
1381	-174
1381	-169
1379	-161
1380	-157
1382	-155
1385	-153
1388	-153
1391	-152
1394	-150
1397	-149
1402	-150
1406	-151
1411	-152
1418	-156
1424	-158
1427	-158
1430	-156
1432	-154
1435	-152
1437	-150
1440	-149
1439	-142
1439	-138
1442	-136
1447	-138
1456	-143
1458	-140
1458	-136
1460	-133
1462	-131
1465	-129
1467	-127
1471	-127
1476	-128
1479	-127
1484	-128
1488	-128
1492	-127
1497	-128
1507	-135
1517	-142
1520	-140
1525	-142
1535	-148
1543	-152
1547	-152
1553	-155
1557	-154
1559	-151
1561	-149
1565	-148
1571	-150
1577	-152
1583	-154
1589	-155
1596	-159
1597	-156
1599	-153
1602	-151
1604	-148
1604	-144
1606	-141
1610	-140
1613	-139
1615	-136
1618	-134
1621	-134
1625	-133
1627	-130
1628	-127
1630	-124
1633	-122
1636	-120
1641	-122
1651	-128
1662	-134
1672	-140
1677	-140
1682	-141
1688	-142
1693	-143
1698	-143
1706	-146
1715	-151
1713	-144
1715	-141
1719	-141
1725	-142
1730	-142
1733	-140
1737	-140
1742	-140
1746	-140
1750	-139
1755	-139
1762	-141
1769	-144
1769	-138
1770	-135
1772	-131
1777	-132
1783	-134
1787	-132
1790	-131
1796	-131
1800	-131
1805	-131
1810	-131
1814	-130
1820	-132
1827	-133
1828	-129
1830	-126
1834	-125
1836	-123
1839	-121
1842	-119
1845	-117
1850	-117
1862	-124
1874	-130
1879	-130
1883	-128
1884	-125
1887	-123
1892	-123
1895	-121
1900	-120
1905	-121
1912	-122
1923	-127
1926	-126
1928	-122
1931	-120
1936	-120
1939	-118
1941	-115
1942	-112
1944	-109
1946	-106
1949	-104
1956	-105
1971	-113
1981	-118
1987	-118
1994	-120
1997	-117
1999	-114
2002	-112
2004	-109
2007	-107
2011	-105
2016	-105
2022	-106
2028	-106
2036	-108
2048	-114
2054	-114
2054	-110
2055	-106
2058	-103
2062	-101
2065	-99
2068	-98
2073	-97
2079	-96
2086	-98
2096	-102
2104	-103
2112	-105
2113	-101
2116	-99
2122	-99
2128	-99
2133	-98
2137	-97
2140	-94
2143	-92
2144	-88
2146	-85
2151	-84
2163	-89
2176	-95
2183	-96
2187	-94
2188	-90
2179	-78
2187	-80
2196	-82
2201	-80
2209	-82
2219	-86
2227	-87
2231	-85
2232	-81
2234	-78
2239	-77
2240	-72
2246	-72
2256	-75
2258	-72
2264	-72
2273	-73
2275	-70
2279	-69
2284	-68
2285	-64
2287	-60
2287	-56
2287	-51
2287	-46
2288	-42
2290	-39
2292	-35
2297	-34
2305	-35
2313	-36
2313	-32
2314	-28
2316	-24
2318	-21
2321	-18
2321	-14
2322	-10
2323	-6
2324	-2
2324	3
2324	7
2325	11
2325	16
2326	20
2329	23
2328	28
2329	32
2325	39
2322	46
2322	50
2324	54
2327	56
2331	58
2332	62
2334	66
2334	70
2328	79
2329	82
2328	88
2327	93
2329	96
2331	99
2331	104
2328	110
2329	114
2329	118
2330	123
2331	126
2333	129
2333	134
2333	138
2336	141
2336	145
2336	149
2336	154
2336	158
2334	164
2333	169
2338	171
2339	174
2341	177
2343	181
2343	185
2342	190
2343	194
2344	197
2342	203
2344	206
2344	211
2347	213
2347	217
2348	221
2347	226
2349	229
2349	233
2348	238
2349	242
2351	245
2352	249
2350	254
2350	258
2350	262
2352	266
2354	269
2355	272
2356	276
2356	280
2356	285
2355	290
2351	296
2349	301
2354	303
2357	305
2359	308
2359	313
2360	316
2361	320
2361	324
2359	329
2357	334
2359	338
2363	339
2364	343
2364	347
2367	350
2365	355
2363	360
2364	364
2366	367
2367	371
2368	374
2369	377
2370	381
2371	385
2372	388
2372	393
2373	396
2370	402
2372	404
2372	409
2374	412
2375	415
2375	419
2374	424
2373	428
2376	431
2379	433
2379	437
2380	441
2383	443
2388	445
2391	447
2391	452
2394	454
2399	456
2399	459
2399	464
2401	467
2400	471
2401	475
2404	477
2404	481
2406	484
2407	488
2407	492
2407	496
2407	500
2404	505
2407	508
2408	511
2408	515
2407	519
2405	524
2405	529
2411	530
2413	533
2413	537
2415	540
2414	544
2415	548
2413	552
2413	556
2415	559
2417	562
2417	566
2417	570
2418	574
2418	577
2418	581
2418	585
2420	588
2421	592
2422	595
2423	599
2425	602
2424	606
2425	609
2427	612
2429	616
2430	619
2431	622
2432	626
2434	629
2436	632
2434	636
2435	640
2437	643
2437	647
2440	649
2440	653
2441	657
2438	662
2438	666
2436	670
2437	674
2439	677
2441	679
2441	684
2440	688
2440	691
2441	695
2442	698
2443	701
2443	705
2442	709
2444	712
2446	716
2445	720
2446	723
2448	726
2449	730
2449	733
2448	738
2447	742
2447	745
2448	749
2448	752
2450	755
2451	759
2452	762
2451	766
2451	770
2451	774
2452	777
2452	781
2452	785
2452	788
2452	792
2453	795
2455	798
2455	802
2455	806
2458	809
2459	812
2458	816
2457	820
2458	823
2460	826
2462	829
2461	833
2459	838
2459	841
2460	845
2460	848
2462	852
2464	855
2465	858
2465	861
2465	865
2466	868
2466	872
2465	876
2464	880
2465	883
2467	886
2468	890
2467	894
2467	897
2468	901
2469	904
2469	908
2469	911
2468	915
2468	919
2470	922
2471	925
2473	928
2473	932
2472	936
2474	939
2475	942
2477	945
2478	948
2479	952
2480	955
2482	958
2481	962
2481	966
2481	969
2481	973
2481	976
2481	980
2482	983
2483	987
2482	990
2481	994
2482	997
2484	1001
2486	1004
2487	1007
2487	1011
2487	1014
2488	1018
2488	1021
2488	1024
2487	1028
2487	1032
2486	1036
2487	1039
2489	1042
2493	1045
2493	1048
2495	1051
2496	1055
2496	1058
2494	1062
2492	1066
2493	1070
2493	1073
2495	1076
2495	1080
2497	1083
2497	1086
2495	1090
2495	1094
2497	1097
2499	1100
2498	1104
2499	1107
2501	1110
2501	1114
2500	1118
2499	1121
2500	1124
2501	1128
2501	1131
2501	1135
2502	1138
2505	1141
2505	1144
2507	1148
2507	1151
2505	1155
2505	1159
2507	1162
2507	1165
2505	1169
2506	1172
2506	1176
2504	1180
2504	1183
2506	1186
2506	1190
2505	1194
2506	1197
2507	1200
2508	1203
2508	1207
2508	1210
2508	1214
2508	1218
2508	1221
2509	1224
2509	1228
2510	1231
2511	1234
2511	1238
2512	1241
2513	1244
2514	1248
2514	1251
2516	1254
2518	1258
2519	1261
2521	1264
2520	1268
2520	1271
2521	1274
2523	1278
2523	1281
2524	1284
2526	1287
2526	1291
2527	1294
2527	1298
2526	1301
2528	1305
2528	1308
2529	1311
2530	1315
2530	1318
2530	1322
2531	1325
2531	1328
2532	1332
2532	1335
2533	1339
2533	1342
2535	1345
2534	1349
2535	1352
2535	1356
2535	1359
2536	1362
2536	1366
2536	1369
2536	1373
2536	1376
2537	1380
2538	1383
2540	1386
2539	1390
2539	1393
2541	1396
2541	1400
2543	1403
2543	1406
2540	1410
2539	1414
2539	1417
2541	1420
2543	1424
2545	1427
2547	1430
2547	1434
2546	1437
2543	1441
2543	1444
2544	1448
2545	1451
2546	1455
2546	1458
2547	1461
2548	1465
2546	1468
2546	1472
2547	1475
2550	1478
2549	1482
2548	1485
2547	1489
2549	1492
2550	1496
2550	1499
2550	1502
2551	1506
2552	1509
2553	1513
2552	1516
2554	1519
2556	1523
2557	1526
2557	1529
2555	1533
2556	1536
2557	1540
2555	1543
2556	1547
2556	1550
2557	1554
2556	1557
2556	1561
2556	1564
2557	1567
2558	1571
2561	1574
2562	1578
2562	1581
2562	1584
2563	1588
2564	1591
2564	1595
2570	1598
2574	1601
2573	1605
2571	1608
2571	1612
2570	1615
2571	1619
2573	1622
2575	1625
2575	1629
2575	1632
2575	1636
2576	1639
2577	1643
2578	1646
2579	1650
2579	1653
2577	1657
2577	1660
2577	1663
2576	1667
2577	1670
2579	1674
2579	1677
