2626	1667
2625	1671
2624	1675
2624	1678
2626	1682
2627	1685
2631	1692
2630	1696
2629	1699
2628	1703
2628	1706
2629	1710
2628	1713
2630	1717
2631	1720
2634	1724
2635	1727
2635	1731
2634	1735
2634	1738
2635	1742
2635	1745
2636	1749
2637	1752
2638	1756
2638	1759
2638	1763
2638	1766
2638	1770
2638	1774
2639	1777
2640	1781
2642	1784
2643	1788
2642	1791
2643	1795
2644	1799
2644	1802
2644	1806
2645	1809
2646	1813
2647	1816
2647	1820
2647	1824
2647	1827
2648	1831
2648	1834
2649	1838
2648	1841
2648	1845
2648	1848
2647	1852
2647	1856
2649	1859
2649	1863
2649	1866
2650	1870
2650	1874
2651	1877
2651	1881
2651	1884
2651	1888
2652	1892
2653	1895
2651	1899
2652	1902
2654	1906
2656	1910
2656	1913
2657	1917
2657	1921
2655	1924
2656	1928
2658	1931
2658	1935
2659	1939
2659	1942
2659	1946
2659	1950
2659	1953
2658	1957
2659	1960
2660	1964
2660	1968
2661	1971
2662	1975
2662	1979
2663	1982
2663	1986
2664	1990
2664	1993
2663	1997
2664	2001
2664	2004
2666	2008
2666	2012
2667	2015
2669	2019
2670	2023
2671	2027
2670	2030
2671	2034
2671	2038
2672	2041
2672	2045
2674	2049
2673	2053
2672	2056
2673	2060
2677	2064
2675	2067
2674	2071
2673	2074
2676	2078
2677	2082
2679	2086
2681	2090
2685	2094
2685	2098
2684	2102
2685	2106
2687	2109
2690	2114
2692	2118
2696	2122
2695	2126
2694	2129
2695	2133
2696	2137
2697	2141
2696	2144
2698	2148
2700	2152
2700	2156
2702	2160
2701	2164
2701	2167
2701	2171
2700	2175
2702	2179
2703	2183
2703	2186
2704	2190
2705	2194
2705	2198
2704	2202
2705	2205
2705	2209
2705	2213
2706	2217
2707	2221
2706	2224
2705	2228
2707	2232
2707	2236
2707	2240
2707	2243
2708	2247
2709	2251
2709	2255
2710	2259
2711	2263
2710	2267
2710	2271
2709	2274
2709	2278
2711	2282
2713	2286
2713	2290
2714	2294
2713	2298
2713	2302
2713	2305
2713	2309
2713	2313
2713	2317
2713	2321
2714	2325
2714	2329
2714	2332
2714	2336
2714	2340
2714	2344
2714	2348
2715	2352
2715	2356
2714	2359
2714	2363
2715	2367
2715	2371
2715	2375
2715	2379
2716	2383
2715	2387
2715	2390
2714	2394
2715	2398
2716	2402
2715	2406
2714	2410
2715	2414
2714	2417
2713	2421
2714	2425
2715	2429
2714	2433
2714	2437
2714	2441
2714	2444
2713	2448
2714	2452
2714	2456
2714	2460
2714	2464
2714	2468
2714	2472
2713	2476
2713	2480
2715	2484
2716	2488
2715	2492
2715	2496
2716	2500
2715	2504
2715	2508
2714	2511
2714	2515
2715	2520
2714	2523
2715	2527
2715	2532
2715	2536
2714	2539
2712	2543
2711	2546
2713	2551
2714	2555
2714	2559
2713	2563
2713	2567
2714	2571
2714	2575
2712	2578
2714	2583
2715	2587
2715	2591
2714	2595
2714	2599
2715	2603
2716	2608
2715	2612
2714	2615
2715	2620
2715	2624
2714	2627
2715	2632
2715	2636
2716	2640
2717	2645
2716	2649
2716	2652
2717	2657
2716	2661
2715	2664
2716	2669
2716	2673
2715	2677
2716	2681
2715	2685
2714	2689
2714	2693
2712	2696
2712	2700
2715	2705
2715	2709
2715	2714
2715	2718
2715	2722
2715	2726
2716	2730
2714	2734
2714	2738
2714	2742
2715	2747
2713	2750
2714	2755
2715	2759
2714	2763
2713	2767
2714	2771
2715	2776
2715	2780
2714	2784
2715	2789
2714	2793
2715	2797
2716	2802
2717	2806
2717	2810
2716	2814
2717	2819
2719	2824
2720	2829
2720	2833
2721	2838
2719	2841
2719	2845
2719	2850
2718	2854
2717	2857
2717	2862
2719	2867
2720	2871
2720	2876
2719	2880
2719	2884
2721	2889
2724	2895
2722	2898
2721	2902
2724	2908
2726	2913
2725	2917
2724	2921
2725	2926
2726	2931
2726	2935
2725	2939
2725	2943
2727	2949
2727	2953
2728	2958
2728	2962
2727	2966
2726	2970
2726	2975
2726	2979
2725	2983
2725	2987
2726	2992
2725	2996
2725	3001
2726	3006
2725	3010
2725	3014
2725	3018
2725	3023
2725	3027
2725	3032
2726	3037
2727	3042
2727	3046
2723	3049
2720	3052
2719	3057
2721	3062
2721	3066
2721	3071
2723	3076
2725	3082
2726	3087
2725	3091
2726	3096
2725	3100
2724	3105
2725	3110
2727	3115
2726	3119
2727	3124
2727	3129
2727	3134
2721	3135
2702	3130
2685	3125
2676	3125
2672	3128
2671	3132
2668	3135
2665	3138
2661	3140
2658	3143
2655	3146
2653	3150
2651	3154
2651	3158
2651	3163
2652	3168
2658	3175
2665	3184
2669	3191
2676	3199
2695	3215
2728	3237
2728	3242
2727	3247
2728	3252
2727	3256
2727	3261
2727	3266
2728	3271
2727	3275
2726	3280
2726	3285
2726	3289
2725	3294
2725	3299
2724	3303
2724	3308
2724	3313
2723	3317
2722	3321
2722	3326
2722	3331
2723	3336
2722	3341
2721	3345
2720	3349
2719	3354
2720	3359
2718	3363
2717	3368
2717	3373
2718	3378
2718	3383
2717	3388
2717	3392
2716	3397
2716	3402
2714	3406
2714	3411
2713	3415
2714	3421
2713	3425
2712	3430
2712	3435
2710	3439
2708	3442
2707	3447
2709	3453
2709	3458
2708	3463
2708	3468
2707	3472
2706	3477
2705	3481
2704	3486
2702	3490
2700	3494
2700	3499
2700	3504
2699	3508
2699	3514
2697	3517
2694	3521
2693	3525
2692	3530
2693	3536
2695	3542
2694	3547
2692	3551
2691	3556
2690	3560
2689	3565
2688	3569
2687	3574
2686	3578
2687	3584
2686	3589
2684	3593
2684	3598
2686	3605
2686	3610
2688	3617
2688	3622
2686	3627
2684	3630
2683	3635
2681	3639
2680	3644
2680	3649
2681	3655
2680	3660
2679	3665
2679	3670
2678	3675
2677	3679
2676	3684
2675	3690
2675	3695
2675	3700
2672	3704
2671	3709
2671	3714
2670	3719
2668	3723
2666	3727
2669	3735
2668	3740
2666	3744
2664	3748
2664	3753
2663	3758
2663	3764
2661	3768
2660	3773
2659	3778
2658	3783
2657	3787
2655	3792
2652	3795
2653	3802
2652	3807
2652	3812
2651	3817
2651	3823
2650	3828
2647	3831
2646	3836
2645	3841
2643	3845
2642	3850
2641	3855
2640	3860
2639	3865
2637	3870
2639	3877
2638	3882
2636	3886
2635	3891
2632	3895
2631	3900
2630	3906
2630	3911
2629	3916
2628	3921
2627	3926
2626	3931
2625	3936
2624	3942
2622	3946
2624	3954
2623	3959
2623	3965
2622	3970
2621	3976
2621	3981
2620	3987
2618	3991
2617	3996
2620	4005
2620	4011
2618	4016
2606	4011
2589	4003
2584	4004
2583	4009
2582	4015
2582	4021
2579	4025
2581	4033
2599	4055
2613	4073
2614	4080
2613	4086
2612	4091
2609	4095
2609	4101
2607	4106
2605	4111
2605	4117
2607	4125
2605	4130
2604	4135
2603	4141
2602	4146
2601	4152
2599	4156
2597	4161
2596	4166
2593	4171
2592	4176
2590	4180
2588	4185
2588	4191
2587	4197
2588	4205
2586	4210
2586	4216
2585	4222
2583	4227
2580	4231
2579	4236
2577	4241
2575	4246
2575	4252
2575	4259
2574	4265
2572	4270
2570	4275
2570	4281
2568	4286
2567	4292
2564	4296
2562	4301
2564	4309
2564	4316
2563	4322
2288	4059
2285	4062
2282	4065
2279	4069
2284	4086
2282	4090
2278	4092
2274	4095
2274	4101
2543	4393
2538	4395
2534	4397
2532	4402
2530	4408
2529	4413
2526	4417
2522	4420
2519	4424
2517	4430
2517	4437
2514	4441
2511	4445
2509	4450
2507	4455
2504	4459
2501	4464
2497	4466
2495	4471
2494	4477
2492	4482
2489	4486
2485	4490
2483	4495
2480	4499
2481	4508
2478	4512
2475	4516
2473	4521
2471	4525
2467	4530
2465	4534
2463	4539
2460	4543
2457	4547
2454	4552
2452	4558
2452	4565
2449	4569
2446	4573
2443	4577
2440	4582
2437	4586
2434	4590
2433	4596
2429	4600
2428	4605
2424	4609
2421	4614
2419	4618
2417	4624
2414	4629
2412	4633
2409	4638
2407	4643
2403	4647
2399	4650
2396	4653
2392	4657
2390	4662
2387	4667
2383	4669
2379	4673
2376	4677
2373	4682
2371	4687
2367	4691
2364	4695
2361	4699
2359	4704
2355	4708
2352	4712
2348	4715
2345	4719
2342	4724
2339	4729
2335	4732
2332	4736
2329	4740
2326	4744
2322	4748
2318	4750
2314	4754
2310	4757
2307	4761
2304	4765
2300	4769
2297	4773
2293	4777
2290	4781
2288	4786
2285	4791
2281	4795
2278	4799
2274	4803
2270	4806
2266	4809
2263	4812
2260	4817
2257	4823
2253	4826
2249	4828
2245	4832
2242	4836
2239	4841
2237	4846
2235	4852
2233	4858
2229	4862
2226	4866
2223	4870
2219	4874
2216	4879
2212	4882
2209	4887
2205	4890
2202	4894
2199	4898
2195	4903
2192	4908
2190	4913
2187	4918
2184	4923
2181	4928
2178	4932
2176	4938
2173	4943
2170	4948
2167	4953
2164	4957
2161	4962
2157	4966
2152	4968
2149	4972
2145	4975
2141	4979
2137	4983
2134	4987
2130	4991
2127	4995
2123	4998
2119	5002
2115	5005
2112	5010
2108	5014
2106	5019
2103	5026
2100	5030
2097	5035
2093	5038
2089	5042
2086	5046
2082	5051
2079	5055
2075	5058
2071	5063
2068	5067
2064	5071
2061	5076
2057	5080
2053	5083
2050	5087
2046	5092
2043	5096
2039	5100
2035	5103
2030	5106
2026	5110
2022	5112
2017	5115
2014	5119
2009	5121
2005	5125
2001	5128
1997	5132
1994	5136
1990	5141
1986	5144
1982	5148
1978	5151
1973	5153
1969	5158
1967	5164
1964	5170
1960	5173
1956	5177
1952	5180
1948	5184
1943	5185
1937	5186
1933	5190
1929	5193
1925	5196
1920	5199
1917	5203
1913	5208
1911	5215
1908	5220
1903	5223
1898	5225
1895	5229
1890	5232
1885	5233
1881	5237
1878	5242
1873	5244
1868	5247
1865	5251
1860	5255
1857	5259
1853	5263
1849	5266
1844	5269
1840	5272
1836	5276
1830	5277
1826	5280
1821	5281
1817	5286
1812	5287
1807	5291
1803	5293
1798	5295
1792	5296
1788	5298
1784	5303
1780	5307
1776	5312
1773	5316
1768	5319
1764	5322
1758	5323
1754	5327
1751	5333
1748	5339
1744	5343
1740	5346
1736	5350
1732	5354
1728	5357
1723	5361
1719	5363
1713	5365
1707	5364
1702	5366
1697	5368
1693	5372
1690	5379
1686	5381
1681	5383
1676	5385
1671	5388
1667	5391
1661	5392
1657	5395
1652	5397
1647	5399
1642	5402
1638	5405
1633	5407
1628	5410
1624	5413
1617	5412
1612	5414
1608	5417
1604	5422
1600	5426
1595	5427
1590	5429
1585	5431
1580	5433
1575	5435
1571	5439
1566	5442
1561	5444
1556	5446
1551	5448
1547	5450
1542	5452
1537	5454
1532	5458
1527	5459
1522	5460
1517	5462
1512	5466
1508	5469
1503	5471
1498	5472
1493	5474
1488	5476
1483	5479
1479	5483
1474	5486
1470	5489
1465	5492
1461	5496
1457	5499
1452	5503
1448	5506
1443	5509
1438	5511
1433	5512
1427	5513
1422	5514
1417	5516
1412	5519
1408	5522
1403	5524
1398	5526
1392	5527
1387	5528
1382	5530
1378	5534
1373	5537
1368	5539
1363	5541
1358	5543
1353	5544
1349	5548
1344	5552
1340	5556
1335	5559
1331	5562
1326	5565
1322	5569
1318	5573
1313	5578
1309	5582
1304	5584
1299	5585
1293	5586
1289	5590
1284	5592
1280	5596
1275	5600
1270	5602
1266	5605
1260	5606
1255	5608
1251	5612
1246	5616
1242	5618
1236	5620
1231	5620
1225	5621
1220	5622
1215	5625
1209	5625
1204	5624
1199	5626
1194	5629
1188	5630
1184	5634
1179	5636
1174	5637
1169	5641
1164	5644
1160	5647
1155	5649
1149	5651
1144	5651
1138	5651
1133	5652
1128	5654
1123	5657
1118	5659
1113	5663
1108	5665
1104	5668
1098	5668
1093	5670
1088	5672
1083	5675
1078	5677
1072	5677
1067	5677
1062	5680
1057	5681
1051	5681
1045	5681
1041	5685
1036	5689
1030	5688
1024	5686
1018	5686
1014	5689
1009	5692
1004	5694
998	5693
993	5694
987	5696
983	5699
978	5701
973	5704
968	5706
962	5707
957	5709
951	5705
945	5707
941	5711
936	5712
930	5712
924	5712
918	5709
913	5710
908	5712
903	5715
898	5718
893	5720
888	5723
883	5726
878	5728
873	5730
867	5731
861	5728
855	5726
850	5726
844	5727
839	5727
834	5730
830	5735
825	5739
819	5739
814	5741
810	5746
805	5751
801	5757
796	5758
790	5759
785	5762
780	5763
774	5762
769	5763
764	5764
758	5766
753	5767
747	5766
742	5768
736	5768
731	5768
726	5769
720	5771
715	5772
710	5773
704	5774
699	5774
693	5773
687	5772
682	5772
677	5773
671	5773
666	5773
660	5771
654	5769
648	5770
643	5772
638	5773
632	5772
627	5773
622	5775
617	5777
612	5779
606	5780
601	5781
595	5782
590	5781
584	5781
579	5782
574	5782
568	5780
562	5779
557	5779
551	5778
546	5781
541	5783
536	5786
530	5786
525	5790
520	5793
515	5793
509	5794
504	5796
500	5802
494	5803
489	5804
484	5810
479	5813
474	5814
468	5815
463	5816
458	5818
453	5819
447	5820
442	5824
437	5825
431	5825
426	5826
421	5829
415	5830
410	5830
405	5834
399	5830
393	5828
388	5828
382	5826
376	5825
371	5824
365	5824
360	5827
355	5830
350	5833
345	5835
339	5837
334	5837
329	5840
324	5844
318	5846
313	5846
307	5846
302	5846
296	5847
291	5849
286	5850
280	5850
275	5850
269	5849
264	5848
258	5849
253	5849
247	5851
242	5851
236	5851
231	5851
225	5851
220	5852
215	5853
209	5854
204	5857
199	5859
193	5858
187	5857
182	5855
176	5855
171	5857
166	5860
160	5863
103	5034
98	5032
94	5033
89	5030
85	5027
81	5026
76	5027
72	5028
67	5024
63	5014
58	5008
54	5007
49	5003
45	5002
40	5003
36	5005
32	5008
28	5010
23	5013
19	5022
15	5027
11	5028
6	5027
2	5027
-3	5029
-7	5032
-11	5033
-20	5865
-26	5867
-31	5866
-37	5865
-42	5864
-47	5865
-53	5866
-58	5866
-64	5866
-69	5864
-75	5862
-80	5863
-86	5862
-91	5861
-97	5859
-102	5858
-107	5856
-113	5855
-118	5854
-124	5854
-129	5855
-135	5856
-140	5857
-146	5856
-151	5855
-157	5852
-162	5851
-167	5851
-173	5851
-178	5852
-184	5853
-189	5853
-195	5855
-200	5856
-206	5856
-211	5857
-217	5856
-222	5855
-228	5856
-233	5858
-239	5857
-244	5855
-249	5856
-255	5857
-260	5858
-266	5858
-271	5856
-277	5855
-282	5855
-288	5855
-293	5855
-299	5854
-304	5853
-309	5852
-315	5849
-320	5846
-326	5848
-331	5848
-336	5845
-342	5842
-347	5842
-353	5843
-358	5844
-364	5844
-369	5844
-374	5844
-380	5843
-385	5841
-390	5837
-396	5835
-401	5837
-407	5835
-412	5832
-417	5828
-422	5826
-428	5825
-433	5823
-438	5820
-444	5821
-449	5824
-455	5826
-461	5827
-466	5829
-472	5830
-477	5830
-482	5827
-488	5825
-493	5823
-498	5822
-504	5822
-509	5821
-515	5822
-520	5822
-526	5825
-532	5826
-537	5827
-543	5828
-548	5826
-553	5823
-559	5822
-564	5818
-569	5813
-574	5811
-579	5809
-584	5809
-590	5808
-595	5803
-600	5802
-606	5804
-611	5805
-617	5806
-622	5806
-628	5805
-633	5804
-638	5799
-643	5797
-648	5795
-654	5794
-659	5795
-665	5796
-670	5795
-675	5793
-681	5791
-686	5789
-691	5788
-696	5787
-702	5785
-707	5783
-712	5781
-717	5780
-722	5778
-728	5775
-733	5772
-738	5769
-743	5768
-748	5767
-754	5766
-759	5763
-763	5759
-768	5756
-774	5755
-779	5755
-784	5752
-789	5749
-794	5747
-799	5746
-804	5743
-809	5740
-815	5739
-820	5738
-825	5736
-830	5733
-835	5730
-840	5728
-845	5727
-851	5728
-856	5728
-862	5726
-867	5725
-872	5722
-877	5723
-882	5721
-888	5719
-893	5718
-899	5719
-904	5721
-910	5721
-915	5719
-920	5718
-926	5718
-931	5716
-936	5715
-942	5716
-947	5715
-952	5713
-958	5711
-962	5708
-968	5707
-973	5706
-978	5703
-983	5701
-988	5699
-993	5698
-999	5699
-1004	5698
-1010	5698
-1015	5697
-1020	5696
-1025	5693
-1031	5692
-1036	5691
-1041	5690
-1046	5685
-1050	5682
-1055	5678
-1059	5674
-1064	5671
-1070	5671
-1075	5669
-1079	5664
-1082	5656
-1087	5650
-1092	5651
-1098	5651
-1102	5647
-1107	5643
-1112	5643
-1118	5642
-1123	5643
-1129	5642
-1134	5640
-1139	5638
-1144	5637
-1148	5633
-1154	5631
-1159	5629
-1163	5627
-1168	5623
-1172	5618
-1177	5615
-1182	5612
-1186	5610
-1192	5609
-1197	5608
-1202	5604
-1207	5603
-1212	5603
-1218	5603
-1223	5600
-1228	5599
-1233	5598
-1238	5596
-1243	5593
-1247	5589
-1252	5586
-1257	5585
-1262	5584
-1268	5583
-1273	5583
-1279	5583
-1284	5582
-1289	5580
-1294	5578
-1299	5577
-1305	5576
-1309	5572
-1314	5569
-1318	5565
-1323	5563
-1328	5561
-1333	5560
-1339	5560
-1344	5559
-1349	5557
-1354	5555
-1358	5551
-1363	5548
-1368	5547
-1373	5544
-1377	5541
-1382	5540
-1388	5538
-1392	5535
-1397	5534
-1402	5532
-1407	5529
-1412	5526
-1416	5524
-1421	5521
-1426	5518
-1429	5513
-1433	5508
-1438	5505
-1443	5503
-1447	5499
-1451	5495
-1456	5491
-1460	5489
-1465	5486
-1470	5483
-1474	5480
-1478	5477
-1483	5473
-1487	5470
-1492	5467
-1497	5466
-1502	5465
-1507	5464
-1512	5462
-1517	5460
-1522	5458
-1527	5457
-1532	5455
-1537	5453
-1543	5453
-1548	5452
-1553	5449
-1557	5445
-1562	5442
-1567	5441
-1571	5438
-1576	5436
-1582	5435
-1586	5433
-1590	5429
-1594	5425
-1599	5421
-1603	5417
-1608	5415
-1613	5414
-1618	5412
-1623	5411
-1628	5410
-1633	5408
-1638	5406
-1642	5403
-1647	5400
-1652	5398
-1657	5395
-1661	5393
-1666	5390
-1669	5385
-1673	5381
-1677	5377
-1682	5375
-1687	5373
-1692	5370
-1696	5366
-1700	5362
-1703	5357
-1706	5352
-1710	5347
-1713	5340
-1716	5334
-1719	5329
-1724	5327
-1731	5329
-1735	5326
-1739	5323
-1744	5319
-1748	5316
-1752	5312
-1757	5310
-1761	5308
-1765	5304
-1769	5300
-1774	5298
-1779	5295
-1783	5293
-1788	5292
-1794	5290
-1798	5287
-1801	5281
-1805	5277
-1809	5274
-1813	5271
-1817	5267
-1821	5263
-1825	5259
-1830	5257
-1835	5256
-1840	5254
-1844	5251
-1848	5248
-1853	5246
-1858	5243
-1862	5240
-1866	5236
-1870	5233
-1873	5228
-1877	5224
-1881	5220
-1885	5216
-1889	5213
-1893	5209
-1897	5206
-1901	5202
-1905	5199
-1909	5195
-1913	5191
-1916	5187
-1920	5184
-1924	5179
-1928	5175
-1931	5171
-1935	5167
-1938	5162
-1941	5157
-1945	5153
-1949	5149
-1952	5145
-1957	5142
-1961	5139
-1964	5135
-1968	5131
-1972	5127
-1977	5125
-1980	5120
-1984	5117
-1988	5113
-1991	5108
-1995	5104
-1999	5101
-2002	5097
-2006	5093
-2010	5090
-2014	5086
-2018	5083
-2021	5078
-2024	5073
-2028	5069
-2033	5067
-2037	5066
-2041	5061
-2044	5057
-2049	5054
-2053	5051
-2057	5048
-2061	5046
-2065	5041
-2069	5038
-2072	5034
-2076	5030
-2080	5028
-2084	5024
-2088	5021
-2092	5017
-2095	5013
-2098	5008
-2103	5006
-2107	5003
-2111	4999
-2115	4996
-2118	4991
-2121	4986
-2124	4982
-2128	4978
-2131	4974
-2133	4968
-2136	4963
-2141	4961
-2144	4957
-2147	4952
-2152	4950
-2157	4948
-2160	4945
-2164	4940
-2167	4936
-2171	4933
-2175	4930
-2179	4927
-2183	4924
-2186	4919
-2189	4915
-2193	4910
-2196	4906
-2199	4901
-2202	4898
-2207	4896
-2210	4891
-2213	4887
-2216	4882
-2219	4878
-2223	4874
-2227	4872
-2230	4866
-2233	4863
-2237	4860
-2240	4855
-2245	4852
-2249	4849
-2252	4846
-2255	4840
-2258	4837
-2262	4833
-2265	4829
-2267	4823
-2271	4820
-2275	4817
-2279	4814
-2282	4809
-2286	4806
-2289	4803
-2292	4798
-2296	4795
-2300	4792
-2304	4789
-2308	4785
-2313	4783
-2317	4781
-2321	4777
-2325	4775
-2328	4771
-2330	4765
-2334	4762
-2336	4756
-2339	4752
-2343	4749
-2348	4746
-2351	4743
-2355	4740
-2358	4736
-2361	4730
-2364	4727
-2368	4724
-2371	4719
-2374	4715
-2377	4711
-2380	4707
-2383	4702
-2386	4698
-2389	4694
-2393	4691
-2395	4686
-2398	4681
-2401	4677
-2402	4671
-2404	4664
-2407	4660
-2409	4655
-2412	4650
-2414	4646
-2418	4642
-2420	4637
-2423	4633
-2425	4628
-2428	4623
-2431	4619
-2433	4614
-2436	4609
-2438	4604
-2440	4598
-2440	4591
-2442	4586
-2445	4582
-2448	4578
-2450	4572
-2451	4567
-2454	4562
-2456	4557
-2459	4553
-2462	4549
-2464	4543
-2466	4538
-2467	4532
-2470	4528
-2473	4524
-2473	4516
-2475	4511
-2478	4508
-2481	4504
-2482	4497
-2484	4492
-2486	4487
-2489	4483
-2491	4478
-2493	4472
-2495	4468
-2498	4464
-2500	4459
-2503	4455
-2504	4449
-2507	4444
-2509	4440
-2512	4436
-2514	4431
-2516	4426
-2518	4421
-2519	4415
-2522	4411
-2523	4405
-2526	4401
-2528	4397
-2530	4391
-2530	4384
-2529	4376
-2531	4371
-2532	4366
-2535	4361
-2537	4357
-2539	4352
-2542	4348
-2544	4343
-2545	4337
-2547	4333
-2549	4327
-2550	4322
-2552	4317
-2553	4311
-2553	4305
-2556	4301
-2560	4298
-2561	4292
-2562	4286
-2564	4281
-2567	4278
-2569	4273
-2572	4269
-2573	4264
-2574	4258
-2574	4252
-2575	4246
-2577	4241
-2578	4236
-2580	4231
-2582	4227
-2584	4222
-2584	4215
-2587	4211
-2589	4207
-2590	4202
-2592	4196
-2593	4191
-2597	4188
-2601	4185
-2603	4181
-2602	4174
-2603	4168
-2604	4163
-2608	4160
-2612	4157
-2610	4150
-2612	4144
-2613	4139
-2617	4136
-2618	4131
-2620	4127
-2622	4123
-2624	4117
-2625	4112
-2626	4107
-2627	4102
-2627	4095
-2628	4089
-2632	4087
-2635	4083
-2636	4078
-2637	4073
-2637	4067
-2636	4060
-2638	4055
-2641	4052
-2645	4050
-2645	4043
-2644	4036
-2646	4031
-2649	4028
-2650	4023
-2651	4017
-2651	4012
-2652	4006
-2653	4001
-2655	3997
-2658	3993
-2658	3987
-2659	3982
-2661	3978
-2664	3974
-2665	3969
-2666	3965
-2669	3961
-2672	3957
-2674	3953
-2675	3948
-2675	3942
-2675	3936
-2672	3928
-2675	3924
-2679	3921
-2681	3917
-2681	3912
-2683	3907
-2683	3901
-2685	3897
-2687	3893
-2690	3890
-2691	3885
-2693	3880
-2694	3876
-2697	3873
-2698	3867
-2696	3860
-2699	3857
-2700	3851
-2701	3847
-2704	3843
-2707	3840
-2709	3836
-2710	3831
-2710	3826
-2712	3821
-2712	3815
-2713	3811
-2716	3807
-2716	3802
-2718	3797
-2720	3793
-2721	3788
-2721	3783
-2722	3778
-2723	3774
-2725	3769
-2727	3765
-2727	3759
-2726	3754
-2727	3748
-2729	3744
-2731	3740
-2732	3735
-2732	3730
-2732	3725
-2732	3719
-2734	3715
-2736	3711
-2737	3706
-2738	3701
-2739	3696
-2740	3692
-2741	3687
-2742	3682
-2743	3678
-2744	3674
-2746	3669
-2746	3664
-2747	3659
-2746	3653
-2748	3649
-2750	3645
-2751	3641
-2751	3635
-2751	3630
-2752	3625
-2754	3621
-2757	3618
-2757	3613
-2758	3608
-2760	3604
-2763	3601
-2763	3596
-2763	3591
-2765	3587
-2764	3581
-2766	3577
-2767	3572
-2769	3569
-2772	3565
-2773	3561
-2776	3557
-2776	3552
-2776	3547
-2777	3542
-2777	3537
-2777	3532
-2780	3529
-2783	3526
-2784	3522
-2783	3515
-2785	3512
-2785	3506
-2786	3502
-2788	3498
-2790	3494
-2791	3490
-2793	3486
-2794	3482
-2797	3478
-2800	3475
-2804	3473
-2805	3468
-2807	3464
-2807	3460
-2807	3454
-2808	3450
-2808	3445
-2808	3440
-2809	3435
-2808	3429
-2807	3424
-2808	3420
-2811	3417
-2812	3412
-2811	3407
-2812	3402
-2812	3397
-2813	3393
-2811	3386
-2808	3380
-2808	3375
-2807	3369
-2808	3365
-2807	3360
-2810	3356
-2810	3351
-2810	3346
-2808	3340
-2806	3334
-2807	3330
-2809	3326
-2809	3322
-2809	3316
-2808	3311
-2804	3304
-2805	3300
-2806	3295
-2807	3291
-2806	3286
-2806	3281
-2804	3275
-2802	3269
-2802	3264
-2802	3259
-2800	3254
-2802	3250
-2804	3247
-2804	3242
-2803	3236
-2799	3229
-2798	3224
-2800	3220
-2801	3216
-2799	3211
-2798	3205
-2798	3201
-2799	3197
-2800	3193
-2801	3188
-2802	3184
-2804	3180
-2803	3175
-2802	3170
-2800	3164
-2798	3159
-2800	3155
-2798	3149
-2797	3144
-2797	3140
-2798	3136
-2801	3133
-2803	3129
-2802	3124
-2801	3119
-2800	3114
-2799	3109
-2798	3104
-2796	3098
-2795	3093
-2791	3087
-2791	3082
-2790	3077
-2788	3072
-2787	3066
-2787	3062
-2787	3058
-2787	3053
-2786	3048
-2784	3043
-2785	3039
-2787	3036
-2788	3032
-2788	3027
-2786	3022
-2783	3016
-2783	3011
-2784	3008
-2785	3004
-2785	2999
-2784	2994
-2781	2989
-2779	2983
-2779	2979
-2780	2975
-2781	2971
-2780	2966
-2779	2961
-2779	2957
-2777	2952
-2773	2946
-2773	2941
-2772	2936
-2771	2932
-2772	2928
-2773	2924
-2773	2920
-2772	2915
-2770	2910
-2771	2906
-2769	2901
-2769	2897
-2770	2893
-2771	2889
-2771	2885
-2767	2879
-2767	2875
-2766	2870
-2763	2865
-2764	2861
-2765	2857
-2766	2853
-2765	2849
-2764	2844
-2762	2839
-2761	2834
-2761	2830
-2762	2827
-2764	2823
-2762	2818
-2760	2813
-2758	2808
-2758	2804
-2759	2800
-2759	2796
-2756	2791
-2757	2787
-2758	2784
-2761	2780
-2761	2777
-2760	2772
-2758	2767
-2757	2763
-2758	2759
-2762	2756
-2758	2751
-2756	2746
-2755	2741
-2755	2737
-2755	2733
-2753	2729
-2753	2724
-2751	2720
-2751	2716
-2750	2711
-2749	2707
-2748	2702
-2750	2699
-2751	2695
-2749	2691
-2746	2686
-2744	2681
-2743	2677
-2743	2673
-2743	2668
-2742	2664
-2742	2660
-2744	2657
-2744	2653
-2743	2649
-2744	2645
-2743	2641
-2742	2636
-2740	2632
-2739	2628
-2740	2624
-2739	2620
-2739	2616
-2737	2611
-2733	2606
-2732	2602
-2735	2599
-2734	2594
-2733	2590
-2733	2587
-2735	2583
-2737	2580
-2737	2576
-2734	2571
-2733	2567
-2734	2563
-2728	2558
-2730	2554
-2731	2551
-2729	2546
-2729	2542
-2728	2538
-2728	2535
-2729	2531
-2729	2527
-2728	2523
-2725	2518
-2724	2514
-2725	2511
-2726	2507
-2726	2503
-2723	2498
-2722	2494
-2722	2491
-2723	2487
-2724	2484
-2724	2480
-2723	2476
-2719	2471
-2719	2467
-2721	2464
-2723	2461
-2726	2458
-2727	2454
-2727	2450
-2727	2447
-2726	2443
-2726	2439
-2725	2435
-2726	2431
-2730	2429
-2730	2425
-2730	2421
-2727	2417
-2725	2412
-2723	2408
-2720	2404
-2715	2398
-2715	2395
-2715	2391
-2714	2387
-2713	2383
-2708	2378
-2708	2374
-2708	2371
-2709	2367
-2711	2364
-2711	2361
-2711	2357
-2709	2353
-2709	2349
-2709	2345
-2710	2342
-2708	2338
-2705	2333
-2705	2329
-2704	2326
-2702	2322
-2703	2318
-2702	2314
-2703	2311
-2700	2306
-2700	2303
-2702	2299
-2701	2296
-2700	2292
-2699	2288
-2699	2284
-2701	2281
-2699	2277
-2699	2274
-2696	2269
-2697	2266
-2697	2262
-2695	2258
-2695	2255
-2696	2251
-2696	2248
-2694	2244
-2694	2240
-2692	2236
-2692	2232
-2691	2229
-2691	2225
-2690	2221
-2690	2218
-2689	2214
-2689	2210
-2689	2207
-2687	2203
-2686	2199
-2686	2195
-2686	2192
-2685	2188
-2684	2184
-2684	2181
-2684	2177
-2683	2173
-2682	2170
-2681	2166
-2681	2162
-2680	2159
-2680	2155
-2681	2152
-2679	2148
-2679	2144
-2679	2141
-2677	2137
-2677	2134
-2676	2130
-2677	2127
-2677	2123
-2677	2120
-2676	2116
-2675	2112
-2676	2109
-2676	2105
-2677	2102
-2673	2098
-2674	2094
-2676	2091
-2674	2088
-2673	2084
-2674	2081
-2676	2077
-2676	2074
-2674	2070
-2671	2066
-2673	2063
-2672	2059
-2671	2056
-2666	2051
-2668	2048
-2666	2045
-2666	2041
-2666	2038
-2665	2034
-2664	2030
-2663	2027
-2662	2023
-2661	2020
-2661	2016
-2660	2013
-2661	2009
-2659	2006
-2658	2002
-2657	1998
-2656	1995
-2656	1991
-2654	1988
-2652	1984
-2650	1980
-2648	1977
-2650	1974
-2650	1970
-2648	1967
-2648	1963
-2647	1960
-2647	1956
-2645	1953
-2645	1949
-2646	1946
-2644	1942
-2641	1939
-2641	1935
-2640	1932
-2640	1928
-2641	1925
-2639	1921
-2638	1918
-2637	1914
-2638	1911
-2638	1908
-2637	1904
-2637	1901
-2636	1897
-2630	1893
-2630	1890
-2632	1887
-2631	1883
-2629	1880
-2630	1876
-2629	1873
-2629	1870
-2627	1866
-2625	1863
-2625	1859
-2625	1856
-2624	1853
-2624	1849
-2624	1846
-2625	1842
-2624	1839
-2621	1836
-2619	1832
-2620	1829
-2619	1825
-2619	1822
-2617	1819
-2617	1815
-2615	1812
-2616	1808
-2617	1805
-2616	1802
-2615	1798
-2613	1795
-2614	1792
-2612	1788
-2614	1785
-2612	1781
-2611	1778
-2613	1775
-2609	1771
-2609	1768
-2611	1765
-2614	1762
-2614	1758
-2614	1755
-2614	1751
-2613	1748
-2611	1745
-2609	1741
-2604	1738
-2603	1735
-2603	1731
-2603	1728
-2602	1725
-2601	1721
-2600	1718
-2600	1715
-2600	1711
-2598	1708
-2595	1705
-2595	1701
-2596	1698
-2596	1695
-2595	1691
-2592	1688
-2591	1685
-2590	1681
-2589	1678
-2588	1675
-2586	1672
-2585	1668
-2585	1665
-2587	1662
-2586	1658
-2584	1655
-2582	1652
-2581	1648
-2583	1645
-2581	1642
-2579	1639
-2579	1635
-2577	1632
-2576	1629
-2575	1626
-2574	1622
-2573	1619
-2573	1616
-2572	1612
-2572	1609
-2572	1606
-2570	1603
-2567	1600
-2565	1596
-2565	1593
-2564	1590
-2564	1586
-2564	1583
-2565	1580
-2564	1577
-2563	1573
-2564	1570
-2563	1567
-2563	1564
-2562	1560
-2560	1557
-2559	1554
-2558	1551
-2557	1548
-2556	1544
-2552	1541
-2552	1538
-2553	1535
-2552	1531
-2552	1528
-2551	1525
-2550	1522
-2549	1519
-2547	1515
-2547	1512
-2547	1509
-2544	1506
-2542	1503
-2543	1499
-2544	1496
-2543	1493
-2541	1490
-2540	1487
-2540	1483
-2540	1480
-2538	1477
-2537	1474
-2537	1471
-2539	1467
-2538	1464
-2537	1461
-2536	1458
-2533	1455
-2533	1451
-2534	1448
-2533	1445
-2533	1442
-2530	1439
-2527	1436
-2528	1432
-2529	1429
-2528	1426
-2527	1423
-2524	1420
-2520	1417
-2518	1414
-2519	1410
-2517	1407
-2514	1404
-2512	1402
-2510	1398
-2510	1395
-2511	1392
-2512	1388
-2513	1385
-2512	1382
-2511	1379
-2509	1376
-2508	1373
-2509	1369
-2508	1366
-2508	1363
-2505	1360
-2503	1357
-2502	1354
-2502	1351
-2502	1348
-2501	1344
-2499	1341
-2498	1338
-2498	1335
-2496	1332
-2496	1329
-2496	1326
-2494	1323
-2492	1320
-2490	1317
-2491	1313
-2491	1310
-2491	1307
-2488	1304
-2488	1301
-2485	1298
-2487	1294
-2487	1291
-2487	1288
-2484	1285
-2483	1282
-2482	1279
-2481	1276
-2481	1273
-2480	1269
-2480	1266
-2477	1263
-2477	1260
-2476	1257
-2476	1254
-2477	1250
-2475	1248
-2474	1245
-2470	1242
-2469	1239
-2470	1235
-2471	1232
-2471	1229
-2470	1226
-2469	1223
-2467	1220
-2466	1217
-2465	1214
-2463	1211
-2464	1207
-2464	1204
-2462	1201
-2461	1198
-2459	1195
-2459	1192
-2459	1189
-2461	1185
-2459	1182
-2457	1179
-2455	1176
-2456	1173
-2455	1170
-2453	1167
-2453	1164
-2451	1161
-2452	1157
-2450	1154
-2449	1152
-2448	1148
-2446	1146
-2446	1142
-2444	1140
-2441	1137
-2442	1134
-2443	1130
-2443	1127
-2442	1123
-2442	1120
-2440	1118
-2438	1115
-2438	1111
-2438	1108
-2437	1105
-2436	1102
-2435	1099
-2434	1096
-2434	1093
-2434	1089
-2431	1087
-2429	1084
-2430	1080
-2428	1078
-2426	1075
-2425	1072
-2424	1069
-2424	1066
-2422	1063
-2421	1060
-2422	1056
-2422	1053
-2421	1050
-2421	1046
-2419	1044
-2419	1040
-2418	1037
-2417	1034
-2416	1031
-2415	1028
-2414	1025
-2414	1022
-2414	1018
-2413	1015
-2411	1013
-2409	1010
-2408	1007
-2408	1003
-2407	1001
-2405	998
-2405	994
-2405	991
-2403	988
-2401	986
-2400	983
-2400	979
-2400	976
-2401	972
-2399	969
-2398	966
-2399	963
-2399	959
-2398	956
-2395	954
-2395	951
-2394	948
-2394	944
-2394	941
-2393	938
-2389	936
-2387	933
-2387	930
-2386	927
-2385	924
-2385	920
-2384	917
-2385	914
-2384	911
-2382	908
-2380	905
-2379	902
-2378	899
-2377	896
-2375	893
-2374	890
-2374	887
-2375	883
-2376	879
-2376	876
-2375	873
-2374	870
-2373	867
-2371	864
-2370	861
-2369	858
-2367	855
-2366	852
-2366	849
-2364	846
-2363	843
-2364	839
-2364	836
-2362	833
-2361	830
-2360	827
-2358	824
-2357	821
-2356	818
-2355	815
-2352	813
-2351	810
-2351	806
-2352	803
-2353	799
-2352	796
-2349	793
-2345	791
-2342	789
-2341	786
-2341	783
-2340	780
-2340	776
-2341	772
-2338	770
-2338	767
-2336	764
-2336	760
-2336	757
-2335	754
-2334	751
-2331	749
-2330	746
-2328	743
-2328	740
-2327	736
-2326	733
-2324	731
-2325	727
-2324	724
-2324	720
-2323	717
-2322	714
-2322	711
-2322	707
-2319	705
-2319	701
-2318	698
-2316	696
-2315	693
-2313	690
-2312	687
-2312	683
-2311	680
-2309	677
-2308	675
-2309	671
-2307	668
-2304	666
-2303	663
-2303	659
-2302	656
-2301	653
-2301	649
-2301	646
-2301	642
-2300	639
-2298	636
-2296	634
-2295	631
-2293	628
-2293	625
-2291	622
-2290	619
-2289	616
-2289	612
-2287	609
-2287	606
-2286	603
-2286	599
-2285	596
-2284	593
-2282	590
-2281	587
-2281	584
-2279	581
-2278	578
-2276	575
-2275	572
-2273	569
-2273	566
-2272	563
-2271	559
-2270	556
-2269	554
-2268	550
-2266	548
-2264	545
-2263	542
-2263	538
-2264	534
-2263	531
-2262	528
-2260	525
-2258	522
-2255	520
-2255	517
-2254	513
-2254	509
-2254	506
-2254	502
-2253	499
-2252	496
-2250	493
-2249	490
-2248	487
-2247	484
-2245	481
-2243	478
-2242	476
-2240	473
-2239	469
-2237	467
-2237	463
-2237	459
-2237	456
-2235	453
-2233	450
-2233	447
-2232	443
-2231	440
-2231	437
-2230	433
-2229	430
-2228	427
-2227	424
-2225	421
-2223	419
-2222	415
-2221	412
-2221	408
-2221	404
-2220	401
-2220	398
-2218	395
-2217	391
-2215	389
-2214	385
-2213	382
-2212	379
-2211	376
-2211	372
-2210	369
-2209	365
-2208	362
-2207	359
-2205	356
-2204	353
-2202	350
-2201	347
-2200	344
-2199	341
-2199	337
-2197	334
-2195	331
-2192	330
-2190	327
-2190	323
-2189	320
-2188	316
-2187	313
-2186	310
-2186	306
-2184	303
-2182	300
-2181	297
-2180	294
-2179	290
-2181	285
-2177	284
-2176	280
-2175	277
-2174	274
-2171	271
-2170	269
-2168	266
-2167	263
-2167	259
-2165	256
-2162	254
-2160	251
-2160	247
-2160	243
-2159	240
-2157	237
-2156	234
-2154	231
-2153	227
-2152	224
-2151	221
-2149	218
-2148	215
-2146	212
-2143	210
-2142	206
-2140	204
-2138	201
-2136	198
-2135	196
-2132	193
-2129	191
-2124	191
-2120	189
-2117	187
-2114	186
-2107	187
-2101	187
-2096	187
-2094	184
-2093	181
-2090	179
-2086	178
-2084	175
-2079	174
-2074	174
-2070	173
-2066	172
-2061	172
-2054	173
-2051	171
-2050	168
-2051	163
-2049	160
-2049	156
-2049	152
-2047	149
-2046	146
-2045	143
-2043	140
-2042	136
-2041	133
-2039	130
-2037	128
-2037	124
-2035	121
-2033	118
-2033	114
-2031	111
-2030	108
-2030	104
-2029	100
-2028	97
-2025	95
-2024	92
-2022	89
-2022	85
-2020	82
-2018	80
-2016	77
-2015	73
-2015	69
-2014	66
-2013	62
-2013	58
-2010	56
-2008	53
-2008	49
-2006	46
-2006	42
-2004	39
-2003	36
-2001	33
-1998	31
-1997	28
-1998	22
-1997	19
-1993	18
-1993	14
-1992	10
-1991	7
-1989	3
-1989	-0
-1986	-3
-1983	-5
-1982	-8
-1984	-14
-1987	-21
-1985	-24
-1984	-28
-1981	-30
-1980	-33
-1978	-36
-1978	-40
-1976	-43
-1975	-47
-1974	-51
-1973	-54
-1971	-57
-1970	-60
-1968	-64
-1967	-67
-1964	-69
-1964	-73
-1963	-77
-1961	-80
-1960	-83
-1958	-87
-1957	-90
-1955	-94
-1955	-98
-1954	-101
-1951	-103
-1952	-109
-1950	-111
-1947	-114
-1945	-116
-1945	-122
-1943	-124
-1941	-126
-1933	-124
-1919	-115
-1910	-111
-1906	-112
-1902	-113
-1899	-115
-1899	-119
-1898	-123
-1896	-126
-1895	-129
-1893	-132
-1891	-135
-1890	-139
-1889	-142
-1877	-135
-1869	-132
-1864	-132
-1857	-130
-1854	-131
-1853	-134
-1852	-138
-1851	-143
-1850	-146
-1846	-147
-1841	-146
-1836	-146
-1833	-148
-1831	-150
-1822	-146
-1815	-143
-1809	-142
-1806	-143
-1803	-145
-1802	-149
-1794	-146
-1789	-145
-1785	-145
-1782	-147
-1778	-148
-1774	-148
-1770	-148
-1766	-149
-1763	-151
-1758	-151
-1755	-152
-1750	-151
-1745	-151
-1742	-152
-1738	-153
-1735	-154
-1731	-155
-1724	-152
-1720	-152
-1718	-154
-1716	-157
-1715	-161
-1713	-164
-1708	-163
-1700	-159
-1693	-156
-1689	-156
-1688	-160
-1686	-162
-1680	-161
-1674	-159
-1667	-156
-1660	-152
-1654	-150
-1648	-148
-1643	-147
-1638	-146
-1634	-146
-1624	-139
-1618	-137
-1613	-136
-1610	-138
-1607	-139
-1603	-139
-1599	-139
-1596	-140
-1593	-142
-1590	-143
-1586	-142
-1581	-142
-1578	-143
-1575	-144
-1572	-146
-1571	-149
-1569	-152
-1568	-156
-1566	-158
-1565	-162
-1564	-165
-1563	-169
-1557	-167
-1546	-158
-1538	-152
-1531	-149
-1525	-147
-1519	-144
-1515	-143
-1511	-144
-1509	-146
-1508	-150
-1508	-154
-1505	-156
-1502	-156
-1496	-154
-1492	-154
-1491	-157
-1489	-160
-1488	-164
-1486	-166
-1484	-169
-1479	-167
-1472	-163
-1467	-161
-1454	-150
-1447	-144
-1442	-144
-1439	-145
-1437	-147
-1433	-147
-1429	-146
-1426	-147
-1424	-150
-1422	-151
-1417	-150
-1415	-153
-1414	-155
-1411	-156
-1409	-159
-1410	-166
-1400	-157
-1389	-146
-1384	-145
-1381	-146
-1378	-146
-1376	-149
-1373	-150
-1375	-157
-1377	-166
-1376	-169
-1368	-163
-1362	-159
-1356	-157
-1352	-155
-1347	-154
-1343	-154
-1341	-155
-1340	-159
-1335	-158
-1332	-158
-1330	-160
-1329	-164
-1328	-167
-1322	-164
-1316	-161
-1311	-158
-1308	-159
-1306	-161
-1304	-164
-1302	-166
-1299	-167
-1296	-168
-1294	-169
-1291	-171
-1288	-171
-1285	-172
-1280	-170
-1276	-169
-1273	-170
-1270	-170
-1267	-170
-1263	-169
-1258	-168
-1255	-168
-1251	-167
-1248	-168
-1244	-167
-1241	-168
-1239	-169
-1237	-172
-1233	-171
-1232	-175
-1230	-177
-1226	-177
-1223	-178
-1220	-178
-1217	-179
-1214	-179
-1211	-179
-1202	-170
-1197	-167
-1194	-168
-1191	-168
-1188	-169
-1184	-169
-1181	-169
-1178	-170
-1176	-171
-1173	-172
-1171	-174
-1170	-177
-1168	-180
-1165	-180
-1160	-178
-1154	-173
-1147	-166
-1142	-164
-1139	-163
-1135	-162
-1131	-162
-1129	-163
-1125	-163
-1124	-166
-1122	-169
-1121	-171
-1118	-173
-1116	-175
-1112	-173
-1107	-171
-1103	-169
-1099	-167
-1096	-168
-1094	-169
-1092	-171
-1088	-171
-1086	-172
-1085	-176
-1082	-177
-1079	-176
-1077	-179
-1074	-179
-1070	-178
-1067	-179
-1064	-178
-1060	-176
-1058	-178
-1055	-179
-1050	-176
-1046	-174
-1043	-175
-1041	-176
-1038	-177
-1035	-176
-1032	-177
-1030	-178
-1027	-179
-1023	-176
-1015	-167
-1004	-152
-999	-149
-997	-151
-996	-154
-993	-155
-991	-157
-988	-156
-985	-157
-983	-158
-980	-158
-977	-158
-974	-159
-973	-162
-970	-164
-968	-165
-965	-166
-961	-163
-958	-163
-953	-160
-950	-158
-948	-160
-948	-167
-949	-175
-946	-174
-944	-177
-942	-178
-938	-177
-935	-176
-932	-177
-926	-170
-915	-153
-906	-141
-902	-138
-900	-139
-898	-140
-896	-142
-894	-145
-893	-150
-893	-156
-890	-157
-886	-152
-880	-146
-875	-143
-871	-140
-868	-138
-865	-138
-862	-139
-860	-140
-858	-141
-854	-140
-852	-140
-861	-169
-782	-2
-778	1
-775	0
-772	1
-769	2
-767	2
-765	0
-762	1
-759	2
-756	2
-753	3
-751	4
-748	3
-746	2
-744	2
-741	1
-739	1
-736	2
-734	2
-732	-2
-733	-9
-732	-15
-729	-14
-725	-8
-721	-5
-719	-7
-720	-16
-719	-19
-717	-22
-746	-126
-745	-131
-745	-137
-743	-139
-741	-141
-738	-141
-736	-143
-734	-145
-732	-146
-729	-145
-726	-146
-724	-147
-722	-148
-719	-149
-717	-151
-714	-151
-712	-151
-709	-152
-707	-153
-705	-154
-702	-155
-698	-151
-694	-145
-689	-141
-687	-140
-685	-142
-682	-144
-680	-146
-679	-148
-677	-153
-677	-159
-673	-156
-670	-155
-668	-155
-664	-154
-662	-154
-659	-154
-656	-153
-652	-150
-649	-148
-646	-147
-644	-147
-642	-149
-640	-152
-637	-150
-632	-144
-627	-136
-623	-131
-619	-128
-617	-128
-615	-130
-612	-131
-610	-132
-608	-134
-606	-136
-604	-138
-604	-145
-604	-155
-605	-169
-605	-176
-603	-177
-599	-175
-596	-173
-591	-164
-586	-157
-583	-155
-581	-156
-578	-154
-575	-154
-572	-154
-570	-153
-567	-153
-565	-154
-562	-153
-559	-154
-557	-156
-556	-159
-555	-165
-554	-171
-551	-173
-549	-172
-546	-171
-544	-173
-542	-176
-540	-179
-538	-181
-535	-180
-532	-179
-530	-180
-528	-182
-525	-182
-522	-181
-520	-183
-518	-184
-515	-185
-513	-184
-510	-184
-507	-184
-505	-185
-503	-186
-500	-185
-497	-184
-495	-185
-492	-185
-489	-183
-486	-182
-484	-183
-482	-185
-479	-184
-476	-184
-474	-184
-471	-184
-469	-183
-466	-184
-464	-184
-461	-184
-459	-184
-456	-184
-454	-184
-451	-186
-449	-185
-446	-186
-443	-185
-441	-184
-438	-184
-435	-182
-433	-184
-431	-184
-428	-184
-425	-184
-423	-184
-420	-184
-417	-181
-412	-166
-408	-161
-406	-160
-403	-160
-401	-160
-398	-161
-396	-160
-393	-159
-391	-160
-388	-160
-386	-160
-383	-158
-381	-159
-378	-160
-376	-160
-373	-160
-371	-158
-368	-158
-366	-159
-364	-162
-362	-167
-360	-168
-357	-169
-356	-174
-355	-184
-352	-185
-350	-184
-347	-184
-345	-185
-342	-185
-340	-185
-337	-186
-335	-186
-332	-185
-330	-184
-327	-184
-325	-185
-322	-184
-320	-184
-317	-186
-315	-187
-312	-186
-310	-185
-307	-184
-305	-184
-302	-184
-300	-185
-297	-185
-295	-184
-292	-184
-290	-185
-288	-187
-285	-187
-282	-185
-280	-184
-277	-184
-275	-183
-272	-181
-269	-179
-267	-178
-264	-177
-262	-177
-259	-177
-257	-179
-255	-186
-253	-185
-250	-184
-248	-185
-245	-185
-243	-184
-240	-183
-238	-184
-235	-185
-233	-186
-230	-185
-228	-184
-225	-184
-223	-185
-221	-185
-218	-183
-215	-184
-213	-184
-211	-184
-208	-185
-206	-185
-203	-184
-201	-185
-198	-184
-196	-184
-193	-185
-191	-185
-188	-185
-186	-184
-183	-183
-181	-184
-179	-185
-176	-185
-174	-185
-171	-184
-169	-184
-166	-185
-164	-185
-161	-185
-159	-184
-156	-184
-154	-185
-152	-185
-149	-184
-147	-185
-144	-186
-142	-186
-139	-185
-137	-185
-134	-183
-132	-183
-129	-185
-127	-185
-124	-184
-122	-184
-120	-184
-117	-182
-115	-184
-112	-185
-110	-184
-107	-184
-105	-184
-102	-185
-100	-184
-98	-184
-95	-184
-93	-183
-90	-184
-88	-184
-85	-185
-83	-186
-80	-187
-78	-187
-73	-185
-71	-184
-68	-186
-66	-186
-63	-186
-61	-186
-58	-186
-56	-185
-53	-185
-51	-185
-48	-185
-46	-185
-44	-186
-41	-186
-39	-182
-36	-180
-34	-179
-31	-179
-29	-179
-26	-180
-24	-181
-22	-181
-19	-181
-17	-181
-14	-180
-12	-181
-9	-181
-7	-181
-4	-182
-2	-184
1	-184
3	-184
6	-185
8	-185
10	-185
13	-185
15	-184
18	-184
20	-185
23	-186
25	-175
27	-170
29	-167
32	-167
34	-167
37	-168
39	-170
42	-173
44	-175
47	-175
49	-177
52	-179
54	-182
57	-185
60	-186
62	-184
64	-183
67	-184
70	-186
72	-185
74	-185
77	-185
79	-184
82	-184
84	-185
87	-185
89	-184
92	-186
94	-185
97	-185
99	-187
102	-185
104	-186
107	-186
109	-186
112	-187
114	-185
116	-185
119	-185
121	-186
124	-186
126	-186
129	-186
131	-186
134	-185
136	-184
139	-184
141	-185
144	-185
146	-185
149	-186
151	-185
154	-185
156	-186
158	-185
161	-184
164	-185
166	-186
169	-185
171	-185
174	-186
176	-185
178	-185
181	-186
184	-186
186	-186
189	-186
191	-186
193	-185
196	-185
198	-184
201	-184
203	-185
206	-184
208	-183
211	-184
213	-184
216	-185
219	-186
221	-185
223	-185
226	-185
229	-186
231	-186
234	-185
236	-184
238	-184
241	-184
244	-185
246	-185
249	-185
251	-184
254	-184
256	-185
259	-185
261	-186
264	-184
266	-183
269	-184
272	-186
274	-187
277	-188
279	-188
282	-186
284	-185
286	-184
289	-185
292	-185
294	-185
297	-184
299	-185
302	-185
304	-185
307	-186
310	-187
312	-186
315	-186
317	-185
320	-186
322	-186
325	-186
327	-185
330	-185
332	-184
335	-185
338	-185
340	-184
342	-182
345	-185
348	-185
351	-186
353	-186
356	-185
358	-186
361	-186
363	-185
365	-181
367	-179
369	-178
372	-178
374	-176
377	-175
379	-175
381	-174
384	-175
387	-174
389	-174
391	-173
394	-173
397	-174
399	-173
402	-172
404	-171
406	-170
409	-170
412	-172
416	-178
419	-181
423	-185
425	-184
428	-183
430	-183
432	-181
435	-180
437	-180
440	-180
443	-180
445	-180
448	-180
451	-182
455	-185
457	-183
458	-179
460	-178
463	-178
466	-178
469	-179
472	-181
475	-181
477	-180
479	-179
482	-178
484	-178
487	-177
489	-177
492	-176
494	-175
497	-175
501	-181
504	-181
505	-177
506	-170
507	-165
509	-162
511	-162
515	-164
517	-163
520	-163
523	-164
526	-166
529	-167
532	-169
535	-169
537	-168
542	-173
547	-182
549	-179
551	-177
553	-173
554	-169
556	-166
558	-166
560	-165
562	-163
565	-163
568	-162
571	-164
576	-171
578	-169
580	-167
583	-167
586	-167
588	-166
590	-164
592	-163
595	-162
598	-162
600	-161
600	-153
601	-149
602	-146
605	-144
607	-143
610	-144
615	-150
620	-156
623	-157
625	-155
627	-153
629	-151
631	-148
633	-146
635	-145
638	-144
640	-143
642	-142
645	-141
647	-141
650	-140
653	-141
656	-142
659	-143
663	-146
667	-148
670	-149
674	-152
678	-155
682	-158
685	-158
687	-156
689	-155
692	-155
695	-155
697	-155
700	-155
703	-155
705	-154
708	-153
711	-153
713	-152
715	-151
718	-150
720	-148
723	-148
726	-147
728	-146
730	-145
733	-144
735	-142
737	-142
740	-141
742	-140
744	-137
745	-134
747	-130
747	-126
747	-119
748	-114
749	-110
719	-14
719	-9
721	-6
722	-3
723	1
725	2
727	3
730	3
733	3
735	3
737	4
740	4
744	3
748	-0
750	0
751	4
755	2
757	2
760	2
774	2
777	2
780	1
866	-142
871	-145
879	-155
888	-167
895	-174
897	-172
896	-164
905	-176
880	-122
880	-115
882	-113
884	-113
888	-114
893	-117
925	-172
913	-144
923	-157
926	-157
928	-155
931	-154
932	-150
933	-147
934	-143
936	-140
940	-142
963	-179
964	-175
966	-172
968	-170
970	-167
972	-166
975	-165
978	-164
980	-163
984	-164
988	-166
995	-172
1002	-179
1006	-180
1009	-181
1012	-180
1016	-180
1018	-179
1019	-175
1021	-173
1024	-172
1027	-172
1031	-174
1037	-178
1044	-184
1046	-182
1049	-182
1051	-179
1054	-178
1057	-177
1059	-176
1062	-175
1065	-174
1068	-173
1070	-172
1073	-172
1076	-170
1083	-176
1089	-180
1091	-178
1093	-176
1096	-176
1098	-174
1102	-175
1105	-174
1106	-170
1108	-167
1108	-163
1110	-160
1112	-157
1114	-156
1117	-155
1122	-158
1128	-161
1137	-171
1145	-178
1149	-178
1152	-178
1152	-173
1153	-169
1155	-165
1157	-164
1160	-164
1164	-164
1168	-164
1171	-163
1176	-166
1180	-167
1181	-163
1182	-159
1184	-157
1186	-154
1188	-153
1193	-155
1199	-158
1202	-158
1204	-156
1208	-156
1211	-155
1214	-154
1217	-154
1221	-154
1225	-155
1229	-155
1234	-157
1241	-162
1248	-167
1248	-162
1247	-155
1248	-152
1251	-151
1255	-151
1258	-150
1260	-148
1263	-147
1267	-147
1272	-150
1288	-166
1290	-164
1293	-163
1297	-163
1299	-161
1302	-160
1305	-159
1307	-156
1308	-153
1310	-150
1313	-149
1318	-151
1324	-154
1332	-159
1338	-162
1338	-158
1341	-157
1347	-160
1351	-160
1357	-162
1364	-166
1367	-166
1371	-166
1375	-166
1378	-165
1378	-160
1380	-157
1383	-155
1385	-153
1387	-151
1392	-152
1395	-152
1399	-151
1403	-152
1409	-154
1411	-151
1415	-151
1420	-153
1421	-149
1423	-146
1426	-146
1431	-147
1434	-146
1435	-142
1438	-141
1449	-149
1456	-153
1460	-153
1461	-150
1463	-146
1465	-144
1468	-143
1471	-142
1473	-140
1477	-139
1485	-143
1490	-145
1494	-144
1498	-144
1499	-141
1507	-145
1513	-148
1518	-148
1523	-149
1529	-151
1534	-152
1538	-152
1540	-149
1543	-148
1546	-147
1549	-145
1551	-143
1556	-143
1564	-148
1567	-146
1569	-143
1571	-141
1573	-138
1576	-137
1579	-135
1581	-133
1585	-132
1592	-135
1595	-134
1599	-133
1603	-133
1608	-133
1611	-133
1614	-130
1616	-128
1624	-132
1643	-147
1644	-144
1647	-142
1651	-141
1654	-140
1656	-138
1660	-137
1662	-134
1665	-132
1669	-132
1676	-134
1676	-130
1678	-127
1682	-127
1689	-129
1694	-129
1700	-131
1702	-128
1705	-127
1708	-125
1712	-124
1718	-126
1722	-125
1727	-125
1730	-123
1731	-120
1734	-119
1738	-118
1741	-115
1746	-116
1752	-117
1757	-117
1763	-119
1769	-120
1774	-120
1783	-124
1788	-124
1790	-122
1793	-120
1796	-118
1800	-117
1806	-118
1812	-119
1819	-121
1827	-124
1829	-122
1833	-120
1836	-119
1839	-117
1843	-116
1846	-114
1850	-113
1853	-111
1859	-111
1865	-113
1868	-110
1867	-105
1868	-101
1870	-98
1876	-99
1882	-100
1890	-103
1898	-105
1906	-108
1909	-106
1911	-103
1915	-102
1918	-100
1920	-97
1924	-96
1929	-96
1935	-96
1941	-97
1945	-96
1951	-97
1956	-96
1961	-96
1967	-97
1976	-100
1986	-104
1992	-104
1994	-101
1997	-99
2001	-98
2006	-97
2011	-97
2014	-95
2014	-90
2013	-85
2017	-84
2021	-82
2026	-81
2030	-81
2036	-81
2046	-84
2055	-87
2060	-86
2060	-82
2060	-78
2060	-73
2060	-68
2063	-66
2070	-67
2079	-69
2093	-76
2096	-74
2098	-71
2101	-69
2106	-68
2108	-65
2110	-62
2111	-58
2113	-55
2116	-52
2119	-50
2122	-48
2126	-47
2133	-47
2143	-50
2162	-61
2169	-62
2179	-65
2180	-61
2180	-56
2182	-53
2187	-52
2192	-51
2196	-49
2199	-47
2202	-45
2209	-45
2224	-52
2246	-64
2249	-62
2251	-58
2251	-54
2253	-50
2259	-50
2264	-49
2265	-45
2274	-47
2284	-50
2287	-47
2292	-46
2297	-45
2304	-45
2312	-47
2319	-47
2327	-48
2341	-53
2342	-49
2342	-45
2342	-40
2344	-36
2345	-32
2346	-28
2346	-24
2347	-19
2348	-15
2348	-11
2349	-7
2349	-2
2348	3
2348	8
2349	12
2349	17
2350	20
2351	25
2351	29
2352	33
2352	38
2352	42
2355	45
2354	50
2355	54
2357	58
2357	62
2359	65
2358	71
2359	74
2360	79
2359	84
2359	88
2359	93
2359	98
2361	101
2362	104
2362	109
2362	113
2363	117
2363	122
2361	128
2363	131
2365	134
2363	140
2363	144
2365	148
2366	151
2368	154
2368	159
2368	163
2370	167
2369	172
2367	177
2369	180
2370	184
2371	188
2370	193
2370	197
2371	201
2370	206
2371	210
2374	213
2375	216
2376	220
2377	224
2377	228
2378	232
2379	235
2380	239
2380	243
2380	248
2381	252
2380	257
2379	261
2381	264
2380	269
2381	273
2381	278
2383	281
2383	285
2383	289
2385	292
2386	296
2385	301
2385	305
2384	310
2384	314
2386	317
2389	319
2391	322
2394	325
2395	329
2393	334
2392	339
2393	342
2395	346
2397	349
2398	352
2399	356
2398	360
2399	364
2400	368
2400	372
2402	375
2402	379
2401	384
2402	388
2403	391
2405	394
2407	397
2407	402
2407	405
2408	409
2409	413
2409	417
2409	421
2409	425
2409	429
2411	432
2413	435
2413	439
2415	442
2417	445
2417	449
2417	453
2418	457
2419	461
2420	464
2421	468
2422	471
2421	475
2422	479
2423	483
2423	486
2423	491
2424	494
2425	498
2425	502
2425	506
2427	509
2428	512
2430	516
2431	519
2431	523
2430	527
2430	531
2431	535
2433	538
2435	541
2435	545
2436	548
2436	552
2436	556
2438	559
2438	563
2439	567
2438	571
2439	575
2439	578
2441	581
2442	585
2445	588
2444	592
2445	595
2447	598
2447	602
2447	606
2448	610
2449	613
2450	617
2449	621
2450	624
2451	628
2452	631
2454	634
2453	638
2454	642
2455	645
2455	649
2456	653
2457	656
2457	660
2457	664
2459	667
2460	670
2460	674
2459	678
2459	682
2462	685
2464	688
2464	692
2466	695
2465	699
2465	703
2464	707
2465	710
2467	713
2470	716
2471	720
2470	724
2470	728
2471	731
2473	734
2473	738
2472	742
2473	745
2475	748
2476	752
2477	755
2476	759
2476	763
2477	766
2479	770
2479	773
2479	777
2480	780
2482	784
2482	787
2483	791
2484	794
2485	797
2486	801
2486	805
2486	808
2486	812
2486	816
2488	819
2489	822
2489	826
2489	830
2490	833
2491	836
2491	840
2493	843
2492	847
2493	851
2494	854
2492	858
2492	862
2494	865
2495	868
2496	872
2498	875
2498	879
2499	882
2498	886
2498	890
2499	893
2499	897
2500	900
2501	903
2502	907
2501	911
2501	914
2501	918
2501	922
2503	925
2504	928
2504	932
2505	935
2505	939
2505	943
2506	946
2510	948
2510	952
2510	955
2510	959
2511	962
2513	966
2513	969
2513	973
2514	976
2516	979
2516	983
2517	986
2517	990
2518	993
2518	997
2518	1001
2519	1004
2519	1007
2520	1011
2522	1014
2523	1017
2523	1021
2523	1025
2524	1028
2525	1031
2525	1035
2526	1038
2526	1042
2526	1045
2528	1049
2530	1052
2529	1055
2529	1059
2529	1063
2529	1066
2530	1070
2532	1073
2533	1076
2534	1079
2534	1083
2535	1086
2536	1090
2536	1093
2536	1097
2538	1100
2539	1103
2539	1107
2540	1110
2540	1114
2541	1117
2541	1121
2542	1124
2543	1127
2544	1131
2543	1135
2544	1138
2545	1141
2546	1145
2546	1148
2547	1152
2547	1155
2548	1158
2549	1162
2550	1165
2548	1169
2550	1172
2550	1176
2551	1179
2551	1183
2552	1186
2552	1190
2554	1193
2555	1196
2555	1200
2556	1203
2557	1207
2556	1210
2556	1214
2558	1217
2559	1220
2560	1224
2559	1227
2560	1231
2561	1234
2561	1238
2562	1241
2563	1244
2564	1248
2564	1251
2564	1255
2565	1258
2565	1262
2567	1265
2567	1268
2568	1272
2568	1275
2569	1279
2568	1282
2568	1286
2570	1289
2570	1293
2571	1296
2572	1299
2573	1303
2573	1306
2574	1310
2574	1313
2575	1317
2575	1320
2576	1324
2575	1327
2575	1331
2576	1334
2576	1338
2578	1341
2579	1344
2580	1348
2580	1351
2581	1355
2580	1358
2580	1362
2581	1365
2581	1369
2582	1372
2583	1375
2584	1379
2584	1382
2585	1386
2586	1389
2586	1393
2586	1396
2587	1400
2587	1403
2589	1406
2589	1410
2589	1413
2591	1417
2591	1420
2590	1424
2592	1427
2592	1431
2592	1434
2594	1437
2595	1441
2595	1444
2596	1448
2597	1451
2596	1455
2597	1458
2597	1462
2597	1465
2599	1469
2599	1472
2600	1475
2599	1479
2600	1483
2601	1486
2601	1489
2601	1493
2602	1496
2603	1500
2604	1503
2604	1507
2605	1510
2605	1514
2605	1517
2604	1521
2605	1524
2606	1528
2606	1531
2608	1535
2608	1538
2608	1542
2608	1545
2608	1549
2608	1552
2608	1556
2608	1559
2609	1563
2610	1566
2611	1569
2613	1573
2614	1576
2612	1580
2613	1583
2613	1587
2614	1590
2615	1594
2615	1597
2616	1601
2617	1604
2617	1608
2618	1611
2618	1615
2619	1618
2619	1622
2620	1625
2621	1629
2621	1632
2621	1636
2620	1639
2621	1643
2623	1646
2624	1650
2623	1653
2621	1657
2622	1660
2624	1664
