2596	1677
2596	1680
2597	1684
2597	1687
2597	1691
2598	1694
2600	1701
2601	1705
2600	1708
2601	1712
2600	1715
2600	1719
2602	1722
2603	1726
2602	1729
2602	1733
2603	1736
2601	1740
2605	1743
2605	1747
2606	1750
2604	1754
2603	1757
2604	1761
2606	1764
2606	1768
2606	1771
2608	1775
2607	1778
2608	1782
2608	1785
2608	1789
2609	1792
2610	1796
2611	1799
2612	1803
2612	1807
2613	1810
2614	1814
2614	1817
2615	1821
2615	1824
2615	1828
2616	1831
2617	1835
2617	1838
2616	1842
2617	1846
2616	1849
2614	1852
2616	1856
2617	1860
2617	1863
2617	1867
2618	1870
2618	1874
2619	1877
2619	1881
2619	1884
2618	1888
2618	1891
2619	1895
2622	1899
2622	1902
2623	1906
2623	1910
2624	1913
2627	1917
2627	1921
2626	1924
2627	1928
2628	1931
2629	1935
2628	1938
2630	1942
2631	1946
2629	1949
2629	1953
2629	1956
2631	1960
2631	1964
2632	1967
2632	1971
2632	1974
2632	1978
2633	1982
2633	1985
2633	1989
2632	1992
2634	1996
2636	2000
2636	2004
2637	2007
2637	2011
2636	2014
2637	2018
2636	2021
2636	2025
2635	2029
2636	2032
2638	2036
2639	2040
2639	2043
2640	2047
2641	2051
2641	2054
2641	2058
2639	2061
2639	2065
2640	2069
2642	2073
2642	2076
2643	2080
2644	2084
2643	2087
2643	2091
2642	2094
2644	2098
2644	2102
2645	2106
2644	2109
2644	2113
2645	2117
2644	2120
2646	2124
2646	2128
2647	2131
2646	2135
2646	2139
2646	2142
2646	2146
2648	2150
2648	2154
2647	2157
2647	2161
2648	2165
2649	2168
2649	2172
2648	2176
2650	2180
2648	2183
2647	2186
2650	2191
2651	2194
2650	2198
2649	2202
2649	2205
2649	2209
2649	2213
2652	2217
2653	2221
2654	2225
2653	2228
2652	2232
2656	2236
2656	2240
2656	2244
2658	2248
2659	2252
2659	2255
2660	2259
2662	2263
2661	2267
2659	2270
2661	2274
2663	2279
2664	2282
2662	2286
2661	2289
2661	2293
2661	2297
2662	2301
2662	2304
2661	2308
2660	2312
2660	2315
2660	2319
2660	2323
2663	2327
2661	2331
2661	2334
2661	2338
2662	2342
2663	2346
2667	2351
2668	2355
2667	2359
2667	2362
2666	2366
2668	2370
2668	2374
2667	2377
2665	2381
2663	2384
2660	2387
2660	2391
2662	2395
2666	2400
2669	2405
2668	2408
2669	2412
2670	2417
2668	2420
2667	2423
2667	2427
2669	2432
2670	2436
2672	2440
2674	2444
2675	2449
2673	2452
2672	2456
2670	2459
2671	2463
2673	2467
2674	2471
2674	2475
2673	2479
2671	2482
2670	2486
2672	2491
2672	2494
2671	2498
2671	2502
2671	2506
2672	2510
2672	2514
2672	2518
2677	2523
2678	2527
2681	2532
2681	2536
2681	2540
2680	2544
2680	2548
2681	2552
2683	2557
2684	2561
2685	2565
2685	2569
2685	2573
2683	2577
2681	2580
2680	2583
2678	2587
2679	2591
2681	2596
2682	2600
2682	2604
2681	2608
2680	2611
2680	2615
2682	2620
2682	2624
2683	2628
2684	2633
2683	2637
2681	2640
2685	2645
2683	2649
2685	2653
2688	2659
2689	2663
2686	2666
2683	2669
2682	2673
2686	2678
2685	2682
2684	2685
2684	2689
2682	2693
2680	2696
2682	2701
2686	2706
2687	2711
2688	2715
2687	2719
2688	2724
2689	2728
2690	2733
2689	2737
2689	2741
2689	2745
2689	2749
2687	2752
2686	2756
2686	2760
2685	2764
2690	2770
2691	2775
2691	2779
2692	2783
2691	2787
2690	2791
2689	2795
2691	2800
2691	2804
2690	2808
2690	2812
2689	2816
2691	2821
2693	2826
2693	2830
2696	2836
2698	2840
2700	2846
2697	2849
2694	2852
2693	2856
2695	2860
2696	2865
2696	2870
2696	2874
2698	2879
2699	2884
2701	2889
2701	2893
2705	2899
2706	2904
2706	2909
2706	2913
2705	2917
2703	2920
2701	2923
2702	2928
2702	2933
2701	2937
2700	2940
2700	2945
2702	2950
2702	2955
2702	2959
2705	2965
2706	2970
2705	2974
2705	2978
2704	2982
2702	2985
2701	2989
2701	2994
2703	2999
2705	3005
2705	3009
2705	3013
2705	3018
2705	3022
2702	3025
2703	3030
2704	3035
2703	3039
2703	3044
2703	3048
2703	3053
2703	3057
2701	3061
2701	3065
2702	3070
2703	3075
2705	3081
2706	3086
2707	3091
2705	3095
2705	3099
2706	3104
2706	3109
2700	3110
2682	3106
2661	3099
2648	3097
2643	3099
2636	3100
2633	3103
2630	3106
2628	3109
2626	3113
2625	3117
2626	3122
2709	3170
2705	3173
2706	3178
2707	3184
2710	3190
2709	3194
2708	3198
2707	3202
2706	3207
2707	3212
2708	3217
2709	3222
2708	3226
2706	3230
2703	3233
2702	3237
2701	3241
2700	3246
2701	3251
2702	3256
2702	3261
2701	3265
2701	3270
2698	3274
2698	3278
2698	3283
2697	3287
2697	3292
2696	3296
2695	3300
2696	3306
2694	3310
2693	3314
2694	3319
2695	3325
2695	3330
2693	3334
2692	3338
2692	3343
2691	3347
2691	3352
2689	3356
2688	3360
2689	3366
2694	3374
2692	3377
2691	3382
2691	3386
2690	3391
2687	3394
2685	3398
2685	3403
2685	3408
2684	3412
2685	3418
2684	3422
2682	3426
2681	3430
2681	3436
2685	3443
2684	3448
2687	3455
2685	3459
2684	3463
2682	3467
2683	3472
2680	3476
2680	3480
2679	3485
2679	3490
2679	3496
2679	3501
2679	3506
2680	3511
2680	3517
2676	3520
2676	3525
2678	3531
2679	3537
2680	3543
2679	3548
2678	3552
2678	3558
2679	3563
2677	3567
2675	3571
2673	3575
2669	3578
2668	3582
2669	3588
2667	3592
2667	3597
2667	3603
2668	3608
2668	3614
2665	3617
2664	3622
2662	3626
2661	3630
2660	3635
2658	3639
2657	3644
2657	3649
2658	3656
2656	3659
2653	3663
2651	3667
2650	3672
2650	3677
2649	3682
2649	3687
2646	3691
2646	3696
2645	3701
2645	3706
2643	3710
2641	3714
2640	3719
2638	3723
2640	3730
2641	3736
2641	3742
2640	3747
2639	3751
2637	3756
2635	3760
2634	3764
2631	3768
2629	3772
2629	3777
2628	3783
2629	3789
2628	3794
2627	3799
2626	3804
2625	3809
2627	3816
2628	3822
2626	3826
2624	3831
2622	3835
2621	3840
2620	3845
2616	3848
2613	3851
2613	3857
2614	3863
2613	3869
2610	3872
2600	3869
2593	3870
2589	3872
2586	3875
2587	3882
2596	3895
2605	3909
2604	3914
2601	3918
2599	3921
2597	3926
2597	3932
2597	3937
2595	3942
2596	3949
2593	3952
2589	3955
2588	3960
2589	3967
2588	3972
2587	3978
2587	3983
2586	3988
2583	3992
2581	3997
2581	4003
2579	4007
2577	4012
2575	4016
2575	4022
2574	4027
2573	4033
2572	4038
2570	4042
2567	4046
2566	4051
2565	4056
2562	4060
2560	4064
2559	4070
2557	4075
2555	4079
2553	4083
2551	4087
2552	4095
2553	4102
2552	4107
2551	4113
2550	4118
2547	4122
2545	4126
2543	4131
2541	4136
2540	4141
2539	4146
2538	4152
2537	4157
2536	4163
2534	4167
2533	4174
2532	4178
2530	4184
2530	4190
2527	4193
2524	4197
2522	4202
2522	4208
2521	4214
2519	4219
2516	4222
2512	4225
2510	4230
2510	4236
2509	4242
2504	4244
2230	3996
2227	3999
2223	4000
2222	4024
2220	4027
2217	4031
2478	4320
2474	4322
2471	4326
2467	4329
2464	4333
2463	4338
2460	4342
2458	4347
2455	4351
2455	4357
2454	4364
2451	4368
2447	4371
2447	4378
2448	4386
2446	4390
2444	4395
2441	4400
2438	4404
2436	4409
2434	4413
2433	4420
2431	4424
2427	4428
2424	4432
2422	4436
2421	4443
2420	4448
2417	4452
2414	4457
2414	4464
2412	4469
2408	4472
2405	4476
2404	4482
2404	4489
2401	4494
2398	4497
2393	4499
2390	4503
2387	4507
2384	4511
2382	4516
2378	4518
2375	4522
2371	4526
2368	4530
2364	4533
2362	4537
2357	4540
2352	4541
2347	4543
2344	4547
2342	4552
2340	4558
2337	4562
2335	4567
2332	4571
2329	4574
2325	4578
2324	4584
2322	4589
2318	4592
2315	4596
2311	4599
2308	4603
2304	4607
2302	4612
2301	4618
2298	4622
2294	4625
2288	4626
2285	4629
2284	4637
2281	4641
2278	4645
2276	4650
2271	4653
2268	4656
2265	4660
2262	4665
2259	4669
2255	4672
2252	4676
2249	4680
2246	4684
2242	4688
2238	4691
2236	4695
2231	4698
2228	4701
2225	4705
2222	4710
2218	4714
2214	4717
2211	4720
2208	4724
2204	4728
2199	4729
2195	4732
2191	4734
2186	4737
2183	4740
2180	4746
2178	4750
2175	4756
2172	4759
2169	4764
2167	4769
2163	4773
2159	4775
2154	4777
2150	4780
2147	4785
2146	4792
2144	4797
2140	4800
2135	4803
2133	4807
2131	4813
2129	4819
2127	4826
2124	4830
2120	4833
2115	4835
2112	4839
2109	4843
2105	4847
2101	4850
2098	4854
2095	4859
2091	4862
2087	4865
2085	4870
2081	4874
2076	4875
2071	4877
2068	4882
2065	4886
2060	4888
2055	4889
2051	4892
2048	4896
2045	4902
2042	4905
2037	4908
2034	4912
2029	4914
2026	4918
2023	4922
2018	4925
2014	4928
2009	4929
2004	4931
2000	4933
1996	4937
1992	4940
1990	4947
1987	4951
1982	4952
1976	4953
1973	4956
1970	4962
1966	4965
1962	4969
1959	4972
1954	4975
1949	4976
1944	4977
1940	4981
1936	4984
1931	4985
1927	4988
1923	4991
1919	4994
1914	4997
1910	4999
1906	5003
1902	5005
1898	5009
1894	5012
1890	5016
1885	5017
1882	5021
1877	5022
1871	5023
1866	5024
1861	5026
1857	5028
1853	5031
1848	5034
1845	5037
1840	5040
1835	5041
1832	5046
1830	5053
1825	5054
1820	5055
1815	5056
1810	5059
1806	5062
1802	5065
1798	5067
1793	5070
1789	5072
1784	5074
1780	5078
1776	5081
1773	5086
1769	5088
1765	5093
1761	5096
1757	5099
1754	5103
1749	5106
1745	5108
1739	5109
1735	5112
1732	5117
1728	5120
1723	5122
1719	5124
1716	5130
1711	5131
1705	5131
1701	5133
1697	5136
1692	5139
1688	5142
1683	5143
1679	5146
1674	5147
1669	5148
1665	5152
1660	5153
1654	5153
1649	5155
1645	5158
1640	5159
1636	5161
1631	5164
1627	5167
1622	5167
1616	5167
1610	5167
1605	5168
1601	5171
1596	5173
1591	5174
1586	5175
1581	5177
1576	5178
1571	5179
1567	5181
1562	5182
1557	5184
1552	5185
1547	5187
1543	5190
1539	5193
1534	5195
1529	5196
1524	5197
1520	5200
1516	5203
1510	5203
1505	5204
1500	5205
1495	5207
1491	5211
1487	5213
1482	5215
1478	5217
1473	5218
1468	5220
1463	5222
1459	5225
1454	5225
1449	5227
1445	5230
1439	5229
1434	5231
1430	5233
1425	5235
1420	5235
1414	5235
1410	5237
1405	5240
1401	5243
1396	5244
1391	5246
1386	5247
1381	5246
1375	5247
1370	5247
1364	5245
1358	5245
1353	5244
1348	5246
1343	5248
1338	5249
1333	5250
1328	5249
1323	5250
1317	5250
1312	5250
1307	5251
1302	5253
1297	5253
1292	5254
1287	5255
1282	5256
1277	5256
1273	5259
1268	5262
1263	5263
1259	5264
1254	5267
1250	5269
1245	5270
1240	5271
1235	5273
1230	5274
1225	5274
1220	5276
1216	5280
1212	5283
1207	5284
1202	5285
1197	5285
1192	5285
1187	5286
1182	5286
1177	5287
1172	5288
1167	5289
1163	5293
1158	5296
1154	5298
1150	5301
1146	5304
1142	5309
1137	5309
1131	5308
1126	5308
1120	5306
1115	5307
1110	5308
1106	5312
1102	5316
1098	5320
1094	5322
1089	5326
1086	5331
1082	5334
1077	5336
1072	5337
1068	5340
1063	5341
1058	5343
1054	5345
1049	5347
1044	5348
1039	5349
1034	5350
1029	5350
1025	5353
1020	5355
1015	5357
1010	5356
1005	5358
1001	5360
996	5362
991	5364
986	5365
981	5365
976	5366
971	5366
966	5366
960	5365
955	5365
951	5368
946	5368
941	5368
936	5369
930	5367
925	5367
920	5369
915	5371
910	5371
905	5372
901	5373
895	5373
890	5373
885	5373
880	5375
876	5377
871	5379
867	5382
862	5385
857	5385
853	5388
848	5389
843	5391
838	5391
833	5390
827	5389
822	5389
818	5391
813	5392
808	5392
803	5393
798	5394
793	5396
789	5399
785	5405
780	5406
775	5408
771	5410
765	5409
760	5408
755	5408
750	5409
745	5410
741	5412
736	5412
730	5411
725	5411
720	5412
715	5411
710	5412
705	5413
700	5414
695	5415
691	5417
686	5418
681	5418
676	5419
671	5420
666	5420
661	5419
655	5418
650	5418
645	5419
641	5420
636	5421
631	5423
626	5425
621	5424
616	5423
611	5423
606	5424
601	5424
596	5425
591	5427
587	5429
582	5430
577	5431
571	5429
566	5429
561	5429
556	5429
551	5430
547	5433
542	5433
537	5433
532	5435
527	5437
523	5439
518	5439
513	5443
508	5444
503	5444
498	5443
494	5446
489	5448
484	5449
479	5450
474	5452
470	5454
465	5455
460	5457
455	5459
450	5460
445	5461
441	5463
436	5464
431	5465
426	5465
421	5465
416	5467
411	5469
407	5472
402	5472
396	5471
392	5473
387	5474
382	5475
377	5475
372	5475
367	5476
362	5475
357	5476
352	5475
347	5475
342	5474
337	5474
331	5474
326	5473
321	5474
316	5474
311	5474
306	5474
301	5473
296	5472
291	5473
286	5473
281	5473
276	5474
271	5474
267	5475
261	5474
257	5476
252	5477
247	5478
242	5479
237	5479
232	5479
227	5478
222	5477
217	5477
212	5477
207	5477
202	5476
197	5478
192	5481
187	5482
182	5482
177	5483
172	5483
167	5483
162	5482
157	5481
152	5481
147	5482
142	5483
137	5484
132	5482
127	5482
122	5483
117	5484
112	5483
107	5481
102	5480
97	5478
92	5477
87	5476
82	5476
77	5476
72	5476
67	5477
62	5477
57	5475
52	5475
48	5476
43	5475
38	5473
33	5472
28	5470
23	5470
18	5471
13	5471
8	5472
3	5472
-2	5470
-7	5470
-12	5470
-17	5470
-22	5470
-27	5470
-32	5470
-37	5493
-53	5011
-58	5012
-62	5012
-66	5010
-71	5007
-75	5007
-79	5008
-84	5008
-88	4994
-92	4989
-97	4987
-101	4985
-105	4984
-110	4984
-114	4984
-118	4985
-123	4985
-127	4989
-131	4993
-136	5002
-140	5004
-145	5004
-149	5005
-153	5005
-158	5012
-162	5010
-166	5006
-171	5006
-196	5476
-201	5474
-206	5476
-211	5475
-216	5476
-220	5476
-225	5476
-230	5477
-235	5478
-240	5476
-245	5477
-250	5478
-255	5477
-260	5479
-265	5481
-271	5482
-275	5480
-280	5478
-285	5477
-290	5476
-295	5474
-300	5475
-305	5476
-310	5475
-315	5473
-320	5474
-325	5473
-330	5472
-334	5470
-339	5466
-344	5464
-349	5464
-354	5463
-359	5465
-364	5465
-369	5466
-374	5466
-379	5464
-384	5465
-389	5465
-394	5463
-399	5462
-403	5460
-408	5459
-413	5454
-418	5452
-422	5450
-427	5450
-432	5448
-437	5449
-442	5448
-447	5447
-452	5445
-456	5442
-461	5441
-466	5440
-471	5437
-476	5436
-480	5434
-485	5434
-490	5433
-495	5431
-500	5430
-505	5429
-509	5427
-514	5425
-519	5425
-524	5425
-529	5424
-533	5420
-538	5417
-543	5417
-548	5416
-552	5414
-557	5409
-561	5407
-566	5408
-571	5408
-576	5405
-581	5402
-585	5396
-589	5394
-594	5394
-599	5390
-603	5386
-607	5383
-612	5380
-617	5379
-622	5380
-627	5379
-632	5379
-637	5379
-641	5379
-647	5380
-652	5382
-657	5383
-662	5382
-667	5383
-672	5384
-677	5385
-682	5384
-687	5382
-692	5381
-696	5380
-701	5379
-706	5380
-712	5382
-716	5380
-721	5380
-726	5381
-731	5380
-736	5381
-742	5383
-747	5383
-752	5382
-757	5384
-762	5386
-767	5385
-772	5382
-777	5381
-781	5379
-786	5378
-791	5377
-795	5376
-800	5374
-805	5372
-810	5371
-814	5370
-819	5368
-824	5367
-828	5365
-833	5364
-838	5363
-843	5362
-848	5363
-854	5365
-859	5365
-863	5363
-868	5362
-873	5360
-877	5358
-882	5357
-887	5356
-892	5354
-896	5351
-901	5351
-906	5350
-911	5349
-915	5348
-921	5349
-926	5348
-930	5347
-936	5348
-941	5348
-945	5345
-950	5343
-954	5341
-959	5340
-964	5341
-970	5343
-975	5344
-980	5342
-984	5337
-988	5334
-993	5332
-997	5330
-1002	5329
-1007	5327
-1011	5326
-1016	5324
-1021	5324
-1026	5323
-1030	5321
-1035	5320
-1040	5319
-1045	5318
-1050	5317
-1054	5315
-1058	5311
-1063	5308
-1067	5306
-1072	5304
-1077	5303
-1082	5304
-1088	5307
-1093	5307
-1098	5308
-1102	5303
-1107	5301
-1111	5300
-1116	5297
-1120	5293
-1124	5289
-1127	5285
-1131	5280
-1135	5276
-1140	5274
-1144	5271
-1148	5269
-1153	5267
-1157	5263
-1161	5261
-1166	5259
-1170	5256
-1174	5253
-1178	5248
-1182	5246
-1187	5246
-1192	5246
-1197	5245
-1202	5244
-1207	5244
-1213	5245
-1217	5243
-1222	5242
-1227	5242
-1233	5243
-1238	5245
-1244	5245
-1249	5245
-1254	5244
-1259	5243
-1263	5241
-1268	5239
-1272	5238
-1277	5237
-1282	5236
-1287	5236
-1292	5235
-1298	5236
-1303	5236
-1307	5234
-1312	5232
-1318	5235
-1323	5234
-1328	5232
-1332	5230
-1337	5228
-1341	5226
-1346	5226
-1352	5227
-1357	5226
-1361	5223
-1366	5222
-1370	5220
-1375	5219
-1380	5218
-1385	5218
-1391	5218
-1394	5214
-1399	5211
-1404	5211
-1408	5209
-1413	5207
-1417	5204
-1421	5201
-1425	5198
-1430	5195
-1434	5193
-1439	5192
-1443	5188
-1446	5183
-1450	5179
-1454	5177
-1458	5174
-1462	5171
-1465	5165
-1469	5160
-1473	5158
-1478	5157
-1483	5156
-1487	5153
-1491	5150
-1496	5149
-1501	5148
-1505	5145
-1508	5141
-1511	5134
-1516	5133
-1522	5135
-1528	5136
-1533	5136
-1537	5134
-1542	5133
-1547	5131
-1551	5128
-1555	5126
-1560	5124
-1564	5122
-1568	5119
-1572	5116
-1577	5115
-1582	5113
-1586	5111
-1591	5110
-1597	5111
-1603	5112
-1606	5108
-1609	5102
-1613	5099
-1616	5094
-1620	5091
-1625	5089
-1629	5088
-1634	5086
-1639	5085
-1645	5086
-1651	5087
-1654	5082
-1657	5077
-1662	5076
-1668	5077
-1672	5074
-1676	5072
-1682	5072
-1685	5067
-1689	5064
-1695	5066
-1704	5073
-1709	5071
-1712	5067
-1716	5063
-1721	5064
-1730	5071
-1736	5070
-1740	5067
-1744	5064
-1748	5061
-1751	5057
-1756	5056
-1759	5051
-1763	5048
-1766	5043
-1769	5038
-1773	5036
-1778	5034
-1784	5034
-1787	5030
-1790	5026
-1797	5027
-1802	5026
-1805	5023
-1809	5019
-1811	5013
-1814	5008
-1818	5005
-1822	5001
-1826	4998
-1829	4994
-1833	4991
-1836	4986
-1839	4982
-1844	4980
-1848	4976
-1850	4971
-1854	4968
-1859	4966
-1862	4963
-1866	4959
-1869	4954
-1873	4952
-1878	4950
-1882	4947
-1886	4944
-1889	4940
-1893	4938
-1897	4935
-1902	4933
-1907	4933
-1912	4931
-1916	4929
-1920	4925
-1923	4921
-1926	4916
-1930	4914
-1936	4913
-1941	4913
-1946	4912
-1950	4909
-1954	4907
-1958	4903
-1962	4900
-1968	4900
-1973	4900
-1977	4897
-1981	4894
-1984	4890
-1988	4887
-1991	4883
-1994	4878
-1997	4873
-2000	4868
-2002	4863
-2005	4859
-2009	4856
-2013	4853
-2017	4850
-2020	4846
-2025	4844
-2028	4840
-2032	4837
-2036	4834
-2040	4832
-2045	4830
-2048	4826
-2052	4823
-2056	4821
-2061	4819
-2065	4816
-2068	4813
-2072	4810
-2076	4807
-2080	4805
-2084	4802
-2089	4800
-2093	4798
-2097	4795
-2100	4791
-2104	4787
-2108	4785
-2113	4783
-2116	4780
-2119	4776
-2123	4772
-2127	4770
-2131	4767
-2134	4762
-2138	4760
-2142	4758
-2146	4754
-2150	4751
-2154	4749
-2158	4746
-2162	4743
-2167	4741
-2171	4738
-2175	4736
-2179	4734
-2183	4731
-2186	4727
-2190	4724
-2194	4721
-2198	4719
-2202	4715
-2206	4713
-2209	4709
-2214	4707
-2218	4704
-2220	4699
-2223	4695
-2228	4693
-2232	4691
-2236	4688
-2242	4688
-2246	4686
-2249	4682
-2249	4674
-2253	4671
-2257	4668
-2261	4664
-2265	4662
-2267	4656
-2271	4654
-2275	4651
-2278	4648
-2280	4642
-2284	4639
-2288	4636
-2293	4635
-2296	4631
-2300	4628
-2303	4624
-2306	4619
-2309	4616
-2312	4612
-2316	4610
-2320	4607
-2323	4602
-2327	4599
-2330	4596
-2334	4593
-2336	4587
-2339	4584
-2343	4581
-2348	4580
-2352	4577
-2355	4572
-2358	4569
-2361	4566
-2365	4563
-2369	4560
-2372	4556
-2377	4554
-2380	4550
-2383	4547
-2387	4544
-2391	4541
-2395	4538
-2398	4535
-2401	4530
-2405	4528
-2409	4525
-2414	4523
-2418	4520
-2421	4516
-2424	4513
-2427	4508
-2429	4504
-2434	4502
-2437	4498
-2440	4495
-2443	4491
-2447	4488
-2449	4482
-2450	4477
-2453	4473
-2455	4467
-2457	4463
-2460	4459
-2463	4455
-2466	4451
-2471	4449
-2474	4446
-2476	4440
-2478	4435
-2481	4432
-2485	4428
-2488	4425
-2491	4421
-2493	4417
-2497	4413
-2501	4411
-2504	4407
-2506	4402
-2508	4397
-2511	4394
-2516	4391
-2520	4389
-2524	4386
-2526	4382
-2527	4375
-2529	4371
-2533	4368
-2536	4364
-2538	4360
-2543	4357
-2545	4353
-2547	4348
-2550	4344
-2554	4341
-2557	4338
-2560	4334
-2563	4331
-2568	4328
-2572	4326
-2574	4322
-2579	4319
-2582	4316
-2585	4312
-2587	4307
-2589	4302
-2592	4298
-2595	4295
-2596	4289
-2600	4286
-2604	4283
-2609	4282
-2612	4278
-2616	4276
-2620	4272
-2622	4268
-2626	4265
-2628	4260
-2630	4255
-2633	4252
-2633	4246
-2637	4243
-2640	4239
-2643	4236
-2647	4233
-2652	4230
-2654	4226
-2658	4224
-2662	4221
-2666	4218
-2669	4214
-2672	4211
-2676	4208
-2679	4204
-2679	4198
-2681	4193
-2684	4189
-2687	4185
-2689	4180
-2692	4177
-2694	4173
-2696	4168
-2699	4165
-2703	4161
-2706	4158
-2708	4154
-2710	4149
-2713	4145
-2717	4142
-2720	4138
-2722	4134
-2724	4129
-2727	4125
-2729	4121
-2733	4118
-2737	4115
-2738	4110
-2737	4103
-2740	4100
-2744	4096
-2747	4093
-2749	4088
-2753	4085
-2756	4082
-2759	4078
-2759	4072
-2761	4067
-2763	4063
-2765	4058
-2767	4054
-2770	4051
-2774	4048
-2777	4044
-2780	4040
-2781	4035
-2784	4032
-2787	4027
-2788	4022
-2789	4017
-2791	4013
-2794	4009
-2797	4005
-2798	4000
-2800	3996
-2803	3992
-2806	3989
-2809	3985
-2812	3981
-2813	3976
-2815	3972
-2820	3969
-2823	3966
-2825	3962
-2826	3956
-2827	3951
-2831	3948
-2833	3944
-2835	3940
-2837	3935
-2840	3931
-2843	3928
-2843	3922
-2844	3917
-2844	3911
-2847	3907
-2846	3901
-2847	3895
-2850	3891
-2851	3887
-2852	3882
-2852	3876
-2859	3875
-2860	3870
-2857	3862
-2861	3859
-2863	3855
-2864	3849
-2866	3845
-2867	3840
-2867	3835
-2869	3830
-2871	3826
-2872	3821
-2874	3816
-2877	3813
-2878	3808
-2881	3805
-2884	3801
-2884	3795
-2885	3790
-2886	3785
-2889	3782
-2892	3778
-2892	3773
-2894	3768
-2896	3764
-2897	3759
-2899	3755
-2904	3753
-2906	3748
-2906	3743
-2906	3737
-2909	3734
-2912	3730
-2912	3725
-2914	3721
-2917	3717
-2920	3713
-2922	3709
-2926	3706
-2927	3701
-2927	3696
-2926	3690
-2927	3685
-2932	3683
-2934	3679
-2935	3674
-2938	3670
-2940	3666
-2943	3662
-2947	3660
-2949	3655
-2948	3649
-2950	3645
-2952	3641
-2953	3636
-2950	3629
-2953	3625
-2948	3616
-2950	3612
-2950	3607
-2950	3601
-2950	3596
-2952	3592
-2954	3587
-2954	3582
-2953	3576
-2953	3571
-2955	3567
-2956	3562
-2955	3556
-2955	3551
-2955	3545
-2958	3542
-2960	3538
-2966	3536
-2962	3528
-2964	3525
-2963	3518
-2962	3513
-2965	3509
-2966	3505
-2969	3501
-2969	3496
-2970	3491
-2972	3487
-2973	3482
-2975	3478
-2974	3473
-2971	3465
-2969	3459
-2969	3454
-2971	3450
-2972	3445
-2969	3438
-2969	3433
-2971	3429
-2971	3424
-2973	3420
-2975	3416
-2980	3413
-2979	3408
-2978	3402
-2979	3397
-2977	3392
-2979	3387
-2981	3383
-2982	3379
-2981	3373
-2983	3369
-2984	3365
-2985	3360
-2984	3355
-2983	3349
-2983	3344
-2985	3340
-2984	3334
-2983	3329
-2984	3324
-2992	3324
-2985	3315
-2990	3313
-2991	3308
-2991	3303
-2990	3298
-2989	3292
-2988	3286
-2988	3282
-2988	3277
-2987	3271
-2985	3265
-2984	3260
-2984	3255
-2989	3252
-2987	3247
-2985	3241
-2986	3236
-2988	3232
-2989	3228
-2988	3222
-2989	3218
-2992	3215
-2991	3210
-2991	3205
-2993	3201
-2995	3197
-2995	3192
-2996	3188
-2994	3182
-2993	3177
-2989	3170
-2995	3168
-2996	3164
-2995	3158
-2995	3154
-2995	3149
-2996	3145
-2998	3141
-3000	3137
-3000	3132
-2998	3127
-2998	3121
-2999	3117
-2999	3112
-3001	3109
-3000	3103
-3001	3099
-3002	3095
-3002	3090
-3001	3085
-3001	3080
-3000	3075
-3000	3071
-3001	3066
-3001	3062
-2999	3056
-3001	3052
-3002	3048
-3002	3043
-3003	3039
-3001	3033
-2999	3028
-3000	3024
-2999	3019
-2999	3014
-3002	3011
-3002	3006
-3002	3002
-3003	2997
-3005	2994
-3002	2988
-3001	2983
-3002	2979
-3004	2975
-3003	2970
-2996	2962
-2996	2958
-2998	2954
-2999	2950
-3000	2946
-3000	2941
-2998	2936
-2997	2931
-2998	2927
-2999	2923
-3001	2919
-3001	2914
-2999	2909
-3003	2906
-3001	2901
-3000	2896
-2998	2891
-2994	2885
-2993	2880
-2996	2876
-2998	2873
-2996	2868
-2997	2864
-2999	2860
-3001	2856
-3000	2851
-2998	2846
-2997	2841
-2997	2837
-2997	2832
-2992	2826
-2992	2821
-2987	2815
-2985	2810
-2986	2806
-2989	2803
-2991	2799
-2992	2795
-2993	2791
-2993	2787
-2994	2783
-2994	2778
-2992	2773
-2992	2769
-2992	2765
-2990	2760
-2992	2756
-2992	2752
-2992	2747
-2993	2743
-2993	2739
-2991	2734
-2990	2729
-2989	2725
-2990	2721
-2984	2714
-2986	2711
-2989	2707
-2988	2703
-2985	2697
-2985	2693
-2983	2688
-2984	2684
-2985	2680
-2987	2677
-2984	2672
-2982	2666
-2980	2662
-2980	2658
-2981	2653
-2979	2649
-2979	2644
-2980	2640
-2984	2638
-2979	2632
-2978	2627
-2974	2622
-2973	2617
-2972	2613
-2974	2609
-2973	2605
-2970	2599
-2967	2594
-2967	2590
-2968	2586
-2970	2583
-2972	2579
-2975	2576
-2966	2569
-2966	2565
-2966	2561
-2961	2555
-2960	2551
-2961	2547
-2962	2543
-2956	2537
-2957	2533
-2958	2529
-2958	2525
-2957	2521
-2951	2515
-2950	2511
-2949	2506
-2948	2502
-2948	2498
-2949	2494
-2949	2490
-2951	2487
-2951	2483
-2947	2478
-2945	2473
-2947	2469
-2948	2465
-2947	2461
-2944	2456
-2942	2452
-2943	2448
-2944	2444
-2942	2440
-2939	2435
-2939	2431
-2937	2426
-2936	2422
-2934	2418
-2935	2414
-2935	2410
-2936	2406
-2932	2401
-2930	2397
-2929	2392
-2929	2388
-2930	2385
-2929	2381
-2928	2376
-2928	2372
-2929	2369
-2926	2364
-2927	2360
-2927	2356
-2924	2352
-2924	2348
-2921	2343
-2919	2339
-2920	2335
-2918	2331
-2914	2326
-2908	2321
-2906	2316
-2907	2312
-2907	2308
-2904	2304
-2896	2298
-2896	2295
-2898	2291
-2899	2287
-2899	2283
-2897	2279
-2896	2275
-2897	2272
-2895	2267
-2894	2263
-2895	2259
-2892	2255
-2890	2251
-2892	2247
-2893	2244
-2886	2239
-2884	2234
-2884	2230
-2884	2227
-2883	2223
-2883	2219
-2882	2215
-2881	2211
-2879	2207
-2879	2203
-2876	2198
-2875	2195
-2876	2191
-2878	2187
-2878	2184
-2874	2179
-2875	2175
-2873	2171
-2868	2167
-2865	2162
-2867	2159
-2870	2156
-2870	2152
-2867	2148
-2866	2144
-2864	2140
-2861	2135
-2861	2132
-2859	2128
-2860	2124
-2855	2119
-2854	2116
-2854	2112
-2854	2108
-2855	2104
-2851	2100
-2849	2096
-2853	2093
-2850	2089
-2850	2085
-2850	2081
-2845	2077
-2848	2074
-2836	2068
-2842	2066
-2843	2062
-2840	2058
-2840	2054
-2840	2050
-2840	2047
-2837	2043
-2832	2038
-2831	2035
-2834	2031
-2834	2028
-2833	2024
-2832	2020
-2834	2017
-2835	2013
-2828	2008
-2827	2005
-2825	2001
-2823	1997
-2825	1993
-2820	1989
-2820	1986
-2817	1982
-2824	1979
-2816	1974
-2817	1971
-2816	1967
-2814	1963
-2813	1959
-2814	1956
-2814	1952
-2815	1949
-2811	1945
-2810	1941
-2810	1937
-2810	1934
-2809	1930
-2807	1926
-2806	1922
-2807	1919
-2806	1915
-2802	1911
-2801	1908
-2803	1904
-2805	1901
-2804	1897
-2799	1893
-2796	1889
-2796	1886
-2796	1882
-2795	1878
-2797	1875
-2797	1871
-2795	1868
-2790	1864
-2786	1860
-2785	1856
-2784	1853
-2783	1849
-2782	1845
-2782	1842
-2781	1838
-2782	1835
-2782	1831
-2781	1827
-2781	1824
-2781	1820
-2777	1817
-2777	1813
-2774	1809
-2771	1806
-2772	1802
-2772	1799
-2770	1795
-2768	1791
-2769	1788
-2768	1784
-2765	1781
-2767	1777
-2766	1774
-2764	1770
-2763	1766
-2761	1763
-2760	1759
-2760	1756
-2760	1752
-2757	1749
-2754	1745
-2752	1741
-2752	1738
-2752	1734
-2750	1731
-2748	1727
-2749	1724
-2748	1720
-2748	1717
-2746	1713
-2745	1710
-2742	1706
-2737	1703
-2737	1699
-2737	1696
-2735	1692
-2734	1689
-2732	1685
-2730	1682
-2731	1678
-2730	1675
-2728	1671
-2728	1668
-2729	1664
-2731	1661
-2730	1657
-2729	1654
-2728	1650
-2728	1647
-2726	1643
-2725	1640
-2725	1636
-2722	1633
-2720	1630
-2720	1626
-2715	1623
-2713	1619
-2715	1616
-2716	1612
-2716	1609
-2714	1605
-2714	1602
-2714	1598
-2711	1595
-2711	1592
-2712	1588
-2712	1585
-2709	1581
-2708	1578
-2708	1574
-2706	1571
-2703	1568
-2702	1564
-2702	1561
-2702	1557
-2702	1554
-2702	1550
-2701	1547
-2699	1544
-2699	1540
-2698	1537
-2696	1533
-2695	1530
-2696	1527
-2695	1523
-2693	1520
-2693	1516
-2691	1513
-2690	1510
-2687	1506
-2686	1503
-2684	1500
-2682	1496
-2681	1493
-2682	1490
-2682	1486
-2682	1483
-2680	1479
-2677	1476
-2677	1473
-2679	1469
-2678	1466
-2675	1463
-2674	1459
-2673	1456
-2673	1452
-2672	1449
-2671	1446
-2671	1442
-2670	1439
-2668	1436
-2666	1432
-2665	1429
-2664	1426
-2661	1423
-2656	1420
-2657	1416
-2655	1413
-2652	1410
-2652	1406
-2653	1403
-2651	1400
-2650	1396
-2650	1393
-2647	1390
-2645	1387
-2644	1383
-2645	1380
-2643	1377
-2643	1373
-2641	1370
-2639	1367
-2637	1364
-2635	1360
-2636	1357
-2635	1354
-2635	1350
-2635	1347
-2633	1344
-2633	1340
-2633	1337
-2633	1333
-2631	1330
-2631	1327
-2631	1323
-2627	1321
-2626	1317
-2624	1314
-2623	1311
-2622	1308
-2623	1304
-2620	1301
-2619	1298
-2619	1294
-2618	1291
-2615	1288
-2615	1285
-2616	1281
-2616	1278
-2615	1274
-2613	1271
-2611	1268
-2610	1265
-2609	1262
-2608	1258
-2607	1255
-2606	1252
-2604	1249
-2603	1246
-2602	1242
-2600	1239
-2599	1236
-2599	1233
-2599	1229
-2598	1226
-2596	1223
-2594	1220
-2594	1216
-2592	1213
-2590	1210
-2589	1207
-2588	1204
-2588	1201
-2586	1197
-2585	1194
-2585	1191
-2584	1188
-2583	1184
-2582	1181
-2579	1178
-2579	1175
-2578	1172
-2575	1169
-2575	1165
-2574	1162
-2573	1159
-2572	1156
-2571	1153
-2570	1149
-2568	1146
-2568	1143
-2566	1140
-2564	1137
-2565	1133
-2563	1130
-2561	1127
-2561	1124
-2560	1121
-2558	1118
-2556	1115
-2555	1112
-2555	1108
-2557	1104
-2556	1101
-2555	1098
-2554	1095
-2550	1092
-2547	1089
-2545	1086
-2547	1082
-2547	1079
-2544	1076
-2541	1073
-2542	1070
-2541	1067
-2541	1063
-2539	1060
-2540	1057
-2538	1054
-2537	1051
-2536	1047
-2536	1044
-2533	1041
-2533	1038
-2533	1034
-2529	1032
-2524	1030
-2523	1027
-2520	1024
-2516	1021
-2515	1018
-2514	1015
-2512	1012
-2510	1009
-2509	1006
-2509	1003
-2508	1000
-2506	997
-2506	993
-2508	989
-2510	985
-2508	982
-2506	980
-2504	977
-2503	973
-2504	970
-2505	966
-2504	963
-2501	960
-2498	957
-2497	954
-2497	951
-2497	947
-2497	944
-2495	941
-2492	938
-2490	935
-2491	932
-2489	929
-2487	926
-2486	923
-2484	920
-2484	917
-2483	914
-2481	911
-2480	908
-2480	904
-2480	900
-2478	897
-2476	895
-2475	891
-2475	888
-2474	885
-2472	882
-2471	879
-2470	876
-2470	872
-2470	869
-2468	866
-2467	863
-2465	860
-2465	857
-2464	853
-2462	850
-2461	847
-2459	844
-2459	841
-2458	838
-2456	835
-2455	832
-2455	828
-2454	825
-2452	822
-2452	819
-2451	815
-2449	813
-2447	810
-2447	806
-2447	803
-2444	800
-2441	798
-2440	795
-2440	791
-2438	788
-2436	786
-2435	783
-2435	779
-2434	776
-2433	773
-2432	770
-2430	766
-2430	763
-2428	760
-2426	758
-2424	755
-2423	751
-2423	748
-2421	745
-2420	742
-2419	739
-2418	736
-2417	732
-2414	730
-2412	727
-2410	724
-2409	721
-2410	717
-2409	714
-2408	711
-2407	708
-2406	705
-2405	701
-2404	698
-2402	696
-2400	693
-2400	689
-2399	686
-2397	683
-2397	680
-2397	676
-2396	673
-2394	670
-2393	667
-2391	664
-2390	661
-2389	658
-2386	655
-2385	652
-2385	649
-2384	645
-2384	642
-2382	639
-2382	635
-2381	632
-2379	629
-2378	626
-2377	623
-2376	620
-2374	617
-2373	614
-2372	611
-2369	608
-2369	605
-2368	601
-2369	597
-2369	594
-2368	590
-2365	588
-2363	585
-2361	583
-2358	580
-2357	577
-2357	573
-2357	569
-2357	566
-2355	563
-2354	560
-2352	557
-2352	554
-2350	551
-2349	548
-2347	545
-2347	541
-2345	538
-2345	535
-2344	531
-2343	528
-2343	524
-2342	521
-2341	518
-2339	515
-2339	512
-2337	509
-2335	506
-2335	502
-2334	499
-2333	496
-2330	493
-2329	490
-2326	488
-2325	485
-2326	481
-2325	477
-2324	474
-2321	472
-2319	469
-2319	465
-2320	461
-2318	458
-2316	455
-2316	452
-2314	449
-2311	446
-2309	444
-2308	440
-2307	437
-2306	434
-2304	431
-2303	428
-2303	424
-2301	421
-2299	418
-2298	415
-2298	411
-2299	407
-2297	404
-2295	401
-2295	398
-2295	393
-2295	390
-2293	387
-2291	384
-2291	380
-2289	377
-2289	374
-2288	370
-2286	368
-2283	365
-2283	362
-2281	359
-2282	354
-2281	351
-2278	349
-2275	347
-2272	344
-2272	340
-2271	337
-2269	334
-2268	331
-2268	327
-2269	322
-2267	320
-2265	317
-2263	314
-2265	309
-2263	306
-2262	303
-2259	301
-2258	297
-2257	294
-2255	291
-2254	288
-2251	286
-2249	283
-2248	279
-2248	276
-2246	273
-2245	269
-2245	265
-2242	263
-2240	260
-2239	257
-2238	253
-2237	250
-2236	247
-2236	243
-2234	240
-2233	236
-2230	234
-2228	231
-2229	227
-2228	223
-2227	220
-2226	216
-2224	213
-2226	208
-2223	206
-2222	202
-2221	199
-2219	196
-2216	194
-2214	191
-2214	187
-2210	186
-2206	185
-2204	182
-2202	179
-2197	178
-2192	177
-2189	175
-2188	172
-2187	168
-2186	165
-2184	162
-2184	158
-2182	156
-2178	154
-2175	152
-2174	148
-2174	145
-2173	141
-2171	138
-2171	134
-2169	131
-2167	128
-2167	124
-2165	121
-2161	120
-2160	116
-2160	112
-2159	108
-2158	105
-2158	100
-2157	97
-2155	94
-2154	90
-2154	86
-2151	84
-2150	81
-2147	79
-2147	74
-2145	72
-2143	69
-2141	66
-2139	63
-2139	59
-2139	54
-2138	50
-2136	48
-2134	45
-2133	42
-2131	39
-2129	36
-2130	30
-2129	27
-2127	24
-2124	22
-2125	17
-2122	15
-2122	10
-2121	6
-2119	4
-2117	1
-2115	-2
-2112	-4
-2111	-8
-2111	-12
-2111	-17
-2109	-19
-2108	-23
-2107	-27
-2106	-31
-2104	-33
-2103	-37
-2103	-42
-2101	-45
-2100	-49
-2098	-51
-2095	-54
-2094	-57
-2093	-61
-2092	-65
-2090	-68
-2086	-69
-2088	-75
-2085	-77
-2085	-82
-2083	-85
-2081	-88
-2081	-92
-2080	-96
-2077	-99
-2077	-103
-2074	-105
-2071	-107
-2070	-111
-2068	-114
-2067	-118
-2066	-122
-2065	-126
-2061	-127
-2062	-132
-2060	-135
-2057	-138
-2057	-142
-2058	-148
-2053	-148
-2046	-147
-2041	-147
-2036	-147
-2033	-149
-2031	-152
-2028	-154
-2026	-157
-2024	-160
-2020	-160
-2013	-159
-2008	-159
-2005	-161
-1996	-158
-1989	-155
-1985	-156
-1982	-159
-1979	-161
-1976	-162
-1972	-164
-1968	-165
-1965	-166
-1957	-163
-1950	-162
-1949	-166
-1950	-171
-1946	-172
-1942	-173
-1937	-173
-1934	-174
-1931	-176
-1929	-179
-1926	-181
-1919	-179
-1910	-174
-1902	-172
-1898	-172
-1895	-175
-1889	-173
-1881	-170
-1877	-171
-1874	-173
-1871	-174
-1867	-175
-1862	-175
-1858	-176
-1856	-178
-1852	-179
-1844	-175
-1838	-174
-1833	-173
-1829	-174
-1824	-174
-1820	-174
-1814	-173
-1811	-175
-1809	-177
-1806	-179
-1804	-182
-1802	-185
-1800	-188
-1799	-191
-1796	-193
-1793	-194
-1790	-196
-1787	-198
-1783	-198
-1776	-196
-1771	-195
-1766	-195
-1752	-184
-1741	-177
-1737	-177
-1733	-177
-1728	-177
-1723	-177
-1718	-176
-1714	-176
-1711	-178
-1708	-178
-1702	-177
-1694	-173
-1690	-173
-1687	-174
-1686	-178
-1684	-181
-1683	-184
-1680	-186
-1678	-189
-1675	-190
-1671	-191
-1666	-190
-1664	-192
-1663	-196
-1651	-187
-1644	-184
-1641	-185
-1639	-188
-1637	-190
-1635	-192
-1624	-185
-1620	-185
-1616	-185
-1613	-187
-1609	-186
-1604	-186
-1601	-187
-1598	-189
-1595	-189
-1590	-188
-1585	-187
-1580	-187
-1576	-186
-1572	-187
-1568	-186
-1564	-186
-1561	-188
-1553	-183
-1546	-179
-1541	-178
-1538	-179
-1535	-179
-1530	-179
-1527	-179
-1524	-181
-1522	-183
-1521	-187
-1521	-193
-1516	-191
-1511	-189
-1505	-187
-1500	-186
-1495	-185
-1492	-185
-1489	-186
-1487	-189
-1486	-192
-1477	-185
-1468	-179
-1464	-179
-1461	-180
-1461	-184
-1462	-191
-1462	-197
-1463	-203
-1456	-198
-1451	-197
-1443	-191
-1439	-191
-1433	-188
-1430	-189
-1427	-190
-1425	-192
-1406	-171
-1401	-170
-1398	-171
-1397	-174
-1395	-177
-1393	-179
-1391	-182
-1390	-184
-1388	-187
-1387	-192
-1386	-194
-1383	-196
-1381	-199
-1379	-200
-1374	-199
-1371	-200
-1370	-203
-1368	-206
-1366	-209
-1361	-207
-1353	-200
-1346	-195
-1341	-193
-1337	-192
-1334	-193
-1331	-194
-1329	-196
-1326	-197
-1324	-199
-1313	-189
-1300	-174
-1294	-171
-1291	-171
-1287	-171
-1284	-171
-1280	-171
-1277	-171
-1274	-172
-1270	-170
-1265	-168
-1263	-170
-1260	-171
-1257	-171
-1254	-172
-1251	-173
-1247	-173
-1243	-171
-1238	-169
-1235	-170
-1233	-171
-1228	-169
-1223	-168
-1226	-177
-1221	-174
-1218	-175
-1214	-174
-1210	-173
-1207	-173
-1204	-175
-1195	-165
-1193	-167
-1195	-177
-1191	-175
-1189	-177
-1186	-177
-1182	-176
-1178	-175
-1175	-175
-1172	-176
-1169	-176
-1166	-177
-1163	-177
-1161	-180
-1158	-180
-1189	-240
-1145	-169
-1142	-170
-1140	-171
-1137	-173
-1134	-173
-1131	-174
-1128	-173
-1125	-174
-1123	-175
-1119	-175
-1116	-175
-1111	-172
-1108	-172
-1106	-173
-1103	-175
-1100	-174
-1098	-177
-1095	-178
-1092	-178
-1088	-176
-1085	-177
-1082	-177
-1079	-178
-1076	-178
-1071	-173
-1068	-174
-1066	-176
-1063	-177
-1059	-176
-1055	-174
-1053	-176
-1050	-176
-1046	-174
-1042	-173
-1039	-173
-1037	-175
-1035	-177
-1032	-178
-1028	-176
-1024	-174
-1021	-174
-1019	-177
-1016	-177
-1013	-175
-1010	-176
-1007	-177
-1005	-179
-1003	-181
-1001	-183
-999	-185
-997	-187
-995	-189
-992	-189
-988	-188
-984	-186
-982	-188
-980	-190
-977	-189
-988	-219
-986	-220
-983	-221
-939	-136
-936	-136
-933	-136
-930	-136
-927	-136
-925	-137
-924	-141
-923	-146
-922	-150
-922	-156
-919	-156
-917	-157
-915	-159
-913	-161
-911	-163
-911	-170
-910	-175
-908	-177
-906	-179
-903	-179
-901	-179
-897	-178
-894	-178
-891	-178
-888	-177
-885	-176
-881	-176
-879	-177
-877	-178
-874	-179
-871	-178
-871	-186
-781	-1
-778	-0
-776	-0
-772	3
-770	2
-768	1
-765	1
-762	2
-759	3
-757	2
-754	2
-751	3
-749	3
-747	1
-744	1
-742	1
-739	1
-737	0
-735	-1
-732	-2
-735	-15
-734	-17
-730	-14
-724	-7
-721	-6
-721	-10
-720	-16
-719	-21
-746	-124
-745	-130
-744	-134
-744	-141
-742	-143
-739	-144
-737	-144
-734	-145
-732	-146
-729	-146
-727	-147
-725	-149
-722	-150
-720	-150
-717	-150
-715	-152
-713	-154
-710	-153
-708	-154
-704	-152
-700	-147
-696	-144
-693	-144
-691	-145
-688	-145
-686	-144
-683	-145
-681	-146
-679	-148
-679	-155
-678	-161
-675	-162
-672	-160
-669	-158
-666	-157
-663	-156
-685	-233
-682	-233
-654	-154
-652	-155
-649	-153
-646	-152
-642	-150
-640	-150
-638	-152
-636	-154
-634	-156
-631	-157
-631	-163
-628	-165
-625	-164
-622	-160
-617	-153
-613	-149
-610	-148
-608	-149
-605	-150
-603	-151
-601	-152
-600	-158
-601	-169
-600	-175
-595	-168
-589	-157
-585	-153
-582	-150
-578	-146
-575	-145
-573	-145
-570	-144
-568	-147
-567	-150
-565	-154
-563	-158
-562	-160
-559	-162
-557	-164
-556	-170
-555	-175
-553	-178
-551	-179
-549	-183
-547	-186
-545	-186
-543	-187
-540	-187
-537	-187
-535	-188
-532	-187
-530	-187
-527	-189
-525	-188
-522	-189
-520	-189
-517	-188
-514	-188
-512	-188
-509	-189
-507	-189
-504	-189
-501	-189
-499	-188
-496	-189
-494	-188
-491	-188
-488	-189
-486	-189
-483	-188
-480	-186
-478	-187
-475	-187
-473	-189
-471	-189
-468	-189
-465	-189
-463	-190
-460	-190
-457	-187
-455	-188
-453	-189
-450	-189
-447	-187
-444	-186
-442	-185
-440	-188
-437	-188
-435	-189
-432	-189
-430	-189
-427	-188
-424	-188
-422	-188
-419	-189
-417	-188
-414	-188
-412	-188
-409	-188
-407	-189
-404	-189
-402	-189
-399	-188
-397	-189
-394	-188
-391	-189
-389	-189
-387	-189
-384	-188
-381	-185
-378	-186
-376	-188
-374	-189
-371	-189
-369	-188
-367	-191
-364	-190
-361	-189
-359	-188
-356	-188
-354	-189
-351	-189
-348	-187
-346	-186
-343	-186
-341	-187
-338	-187
-336	-188
-334	-189
-331	-188
-329	-188
-326	-190
-324	-189
-321	-188
-319	-189
-316	-188
-314	-188
-311	-189
-308	-188
-306	-187
-303	-187
-301	-188
-299	-189
-296	-189
-294	-189
-291	-188
-289	-188
-286	-189
-284	-188
-281	-187
-279	-188
-276	-188
-274	-188
-271	-189
-269	-189
-266	-189
-264	-188
-261	-189
-259	-188
-256	-188
-254	-188
-251	-189
-249	-189
-246	-188
-244	-187
-241	-187
-239	-188
-236	-188
-234	-186
-231	-187
-229	-189
-227	-188
-224	-187
-222	-187
-219	-187
-217	-189
-214	-188
-212	-186
-209	-184
-206	-181
-204	-180
-201	-179
-199	-179
-196	-181
-194	-186
-192	-188
-189	-180
-187	-180
-184	-181
-182	-182
-179	-183
-177	-183
-175	-185
-172	-187
-170	-187
-167	-187
-165	-187
-162	-187
-160	-187
-158	-187
-155	-188
-153	-188
-150	-188
-148	-188
-145	-188
-143	-188
-140	-187
-138	-188
-135	-188
-133	-188
-131	-188
-128	-188
-126	-189
-123	-189
-121	-189
-118	-189
-116	-188
-113	-187
-111	-188
-108	-188
-106	-188
-103	-187
-101	-187
-99	-188
-96	-189
-94	-190
-91	-190
-89	-189
-86	-189
-84	-188
-81	-187
-79	-186
-77	-187
-74	-188
-72	-189
-67	-188
-64	-189
-62	-189
-59	-188
-57	-188
-54	-188
-52	-187
-50	-187
-47	-186
-45	-187
-42	-188
-40	-188
-37	-187
-35	-187
-32	-185
-30	-185
-27	-185
-25	-186
-23	-186
-20	-186
-18	-187
-15	-186
-13	-185
-10	-185
-8	-185
-5	-185
-3	-186
-1	-186
2	-186
4	-185
7	-185
9	-184
12	-186
14	-185
17	-185
19	-185
22	-185
24	-185
26	-186
29	-186
31	-187
34	-187
36	-188
39	-188
41	-187
44	-187
46	-186
49	-186
51	-187
54	-187
56	-187
59	-189
61	-190
64	-188
66	-188
68	-188
71	-187
73	-187
76	-187
78	-187
81	-187
83	-188
86	-188
88	-189
91	-188
93	-188
96	-187
98	-187
101	-187
103	-187
106	-188
108	-189
111	-189
113	-188
115	-186
118	-187
120	-188
123	-188
125	-188
128	-189
130	-190
133	-189
135	-188
138	-188
140	-188
143	-187
145	-187
148	-188
150	-186
153	-187
155	-188
158	-188
160	-183
162	-180
164	-177
166	-175
168	-175
171	-175
173	-174
176	-173
178	-171
180	-169
182	-168
185	-169
187	-169
190	-168
192	-168
194	-166
197	-165
199	-165
202	-167
206	-174
210	-185
213	-189
215	-190
218	-189
220	-188
222	-187
224	-181
225	-174
227	-169
229	-165
231	-161
233	-161
236	-160
238	-161
241	-161
243	-160
245	-159
248	-157
250	-158
253	-159
255	-159
258	-159
260	-158
263	-160
266	-164
269	-167
272	-168
275	-169
277	-168
279	-168
282	-169
285	-170
287	-171
290	-171
293	-172
295	-172
298	-173
301	-174
304	-178
308	-185
311	-189
314	-189
316	-188
319	-188
322	-189
324	-190
327	-188
329	-188
332	-189
334	-188
337	-188
339	-188
342	-188
345	-189
347	-188
349	-187
352	-188
355	-188
357	-188
360	-187
362	-187
365	-188
368	-188
370	-188
373	-187
375	-187
378	-187
380	-187
383	-186
385	-185
388	-185
391	-187
393	-187
396	-187
399	-187
401	-187
403	-186
406	-185
409	-186
411	-186
414	-185
416	-186
419	-186
422	-186
425	-187
427	-185
429	-185
432	-186
435	-186
437	-186
439	-183
442	-182
445	-184
448	-186
451	-186
453	-186
456	-186
458	-184
460	-183
463	-183
466	-184
469	-186
472	-186
475	-187
477	-187
480	-186
482	-184
484	-181
484	-172
484	-163
484	-155
484	-148
486	-145
488	-143
490	-141
492	-140
495	-139
497	-138
499	-136
502	-136
505	-137
508	-139
511	-141
515	-144
518	-146
521	-148
525	-151
529	-155
534	-164
540	-174
543	-174
546	-175
550	-178
551	-175
554	-175
557	-177
560	-177
563	-177
565	-175
567	-174
570	-173
573	-174
576	-176
579	-177
582	-177
584	-176
587	-176
590	-177
594	-179
596	-179
599	-178
602	-178
604	-177
606	-176
609	-176
612	-177
615	-177
618	-178
621	-178
623	-177
625	-175
625	-167
627	-164
628	-160
629	-154
630	-151
632	-150
635	-149
638	-149
640	-147
642	-145
645	-146
647	-146
650	-146
653	-145
655	-144
658	-145
664	-153
667	-153
669	-152
672	-152
677	-157
681	-160
684	-160
686	-158
688	-156
690	-155
692	-154
695	-154
698	-153
700	-153
703	-153
706	-154
709	-153
711	-152
714	-151
716	-149
718	-148
720	-147
723	-145
725	-144
728	-143
731	-144
733	-143
735	-141
738	-141
740	-140
742	-138
744	-136
745	-131
746	-128
747	-123
748	-118
748	-112
747	-104
721	-22
720	-15
721	-11
720	-2
721	0
723	2
725	3
728	3
731	3
733	3
736	3
738	4
741	4
743	4
756	-4
772	1
775	2
777	3
780	3
849	-106
851	-105
854	-105
857	-103
859	-103
863	-104
866	-104
869	-104
872	-103
876	-106
881	-111
923	-185
926	-184
930	-185
928	-176
932	-178
935	-176
937	-175
941	-176
944	-176
947	-176
951	-178
954	-177
958	-178
962	-181
967	-184
971	-185
974	-185
977	-183
979	-182
980	-179
982	-176
984	-173
988	-175
991	-175
995	-176
999	-177
1001	-175
1004	-175
1007	-175
1011	-175
1014	-175
1017	-174
1020	-174
1023	-174
1026	-174
1030	-175
1033	-175
1036	-174
1040	-175
1043	-175
1047	-175
1050	-175
1054	-176
1057	-175
1059	-174
1062	-174
1066	-174
1069	-174
1072	-174
1075	-172
1078	-172
1082	-173
1086	-173
1089	-174
1093	-174
1096	-173
1098	-172
1100	-169
1102	-167
1105	-167
1109	-167
1112	-167
1115	-166
1119	-167
1122	-167
1126	-167
1129	-167
1133	-167
1138	-169
1141	-169
1145	-169
1148	-169
1151	-169
1154	-168
1158	-169
1162	-169
1166	-170
1169	-170
1173	-170
1176	-169
1177	-165
1174	-157
1170	-144
1171	-142
1174	-141
1177	-140
1183	-144
1193	-154
1204	-164
1213	-172
1217	-172
1221	-172
1224	-172
1228	-173
1233	-174
1238	-176
1243	-178
1240	-170
1241	-165
1243	-163
1247	-163
1250	-163
1253	-162
1256	-161
1263	-165
1278	-181
1282	-182
1288	-185
1296	-191
1299	-189
1299	-184
1297	-176
1298	-173
1300	-171
1302	-168
1305	-167
1308	-165
1310	-164
1312	-162
1314	-159
1317	-157
1320	-157
1325	-159
1332	-162
1338	-165
1340	-164
1342	-161
1343	-157
1346	-156
1347	-153
1352	-153
1360	-159
1370	-167
1375	-169
1379	-168
1381	-166
1383	-164
1386	-162
1388	-161
1391	-159
1396	-160
1402	-163
1412	-171
1418	-174
1418	-168
1419	-164
1421	-162
1423	-160
1426	-158
1430	-159
1437	-162
1442	-163
1442	-158
1444	-156
1446	-154
1449	-152
1453	-152
1457	-152
1460	-151
1463	-150
1466	-149
1470	-148
1473	-147
1477	-146
1479	-144
1482	-142
1485	-141
1486	-138
1488	-136
1491	-134
1497	-136
1502	-138
1507	-139
1511	-138
1515	-138
1519	-138
1522	-137
1529	-139
1541	-149
1551	-155
1552	-151
1552	-146
1553	-143
1555	-141
1557	-137
1558	-134
1561	-133
1564	-131
1569	-132
1573	-132
1577	-132
1582	-132
1588	-133
1595	-137
1602	-140
1604	-136
1606	-134
1610	-134
1617	-136
1621	-136
1625	-136
1628	-134
1632	-133
1632	-129
1634	-127
1638	-125
1640	-123
1643	-122
1647	-121
1652	-122
1658	-123
1662	-123
1665	-121
1669	-120
1673	-120
1678	-121
1685	-123
1690	-123
1697	-125
1700	-125
1706	-125
1711	-126
1717	-127
1719	-125
1721	-121
1724	-120
1727	-118
1731	-117
1734	-116
1740	-117
1746	-119
1749	-117
1754	-117
1763	-121
1768	-122
1776	-124
1787	-130
1793	-132
1801	-135
1805	-134
1810	-134
1809	-129
1807	-122
1805	-115
1805	-110
1805	-106
1806	-102
1808	-99
1816	-102
1825	-106
1839	-114
1849	-119
1853	-119
1855	-115
1857	-113
1860	-110
1861	-106
1863	-104
1867	-103
1874	-105
1885	-110
1889	-109
1895	-110
1895	-105
1897	-102
1905	-104
1915	-109
1923	-111
1925	-109
1927	-106
1930	-104
1938	-106
1942	-105
1949	-106
1955	-108
1958	-105
1961	-103
1965	-102
1972	-104
1980	-106
1988	-108
1991	-106
1995	-104
1998	-103
2003	-102
2005	-99
2006	-95
2005	-90
2006	-86
2008	-83
2012	-82
2022	-85
2027	-85
2035	-87
2039	-86
2043	-84
2047	-83
2051	-81
2056	-81
2064	-83
2080	-92
2083	-89
2088	-88
2092	-88
2095	-85
2099	-84
2102	-82
2106	-79
2113	-80
2118	-80
2125	-81
2128	-79
2133	-78
2137	-76
2141	-75
2145	-73
2148	-71
2152	-69
2154	-67
2157	-64
2164	-65
2169	-64
2173	-62
2182	-65
2188	-64
2192	-63
2195	-61
2198	-58
2201	-56
2213	-61
2217	-59
2220	-56
2230	-59
2234	-58
2237	-55
2237	-50
2237	-46
2240	-43
2243	-40
2243	-36
2262	-45
2268	-45
2277	-47
2284	-47
2286	-44
2286	-39
2285	-34
2283	-28
2284	-24
2289	-23
2292	-20
2291	-15
2289	-9
2286	-2
2286	3
2289	5
2294	7
2294	11
2296	14
2297	19
2298	22
2300	25
2301	30
2301	34
2303	38
2305	41
2304	46
2304	50
2305	54
2306	58
2310	60
2305	68
2305	73
2305	77
2307	80
2309	83
2310	87
2312	90
2314	94
2317	96
2317	100
2319	104
2321	107
2324	110
2320	117
2321	120
2317	127
2318	131
2321	134
2323	137
2319	144
2319	148
2319	153
2320	156
2322	160
2323	164
2323	168
2316	177
2319	179
2321	182
2326	183
2321	191
2323	194
2323	198
2323	203
2324	206
2326	210
2328	213
2329	216
2332	218
2333	223
2334	226
2332	232
2331	236
2332	240
2334	244
2334	248
2334	252
2336	255
2337	259
2334	264
2335	268
2339	270
2341	273
2342	277
2342	281
2341	286
2339	291
2340	295
2340	299
2344	301
2343	306
2344	309
2347	312
2346	316
2347	320
2346	325
2345	329
2345	334
2347	337
2350	339
2352	342
2352	347
2352	351
2352	355
2353	358
2355	361
2355	365
2356	369
2355	374
2355	378
2356	381
2357	385
2358	388
2358	392
2357	397
2357	401
2357	405
2360	408
2362	411
2362	415
2363	418
2362	423
2362	427
2363	430
2365	433
2365	437
2366	441
2367	444
2367	448
2367	452
2368	456
2367	460
2365	465
2366	469
2365	473
2365	477
2368	480
2370	483
2371	486
2371	490
2372	494
2372	497
2373	501
2374	505
2374	509
2374	512
2377	515
2376	519
2376	523
2376	527
2375	531
2378	534
2381	536
2385	539
2389	541
2395	542
2399	544
2404	545
2410	546
2411	550
2412	553
2413	557
2416	559
2416	563
2418	566
2419	570
2417	574
2419	578
2420	581
2420	585
2423	587
2424	591
2426	594
2426	598
2423	603
2424	607
2426	609
2428	613
2428	616
2429	620
2430	623
2433	626
2435	629
2433	633
2435	637
2437	640
2436	644
2435	648
2434	653
2434	656
2437	659
2441	661
2442	664
2441	669
2441	673
2440	677
2441	680
2443	683
2445	686
2446	689
2446	693
2445	697
2446	701
2448	704
2450	707
2450	711
2445	716
2446	720
2449	723
2450	726
2453	728
2453	732
2453	736
2455	739
2453	743
2453	747
2454	751
2456	754
2458	757
2457	761
2459	764
2456	769
2456	772
2459	775
2461	778
2460	782
2460	786
2460	789
2461	793
2460	797
2461	800
2462	804
2462	807
2460	812
2460	815
2462	818
2462	822
2463	825
2465	829
2465	832
2465	836
2467	839
2467	843
2469	846
2468	850
2466	854
2467	857
2470	860
2470	864
2471	867
2472	870
2469	875
2470	878
2472	881
2473	885
2473	888
2475	892
2473	896
2473	899
2474	903
2475	906
2473	910
2473	914
2476	917
2479	919
2480	923
2481	926
2482	929
2482	933
2481	937
2483	940
2486	943
2486	946
2486	950
2487	953
2488	957
2488	960
2489	964
2491	967
2491	970
2491	974
2493	977
2495	980
2496	983
2495	987
2496	990
2499	993
2500	997
2500	1000
2500	1004
2502	1007
2503	1010
2504	1013
2504	1017
2503	1021
2504	1024
2504	1028
2505	1031
2506	1035
2506	1038
2507	1041
2507	1045
2508	1048
2508	1052
2508	1055
2508	1059
2507	1063
2509	1066
2510	1069
2511	1073
2514	1075
2514	1079
2513	1083
2513	1086
2513	1090
2511	1094
2512	1097
2514	1100
2516	1103
2517	1107
2518	1110
2521	1113
2521	1116
2519	1120
2519	1124
2518	1128
2520	1131
2523	1134
2522	1137
2521	1141
2521	1145
2521	1148
2521	1152
2522	1155
2522	1159
2522	1162
2523	1166
2523	1169
2523	1172
2524	1176
2527	1179
2527	1182
2525	1186
2525	1190
2527	1193
2527	1196
2527	1200
2527	1203
2527	1207
2528	1210
2529	1214
2529	1217
2530	1221
2531	1224
2531	1227
2530	1231
2530	1234
2531	1238
2530	1241
2529	1245
2528	1249
2530	1252
2531	1255
2533	1258
2533	1262
2532	1266
2534	1269
2535	1272
2535	1276
2535	1279
2535	1283
2534	1286
2535	1290
2533	1293
2533	1297
2533	1300
2534	1304
2534	1307
2534	1311
2534	1314
2536	1317
2538	1320
2539	1324
2539	1327
2541	1330
2540	1334
2540	1337
2540	1341
2542	1344
2542	1348
2544	1351
2543	1354
2543	1358
2543	1361
2544	1365
2546	1368
2545	1371
2543	1375
2545	1378
2547	1382
2549	1385
2548	1388
2547	1392
2548	1395
2548	1399
2549	1402
2548	1406
2548	1409
2549	1413
2550	1416
2552	1419
2554	1422
2554	1426
2553	1429
2554	1433
2554	1436
2554	1440
2556	1443
2556	1447
2556	1450
2557	1453
2558	1457
2558	1460
2560	1463
2561	1467
2561	1470
2560	1474
2561	1477
2561	1481
2562	1484
2562	1487
2563	1491
2564	1494
2564	1498
2563	1501
2564	1505
2564	1508
2565	1511
2565	1515
2566	1518
2566	1522
2567	1525
2567	1529
2567	1532
2568	1536
2567	1539
2565	1543
2565	1546
2568	1549
2571	1553
2571	1556
2571	1560
2572	1563
2572	1566
2573	1570
2575	1573
2576	1577
2576	1580
2577	1584
2577	1587
2578	1590
2579	1594
2580	1597
2583	1601
2583	1604
2584	1608
2587	1611
2587	1614
2587	1618
2585	1621
2584	1625
2584	1628
2586	1632
2588	1635
2589	1639
2591	1642
2593	1646
2593	1649
2593	1653
2594	1656
2593	1660
2594	1663
2594	1666
2594	1670
2595	1673
