2568	1703
2570	1706
2571	1710
2572	1713
2572	1717
2572	1720
2573	1727
2573	1730
2574	1734
2574	1737
2574	1741
2575	1744
2575	1748
2575	1751
2576	1755
2577	1758
2577	1761
2577	1765
2577	1768
2578	1772
2579	1775
2580	1779
2579	1782
2581	1786
2584	1789
2586	1793
2586	1796
2585	1800
2585	1803
2587	1807
2588	1810
2589	1814
2589	1817
2589	1821
2588	1824
2587	1827
2588	1831
2589	1835
2590	1838
2592	1842
2593	1845
2592	1849
2593	1852
2596	1856
2595	1859
2595	1863
2595	1866
2597	1870
2599	1873
2600	1877
2599	1880
2600	1884
2600	1887
2600	1891
2600	1895
2600	1898
2600	1901
2601	1905
2601	1909
2600	1912
2600	1915
2600	1919
2600	1922
2601	1926
2601	1930
2604	1933
2604	1937
2604	1940
2606	1944
2608	1948
2607	1951
2606	1955
2607	1958
2607	1962
2609	1965
2609	1969
2608	1972
2610	1976
2610	1980
2609	1983
2612	1987
2613	1991
2613	1994
2613	1998
2613	2001
2614	2005
2613	2008
2614	2012
2615	2016
2613	2019
2611	2022
2612	2026
2615	2030
2616	2034
2614	2037
2612	2040
2615	2044
2618	2048
2621	2052
2620	2055
2620	2059
2620	2062
2619	2066
2622	2070
2623	2074
2623	2077
2623	2081
2623	2084
2623	2088
2625	2092
2625	2095
2625	2099
2625	2103
2625	2106
2627	2110
2628	2114
2630	2118
2629	2121
2626	2124
2626	2128
2627	2132
2629	2136
2628	2139
2628	2143
2630	2147
2629	2150
2629	2154
2630	2158
2630	2161
2630	2165
2630	2168
2631	2172
2634	2176
2634	2180
2635	2184
2634	2187
2633	2191
2633	2194
2633	2198
2631	2201
2631	2205
2630	2208
2630	2212
2630	2216
2632	2220
2633	2224
2633	2227
2633	2231
2632	2234
2633	2238
2633	2242
2634	2246
2634	2249
2636	2254
2635	2257
2635	2261
2638	2265
2640	2269
2641	2273
2644	2277
2645	2281
2643	2284
2643	2288
2644	2292
2644	2296
2643	2299
2640	2302
2639	2306
2639	2310
2646	2315
2648	2319
2649	2323
2650	2327
2648	2330
2645	2333
2646	2337
2648	2341
2648	2345
2647	2349
2648	2353
2649	2357
2650	2361
2653	2365
2653	2369
2652	2372
2655	2377
2656	2381
2656	2385
2657	2389
2659	2393
2660	2397
2658	2401
2656	2404
2656	2408
2657	2412
2658	2416
2659	2420
2659	2424
2658	2427
2657	2431
2658	2435
2659	2439
2662	2443
2664	2448
2663	2451
2663	2455
2662	2459
2662	2463
2663	2467
2663	2471
2663	2474
2665	2479
2665	2483
2665	2487
2668	2491
2669	2496
2670	2500
2670	2504
2671	2508
2672	2512
2671	2516
2670	2519
2671	2523
2673	2528
2672	2531
2672	2535
2673	2539
2672	2543
2673	2547
2672	2551
2671	2555
2670	2558
2670	2562
2670	2566
2671	2570
2671	2574
2669	2578
2669	2581
2669	2586
2671	2590
2672	2594
2671	2598
2671	2602
2675	2607
2675	2611
2676	2616
2676	2620
2676	2623
2675	2627
2674	2631
2674	2635
2674	2639
2675	2643
2673	2647
2672	2650
2672	2654
2673	2659
2675	2663
2677	2668
2679	2673
2678	2677
2679	2681
2678	2685
2678	2689
2679	2693
2678	2697
2679	2701
2678	2705
2680	2710
2680	2714
2679	2718
2679	2721
2678	2725
2681	2730
2681	2735
2683	2739
2682	2743
2683	2748
2683	2752
2685	2757
2684	2760
2684	2764
2684	2769
2685	2773
2686	2778
2685	2782
2685	2786
2687	2791
2689	2796
2689	2800
2689	2804
2689	2808
2689	2812
2690	2817
2688	2820
2686	2824
2685	2828
2685	2832
2686	2836
2689	2842
2690	2847
2692	2851
2696	2858
2700	2864
2703	2869
2703	2873
2702	2877
2702	2881
2703	2886
2704	2891
2704	2895
2705	2900
2705	2904
2706	2909
2707	2914
2708	2918
2707	2922
2709	2927
2711	2933
2713	2938
2714	2943
2714	2947
2714	2952
2713	2956
2714	2960
2715	2965
2715	2969
2715	2974
2713	2978
2712	2982
2714	2987
2717	2993
2718	2998
2716	3001
2715	3005
2715	3009
2717	3015
2718	3020
2718	3024
2717	3028
2716	3032
2716	3037
2717	3042
2717	3046
2717	3051
2716	3055
2716	3059
2719	3065
2720	3070
2714	3071
2694	3066
2668	3058
2655	3056
2652	3058
2649	3061
2647	3065
2645	3068
2642	3071
2639	3074
2637	3078
2637	3082
2637	3087
2724	3136
2726	3142
2725	3146
2726	3151
2726	3155
2724	3159
2723	3164
2724	3169
2724	3173
2724	3178
2725	3183
2731	3191
2730	3195
2729	3200
2726	3203
2726	3207
2728	3213
2727	3217
2727	3222
2728	3227
2726	3231
2726	3235
2726	3241
2725	3245
2722	3248
2722	3252
2721	3257
2721	3262
2722	3267
2723	3272
2724	3277
2725	3283
2727	3289
2727	3294
2725	3298
2725	3303
2725	3307
2725	3312
2726	3318
2726	3322
2723	3326
2725	3332
2724	3336
2725	3341
2725	3347
2725	3351
2723	3355
2724	3361
2725	3366
2726	3372
2727	3377
2725	3381
2724	3385
2722	3390
2723	3395
2723	3400
2723	3405
2722	3409
2721	3414
2721	3419
2721	3424
2720	3428
2718	3432
2719	3438
2723	3445
2722	3450
2719	3453
2725	3462
2726	3468
2725	3472
2724	3476
2724	3482
2723	3486
2721	3490
2725	3498
2725	3503
2725	3508
2725	3513
2725	3519
2721	3521
2718	3524
2717	3529
2714	3532
2715	3538
2714	3543
2714	3548
2713	3553
2712	3557
2711	3562
2715	3570
2714	3574
2714	3580
2714	3585
2714	3590
2712	3594
2708	3597
2707	3602
2711	3609
2713	3616
2713	3622
2712	3627
2711	3631
2709	3635
2707	3639
2710	3647
2707	3650
2707	3656
2707	3661
2706	3666
2707	3672
2708	3678
2709	3684
2706	3687
2703	3691
2703	3696
2703	3702
2703	3708
2704	3714
2703	3718
2701	3723
2701	3729
2703	3735
2703	3741
2700	3744
2698	3748
2699	3754
2698	3760
2696	3764
2699	3772
2697	3776
2696	3781
2695	3786
2691	3789
2690	3793
2697	3804
2697	3810
2695	3815
2693	3819
2692	3824
2690	3828
2687	3831
2687	3837
2684	3840
2675	3839
2668	3840
2666	3843
2667	3850
2676	3863
2686	3877
2686	3882
2685	3888
2686	3894
2685	3900
2683	3904
2681	3908
2681	3914
2682	3921
2680	3925
2678	3930
2677	3934
2676	3940
2675	3945
2675	3951
2676	3958
2674	3962
2671	3966
2670	3971
2668	3975
2665	3979
2663	3984
2662	3989
2662	3995
2662	4001
2660	4005
2656	4008
2653	4011
2653	4017
2653	4024
2653	4030
2652	4035
2651	4041
2649	4045
2647	4050
2646	4055
2644	4060
2643	4065
2642	4071
2641	4075
2638	4080
2637	4084
2635	4089
2633	4094
2630	4098
2632	4106
2631	4111
2630	4116
2627	4120
2624	4124
2622	4128
2623	4136
2254	3822
2252	3825
2249	3828
2253	3855
2248	3855
2610	4215
2595	4208
2593	4212
2590	4216
2588	4220
2585	4224
2583	4229
2581	4233
2577	4237
2573	4240
2574	4247
2572	4251
2570	4256
2568	4261
2566	4266
2563	4270
2561	4275
2558	4279
2556	4283
2553	4287
2550	4291
2548	4295
2544	4299
2542	4303
2539	4307
2537	4312
2535	4317
2532	4321
2529	4325
2529	4331
2526	4335
2522	4338
2520	4343
2518	4348
2516	4353
2516	4359
2512	4363
2509	4367
2506	4371
2505	4376
2501	4380
2499	4384
2494	4386
2492	4391
2491	4397
2490	4403
2486	4406
2484	4410
2481	4414
2479	4419
2476	4424
2473	4428
2472	4433
2470	4438
2469	4444
2467	4450
2466	4455
2464	4461
2460	4464
2457	4468
2453	4471
2448	4473
2444	4476
2443	4481
2440	4485
2437	4489
2434	4494
2432	4499
2428	4502
2425	4506
2422	4509
2417	4512
2414	4516
2413	4521
2410	4526
2407	4529
2404	4534
2402	4539
2399	4543
2396	4547
2393	4551
2389	4555
2386	4558
2383	4562
2381	4568
2379	4573
2375	4576
2371	4578
2368	4583
2366	4589
2364	4594
2362	4599
2358	4602
2354	4604
2349	4607
2345	4610
2342	4613
2338	4616
2335	4620
2332	4625
2329	4629
2326	4632
2322	4636
2320	4641
2317	4646
2314	4650
2311	4653
2308	4658
2305	4662
2302	4667
2299	4670
2296	4675
2292	4678
2292	4686
2290	4691
2287	4695
2284	4700
2281	4705
2278	4708
2275	4712
2271	4716
2268	4720
2265	4725
2262	4729
2259	4733
2255	4736
2252	4740
2248	4744
2246	4749
2243	4754
2240	4757
2236	4760
2232	4763
2228	4767
2226	4772
2223	4776
2220	4781
2216	4785
2212	4788
2208	4791
2204	4794
2201	4797
2197	4801
2194	4806
2191	4810
2188	4814
2184	4818
2180	4821
2177	4825
2173	4827
2168	4830
2163	4832
2159	4834
2155	4837
2152	4841
2148	4845
2145	4849
2142	4853
2139	4858
2135	4861
2130	4863
2126	4866
2123	4871
2119	4874
2116	4878
2113	4883
2109	4886
2105	4889
2101	4892
2097	4896
2095	4901
2092	4905
2088	4909
2086	4915
2082	4919
2079	4923
2077	4928
2074	4934
2070	4937
2065	4939
2061	4942
2057	4945
2052	4947
2048	4950
2046	4956
2044	4963
2043	4970
2039	4974
2034	4975
2030	4978
2027	4983
2024	4987
2019	4990
2015	4993
2012	4997
2007	4999
2003	5002
1998	5005
1995	5009
1991	5012
1987	5015
1983	5018
1978	5020
1973	5022
1969	5025
1966	5029
1962	5034
1957	5035
1951	5035
1946	5035
1940	5036
1935	5037
1930	5040
1926	5042
1922	5046
1919	5050
1916	5056
1913	5061
1909	5063
1905	5067
1900	5069
1895	5071
1890	5073
1886	5076
1882	5078
1878	5082
1874	5085
1871	5090
1868	5096
1865	5100
1861	5103
1856	5106
1851	5107
1846	5108
1841	5110
1836	5112
1832	5115
1829	5120
1825	5124
1820	5126
1816	5129
1813	5133
1809	5136
1805	5141
1802	5146
1798	5148
1793	5150
1789	5153
1785	5156
1781	5159
1776	5162
1772	5165
1767	5168
1763	5171
1759	5174
1755	5177
1750	5180
1746	5182
1742	5186
1738	5189
1734	5193
1730	5196
1726	5200
1722	5203
1718	5206
1713	5209
1709	5211
1705	5214
1700	5216
1694	5217
1690	5219
1685	5222
1681	5224
1676	5227
1672	5229
1667	5232
1663	5234
1660	5240
1655	5242
1650	5244
1645	5246
1640	5247
1636	5249
1630	5249
1624	5249
1620	5252
1615	5254
1610	5256
1606	5259
1602	5263
1598	5267
1593	5267
1588	5269
1585	5274
1581	5279
1578	5284
1573	5287
1569	5289
1564	5292
1560	5295
1557	5300
1552	5303
1548	5306
1544	5309
1539	5312
1535	5316
1531	5318
1526	5321
1522	5325
1518	5329
1514	5332
1509	5334
1504	5336
1499	5337
1494	5337
1489	5339
1485	5343
1481	5347
1475	5347
1470	5348
1465	5348
1459	5348
1454	5349
1449	5350
1445	5354
1441	5358
1436	5360
1431	5363
1427	5366
1423	5369
1418	5370
1413	5372
1408	5374
1403	5375
1397	5375
1391	5373
1386	5374
1381	5377
1377	5381
1372	5382
1367	5383
1362	5384
1356	5384
1351	5385
1347	5387
1342	5391
1338	5395
1334	5399
1329	5400
1324	5401
1320	5405
1316	5409
1311	5410
1307	5414
1303	5418
1297	5419
1292	5420
1288	5422
1283	5425
1278	5427
1274	5429
1269	5432
1265	5436
1261	5439
1255	5439
1250	5441
1246	5444
1242	5450
1237	5451
1232	5452
1227	5453
1222	5456
1217	5457
1213	5460
1208	5461
1203	5465
1199	5468
1193	5467
1189	5470
1184	5473
1180	5476
1175	5479
1170	5480
1165	5483
1160	5481
1155	5484
1150	5486
1145	5487
1139	5487
1134	5486
1128	5485
1122	5485
1117	5483
1112	5485
1107	5487
1101	5486
1096	5487
1091	5488
1086	5490
1080	5488
1074	5487
1069	5486
1063	5486
1058	5487
1053	5488
1048	5490
1043	5492
1038	5492
1033	5493
1027	5490
1022	5492
1017	5494
1012	5496
1007	5496
1002	5497
997	5499
992	5500
987	5502
982	5505
977	5505
972	5506
967	5508
962	5509
957	5510
952	5512
948	5516
943	5519
939	5523
935	5528
930	5530
925	5530
919	5530
914	5529
908	5528
904	5530
899	5534
894	5535
889	5537
885	5541
880	5544
876	5550
872	5553
867	5555
862	5556
857	5557
851	5558
846	5557
841	5557
835	5558
831	5561
826	5563
821	5565
816	5566
811	5567
806	5567
800	5568
795	5568
790	5567
784	5567
779	5569
774	5571
769	5572
764	5573
759	5575
754	5575
749	5575
744	5575
738	5576
733	5576
728	5577
723	5579
718	5580
713	5581
708	5582
703	5583
698	5585
693	5587
688	5589
683	5591
678	5593
673	5595
668	5597
663	5597
658	5598
653	5600
648	5600
643	5600
638	5601
633	5603
628	5607
623	5609
618	5611
613	5614
608	5615
603	5616
598	5616
593	5616
588	5618
583	5621
578	5625
573	5625
568	5624
562	5624
557	5625
552	5627
547	5630
542	5631
537	5632
532	5633
527	5635
522	5637
517	5639
512	5641
507	5643
502	5644
497	5645
492	5646
487	5647
481	5648
476	5650
471	5653
466	5653
461	5653
456	5654
450	5651
445	5651
440	5652
434	5652
429	5652
424	5653
419	5654
414	5655
409	5656
403	5657
398	5656
393	5655
387	5655
382	5655
377	5655
372	5654
366	5653
361	5653
356	5653
350	5651
345	5649
340	5649
334	5648
329	5648
324	5647
318	5646
313	5646
308	5648
303	5649
298	5651
293	5652
288	5652
282	5651
277	5650
272	5652
267	5654
262	5654
257	5654
251	5656
246	5655
241	5654
236	5655
231	5655
225	5655
220	5656
215	5657
210	5657
204	5655
199	5654
194	5655
189	5657
184	5659
179	5659
174	5661
168	5662
163	5663
158	5664
153	5665
148	5667
143	5668
137	5668
132	5668
127	5667
122	5666
117	5668
76	5020
71	5022
67	5023
63	5021
58	5016
54	5016
49	5016
45	5017
41	5014
36	5003
31	4998
27	4992
23	4991
18	4992
14	4992
10	4994
5	4998
1	5000
-3	5004
-7	5013
-12	5014
-16	5014
-20	5013
-25	5015
-29	5019
-33	5021
-38	5020
-50	5666
-55	5666
-60	5665
-66	5665
-71	5665
-76	5664
-81	5664
-86	5663
-92	5664
-97	5663
-102	5663
-123	5662
-128	5659
-133	5660
-138	5659
-144	5660
-149	5661
-154	5660
-159	5659
-164	5659
-169	5659
-175	5659
-180	5657
-185	5656
-190	5655
-195	5656
-201	5656
-206	5655
-211	5656
-216	5656
-221	5655
-226	5654
-232	5654
-237	5654
-242	5653
-247	5653
-252	5653
-257	5651
-263	5649
-268	5647
-273	5646
-278	5646
-283	5645
-288	5645
-294	5645
-299	5644
-304	5642
-309	5640
-314	5640
-319	5639
-324	5637
-329	5637
-334	5635
-340	5635
-345	5635
-350	5634
-355	5634
-360	5634
-365	5634
-371	5633
-376	5631
-381	5631
-386	5630
-391	5629
-396	5629
-401	5626
-406	5624
-411	5624
-416	5622
-422	5622
-427	5624
-432	5624
-437	5624
-442	5621
-447	5618
-452	5615
-457	5615
-462	5615
-467	5614
-472	5612
-477	5610
-482	5606
-487	5605
-492	5605
-498	5607
-503	5605
-508	5602
-512	5600
-517	5597
-522	5595
-527	5595
-533	5595
-538	5595
-543	5595
-548	5594
-553	5593
-558	5591
-563	5590
-569	5592
-574	5597
-580	5597
-585	5597
-590	5596
-595	5595
-600	5594
-605	5595
-611	5595
-616	5594
-621	5593
-626	5592
-631	5590
-636	5590
-641	5591
-647	5593
-652	5593
-657	5591
-662	5588
-667	5586
-671	5583
-676	5581
-681	5580
-686	5578
-692	5579
-697	5578
-702	5576
-707	5574
-712	5573
-716	5568
-720	5564
-725	5563
-731	5562
-736	5562
-741	5560
-745	5557
-750	5555
-755	5554
-760	5553
-765	5553
-770	5552
-776	5553
-781	5552
-786	5550
-790	5547
-795	5545
-800	5543
-805	5540
-810	5537
-815	5537
-820	5538
-825	5538
-830	5537
-835	5536
-840	5535
-846	5534
-850	5532
-855	5531
-860	5529
-865	5528
-870	5528
-876	5529
-881	5529
-886	5527
-891	5526
-896	5525
-901	5525
-907	5526
-912	5526
-917	5525
-922	5523
-927	5523
-933	5523
-938	5524
-943	5524
-948	5523
-953	5521
-959	5521
-964	5520
-968	5518
-973	5517
-979	5517
-984	5518
-989	5517
-994	5516
-999	5512
-1004	5511
-1009	5511
-1014	5510
-1018	5506
-1023	5501
-1027	5497
-1031	5494
-1036	5493
-1041	5491
-1046	5491
-1052	5492
-1057	5491
-1062	5489
-1067	5487
-1071	5485
-1076	5482
-1081	5480
-1086	5480
-1091	5479
-1097	5482
-1102	5480
-1107	5477
-1111	5475
-1116	5471
-1121	5470
-1126	5469
-1131	5468
-1136	5467
-1141	5465
-1145	5463
-1150	5460
-1155	5460
-1161	5460
-1166	5460
-1171	5458
-1175	5456
-1181	5456
-1186	5454
-1191	5454
-1196	5453
-1201	5453
-1206	5449
-1210	5447
-1215	5445
-1220	5444
-1225	5442
-1230	5440
-1234	5437
-1239	5436
-1244	5435
-1249	5433
-1253	5430
-1258	5427
-1263	5425
-1268	5424
-1273	5424
-1278	5423
-1283	5422
-1289	5422
-1293	5420
-1298	5418
-1303	5417
-1308	5415
-1313	5413
-1317	5411
-1322	5409
-1328	5408
-1333	5408
-1337	5405
-1342	5403
-1347	5402
-1352	5400
-1357	5398
-1362	5398
-1367	5396
-1372	5394
-1376	5391
-1380	5387
-1385	5385
-1390	5385
-1395	5383
-1399	5378
-1402	5374
-1406	5370
-1411	5366
-1415	5364
-1420	5363
-1425	5360
-1429	5357
-1433	5354
-1437	5348
-1440	5342
-1444	5340
-1448	5335
-1452	5332
-1457	5330
-1462	5329
-1467	5328
-1473	5328
-1477	5326
-1481	5322
-1486	5320
-1491	5319
-1496	5318
-1501	5316
-1506	5315
-1510	5312
-1515	5310
-1519	5306
-1524	5305
-1529	5304
-1534	5302
-1539	5300
-1544	5299
-1548	5295
-1552	5293
-1557	5291
-1561	5289
-1567	5288
-1571	5285
-1575	5282
-1579	5279
-1584	5276
-1587	5271
-1592	5269
-1597	5267
-1601	5265
-1606	5263
-1610	5260
-1615	5258
-1619	5255
-1623	5252
-1628	5250
-1633	5249
-1638	5247
-1643	5246
-1647	5243
-1652	5241
-1656	5237
-1659	5233
-1664	5230
-1668	5228
-1673	5226
-1677	5223
-1681	5219
-1684	5214
-1688	5211
-1693	5209
-1698	5206
-1702	5204
-1707	5203
-1712	5202
-1715	5196
-1720	5194
-1725	5192
-1728	5188
-1732	5184
-1735	5180
-1739	5176
-1744	5173
-1748	5171
-1753	5169
-1756	5164
-1760	5161
-1764	5158
-1769	5156
-1773	5152
-1775	5145
-1779	5142
-1783	5139
-1788	5137
-1793	5136
-1797	5133
-1801	5129
-1805	5126
-1809	5123
-1813	5120
-1817	5118
-1822	5116
-1827	5115
-1832	5112
-1835	5108
-1839	5105
-1843	5102
-1848	5099
-1851	5095
-1855	5092
-1860	5090
-1864	5087
-1868	5084
-1873	5082
-1877	5079
-1881	5076
-1885	5073
-1888	5069
-1892	5065
-1896	5062
-1899	5057
-1904	5056
-1909	5054
-1913	5052
-1918	5050
-1923	5048
-1927	5045
-1931	5042
-1935	5038
-1939	5035
-1943	5033
-1948	5031
-1953	5029
-1956	5025
-1961	5023
-1964	5018
-1967	5013
-1970	5008
-1972	5002
-1975	4998
-1979	4995
-1983	4992
-1988	4990
-1993	4989
-1997	4986
-2001	4983
-2005	4979
-2009	4976
-2013	4973
-2017	4970
-2021	4967
-2025	4964
-2029	4961
-2033	4958
-2037	4955
-2042	4953
-2046	4950
-2051	4948
-2054	4945
-2059	4942
-2062	4939
-2066	4935
-2070	4932
-2073	4928
-2077	4925
-2081	4922
-2085	4919
-2089	4916
-2093	4913
-2097	4909
-2101	4906
-2105	4903
-2109	4900
-2113	4898
-2117	4894
-2120	4890
-2124	4887
-2129	4885
-2133	4882
-2136	4879
-2141	4876
-2144	4872
-2148	4870
-2153	4867
-2156	4863
-2160	4860
-2163	4856
-2167	4853
-2171	4850
-2176	4848
-2181	4847
-2185	4843
-2189	4840
-2193	4838
-2196	4834
-2200	4830
-2204	4828
-2208	4824
-2211	4820
-2215	4817
-2218	4813
-2222	4809
-2226	4807
-2230	4804
-2235	4802
-2238	4799
-2242	4795
-2246	4792
-2249	4789
-2253	4785
-2256	4781
-2260	4777
-2263	4773
-2266	4769
-2269	4765
-2272	4760
-2275	4756
-2278	4751
-2280	4747
-2284	4744
-2288	4741
-2293	4739
-2298	4736
-2302	4734
-2306	4731
-2309	4727
-2313	4724
-2317	4721
-2320	4717
-2324	4714
-2328	4710
-2331	4707
-2334	4703
-2338	4700
-2341	4696
-2345	4693
-2349	4689
-2351	4685
-2355	4682
-2359	4679
-2363	4676
-2367	4673
-2370	4669
-2373	4664
-2376	4660
-2379	4656
-2382	4651
-2385	4648
-2389	4645
-2393	4642
-2396	4638
-2400	4634
-2403	4631
-2408	4629
-2412	4626
-2416	4623
-2421	4621
-2425	4618
-2426	4613
-2428	4607
-2432	4603
-2435	4600
-2439	4596
-2443	4594
-2448	4592
-2453	4590
-2456	4586
-2459	4582
-2462	4578
-2464	4574
-2466	4567
-2469	4564
-2473	4561
-2476	4557
-2479	4553
-2482	4549
-2484	4543
-2487	4539
-2490	4535
-2493	4531
-2497	4528
-2501	4526
-2506	4524
-2510	4521
-2513	4517
-2514	4511
-2517	4507
-2520	4503
-2523	4499
-2526	4495
-2529	4491
-2533	4488
-2536	4484
-2538	4479
-2541	4475
-2543	4470
-2546	4466
-2550	4463
-2554	4460
-2556	4455
-2560	4452
-2563	4448
-2566	4444
-2569	4441
-2573	4437
-2576	4433
-2579	4429
-2582	4425
-2585	4421
-2587	4417
-2591	4414
-2595	4411
-2597	4407
-2601	4403
-2602	4398
-2605	4394
-2609	4390
-2612	4386
-2615	4383
-2619	4380
-2622	4375
-2624	4371
-2628	4368
-2631	4365
-2634	4361
-2636	4356
-2639	4352
-2643	4349
-2646	4345
-2647	4339
-2650	4335
-2654	4332
-2657	4328
-2660	4324
-2663	4320
-2665	4316
-2668	4312
-2671	4308
-2673	4304
-2677	4300
-2680	4297
-2683	4293
-2686	4289
-2689	4285
-2691	4280
-2692	4275
-2694	4270
-2696	4265
-2699	4261
-2701	4257
-2704	4252
-2707	4248
-2710	4245
-2713	4241
-2715	4236
-2716	4231
-2719	4227
-2722	4223
-2725	4219
-2727	4214
-2729	4210
-2732	4206
-2734	4202
-2737	4197
-2739	4193
-2741	4188
-2743	4184
-2746	4179
-2748	4175
-2751	4171
-2753	4167
-2756	4162
-2758	4158
-2761	4154
-2762	4149
-2766	4146
-2769	4142
-2772	4139
-2775	4135
-2776	4129
-2778	4125
-2780	4120
-2783	4116
-2785	4112
-2788	4108
-2791	4104
-2794	4100
-2796	4096
-2799	4092
-2800	4087
-2803	4083
-2805	4078
-2808	4075
-2811	4071
-2813	4066
-2815	4061
-2815	4055
-2815	4049
-2815	4043
-2816	4038
-2819	4034
-2822	4030
-2825	4027
-2829	4024
-2833	4021
-2836	4017
-2840	4014
-2842	4010
-2845	4006
-2847	4002
-2847	3995
-2847	3990
-2850	3986
-2852	3981
-2854	3977
-2857	3973
-2858	3968
-2859	3963
-2860	3958
-2863	3954
-2866	3950
-2868	3946
-2870	3941
-2872	3937
-2874	3933
-2876	3928
-2877	3923
-2879	3918
-2881	3914
-2883	3910
-2885	3905
-2888	3901
-2890	3897
-2891	3892
-2892	3887
-2895	3883
-2897	3879
-2899	3875
-2901	3870
-2903	3865
-2905	3862
-2907	3857
-2910	3853
-2912	3849
-2914	3844
-2916	3840
-2918	3836
-2918	3830
-2920	3826
-2920	3820
-2921	3815
-2922	3810
-2925	3806
-2928	3803
-2930	3798
-2930	3792
-2930	3787
-2932	3782
-2935	3779
-2937	3774
-2939	3770
-2941	3766
-2944	3762
-2947	3759
-2949	3754
-2950	3749
-2951	3744
-2953	3740
-2954	3735
-2957	3732
-2960	3728
-2962	3724
-2963	3719
-2965	3715
-2967	3710
-2970	3707
-2972	3702
-2973	3697
-2973	3692
-2971	3685
-2970	3679
-2970	3673
-2971	3668
-2971	3663
-2970	3656
-2970	3651
-2971	3646
-2973	3642
-2974	3637
-2974	3632
-2975	3627
-2976	3622
-2977	3617
-2977	3612
-2973	3603
-2973	3598
-2972	3592
-2974	3588
-2974	3582
-2973	3576
-2973	3571
-2973	3565
-2972	3559
-2972	3554
-2971	3548
-2970	3542
-2970	3537
-2970	3532
-2971	3527
-2972	3522
-2972	3517
-2972	3511
-2972	3506
-2972	3501
-2973	3496
-2973	3491
-2973	3486
-2973	3480
-2973	3475
-2972	3469
-2970	3463
-2971	3458
-2972	3454
-2974	3449
-2973	3444
-2974	3439
-2975	3434
-2973	3428
-2972	3423
-2972	3417
-2972	3412
-2972	3407
-2972	3402
-2972	3396
-2972	3392
-2971	3386
-2970	3380
-2968	3374
-2967	3368
-2965	3362
-2965	3357
-2965	3352
-2965	3347
-2964	3341
-2964	3336
-2963	3331
-2963	3326
-2964	3321
-2965	3317
-2966	3313
-2967	3308
-2967	3303
-2968	3298
-2968	3294
-2966	3287
-2966	3283
-2963	3276
-2963	3271
-2965	3267
-2963	3261
-2961	3255
-2962	3251
-2962	3246
-2963	3242
-2962	3236
-2960	3230
-2959	3225
-2960	3220
-2960	3216
-2957	3209
-2958	3205
-2956	3199
-2957	3195
-2959	3191
-2957	3185
-2958	3181
-2957	3176
-2956	3170
-2955	3165
-2956	3161
-2956	3156
-2956	3151
-2955	3146
-2955	3141
-2952	3135
-2952	3130
-2953	3126
-2954	3122
-2955	3117
-2954	3112
-2952	3107
-2951	3102
-2951	3097
-2950	3092
-2950	3087
-2951	3083
-2951	3078
-2950	3073
-2948	3067
-2947	3062
-2947	3058
-2947	3053
-2947	3048
-2945	3043
-2943	3037
-2942	3032
-2941	3027
-2941	3023
-2943	3019
-2943	3014
-2943	3010
-2943	3005
-2943	3001
-2943	2996
-2940	2990
-2940	2986
-2940	2981
-2939	2976
-2939	2972
-2941	2968
-2940	2963
-2938	2958
-2936	2953
-2936	2948
-2936	2943
-2936	2939
-2936	2934
-2937	2930
-2937	2926
-2934	2920
-2932	2915
-2932	2910
-2932	2906
-2932	2902
-2933	2897
-2933	2893
-2930	2888
-2928	2882
-2927	2877
-2928	2873
-2927	2869
-2926	2864
-2925	2859
-2925	2854
-2922	2849
-2922	2845
-2923	2841
-2923	2836
-2924	2832
-2924	2828
-2924	2824
-2924	2819
-2923	2815
-2924	2811
-2922	2806
-2923	2802
-2922	2797
-2921	2792
-2921	2788
-2920	2783
-2920	2779
-2918	2774
-2916	2769
-2916	2765
-2914	2760
-2915	2756
-2916	2752
-2917	2748
-2916	2743
-2915	2739
-2914	2734
-2914	2730
-2915	2726
-2913	2721
-2909	2715
-2909	2711
-2907	2706
-2904	2701
-2901	2696
-2901	2691
-2897	2686
-2897	2682
-2896	2677
-2896	2673
-2897	2669
-2895	2665
-2895	2660
-2893	2656
-2892	2651
-2892	2647
-2887	2641
-2886	2637
-2885	2632
-2886	2629
-2887	2625
-2887	2620
-2886	2616
-2885	2612
-2885	2607
-2887	2604
-2886	2600
-2884	2595
-2884	2591
-2884	2587
-2884	2583
-2882	2578
-2881	2574
-2880	2569
-2878	2565
-2877	2560
-2877	2556
-2876	2552
-2877	2548
-2876	2544
-2875	2540
-2874	2535
-2874	2531
-2874	2527
-2874	2523
-2873	2519
-2870	2514
-2870	2510
-2869	2506
-2868	2501
-2867	2497
-2867	2493
-2867	2489
-2865	2485
-2865	2481
-2865	2477
-2866	2473
-2866	2469
-2865	2465
-2864	2461
-2864	2457
-2862	2452
-2861	2448
-2859	2444
-2858	2439
-2859	2436
-2859	2432
-2857	2427
-2856	2423
-2855	2419
-2855	2415
-2853	2411
-2852	2406
-2852	2403
-2852	2399
-2851	2395
-2850	2390
-2851	2387
-2850	2383
-2850	2379
-2850	2375
-2849	2371
-2848	2367
-2848	2363
-2848	2359
-2847	2355
-2846	2351
-2845	2347
-2844	2343
-2844	2339
-2843	2335
-2839	2330
-2839	2326
-2840	2322
-2839	2318
-2838	2314
-2837	2310
-2837	2306
-2839	2303
-2838	2299
-2837	2295
-2836	2291
-2834	2287
-2834	2283
-2832	2279
-2831	2275
-2830	2271
-2830	2267
-2830	2263
-2828	2259
-2827	2255
-2827	2251
-2827	2247
-2827	2244
-2824	2239
-2823	2235
-2823	2231
-2823	2228
-2822	2224
-2822	2220
-2821	2216
-2818	2212
-2818	2208
-2818	2204
-2818	2200
-2816	2196
-2816	2193
-2815	2189
-2813	2185
-2813	2181
-2813	2177
-2812	2173
-2811	2169
-2812	2166
-2810	2162
-2809	2158
-2807	2154
-2805	2150
-2805	2146
-2804	2142
-2802	2138
-2801	2134
-2800	2131
-2800	2127
-2800	2123
-2800	2120
-2798	2116
-2797	2112
-2797	2108
-2796	2104
-2797	2101
-2794	2097
-2794	2093
-2793	2089
-2792	2085
-2791	2082
-2790	2078
-2790	2074
-2790	2070
-2789	2067
-2789	2063
-2788	2059
-2787	2055
-2786	2052
-2786	2048
-2785	2044
-2784	2041
-2783	2037
-2781	2033
-2780	2029
-2780	2026
-2778	2022
-2778	2018
-2778	2014
-2777	2011
-2777	2007
-2777	2004
-2777	2000
-2775	1996
-2775	1993
-2775	1989
-2773	1985
-2774	1982
-2773	1978
-2771	1974
-2771	1970
-2770	1967
-2770	1963
-2770	1960
-2769	1956
-2769	1952
-2766	1948
-2765	1945
-2766	1941
-2765	1938
-2765	1934
-2766	1931
-2766	1927
-2765	1923
-2763	1920
-2762	1916
-2761	1912
-2760	1909
-2761	1905
-2760	1902
-2759	1898
-2759	1894
-2759	1891
-2759	1887
-2759	1884
-2757	1880
-2758	1876
-2757	1873
-2756	1869
-2753	1866
-2753	1862
-2754	1858
-2754	1855
-2754	1851
-2753	1848
-2753	1844
-2752	1841
-2751	1837
-2749	1833
-2748	1830
-2749	1826
-2747	1823
-2745	1819
-2744	1815
-2743	1812
-2742	1808
-2742	1805
-2742	1801
-2742	1798
-2741	1794
-2740	1791
-2739	1787
-2739	1784
-2739	1780
-2740	1777
-2740	1773
-2739	1770
-2737	1766
-2737	1762
-2736	1759
-2737	1755
-2736	1752
-2735	1748
-2734	1745
-2734	1741
-2735	1738
-2734	1734
-2733	1731
-2732	1727
-2731	1724
-2730	1720
-2728	1717
-2727	1713
-2727	1710
-2726	1706
-2724	1703
-2724	1699
-2723	1696
-2722	1692
-2720	1689
-2720	1685
-2720	1682
-2719	1678
-2718	1675
-2718	1671
-2716	1668
-2714	1664
-2715	1661
-2713	1657
-2713	1654
-2713	1650
-2712	1647
-2712	1644
-2711	1640
-2708	1637
-2706	1633
-2705	1630
-2705	1626
-2706	1623
-2706	1619
-2706	1616
-2704	1612
-2702	1609
-2700	1606
-2698	1602
-2699	1599
-2697	1595
-2695	1592
-2695	1588
-2695	1585
-2694	1582
-2693	1578
-2691	1575
-2691	1571
-2690	1568
-2688	1565
-2688	1561
-2687	1558
-2685	1554
-2686	1551
-2686	1547
-2685	1544
-2685	1541
-2684	1537
-2683	1534
-2683	1530
-2681	1527
-2681	1524
-2680	1520
-2680	1517
-2678	1513
-2677	1510
-2677	1507
-2678	1503
-2678	1500
-2676	1496
-2673	1493
-2671	1490
-2671	1486
-2671	1483
-2670	1479
-2669	1476
-2668	1473
-2667	1469
-2667	1466
-2666	1463
-2665	1459
-2664	1456
-2664	1452
-2664	1449
-2662	1446
-2661	1442
-2662	1439
-2661	1435
-2660	1432
-2658	1429
-2657	1426
-2657	1422
-2657	1419
-2655	1415
-2655	1412
-2655	1409
-2654	1405
-2653	1402
-2650	1399
-2648	1396
-2648	1392
-2647	1389
-2647	1385
-2647	1382
-2646	1379
-2644	1375
-2643	1372
-2644	1369
-2643	1365
-2640	1362
-2638	1359
-2637	1356
-2637	1352
-2636	1349
-2635	1346
-2634	1342
-2633	1339
-2631	1336
-2631	1332
-2629	1329
-2627	1326
-2627	1323
-2625	1320
-2624	1316
-2623	1313
-2624	1309
-2623	1306
-2622	1303
-2621	1300
-2620	1296
-2618	1293
-2617	1290
-2616	1287
-2615	1283
-2613	1280
-2612	1277
-2612	1273
-2611	1270
-2611	1267
-2610	1263
-2609	1260
-2607	1257
-2606	1254
-2605	1251
-2603	1247
-2603	1244
-2601	1241
-2601	1238
-2600	1234
-2599	1231
-2600	1227
-2598	1224
-2597	1221
-2595	1218
-2594	1215
-2594	1211
-2594	1208
-2594	1204
-2592	1201
-2590	1198
-2589	1195
-2588	1192
-2587	1188
-2588	1185
-2588	1181
-2587	1178
-2586	1175
-2585	1172
-2584	1168
-2584	1165
-2582	1162
-2581	1159
-2581	1155
-2580	1152
-2579	1149
-2578	1145
-2578	1142
-2577	1139
-2576	1136
-2575	1132
-2572	1130
-2571	1126
-2570	1123
-2569	1120
-2568	1117
-2568	1113
-2567	1110
-2566	1107
-2564	1104
-2563	1100
-2563	1097
-2563	1093
-2563	1090
-2561	1087
-2560	1084
-2559	1081
-2559	1077
-2557	1074
-2557	1071
-2556	1067
-2555	1064
-2553	1061
-2551	1058
-2550	1055
-2547	1052
-2545	1049
-2544	1046
-2542	1043
-2541	1040
-2540	1037
-2541	1033
-2538	1030
-2537	1027
-2536	1024
-2535	1021
-2534	1018
-2532	1015
-2531	1011
-2530	1008
-2528	1005
-2528	1002
-2527	998
-2527	995
-2526	992
-2524	989
-2522	986
-2522	982
-2521	979
-2520	976
-2518	973
-2518	970
-2517	966
-2516	963
-2515	960
-2514	957
-2513	953
-2512	950
-2511	947
-2510	944
-2509	941
-2508	937
-2507	934
-2506	931
-2505	928
-2504	925
-2503	922
-2503	918
-2504	914
-2502	911
-2501	908
-2500	905
-2499	902
-2499	898
-2498	895
-2497	892
-2495	889
-2494	886
-2494	882
-2493	879
-2492	876
-2491	872
-2491	869
-2490	865
-2488	863
-2487	859
-2487	856
-2486	853
-2485	850
-2484	846
-2483	843
-2482	840
-2481	836
-2480	833
-2479	830
-2479	827
-2478	823
-2477	820
-2476	817
-2475	814
-2475	810
-2475	807
-2474	803
-2473	800
-2472	797
-2471	794
-2470	790
-2470	787
-2470	783
-2468	780
-2466	777
-2465	774
-2465	771
-2464	768
-2462	764
-2462	761
-2461	758
-2460	755
-2457	752
-2457	748
-2457	745
-2457	741
-2455	738
-2455	735
-2455	731
-2454	728
-2453	725
-2452	721
-2450	718
-2450	715
-2450	711
-2449	708
-2448	705
-2447	701
-2446	698
-2443	696
-2442	692
-2440	690
-2438	687
-2437	683
-2437	680
-2436	676
-2434	674
-2433	671
-2431	667
-2430	664
-2429	661
-2426	659
-2425	655
-2424	652
-2423	649
-2423	645
-2421	642
-2420	639
-2419	636
-2417	633
-2417	629
-2415	627
-2413	624
-2410	621
-2409	618
-2407	615
-2408	611
-2406	608
-2404	606
-2402	603
-2402	599
-2401	596
-2400	593
-2399	589
-2398	586
-2396	583
-2395	580
-2394	577
-2393	573
-2391	570
-2391	567
-2389	564
-2388	561
-2387	557
-2387	554
-2385	551
-2384	548
-2381	545
-2379	542
-2377	539
-2376	536
-2376	532
-2375	529
-2373	526
-2372	523
-2371	520
-2370	516
-2368	514
-2366	511
-2364	508
-2362	505
-2363	501
-2362	498
-2360	495
-2359	492
-2358	488
-2357	485
-2356	482
-2355	478
-2354	475
-2354	471
-2352	468
-2351	465
-2349	462
-2347	459
-2346	456
-2344	453
-2343	450
-2342	447
-2340	444
-2338	441
-2338	437
-2336	434
-2335	431
-2334	428
-2333	424
-2331	421
-2330	418
-2329	415
-2328	411
-2327	408
-2326	405
-2325	402
-2323	399
-2321	396
-2320	392
-2319	389
-2318	386
-2316	383
-2314	380
-2313	377
-2313	373
-2310	370
-2308	367
-2307	365
-2305	362
-2304	358
-2302	355
-2300	352
-2298	350
-2298	346
-2296	343
-2295	339
-2294	336
-2293	333
-2292	329
-2289	327
-2286	325
-2285	321
-2285	317
-2284	314
-2282	311
-2280	309
-2279	305
-2278	302
-2276	299
-2275	295
-2275	291
-2276	287
-2275	284
-2275	279
-2274	276
-2274	272
-2274	268
-2274	264
-2273	260
-2273	256
-2272	252
-2272	248
-2271	245
-2268	242
-2266	240
-2265	236
-2264	233
-2260	231
-2255	230
-2251	229
-2247	227
-2246	224
-2244	221
-2242	219
-2238	217
-2236	214
-2237	209
-2236	205
-2235	202
-2233	199
-2231	197
-2229	193
-2229	190
-2227	187
-2227	183
-2226	179
-2225	176
-2223	173
-2221	170
-2220	166
-2217	164
-2216	161
-2215	157
-2214	154
-2213	150
-2211	147
-2209	144
-2208	141
-2205	138
-2205	134
-2203	132
-2201	129
-2199	126
-2197	123
-2196	119
-2196	115
-2195	112
-2193	108
-2191	106
-2189	103
-2188	99
-2187	96
-2185	93
-2183	90
-2183	86
-2181	83
-2179	80
-2178	76
-2176	74
-2175	70
-2174	66
-2173	63
-2171	59
-2170	56
-2168	53
-2166	50
-2166	46
-2164	43
-2162	40
-2161	36
-2160	33
-2158	30
-2157	26
-2155	23
-2154	20
-2153	16
-2151	13
-2150	9
-2148	6
-2147	3
-2145	-1
-2144	-4
-2143	-7
-2140	-9
-2140	-14
-2139	-18
-2137	-21
-2135	-24
-2133	-27
-2131	-30
-2131	-34
-2128	-37
-2127	-40
-2125	-44
-2124	-47
-2122	-50
-2120	-53
-2119	-56
-2117	-60
-2116	-64
-2115	-67
-2114	-71
-2112	-74
-2110	-77
-2108	-80
-2106	-83
-2105	-87
-2104	-91
-2101	-93
-2099	-96
-2098	-99
-2096	-103
-2095	-107
-2094	-110
-2093	-114
-2093	-119
-2090	-121
-2089	-125
-2087	-128
-2085	-131
-2084	-135
-2082	-138
-2080	-141
-2080	-146
-2075	-146
-2066	-143
-2059	-141
-2054	-141
-2047	-140
-2041	-139
-2040	-143
-2040	-147
-2035	-148
-2030	-148
-2026	-150
-2017	-145
-2008	-142
-2005	-144
-2002	-145
-1998	-147
-1995	-149
-1991	-150
-1982	-147
-1979	-148
-1970	-144
-1964	-144
-1961	-145
-1957	-146
-1952	-146
-1947	-146
-1938	-142
-1931	-141
-1927	-142
-1923	-142
-1917	-141
-1912	-141
-1907	-141
-1896	-135
-1892	-135
-1887	-135
-1883	-136
-1880	-138
-1878	-140
-1876	-143
-1874	-146
-1870	-147
-1868	-149
-1865	-152
-1864	-155
-1861	-157
-1856	-157
-1850	-155
-1841	-151
-1833	-148
-1825	-144
-1822	-146
-1819	-148
-1813	-145
-1807	-145
-1804	-146
-1801	-148
-1795	-147
-1791	-147
-1787	-148
-1784	-149
-1779	-148
-1775	-149
-1771	-150
-1769	-152
-1758	-146
-1748	-140
-1743	-139
-1741	-141
-1740	-145
-1739	-149
-1736	-151
-1731	-150
-1728	-151
-1724	-152
-1719	-151
-1714	-150
-1712	-153
-1714	-160
-1712	-162
-1707	-162
-1698	-156
-1692	-155
-1687	-154
-1682	-154
-1677	-153
-1674	-154
-1672	-157
-1671	-160
-1660	-153
-1654	-151
-1646	-147
-1642	-146
-1639	-148
-1636	-149
-1634	-152
-1632	-154
-1627	-154
-1622	-153
-1618	-153
-1614	-152
-1609	-152
-1606	-153
-1601	-152
-1594	-149
-1591	-149
-1588	-151
-1584	-151
-1578	-149
-1574	-149
-1572	-152
-1572	-156
-1567	-156
-1559	-150
-1553	-148
-1549	-148
-1546	-150
-1544	-152
-1543	-155
-1540	-157
-1536	-157
-1532	-156
-1522	-149
-1516	-146
-1512	-146
-1510	-148
-1508	-151
-1505	-153
-1502	-153
-1498	-153
-1494	-153
-1491	-154
-1487	-154
-1484	-155
-1478	-153
-1475	-154
-1472	-155
-1469	-156
-1466	-157
-1463	-158
-1460	-159
-1456	-158
-1451	-158
-1446	-156
-1442	-155
-1439	-156
-1437	-159
-1431	-156
-1425	-153
-1421	-153
-1418	-153
-1415	-154
-1406	-147
-1400	-145
-1400	-149
-1399	-153
-1398	-156
-1397	-161
-1395	-162
-1388	-158
-1381	-154
-1376	-151
-1372	-151
-1369	-152
-1366	-152
-1363	-153
-1360	-154
-1358	-157
-1356	-159
-1354	-161
-1352	-164
-1352	-169
-1347	-167
-1345	-169
-1343	-172
-1342	-175
-1341	-179
-1342	-186
-1339	-186
-1334	-185
-1330	-184
-1326	-183
-1321	-182
-1316	-179
-1311	-178
-1309	-179
-1307	-182
-1301	-178
-1297	-177
-1294	-178
-1290	-178
-1287	-178
-1284	-178
-1280	-178
-1278	-180
-1276	-182
-1272	-182
-1269	-182
-1265	-182
-1262	-182
-1257	-181
-1253	-180
-1247	-176
-1243	-175
-1240	-175
-1236	-174
-1233	-175
-1230	-176
-1227	-176
-1224	-176
-1221	-177
-1218	-178
-1213	-176
-1209	-175
-1206	-175
-1203	-176
-1200	-176
-1195	-174
-1192	-175
-1189	-175
-1186	-175
-1183	-176
-1180	-176
-1177	-177
-1173	-177
-1170	-176
-1166	-176
-1163	-176
-1160	-176
-1158	-178
-1155	-178
-1152	-179
-1148	-178
-1144	-177
-1140	-176
-1137	-177
-1134	-177
-1130	-175
-1126	-175
-1124	-176
-1121	-177
-1119	-178
-1115	-178
-1112	-179
-1109	-178
-1106	-179
-1103	-179
-1098	-176
-1095	-176
-1091	-175
-1089	-177
-1086	-177
-1083	-179
-1080	-178
-1077	-178
-1073	-177
-1069	-176
-1067	-177
-1064	-179
-1061	-179
-1058	-179
-1055	-179
-1052	-180
-1049	-179
-1046	-180
-1043	-180
-1040	-179
-1037	-180
-1034	-180
-1031	-182
-1028	-181
-1025	-181
-1022	-181
-1019	-181
-1015	-181
-1012	-180
-1009	-180
-1006	-180
-1003	-180
-1000	-181
-997	-181
-994	-181
-989	-176
-983	-170
-980	-171
-977	-171
-974	-171
-971	-172
-968	-172
-965	-171
-962	-172
-960	-173
-957	-174
-933	-131
-931	-131
-928	-132
-926	-135
-925	-138
-924	-143
-924	-149
-923	-154
-922	-156
-919	-157
-915	-154
-909	-148
-902	-139
-898	-136
-894	-135
-892	-135
-891	-141
-891	-146
-891	-153
-890	-157
-887	-158
-884	-156
-878	-151
-874	-147
-870	-144
-866	-143
-864	-143
-860	-143
-858	-143
-855	-143
-781	2
-779	1
-776	2
-773	2
-771	1
-769	1
-766	2
-763	2
-760	2
-758	2
-755	3
-753	2
-749	4
-747	4
-745	2
-742	2
-739	4
-736	4
-735	1
-734	-3
-734	-9
-733	-13
-730	-12
-725	-7
-722	-6
-721	-11
-720	-15
-719	-18
-748	-128
-747	-133
-746	-136
-744	-139
-743	-142
-740	-143
-737	-143
-735	-143
-732	-144
-731	-146
-728	-146
-725	-147
-723	-149
-721	-149
-718	-150
-716	-152
-714	-153
-711	-153
-708	-153
-706	-153
-703	-154
-701	-156
-698	-156
-696	-157
-693	-157
-691	-158
-688	-157
-686	-159
-684	-162
-681	-160
-677	-157
-674	-156
-672	-157
-671	-161
-669	-166
-668	-170
-667	-175
-665	-177
-662	-177
-660	-178
-657	-178
-654	-175
-651	-175
-648	-176
-646	-176
-644	-178
-641	-178
-638	-178
-636	-179
-633	-179
-631	-179
-628	-178
-625	-177
-622	-177
-619	-176
-617	-177
-614	-177
-611	-178
-609	-177
-606	-176
-606	-187
-603	-185
-600	-184
-583	-135
-580	-134
-578	-133
-575	-135
-574	-138
-571	-139
-570	-143
-568	-147
-567	-152
-576	-193
-515	-7
-512	-3
-509	-3
-507	-4
-506	-9
-506	-19
-507	-29
-506	-37
-506	-45
-506	-54
-506	-64
-506	-73
-507	-89
-507	-99
-508	-112
-507	-119
-507	-126
-506	-134
-506	-144
-506	-153
-504	-159
-502	-161
-501	-164
-499	-167
-497	-169
-494	-171
-492	-170
-489	-170
-487	-170
-484	-171
-482	-171
-479	-172
-477	-173
-474	-171
-471	-171
-469	-171
-466	-171
-464	-170
-461	-171
-459	-171
-456	-172
-453	-170
-451	-170
-448	-171
-446	-171
-443	-172
-441	-172
-438	-172
-436	-172
-433	-173
-431	-172
-428	-172
-425	-170
-423	-170
-420	-170
-418	-171
-415	-170
-413	-172
-410	-171
-408	-171
-405	-171
-403	-171
-400	-171
-398	-170
-395	-172
-393	-170
-390	-171
-388	-171
-385	-171
-383	-171
-380	-171
-377	-170
-375	-169
-372	-170
-370	-169
-367	-169
-365	-170
-362	-170
-360	-170
-357	-170
-355	-170
-352	-170
-350	-170
-347	-169
-345	-168
-342	-170
-340	-173
-339	-181
-337	-183
-334	-183
-332	-183
-329	-184
-327	-185
-324	-184
-322	-184
-319	-184
-317	-183
-314	-184
-312	-184
-309	-184
-307	-185
-305	-185
-302	-184
-299	-185
-297	-185
-294	-184
-292	-184
-289	-183
-287	-183
-284	-184
-282	-184
-279	-184
-277	-185
-275	-186
-272	-186
-270	-184
-267	-185
-265	-185
-262	-185
-260	-186
-257	-185
-255	-184
-252	-184
-250	-185
-247	-186
-245	-185
-242	-184
-240	-185
-237	-184
-235	-184
-232	-184
-230	-185
-227	-185
-225	-185
-222	-185
-220	-184
-217	-185
-215	-185
-212	-184
-210	-183
-207	-183
-205	-185
-203	-185
-200	-185
-198	-185
-195	-185
-193	-185
-190	-183
-188	-183
-185	-183
-183	-184
-180	-183
-178	-184
-175	-183
-173	-183
-170	-184
-168	-183
-165	-183
-163	-185
-161	-185
-158	-185
-156	-184
-153	-184
-151	-184
-148	-183
-146	-183
-143	-184
-141	-183
-138	-183
-136	-183
-133	-183
-131	-183
-129	-184
-126	-184
-124	-184
-121	-184
-119	-185
-116	-183
-114	-183
-111	-184
-109	-184
-106	-184
-104	-184
-102	-184
-99	-184
-97	-184
-94	-184
-92	-184
-89	-184
-87	-184
-84	-184
-82	-184
-79	-184
-77	-185
-75	-186
-72	-186
-70	-187
-67	-186
-65	-185
-62	-185
-60	-184
-57	-184
-55	-184
-52	-184
-50	-185
-47	-185
-43	-185
-40	-186
-38	-186
-35	-187
-33	-188
-30	-186
-28	-186
-25	-186
-23	-185
-20	-185
-18	-185
-16	-185
-13	-186
-11	-186
-8	-186
-6	-186
-3	-187
-1	-187
2	-187
4	-186
7	-187
9	-187
12	-186
14	-186
16	-186
19	-186
21	-186
24	-186
26	-187
29	-187
31	-188
34	-186
36	-185
39	-185
41	-185
44	-185
46	-185
48	-185
51	-186
53	-187
56	-186
58	-186
61	-186
63	-185
66	-186
68	-187
71	-185
73	-185
76	-186
78	-186
81	-187
83	-187
86	-186
88	-186
90	-186
93	-186
95	-186
98	-186
100	-186
103	-185
105	-185
108	-185
110	-185
113	-185
115	-184
118	-184
120	-185
123	-186
125	-187
128	-187
130	-186
133	-185
135	-185
138	-186
140	-187
143	-186
145	-185
148	-186
150	-185
153	-186
155	-186
158	-187
160	-186
163	-187
165	-187
168	-188
170	-187
172	-186
175	-186
177	-185
180	-186
182	-186
185	-186
187	-185
190	-186
193	-187
195	-187
197	-186
200	-184
202	-184
205	-185
208	-186
210	-186
213	-187
215	-186
217	-186
220	-186
222	-185
225	-186
227	-186
230	-186
233	-187
235	-186
238	-187
240	-187
243	-186
245	-187
248	-186
250	-186
253	-187
255	-186
258	-186
260	-186
263	-186
265	-187
268	-186
270	-186
273	-185
275	-186
278	-186
281	-187
283	-186
286	-187
288	-188
291	-187
293	-187
296	-185
298	-185
301	-184
303	-185
306	-186
309	-186
311	-184
313	-183
315	-180
317	-179
319	-176
321	-171
322	-166
324	-162
327	-163
330	-168
335	-176
337	-176
339	-172
341	-171
344	-171
346	-171
349	-170
351	-171
354	-171
357	-172
359	-170
362	-171
364	-170
366	-170
369	-171
372	-171
375	-172
377	-170
380	-171
382	-171
385	-170
387	-171
390	-170
392	-171
395	-171
398	-170
400	-171
403	-170
405	-171
408	-171
410	-170
413	-171
416	-170
418	-170
421	-171
423	-170
426	-172
429	-172
431	-171
434	-172
437	-171
439	-170
442	-171
444	-171
447	-170
450	-171
452	-171
455	-171
457	-170
460	-170
463	-170
465	-170
468	-171
471	-171
473	-170
476	-171
479	-171
481	-171
484	-171
487	-172
489	-170
491	-169
493	-167
496	-166
498	-165
500	-162
502	-160
503	-155
504	-150
504	-142
504	-134
504	-126
505	-120
506	-113
506	-105
503	-89
504	-83
504	-74
503	-65
504	-58
503	-49
503	-41
504	-35
504	-27
504	-19
504	-12
505	-7
507	-5
509	-4
512	-6
580	-177
583	-178
586	-178
588	-177
591	-177
594	-177
596	-177
598	-174
598	-166
597	-156
597	-148
598	-145
601	-144
604	-144
606	-144
610	-147
615	-152
619	-157
622	-158
624	-155
625	-151
627	-149
629	-147
632	-147
635	-147
637	-145
639	-144
642	-144
645	-144
648	-145
650	-144
653	-144
656	-145
660	-148
663	-150
667	-151
672	-157
676	-162
679	-162
680	-158
683	-156
685	-155
687	-154
690	-154
693	-155
696	-155
699	-154
701	-153
703	-152
706	-152
709	-151
711	-151
714	-150
716	-149
719	-148
721	-147
723	-145
725	-143
728	-143
731	-143
733	-142
735	-140
738	-139
740	-137
741	-134
743	-131
743	-126
744	-120
745	-116
744	-109
714	-17
715	-13
716	-9
716	-3
718	-2
721	-2
723	-0
725	1
727	2
730	3
733	2
735	2
738	2
740	2
744	1
747	-0
749	1
752	1
755	0
764	-1
766	1
767	3
770	3
773	2
776	3
778	3
876	-177
879	-176
882	-176
885	-177
889	-178
892	-178
895	-178
898	-178
901	-177
903	-175
906	-175
909	-175
913	-177
916	-176
919	-176
922	-177
926	-177
929	-177
932	-177
935	-178
939	-179
943	-179
946	-180
951	-183
956	-187
960	-189
963	-189
966	-188
970	-189
973	-188
976	-188
979	-188
982	-189
985	-187
987	-186
990	-185
993	-185
997	-185
1000	-186
1003	-185
1006	-185
1009	-185
1012	-184
1016	-185
1019	-185
1023	-185
1026	-185
1029	-184
1033	-185
1036	-186
1040	-186
1042	-185
1045	-185
1048	-184
1052	-185
1056	-186
1059	-186
1062	-185
1065	-184
1068	-184
1071	-184
1075	-184
1080	-187
1083	-187
1086	-186
1089	-186
1092	-185
1096	-186
1099	-185
1102	-185
1106	-185
1109	-184
1112	-184
1116	-185
1119	-185
1122	-184
1126	-184
1130	-186
1133	-185
1137	-185
1141	-186
1144	-186
1147	-186
1151	-186
1154	-186
1157	-185
1161	-185
1163	-184
1167	-184
1171	-184
1175	-185
1178	-185
1183	-187
1186	-187
1189	-186
1193	-186
1197	-186
1200	-185
1203	-185
1207	-185
1211	-186
1215	-187
1218	-186
1221	-185
1224	-184
1228	-185
1232	-186
1236	-186
1240	-187
1244	-186
1247	-186
1251	-186
1255	-186
1258	-186
1262	-186
1265	-186
1269	-186
1273	-186
1276	-185
1279	-184
1282	-184
1286	-184
1289	-183
1293	-183
1298	-186
1307	-193
1312	-194
1315	-193
1318	-192
1321	-191
1324	-190
1331	-194
1338	-198
1343	-200
1346	-198
1346	-194
1347	-190
1345	-182
1346	-179
1349	-177
1352	-176
1354	-174
1357	-173
1361	-173
1364	-172
1367	-170
1369	-168
1373	-169
1377	-168
1381	-168
1385	-169
1389	-168
1395	-172
1401	-175
1408	-178
1415	-182
1419	-182
1420	-178
1420	-174
1422	-170
1423	-168
1426	-166
1428	-163
1431	-162
1435	-162
1439	-163
1446	-165
1471	-192
1474	-190
1479	-191
1482	-190
1484	-188
1486	-185
1487	-181
1488	-178
1490	-175
1491	-172
1493	-169
1495	-166
1497	-163
1499	-161
1506	-164
1535	-194
1541	-196
1544	-195
1548	-194
1549	-191
1551	-187
1552	-184
1554	-182
1558	-181
1562	-180
1565	-180
1571	-181
1577	-183
1584	-186
1592	-190
1605	-201
1611	-202
1618	-205
1619	-202
1623	-201
1626	-199
1628	-197
1631	-194
1634	-194
1637	-191
1638	-188
1640	-185
1643	-183
1651	-187
1655	-187
1662	-189
1663	-185
1665	-182
1668	-181
1671	-179
1675	-179
1681	-181
1687	-182
1692	-183
1694	-180
1697	-177
1702	-178
1706	-178
1711	-179
1716	-178
1725	-183
1733	-186
1735	-184
1738	-182
1743	-182
1751	-185
1758	-188
1761	-186
1764	-185
1770	-186
1778	-189
1783	-190
1786	-187
1789	-186
1792	-184
1795	-182
1798	-180
1800	-177
1803	-176
1808	-175
1813	-175
1815	-173
1817	-170
1819	-167
1823	-166
1827	-165
1832	-165
1837	-165
1841	-164
1847	-165
1861	-173
1868	-176
1880	-182
1879	-176
1875	-168
1876	-164
1877	-160
1879	-157
1884	-157
1890	-158
1898	-161
1905	-162
1915	-167
1923	-170
1925	-167
1927	-163
1929	-161
1934	-160
1941	-162
1949	-165
1956	-166
1955	-161
1954	-155
1959	-154
1965	-155
1967	-152
1967	-148
1968	-144
1973	-143
1980	-145
1990	-149
1996	-149
2001	-149
2002	-145
2004	-142
2006	-139
2009	-137
2013	-135
2017	-134
2021	-133
2024	-131
2028	-129
2039	-134
2044	-134
2047	-131
2055	-133
2064	-136
2073	-140
2080	-141
2086	-141
2091	-140
2096	-139
2100	-139
2105	-138
2109	-136
2115	-136
2124	-139
2128	-137
2128	-133
2135	-134
2144	-136
2149	-136
2159	-139
2168	-142
2172	-140
2173	-136
2174	-132
2172	-126
2171	-119
2169	-113
2171	-110
2175	-108
2176	-105
2177	-101
2178	-96
2180	-93
2182	-90
2183	-86
2183	-82
2183	-77
2183	-72
2184	-68
2186	-64
2186	-60
2188	-56
2189	-53
2192	-50
2192	-46
2194	-42
2194	-38
2194	-33
2196	-30
2196	-26
2197	-21
2198	-17
2199	-14
2201	-10
2201	-6
2203	-2
2204	1
2205	5
2208	8
2208	12
2208	16
2208	21
2209	25
2211	28
2212	32
2212	37
2212	41
2214	44
2217	47
2217	51
2219	54
2220	58
2220	62
2222	66
2223	69
2224	73
2226	76
2229	78
2231	82
2233	85
2233	89
2234	93
2235	97
2236	100
2237	104
2235	110
2234	115
2235	118
2237	122
2239	125
2240	129
2239	133
2241	137
2241	141
2241	145
2242	149
2244	152
2246	155
2248	158
2250	161
2250	165
2251	169
2252	173
2254	176
2255	180
2257	183
2255	188
2257	191
2258	194
2259	199
2259	203
2261	206
2263	209
2264	212
2265	216
2267	219
2267	223
2267	227
2269	231
2270	234
2272	237
2272	241
2274	244
2276	248
2277	251
2277	255
2275	260
2276	264
2278	267
2279	271
2280	274
2281	278
2283	281
2284	284
2286	287
2288	291
2288	295
2288	299
2288	303
2289	306
2291	309
2293	313
2292	317
2294	320
2294	324
2295	327
2296	331
2297	334
2298	338
2298	342
2299	346
2300	349
2301	353
2301	357
2301	361
2303	364
2303	368
2303	372
2304	375
2305	379
2307	382
2308	386
2308	390
2308	394
2308	397
2310	400
2311	404
2311	408
2312	412
2312	416
2312	419
2313	423
2315	426
2316	429
2316	433
2317	437
2319	440
2320	443
2321	446
2321	450
2322	454
2321	458
2321	462
2322	466
2323	469
2324	472
2326	475
2327	479
2328	482
2328	486
2329	490
2330	493
2330	497
2332	500
2334	503
2335	506
2336	510
2336	513
2337	517
2338	520
2340	523
2341	527
2342	530
2342	534
2341	538
2343	541
2344	545
2344	548
2346	551
2346	555
2347	558
2347	562
2348	566
2349	569
2349	573
2351	576
2351	579
2353	583
2352	587
2353	590
2354	593
2356	596
2356	600
2358	603
2359	606
2360	610
2360	614
2361	617
2361	621
2361	625
2360	629
2362	632
2364	635
2364	638
2366	641
2366	645
2367	648
2368	652
2368	655
2371	658
2372	661
2372	665
2372	669
2372	672
2373	676
2374	679
2374	683
2374	686
2375	690
2376	693
2376	697
2378	700
2380	703
2380	706
2379	710
2380	714
2382	717
2382	720
2384	723
2385	727
2386	730
2386	733
2388	736
2389	740
2389	743
2390	746
2392	750
2391	754
2392	757
2392	761
2393	764
2392	768
2393	771
2394	775
2395	778
2396	781
2397	784
2397	788
2397	792
2398	795
2399	798
2400	801
2401	805
2402	808
2403	811
2403	815
2403	818
2405	821
2406	825
2407	828
2407	832
2407	835
2409	838
2410	841
2411	844
2412	848
2415	851
2416	854
2417	857
2417	861
2417	864
2417	868
2419	871
2417	875
2417	879
2417	882
2418	886
2419	889
2422	891
2424	894
2425	898
2424	901
2425	905
2428	907
2428	911
2430	914
2430	917
2431	921
2431	924
2431	928
2433	931
2434	934
2434	937
2434	941
2436	944
2437	947
2438	951
2438	954
2438	958
2439	961
2439	964
2440	968
2440	971
2441	974
2442	978
2442	981
2443	985
2444	988
2445	991
2446	994
2447	997
2447	1001
2447	1004
2447	1008
2448	1011
2448	1015
2449	1018
2450	1021
2451	1025
2452	1028
2453	1031
2453	1035
2454	1038
2456	1041
2456	1044
2456	1048
2456	1051
2456	1055
2458	1058
2459	1061
2461	1064
2462	1067
2461	1071
2461	1074
2462	1078
2464	1081
2464	1084
2464	1088
2464	1091
2465	1094
2467	1098
2468	1101
2469	1104
2470	1107
2470	1111
2471	1114
2469	1118
2471	1121
2472	1124
2473	1128
2474	1131
2475	1134
2474	1138
2474	1141
2473	1145
2473	1148
2474	1152
2476	1155
2476	1158
2478	1161
2478	1165
2477	1168
2477	1172
2478	1175
2478	1178
2481	1181
2482	1184
2482	1188
2482	1191
2482	1195
2482	1198
2482	1202
2483	1205
2482	1209
2482	1212
2483	1215
2484	1218
2485	1222
2485	1225
2487	1228
2489	1231
2489	1235
2490	1238
2490	1241
2492	1245
2493	1248
2493	1251
2495	1254
2495	1258
2496	1261
2496	1264
2498	1268
2499	1271
2500	1274
2500	1278
2500	1281
2500	1284
2500	1288
2502	1291
2502	1294
2504	1298
2504	1301
2505	1304
2504	1308
2506	1311
2507	1314
2508	1318
2508	1321
2510	1324
2509	1328
2509	1331
2509	1334
2512	1338
2512	1341
2513	1344
2513	1348
2513	1351
2514	1354
2514	1358
2515	1361
2515	1364
2516	1368
2517	1371
2517	1374
2519	1378
2519	1381
2520	1384
2520	1388
2520	1391
2520	1395
2518	1398
2519	1402
2520	1405
2522	1408
2523	1411
2524	1415
2524	1418
2525	1421
2525	1425
2527	1428
2528	1431
2528	1435
2530	1438
2529	1441
2529	1445
2531	1448
2531	1451
2531	1455
2532	1458
2532	1462
2531	1465
2533	1468
2535	1472
2534	1475
2534	1479
2534	1482
2535	1485
2535	1489
2534	1492
2535	1496
2536	1499
2536	1502
2538	1505
2540	1509
2541	1512
2542	1515
2540	1519
2540	1522
2541	1526
2541	1529
2541	1533
2542	1536
2545	1539
2546	1543
2545	1546
2546	1549
2546	1553
2546	1556
2547	1560
2548	1563
2547	1566
2547	1570
2548	1573
2548	1577
2550	1580
2551	1583
2552	1587
2553	1590
2554	1593
2555	1597
2555	1600
2557	1604
2558	1607
2558	1610
2559	1614
2559	1617
2560	1621
2560	1624
2560	1627
2561	1631
2561	1634
2561	1638
2563	1641
2563	1645
2564	1648
2565	1651
2565	1655
2565	1658
2566	1662
2566	1665
2565	1669
2565	1672
2567	1675
2569	1679
2569	1682
2567	1686
2567	1689
2568	1693
2567	1696
2567	1699
