2802	1670
2803	1674
2805	1678
2806	1681
2806	1685
2806	1689
2808	1696
2810	1700
2809	1704
2809	1708
2810	1711
2812	1715
2812	1719
2813	1723
2813	1727
2813	1730
2815	1734
2816	1738
2817	1742
2817	1745
2817	1749
2817	1753
2819	1757
2817	1761
2815	1764
2816	1768
2818	1772
2819	1776
2818	1779
2820	1783
2822	1787
2821	1791
2820	1795
2822	1799
2824	1802
2823	1806
2824	1810
2827	1814
2827	1818
2826	1821
2826	1825
2827	1829
2827	1833
2829	1837
2829	1841
2829	1844
2829	1848
2828	1852
2827	1856
2828	1860
2830	1864
2831	1867
2833	1871
2833	1875
2833	1879
2832	1883
2832	1886
2832	1890
2834	1894
2834	1898
2835	1902
2834	1906
2835	1910
2835	1913
2834	1917
2836	1921
2838	1925
2838	1929
2838	1933
2838	1937
2838	1941
2838	1944
2840	1948
2841	1952
2841	1956
2843	1960
2840	1964
2840	1968
2841	1971
2843	1976
2844	1979
2844	1983
2845	1987
2846	1991
2845	1995
2847	1999
2849	2003
2849	2007
2851	2011
2850	2015
2850	2019
2850	2023
2850	2026
2849	2030
2856	2035
2854	2039
2854	2042
2855	2046
2855	2050
2854	2054
2853	2058
2854	2062
2854	2066
2856	2070
2856	2074
2857	2078
2858	2082
2858	2086
2857	2089
2857	2093
2858	2097
2863	2102
2863	2106
2862	2110
2862	2114
2862	2118
2863	2122
2863	2125
2863	2129
2864	2133
2864	2137
2864	2141
2864	2145
2864	2149
2867	2154
2869	2158
2868	2162
2868	2166
2868	2170
2869	2174
2870	2178
2871	2182
2872	2186
2871	2190
2871	2194
2872	2198
2871	2202
2869	2205
2870	2210
2871	2214
2873	2218
2875	2222
2875	2226
2874	2230
2875	2234
2876	2238
2878	2243
2877	2247
2876	2250
2877	2255
2878	2259
2876	2262
2874	2266
2874	2270
2880	2275
2880	2279
2880	2283
2879	2287
2879	2291
2880	2295
2883	2300
2883	2304
2882	2308
2881	2312
2881	2316
2882	2320
2882	2324
2882	2328
2882	2332
2884	2336
2885	2341
2885	2345
2886	2349
2886	2353
2888	2358
2889	2362
2888	2366
2888	2370
2887	2374
2888	2378
2891	2383
2891	2387
2890	2391
2890	2395
2892	2399
2893	2404
2894	2408
2893	2412
2892	2416
2893	2420
2894	2425
2895	2429
2896	2433
2896	2437
2896	2442
2897	2446
2898	2450
2898	2454
2900	2459
2901	2463
2901	2468
2900	2471
2900	2476
2901	2480
2900	2484
2901	2489
2903	2493
2904	2498
2903	2502
2903	2506
2903	2510
2905	2515
2905	2519
2906	2523
2906	2528
2907	2532
2907	2536
2907	2540
2907	2545
2907	2549
2908	2553
2909	2558
2910	2562
2909	2566
2909	2571
2909	2575
2911	2580
2912	2584
2913	2589
2913	2593
2913	2597
2913	2601
2913	2606
2914	2610
2916	2615
2917	2620
2919	2625
2919	2629
2918	2633
2920	2638
2921	2643
2919	2647
2919	2651
2920	2655
2919	2659
2920	2664
2920	2668
2920	2673
2920	2677
2920	2681
2919	2685
2919	2690
2918	2694
2917	2698
2918	2702
2918	2707
2918	2711
2916	2715
2915	2719
2916	2723
2915	2728
2915	2732
2915	2737
2916	2741
2916	2745
2915	2750
2916	2754
2918	2759
2918	2764
2918	2768
2918	2773
2918	2777
2917	2781
2918	2786
2918	2791
2918	2795
2918	2799
2920	2804
2919	2809
2919	2813
2919	2817
2919	2822
2920	2827
2921	2832
2922	2837
2923	2841
2921	2845
2921	2850
2923	2855
2921	2859
2922	2864
2924	2869
2924	2873
2922	2877
2922	2882
2922	2886
2923	2891
2923	2896
2923	2900
2924	2905
2923	2909
2923	2914
2922	2918
2925	2924
2924	2928
2924	2933
2923	2937
2923	2942
2924	2947
2925	2951
2924	2956
2924	2960
2924	2965
2925	2970
2924	2975
2924	2979
2924	2984
2925	2989
2924	2993
2924	2998
2923	3002
2923	3006
2923	3011
2923	3016
2922	3020
2922	3025
2921	3029
2920	3033
2920	3038
2921	3043
2920	3047
2919	3052
2921	3057
2922	3063
2922	3067
2921	3071
2920	3076
2918	3080
2917	3084
2917	3089
2918	3094
2920	3100
2919	3104
2917	3108
2918	3113
2918	3118
2918	3123
2919	3128
2919	3133
2919	3138
2919	3143
2919	3147
2913	3149
2891	3143
2871	3138
2864	3139
2853	3139
2849	3142
2846	3145
2844	3149
2843	3153
2842	3157
2874	3178
2904	3198
2918	3210
2919	3216
2918	3220
2917	3225
2917	3229
2917	3235
2916	3239
2915	3243
2915	3248
2915	3254
2916	3259
2917	3264
2916	3269
2916	3274
2914	3278
2915	3283
2915	3288
2913	3292
2912	3297
2912	3302
2914	3308
2913	3313
2912	3317
2912	3322
2911	3327
2910	3331
2910	3336
2909	3341
2911	3347
2914	3354
2911	3357
2911	3362
2911	3368
2913	3374
2912	3378
2913	3384
2911	3388
2911	3393
2909	3397
2908	3402
2908	3407
2909	3413
2908	3418
2908	3423
2909	3428
2907	3433
2908	3438
2908	3444
2907	3448
2907	3454
2905	3458
2904	3462
2903	3467
2904	3473
2904	3478
2903	3483
2902	3488
2904	3494
2905	3500
2904	3505
2902	3509
2900	3513
2899	3518
2899	3523
2897	3527
2896	3532
2896	3537
2895	3542
2893	3547
2893	3552
2894	3558
2894	3563
2895	3569
2895	3575
2893	3579
2891	3583
2891	3588
2891	3594
2891	3599
2889	3604
2887	3608
2887	3614
2887	3619
2887	3625
2887	3630
2885	3635
2883	3638
2883	3644
2882	3649
2882	3654
2881	3659
2880	3664
2878	3669
2878	3674
2878	3680
2878	3685
2876	3690
2874	3694
2873	3699
2872	3704
2870	3708
2868	3712
2866	3717
2863	3721
2862	3725
2860	3730
2858	3734
2855	3738
2853	3742
2852	3747
2850	3752
2848	3756
2847	3760
2846	3765
2844	3770
2842	3775
2841	3779
2839	3783
2838	3788
2836	3793
2834	3798
2832	3802
2830	3806
2828	3810
2826	3815
2825	3820
2824	3825
2822	3830
2820	3834
2817	3837
2815	3842
2814	3847
2816	3855
2814	3859
2811	3863
2809	3867
2808	3872
2807	3878
2808	3884
2805	3888
2802	3891
2800	3896
2796	3899
2793	3903
2791	3907
2791	3912
2798	3924
2797	3929
2792	3932
2785	3932
2774	3930
2761	3925
2755	3927
2753	3931
2754	3938
2754	3943
2763	3957
2780	3977
2777	3980
2774	3984
2773	3990
2776	3998
2775	4003
2772	4007
2771	4013
2771	4019
2771	4025
2769	4030
2767	4035
2764	4038
2761	4042
2758	4046
2756	4050
2753	4054
2750	4058
2748	4062
2749	4070
2748	4075
2745	4079
2744	4084
2742	4089
2740	4093
2737	4098
2735	4102
2732	4106
2731	4111
2729	4116
2727	4121
2724	4125
2722	4129
2720	4134
2720	4141
2717	4144
2716	4150
2715	4155
2712	4159
2710	4164
2707	4168
2705	4173
2704	4178
2701	4182
2699	4187
2698	4193
2697	4198
2693	4202
2690	4205
2689	4211
2687	4216
2685	4221
2683	4225
2686	4235
2378	3967
2376	3972
2373	3975
2364	3997
2655	4300
2648	4301
2649	4308
2647	4314
2645	4319
2643	4324
2642	4329
2640	4334
2638	4339
2637	4345
2635	4350
2635	4357
2633	4362
2630	4367
2628	4372
2625	4375
2622	4379
2620	4384
2617	4388
2614	4392
2609	4395
2607	4400
2606	4405
2604	4410
2601	4414
2596	4417
2596	4424
2593	4428
2591	4433
2587	4436
2585	4441
2583	4446
2579	4449
2576	4454
2574	4459
2571	4463
2567	4466
2565	4471
2563	4476
2560	4480
2557	4484
2554	4489
2551	4493
2548	4498
2547	4503
2544	4508
2541	4512
2538	4516
2535	4520
2533	4525
2531	4531
2528	4535
2525	4538
2520	4541
2516	4545
2513	4549
2514	4556
2510	4561
2508	4565
2506	4571
2503	4575
2499	4578
2494	4580
2492	4586
2490	4591
2488	4596
2485	4601
2481	4604
2477	4607
2474	4611
2470	4614
2466	4617
2461	4620
2459	4625
2456	4629
2451	4631
2448	4635
2445	4639
2441	4643
2436	4644
2431	4647
2427	4650
2425	4655
2423	4660
2420	4664
2416	4669
2412	4671
2406	4672
2401	4674
2397	4678
2395	4683
2393	4688
2390	4693
2386	4695
2383	4700
2380	4705
2378	4709
2374	4713
2370	4717
2366	4720
2362	4722
2358	4725
2354	4729
2351	4733
2347	4736
2344	4741
2341	4746
2337	4748
2332	4750
2328	4754
2325	4758
2323	4763
2321	4769
2318	4773
2314	4777
2311	4781
2305	4783
2301	4785
2297	4789
2294	4793
2290	4797
2286	4800
2283	4804
2280	4808
2275	4811
2272	4815
2270	4820
2265	4822
2261	4826
2258	4830
2257	4837
2253	4840
2249	4844
2244	4845
2239	4847
2234	4850
2231	4853
2227	4857
2223	4860
2219	4863
2214	4865
2210	4868
2207	4873
2205	4878
2201	4882
2197	4886
2195	4892
2192	4897
2188	4900
2186	4905
2184	4911
2181	4916
2176	4919
2173	4924
2171	4929
2167	4933
2164	4937
2160	4940
2156	4944
2154	4949
2151	4956
2148	4959
2144	4963
2139	4965
2135	4968
2130	4970
2127	4975
2123	4978
2119	4981
2113	4982
2109	4985
2108	4992
2105	4997
2101	5001
2097	5004
2095	5011
2091	5014
2086	5016
2081	5018
2077	5021
2074	5026
2072	5032
2069	5037
2064	5040
2060	5042
2056	5046
2052	5049
2047	5052
2044	5056
2040	5059
2036	5063
2032	5067
2028	5070
2025	5075
2021	5078
2016	5081
2012	5084
2008	5087
2004	5092
2000	5094
1995	5095
1990	5098
1986	5101
1980	5102
1975	5104
1971	5106
1966	5108
1964	5116
1958	5115
1955	5121
1952	5126
1948	5129
1943	5131
1937	5132
1933	5135
1929	5138
1928	5147
1923	5149
1918	5151
1914	5153
1908	5153
1904	5157
1899	5159
1894	5161
1889	5164
1885	5166
1881	5170
1877	5173
1873	5177
1869	5180
1864	5183
1860	5187
1856	5189
1849	5188
1845	5192
1841	5195
1837	5199
1833	5203
1829	5206
1824	5207
1819	5208
1815	5213
1812	5218
1808	5222
1804	5226
1801	5230
1797	5235
1792	5237
1787	5239
1784	5245
1779	5246
1775	5250
1771	5253
1766	5255
1761	5257
1756	5258
1751	5260
1747	5263
1742	5266
1738	5268
1733	5271
1728	5273
1724	5276
1719	5278
1714	5280
1710	5283
1705	5286
1700	5288
1696	5291
1692	5294
1687	5297
1682	5298
1677	5300
1673	5303
1667	5304
1663	5306
1658	5309
1653	5310
1648	5312
1643	5314
1638	5316
1634	5320
1630	5323
1625	5324
1619	5326
1614	5327
1609	5328
1604	5330
1600	5333
1595	5336
1590	5337
1585	5338
1580	5339
1575	5342
1569	5342
1564	5343
1559	5344
1554	5347
1550	5350
1544	5349
1538	5349
1533	5350
1529	5354
1525	5357
1520	5359
1515	5360
1510	5363
1505	5365
1501	5369
1496	5371
1492	5374
1487	5376
1482	5377
1476	5378
1471	5379
1466	5380
1461	5381
1455	5382
1451	5384
1447	5389
1443	5393
1438	5395
1432	5393
1428	5397
1423	5400
1419	5403
1414	5405
1409	5406
1404	5408
1399	5409
1393	5410
1389	5412
1383	5413
1378	5415
1373	5416
1368	5417
1363	5418
1357	5418
1352	5420
1348	5423
1343	5424
1338	5426
1333	5429
1329	5431
1323	5431
1318	5432
1312	5433
1308	5434
1302	5435
1297	5436
1292	5438
1288	5442
1283	5442
1277	5442
1272	5443
1267	5446
1263	5448
1258	5451
1253	5453
1248	5454
1243	5455
1238	5458
1233	5460
1228	5461
1223	5461
1218	5462
1212	5463
1207	5463
1202	5464
1197	5465
1193	5469
1189	5476
1185	5480
1181	5483
1176	5485
1171	5488
1166	5490
1161	5490
1156	5493
1151	5493
1146	5495
1141	5498
1138	5504
1133	5507
1128	5509
1123	5511
1118	5512
1113	5514
1109	5516
1103	5517
1097	5515
1092	5514
1086	5514
1080	5513
1075	5514
1071	5517
1066	5519
1061	5520
1056	5523
1051	5525
1046	5527
1042	5531
1037	5533
1032	5535
1027	5536
1022	5537
1017	5537
1011	5538
1006	5540
1001	5541
996	5541
989	5535
983	5534
978	5534
973	5536
968	5537
963	5538
958	5541
952	5539
946	5537
941	5538
936	5541
931	5541
926	5544
922	5546
917	5547
912	5550
907	5553
902	5554
897	5555
892	5557
887	5557
881	5556
876	5557
871	5561
867	5564
862	5565
856	5564
850	5562
845	5562
840	5562
834	5561
829	5562
824	5565
820	5568
815	5570
809	5570
804	5571
799	5572
794	5573
789	5573
784	5575
778	5575
773	5576
769	5579
764	5581
758	5580
753	5582
748	5582
743	5582
738	5583
732	5582
727	5584
722	5587
717	5587
712	5588
707	5590
702	5589
696	5589
691	5587
685	5586
680	5587
675	5588
669	5587
664	5586
659	5585
653	5583
647	5582
642	5584
637	5584
632	5584
627	5585
622	5587
617	5589
613	5593
607	5594
602	5595
597	5596
592	5597
587	5599
582	5600
577	5602
572	5602
567	5602
562	5603
557	5605
552	5606
546	5607
541	5608
536	5608
531	5608
526	5609
521	5610
516	5611
510	5611
505	5612
500	5612
495	5612
489	5610
484	5610
479	5610
474	5611
468	5610
463	5612
458	5613
453	5611
448	5612
443	5614
437	5614
432	5614
427	5615
422	5615
417	5616
412	5618
407	5619
402	5622
397	5624
392	5626
387	5628
382	5628
376	5628
371	5630
367	5633
361	5634
356	5635
351	5636
346	5637
341	5637
336	5636
330	5635
325	5634
320	5634
314	5634
309	5636
304	5636
299	5637
294	5636
289	5636
283	5636
278	5638
273	5638
268	5637
263	5637
257	5636
252	5639
247	5638
242	5640
237	5638
231	5637
226	5638
221	5639
216	5639
211	5640
206	5639
200	5640
195	5639
190	5639
185	5640
180	5640
174	5638
169	5640
164	5639
159	5641
154	5644
149	5645
144	5649
139	5649
133	5650
128	5650
123	5651
118	5652
113	5655
108	5658
103	5660
98	5661
92	5664
87	5667
82	5669
77	5671
72	5674
67	5682
32	5027
27	5029
23	5030
19	5028
14	5025
10	5024
6	5025
1	5025
-3	5023
-8	5012
-12	5007
-17	5006
-21	5003
-25	5000
-30	5002
-34	5007
-38	5008
-43	5008
-47	5011
-51	5021
-56	5027
-60	5026
-64	5025
-69	5025
-73	5029
-78	5032
-82	5030
-86	5028
-100	5675
-106	5674
-111	5673
-116	5671
-121	5669
-126	5667
-131	5666
-137	5664
-142	5662
-147	5661
-152	5661
-157	5661
-163	5658
-168	5656
-173	5656
-178	5656
-183	5655
-188	5654
-194	5653
-199	5653
-204	5651
-209	5651
-214	5651
-220	5651
-225	5650
-230	5649
-235	5650
-240	5652
-246	5653
-251	5651
-256	5648
-261	5647
-266	5647
-271	5647
-277	5647
-282	5646
-287	5643
-292	5640
-297	5639
-302	5639
-307	5639
-312	5640
-318	5640
-323	5640
-328	5639
-333	5638
-338	5634
-343	5633
-348	5634
-353	5632
-359	5632
-364	5630
-369	5628
-374	5627
-379	5624
-384	5624
-389	5623
-394	5621
-399	5620
-404	5618
-409	5616
-414	5613
-419	5611
-424	5611
-430	5614
-435	5616
-440	5615
-445	5615
-450	5613
-456	5615
-461	5617
-467	5619
-472	5617
-477	5617
-482	5617
-487	5615
-492	5613
-497	5611
-502	5611
-507	5609
-512	5608
-517	5606
-522	5604
-527	5604
-533	5604
-538	5606
-543	5607
-549	5607
-554	5606
-559	5605
-564	5605
-569	5605
-574	5603
-579	5600
-584	5598
-589	5596
-594	5595
-599	5595
-604	5593
-609	5592
-614	5591
-619	5586
-623	5582
-628	5580
-633	5578
-638	5576
-643	5575
-648	5573
-653	5571
-657	5567
-662	5563
-667	5560
-672	5558
-677	5558
-682	5557
-687	5556
-692	5554
-696	5551
-701	5549
-706	5546
-711	5545
-716	5546
-721	5545
-726	5544
-731	5543
-737	5543
-742	5542
-747	5541
-752	5540
-756	5538
-762	5538
-766	5533
-771	5530
-776	5528
-781	5527
-785	5525
-790	5524
-795	5523
-800	5521
-804	5515
-809	5512
-814	5510
-819	5510
-824	5510
-829	5510
-834	5510
-840	5511
-845	5510
-850	5508
-855	5506
-859	5504
-865	5504
-870	5504
-875	5504
-880	5501
-884	5498
-889	5496
-894	5494
-899	5493
-904	5492
-909	5493
-914	5491
-919	5489
-924	5488
-929	5487
-934	5486
-938	5484
-943	5482
-948	5482
-953	5481
-959	5480
-964	5480
-969	5479
-974	5478
-978	5476
-984	5476
-989	5475
-994	5474
-999	5473
-1004	5472
-1008	5469
-1013	5467
-1018	5466
-1023	5466
-1028	5464
-1032	5460
-1037	5458
-1042	5457
-1047	5456
-1052	5455
-1057	5452
-1061	5448
-1065	5445
-1070	5442
-1074	5439
-1078	5435
-1083	5433
-1088	5433
-1094	5433
-1098	5430
-1103	5428
-1107	5426
-1112	5423
-1117	5421
-1122	5420
-1126	5418
-1131	5417
-1136	5415
-1141	5413
-1146	5413
-1151	5410
-1155	5408
-1160	5406
-1164	5403
-1169	5402
-1174	5399
-1179	5399
-1184	5398
-1190	5400
-1195	5399
-1200	5398
-1204	5395
-1209	5394
-1214	5393
-1219	5390
-1223	5388
-1228	5387
-1233	5386
-1239	5387
-1244	5386
-1249	5385
-1254	5384
-1259	5384
-1264	5381
-1269	5380
-1274	5379
-1279	5379
-1283	5376
-1288	5375
-1293	5373
-1298	5372
-1303	5370
-1307	5367
-1312	5364
-1316	5361
-1321	5360
-1325	5357
-1330	5355
-1334	5352
-1338	5348
-1343	5346
-1348	5344
-1352	5341
-1356	5337
-1360	5333
-1364	5331
-1368	5326
-1372	5322
-1376	5319
-1381	5316
-1385	5313
-1389	5309
-1393	5307
-1398	5304
-1402	5301
-1406	5297
-1411	5295
-1415	5293
-1420	5290
-1425	5290
-1429	5287
-1433	5284
-1438	5282
-1443	5281
-1448	5280
-1453	5278
-1458	5277
-1463	5276
-1467	5274
-1472	5271
-1476	5270
-1482	5271
-1487	5270
-1492	5267
-1496	5265
-1501	5263
-1506	5261
-1511	5260
-1516	5259
-1521	5258
-1527	5259
-1531	5257
-1536	5254
-1541	5254
-1546	5252
-1550	5251
-1555	5248
-1558	5244
-1563	5242
-1567	5239
-1572	5237
-1578	5238
-1582	5236
-1587	5233
-1591	5229
-1595	5227
-1600	5226
-1605	5225
-1610	5223
-1614	5220
-1616	5212
-1621	5210
-1625	5207
-1629	5205
-1634	5202
-1638	5199
-1643	5197
-1647	5195
-1652	5192
-1655	5189
-1659	5185
-1664	5183
-1667	5177
-1671	5175
-1676	5174
-1680	5170
-1683	5165
-1687	5162
-1691	5158
-1695	5155
-1699	5152
-1703	5149
-1706	5144
-1710	5139
-1713	5134
-1717	5130
-1722	5129
-1727	5129
-1731	5125
-1735	5121
-1737	5116
-1741	5112
-1745	5108
-1749	5105
-1753	5102
-1756	5098
-1760	5094
-1765	5092
-1769	5089
-1773	5087
-1777	5084
-1781	5081
-1786	5078
-1790	5075
-1793	5072
-1798	5070
-1802	5067
-1806	5063
-1810	5060
-1815	5059
-1819	5057
-1824	5054
-1827	5050
-1831	5048
-1835	5045
-1840	5042
-1845	5041
-1850	5040
-1854	5038
-1858	5034
-1861	5030
-1865	5027
-1869	5024
-1872	5019
-1875	5014
-1878	5009
-1883	5007
-1887	5005
-1891	5001
-1895	4998
-1899	4996
-1903	4992
-1907	4989
-1911	4988
-1914	4982
-1918	4978
-1921	4975
-1926	4973
-1930	4970
-1933	4966
-1937	4962
-1940	4958
-1944	4955
-1948	4953
-1952	4949
-1957	4948
-1961	4945
-1964	4940
-1968	4938
-1972	4934
-1977	4933
-1981	4929
-1983	4924
-1987	4922
-1992	4919
-1995	4916
-1999	4912
-2003	4909
-2006	4905
-2010	4901
-2014	4900
-2019	4897
-2022	4893
-2025	4889
-2027	4883
-2031	4880
-2036	4879
-2042	4879
-2045	4875
-2048	4871
-2052	4867
-2056	4865
-2061	4863
-2065	4859
-2068	4856
-2071	4852
-2075	4848
-2079	4846
-2083	4843
-2086	4839
-2090	4835
-2094	4833
-2099	4831
-2102	4827
-2106	4824
-2110	4821
-2113	4817
-2116	4812
-2119	4809
-2122	4804
-2125	4799
-2128	4796
-2132	4793
-2136	4789
-2139	4786
-2143	4782
-2146	4779
-2149	4774
-2153	4771
-2157	4769
-2162	4767
-2166	4765
-2170	4762
-2173	4757
-2176	4753
-2179	4748
-2181	4743
-2184	4739
-2188	4737
-2191	4732
-2195	4729
-2198	4725
-2202	4722
-2206	4719
-2209	4716
-2213	4713
-2217	4709
-2219	4705
-2222	4701
-2226	4697
-2229	4693
-2232	4689
-2235	4685
-2238	4681
-2242	4678
-2246	4675
-2249	4672
-2253	4669
-2256	4665
-2259	4661
-2263	4657
-2266	4654
-2269	4650
-2273	4646
-2276	4644
-2280	4640
-2284	4637
-2287	4633
-2290	4630
-2294	4627
-2297	4623
-2300	4618
-2303	4615
-2307	4612
-2310	4608
-2313	4604
-2318	4602
-2321	4598
-2323	4594
-2327	4590
-2330	4587
-2335	4585
-2337	4580
-2340	4576
-2343	4572
-2347	4569
-2350	4565
-2353	4562
-2356	4557
-2359	4553
-2361	4548
-2360	4539
-2361	4533
-2363	4528
-2367	4525
-2372	4524
-2376	4521
-2379	4518
-2382	4513
-2383	4508
-2385	4502
-2388	4498
-2391	4494
-2394	4491
-2398	4488
-2401	4484
-2405	4481
-2408	4478
-2411	4473
-2412	4468
-2415	4463
-2417	4459
-2421	4456
-2424	4452
-2427	4448
-2429	4443
-2432	4439
-2434	4435
-2438	4432
-2441	4428
-2444	4424
-2447	4420
-2450	4417
-2452	4412
-2454	4407
-2457	4403
-2461	4400
-2464	4397
-2464	4390
-2466	4385
-2471	4383
-2476	4381
-2479	4378
-2482	4374
-2484	4370
-2486	4365
-2489	4361
-2493	4358
-2495	4354
-2499	4351
-2502	4347
-2504	4342
-2507	4338
-2509	4334
-2513	4331
-2516	4328
-2520	4325
-2523	4322
-2527	4318
-2530	4315
-2534	4313
-2538	4310
-2543	4308
-2547	4305
-2548	4300
-2549	4293
-2551	4289
-2553	4285
-2553	4278
-2557	4275
-2559	4270
-2561	4265
-2561	4259
-2565	4256
-2567	4251
-2569	4246
-2570	4242
-2572	4237
-2574	4232
-2575	4226
-2577	4222
-2579	4218
-2581	4213
-2582	4207
-2584	4203
-2588	4199
-2591	4196
-2593	4192
-2595	4187
-2596	4182
-2598	4177
-2599	4172
-2603	4169
-2605	4164
-2608	4160
-2610	4156
-2611	4151
-2611	4144
-2611	4138
-2616	4136
-2620	4134
-2622	4129
-2623	4124
-2625	4119
-2627	4115
-2629	4111
-2631	4106
-2633	4101
-2636	4098
-2639	4094
-2641	4090
-2642	4085
-2645	4081
-2646	4076
-2649	4072
-2651	4068
-2655	4065
-2659	4063
-2662	4059
-2664	4054
-2665	4050
-2667	4045
-2668	4040
-2670	4035
-2669	4029
-2669	4023
-2672	4019
-2674	4015
-2674	4008
-2675	4003
-2676	3998
-2679	3994
-2680	3989
-2680	3983
-2681	3978
-2683	3974
-2685	3969
-2687	3965
-2688	3960
-2691	3956
-2691	3951
-2693	3946
-2695	3942
-2693	3934
-2694	3929
-2696	3925
-2698	3920
-2699	3916
-2702	3912
-2705	3909
-2707	3905
-2709	3901
-2712	3897
-2715	3894
-2717	3890
-2719	3886
-2721	3881
-2722	3876
-2724	3872
-2724	3867
-2726	3862
-2729	3858
-2730	3854
-2729	3847
-2730	3842
-2731	3837
-2733	3833
-2735	3829
-2737	3825
-2739	3820
-2740	3816
-2742	3811
-2745	3808
-2744	3802
-2746	3798
-2747	3793
-2749	3789
-2751	3785
-2753	3781
-2755	3777
-2756	3772
-2758	3768
-2759	3762
-2760	3758
-2762	3753
-2763	3749
-2764	3744
-2766	3740
-2766	3735
-2768	3730
-2769	3726
-2770	3721
-2771	3716
-2774	3713
-2775	3708
-2778	3704
-2779	3700
-2780	3695
-2780	3690
-2781	3685
-2783	3681
-2782	3675
-2781	3668
-2782	3663
-2783	3659
-2784	3655
-2786	3650
-2787	3646
-2788	3641
-2789	3636
-2790	3632
-2792	3627
-2791	3622
-2792	3617
-2792	3612
-2793	3607
-2795	3603
-2794	3597
-2796	3593
-2799	3590
-2799	3585
-2799	3579
-2800	3575
-2802	3571
-2804	3567
-2807	3564
-2807	3558
-2808	3554
-2808	3548
-2807	3543
-2809	3539
-2811	3535
-2811	3530
-2810	3524
-2813	3521
-2814	3517
-2815	3512
-2817	3508
-2817	3503
-2817	3498
-2817	3492
-2817	3487
-2818	3483
-2819	3478
-2821	3474
-2821	3469
-2822	3465
-2824	3461
-2820	3453
-2822	3450
-2824	3446
-2824	3441
-2825	3436
-2825	3431
-2826	3427
-2828	3423
-2830	3419
-2831	3415
-2833	3411
-2833	3406
-2834	3401
-2833	3396
-2834	3392
-2833	3386
-2832	3381
-2833	3376
-2834	3372
-2835	3367
-2835	3363
-2836	3358
-2836	3353
-2838	3349
-2839	3345
-2838	3339
-2837	3334
-2838	3330
-2839	3325
-2838	3320
-2837	3315
-2838	3310
-2836	3304
-2833	3298
-2831	3291
-2830	3286
-2831	3282
-2832	3278
-2832	3273
-2832	3268
-2831	3263
-2832	3258
-2832	3254
-2831	3248
-2832	3244
-2832	3239
-2832	3235
-2832	3230
-2832	3225
-2832	3220
-2832	3216
-2832	3211
-2832	3206
-2831	3201
-2832	3197
-2832	3192
-2831	3187
-2831	3182
-2831	3178
-2833	3174
-2833	3169
-2832	3164
-2830	3159
-2830	3154
-2830	3149
-2829	3144
-2828	3139
-2829	3135
-2829	3130
-2829	3125
-2829	3121
-2831	3117
-2831	3113
-2831	3108
-2830	3103
-2828	3098
-2826	3092
-2825	3087
-2825	3082
-2824	3077
-2824	3073
-2823	3068
-2822	3063
-2823	3059
-2824	3055
-2824	3050
-2823	3045
-2824	3041
-2825	3037
-2823	3032
-2818	3025
-2818	3020
-2817	3015
-2817	3011
-2816	3006
-2816	3002
-2815	2997
-2816	2993
-2816	2989
-2816	2984
-2816	2980
-2817	2976
-2817	2971
-2816	2967
-2815	2962
-2813	2957
-2813	2952
-2812	2947
-2813	2943
-2813	2939
-2813	2935
-2812	2930
-2811	2925
-2809	2920
-2808	2915
-2808	2911
-2809	2907
-2808	2903
-2807	2898
-2806	2893
-2805	2888
-2805	2884
-2803	2879
-2802	2874
-2802	2870
-2803	2866
-2802	2861
-2801	2857
-2801	2852
-2801	2848
-2801	2844
-2800	2839
-2799	2835
-2798	2830
-2799	2826
-2797	2821
-2796	2817
-2796	2812
-2795	2808
-2795	2804
-2795	2799
-2795	2796
-2794	2791
-2793	2787
-2793	2782
-2793	2778
-2790	2773
-2790	2769
-2790	2765
-2790	2760
-2788	2756
-2787	2751
-2788	2747
-2788	2743
-2786	2738
-2784	2734
-2783	2729
-2783	2725
-2784	2721
-2785	2717
-2785	2714
-2785	2709
-2784	2705
-2785	2701
-2784	2697
-2784	2693
-2785	2689
-2784	2685
-2781	2680
-2778	2675
-2779	2671
-2779	2667
-2780	2663
-2778	2658
-2777	2654
-2779	2651
-2778	2646
-2777	2642
-2777	2638
-2776	2634
-2776	2630
-2776	2626
-2774	2621
-2773	2617
-2772	2613
-2771	2608
-2770	2604
-2769	2600
-2767	2595
-2765	2591
-2765	2586
-2764	2582
-2764	2578
-2763	2574
-2764	2570
-2764	2567
-2761	2562
-2760	2558
-2761	2554
-2760	2550
-2757	2545
-2755	2541
-2755	2536
-2754	2532
-2753	2528
-2750	2524
-2749	2519
-2748	2515
-2749	2512
-2750	2508
-2751	2505
-2752	2501
-2751	2497
-2749	2493
-2749	2488
-2741	2482
-2735	2477
-2734	2473
-2736	2470
-2736	2466
-2736	2462
-2734	2457
-2734	2454
-2734	2450
-2734	2446
-2733	2442
-2731	2438
-2731	2434
-2731	2430
-2730	2426
-2729	2422
-2728	2418
-2727	2414
-2727	2411
-2728	2407
-2729	2404
-2729	2400
-2728	2396
-2726	2392
-2724	2387
-2725	2384
-2725	2380
-2724	2376
-2722	2372
-2722	2368
-2721	2364
-2719	2360
-2719	2356
-2719	2353
-2718	2349
-2716	2345
-2714	2340
-2713	2337
-2714	2333
-2714	2329
-2713	2325
-2710	2321
-2710	2317
-2708	2313
-2707	2310
-2707	2306
-2708	2302
-2708	2299
-2707	2295
-2706	2291
-2706	2287
-2705	2284
-2704	2280
-2704	2276
-2703	2272
-2703	2269
-2701	2265
-2702	2261
-2700	2257
-2698	2253
-2696	2249
-2695	2245
-2696	2242
-2696	2238
-2697	2235
-2696	2231
-2695	2227
-2695	2224
-2696	2220
-2695	2216
-2694	2213
-2689	2208
-2689	2205
-2690	2201
-2689	2198
-2689	2194
-2689	2190
-2687	2187
-2685	2183
-2684	2179
-2684	2175
-2684	2172
-2684	2168
-2683	2164
-2682	2161
-2683	2157
-2681	2154
-2681	2150
-2681	2146
-2679	2143
-2678	2139
-2678	2135
-2676	2131
-2674	2128
-2673	2124
-2675	2121
-2676	2117
-2677	2114
-2676	2110
-2673	2106
-2672	2103
-2669	2099
-2667	2095
-2664	2091
-2664	2088
-2664	2084
-2665	2081
-2664	2077
-2664	2074
-2665	2070
-2663	2067
-2663	2063
-2661	2059
-2662	2056
-2661	2052
-2660	2049
-2656	2045
-2656	2041
-2654	2038
-2652	2034
-2653	2031
-2652	2027
-2652	2024
-2651	2020
-2651	2017
-2650	2013
-2650	2010
-2649	2006
-2648	2003
-2647	1999
-2646	1995
-2644	1992
-2641	1988
-2641	1985
-2641	1981
-2639	1978
-2640	1974
-2639	1971
-2638	1967
-2639	1964
-2638	1960
-2635	1957
-2634	1953
-2632	1950
-2634	1946
-2634	1943
-2631	1939
-2631	1936
-2630	1932
-2629	1929
-2629	1925
-2630	1922
-2631	1919
-2631	1916
-2629	1912
-2626	1908
-2624	1905
-2624	1901
-2625	1898
-2627	1895
-2626	1892
-2623	1888
-2622	1884
-2621	1881
-2621	1878
-2621	1874
-2619	1871
-2618	1867
-2617	1864
-2616	1861
-2613	1857
-2611	1854
-2610	1850
-2612	1847
-2611	1843
-2608	1840
-2607	1837
-2608	1833
-2608	1830
-2608	1827
-2606	1823
-2605	1820
-2604	1816
-2603	1813
-2605	1810
-2605	1806
-2605	1803
-2604	1800
-2602	1796
-2602	1793
-2601	1790
-2600	1786
-2599	1783
-2598	1780
-2596	1776
-2595	1773
-2595	1770
-2595	1766
-2594	1763
-2593	1760
-2590	1756
-2588	1753
-2587	1749
-2587	1746
-2584	1743
-2581	1739
-2579	1736
-2578	1733
-2578	1730
-2578	1726
-2580	1723
-2580	1720
-2579	1716
-2576	1713
-2572	1710
-2570	1706
-2571	1703
-2573	1700
-2574	1697
-2572	1693
-2571	1690
-2572	1687
-2571	1684
-2568	1680
-2566	1677
-2567	1674
-2565	1670
-2564	1667
-2564	1664
-2561	1661
-2559	1657
-2559	1654
-2561	1651
-2560	1648
-2560	1644
-2557	1641
-2555	1638
-2553	1635
-2553	1632
-2552	1628
-2551	1625
-2551	1622
-2551	1619
-2548	1615
-2546	1612
-2545	1609
-2546	1606
-2546	1602
-2544	1599
-2542	1596
-2541	1593
-2541	1590
-2539	1586
-2538	1583
-2537	1580
-2538	1577
-2539	1574
-2541	1570
-2540	1567
-2538	1564
-2539	1561
-2538	1557
-2538	1554
-2538	1551
-2538	1548
-2536	1544
-2535	1541
-2532	1538
-2530	1535
-2529	1532
-2528	1529
-2529	1525
-2528	1522
-2526	1519
-2527	1516
-2527	1513
-2527	1509
-2526	1506
-2525	1503
-2524	1500
-2522	1497
-2521	1494
-2519	1491
-2517	1488
-2516	1484
-2516	1481
-2518	1478
-2517	1475
-2515	1472
-2516	1468
-2513	1465
-2512	1462
-2511	1459
-2509	1456
-2508	1453
-2508	1450
-2508	1447
-2505	1444
-2506	1440
-2505	1437
-2503	1434
-2503	1431
-2501	1428
-2500	1425
-2499	1422
-2498	1419
-2495	1416
-2495	1412
-2495	1409
-2493	1406
-2492	1403
-2491	1400
-2490	1397
-2490	1394
-2488	1391
-2487	1388
-2487	1384
-2484	1382
-2488	1378
-2485	1375
-2483	1372
-2481	1369
-2480	1366
-2480	1363
-2480	1360
-2480	1356
-2479	1353
-2478	1350
-2478	1347
-2477	1344
-2475	1341
-2474	1338
-2476	1334
-2475	1331
-2475	1328
-2475	1325
-2475	1322
-2474	1319
-2473	1316
-2470	1313
-2471	1309
-2470	1306
-2469	1303
-2465	1301
-2464	1298
-2464	1294
-2464	1291
-2462	1288
-2461	1285
-2460	1282
-2460	1279
-2459	1276
-2459	1273
-2457	1270
-2456	1267
-2455	1264
-2455	1261
-2453	1258
-2452	1255
-2451	1252
-2449	1249
-2449	1245
-2448	1242
-2446	1240
-2444	1237
-2445	1233
-2444	1230
-2443	1227
-2441	1224
-2440	1221
-2439	1218
-2437	1216
-2435	1213
-2434	1210
-2435	1206
-2434	1203
-2433	1200
-2432	1197
-2433	1194
-2431	1191
-2429	1188
-2428	1185
-2427	1182
-2426	1179
-2425	1176
-2424	1173
-2423	1170
-2423	1167
-2420	1164
-2419	1161
-2419	1158
-2418	1155
-2417	1152
-2416	1149
-2415	1146
-2414	1143
-2413	1140
-2413	1137
-2410	1134
-2409	1131
-2410	1128
-2408	1125
-2408	1122
-2405	1119
-2406	1116
-2404	1113
-2403	1110
-2402	1107
-2403	1104
-2403	1100
-2401	1097
-2400	1094
-2399	1092
-2398	1089
-2395	1086
-2394	1083
-2394	1080
-2395	1076
-2394	1073
-2392	1071
-2391	1067
-2390	1064
-2390	1061
-2390	1058
-2390	1055
-2389	1052
-2387	1049
-2385	1046
-2384	1043
-2382	1041
-2381	1038
-2380	1035
-2378	1032
-2376	1029
-2377	1026
-2377	1023
-2375	1020
-2374	1017
-2373	1014
-2372	1011
-2371	1008
-2370	1005
-2369	1002
-2366	1000
-2364	997
-2362	994
-2362	991
-2363	987
-2363	984
-2361	981
-2359	978
-2358	975
-2356	973
-2356	970
-2355	967
-2354	964
-2353	961
-2351	958
-2350	955
-2350	952
-2349	949
-2349	946
-2348	943
-2346	940
-2345	937
-2343	934
-2342	931
-2341	928
-2341	925
-2339	922
-2335	920
-2334	917
-2334	914
-2334	911
-2333	908
-2332	905
-2329	903
-2328	900
-2327	897
-2327	893
-2326	890
-2325	887
-2325	884
-2323	882
-2322	879
-2321	876
-2320	873
-2318	870
-2317	867
-2315	864
-2313	862
-2313	858
-2313	855
-2313	852
-2311	849
-2309	847
-2308	844
-2309	840
-2307	837
-2305	834
-2304	832
-2304	828
-2304	825
-2303	822
-2302	819
-2300	816
-2299	813
-2298	810
-2297	807
-2296	805
-2294	802
-2293	799
-2291	796
-2290	793
-2289	790
-2287	788
-2285	785
-2285	782
-2283	779
-2282	776
-2282	773
-2282	770
-2281	766
-2278	764
-2277	761
-2277	758
-2276	755
-2274	752
-2273	749
-2273	746
-2273	743
-2273	739
-2270	737
-2269	734
-2269	730
-2267	728
-2265	726
-2264	723
-2262	720
-2259	718
-2259	714
-2260	711
-2259	707
-2258	705
-2257	702
-2255	699
-2253	696
-2252	694
-2252	690
-2250	687
-2249	685
-2248	682
-2247	678
-2246	676
-2245	673
-2245	669
-2244	666
-2241	664
-2239	661
-2239	658
-2237	655
-2233	654
-2232	651
-2232	647
-2233	643
-2232	640
-2231	637
-2230	635
-2228	632
-2229	628
-2226	626
-2225	623
-2225	619
-2224	616
-2224	613
-2224	609
-2223	606
-2221	604
-2220	601
-2218	598
-2217	595
-2214	593
-2214	590
-2214	586
-2215	582
-2214	579
-2213	576
-2212	573
-2211	570
-2209	567
-2207	565
-2206	562
-2206	558
-2204	555
-2203	552
-2203	549
-2201	546
-2200	543
-2199	540
-2198	537
-2195	535
-2195	532
-2195	528
-2193	525
-2193	522
-2191	519
-2189	517
-2186	515
-2185	512
-2184	509
-2184	505
-2184	502
-2183	498
-2182	496
-2181	492
-2178	491
-2178	487
-2178	483
-2177	480
-2175	477
-2174	474
-2172	471
-2173	468
-2171	465
-2169	462
-2168	459
-2167	456
-2165	453
-2164	451
-2163	447
-2161	445
-2161	441
-2162	437
-2159	435
-2157	433
-2156	429
-2155	426
-2155	422
-2154	419
-2152	417
-2150	414
-2149	411
-2148	408
-2145	406
-2144	403
-2143	400
-2141	397
-2140	394
-2138	391
-2137	388
-2137	384
-2136	382
-2132	380
-2130	378
-2127	376
-2126	373
-2124	370
-2123	367
-2122	364
-2120	361
-2119	358
-2122	353
-2119	350
-2117	348
-2117	345
-2114	342
-2111	340
-2110	337
-2109	334
-2109	331
-2107	328
-2105	325
-2104	322
-2104	318
-2103	315
-2099	314
-2097	311
-2098	307
-2097	304
-2096	300
-2096	296
-2095	293
-2093	291
-2089	289
-2088	286
-2088	282
-2088	279
-2087	275
-2085	273
-2084	270
-2084	266
-2083	262
-2081	259
-2080	257
-2078	254
-2075	252
-2074	249
-2074	244
-2073	242
-2072	239
-2070	236
-2070	232
-2069	228
-2067	226
-2066	223
-2063	221
-2062	217
-2062	214
-2060	211
-2060	207
-2058	205
-2056	202
-2054	199
-2053	196
-2051	193
-2051	189
-2051	185
-2050	182
-2050	178
-2051	173
-2050	170
-2049	166
-2048	163
-2046	161
-2044	158
-2042	155
-2042	151
-2041	147
-2042	143
-2041	139
-2041	135
-2038	133
-2036	131
-2033	129
-2030	127
-2028	125
-2026	122
-2024	119
-2023	116
-2023	112
-2023	107
-2021	104
-2019	102
-2017	99
-2015	97
-2014	93
-2009	93
-2005	92
-2003	90
-1999	88
-1996	87
-1992	86
-1988	85
-1983	85
-1979	84
-1975	83
-1972	82
-1970	79
-1968	76
-1965	74
-1962	72
-1961	69
-1959	67
-1958	64
-1956	61
-1955	57
-1956	52
-1955	49
-1955	45
-1954	41
-1952	38
-1951	35
-1950	31
-1949	28
-1948	24
-1946	22
-1944	19
-1943	15
-1941	13
-1939	10
-1939	6
-1939	2
-1938	-2
-1936	-5
-1934	-8
-1934	-12
-1933	-15
-1932	-19
-1931	-22
-1928	-25
-1928	-29
-1928	-33
-1927	-37
-1925	-39
-1922	-42
-1922	-45
-1921	-49
-1918	-52
-1918	-56
-1917	-59
-1915	-62
-1913	-65
-1910	-67
-1909	-70
-1910	-76
-1909	-79
-1907	-82
-1906	-86
-1904	-89
-1903	-92
-1902	-95
-1900	-99
-1897	-100
-1897	-105
-1897	-110
-1896	-114
-1895	-117
-1894	-121
-1892	-124
-1891	-128
-1889	-131
-1888	-134
-1887	-138
-1885	-141
-1884	-144
-1882	-148
-1881	-151
-1880	-154
-1879	-159
-1877	-161
-1876	-165
-1876	-170
-1873	-172
-1871	-174
-1862	-170
-1847	-160
-1838	-155
-1834	-156
-1831	-158
-1830	-161
-1829	-165
-1828	-169
-1825	-170
-1834	-185
-1834	-190
-1832	-192
-1764	-125
-1759	-124
-1753	-123
-1749	-123
-1744	-122
-1737	-119
-1731	-118
-1729	-120
-1730	-126
-1731	-132
-1731	-137
-1727	-138
-1720	-135
-1717	-136
-1715	-139
-1713	-141
-1705	-136
-1701	-137
-1698	-139
-1697	-142
-1695	-145
-1692	-146
-1688	-147
-1685	-148
-1683	-151
-1682	-155
-1673	-149
-1662	-142
-1656	-139
-1649	-136
-1643	-134
-1637	-132
-1632	-131
-1630	-134
-1630	-138
-1629	-142
-1626	-143
-1623	-145
-1621	-147
-1618	-148
-1614	-149
-1611	-149
-1607	-150
-1602	-149
-1598	-149
-1596	-152
-1576	-132
-1573	-134
-1571	-136
-1569	-138
-1567	-140
-1564	-142
-1566	-149
-1569	-158
-1568	-161
-1565	-162
-1560	-162
-1556	-162
-1554	-164
-1551	-165
-1546	-164
-1542	-164
-1538	-164
-1535	-165
-1531	-165
-1528	-166
-1524	-166
-1493	-132
-1489	-131
-1484	-130
-1483	-134
-1481	-136
-1478	-137
-1481	-146
-1476	-144
-1471	-143
-1468	-143
-1465	-144
-1462	-146
-1459	-146
-1454	-146
-1450	-144
-1446	-145
-1443	-146
-1442	-150
-1439	-150
-1436	-151
-1432	-151
-1430	-154
-1429	-156
-1427	-160
-1424	-160
-1420	-160
-1417	-161
-1414	-162
-1412	-164
-1410	-166
-1403	-162
-1399	-161
-1396	-163
-1394	-165
-1391	-166
-1388	-167
-1386	-170
-1387	-175
-1385	-178
-1383	-180
-1379	-180
-1355	-150
-1354	-154
-1352	-156
-1342	-147
-1329	-134
-1321	-127
-1318	-127
-1316	-130
-1314	-132
-1313	-136
-1314	-142
-1318	-154
-1316	-156
-1314	-159
-1310	-157
-1306	-157
-1308	-165
-1305	-165
-1301	-165
-1298	-166
-1295	-167
-1289	-163
-1282	-157
-1277	-156
-1274	-156
-1268	-151
-1266	-155
-1273	-170
-1269	-169
-1268	-174
-1264	-173
-1260	-172
-1257	-172
-1253	-171
-1250	-171
-1247	-172
-1244	-173
-1241	-173
-1237	-172
-1229	-165
-1225	-164
-1223	-166
-1220	-167
-1218	-169
-1215	-170
-1214	-174
-1210	-172
-1206	-171
-1203	-173
-1201	-174
-1189	-160
-1187	-163
-1185	-164
-1186	-172
-1184	-174
-1178	-170
-1177	-173
-1174	-174
-1171	-174
-1167	-173
-1163	-172
-1159	-171
-1156	-170
-1155	-174
-1152	-175
-1145	-169
-1144	-172
-1140	-172
-1138	-174
-1134	-173
-1124	-161
-1123	-165
-1120	-164
-1114	-159
-1112	-163
-1110	-163
-1110	-169
-1107	-169
-1104	-170
-1101	-171
-1098	-171
-1096	-174
-1093	-173
-1091	-176
-1086	-172
-1078	-163
-1075	-163
-1077	-173
-1074	-174
-1070	-172
-1067	-172
-1064	-173
-1061	-172
-1058	-173
-1055	-173
-1052	-173
-1049	-173
-1046	-173
-1043	-174
-1041	-175
-1037	-175
-1033	-172
-1030	-173
-1028	-175
-1026	-176
-1021	-173
-1018	-173
-1013	-170
-1011	-172
-1009	-173
-1008	-178
-1003	-173
-1003	-179
-1000	-180
-995	-176
-992	-176
-989	-176
-985	-175
-966	-142
-963	-143
-961	-144
-960	-147
-972	-179
-967	-175
-961	-169
-968	-189
-964	-188
-934	-131
-930	-128
-927	-129
-925	-130
-923	-131
-921	-134
-920	-137
-919	-143
-919	-148
-918	-153
-916	-155
-913	-155
-910	-154
-909	-159
-908	-162
-894	-138
-890	-135
-888	-138
-888	-143
-887	-148
-887	-154
-884	-154
-881	-155
-878	-154
-874	-151
-870	-149
-867	-149
-864	-147
-860	-145
-857	-145
-854	-145
-851	-145
-784	-5
-779	-1
-776	0
-773	1
-770	1
-768	1
-765	1
-763	0
-761	1
-758	1
-754	3
-752	3
-750	2
-747	2
-745	2
-742	1
-739	2
-737	2
-735	1
-734	-4
-735	-12
-734	-17
-731	-16
-726	-10
-722	-6
-721	-10
-721	-15
-719	-18
-718	-22
-746	-124
-745	-129
-744	-133
-742	-136
-741	-140
-739	-141
-736	-142
-734	-144
-732	-145
-729	-145
-727	-146
-724	-146
-722	-148
-720	-150
-717	-150
-715	-152
-713	-152
-711	-153
-708	-154
-705	-154
-702	-153
-698	-148
-695	-146
-692	-145
-689	-144
-685	-143
-683	-144
-681	-145
-679	-147
-679	-155
-679	-162
-674	-157
-671	-157
-669	-157
-666	-157
-664	-157
-661	-157
-658	-156
-654	-151
-650	-149
-648	-149
-645	-149
-642	-148
-640	-149
-637	-150
-635	-152
-634	-156
-632	-159
-630	-161
-628	-162
-626	-164
-624	-166
-621	-166
-618	-165
-613	-157
-609	-151
-606	-150
-603	-149
-600	-149
-598	-150
-600	-167
-600	-175
-595	-165
-589	-155
-585	-151
-583	-150
-580	-151
-578	-152
-575	-151
-573	-153
-570	-153
-567	-152
-565	-151
-562	-152
-560	-153
-558	-156
-558	-166
-557	-171
-555	-172
-552	-171
-549	-170
-546	-169
-543	-166
-540	-166
-538	-167
-535	-167
-533	-170
-531	-172
-529	-174
-527	-174
-524	-175
-521	-173
-518	-171
-516	-171
-513	-172
-511	-173
-509	-174
-506	-174
-503	-173
-501	-173
-498	-174
-497	-178
-494	-178
-492	-180
-490	-181
-488	-184
-486	-186
-483	-187
-481	-188
-478	-187
-475	-186
-473	-186
-470	-186
-468	-186
-465	-187
-463	-186
-460	-187
-457	-185
-454	-184
-452	-183
-449	-184
-447	-185
-445	-187
-442	-185
-439	-182
-436	-181
-434	-184
-432	-184
-429	-184
-426	-183
-424	-184
-422	-185
-419	-186
-417	-187
-414	-185
-411	-184
-409	-183
-406	-183
-403	-182
-401	-182
-398	-178
-395	-178
-393	-179
-390	-181
-388	-182
-386	-182
-383	-183
-381	-183
-378	-184
-376	-184
-373	-183
-371	-185
-369	-187
-366	-188
-363	-183
-360	-181
-358	-181
-355	-180
-352	-178
-349	-175
-347	-175
-345	-176
-342	-175
-339	-175
-337	-175
-334	-175
-332	-178
-331	-184
-328	-185
-326	-186
-324	-187
-321	-188
-319	-189
-316	-188
-314	-187
-311	-187
-309	-187
-306	-187
-304	-186
-301	-186
-299	-186
-296	-187
-294	-187
-291	-187
-289	-186
-286	-184
-283	-178
-280	-174
-277	-171
-274	-171
-272	-170
-269	-169
-267	-168
-264	-164
-261	-162
-259	-161
-256	-157
-253	-155
-251	-154
-248	-152
-245	-151
-243	-150
-240	-149
-238	-149
-236	-150
-233	-152
-231	-155
-229	-156
-227	-158
-225	-161
-222	-165
-220	-166
-218	-168
-215	-169
-213	-171
-211	-171
-208	-172
-206	-174
-204	-174
-201	-174
-199	-175
-196	-177
-194	-177
-192	-178
-189	-179
-187	-179
-184	-181
-182	-183
-180	-184
-177	-185
-175	-185
-172	-185
-170	-185
-167	-186
-165	-187
-163	-186
-160	-186
-158	-186
-155	-186
-153	-186
-150	-187
-148	-188
-145	-188
-143	-188
-141	-188
-138	-187
-136	-187
-133	-187
-131	-188
-128	-188
-126	-187
-123	-186
-121	-187
-118	-187
-116	-188
-113	-187
-111	-186
-109	-185
-106	-185
-104	-185
-101	-186
-99	-188
-96	-187
-94	-187
-91	-187
-89	-186
-86	-186
-84	-187
-82	-187
-79	-187
-74	-185
-72	-183
-69	-179
-67	-176
-64	-175
-62	-175
-60	-176
-57	-178
-55	-178
-52	-179
-50	-180
-47	-182
-45	-182
-42	-182
-40	-182
-37	-183
-35	-185
-33	-186
-30	-187
-28	-187
-25	-187
-23	-187
-20	-188
-18	-188
-15	-188
-13	-187
-10	-188
-8	-188
-5	-188
-3	-188
-1	-188
2	-188
4	-188
7	-188
9	-187
12	-188
14	-188
17	-188
19	-187
22	-187
24	-186
26	-187
29	-188
31	-188
34	-188
36	-186
39	-186
41	-188
44	-188
46	-188
49	-186
51	-187
54	-187
56	-187
58	-187
61	-187
63	-188
66	-189
68	-187
71	-186
73	-187
76	-188
78	-189
81	-188
83	-188
86	-188
88	-188
91	-187
93	-185
95	-186
98	-187
101	-188
103	-188
105	-186
108	-186
110	-186
113	-187
115	-186
118	-187
120	-187
123	-187
125	-186
128	-186
130	-187
133	-188
135	-187
138	-186
140	-187
143	-187
145	-187
148	-187
150	-187
153	-187
155	-187
158	-187
160	-187
163	-187
165	-187
168	-188
170	-187
172	-186
175	-187
178	-187
180	-185
182	-185
185	-184
187	-184
190	-184
193	-187
195	-187
198	-188
200	-187
203	-188
205	-188
207	-186
210	-185
212	-185
215	-186
217	-186
220	-186
223	-187
225	-188
228	-187
230	-187
233	-187
235	-187
238	-188
240	-187
242	-186
245	-185
248	-186
250	-187
253	-186
255	-187
258	-186
260	-187
263	-186
265	-187
268	-186
270	-186
273	-186
275	-186
278	-187
280	-186
283	-187
286	-186
288	-186
291	-186
294	-188
296	-187
299	-188
301	-187
303	-186
306	-186
309	-187
311	-186
314	-187
316	-187
319	-186
321	-186
324	-186
326	-186
329	-186
332	-186
334	-186
336	-185
339	-187
342	-187
344	-187
347	-185
349	-185
352	-186
354	-185
357	-186
360	-186
362	-186
365	-185
367	-185
370	-186
372	-185
375	-186
378	-187
380	-185
383	-186
385	-185
388	-186
391	-185
394	-186
396	-186
398	-185
401	-186
404	-185
406	-185
409	-185
412	-186
414	-186
417	-187
420	-186
422	-186
425	-187
427	-186
430	-185
433	-186
435	-185
437	-183
440	-183
442	-182
445	-181
447	-182
450	-182
453	-184
456	-184
459	-185
462	-186
464	-185
466	-183
468	-182
471	-182
474	-182
476	-182
479	-182
482	-182
485	-183
488	-185
491	-185
493	-185
496	-184
498	-185
502	-186
504	-185
507	-185
509	-185
512	-185
515	-185
517	-185
520	-185
523	-184
525	-184
528	-185
531	-185
534	-185
536	-184
539	-185
542	-186
545	-186
547	-185
549	-183
551	-181
554	-180
556	-178
558	-177
560	-173
561	-169
562	-164
563	-161
566	-161
568	-160
571	-160
573	-158
575	-155
576	-151
578	-147
579	-143
580	-139
583	-139
600	-180
602	-178
602	-170
601	-159
601	-152
603	-149
605	-148
607	-146
610	-146
615	-154
621	-161
625	-164
627	-163
629	-161
631	-160
633	-158
635	-155
637	-152
639	-151
642	-150
644	-148
646	-147
649	-147
652	-149
656	-151
660	-154
664	-158
667	-158
669	-158
673	-158
675	-157
679	-160
681	-158
681	-151
682	-146
684	-144
686	-143
689	-143
692	-143
695	-144
699	-148
704	-153
707	-153
709	-152
713	-153
715	-153
718	-152
720	-150
722	-148
725	-148
727	-147
730	-146
732	-145
735	-144
737	-143
739	-142
741	-140
743	-137
745	-134
746	-132
747	-128
748	-123
748	-117
748	-111
748	-103
719	-17
720	-14
721	-10
722	-6
724	-3
725	-1
728	-0
729	2
732	2
735	2
737	3
739	3
743	2
773	2
776	1
779	0
781	1
879	-169
870	-145
876	-150
882	-155
886	-158
889	-158
890	-153
890	-148
891	-145
893	-142
895	-139
897	-137
900	-138
904	-139
909	-143
915	-148
917	-146
918	-143
919	-140
921	-137
924	-136
926	-134
928	-132
931	-132
934	-132
936	-130
940	-133
950	-144
962	-161
968	-166
970	-163
971	-160
974	-159
976	-157
978	-155
980	-153
983	-153
986	-153
991	-155
998	-162
1006	-169
1010	-171
1013	-171
1019	-176
1022	-176
1026	-176
1030	-177
1034	-179
1036	-177
1037	-172
1038	-168
1037	-162
1037	-157
1040	-155
1042	-154
1045	-153
1048	-153
1052	-155
1056	-156
1061	-158
1066	-161
1072	-165
1072	-160
1074	-158
1078	-158
1082	-159
1085	-158
1094	-169
1101	-174
1104	-173
1107	-172
1109	-170
1113	-170
1116	-170
1118	-169
1121	-168
1125	-168
1130	-171
1134	-171
1137	-171
1140	-170
1145	-172
1148	-172
1151	-171
1154	-171
1158	-172
1162	-172
1166	-173
1171	-174
1174	-173
1177	-173
1180	-172
1182	-171
1187	-172
1190	-172
1192	-169
1193	-165
1194	-162
1198	-163
1206	-169
1213	-173
1216	-173
1219	-172
1222	-172
1226	-173
1231	-173
1236	-176
1244	-182
1246	-180
1251	-181
1253	-179
1257	-180
1260	-179
1264	-179
1269	-181
1273	-181
1274	-177
1275	-175
1281	-178
1287	-180
1290	-179
1292	-177
1299	-182
1302	-181
1305	-180
1308	-179
1311	-177
1314	-176
1316	-174
1314	-166
1315	-163
1319	-162
1323	-163
1328	-164
1334	-167
1340	-170
1344	-171
1349	-171
1352	-170
1353	-168
1355	-165
1357	-162
1361	-162
1365	-163
1369	-163
1373	-164
1379	-166
1382	-164
1385	-163
1388	-162
1391	-161
1392	-157
1394	-155
1397	-154
1401	-154
1404	-153
1407	-152
1410	-151
1413	-149
1417	-149
1420	-148
1423	-147
1426	-145
1427	-141
1429	-139
1430	-136
1433	-134
1436	-134
1439	-132
1442	-130
1445	-130
1450	-130
1454	-131
1464	-138
1478	-150
1485	-153
1489	-153
1495	-155
1502	-158
1504	-156
1508	-156
1509	-152
1512	-150
1513	-147
1514	-144
1515	-139
1517	-137
1525	-141
1535	-148
1539	-148
1544	-148
1550	-150
1550	-146
1553	-144
1557	-144
1559	-142
1563	-141
1569	-143
1571	-140
1575	-140
1579	-139
1582	-138
1586	-138
1590	-137
1593	-136
1598	-136
1603	-137
1608	-138
1612	-137
1615	-136
1617	-133
1620	-131
1625	-132
1630	-133
1633	-131
1635	-129
1638	-127
1642	-127
1648	-128
1651	-127
1655	-126
1669	-137
1675	-138
1679	-137
1684	-137
1676	-125
1680	-124
1691	-130
1693	-128
1695	-125
1698	-123
1701	-122
1705	-121
1708	-120
1712	-119
1716	-118
1720	-117
1724	-116
1728	-116
1732	-116
1738	-117
1745	-119
1749	-118
1759	-123
1771	-131
1767	-122
1767	-117
1768	-113
1771	-111
1775	-111
1780	-111
1783	-109
1784	-105
1785	-101
1789	-101
1795	-102
1800	-101
1807	-104
1810	-102
1813	-100
1816	-99
1819	-96
1821	-94
1825	-93
1837	-100
1845	-103
1849	-101
1853	-100
1856	-98
1860	-97
1863	-95
1864	-92
1890	-111
1893	-109
1895	-106
1897	-104
1901	-102
1904	-100
1907	-98
1911	-97
1916	-97
1923	-99
1935	-104
1939	-104
1943	-102
1945	-100
1948	-98
1949	-93
1949	-89
1953	-88
1959	-88
1968	-91
1975	-92
1976	-89
1979	-87
1984	-86
1988	-85
1991	-84
1994	-81
1997	-79
2001	-78
2007	-78
2013	-78
2017	-78
2024	-79
2034	-82
2042	-84
2052	-88
2065	-94
2069	-93
2075	-93
2081	-93
2081	-88
2084	-86
2087	-84
2093	-84
2101	-86
2112	-90
2119	-91
2127	-93
2131	-91
2134	-89
2136	-85
2138	-83
2139	-78
2141	-75
2150	-78
2160	-81
2167	-82
2172	-81
2175	-79
2174	-74
2177	-71
2179	-68
2181	-65
2185	-63
2190	-62
2194	-60
2200	-60
2206	-60
2212	-60
2217	-59
2220	-57
2225	-56
2232	-56
2246	-62
2257	-66
2263	-66
2268	-65
2274	-64
2277	-61
2282	-61
2287	-60
2290	-57
2293	-55
2297	-53
2302	-51
2310	-53
2315	-52
2321	-51
2329	-52
2335	-52
2350	-58
2357	-58
2363	-57
2369	-57
2370	-53
2374	-51
2383	-53
2390	-52
2395	-51
2401	-51
2406	-50
2409	-46
2412	-44
2417	-43
2420	-39
2425	-38
2446	-48
2440	-39
2452	-42
2453	-38
2455	-35
2459	-33
2466	-33
2471	-31
2471	-26
2473	-23
2475	-19
2477	-16
2479	-12
2479	-7
2476	-1
2477	4
2476	9
2474	15
2472	21
2474	24
2477	27
2477	32
2479	35
2479	40
2477	46
2477	51
2479	54
2481	58
2480	63
2480	68
2480	73
2479	78
2480	81
2481	86
2481	90
2482	94
2483	98
2484	102
2485	106
2486	111
2487	114
2489	118
2488	123
2488	128
2490	131
2490	135
2489	141
2490	145
2491	149
2491	153
2491	158
2491	162
2491	167
2492	171
2494	174
2497	177
2499	180
2500	184
2496	191
2497	195
2499	198
2501	202
2501	206
2501	211
2499	216
2500	220
2500	225
2499	229
2498	234
2500	238
2501	241
2501	246
2502	250
2508	251
2512	253
2514	256
2514	261
2515	265
2516	268
2517	272
2517	277
2517	281
2518	285
2520	288
2521	292
2521	296
2523	300
2524	304
2523	309
2523	313
2526	316
2528	319
2527	324
2528	328
2530	331
2529	336
2530	339
2531	343
2531	348
2531	352
2533	355
2535	359
2536	362
2534	368
2536	371
2539	374
2542	377
2542	381
2544	384
2543	389
2542	393
2545	396
2550	398
2558	398
2567	398
2569	401
2570	405
2571	409
2570	414
2571	418
2573	421
2573	425
2575	429
2576	432
2574	437
2575	441
2577	445
2576	449
2576	453
2579	456
2581	459
2582	463
2583	467
2584	471
2584	475
2584	479
2585	483
2587	486
2588	490
2588	494
2590	497
2590	502
2589	506
2591	509
2593	513
2593	517
2594	521
2594	525
2593	529
2594	533
2596	536
2598	540
2596	544
2598	548
2596	553
2595	557
2598	560
2599	564
2598	568
2600	572
2602	575
2603	579
2604	582
2602	587
2603	591
2603	595
2604	599
2604	603
2605	606
2606	610
2607	614
2608	617
2611	620
2612	624
2612	628
2612	632
2612	636
2613	640
2613	644
2616	647
2616	651
2616	655
2617	658
2617	662
2620	665
2621	669
2622	672
2623	676
2623	680
2625	683
2627	687
2627	691
2626	695
2626	699
2627	703
2629	706
2631	709
2630	714
2630	718
2633	721
2633	725
2633	729
2635	732
2636	736
2636	739
2636	743
2638	747
2638	751
2637	755
2639	758
2640	762
2642	765
2643	769
2644	772
2646	776
2647	779
2647	783
2647	787
2648	791
2648	795
2650	798
2652	801
2652	805
2653	809
2654	812
2655	816
2655	820
2656	824
2657	827
2658	831
2659	834
2660	838
2660	842
2661	845
2663	849
2664	853
2665	856
2666	860
2667	863
2667	867
2664	872
2664	876
2667	879
2667	883
2668	886
2669	890
2670	894
2671	897
2671	901
2673	904
2674	908
2675	912
2676	915
2674	920
2675	923
2677	926
2678	930
2680	933
2680	937
2679	941
2680	945
2681	949
2681	952
2683	956
2685	959
2686	963
2687	966
2688	970
2688	974
2689	977
2690	981
2690	985
2691	988
2692	992
2692	996
2694	999
2695	1003
2695	1007
2695	1010
2696	1014
2695	1018
2697	1021
2698	1025
2697	1029
2698	1033
2698	1036
2699	1040
2699	1044
2702	1047
2703	1050
2702	1055
2702	1058
2703	1062
2704	1065
2706	1069
2706	1073
2706	1076
2709	1080
2709	1083
2707	1088
2707	1091
2708	1095
2710	1098
2709	1102
2709	1106
2710	1110
2712	1113
2715	1116
2717	1120
2719	1123
2719	1127
2717	1131
2718	1135
2717	1139
2718	1142
2720	1146
2721	1149
2721	1153
2722	1157
2723	1160
2725	1164
2725	1167
2726	1171
2727	1175
2727	1178
2728	1182
2727	1186
2727	1190
2730	1193
2732	1196
2731	1200
2731	1204
2730	1208
2729	1212
2732	1215
2734	1219
2736	1222
2735	1226
2733	1230
2734	1234
2736	1237
2739	1241
2742	1244
2739	1248
2738	1252
2739	1256
2740	1259
2741	1263
2742	1266
2741	1270
2742	1274
2745	1277
2743	1281
2744	1285
2744	1289
2746	1292
2747	1296
2748	1299
2746	1303
2743	1308
2745	1311
2748	1314
2750	1318
2750	1322
2749	1325
2749	1329
2749	1333
2750	1337
2751	1340
2753	1344
2754	1347
2754	1351
2755	1355
2756	1358
2756	1362
2755	1366
2758	1369
2760	1373
2760	1377
2762	1380
2762	1384
2763	1388
2762	1391
2762	1395
2763	1399
2764	1402
2764	1406
2764	1410
2763	1414
2766	1417
2766	1421
2766	1425
2766	1428
2766	1432
2765	1436
2767	1440
2767	1443
2768	1447
2768	1451
2769	1454
2772	1458
2773	1461
2774	1465
2775	1469
2774	1473
2775	1476
2774	1480
2774	1484
2775	1487
2777	1491
2777	1495
2778	1499
2778	1502
2780	1506
2781	1510
2782	1513
2782	1517
2783	1521
2784	1524
2786	1528
2785	1532
2783	1536
2785	1539
2786	1543
2786	1547
2786	1550
2787	1554
2789	1558
2790	1562
2790	1565
2789	1569
2790	1573
2792	1576
2793	1580
2793	1584
2793	1588
2794	1591
2796	1595
2796	1599
2796	1603
2796	1606
2795	1610
2796	1614
2797	1618
2798	1621
2799	1625
2797	1629
2796	1633
2799	1636
2800	1640
2800	1644
2798	1648
2798	1651
2801	1655
2800	1659
2800	1663
2802	1666
