2674	1664
2674	1668
2673	1671
2673	1675
2673	1678
2673	1682
2672	1689
2671	1693
2671	1696
2672	1700
2674	1703
2674	1707
2675	1711
2676	1714
2676	1718
2677	1721
2678	1725
2678	1728
2678	1732
2679	1736
2680	1739
2680	1743
2680	1746
2679	1750
2679	1754
2678	1757
2679	1761
2679	1764
2681	1768
2683	1772
2684	1775
2684	1779
2683	1783
2683	1786
2681	1790
2679	1793
2681	1797
2683	1801
2683	1804
2680	1808
2678	1811
2678	1815
2682	1819
2685	1822
2685	1826
2686	1830
2685	1833
2685	1837
2687	1840
2688	1844
2689	1848
2687	1851
2689	1855
2690	1859
2692	1862
2690	1866
2689	1869
2692	1873
2692	1877
2690	1880
2692	1884
2692	1888
2692	1891
2691	1895
2692	1899
2692	1902
2693	1906
2693	1910
2692	1913
2691	1917
2691	1920
2693	1924
2692	1928
2691	1931
2694	1935
2697	1939
2698	1943
2698	1946
2696	1950
2698	1954
2699	1958
2701	1961
2704	1965
2707	1969
2708	1973
2704	1976
2705	1980
2702	1983
2700	1987
2698	1990
2697	1994
2698	1998
2698	2001
2698	2005
2699	2009
2699	2012
2700	2016
2702	2020
2702	2024
2701	2027
2700	2031
2698	2034
2697	2038
2697	2041
2698	2045
2699	2049
2698	2053
2698	2056
2699	2060
2702	2064
2703	2068
2703	2072
2700	2075
2699	2079
2698	2082
2699	2086
2700	2090
2700	2094
2700	2097
2701	2101
2704	2105
2704	2109
2704	2113
2703	2116
2704	2120
2706	2124
2706	2128
2703	2131
2703	2135
2704	2139
2704	2142
2703	2146
2705	2150
2704	2154
2703	2157
2704	2161
2705	2165
2706	2169
2706	2173
2707	2176
2707	2180
2708	2184
2706	2188
2706	2191
2708	2195
2708	2199
2709	2203
2707	2206
2707	2210
2708	2214
2710	2218
2709	2222
2710	2226
2713	2230
2714	2234
2714	2238
2714	2242
2715	2246
2715	2249
2716	2253
2715	2257
2714	2261
2714	2264
2715	2268
2716	2272
2717	2277
2718	2280
2718	2284
2718	2288
2722	2293
2724	2297
2725	2301
2726	2305
2727	2309
2727	2313
2727	2317
2726	2320
2726	2324
2725	2328
2725	2332
2725	2336
2724	2339
2723	2343
2724	2347
2724	2351
2723	2354
2722	2358
2724	2362
2725	2367
2724	2370
2721	2373
2718	2376
2717	2380
2716	2384
2716	2388
2719	2392
2721	2397
2718	2400
2719	2404
2722	2408
2724	2413
2726	2417
2727	2421
2727	2425
2726	2429
2726	2433
2726	2437
2725	2440
2725	2444
2726	2449
2726	2452
2725	2456
2725	2460
2725	2464
2722	2467
2718	2470
2718	2474
2721	2479
2721	2482
2720	2486
2720	2490
2723	2495
2725	2500
2725	2503
2726	2508
2726	2512
2726	2516
2727	2520
2729	2525
2728	2528
2727	2532
2727	2536
2727	2540
2727	2544
2727	2548
2729	2553
2728	2556
2727	2560
2726	2564
2726	2568
2727	2572
2728	2576
2727	2580
2728	2584
2729	2589
2729	2593
2729	2597
2727	2600
2727	2604
2726	2608
2726	2612
2725	2616
2724	2620
2724	2623
2724	2627
2724	2632
2724	2636
2725	2640
2725	2644
2725	2648
2724	2652
2723	2656
2724	2660
2723	2664
2722	2668
2722	2672
2722	2676
2722	2680
2722	2684
2721	2688
2720	2692
2719	2695
2718	2699
2719	2704
2720	2708
2718	2712
2719	2716
2718	2720
2719	2724
2717	2728
2716	2732
2716	2736
2715	2740
2715	2744
2714	2748
2715	2752
2714	2756
2714	2760
2714	2764
2715	2769
2715	2773
2716	2777
2716	2782
2717	2786
2716	2790
2717	2795
2719	2800
2718	2804
2718	2808
2715	2811
2715	2815
2714	2819
2714	2823
2714	2827
2715	2832
2715	2836
2714	2840
2713	2844
2714	2849
2714	2853
2714	2857
2715	2862
2714	2866
2713	2870
2713	2874
2712	2878
2712	2882
2714	2887
2714	2892
2714	2896
2714	2900
2713	2904
2712	2908
2712	2913
2713	2917
2712	2921
2711	2925
2711	2930
2712	2934
2713	2939
2713	2943
2713	2948
2715	2953
2715	2958
2714	2962
2713	2965
2711	2969
2711	2973
2712	2978
2714	2984
2716	2989
2718	2994
2721	3000
2720	3004
2717	3007
2715	3011
2713	3014
2716	3020
2716	3024
2715	3029
2715	3033
2714	3037
2713	3041
2713	3046
2713	3050
2713	3055
2711	3058
2711	3063
2711	3067
2710	3071
2710	3076
2710	3081
2713	3086
2713	3091
2712	3095
2711	3099
2711	3104
2711	3108
2711	3113
2711	3117
2710	3121
2709	3126
2708	3130
2708	3134
2708	3139
2705	3142
2671	3129
2662	3129
2656	3130
2654	3133
2652	3137
2651	3141
2650	3145
2652	3150
2656	3157
2687	3179
2702	3192
2704	3198
2705	3203
2705	3207
2704	3211
2703	3216
2706	3222
2706	3227
2704	3231
2704	3235
2703	3239
2702	3244
2701	3248
2702	3253
2703	3259
2703	3263
2702	3268
2700	3271
2699	3276
2699	3280
2700	3286
2703	3292
2703	3297
2703	3302
2702	3306
2701	3311
2701	3315
2700	3320
2701	3325
2703	3331
2705	3337
2705	3342
2702	3346
2701	3350
2701	3355
2702	3360
2701	3364
2701	3370
2700	3374
2700	3379
2699	3383
2699	3388
2698	3393
2697	3397
2696	3401
2694	3405
2694	3410
2693	3415
2693	3420
2692	3424
2693	3430
2693	3435
2693	3440
2692	3444
2691	3448
2689	3453
2688	3457
2689	3462
2688	3467
2687	3472
2686	3476
2684	3480
2685	3485
2684	3490
2683	3495
2683	3500
2683	3505
2683	3510
2683	3515
2682	3520
2681	3525
2681	3530
2681	3535
2680	3539
2679	3544
2678	3549
2677	3553
2677	3558
2675	3562
2675	3568
2677	3574
2677	3579
2676	3584
2675	3589
2674	3593
2673	3598
2672	3602
2670	3607
2669	3611
2669	3617
2669	3622
2670	3628
2668	3632
2667	3637
2666	3641
2668	3648
2666	3652
2666	3657
2666	3663
2665	3667
2663	3672
2662	3676
2661	3681
2661	3687
2660	3692
2659	3697
2658	3701
2657	3706
2657	3711
2657	3717
2659	3724
2658	3729
2657	3733
2655	3738
2654	3742
2654	3748
2652	3752
2651	3757
2651	3763
2650	3767
2649	3772
2647	3776
2646	3782
2644	3786
2645	3792
2644	3797
2644	3803
2643	3807
2642	3812
2641	3818
2641	3823
2640	3828
2638	3833
2637	3837
2637	3843
2635	3848
2634	3852
2633	3857
2631	3862
2632	3868
2630	3872
2631	3879
2629	3884
2628	3888
2627	3894
2625	3897
2624	3903
2623	3908
2624	3914
2622	3919
2621	3924
2619	3929
2619	3934
2619	3940
2619	3946
2618	3952
2617	3956
2616	3962
2615	3967
2615	3973
2613	3978
2611	3982
2610	3987
2609	3992
2607	3997
2606	4002
2604	4006
2603	4012
2602	4017
2602	4023
2600	4028
2598	4032
2596	4037
2594	4041
2592	4046
2591	4050
2586	4052
2562	4037
2543	4026
2541	4031
2536	4032
2537	4040
2533	4042
2533	4048
2562	4081
2574	4098
2573	4103
2570	4107
2568	4111
2566	4116
2565	4121
2563	4126
2561	4131
2559	4135
2558	4141
2557	4146
2555	4151
2554	4156
2551	4160
2552	4168
2550	4172
2547	4176
2545	4181
2545	4187
2543	4191
2540	4195
2537	4199
2536	4204
2534	4209
2532	4214
2531	4220
2529	4224
2526	4228
2524	4233
2522	4237
2519	4241
2516	4245
2514	4249
2511	4253
2509	4258
2509	4265
2507	4270
2506	4275
2505	4281
2503	4286
2501	4291
2500	4296
2500	4303
2505	4315
2507	4324
2238	4067
2233	4068
2487	4387
2474	4381
2473	4386
2472	4393
2471	4399
2470	4404
2468	4409
2465	4414
2463	4419
2461	4423
2459	4428
2456	4432
2454	4437
2451	4441
2449	4446
2447	4451
2444	4456
2442	4461
2441	4466
2437	4470
2435	4474
2432	4479
2429	4483
2426	4487
2425	4493
2422	4497
2420	4502
2418	4507
2416	4512
2413	4517
2411	4522
2408	4526
2406	4531
2404	4536
2402	4542
2400	4546
2397	4551
2395	4556
2393	4561
2389	4565
2387	4569
2384	4574
2382	4579
2379	4583
2377	4588
2375	4594
2373	4599
2372	4606
2369	4610
2367	4615
2365	4620
2362	4625
2359	4630
2356	4634
2353	4638
2350	4642
2349	4649
2348	4656
2346	4661
2345	4667
2344	4674
2341	4678
2339	4684
2337	4690
2336	4696
2333	4701
2329	4704
2325	4707
2322	4711
2319	4715
2315	4719
2311	4722
2309	4727
2306	4732
2305	4739
2303	4744
2299	4748
2296	4752
2293	4757
2291	4762
2287	4765
2284	4769
2279	4772
2277	4777
2275	4783
2272	4787
2268	4790
2264	4794
2261	4798
2258	4802
2255	4807
2252	4812
2250	4817
2247	4822
2244	4826
2241	4831
2238	4836
2236	4841
2233	4845
2229	4849
2225	4853
2222	4858
2219	4862
2215	4865
2213	4871
2209	4875
2208	4882
2205	4886
2201	4890
2197	4893
2193	4896
2189	4900
2186	4904
2183	4909
2180	4913
2177	4918
2175	4923
2171	4928
2167	4931
2164	4935
2160	4938
2157	4943
2153	4947
2150	4952
2148	4958
2146	4964
2143	4968
2139	4972
2135	4976
2131	4979
2128	4984
2124	4987
2120	4990
2117	4995
2114	4999
2110	5004
2107	5008
2103	5012
2099	5016
2096	5020
2092	5024
2089	5028
2085	5032
2081	5036
2078	5039
2074	5043
2069	5046
2066	5050
2062	5054
2059	5058
2055	5063
2051	5066
2047	5068
2043	5072
2039	5076
2036	5081
2032	5085
2029	5089
2025	5093
2020	5095
2015	5097
2011	5100
2007	5104
2003	5107
1999	5112
1995	5114
1991	5118
1986	5120
1983	5125
1980	5131
1977	5136
1973	5139
1969	5142
1964	5145
1960	5148
1956	5151
1951	5154
1946	5156
1942	5158
1937	5161
1934	5166
1929	5168
1924	5170
1919	5172
1915	5176
1911	5178
1906	5180
1901	5183
1898	5187
1894	5191
1890	5195
1886	5199
1883	5203
1878	5207
1874	5209
1870	5213
1866	5216
1861	5219
1857	5223
1854	5227
1848	5229
1844	5232
1841	5236
1836	5239
1832	5242
1828	5246
1824	5251
1820	5254
1816	5258
1812	5262
1809	5267
1804	5269
1800	5272
1795	5274
1790	5276
1785	5279
1782	5283
1777	5285
1772	5287
1767	5288
1762	5291
1758	5296
1755	5300
1750	5303
1747	5308
1742	5310
1737	5313
1733	5316
1728	5319
1724	5321
1719	5323
1714	5325
1709	5328
1705	5331
1701	5335
1697	5339
1693	5343
1689	5346
1684	5349
1682	5356
1678	5361
1673	5362
1668	5365
1663	5367
1658	5369
1654	5372
1650	5376
1646	5379
1641	5383
1637	5386
1632	5388
1627	5391
1623	5394
1619	5397
1615	5402
1610	5404
1606	5408
1601	5410
1596	5413
1592	5416
1587	5419
1582	5420
1577	5422
1572	5424
1567	5427
1562	5428
1557	5429
1551	5429
1546	5431
1542	5435
1537	5437
1532	5439
1527	5441
1522	5443
1517	5445
1512	5447
1507	5449
1502	5450
1497	5451
1491	5452
1486	5454
1482	5457
1478	5461
1473	5464
1469	5468
1465	5472
1460	5474
1455	5476
1450	5479
1445	5481
1440	5482
1434	5482
1429	5485
1425	5489
1420	5491
1415	5493
1410	5494
1406	5497
1401	5499
1396	5501
1391	5503
1386	5506
1381	5509
1377	5512
1372	5514
1367	5516
1362	5519
1357	5520
1352	5523
1348	5526
1343	5528
1338	5530
1333	5532
1328	5535
1324	5538
1319	5540
1313	5541
1308	5542
1303	5544
1298	5546
1293	5547
1288	5550
1283	5552
1279	5555
1275	5560
1270	5562
1264	5563
1259	5565
1255	5569
1250	5572
1245	5573
1240	5575
1235	5576
1229	5577
1224	5579
1220	5582
1214	5583
1209	5584
1204	5586
1199	5587
1194	5588
1189	5591
1184	5594
1179	5597
1174	5599
1169	5601
1165	5604
1159	5605
1154	5607
1149	5608
1144	5610
1139	5613
1134	5615
1129	5617
1124	5619
1119	5621
1114	5622
1109	5624
1104	5626
1099	5629
1094	5631
1089	5634
1085	5636
1080	5639
1074	5640
1069	5642
1064	5644
1059	5645
1053	5645
1048	5647
1043	5649
1038	5649
1032	5648
1026	5648
1022	5651
1017	5655
1012	5659
1007	5660
1002	5662
997	5662
991	5660
985	5660
979	5660
974	5662
970	5665
965	5668
960	5670
955	5672
950	5677
945	5679
939	5678
934	5677
928	5676
923	5677
917	5678
912	5679
907	5682
903	5686
898	5690
894	5694
889	5697
884	5699
878	5700
873	5700
867	5699
862	5699
856	5701
851	5703
846	5705
841	5705
836	5706
830	5708
825	5708
819	5708
814	5707
808	5706
802	5706
797	5706
791	5706
786	5708
781	5711
776	5713
771	5715
766	5717
761	5720
756	5723
751	5724
746	5725
741	5726
735	5728
730	5731
725	5731
720	5732
714	5734
709	5736
704	5736
699	5737
693	5739
688	5740
683	5741
678	5743
672	5743
667	5745
662	5746
657	5748
651	5747
646	5747
641	5750
636	5752
630	5753
625	5754
620	5756
614	5755
609	5755
604	5757
598	5757
593	5757
587	5758
582	5759
576	5759
571	5759
565	5758
560	5759
555	5759
549	5758
543	5757
538	5756
532	5756
527	5756
521	5756
516	5757
511	5755
505	5754
499	5754
494	5754
489	5755
483	5756
478	5757
473	5758
468	5761
463	5764
458	5767
452	5767
447	5770
442	5772
437	5774
432	5775
426	5775
421	5775
415	5776
410	5777
405	5780
400	5781
394	5782
389	5784
384	5784
378	5785
373	5786
368	5790
363	5793
358	5793
352	5794
347	5795
342	5797
336	5799
331	5800
326	5798
320	5800
315	5801
309	5801
304	5800
299	5800
293	5799
288	5799
282	5799
277	5799
271	5797
266	5797
260	5798
255	5800
250	5802
245	5806
239	5808
234	5807
228	5805
223	5804
217	5802
212	5800
206	5801
201	5800
196	5801
190	5801
185	5795
182	5841
125	5028
121	5029
116	5026
112	5023
107	5022
103	5023
98	5024
94	5023
89	5017
85	5010
80	5007
76	5004
71	5001
67	4999
63	4999
58	5001
54	5008
50	5009
46	5014
42	5025
37	5025
33	5024
28	5023
24	5027
20	5030
16	5030
11	5030
7	5033
7	5813
2	5812
-4	5812
-9	5812
-15	5810
-20	5807
-25	5808
-31	5809
-36	5809
-42	5808
-47	5808
-52	5809
-58	5810
-63	5810
-69	5810
-74	5807
-79	5807
-85	5808
-90	5807
-96	5807
-101	5807
-106	5806
-112	5805
-117	5804
-123	5803
-128	5803
-133	5802
-139	5801
-144	5800
-149	5798
-155	5795
-160	5791
-165	5787
-171	5787
-176	5788
-181	5788
-187	5787
-192	5785
-197	5782
-203	5781
-208	5782
-213	5781
-219	5780
-224	5778
-229	5777
-235	5778
-240	5781
-246	5782
-251	5781
-256	5781
-262	5781
-267	5781
-272	5779
-278	5776
-283	5775
-288	5775
-294	5774
-299	5775
-304	5774
-310	5771
-315	5770
-320	5771
-326	5771
-331	5770
-336	5770
-342	5769
-347	5766
-352	5765
-357	5762
-362	5760
-368	5758
-373	5759
-378	5759
-384	5759
-389	5760
-395	5760
-400	5760
-405	5757
-410	5753
-415	5750
-420	5748
-426	5749
-431	5750
-437	5751
-442	5749
-447	5749
-453	5747
-458	5746
-463	5745
-468	5743
-473	5742
-479	5741
-484	5741
-489	5740
-495	5740
-500	5739
-505	5738
-510	5735
-515	5733
-521	5732
-526	5732
-532	5735
-537	5734
-542	5731
-547	5729
-552	5728
-558	5728
-563	5727
-568	5725
-573	5723
-578	5720
-584	5719
-589	5721
-594	5720
-600	5720
-605	5721
-611	5721
-616	5718
-621	5715
-626	5713
-631	5712
-636	5713
-642	5713
-647	5712
-652	5708
-657	5705
-662	5705
-667	5703
-672	5701
-678	5700
-683	5699
-688	5697
-693	5696
-698	5693
-702	5687
-707	5685
-713	5685
-718	5684
-723	5685
-729	5687
-734	5685
-739	5682
-744	5679
-749	5676
-754	5674
-759	5673
-764	5672
-769	5670
-774	5668
-779	5666
-784	5663
-789	5662
-795	5662
-800	5662
-805	5661
-811	5660
-816	5660
-821	5659
-826	5658
-831	5656
-836	5654
-842	5653
-847	5653
-852	5653
-857	5648
-862	5646
-867	5644
-872	5643
-877	5640
-881	5637
-887	5636
-892	5635
-897	5634
-902	5633
-907	5631
-912	5630
-917	5628
-922	5625
-928	5625
-933	5624
-938	5625
-943	5623
-949	5622
-954	5620
-959	5619
-964	5617
-968	5613
-973	5610
-977	5606
-982	5602
-986	5598
-991	5597
-997	5596
-1002	5595
-1007	5594
-1012	5593
-1017	5591
-1022	5588
-1026	5585
-1031	5581
-1036	5579
-1041	5577
-1045	5573
-1049	5567
-1053	5561
-1057	5557
-1062	5556
-1067	5554
-1071	5549
-1077	5548
-1082	5547
-1087	5545
-1091	5543
-1096	5542
-1102	5540
-1107	5540
-1112	5540
-1117	5537
-1122	5535
-1126	5533
-1131	5530
-1136	5528
-1141	5525
-1145	5523
-1151	5523
-1156	5523
-1161	5521
-1166	5517
-1171	5516
-1176	5515
-1181	5516
-1187	5517
-1193	5518
-1198	5516
-1203	5514
-1207	5511
-1212	5509
-1217	5506
-1222	5505
-1227	5503
-1232	5502
-1237	5500
-1243	5502
-1248	5501
-1253	5500
-1258	5497
-1263	5495
-1268	5494
-1272	5491
-1277	5490
-1283	5490
-1288	5490
-1294	5491
-1299	5489
-1304	5487
-1309	5487
-1314	5485
-1319	5483
-1324	5481
-1329	5478
-1334	5478
-1338	5474
-1342	5470
-1346	5466
-1351	5462
-1356	5461
-1360	5458
-1365	5456
-1369	5452
-1373	5447
-1377	5444
-1382	5441
-1387	5438
-1391	5436
-1395	5431
-1399	5427
-1404	5424
-1408	5421
-1413	5419
-1417	5417
-1422	5415
-1427	5413
-1432	5412
-1437	5410
-1442	5408
-1446	5404
-1450	5400
-1455	5398
-1460	5396
-1464	5393
-1469	5390
-1473	5388
-1478	5386
-1483	5385
-1488	5382
-1492	5378
-1497	5376
-1502	5375
-1507	5373
-1512	5373
-1518	5373
-1522	5371
-1527	5368
-1531	5365
-1536	5363
-1541	5361
-1545	5359
-1550	5357
-1555	5356
-1561	5355
-1565	5353
-1570	5351
-1575	5349
-1579	5345
-1583	5342
-1588	5340
-1593	5339
-1599	5338
-1603	5336
-1608	5334
-1613	5331
-1617	5329
-1622	5328
-1627	5326
-1632	5324
-1637	5322
-1642	5321
-1647	5319
-1650	5313
-1654	5309
-1658	5306
-1662	5303
-1667	5300
-1672	5299
-1677	5299
-1681	5294
-1685	5290
-1690	5288
-1694	5285
-1698	5282
-1703	5279
-1708	5278
-1714	5278
-1717	5274
-1722	5271
-1726	5269
-1731	5266
-1735	5263
-1740	5261
-1744	5258
-1749	5256
-1753	5252
-1757	5250
-1762	5247
-1766	5244
-1770	5240
-1774	5236
-1778	5233
-1782	5230
-1786	5226
-1790	5223
-1794	5219
-1798	5216
-1803	5214
-1808	5212
-1813	5210
-1818	5209
-1823	5207
-1827	5204
-1832	5202
-1836	5199
-1840	5195
-1844	5193
-1848	5189
-1852	5185
-1856	5182
-1860	5179
-1864	5175
-1869	5172
-1873	5170
-1877	5167
-1881	5163
-1885	5160
-1890	5158
-1894	5154
-1897	5148
-1901	5145
-1904	5141
-1908	5138
-1912	5134
-1916	5131
-1921	5129
-1925	5126
-1930	5124
-1933	5119
-1935	5112
-1938	5107
-1942	5103
-1946	5099
-1950	5096
-1955	5094
-1959	5092
-1963	5088
-1966	5083
-1969	5078
-1972	5073
-1976	5070
-1980	5067
-1985	5066
-1990	5064
-1995	5061
-1998	5058
-2002	5055
-2007	5052
-2011	5050
-2015	5046
-2020	5044
-2024	5042
-2029	5039
-2033	5036
-2037	5032
-2040	5028
-2043	5023
-2047	5020
-2051	5018
-2056	5016
-2060	5013
-2064	5009
-2068	5006
-2072	5002
-2074	4997
-2077	4992
-2081	4987
-2086	4987
-2092	4987
-2097	4985
-2100	4980
-2103	4976
-2107	4972
-2111	4970
-2116	4967
-2120	4964
-2124	4961
-2128	4958
-2132	4954
-2136	4952
-2140	4948
-2144	4945
-2151	4947
-2156	4945
-2159	4941
-2161	4935
-2164	4929
-2167	4925
-2170	4921
-2174	4918
-2177	4913
-2181	4910
-2186	4908
-2190	4905
-2194	4902
-2198	4898
-2201	4895
-2205	4891
-2209	4888
-2212	4884
-2216	4881
-2220	4877
-2224	4875
-2227	4870
-2231	4867
-2233	4861
-2236	4857
-2239	4852
-2244	4849
-2248	4847
-2252	4844
-2256	4841
-2260	4838
-2262	4832
-2264	4826
-2267	4821
-2270	4817
-2274	4814
-2280	4813
-2285	4812
-2289	4809
-2292	4805
-2295	4800
-2298	4796
-2302	4792
-2306	4790
-2311	4788
-2315	4785
-2318	4781
-2320	4775
-2323	4771
-2326	4766
-2328	4760
-2330	4755
-2335	4753
-2340	4751
-2345	4750
-2350	4748
-2353	4744
-2356	4739
-2359	4735
-2363	4732
-2368	4730
-2371	4726
-2374	4722
-2377	4718
-2381	4715
-2385	4711
-2387	4706
-2389	4701
-2393	4698
-2397	4695
-2401	4691
-2404	4687
-2408	4684
-2411	4680
-2413	4675
-2417	4671
-2419	4666
-2422	4662
-2425	4658
-2428	4653
-2431	4649
-2434	4645
-2437	4641
-2441	4638
-2444	4634
-2448	4631
-2450	4626
-2451	4619
-2454	4614
-2457	4610
-2460	4606
-2465	4604
-2468	4600
-2471	4596
-2473	4591
-2476	4587
-2478	4581
-2480	4577
-2483	4573
-2487	4569
-2489	4564
-2492	4559
-2494	4555
-2497	4551
-2500	4547
-2503	4543
-2505	4537
-2508	4533
-2511	4529
-2513	4524
-2516	4520
-2519	4516
-2523	4513
-2527	4510
-2529	4505
-2532	4501
-2535	4497
-2538	4493
-2540	4488
-2544	4485
-2547	4481
-2551	4478
-2554	4474
-2557	4470
-2561	4467
-2564	4463
-2568	4460
-2570	4456
-2573	4451
-2575	4446
-2576	4440
-2578	4435
-2581	4431
-2585	4428
-2590	4426
-2594	4423
-2598	4421
-2601	4417
-2603	4412
-2605	4407
-2607	4402
-2610	4398
-2612	4393
-2614	4387
-2614	4380
-2615	4375
-2617	4369
-2618	4364
-2618	4357
-2620	4352
-2622	4347
-2624	4342
-2625	4336
-2628	4332
-2631	4329
-2634	4325
-2636	4320
-2638	4315
-2641	4311
-2644	4307
-2646	4303
-2648	4298
-2650	4293
-2650	4286
-2652	4281
-2654	4276
-2656	4272
-2658	4267
-2661	4263
-2663	4258
-2665	4253
-2667	4249
-2668	4243
-2670	4239
-2672	4234
-2674	4229
-2675	4224
-2677	4219
-2678	4213
-2680	4209
-2684	4205
-2687	4202
-2691	4199
-2692	4194
-2692	4187
-2694	4183
-2698	4179
-2702	4176
-2707	4175
-2710	4171
-2711	4166
-2713	4161
-2716	4157
-2718	4153
-2721	4149
-2722	4144
-2724	4139
-2727	4136
-2731	4132
-2732	4127
-2734	4122
-2736	4118
-2737	4113
-2739	4108
-2741	4104
-2744	4100
-2746	4095
-2747	4089
-2742	4079
-2743	4073
-2745	4069
-2749	4066
-2750	4061
-2751	4055
-2753	4051
-2755	4046
-2757	4042
-2760	4038
-2761	4033
-2764	4029
-2767	4025
-2769	4021
-2770	4016
-2768	4008
-2770	4004
-2773	4000
-2776	3996
-2777	3992
-2779	3987
-2781	3982
-2782	3978
-2783	3972
-2782	3965
-2784	3961
-2785	3956
-2785	3950
-2786	3944
-2787	3939
-2789	3935
-2792	3931
-2792	3925
-2794	3921
-2796	3917
-2798	3912
-2800	3908
-2801	3903
-2803	3899
-2804	3893
-2805	3889
-2807	3884
-2808	3879
-2809	3874
-2810	3869
-2810	3863
-2811	3858
-2811	3852
-2812	3847
-2812	3841
-2813	3836
-2815	3832
-2816	3827
-2816	3821
-2819	3818
-2820	3813
-2820	3807
-2818	3800
-2816	3792
-2816	3787
-2817	3782
-2819	3777
-2818	3771
-2819	3766
-2821	3762
-2822	3757
-2823	3752
-2824	3747
-2825	3742
-2826	3738
-2826	3732
-2828	3728
-2830	3724
-2831	3719
-2831	3714
-2829	3706
-2830	3702
-2830	3696
-2830	3690
-2830	3685
-2831	3680
-2833	3676
-2835	3672
-2836	3667
-2836	3662
-2837	3657
-2839	3653
-2841	3649
-2842	3644
-2842	3639
-2840	3632
-2844	3629
-2846	3625
-2846	3620
-2847	3615
-2848	3611
-2850	3606
-2851	3602
-2853	3598
-2847	3588
-2847	3583
-2847	3578
-2850	3574
-2853	3571
-2855	3567
-2856	3563
-2859	3559
-2859	3554
-2860	3549
-2860	3544
-2861	3539
-2862	3535
-2863	3530
-2863	3525
-2865	3521
-2867	3517
-2868	3513
-2870	3508
-2871	3504
-2872	3499
-2871	3494
-2871	3488
-2872	3484
-2872	3479
-2873	3474
-2874	3470
-2877	3466
-2877	3461
-2876	3455
-2877	3451
-2878	3447
-2879	3442
-2879	3437
-2875	3429
-2873	3423
-2871	3417
-2872	3412
-2871	3407
-2870	3401
-2870	3396
-2871	3391
-2872	3387
-2873	3382
-2873	3378
-2874	3373
-2874	3368
-2875	3364
-2875	3358
-2876	3354
-2877	3350
-2877	3345
-2877	3340
-2878	3335
-2878	3331
-2879	3326
-2878	3321
-2879	3316
-2879	3311
-2879	3307
-2879	3302
-2879	3297
-2879	3292
-2880	3288
-2880	3283
-2881	3278
-2878	3272
-2879	3267
-2880	3263
-2880	3259
-2880	3253
-2880	3249
-2880	3244
-2880	3239
-2879	3234
-2879	3229
-2880	3225
-2882	3221
-2881	3216
-2879	3210
-2878	3205
-2876	3199
-2877	3195
-2879	3191
-2878	3186
-2877	3180
-2877	3176
-2877	3171
-2877	3166
-2877	3162
-2877	3157
-2877	3152
-2877	3148
-2878	3143
-2878	3139
-2878	3134
-2877	3129
-2875	3123
-2876	3119
-2876	3115
-2875	3109
-2875	3105
-2877	3101
-2878	3097
-2877	3092
-2875	3086
-2872	3080
-2873	3076
-2874	3072
-2875	3068
-2875	3063
-2871	3057
-2867	3050
-2868	3046
-2870	3043
-2869	3038
-2869	3033
-2869	3029
-2863	3021
-2863	3017
-2867	3014
-2868	3010
-2869	3006
-2868	3001
-2867	2996
-2865	2991
-2861	2984
-2860	2980
-2859	2975
-2857	2969
-2859	2966
-2859	2962
-2859	2957
-2859	2953
-2859	2948
-2857	2943
-2856	2938
-2857	2934
-2861	2931
-2860	2927
-2858	2921
-2854	2915
-2855	2912
-2855	2907
-2854	2902
-2851	2897
-2848	2891
-2850	2887
-2852	2884
-2851	2879
-2851	2875
-2849	2870
-2849	2865
-2851	2862
-2851	2858
-2850	2853
-2847	2847
-2847	2843
-2847	2839
-2848	2835
-2847	2831
-2841	2824
-2842	2820
-2843	2816
-2843	2812
-2842	2807
-2840	2802
-2845	2800
-2842	2794
-2843	2791
-2844	2787
-2844	2783
-2845	2779
-2845	2775
-2845	2770
-2841	2765
-2837	2759
-2833	2753
-2833	2749
-2833	2745
-2832	2740
-2829	2735
-2829	2731
-2830	2727
-2826	2721
-2826	2718
-2823	2712
-2824	2709
-2824	2704
-2825	2701
-2824	2696
-2819	2690
-2821	2687
-2820	2682
-2819	2678
-2823	2676
-2820	2670
-2818	2665
-2816	2661
-2816	2657
-2817	2653
-2816	2649
-2816	2645
-2816	2640
-2814	2636
-2813	2631
-2810	2626
-2807	2621
-2807	2617
-2809	2614
-2807	2609
-2807	2605
-2807	2601
-2808	2598
-2809	2594
-2807	2589
-2805	2585
-2802	2580
-2804	2576
-2805	2573
-2802	2568
-2800	2563
-2802	2560
-2800	2555
-2797	2550
-2800	2547
-2801	2544
-2802	2540
-2801	2536
-2801	2532
-2801	2528
-2801	2524
-2789	2517
-2789	2513
-2790	2509
-2791	2506
-2789	2501
-2789	2497
-2788	2493
-2784	2488
-2782	2483
-2782	2480
-2783	2476
-2785	2473
-2785	2469
-2785	2465
-2785	2461
-2783	2457
-2782	2453
-2781	2448
-2780	2444
-2778	2440
-2775	2435
-2772	2431
-2770	2426
-2768	2422
-2768	2418
-2769	2415
-2768	2411
-2767	2407
-2764	2402
-2762	2398
-2759	2393
-2759	2389
-2759	2386
-2758	2382
-2757	2378
-2757	2374
-2757	2370
-2757	2366
-2758	2363
-2758	2359
-2757	2355
-2757	2351
-2757	2347
-2755	2343
-2754	2339
-2752	2335
-2753	2332
-2753	2328
-2754	2324
-2753	2320
-2753	2317
-2751	2313
-2749	2308
-2748	2305
-2748	2301
-2749	2297
-2748	2293
-2749	2290
-2748	2286
-2748	2282
-2747	2278
-2746	2274
-2746	2271
-2743	2267
-2741	2262
-2741	2259
-2742	2255
-2742	2252
-2743	2248
-2744	2245
-2744	2241
-2742	2237
-2742	2233
-2742	2230
-2742	2226
-2741	2222
-2741	2219
-2741	2215
-2741	2211
-2741	2208
-2741	2204
-2740	2200
-2739	2196
-2739	2193
-2739	2189
-2739	2185
-2741	2182
-2739	2178
-2737	2174
-2739	2171
-2739	2167
-2738	2164
-2738	2160
-2737	2156
-2736	2152
-2737	2149
-2736	2145
-2735	2141
-2735	2138
-2735	2134
-2736	2131
-2735	2127
-2736	2124
-2737	2120
-2736	2116
-2733	2112
-2732	2109
-2732	2105
-2731	2101
-2733	2098
-2734	2095
-2731	2091
-2731	2087
-2730	2083
-2729	2079
-2727	2076
-2727	2072
-2728	2069
-2728	2065
-2726	2061
-2726	2058
-2727	2054
-2727	2051
-2726	2047
-2726	2044
-2725	2040
-2725	2036
-2724	2033
-2724	2029
-2723	2025
-2722	2022
-2722	2018
-2720	2015
-2721	2011
-2720	2007
-2718	2004
-2717	2000
-2716	1996
-2715	1993
-2714	1989
-2715	1986
-2715	1982
-2714	1979
-2713	1975
-2714	1972
-2715	1968
-2713	1964
-2712	1961
-2713	1957
-2712	1954
-2706	1950
-2706	1946
-2706	1943
-2705	1939
-2705	1936
-2704	1932
-2703	1929
-2705	1925
-2705	1922
-2703	1918
-2705	1915
-2704	1911
-2702	1908
-2701	1904
-2701	1900
-2700	1897
-2698	1893
-2697	1890
-2697	1886
-2697	1883
-2698	1879
-2697	1876
-2696	1872
-2694	1869
-2693	1865
-2692	1862
-2691	1858
-2692	1855
-2691	1851
-2691	1848
-2691	1844
-2690	1841
-2689	1837
-2688	1834
-2689	1830
-2687	1827
-2686	1823
-2686	1820
-2685	1816
-2685	1813
-2684	1810
-2684	1806
-2681	1803
-2681	1799
-2681	1796
-2681	1792
-2681	1789
-2681	1785
-2679	1782
-2677	1778
-2677	1775
-2677	1772
-2677	1768
-2677	1765
-2676	1761
-2672	1758
-2670	1754
-2670	1751
-2669	1747
-2668	1744
-2661	1740
-2654	1737
-2655	1733
-2655	1730
-2654	1727
-2654	1723
-2656	1720
-2656	1716
-2656	1713
-2657	1710
-2657	1706
-2658	1703
-2657	1700
-2656	1696
-2655	1693
-2654	1689
-2650	1686
-2649	1683
-2649	1679
-2650	1676
-2649	1672
-2649	1669
-2649	1666
-2648	1662
-2645	1659
-2643	1656
-2644	1652
-2645	1649
-2645	1645
-2644	1642
-2643	1639
-2640	1635
-2639	1632
-2639	1629
-2639	1625
-2638	1622
-2637	1619
-2638	1615
-2638	1612
-2636	1608
-2635	1605
-2635	1602
-2634	1598
-2632	1595
-2632	1592
-2631	1588
-2632	1585
-2631	1582
-2630	1578
-2629	1575
-2629	1572
-2628	1568
-2627	1565
-2626	1562
-2624	1558
-2624	1555
-2624	1552
-2622	1549
-2621	1545
-2622	1542
-2623	1538
-2621	1535
-2620	1532
-2617	1529
-2617	1525
-2617	1522
-2617	1519
-2618	1515
-2616	1512
-2613	1509
-2612	1505
-2609	1502
-2610	1499
-2611	1496
-2611	1492
-2610	1489
-2606	1486
-2605	1483
-2607	1479
-2606	1476
-2605	1473
-2600	1470
-2599	1466
-2599	1463
-2600	1460
-2600	1456
-2599	1453
-2598	1450
-2597	1446
-2595	1443
-2593	1440
-2592	1437
-2593	1433
-2592	1430
-2589	1427
-2588	1424
-2588	1421
-2587	1417
-2586	1414
-2585	1411
-2584	1408
-2584	1404
-2584	1401
-2583	1398
-2583	1394
-2581	1391
-2580	1388
-2580	1385
-2577	1382
-2576	1379
-2578	1375
-2577	1372
-2575	1369
-2573	1366
-2573	1362
-2571	1359
-2570	1356
-2570	1353
-2569	1349
-2571	1346
-2569	1343
-2567	1340
-2565	1337
-2565	1333
-2564	1330
-2564	1327
-2564	1323
-2562	1320
-2562	1317
-2561	1314
-2561	1311
-2560	1307
-2561	1304
-2558	1301
-2557	1298
-2556	1295
-2557	1291
-2554	1288
-2555	1285
-2553	1282
-2552	1279
-2550	1275
-2548	1272
-2547	1269
-2546	1266
-2547	1263
-2546	1259
-2546	1256
-2545	1253
-2544	1250
-2541	1247
-2539	1244
-2538	1241
-2539	1237
-2539	1234
-2537	1231
-2537	1228
-2536	1224
-2534	1221
-2532	1218
-2530	1215
-2531	1212
-2532	1208
-2529	1206
-2529	1202
-2528	1199
-2526	1196
-2526	1193
-2526	1189
-2525	1186
-2526	1183
-2526	1179
-2525	1176
-2524	1173
-2522	1170
-2521	1167
-2520	1164
-2520	1160
-2520	1157
-2520	1154
-2518	1151
-2517	1148
-2515	1145
-2515	1141
-2513	1138
-2513	1135
-2512	1132
-2511	1129
-2511	1125
-2511	1122
-2510	1119
-2507	1116
-2506	1113
-2506	1110
-2504	1107
-2504	1103
-2502	1100
-2499	1098
-2497	1095
-2496	1092
-2494	1089
-2494	1086
-2493	1083
-2492	1079
-2491	1076
-2490	1073
-2490	1070
-2489	1067
-2488	1063
-2488	1060
-2488	1057
-2488	1053
-2486	1051
-2485	1047
-2484	1044
-2482	1041
-2481	1038
-2482	1035
-2481	1032
-2480	1028
-2478	1025
-2476	1023
-2476	1019
-2474	1016
-2474	1013
-2472	1010
-2471	1007
-2470	1004
-2469	1001
-2468	998
-2468	994
-2467	991
-2466	988
-2464	985
-2464	982
-2462	979
-2461	976
-2460	973
-2460	969
-2459	966
-2458	963
-2458	960
-2456	957
-2455	954
-2451	951
-2450	948
-2449	945
-2449	942
-2448	939
-2448	935
-2447	932
-2447	929
-2445	926
-2442	923
-2441	921
-2440	917
-2440	914
-2438	911
-2436	908
-2435	905
-2434	902
-2432	899
-2431	896
-2431	893
-2431	889
-2430	886
-2428	883
-2427	880
-2426	877
-2426	874
-2425	871
-2423	868
-2422	865
-2421	862
-2420	859
-2420	855
-2418	852
-2418	849
-2417	846
-2415	843
-2414	840
-2415	836
-2413	833
-2409	831
-2408	828
-2408	825
-2408	821
-2408	818
-2404	816
-2404	812
-2403	809
-2403	806
-2401	803
-2399	800
-2397	797
-2396	794
-2396	791
-2395	788
-2394	784
-2394	781
-2394	777
-2392	775
-2389	772
-2387	770
-2386	766
-2384	764
-2381	761
-2382	758
-2382	754
-2382	750
-2380	748
-2379	745
-2377	742
-2376	739
-2377	735
-2377	731
-2375	728
-2374	725
-2373	722
-2371	719
-2368	717
-2366	714
-2366	711
-2365	708
-2364	705
-2364	701
-2361	699
-2358	696
-2357	693
-2357	690
-2355	687
-2353	684
-2351	682
-2351	678
-2352	674
-2351	671
-2349	668
-2349	665
-2349	661
-2349	658
-2348	655
-2347	651
-2346	648
-2345	645
-2344	642
-2344	638
-2342	635
-2341	633
-2337	631
-2335	628
-2335	624
-2334	621
-2335	617
-2333	614
-2332	611
-2330	609
-2329	605
-2328	602
-2327	599
-2326	596
-2324	593
-2323	590
-2322	587
-2320	584
-2319	581
-2319	577
-2318	574
-2315	572
-2315	569
-2314	565
-2314	562
-2313	558
-2311	555
-2310	552
-2308	550
-2308	546
-2305	544
-2304	541
-2304	537
-2303	534
-2301	531
-2302	527
-2303	523
-2301	520
-2299	517
-2297	515
-2296	512
-2294	509
-2293	505
-2293	502
-2293	498
-2292	495
-2292	491
-2288	489
-2285	487
-2283	485
-2282	482
-2282	478
-2283	473
-2282	470
-2279	468
-2277	465
-2277	462
-2276	458
-2274	455
-2273	453
-2271	450
-2270	447
-2268	444
-2267	441
-2266	438
-2264	435
-2264	431
-2263	428
-2261	425
-2259	422
-2257	419
-2256	417
-2255	413
-2254	410
-2252	407
-2252	404
-2252	400
-2251	396
-2248	394
-2247	391
-2246	388
-2245	384
-2243	382
-2243	378
-2242	374
-2241	371
-2239	369
-2238	365
-2236	362
-2237	358
-2235	355
-2233	353
-2230	350
-2229	347
-2228	344
-2227	341
-2226	338
-2226	334
-2222	332
-2220	329
-2220	326
-2219	322
-2219	318
-2218	315
-2217	311
-2217	307
-2216	305
-2214	302
-2212	299
-2213	294
-2213	290
-2210	288
-2209	285
-2206	283
-2205	279
-2204	276
-2202	273
-2200	271
-2197	269
-2195	266
-2196	261
-2198	256
-2197	252
-2195	250
-2193	247
-2192	244
-2191	240
-2191	236
-2188	234
-2185	232
-2183	230
-2181	227
-2180	224
-2176	222
-2172	220
-2167	220
-2164	218
-2160	217
-2155	216
-2149	216
-2146	214
-2142	213
-2137	212
-2131	212
-2127	211
-2124	209
-2122	207
-2121	203
-2119	201
-2115	200
-2112	198
-2112	194
-2113	189
-2112	185
-2110	183
-2109	179
-2107	177
-2107	173
-2105	170
-2104	166
-2104	163
-2103	159
-2102	155
-2101	152
-2101	148
-2099	145
-2098	142
-2095	140
-2095	136
-2094	133
-2093	129
-2093	125
-2092	121
-2091	118
-2088	116
-2086	113
-2086	109
-2085	105
-2084	102
-2082	99
-2080	96
-2079	93
-2079	89
-2077	86
-2076	82
-2074	80
-2073	77
-2072	73
-2071	69
-2069	67
-2066	64
-2066	60
-2066	56
-2065	52
-2062	50
-2059	49
-2058	45
-2057	41
-2056	38
-2056	34
-2054	31
-2051	28
-2051	25
-2051	20
-2050	16
-2048	14
-2047	10
-2045	7
-2042	5
-2042	1
-2041	-3
-2039	-6
-2039	-10
-2039	-14
-2037	-17
-2035	-20
-2034	-23
-2032	-27
-2031	-30
-2031	-34
-2028	-37
-2027	-40
-2026	-44
-2025	-48
-2025	-52
-2023	-55
-2021	-58
-2018	-60
-2016	-63
-2015	-67
-2015	-71
-2014	-74
-2012	-78
-2011	-81
-2010	-85
-2009	-89
-2007	-91
-2006	-95
-2004	-98
-2003	-102
-2000	-104
-1998	-107
-1998	-111
-1997	-115
-1995	-118
-1992	-120
-1993	-125
-1990	-128
-1989	-132
-1988	-135
-1986	-138
-1981	-139
-1977	-139
-1971	-138
-1967	-139
-1964	-141
-1959	-142
-1956	-143
-1952	-144
-1946	-143
-1934	-136
-1931	-138
-1927	-139
-1923	-139
-1919	-140
-1915	-141
-1910	-141
-1905	-141
-1900	-141
-1895	-140
-1892	-142
-1887	-142
-1882	-142
-1877	-142
-1874	-143
-1871	-145
-1865	-144
-1860	-144
-1857	-145
-1855	-148
-1852	-150
-1852	-155
-1854	-161
-1854	-166
-1853	-170
-1849	-171
-1845	-171
-1840	-171
-1834	-170
-1827	-167
-1814	-159
-1808	-157
-1803	-157
-1801	-159
-1798	-161
-1796	-164
-1792	-164
-1784	-161
-1779	-160
-1773	-158
-1763	-152
-1756	-149
-1749	-147
-1733	-134
-1730	-135
-1727	-137
-1724	-139
-1724	-144
-1723	-147
-1720	-149
-1715	-148
-1705	-142
-1696	-137
-1691	-136
-1688	-137
-1687	-140
-1684	-142
-1680	-142
-1675	-142
-1672	-144
-1670	-146
-1664	-144
-1661	-145
-1658	-146
-1654	-146
-1651	-149
-1650	-151
-1648	-154
-1646	-157
-1643	-158
-1637	-156
-1631	-154
-1627	-155
-1624	-155
-1621	-156
-1617	-157
-1613	-157
-1602	-150
-1596	-147
-1592	-147
-1587	-146
-1583	-145
-1579	-146
-1576	-147
-1574	-149
-1570	-149
-1567	-150
-1564	-152
-1561	-154
-1559	-156
-1558	-159
-1543	-146
-1534	-140
-1529	-138
-1526	-140
-1524	-142
-1522	-144
-1516	-141
-1512	-142
-1511	-144
-1508	-146
-1501	-143
-1497	-142
-1494	-143
-1492	-146
-1484	-141
-1478	-138
-1477	-140
-1477	-146
-1472	-145
-1469	-145
-1465	-145
-1462	-147
-1459	-147
-1455	-147
-1451	-146
-1443	-141
-1437	-138
-1434	-139
-1431	-140
-1420	-131
-1414	-128
-1413	-131
-1412	-134
-1411	-138
-1410	-142
-1406	-141
-1399	-137
-1393	-134
-1389	-133
-1384	-131
-1381	-132
-1378	-133
-1374	-132
-1371	-133
-1367	-133
-1363	-133
-1360	-133
-1358	-135
-1356	-138
-1354	-139
-1351	-141
-1350	-144
-1348	-146
-1346	-149
-1343	-150
-1341	-152
-1340	-155
-1339	-159
-1338	-164
-1335	-164
-1331	-164
-1317	-148
-1313	-148
-1312	-150
-1310	-154
-1308	-155
-1306	-157
-1303	-158
-1299	-158
-1296	-158
-1292	-158
-1290	-159
-1288	-162
-1285	-162
-1282	-163
-1277	-161
-1274	-162
-1276	-170
-1277	-177
-1268	-168
-1263	-166
-1259	-165
-1255	-165
-1252	-166
-1249	-165
-1245	-165
-1242	-165
-1238	-164
-1230	-156
-1223	-152
-1219	-151
-1215	-149
-1212	-150
-1209	-151
-1208	-154
-1208	-159
-1208	-164
-1206	-167
-1203	-168
-1200	-169
-1197	-168
-1192	-167
-1190	-168
-1188	-170
-1186	-173
-1183	-173
-1180	-174
-1178	-175
-1176	-178
-1173	-178
-1169	-177
-1166	-179
-1163	-178
-1159	-178
-1157	-179
-1153	-178
-1150	-179
-1145	-175
-1141	-174
-1138	-174
-1134	-174
-1128	-169
-1125	-168
-1122	-170
-1116	-165
-1113	-165
-1110	-165
-1107	-166
-1106	-170
-1106	-174
-1103	-175
-1100	-175
-1097	-176
-1092	-174
-1089	-172
-1085	-172
-1081	-171
-1075	-166
-1072	-165
-1068	-164
-1064	-163
-1061	-161
-1058	-162
-1055	-163
-1052	-163
-1049	-164
-1047	-166
-1046	-169
-1045	-172
-1044	-177
-1042	-179
-1039	-179
-1034	-177
-1032	-178
-1029	-178
-1027	-179
-1022	-177
-1018	-176
-1016	-177
-1013	-176
-1007	-172
-1004	-171
-1004	-177
-1000	-176
-997	-175
-993	-173
-989	-172
-984	-168
-980	-165
-974	-160
-969	-155
-963	-150
-956	-141
-950	-136
-947	-135
-945	-136
-942	-138
-940	-138
-937	-139
-936	-143
-935	-148
-935	-152
-934	-158
-931	-157
-928	-158
-925	-158
-923	-158
-920	-159
-918	-160
-912	-155
-905	-144
-901	-142
-897	-141
-895	-142
-893	-143
-891	-146
-891	-152
-890	-157
-888	-159
-885	-159
-881	-155
-876	-152
-872	-148
-868	-146
-865	-145
-862	-145
-859	-146
-857	-146
-853	-145
-850	-144
-778	-0
-775	-0
-773	-0
-770	-1
-767	-0
-765	-0
-763	-1
-760	-0
-757	1
-754	2
-751	2
-749	2
-746	2
-743	2
-741	1
-739	-0
-736	-0
-734	0
-732	-2
-732	-8
-732	-16
-730	-17
-726	-13
-722	-8
-719	-7
-719	-13
-718	-19
-717	-23
-745	-132
-744	-136
-743	-140
-741	-142
-739	-144
-737	-146
-734	-146
-732	-146
-729	-147
-727	-148
-725	-150
-722	-150
-720	-151
-717	-152
-715	-153
-713	-154
-710	-155
-708	-157
-705	-157
-703	-157
-700	-156
-695	-151
-691	-146
-688	-144
-685	-145
-683	-145
-680	-146
-679	-149
-677	-153
-677	-159
-674	-158
-671	-158
-668	-159
-665	-158
-662	-156
-660	-156
-657	-156
-654	-154
-650	-152
-647	-151
-645	-151
-642	-151
-640	-152
-637	-153
-635	-154
-633	-154
-630	-153
-625	-147
-620	-139
-617	-136
-614	-137
-612	-138
-609	-137
-606	-137
-604	-139
-603	-142
-602	-148
-603	-160
-604	-173
-603	-179
-600	-180
-597	-176
-592	-168
-587	-159
-582	-151
-577	-142
-573	-137
-570	-136
-568	-139
-567	-142
-565	-147
-564	-151
-562	-156
-561	-159
-558	-160
-557	-164
-555	-167
-554	-173
-553	-178
-551	-180
-548	-181
-546	-183
-544	-186
-542	-186
-539	-186
-537	-186
-534	-187
-532	-188
-529	-187
-526	-187
-524	-187
-521	-187
-519	-187
-516	-186
-513	-186
-511	-186
-508	-185
-505	-186
-503	-185
-500	-186
-498	-187
-495	-186
-492	-186
-490	-186
-488	-187
-485	-187
-482	-186
-480	-187
-477	-187
-475	-188
-472	-186
-469	-185
-466	-184
-464	-186
-462	-185
-459	-185
-457	-187
-454	-187
-452	-187
-449	-185
-446	-187
-444	-187
-441	-186
-438	-185
-436	-186
-434	-186
-431	-187
-429	-186
-426	-187
-423	-186
-421	-186
-418	-186
-416	-186
-413	-186
-411	-185
-408	-185
-406	-185
-403	-186
-401	-186
-398	-186
-395	-185
-393	-186
-390	-186
-388	-185
-385	-186
-383	-186
-381	-187
-378	-186
-375	-187
-373	-187
-370	-186
-368	-186
-365	-186
-363	-187
-361	-188
-358	-186
-355	-187
-353	-186
-350	-186
-348	-186
-345	-186
-343	-187
-340	-186
-338	-187
-335	-187
-333	-186
-330	-185
-328	-185
-325	-184
-323	-185
-320	-187
-318	-186
-315	-186
-313	-186
-310	-185
-308	-185
-305	-187
-303	-186
-300	-185
-298	-186
-295	-185
-293	-184
-290	-185
-288	-185
-285	-186
-283	-186
-280	-185
-278	-185
-275	-185
-273	-185
-270	-186
-268	-186
-265	-185
-263	-186
-261	-186
-258	-186
-256	-185
-253	-186
-251	-187
-248	-186
-246	-186
-243	-186
-241	-186
-238	-186
-236	-186
-233	-187
-231	-187
-228	-187
-226	-188
-224	-187
-221	-188
-219	-188
-216	-187
-214	-186
-211	-187
-209	-187
-206	-188
-204	-188
-201	-187
-199	-186
-196	-187
-194	-187
-191	-187
-189	-186
-187	-186
-184	-186
-182	-188
-179	-188
-177	-188
-174	-187
-172	-187
-169	-187
-167	-187
-164	-188
-162	-187
-159	-187
-157	-187
-155	-187
-152	-187
-150	-187
-147	-186
-145	-187
-142	-187
-140	-187
-137	-187
-135	-186
-132	-186
-130	-186
-128	-187
-125	-186
-123	-185
-120	-186
-118	-188
-115	-188
-113	-187
-110	-187
-108	-186
-105	-186
-103	-187
-101	-187
-98	-187
-96	-186
-93	-186
-91	-187
-88	-188
-86	-187
-83	-187
-81	-186
-79	-186
-74	-188
-71	-187
-69	-186
-66	-186
-64	-185
-61	-185
-59	-185
-56	-186
-54	-187
-52	-187
-49	-188
-47	-188
-44	-187
-42	-186
-39	-186
-37	-185
-34	-186
-32	-187
-29	-187
-27	-187
-25	-187
-22	-187
-20	-188
-17	-188
-15	-188
-12	-187
-10	-187
-7	-185
-5	-185
-3	-186
-0	-186
2	-186
5	-185
7	-186
10	-186
12	-187
15	-187
17	-187
20	-186
22	-186
24	-186
27	-186
29	-186
32	-187
34	-187
37	-188
39	-187
42	-185
44	-184
47	-185
49	-186
51	-186
54	-187
56	-186
59	-186
61	-186
64	-186
66	-187
69	-187
71	-186
74	-187
76	-186
79	-187
81	-187
84	-187
86	-186
89	-187
91	-187
93	-187
96	-188
98	-187
101	-188
103	-188
106	-188
108	-187
111	-187
113	-187
116	-187
118	-188
121	-187
123	-188
126	-188
128	-189
131	-188
133	-187
136	-188
138	-186
140	-186
143	-186
145	-187
148	-185
150	-186
153	-188
156	-189
158	-186
160	-185
163	-186
165	-185
168	-186
170	-187
173	-186
175	-186
178	-187
180	-186
182	-185
185	-187
188	-187
190	-185
193	-187
195	-187
198	-187
200	-187
203	-186
205	-186
208	-186
210	-187
213	-187
215	-188
218	-186
220	-185
223	-186
225	-186
228	-186
230	-186
233	-186
235	-187
238	-186
240	-186
243	-185
245	-186
248	-186
250	-186
253	-187
255	-185
258	-186
260	-185
263	-186
265	-186
268	-185
270	-185
273	-184
275	-185
278	-184
280	-184
283	-184
286	-186
288	-187
291	-186
293	-186
296	-185
298	-186
301	-185
303	-186
306	-186
308	-186
311	-186
314	-186
316	-186
319	-186
321	-185
324	-186
326	-185
329	-186
331	-186
334	-186
336	-185
339	-184
341	-184
344	-184
346	-184
349	-185
352	-187
355	-186
357	-186
359	-184
362	-185
365	-186
368	-186
370	-186
373	-186
375	-187
378	-186
380	-185
383	-186
386	-186
388	-187
391	-186
393	-185
396	-186
398	-185
401	-185
403	-185
406	-184
409	-185
411	-184
414	-185
417	-186
419	-185
422	-184
424	-185
427	-184
429	-184
432	-185
435	-184
437	-183
440	-184
442	-184
445	-184
448	-185
450	-184
453	-185
456	-185
458	-185
461	-184
463	-183
466	-183
469	-184
471	-184
474	-184
477	-184
479	-184
482	-184
485	-185
487	-184
490	-184
493	-184
495	-185
498	-184
501	-184
503	-184
506	-184
509	-185
512	-186
514	-184
517	-184
520	-184
522	-185
525	-185
528	-184
530	-183
532	-182
535	-182
538	-183
541	-184
544	-186
547	-187
550	-185
551	-182
553	-179
556	-179
558	-179
561	-179
564	-179
566	-178
569	-178
572	-178
574	-178
577	-179
580	-179
583	-179
586	-180
588	-179
591	-178
592	-174
593	-170
595	-168
597	-166
599	-164
601	-162
604	-161
607	-161
604	-147
606	-145
608	-144
611	-144
614	-145
625	-166
627	-164
628	-159
629	-154
631	-153
633	-152
636	-152
638	-150
640	-148
642	-145
644	-144
646	-142
649	-142
652	-144
655	-144
658	-145
661	-146
665	-149
669	-152
672	-152
677	-157
682	-163
685	-163
686	-160
688	-158
691	-157
694	-157
696	-157
699	-157
702	-157
704	-156
707	-155
710	-154
712	-153
714	-152
717	-151
719	-150
721	-148
724	-148
727	-148
729	-146
731	-145
734	-145
736	-144
739	-143
741	-142
744	-141
746	-139
746	-134
747	-129
748	-125
749	-121
749	-114
749	-108
719	-19
720	-15
721	-12
722	-7
723	-4
725	-2
727	-1
729	-0
732	0
735	0
737	0
740	1
742	2
746	-0
749	-2
751	0
754	-1
758	-2
761	-3
763	-3
771	-2
773	-1
777	-2
779	-2
782	-1
848	-109
850	-108
852	-107
855	-106
858	-105
861	-106
864	-106
867	-106
870	-106
873	-106
876	-107
880	-108
886	-114
922	-177
926	-179
919	-160
924	-162
926	-161
929	-160
932	-160
936	-162
943	-170
950	-176
954	-177
957	-176
959	-176
963	-177
967	-178
971	-179
974	-178
977	-179
981	-181
985	-182
988	-181
991	-181
994	-180
997	-180
1000	-180
1003	-180
1006	-179
1010	-180
1013	-179
1015	-178
1018	-177
1020	-175
1022	-172
1024	-170
1028	-171
1032	-172
1034	-170
1034	-165
1035	-162
1038	-162
1042	-162
1045	-162
1049	-162
1052	-162
1055	-161
1058	-161
1064	-165
1068	-166
1071	-166
1076	-168
1079	-168
1083	-170
1088	-172
1087	-166
1088	-162
1089	-158
1089	-153
1089	-147
1089	-141
1089	-136
1089	-131
1091	-128
1092	-125
1095	-124
1100	-128
1104	-128
1108	-129
1111	-129
1116	-131
1121	-134
1126	-136
1133	-141
1140	-147
1146	-152
1153	-157
1160	-162
1164	-162
1164	-157
1162	-149
1164	-146
1165	-144
1168	-142
1172	-143
1180	-150
1190	-159
1193	-159
1197	-160
1203	-163
1210	-168
1215	-170
1219	-171
1224	-172
1228	-174
1232	-174
1239	-179
1242	-178
1247	-179
1252	-181
1256	-182
1258	-180
1259	-176
1262	-174
1264	-172
1265	-169
1268	-168
1276	-174
1284	-180
1289	-181
1293	-182
1300	-186
1299	-181
1301	-178
1304	-177
1308	-177
1312	-177
1315	-176
1318	-175
1320	-173
1321	-169
1324	-168
1329	-170
1332	-169
1334	-166
1336	-163
1338	-162
1342	-161
1346	-162
1350	-162
1353	-161
1356	-160
1359	-159
1362	-157
1362	-152
1363	-149
1365	-146
1367	-144
1368	-141
1370	-138
1373	-137
1383	-145
1393	-153
1396	-152
1399	-150
1402	-149
1404	-146
1404	-141
1406	-139
1410	-139
1413	-138
1419	-140
1427	-145
1433	-148
1439	-150
1444	-151
1459	-165
1445	-143
1451	-145
1457	-148
1459	-145
1461	-143
1464	-142
1468	-141
1471	-140
1474	-139
1478	-138
1484	-142
1493	-147
1498	-148
1501	-146
1504	-146
1517	-156
1522	-157
1523	-153
1523	-148
1525	-145
1529	-145
1525	-136
1523	-128
1525	-126
1528	-125
1533	-125
1538	-126
1540	-124
1543	-123
1558	-135
1566	-139
1569	-138
1572	-136
1575	-134
1580	-135
1582	-133
1590	-137
1590	-132
1590	-127
1593	-125
1596	-124
1599	-123
1603	-122
1605	-119
1607	-117
1610	-116
1617	-118
1626	-123
1628	-121
1633	-121
1636	-119
1637	-116
1639	-113
1641	-111
1642	-108
1643	-104
1645	-101
1646	-98
1651	-98
1659	-101
1666	-104
1674	-108
1683	-113
1687	-112
1690	-110
1694	-109
1697	-108
1699	-105
1704	-106
1714	-111
1722	-115
1725	-113
1731	-114
1737	-115
1744	-117
1742	-111
1744	-108
1746	-105
1749	-104
1752	-102
1755	-100
1757	-98
1760	-96
1768	-99
1782	-108
1793	-114
1809	-124
1812	-122
1812	-118
1812	-113
1813	-110
1815	-106
1815	-103
1819	-101
1828	-105
1830	-102
1829	-97
1832	-94
1835	-93
1842	-95
1847	-95
1858	-100
1868	-105
1874	-106
1879	-105
1882	-104
1883	-100
1885	-97
1889	-97
1897	-99
1902	-99
1905	-97
1909	-96
1913	-94
1918	-94
1920	-91
1924	-91
1931	-92
1940	-95
1948	-97
1957	-101
1959	-98
1961	-95
1964	-93
1972	-95
1976	-94
1978	-91
1981	-89
1983	-86
1986	-84
1991	-83
1995	-83
1998	-80
2001	-78
2008	-79
2014	-80
2024	-83
2030	-84
2033	-82
2036	-80
2040	-78
2042	-75
2047	-74
2054	-76
2066	-81
2067	-78
2067	-73
2067	-68
2067	-63
2068	-59
2069	-55
2073	-54
2080	-55
2088	-57
2094	-57
2103	-60
2107	-58
2110	-56
2115	-55
2121	-56
2127	-55
2134	-57
2146	-61
2158	-66
2165	-67
2166	-63
2167	-59
2172	-58
2182	-61
2194	-66
2202	-68
2205	-65
2205	-60
2206	-56
2208	-53
2211	-51
2214	-48
2252	-72
2256	-70
2258	-67
2260	-64
2261	-60
2261	-55
2271	-58
2271	-53
2272	-50
2277	-48
2293	-55
2299	-55
2315	-62
2321	-61
2324	-59
2326	-56
2311	-40
2327	-47
2332	-46
2337	-44
2340	-42
2342	-39
2344	-36
2345	-31
2345	-26
2345	-21
2345	-17
2347	-13
2348	-10
2349	-5
2348	-0
2348	4
2351	7
2355	9
2355	14
2355	18
2357	21
2359	25
2358	31
2359	34
2359	39
2360	43
2361	47
2360	52
2362	56
2362	60
2364	63
2366	66
2368	70
2366	75
2365	81
2365	86
2365	90
2367	93
2369	96
2370	100
2372	104
2372	108
2373	112
2376	114
2377	118
2380	121
2377	127
2380	130
2380	135
2383	137
2383	142
2382	147
2382	151
2383	155
2385	158
2385	163
2387	166
2388	170
2389	174
2388	178
2389	182
2390	186
2392	189
2395	192
2397	195
2395	201
2392	207
2394	210
2398	212
2401	215
2403	218
2404	222
2403	227
2403	231
2404	235
2405	239
2405	243
2407	246
2408	249
2410	253
2411	256
2412	260
2412	264
2413	269
2415	271
2415	276
2418	278
2419	282
2420	286
2419	291
2417	296
2420	299
2423	301
2426	304
2427	308
2428	312
2431	314
2431	318
2435	320
2439	322
2445	323
2447	326
2446	331
2446	335
2446	340
2445	344
2447	348
2448	351
2447	356
2446	361
2444	366
2444	370
2444	374
2443	379
2442	384
2444	387
2444	391
2445	395
2446	399
2445	403
2444	407
2446	411
2450	413
2454	415
2456	418
2455	423
2454	427
2456	430
2455	435
2456	439
2458	442
2461	445
2464	447
2462	452
2460	457
2463	460
2463	464
2465	467
2467	470
2466	475
2465	479
2467	482
2465	487
2465	491
2471	493
2474	495
2475	499
2473	504
2471	509
2473	512
2475	515
2477	518
2478	522
2480	525
2482	528
2482	532
2481	536
2479	541
2480	545
2482	548
2482	552
2484	555
2486	558
2489	561
2490	564
2488	569
2487	573
2490	576
2490	580
2492	584
2493	587
2495	590
2495	594
2495	598
2494	602
2494	606
2495	610
2495	614
2495	618
2496	621
2495	625
2498	628
2499	632
2500	635
2501	639
2503	642
2504	646
2503	650
2504	653
2503	657
2503	662
2505	665
2506	668
2507	672
2507	675
2507	679
2510	682
2512	685
2511	689
2511	693
2512	697
2512	700
2511	705
2513	708
2514	711
2516	715
2517	718
2518	721
2517	726
2518	729
2519	733
2520	736
2521	740
2522	743
2522	747
2521	751
2522	755
2524	758
2525	761
2525	765
2527	768
2527	772
2529	775
2528	779
2530	782
2532	785
2532	789
2534	792
2535	796
2535	799
2536	803
2536	807
2536	811
2537	814
2538	817
2538	821
2540	824
2538	829
2539	832
2541	835
2542	839
2542	842
2542	846
2543	850
2544	853
2545	857
2547	860
2547	864
2548	867
2549	870
2550	874
2551	877
2551	881
2553	884
2554	887
2554	891
2556	894
2557	898
2557	902
2556	906
2557	909
2558	913
2558	916
2558	920
2559	924
2560	927
2562	930
2565	933
2565	937
2564	941
2564	944
2566	948
2567	951
2568	954
2569	958
2570	961
2571	965
2570	969
2570	972
2571	976
2572	979
2572	983
2572	987
2572	990
2573	994
2573	997
2574	1001
2576	1004
2577	1008
2578	1011
2576	1015
2576	1019
2576	1022
2578	1026
2578	1029
2579	1033
2580	1036
2580	1040
2581	1043
2582	1047
2582	1050
2583	1054
2585	1057
2586	1060
2585	1064
2586	1068
2587	1071
2588	1074
2588	1078
2589	1081
2589	1085
2589	1089
2591	1092
2591	1096
2591	1099
2592	1103
2594	1106
2596	1109
2596	1113
2597	1116
2598	1120
2598	1123
2597	1127
2598	1131
2598	1134
2600	1138
2601	1141
2601	1145
2602	1148
2602	1151
2603	1155
2603	1159
2602	1163
2604	1166
2605	1169
2607	1172
2606	1176
2606	1180
2608	1183
2609	1186
2610	1190
2610	1193
2609	1197
2610	1201
2612	1204
2613	1207
2613	1211
2612	1215
2613	1218
2613	1222
2613	1225
2614	1229
2615	1232
2616	1236
2615	1239
2615	1243
2618	1246
2618	1250
2618	1254
2618	1257
2618	1261
2618	1264
2620	1268
2620	1271
2620	1275
2622	1278
2620	1282
2621	1285
2621	1289
2622	1292
2622	1296
2623	1300
2623	1303
2625	1306
2624	1310
2624	1314
2625	1317
2625	1321
2625	1324
2626	1328
2625	1331
2627	1335
2628	1338
2626	1342
2628	1345
2628	1349
2628	1353
2628	1356
2630	1359
2631	1363
2631	1367
2632	1370
2632	1373
2633	1377
2632	1381
2633	1384
2631	1388
2632	1391
2635	1395
2636	1398
2636	1402
2637	1405
2635	1409
2636	1412
2636	1416
2636	1420
2637	1423
2636	1427
2636	1430
2638	1434
2639	1437
2641	1440
2640	1444
2639	1448
2640	1451
2643	1455
2640	1458
2638	1462
2638	1466
2641	1469
2644	1472
2645	1476
2644	1479
2642	1483
2644	1487
2646	1490
2647	1494
2647	1497
2647	1501
2646	1504
2647	1508
2648	1511
2649	1515
2650	1518
2650	1522
2651	1525
2650	1529
2649	1533
2649	1536
2650	1540
2653	1543
2654	1547
2653	1550
2653	1554
2653	1557
2654	1561
2656	1564
2658	1568
2658	1571
2657	1575
2658	1578
2658	1582
2659	1586
2661	1589
2661	1593
2661	1596
2661	1600
2662	1603
2662	1607
2662	1610
2664	1614
2665	1618
2664	1621
2665	1625
2667	1628
2669	1632
2669	1635
2669	1639
2669	1642
2671	1646
2671	1650
2671	1653
2671	1657
2674	1660
