2485	1657
2486	1660
2486	1664
2486	1667
2486	1670
2486	1674
2486	1680
2487	1684
2488	1687
2487	1690
2486	1694
2486	1697
2488	1700
2488	1704
2488	1707
2489	1710
2490	1714
2491	1717
2492	1720
2491	1724
2491	1727
2492	1730
2492	1734
2493	1737
2493	1740
2494	1744
2495	1747
2493	1750
2493	1754
2494	1757
2494	1761
2493	1764
2493	1767
2495	1771
2495	1774
2496	1777
2497	1781
2497	1784
2497	1787
2496	1791
2496	1794
2497	1797
2498	1801
2498	1804
2498	1807
2498	1811
2498	1814
2496	1817
2495	1821
2496	1824
2498	1828
2497	1831
2497	1834
2498	1838
2498	1841
2497	1844
2494	1848
2494	1851
2496	1854
2500	1858
2498	1861
2498	1865
2498	1868
2498	1871
2497	1875
2498	1878
2497	1881
2498	1885
2498	1888
2499	1892
2500	1895
2501	1898
2501	1902
2501	1905
2501	1909
2502	1912
2501	1915
2501	1919
2500	1922
2500	1925
2500	1929
2501	1932
2502	1936
2503	1939
2503	1942
2502	1946
2503	1949
2505	1953
2504	1956
2505	1960
2506	1963
2506	1967
2505	1970
2504	1973
2504	1977
2504	1980
2505	1983
2506	1987
2506	1990
2507	1994
2507	1997
2506	2001
2507	2004
2506	2007
2507	2011
2508	2014
2508	2018
2508	2021
2508	2025
2509	2028
2509	2032
2509	2035
2509	2039
2510	2042
2509	2045
2509	2049
2510	2052
2510	2056
2510	2059
2510	2063
2510	2066
2510	2069
2511	2073
2510	2076
2510	2080
2511	2083
2511	2087
2511	2090
2511	2094
2512	2097
2512	2101
2512	2104
2511	2108
2510	2111
2509	2114
2508	2117
2510	2121
2511	2125
2512	2128
2511	2132
2511	2135
2511	2139
2512	2142
2512	2146
2510	2149
2509	2152
2510	2156
2511	2159
2511	2163
2510	2166
2510	2170
2510	2173
2511	2177
2511	2180
2516	2185
2515	2188
2514	2191
2513	2195
2512	2198
2513	2202
2514	2205
2513	2209
2512	2212
2514	2216
2513	2219
2513	2223
2513	2226
2514	2230
2514	2233
2513	2237
2514	2241
2516	2244
2514	2248
2512	2251
2512	2254
2514	2258
2515	2262
2515	2265
2515	2269
2516	2273
2516	2276
2516	2280
2516	2283
2515	2287
2514	2290
2515	2294
2517	2298
2518	2302
2518	2305
2516	2308
2517	2312
2518	2316
2517	2319
2516	2323
2515	2326
2515	2329
2517	2334
2518	2337
2519	2341
2521	2345
2520	2349
2520	2352
2520	2356
2520	2359
2520	2363
2521	2367
2520	2370
2520	2374
2518	2377
2516	2380
2516	2384
2516	2387
2516	2391
2520	2395
2519	2399
2518	2402
2519	2406
2519	2410
2518	2413
2518	2417
2519	2421
2519	2424
2519	2428
2518	2431
2518	2435
2519	2439
2518	2442
2517	2446
2518	2450
2520	2454
2522	2458
2522	2462
2522	2466
2523	2470
2523	2473
2521	2476
2522	2480
2523	2484
2523	2488
2522	2491
2523	2495
2523	2499
2523	2503
2524	2507
2523	2510
2524	2514
2524	2518
2522	2521
2523	2525
2522	2529
2520	2532
2516	2534
2516	2538
2519	2543
2522	2547
2522	2551
2522	2555
2522	2559
2524	2563
2523	2566
2522	2570
2523	2574
2524	2578
2521	2581
2521	2585
2521	2589
2521	2592
2522	2596
2523	2601
2524	2605
2524	2608
2523	2612
2524	2616
2524	2620
2524	2624
2523	2627
2523	2631
2523	2635
2522	2639
2523	2643
2523	2646
2522	2650
2522	2654
2522	2657
2521	2661
2521	2665
2524	2670
2522	2673
2522	2677
2522	2681
2524	2685
2524	2690
2525	2694
2524	2697
2521	2700
2522	2704
2523	2708
2521	2712
2521	2715
2522	2720
2522	2724
2521	2727
2522	2731
2524	2736
2524	2740
2522	2743
2522	2747
2523	2752
2524	2756
2522	2759
2521	2763
2519	2766
2519	2770
2519	2774
2523	2779
2524	2784
2525	2788
2527	2793
2523	2795
2522	2799
2523	2803
2523	2808
2525	2812
2526	2817
2527	2821
2527	2825
2526	2829
2526	2833
2524	2836
2524	2840
2525	2844
2526	2849
2527	2854
2527	2857
2526	2861
2524	2865
2523	2868
2524	2873
2526	2878
2526	2882
2526	2886
2526	2890
2525	2894
2525	2898
2524	2901
2523	2905
2522	2909
2524	2914
2524	2918
2523	2922
2521	2925
2521	2929
2518	2932
2518	2936
2521	2942
2523	2947
2522	2951
2523	2955
2524	2960
2525	2964
2525	2968
2525	2973
2523	2976
2524	2981
2525	2986
2525	2990
2523	2993
2521	2996
2519	3000
2519	3004
2521	3009
2523	3014
2523	3018
2522	3022
2520	3026
2519	3030
2520	3034
2523	3040
2522	3044
2521	3048
2521	3052
2521	3056
2521	3061
2522	3065
2522	3070
2524	3075
2523	3079
2522	3083
2522	3087
2522	3091
2521	3095
2521	3100
2524	3106
2520	3108
2521	3113
2521	3117
2520	3121
2521	3126
2520	3130
2520	3135
2521	3140
2521	3144
2519	3147
2499	3140
2481	3134
2471	3133
2465	3134
2459	3135
2457	3139
2456	3142
2454	3146
2452	3149
2451	3152
2449	3155
2448	3160
2527	3210
2525	3214
2517	3213
2518	3219
2518	3223
2519	3229
2521	3235
2520	3239
2520	3243
2519	3247
2519	3252
2521	3257
2519	3261
2519	3266
2519	3270
2518	3274
2519	3279
2519	3284
2518	3288
2518	3293
2518	3298
2519	3302
2518	3307
2518	3311
2518	3316
2518	3321
2518	3326
2517	3330
2515	3334
2516	3339
2515	3343
2515	3347
2513	3351
2511	3355
2512	3360
2513	3365
2514	3371
2512	3374
2509	3378
2510	3383
2511	3388
2509	3392
2508	3396
2508	3400
2509	3406
2509	3411
2507	3415
2508	3420
2509	3426
2508	3430
2507	3434
2505	3438
2505	3443
2505	3447
2503	3451
2502	3456
2501	3460
2500	3464
2499	3468
2497	3472
2496	3476
2496	3481
2494	3485
2494	3489
2493	3494
2492	3498
2492	3504
2491	3508
2491	3513
2488	3516
2487	3520
2486	3524
2486	3529
2484	3533
2483	3537
2483	3542
2481	3546
2480	3551
2480	3556
2479	3560
2478	3564
2479	3570
2478	3574
2475	3578
2472	3580
2472	3586
2472	3591
2470	3595
2469	3599
2467	3603
2467	3608
2465	3611
2462	3615
2464	3621
2464	3626
2463	3631
2463	3636
2461	3640
2460	3644
2458	3648
2456	3652
2456	3657
2456	3662
2454	3666
2453	3671
2453	3676
2452	3680
2450	3684
2449	3689
2447	3693
2446	3697
2445	3702
2444	3707
2443	3712
2441	3715
2441	3721
2438	3724
2437	3728
2437	3734
2436	3738
2434	3742
2432	3746
2430	3750
2427	3752
2424	3756
2424	3761
2424	3767
2422	3771
2421	3775
2418	3778
2414	3781
2407	3780
2385	3767
2369	3759
2363	3759
2361	3763
2361	3768
2359	3772
2356	3775
2356	3780
2357	3787
2355	3791
2367	3807
2390	3833
2396	3844
2395	3848
2392	3851
2391	3857
2390	3861
2388	3865
2386	3870
2385	3874
2382	3877
2379	3880
2376	3883
2374	3887
2372	3891
2371	3897
2369	3900
2368	3905
2367	3910
2365	3914
2362	3917
2359	3920
2357	3924
2357	3930
2357	3936
2355	3940
2353	3944
2351	3948
2352	3955
2352	3961
2352	3966
2349	3970
2347	3974
2345	3979
2344	3983
2341	3986
2338	3989
2336	3993
2335	3999
2335	4005
2334	4010
2331	4013
2330	4019
2329	4023
2327	4028
2327	4034
2330	4042
2071	3793
2069	3796
2064	3797
2063	3801
2061	3805
2061	3810
2060	3826
2056	3828
2058	3835
2055	3838
2053	3842
2054	3848
2298	4105
2296	4109
2294	4113
2292	4117
2290	4121
2289	4126
2287	4131
2284	4134
2280	4137
2277	4140
2275	4145
2273	4148
2273	4155
2270	4159
2268	4163
2265	4166
2263	4170
2260	4174
2258	4178
2256	4183
2254	4187
2251	4190
2249	4194
2246	4198
2243	4202
2241	4206
2241	4212
2239	4217
2237	4221
2234	4224
2231	4228
2229	4232
2227	4237
2225	4241
2223	4246
2221	4250
2219	4255
2217	4259
2215	4264
2213	4269
2211	4273
2210	4279
2208	4283
2206	4288
2204	4293
2202	4297
2200	4302
2197	4305
2195	4309
2192	4313
2189	4316
2189	4323
2187	4328
2185	4333
2181	4335
2179	4340
2179	4346
2175	4349
2169	4349
2166	4353
2164	4357
2162	4362
2161	4368
2160	4374
2158	4378
2153	4379
2147	4380
2144	4384
2143	4390
2141	4393
2140	4399
2138	4404
2133	4406
2128	4407
2125	4410
2120	4411
2114	4412
2110	4414
2106	4416
2103	4419
2101	4424
2097	4427
2094	4429
2091	4434
2087	4436
2084	4439
2081	4443
2078	4447
2074	4449
2072	4454
2070	4458
2067	4463
2061	4462
2058	4466
2056	4471
2053	4474
2051	4480
2048	4482
2045	4486
2043	4491
2041	4496
2038	4500
2034	4502
2032	4508
2030	4512
2027	4516
2024	4520
2020	4523
2017	4526
2015	4530
2013	4536
2011	4541
2008	4544
2004	4548
2001	4551
2000	4557
1998	4562
1994	4564
1989	4566
1987	4571
1986	4577
1982	4580
1979	4584
1978	4591
1975	4594
1971	4597
1969	4601
1967	4607
1964	4611
1961	4615
1958	4618
1955	4622
1951	4625
1948	4629
1944	4631
1940	4634
1937	4637
1934	4641
1930	4644
1928	4649
1923	4650
1920	4654
1917	4657
1912	4659
1909	4662
1907	4667
1903	4670
1900	4674
1897	4678
1894	4683
1890	4684
1887	4689
1883	4692
1880	4695
1877	4700
1875	4705
1872	4709
1869	4712
1865	4716
1863	4721
1859	4723
1855	4727
1852	4731
1849	4734
1846	4737
1842	4740
1839	4745
1836	4748
1833	4752
1829	4756
1825	4758
1822	4762
1819	4766
1816	4770
1813	4775
1811	4780
1807	4783
1804	4786
1801	4791
1797	4794
1795	4799
1791	4803
1789	4808
1786	4812
1783	4817
1780	4821
1777	4825
1774	4830
1772	4835
1769	4840
1766	4844
1762	4847
1758	4850
1755	4854
1752	4857
1748	4861
1744	4863
1740	4865
1736	4869
1733	4873
1729	4876
1725	4879
1723	4884
1720	4889
1717	4893
1713	4896
1710	4900
1707	4905
1704	4909
1700	4913
1697	4917
1693	4921
1690	4924
1686	4928
1684	4933
1680	4937
1676	4939
1671	4941
1667	4944
1665	4949
1660	4951
1656	4953
1652	4955
1648	4958
1644	4961
1640	4965
1636	4968
1633	4971
1628	4973
1624	4974
1620	4977
1615	4979
1609	4978
1600	4970
1598	4977
1598	4988
1597	4996
1593	5000
1589	5002
1584	5003
1580	5006
1576	5009
1573	5013
1570	5018
1567	5024
1564	5030
1561	5034
1558	5039
1557	5048
1554	5053
1551	5058
1548	5062
1544	5066
1540	5070
1536	5073
1533	5077
1529	5081
1526	5084
1522	5088
1518	5091
1514	5095
1510	5098
1506	5101
1503	5105
1499	5108
1495	5111
1490	5113
1486	5117
1482	5119
1478	5122
1473	5123
1468	5124
1463	5126
1459	5129
1455	5131
1451	5134
1447	5137
1443	5140
1439	5144
1435	5148
1432	5152
1428	5156
1425	5162
1422	5167
1419	5171
1415	5176
1411	5179
1408	5184
1404	5187
1400	5191
1396	5194
1392	5197
1387	5200
1383	5202
1378	5203
1374	5206
1370	5210
1366	5214
1362	5217
1358	5221
1355	5225
1350	5228
1345	5227
1339	5227
1335	5229
1331	5232
1329	5240
1325	5245
1321	5248
1316	5250
1312	5252
1308	5256
1304	5260
1300	5264
1296	5268
1292	5271
1289	5276
1284	5279
1280	5281
1276	5284
1271	5286
1266	5289
1262	5292
1258	5296
1254	5297
1249	5300
1245	5303
1240	5304
1235	5306
1232	5311
1228	5315
1223	5317
1219	5319
1215	5324
1211	5328
1207	5333
1203	5336
1199	5339
1194	5342
1190	5344
1186	5348
1181	5350
1177	5354
1173	5357
1169	5360
1165	5364
1160	5368
1156	5370
1151	5373
1147	5375
1142	5376
1137	5378
1132	5379
1128	5383
1124	5386
1120	5391
1116	5395
1112	5398
1107	5402
1103	5406
1100	5412
1094	5412
1090	5415
1085	5417
1081	5420
1076	5423
1072	5426
1067	5429
1063	5431
1058	5434
1054	5436
1049	5437
1044	5438
1038	5437
1033	5439
1028	5441
1024	5444
1019	5445
1014	5447
1010	5450
1005	5452
1001	5456
996	5460
991	5460
986	5460
981	5462
976	5463
971	5465
966	5466
961	5467
957	5469
952	5472
947	5473
942	5474
937	5477
933	5479
928	5482
923	5483
918	5484
913	5485
908	5486
903	5488
898	5490
894	5494
890	5497
885	5499
880	5500
875	5502
870	5502
864	5502
860	5504
855	5506
851	5511
845	5511
839	5508
834	5507
829	5509
824	5511
819	5513
815	5515
810	5517
805	5518
800	5519
795	5520
790	5524
785	5525
780	5527
776	5530
771	5533
767	5538
762	5539
757	5540
752	5541
747	5542
742	5543
737	5545
732	5548
728	5551
723	5554
718	5555
712	5554
707	5554
702	5556
697	5558
692	5560
687	5559
682	5559
677	5560
671	5560
666	5559
660	5557
655	5556
650	5556
645	5558
640	5559
635	5560
630	5561
624	5560
619	5559
613	5557
608	5556
603	5556
598	5556
592	5556
587	5558
582	5557
577	5558
572	5557
566	5556
561	5555
555	5552
550	5550
545	5550
540	5553
535	5556
530	5558
525	5556
520	5556
515	5557
510	5560
505	5561
500	5563
495	5565
490	5568
485	5569
480	5570
475	5567
469	5565
464	5567
460	5571
455	5574
450	5577
445	5578
440	5578
435	5578
429	5578
424	5577
419	5578
414	5579
409	5581
404	5582
399	5583
394	5585
389	5585
384	5584
379	5585
374	5587
369	5588
363	5588
358	5588
353	5589
349	5594
343	5593
338	5594
333	5594
328	5593
323	5594
318	5594
313	5595
308	5598
303	5600
297	5600
292	5598
287	5600
282	5602
277	5603
272	5602
267	5602
261	5601
256	5598
251	5597
246	5597
241	5597
235	5596
230	5597
225	5599
220	5600
215	5599
210	5599
205	5597
199	5596
194	5595
189	5590
183	5587
178	5588
130	5012
127	5019
122	5021
118	5019
113	5017
109	5014
104	5015
100	5015
96	5013
91	5003
86	4998
82	4997
77	4992
73	4990
69	4990
64	4994
60	4996
56	4997
52	4998
47	5003
43	5012
39	5014
35	5015
30	5013
26	5014
22	5017
17	5018
13	5009
9	5584
4	5581
-1	5580
-6	5580
-11	5580
-16	5581
-21	5584
-26	5586
-31	5587
-36	5587
-42	5587
-47	5586
-52	5585
-57	5588
-62	5588
-67	5588
-72	5590
-77	5590
-82	5589
-88	5588
-93	5589
-98	5589
-103	5588
-108	5588
-113	5587
-118	5587
-123	5586
-128	5586
-133	5585
-139	5585
-144	5585
-149	5584
-154	5581
-159	5580
-164	5580
-169	5580
-174	5581
-179	5581
-184	5580
-189	5578
-194	5577
-200	5577
-205	5575
-210	5575
-215	5574
-220	5571
-225	5569
-230	5568
-235	5566
-240	5565
-245	5563
-250	5563
-255	5564
-260	5564
-265	5565
-270	5567
-276	5567
-280	5563
-285	5563
-291	5564
-296	5563
-301	5563
-306	5564
-311	5563
-316	5562
-321	5563
-326	5562
-331	5561
-336	5560
-341	5556
-346	5556
-351	5556
-356	5555
-361	5555
-367	5556
-371	5554
-376	5552
-381	5549
-386	5549
-391	5548
-396	5549
-402	5548
-407	5548
-412	5547
-417	5545
-421	5544
-427	5543
-432	5545
-437	5544
-442	5544
-447	5543
-452	5543
-457	5540
-462	5540
-467	5539
-472	5536
-476	5533
-481	5530
-486	5529
-491	5527
-496	5526
-500	5519
-505	5520
-510	5515
-515	5511
-519	5508
-524	5508
-530	5509
-535	5510
-541	5518
-546	5517
-551	5517
-506	5135
-510	5131
-514	5127
-519	5124
-523	5121
-527	5118
-531	5117
-536	5119
-541	5120
-545	5119
-550	5118
-554	5117
-559	5117
-564	5119
-568	5120
-573	5121
-578	5124
-583	5127
-588	5129
-593	5130
-654	5488
-659	5488
-664	5488
-669	5488
-674	5488
-679	5487
-684	5486
-689	5486
-694	5485
-699	5484
-704	5483
-709	5483
-714	5483
-719	5481
-724	5480
-729	5478
-734	5476
-738	5475
-743	5473
-748	5472
-754	5473
-759	5475
-764	5474
-769	5475
-774	5475
-779	5474
-785	5475
-790	5476
-795	5476
-800	5473
-805	5473
-810	5475
-816	5476
-821	5475
-826	5474
-831	5473
-836	5473
-841	5474
-846	5473
-851	5473
-857	5473
-862	5473
-867	5472
-872	5471
-877	5471
-882	5469
-886	5468
-892	5468
-897	5467
-902	5466
-906	5464
-911	5463
-917	5463
-922	5462
-927	5463
-932	5463
-937	5460
-942	5458
-946	5456
-952	5458
-957	5458
-962	5456
-967	5454
-972	5454
-977	5452
-981	5450
-986	5448
-991	5446
-995	5444
-1000	5443
-1005	5441
-1010	5439
-1014	5435
-1018	5431
-1023	5430
-1028	5428
-1032	5425
-1037	5421
-1041	5418
-1045	5415
-1049	5410
-1054	5407
-1058	5404
-1063	5401
-1066	5396
-1071	5393
-1075	5390
-1080	5389
-1084	5386
-1088	5381
-1093	5379
-1098	5378
-1103	5378
-1109	5379
-1115	5381
-1120	5381
-1125	5381
-1129	5378
-1134	5376
-1138	5372
-1143	5370
-1148	5369
-1153	5368
-1157	5367
-1163	5366
-1168	5367
-1174	5368
-1179	5368
-1184	5367
-1189	5367
-1193	5364
-1199	5364
-1204	5364
-1210	5365
-1215	5367
-1221	5366
-1225	5365
-1230	5364
-1235	5362
-1240	5361
-1245	5359
-1250	5359
-1254	5356
-1259	5354
-1263	5351
-1268	5350
-1272	5346
-1277	5344
-1281	5341
-1286	5338
-1290	5334
-1293	5330
-1298	5327
-1302	5324
-1307	5322
-1311	5318
-1315	5314
-1319	5311
-1323	5308
-1328	5305
-1332	5302
-1336	5298
-1340	5295
-1345	5294
-1350	5293
-1355	5292
-1360	5292
-1366	5293
-1371	5292
-1375	5290
-1380	5288
-1385	5287
-1389	5283
-1394	5281
-1398	5279
-1403	5279
-1408	5277
-1413	5275
-1418	5273
-1423	5272
-1428	5273
-1432	5270
-1437	5267
-1442	5266
-1448	5268
-1453	5268
-1458	5267
-1464	5267
-1469	5266
-1472	5262
-1476	5258
-1481	5255
-1484	5252
-1489	5249
-1493	5245
-1497	5243
-1502	5241
-1507	5239
-1512	5238
-1517	5237
-1521	5235
-1526	5234
-1532	5234
-1538	5235
-1543	5236
-1549	5236
-1554	5236
-1559	5235
-1564	5233
-1569	5231
-1573	5229
-1577	5226
-1582	5223
-1587	5222
-1592	5221
-1596	5219
-1601	5217
-1606	5215
-1611	5214
-1616	5213
-1621	5211
-1625	5209
-1630	5207
-1633	5203
-1637	5199
-1642	5198
-1648	5199
-1653	5198
-1658	5196
-1662	5194
-1667	5192
-1672	5189
-1677	5188
-1682	5187
-1686	5184
-1690	5181
-1694	5178
-1699	5177
-1705	5176
-1709	5174
-1714	5172
-1719	5171
-1724	5169
-1729	5168
-1734	5167
-1738	5165
-1742	5162
-1746	5158
-1751	5157
-1757	5158
-1762	5156
-1767	5154
-1771	5151
-1774	5147
-1778	5142
-1781	5138
-1785	5134
-1789	5132
-1794	5129
-1799	5128
-1804	5127
-1809	5125
-1813	5123
-1817	5120
-1821	5116
-1825	5113
-1829	5110
-1833	5106
-1837	5104
-1842	5102
-1847	5101
-1852	5098
-1856	5096
-1861	5094
-1866	5093
-1872	5093
-1878	5094
-1883	5093
-1889	5092
-1894	5091
-1898	5088
-1903	5087
-1908	5086
-1914	5086
-1920	5087
-1926	5086
-1930	5083
-1934	5081
-1939	5079
-1943	5075
-1947	5073
-1952	5070
-1956	5068
-1961	5066
-1966	5065
-1970	5061
-1974	5058
-1978	5054
-1982	5052
-1986	5048
-1989	5043
-1993	5040
-1997	5037
-2002	5035
-2006	5031
-2010	5029
-2015	5028
-2020	5026
-2024	5023
-2028	5020
-2033	5018
-2038	5016
-2042	5014
-2047	5013
-2053	5013
-2059	5012
-2064	5011
-2070	5011
-2075	5009
-2079	5006
-2083	5004
-2088	5001
-2092	4997
-2095	4993
-2099	4990
-2105	4989
-2109	4987
-2113	4984
-2119	4983
-2125	4983
-2129	4980
-2133	4977
-2135	4970
-2139	4967
-2142	4963
-2146	4960
-2150	4956
-2153	4952
-2156	4947
-2159	4942
-2162	4938
-2166	4935
-2170	4932
-2174	4928
-2176	4922
-2179	4918
-2182	4913
-2184	4907
-2187	4902
-2190	4898
-2193	4892
-2196	4888
-2199	4884
-2203	4881
-2206	4876
-2210	4873
-2216	4872
-2218	4867
-2222	4863
-2225	4859
-2228	4855
-2231	4850
-2233	4844
-2236	4840
-2241	4838
-2246	4836
-2250	4833
-2254	4830
-2258	4827
-2262	4824
-2267	4822
-2271	4819
-2275	4817
-2281	4816
-2288	4817
-2293	4816
-2298	4814
-2301	4809
-2305	4807
-2310	4806
-2316	4804
-2320	4801
-2324	4799
-2329	4796
-2333	4794
-2338	4792
-2342	4789
-2346	4786
-2349	4782
-2353	4779
-2358	4776
-2362	4773
-2365	4769
-2370	4767
-2374	4764
-2378	4762
-2383	4760
-2388	4757
-2392	4754
-2395	4750
-2399	4747
-2403	4744
-2406	4740
-2410	4737
-2414	4733
-2417	4730
-2421	4726
-2421	4718
-2425	4715
-2429	4712
-2432	4708
-2436	4705
-2440	4702
-2445	4699
-2448	4695
-2452	4692
-2455	4688
-2458	4684
-2462	4680
-2466	4677
-2470	4675
-2473	4671
-2477	4667
-2481	4664
-2484	4661
-2488	4657
-2492	4654
-2497	4652
-2501	4649
-2505	4646
-2509	4643
-2513	4640
-2516	4636
-2519	4632
-2524	4629
-2527	4625
-2529	4620
-2533	4617
-2537	4614
-2541	4611
-2545	4608
-2550	4606
-2555	4603
-2559	4601
-2562	4597
-2564	4591
-2566	4586
-2570	4583
-2574	4580
-2579	4577
-2585	4577
-2588	4573
-2592	4570
-2596	4566
-2601	4565
-2605	4562
-2609	4559
-2612	4554
-2616	4551
-2620	4549
-2624	4545
-2628	4542
-2630	4537
-2633	4533
-2637	4529
-2641	4526
-2645	4523
-2649	4520
-2652	4516
-2654	4511
-2656	4506
-2659	4501
-2662	4497
-2665	4494
-2668	4489
-2671	4485
-2674	4481
-2677	4476
-2678	4471
-2682	4467
-2683	4462
-2685	4456
-2690	4454
-2696	4453
-2699	4449
-2702	4445
-2705	4441
-2707	4436
-2710	4432
-2715	4430
-2719	4426
-2722	4422
-2722	4416
-2724	4410
-2726	4405
-2728	4400
-2728	4393
-2731	4389
-2734	4385
-2737	4381
-2740	4376
-2741	4371
-2742	4364
-2743	4359
-2745	4354
-2749	4350
-2754	4348
-2760	4348
-2765	4346
-2770	4343
-2773	4340
-2774	4334
-2777	4330
-2781	4327
-2786	4324
-2787	4318
-2790	4314
-2794	4311
-2799	4310
-2803	4307
-2807	4303
-2811	4300
-2814	4296
-2816	4291
-2818	4287
-2822	4283
-2822	4277
-2825	4272
-2825	4266
-2827	4260
-2830	4257
-2834	4254
-2836	4249
-2839	4245
-2840	4240
-2843	4235
-2846	4232
-2850	4228
-2851	4223
-2853	4218
-2856	4214
-2858	4209
-2860	4204
-2861	4198
-2863	4194
-2866	4189
-2870	4186
-2872	4182
-2874	4177
-2876	4172
-2878	4167
-2881	4164
-2885	4161
-2889	4158
-2891	4153
-2894	4148
-2895	4143
-2899	4140
-2902	4136
-2905	4132
-2907	4128
-2910	4123
-2913	4120
-2916	4116
-2919	4112
-2923	4108
-2924	4103
-2927	4099
-2930	4095
-2931	4090
-2931	4084
-2935	4080
-2936	4075
-2939	4071
-2941	4066
-2943	4062
-2945	4057
-2948	4053
-2950	4049
-2952	4043
-2956	4040
-2959	4037
-2962	4033
-2964	4028
-2965	4023
-2965	4017
-2966	4011
-2969	4007
-2971	4003
-2974	3999
-2975	3993
-2977	3989
-2980	3985
-2983	3981
-2986	3977
-2989	3974
-2992	3970
-2995	3966
-2998	3962
-2999	3956
-3000	3951
-3002	3946
-3003	3941
-3002	3934
-3002	3928
-3006	3925
-3009	3922
-3012	3918
-3013	3913
-3012	3906
-3013	3900
-3014	3895
-3015	3890
-3018	3886
-3017	3879
-3018	3874
-3019	3869
-3020	3863
-3020	3857
-3021	3852
-3023	3848
-3025	3843
-3025	3838
-3026	3832
-3027	3827
-3028	3822
-3030	3817
-3031	3812
-3028	3804
-3026	3797
-3028	3792
-3030	3788
-3030	3782
-3032	3778
-3035	3774
-3035	3768
-3034	3762
-3033	3755
-3036	3752
-3039	3748
-3041	3743
-3043	3739
-3045	3735
-3046	3730
-3049	3726
-3050	3721
-3044	3711
-3045	3706
-3044	3700
-3044	3694
-3045	3689
-3048	3685
-3048	3679
-3047	3673
-3048	3668
-3050	3664
-3049	3658
-3047	3651
-3049	3647
-3051	3642
-3049	3635
-3050	3630
-3050	3625
-3049	3619
-3050	3614
-3053	3610
-3054	3605
-3056	3601
-3057	3596
-3057	3590
-3056	3584
-3055	3578
-3055	3573
-3054	3567
-3055	3562
-3055	3557
-3052	3549
-3054	3545
-3057	3541
-3057	3536
-3059	3532
-3061	3528
-3062	3523
-3062	3517
-3062	3512
-3062	3506
-3062	3501
-3063	3497
-3062	3491
-3061	3485
-3061	3480
-3059	3473
-3058	3467
-3061	3463
-3063	3459
-3064	3454
-3066	3450
-3066	3445
-3064	3438
-3063	3433
-3063	3428
-3063	3422
-3064	3418
-3066	3413
-3067	3409
-3066	3403
-3064	3396
-3068	3394
-3067	3388
-3068	3383
-3068	3378
-3068	3373
-3068	3368
-3070	3364
-3070	3359
-3071	3354
-3072	3349
-3071	3344
-3071	3338
-3071	3334
-3072	3329
-3070	3323
-3071	3318
-3073	3314
-3074	3310
-3073	3304
-3075	3300
-3075	3295
-3075	3290
-3076	3285
-3076	3280
-3075	3274
-3074	3269
-3074	3264
-3072	3258
-3072	3253
-3072	3248
-3071	3242
-3070	3237
-3071	3232
-3072	3228
-3074	3224
-3074	3219
-3070	3212
-3067	3206
-3069	3202
-3071	3198
-3072	3193
-3071	3188
-3071	3183
-3072	3178
-3068	3171
-3069	3167
-3070	3163
-3070	3158
-3069	3153
-3069	3148
-3068	3142
-3068	3138
-3069	3133
-3069	3128
-3070	3124
-3070	3119
-3069	3114
-3067	3108
-3065	3102
-3066	3098
-3066	3093
-3065	3088
-3066	3084
-3066	3079
-3066	3074
-3065	3069
-3066	3065
-3066	3060
-3067	3055
-3067	3051
-3066	3045
-3066	3041
-3067	3036
-3067	3032
-3066	3026
-3066	3022
-3066	3017
-3065	3012
-3065	3007
-3065	3002
-3066	2998
-3064	2993
-3062	2987
-3061	2982
-3060	2977
-3061	2973
-3062	2968
-3062	2964
-3060	2958
-3058	2953
-3058	2948
-3059	2944
-3057	2939
-3056	2934
-3057	2929
-3057	2925
-3057	2920
-3056	2915
-3055	2910
-3054	2905
-3053	2900
-3052	2895
-3053	2891
-3052	2886
-3050	2881
-3050	2876
-3050	2872
-3049	2867
-3048	2862
-3048	2857
-3046	2852
-3045	2847
-3046	2843
-3046	2839
-3046	2834
-3047	2830
-3045	2825
-3045	2820
-3045	2816
-3042	2810
-3042	2806
-3041	2801
-3039	2796
-3039	2791
-3040	2787
-3041	2783
-3040	2778
-3040	2774
-3038	2769
-3038	2764
-3037	2760
-3037	2755
-3036	2751
-3036	2746
-3035	2741
-3031	2736
-3031	2731
-3030	2726
-3031	2722
-3029	2717
-3028	2712
-3027	2708
-3027	2704
-3029	2700
-3030	2696
-3030	2692
-3031	2688
-3030	2683
-3029	2678
-3027	2673
-3025	2668
-3024	2664
-3023	2659
-3023	2655
-3022	2650
-3020	2645
-3020	2641
-3019	2636
-3019	2632
-3019	2628
-3019	2624
-3019	2619
-3019	2615
-3019	2611
-3019	2607
-3017	2602
-3018	2598
-3018	2593
-3017	2589
-3016	2584
-3016	2580
-3015	2576
-3013	2571
-3013	2566
-3012	2562
-3013	2558
-3011	2553
-3010	2549
-3009	2544
-3007	2540
-3005	2535
-3005	2531
-3004	2526
-3003	2522
-3001	2517
-3000	2513
-2999	2508
-2998	2504
-2997	2499
-2996	2495
-2995	2490
-2994	2486
-2993	2482
-2993	2478
-2992	2473
-2988	2468
-2987	2464
-2986	2459
-2986	2455
-2985	2451
-2985	2447
-2985	2443
-2984	2438
-2983	2434
-2982	2430
-2981	2425
-2980	2421
-2980	2417
-2980	2413
-2979	2408
-2975	2403
-2972	2399
-2971	2394
-2971	2390
-2971	2386
-2970	2382
-2970	2378
-2970	2374
-2970	2370
-2970	2366
-2969	2362
-2968	2358
-2967	2353
-2967	2349
-2966	2345
-2964	2341
-2963	2336
-2963	2332
-2963	2328
-2962	2324
-2960	2320
-2959	2316
-2958	2311
-2958	2307
-2958	2303
-2958	2299
-2957	2295
-2957	2291
-2956	2287
-2955	2283
-2949	2278
-2948	2274
-2947	2270
-2945	2265
-2944	2261
-2944	2257
-2944	2253
-2943	2249
-2942	2245
-2941	2241
-2940	2237
-2937	2232
-2938	2228
-2940	2225
-2940	2221
-2938	2217
-2937	2213
-2936	2209
-2935	2205
-2934	2200
-2933	2196
-2932	2192
-2930	2188
-2929	2184
-2927	2180
-2926	2176
-2927	2172
-2927	2168
-2925	2164
-2923	2160
-2920	2155
-2918	2151
-2917	2147
-2915	2143
-2914	2139
-2914	2135
-2915	2132
-2916	2128
-2914	2124
-2913	2120
-2912	2116
-2910	2112
-2910	2108
-2908	2104
-2909	2100
-2907	2096
-2905	2092
-2903	2088
-2903	2084
-2903	2080
-2902	2076
-2901	2072
-2900	2069
-2899	2065
-2897	2061
-2898	2057
-2896	2053
-2896	2049
-2894	2045
-2894	2041
-2893	2037
-2892	2033
-2891	2030
-2891	2026
-2890	2022
-2889	2018
-2888	2014
-2887	2010
-2888	2007
-2886	2003
-2884	1999
-2884	1995
-2883	1991
-2882	1987
-2881	1984
-2880	1980
-2879	1976
-2877	1972
-2874	1968
-2871	1964
-2869	1960
-2870	1956
-2871	1953
-2870	1949
-2869	1945
-2867	1941
-2865	1937
-2866	1934
-2865	1930
-2863	1926
-2862	1922
-2860	1918
-2859	1915
-2860	1911
-2858	1907
-2855	1903
-2854	1899
-2853	1896
-2853	1892
-2852	1888
-2853	1885
-2852	1881
-2851	1877
-2849	1873
-2850	1870
-2849	1866
-2846	1862
-2845	1858
-2844	1855
-2843	1851
-2843	1847
-2844	1844
-2842	1840
-2841	1836
-2839	1832
-2838	1829
-2837	1825
-2837	1821
-2837	1818
-2836	1814
-2835	1810
-2832	1807
-2829	1803
-2828	1799
-2827	1796
-2827	1792
-2825	1788
-2823	1784
-2823	1781
-2823	1777
-2822	1774
-2822	1770
-2822	1766
-2821	1763
-2820	1759
-2820	1755
-2818	1752
-2817	1748
-2816	1744
-2816	1741
-2815	1737
-2814	1734
-2812	1730
-2812	1726
-2811	1723
-2810	1719
-2809	1715
-2808	1712
-2808	1708
-2807	1705
-2806	1701
-2803	1697
-2801	1694
-2800	1690
-2800	1687
-2800	1683
-2799	1679
-2797	1676
-2796	1672
-2794	1669
-2794	1665
-2792	1662
-2790	1658
-2790	1654
-2789	1651
-2789	1647
-2789	1644
-2787	1640
-2787	1637
-2786	1633
-2785	1629
-2785	1626
-2783	1622
-2780	1619
-2779	1615
-2779	1612
-2779	1608
-2779	1605
-2778	1601
-2777	1598
-2776	1594
-2775	1591
-2774	1587
-2773	1583
-2772	1580
-2769	1577
-2769	1573
-2768	1569
-2767	1566
-2767	1562
-2767	1559
-2765	1555
-2764	1552
-2763	1548
-2761	1545
-2760	1541
-2758	1538
-2757	1534
-2757	1531
-2756	1527
-2756	1524
-2754	1520
-2753	1517
-2752	1514
-2750	1510
-2749	1507
-2747	1503
-2747	1500
-2746	1496
-2746	1493
-2743	1489
-2742	1486
-2741	1482
-2741	1479
-2739	1476
-2739	1472
-2739	1468
-2737	1465
-2735	1462
-2735	1458
-2735	1455
-2734	1451
-2734	1448
-2732	1444
-2730	1441
-2730	1437
-2729	1434
-2727	1431
-2726	1427
-2724	1424
-2723	1420
-2723	1417
-2721	1414
-2719	1410
-2719	1407
-2719	1403
-2718	1400
-2717	1396
-2715	1393
-2714	1390
-2714	1386
-2712	1383
-2711	1380
-2709	1376
-2709	1373
-2710	1369
-2707	1366
-2707	1362
-2706	1359
-2706	1355
-2706	1352
-2703	1349
-2702	1345
-2702	1342
-2701	1339
-2699	1335
-2698	1332
-2696	1329
-2695	1325
-2694	1322
-2694	1318
-2694	1315
-2693	1311
-2693	1308
-2692	1305
-2691	1301
-2690	1298
-2689	1294
-2687	1291
-2687	1288
-2685	1284
-2683	1281
-2683	1278
-2682	1274
-2681	1271
-2680	1268
-2679	1264
-2676	1261
-2676	1258
-2676	1254
-2676	1251
-2674	1247
-2672	1244
-2671	1241
-2670	1238
-2671	1234
-2669	1231
-2667	1228
-2664	1225
-2661	1221
-2660	1218
-2658	1215
-2658	1212
-2656	1208
-2656	1205
-2657	1201
-2657	1198
-2656	1194
-2657	1191
-2656	1187
-2655	1184
-2654	1181
-2652	1177
-2651	1174
-2652	1170
-2650	1167
-2649	1164
-2648	1161
-2647	1157
-2646	1154
-2645	1151
-2644	1147
-2642	1144
-2643	1141
-2642	1137
-2641	1134
-2640	1130
-2637	1128
-2635	1124
-2634	1121
-2634	1118
-2633	1114
-2631	1111
-2631	1108
-2630	1104
-2629	1101
-2628	1098
-2626	1095
-2625	1091
-2625	1088
-2623	1085
-2622	1081
-2620	1078
-2620	1075
-2619	1072
-2618	1068
-2617	1065
-2616	1061
-2616	1058
-2615	1055
-2614	1051
-2611	1049
-2609	1045
-2607	1042
-2607	1039
-2606	1036
-2605	1032
-2603	1029
-2602	1026
-2600	1023
-2600	1019
-2601	1016
-2600	1012
-2598	1009
-2596	1006
-2595	1003
-2594	1000
-2593	996
-2591	993
-2591	990
-2590	987
-2588	984
-2587	980
-2587	977
-2586	973
-2584	970
-2583	967
-2582	964
-2580	961
-2579	957
-2579	954
-2578	950
-2577	947
-2576	944
-2575	941
-2574	937
-2573	934
-2572	931
-2571	927
-2570	924
-2569	921
-2567	918
-2567	914
-2565	911
-2565	908
-2563	905
-2562	901
-2561	898
-2560	895
-2559	892
-2557	889
-2555	886
-2553	883
-2552	879
-2552	876
-2551	873
-2551	869
-2550	866
-2549	862
-2548	859
-2547	856
-2546	853
-2544	849
-2543	846
-2542	843
-2540	840
-2539	837
-2538	833
-2538	830
-2537	827
-2536	823
-2534	820
-2533	817
-2532	814
-2531	810
-2529	808
-2529	804
-2528	800
-2527	797
-2526	794
-2525	791
-2523	788
-2523	784
-2521	781
-2520	778
-2519	775
-2519	771
-2518	768
-2516	765
-2515	761
-2514	758
-2513	755
-2512	752
-2510	748
-2509	745
-2507	742
-2507	739
-2505	736
-2503	733
-2502	730
-2501	726
-2499	723
-2499	720
-2498	716
-2497	713
-2496	710
-2495	706
-2495	703
-2493	700
-2492	697
-2491	693
-2489	690
-2488	687
-2487	684
-2485	681
-2484	677
-2483	674
-2482	671
-2482	667
-2481	664
-2479	661
-2478	658
-2478	654
-2477	650
-2476	647
-2475	644
-2474	641
-2473	637
-2472	634
-2472	630
-2469	628
-2468	624
-2467	621
-2465	618
-2465	615
-2463	611
-2461	609
-2460	605
-2459	602
-2458	598
-2457	595
-2456	592
-2454	589
-2452	586
-2450	583
-2450	580
-2448	576
-2447	573
-2445	570
-2445	567
-2444	563
-2443	560
-2441	557
-2441	553
-2439	550
-2439	547
-2437	543
-2436	540
-2433	538
-2432	535
-2432	531
-2431	527
-2429	524
-2428	521
-2427	518
-2426	514
-2426	511
-2424	508
-2423	504
-2421	501
-2419	498
-2419	495
-2417	492
-2416	489
-2413	486
-2413	482
-2413	478
-2412	475
-2410	472
-2410	468
-2409	465
-2407	462
-2407	458
-2406	454
-2404	451
-2404	448
-2402	445
-2401	441
-2400	438
-2397	436
-2396	432
-2396	428
-2395	425
-2393	422
-2392	419
-2392	415
-2390	412
-2388	409
-2387	406
-2385	403
-2384	399
-2382	396
-2382	393
-2381	389
-2380	385
-2379	382
-2377	379
-2376	376
-2375	372
-2373	369
-2372	366
-2371	363
-2369	360
-2367	357
-2365	354
-2364	350
-2364	347
-2363	343
-2361	340
-2360	337
-2359	333
-2358	330
-2357	326
-2355	323
-2354	320
-2352	317
-2351	313
-2350	310
-2349	306
-2347	303
-2345	300
-2344	297
-2342	294
-2340	291
-2338	288
-2337	285
-2337	281
-2337	277
-2336	273
-2334	270
-2333	267
-2332	263
-2331	260
-2330	256
-2328	253
-2326	250
-2324	247
-2322	244
-2321	242
-2320	238
-2318	235
-2317	231
-2316	228
-2314	225
-2313	222
-2311	219
-2310	215
-2308	212
-2307	208
-2306	205
-2305	201
-2304	198
-2303	194
-2300	192
-2298	189
-2297	185
-2297	181
-2296	178
-2294	175
-2292	172
-2290	168
-2290	164
-2291	160
-2289	156
-2287	153
-2285	151
-2284	147
-2282	144
-2281	141
-2280	137
-2278	134
-2278	130
-2275	127
-2273	124
-2272	121
-2271	117
-2269	115
-2268	111
-2265	108
-2263	105
-2262	102
-2262	98
-2260	95
-2257	92
-2255	89
-2254	86
-2252	83
-2248	81
-2245	79
-2242	77
-2239	75
-2237	71
-2235	69
-2233	66
-2231	63
-2229	60
-2227	57
-2225	54
-2223	51
-2222	47
-2221	43
-2226	36
-2224	32
-2223	29
-2221	26
-2219	23
-2218	19
-2217	16
-2215	12
-2214	9
-2212	5
-2210	3
-2210	-2
-2208	-5
-2207	-9
-2205	-12
-2204	-15
-2202	-19
-2202	-23
-2200	-26
-2199	-30
-2197	-33
-2196	-36
-2194	-40
-2193	-43
-2192	-47
-2190	-50
-2189	-54
-2187	-57
-2185	-60
-2185	-64
-2183	-68
-2182	-72
-2182	-76
-2180	-79
-2178	-83
-2177	-86
-2176	-90
-2175	-94
-2174	-98
-2171	-101
-2171	-105
-2169	-108
-2167	-111
-2167	-116
-2165	-119
-2163	-122
-2158	-122
-2153	-123
-2147	-123
-2143	-124
-2141	-127
-2140	-131
-2138	-134
-2135	-136
-2132	-138
-2131	-142
-2121	-139
-2116	-139
-2113	-141
-2109	-142
-2101	-140
-2097	-141
-2094	-143
-2091	-145
-2090	-149
-2088	-152
-2087	-156
-2082	-157
-2073	-153
-2066	-152
-2060	-150
-2054	-150
-2049	-150
-2045	-151
-2042	-153
-2039	-155
-2036	-158
-2033	-160
-2031	-162
-2026	-163
-2021	-163
-2016	-163
-2013	-165
-2011	-168
-2003	-165
-1996	-164
-1993	-166
-1992	-169
-1990	-172
-1984	-171
-1978	-170
-1975	-172
-1969	-171
-1965	-172
-1961	-173
-1956	-173
-1952	-174
-1949	-177
-1944	-176
-1939	-176
-1935	-177
-1932	-179
-1932	-184
-1921	-178
-1907	-169
-1893	-159
-1888	-160
-1886	-162
-1884	-165
-1882	-168
-1879	-169
-1876	-172
-1863	-163
-1856	-161
-1851	-160
-1846	-160
-1842	-160
-1837	-160
-1831	-159
-1824	-156
-1814	-151
-1810	-151
-1809	-155
-1815	-166
-1818	-175
-1814	-176
-1811	-176
-1803	-173
-1791	-166
-1784	-163
-1779	-162
-1773	-160
-1767	-159
-1763	-159
-1761	-162
-1760	-166
-1760	-170
-1757	-172
-1752	-171
-1746	-170
-1742	-170
-1737	-170
-1732	-170
-1728	-170
-1724	-170
-1720	-170
-1715	-170
-1711	-170
-1706	-169
-1700	-168
-1694	-165
-1685	-161
-1675	-154
-1669	-152
-1664	-151
-1659	-150
-1656	-152
-1654	-154
-1649	-154
-1645	-154
-1642	-155
-1638	-155
-1634	-156
-1613	-135
-1608	-135
-1604	-135
-1602	-137
-1600	-140
-1598	-142
-1596	-144
-1594	-147
-1592	-150
-1590	-152
-1589	-155
-1587	-158
-1584	-160
-1583	-163
-1581	-166
-1578	-168
-1573	-167
-1567	-164
-1563	-164
-1559	-164
-1556	-165
-1552	-166
-1548	-164
-1539	-159
-1533	-157
-1530	-157
-1526	-157
-1522	-158
-1518	-157
-1511	-154
-1506	-152
-1502	-152
-1498	-152
-1494	-152
-1491	-152
-1486	-151
-1481	-150
-1478	-151
-1475	-153
-1474	-155
-1471	-156
-1466	-155
-1462	-155
-1457	-153
-1454	-154
-1451	-155
-1447	-155
-1444	-156
-1440	-156
-1436	-156
-1433	-157
-1431	-159
-1428	-160
-1425	-161
-1421	-161
-1418	-161
-1414	-161
-1411	-162
-1407	-162
-1404	-163
-1401	-164
-1397	-164
-1394	-165
-1385	-157
-1379	-153
-1389	-172
-1375	-158
-1372	-159
-1368	-159
-1364	-158
-1371	-174
-1363	-167
-1358	-166
-1355	-166
-1352	-166
-1349	-167
-1346	-168
-1340	-166
-1337	-166
-1331	-163
-1326	-161
-1322	-160
-1319	-161
-1317	-163
-1316	-166
-1315	-171
-1312	-172
-1309	-172
-1307	-175
-1306	-178
-1299	-172
-1296	-174
-1292	-173
-1290	-175
-1284	-171
-1280	-171
-1277	-171
-1274	-172
-1271	-173
-1268	-174
-1266	-175
-1263	-177
-1260	-177
-1256	-176
-1252	-176
-1249	-175
-1243	-172
-1240	-173
-1237	-173
-1234	-174
-1230	-174
-1223	-167
-1218	-165
-1215	-166
-1213	-168
-1212	-171
-1209	-173
-1206	-173
-1202	-172
-1201	-175
-1197	-174
-1192	-171
-1187	-169
-1181	-164
-1178	-165
-1176	-167
-1173	-168
-1171	-169
-1168	-171
-1166	-172
-1160	-168
-1161	-175
-1158	-175
-1153	-173
-1149	-171
-1146	-172
-1144	-174
-1139	-172
-1135	-171
-1134	-175
-1132	-176
-1129	-176
-1127	-178
-1123	-177
-1112	-164
-1112	-169
-1111	-173
-1106	-170
-1107	-178
-1103	-176
-1100	-176
-1094	-172
-1092	-174
-1089	-174
-1087	-177
-1085	-178
-1083	-180
-1076	-173
-1074	-175
-1072	-178
-1069	-179
-1068	-181
-1062	-176
-1058	-176
-1055	-175
-1052	-175
-1049	-175
-1044	-173
-1042	-174
-1040	-177
-1035	-173
-1032	-173
-1029	-174
-1026	-175
-1023	-174
-1020	-174
-1017	-175
-1016	-178
-1014	-180
-1012	-182
-1003	-170
-1001	-173
-1000	-176
-997	-177
-992	-172
-982	-160
-979	-160
-977	-161
-975	-163
-973	-165
-970	-166
-967	-166
-965	-167
-962	-167
-955	-160
-952	-160
-949	-160
-946	-160
-943	-160
-940	-160
-936	-158
-934	-159
-932	-161
-930	-164
-929	-167
-927	-170
-924	-170
-919	-166
-912	-155
-905	-147
-902	-147
-900	-150
-897	-149
-894	-149
-892	-151
-890	-153
-885	-148
-880	-144
-878	-145
-875	-146
-873	-147
-871	-149
-869	-152
-868	-155
-867	-159
-865	-162
-863	-163
-860	-164
-858	-166
-779	-1
-776	1
-773	1
-770	1
-767	3
-764	3
-762	2
-760	2
-757	2
-755	2
-752	2
-749	2
-747	2
-744	2
-742	2
-739	3
-736	3
-734	2
-731	2
-729	0
-729	-6
-730	-15
-727	-14
-722	-7
-719	-5
-717	-7
-716	-11
-715	-16
-714	-19
-746	-123
-744	-126
-743	-130
-742	-134
-740	-137
-738	-139
-737	-142
-734	-144
-732	-144
-729	-144
-727	-144
-725	-146
-722	-147
-719	-147
-717	-149
-715	-150
-713	-152
-710	-152
-708	-153
-706	-154
-703	-155
-701	-156
-698	-156
-696	-157
-693	-156
-690	-156
-688	-157
-685	-157
-683	-158
-680	-159
-679	-164
-679	-170
-677	-172
-674	-173
-672	-174
-670	-176
-669	-180
-668	-186
-666	-189
-663	-189
-660	-188
-657	-187
-655	-188
-652	-189
-650	-189
-647	-188
-644	-189
-641	-187
-638	-186
-636	-187
-633	-188
-631	-189
-628	-189
-625	-189
-623	-189
-620	-189
-617	-189
-614	-188
-612	-188
-609	-186
-606	-186
-604	-187
-601	-188
-598	-187
-596	-188
-594	-190
-591	-190
-588	-189
-586	-189
-583	-190
-580	-188
-577	-188
-575	-188
-571	-186
-568	-184
-565	-181
-509	-4
-507	-2
-504	-1
-502	-3
-502	-10
-501	-17
-502	-147
-501	-154
-500	-162
-499	-165
-497	-168
-494	-168
-492	-169
-489	-169
-487	-171
-484	-171
-482	-171
-480	-172
-477	-170
-474	-171
-472	-171
-469	-172
-467	-171
-464	-171
-462	-172
-459	-172
-457	-172
-454	-172
-452	-173
-449	-172
-446	-171
-444	-172
-442	-173
-439	-172
-436	-172
-434	-171
-431	-172
-429	-172
-426	-171
-424	-172
-421	-173
-419	-172
-416	-174
-414	-172
-411	-172
-409	-172
-406	-173
-404	-172
-401	-173
-398	-172
-396	-172
-393	-172
-391	-172
-389	-174
-386	-172
-383	-172
-381	-173
-378	-172
-376	-171
-373	-171
-371	-173
-368	-171
-366	-173
-364	-174
-361	-173
-359	-173
-356	-171
-353	-173
-351	-173
-349	-173
-346	-173
-343	-171
-341	-171
-338	-172
-336	-174
-334	-179
-332	-182
-330	-183
-328	-184
-325	-183
-323	-183
-320	-183
-318	-184
-315	-184
-313	-185
-310	-185
-308	-185
-305	-185
-303	-185
-300	-184
-298	-185
-295	-183
-293	-182
-290	-183
-288	-183
-285	-183
-283	-184
-280	-184
-278	-184
-275	-184
-273	-185
-270	-184
-268	-183
-265	-184
-263	-184
-261	-184
-258	-183
-256	-185
-253	-185
-251	-184
-248	-184
-246	-185
-243	-185
-241	-185
-238	-184
-236	-185
-233	-184
-231	-183
-228	-183
-226	-183
-223	-183
-221	-182
-218	-182
-216	-181
-213	-182
-211	-183
-209	-184
-206	-184
-204	-184
-201	-184
-199	-184
-196	-183
-194	-184
-191	-184
-189	-183
-186	-184
-184	-183
-181	-183
-179	-183
-177	-184
-174	-183
-172	-184
-169	-184
-167	-184
-164	-184
-162	-183
-159	-183
-157	-182
-154	-183
-152	-183
-150	-182
-147	-183
-145	-183
-142	-183
-140	-184
-137	-185
-135	-186
-132	-186
-130	-186
-128	-185
-125	-184
-123	-182
-120	-182
-118	-183
-115	-184
-113	-184
-110	-183
-108	-182
-105	-183
-103	-183
-101	-183
-98	-184
-96	-184
-93	-184
-91	-183
-88	-183
-86	-183
-83	-183
-81	-183
-79	-183
-74	-186
-71	-186
-69	-186
-66	-187
-64	-187
-61	-186
-59	-185
-56	-184
-54	-184
-52	-185
-49	-183
-47	-182
-44	-182
-42	-182
-39	-182
-37	-182
-34	-182
-32	-183
-30	-182
-27	-182
-25	-182
-22	-182
-20	-183
-17	-184
-15	-184
-12	-184
-10	-184
-7	-184
-5	-183
-3	-182
-0	-183
2	-182
5	-183
7	-183
10	-183
12	-184
15	-184
17	-184
19	-184
22	-182
24	-180
27	-182
29	-176
31	-174
34	-170
36	-168
38	-169
41	-168
43	-165
46	-167
49	-184
51	-184
54	-184
56	-185
59	-185
61	-185
64	-185
66	-184
69	-183
71	-183
73	-183
76	-183
78	-184
81	-184
83	-184
86	-183
88	-183
91	-183
93	-184
96	-184
98	-184
101	-184
103	-184
106	-185
108	-185
110	-184
113	-183
115	-184
118	-184
120	-185
123	-185
125	-184
128	-185
130	-185
133	-184
135	-184
138	-184
140	-185
143	-186
145	-185
148	-185
150	-185
152	-183
155	-184
158	-184
160	-184
163	-185
165	-186
167	-184
170	-181
172	-179
174	-178
176	-177
180	-186
183	-186
185	-186
188	-186
190	-184
192	-184
195	-184
198	-186
200	-187
203	-186
205	-186
207	-185
210	-185
213	-186
215	-185
217	-184
220	-183
222	-182
225	-183
227	-185
230	-185
232	-185
235	-186
238	-186
240	-186
243	-185
245	-184
247	-184
250	-183
252	-184
255	-184
258	-185
260	-186
263	-186
265	-186
268	-186
270	-186
273	-185
275	-185
278	-186
281	-186
283	-187
286	-187
288	-187
291	-185
293	-185
295	-184
298	-185
301	-185
303	-185
306	-187
308	-186
311	-184
314	-186
316	-185
318	-185
321	-185
324	-185
326	-184
329	-185
331	-184
334	-184
336	-183
338	-183
341	-181
342	-174
344	-173
346	-172
349	-171
351	-172
354	-172
357	-173
359	-172
362	-172
364	-171
367	-172
369	-171
371	-170
374	-170
377	-171
379	-171
382	-170
385	-172
387	-172
390	-172
392	-172
395	-171
397	-171
400	-171
402	-170
405	-171
408	-171
410	-171
413	-171
415	-171
418	-171
421	-172
423	-171
426	-171
428	-171
431	-171
434	-172
436	-172
439	-171
441	-172
444	-171
446	-170
449	-171
452	-172
455	-172
457	-171
460	-173
463	-172
465	-171
468	-172
470	-171
473	-171
474	-168
477	-166
479	-164
481	-162
484	-163
487	-167
491	-170
493	-169
496	-169
499	-169
501	-168
503	-166
504	-162
506	-159
508	-157
510	-155
512	-152
513	-139
514	-133
515	-127
507	-15
507	-9
509	-7
511	-6
513	-6
516	-6
518	-5
587	-191
589	-190
590	-187
593	-186
595	-184
598	-184
601	-185
604	-187
607	-188
610	-187
612	-185
613	-180
611	-168
609	-153
610	-148
612	-146
614	-144
617	-145
620	-146
623	-146
626	-148
629	-149
632	-149
635	-149
638	-150
641	-151
644	-152
647	-152
650	-153
667	-190
670	-191
672	-190
675	-190
678	-189
679	-185
680	-181
683	-180
685	-178
686	-174
687	-170
687	-161
687	-155
689	-155
692	-154
695	-154
698	-156
701	-155
703	-154
706	-153
708	-152
711	-151
713	-151
716	-150
718	-149
721	-149
723	-148
726	-147
728	-146
731	-145
733	-144
736	-144
738	-143
741	-142
743	-140
745	-138
747	-136
747	-131
749	-128
750	-125
750	-119
752	-117
753	-112
719	-18
720	-15
721	-11
722	-7
723	-4
724	-1
726	1
728	2
731	2
734	2
736	3
738	4
741	4
744	3
747	2
751	-1
753	0
756	1
758	2
760	3
763	3
766	3
769	1
773	-1
775	1
778	1
780	2
782	3
785	3
882	-174
886	-174
889	-174
892	-174
895	-175
899	-175
902	-175
904	-175
908	-175
911	-175
914	-176
918	-178
921	-177
924	-177
927	-176
930	-176
933	-176
936	-176
941	-178
944	-179
947	-178
951	-180
956	-184
959	-183
964	-186
968	-188
970	-186
972	-183
975	-183
978	-183
981	-183
984	-182
987	-182
992	-185
994	-183
995	-179
996	-176
1001	-178
1004	-179
1007	-178
1011	-179
1015	-180
1018	-179
1021	-178
1023	-178
1026	-177
1031	-180
1034	-180
1038	-180
1042	-181
1045	-181
1048	-181
1051	-180
1054	-180
1058	-180
1061	-180
1064	-180
1067	-179
1070	-178
1072	-177
1075	-176
1081	-180
1083	-178
1086	-177
1089	-176
1091	-175
1094	-173
1096	-172
1099	-171
1102	-171
1106	-171
1109	-171
1111	-169
1113	-166
1115	-164
1117	-162
1123	-166
1126	-166
1130	-167
1133	-166
1139	-170
1147	-176
1150	-176
1155	-178
1157	-177
1160	-176
1163	-175
1166	-174
1169	-173
1172	-172
1175	-172
1184	-180
1188	-181
1191	-181
1194	-180
1197	-179
1201	-180
1205	-180
1208	-179
1212	-180
1216	-180
1219	-179
1222	-178
1226	-179
1229	-179
1232	-178
1238	-180
1242	-182
1245	-181
1249	-180
1253	-181
1256	-181
1260	-181
1263	-181
1268	-181
1271	-181
1274	-180
1278	-180
1281	-180
1285	-180
1289	-180
1292	-180
1296	-180
1299	-179
1303	-178
1306	-178
1310	-179
1316	-182
1321	-183
1329	-189
1332	-188
1335	-187
1339	-187
1344	-188
1348	-189
1352	-188
1352	-184
1353	-181
1355	-178
1361	-180
1369	-185
1370	-183
1373	-181
1377	-181
1376	-175
1378	-173
1381	-172
1385	-171
1389	-172
1393	-172
1396	-171
1402	-173
1406	-174
1413	-177
1422	-183
1429	-188
1432	-186
1430	-178
1431	-175
1433	-173
1438	-173
1445	-177
1452	-181
1458	-183
1461	-182
1463	-180
1465	-177
1466	-173
1469	-171
1472	-170
1476	-170
1482	-172
1486	-173
1490	-173
1496	-175
1504	-179
1508	-179
1510	-177
1513	-176
1517	-175
1523	-178
1534	-186
1540	-187
1542	-185
1547	-185
1549	-183
1553	-183
1556	-181
1559	-180
1564	-180
1570	-182
1574	-182
1576	-180
1579	-178
1584	-178
1588	-178
1593	-179
1596	-178
1600	-177
1603	-176
1607	-175
1611	-175
1619	-179
1620	-175
1621	-172
1624	-169
1628	-169
1633	-170
1638	-170
1643	-171
1652	-175
1657	-177
1660	-175
1662	-172
1665	-170
1669	-170
1672	-168
1675	-166
1678	-165
1682	-165
1686	-164
1690	-163
1694	-163
1698	-162
1703	-162
1708	-163
1712	-162
1714	-159
1716	-157
1719	-155
1725	-157
1733	-159
1737	-159
1742	-160
1750	-162
1756	-164
1759	-163
1762	-160
1764	-158
1767	-156
1771	-155
1778	-157
1782	-156
1783	-153
1786	-150
1789	-149
1793	-148
1797	-147
1802	-147
1808	-148
1813	-149
1818	-148
1821	-147
1827	-148
1833	-149
1834	-145
1837	-143
1841	-142
1847	-143
1852	-143
1854	-140
1857	-138
1860	-137
1864	-135
1867	-134
1871	-132
1874	-131
1878	-130
1883	-129
1885	-127
1888	-124
1893	-124
1899	-125
1907	-128
1915	-130
1916	-127
1919	-125
1928	-128
1935	-130
1940	-129
1943	-128
1945	-124
1945	-120
1946	-116
1948	-113
1950	-110
1952	-107
1956	-106
1962	-106
1967	-106
1974	-108
1976	-105
1979	-103
1986	-104
1991	-104
1995	-103
2000	-102
1999	-96
1997	-90
1997	-86
2000	-84
2005	-83
2009	-82
2012	-79
2017	-79
2029	-84
2048	-96
2057	-99
2061	-97
2063	-95
2066	-93
2071	-92
2076	-92
2081	-91
2087	-91
2088	-87
2092	-85
2098	-86
2102	-84
2105	-82
2112	-83
2112	-78
2115	-76
2120	-76
2127	-76
2133	-76
2140	-77
2143	-75
2145	-72
2149	-70
2153	-69
2157	-67
2163	-67
2168	-66
2170	-63
2171	-60
2178	-61
2181	-58
2182	-54
2184	-51
2186	-48
2187	-43
2187	-39
2189	-36
2189	-31
2188	-26
2191	-23
2195	-22
2197	-19
2200	-16
2202	-13
2203	-10
2203	-5
2203	-0
2206	2
2207	6
2206	11
2202	19
2203	23
2205	26
2204	31
2204	35
2204	40
2202	46
2203	50
2206	52
2209	55
2209	59
2211	62
2214	64
2216	68
2217	71
2217	76
2217	80
2218	84
2219	88
2222	90
2223	94
2223	98
2225	102
2224	106
2223	112
2223	116
2223	120
2227	122
2229	125
2231	128
2232	132
2233	135
2234	139
2235	143
2237	146
2239	149
2238	154
2237	159
2237	163
2238	167
2239	171
2241	174
2239	179
2241	182
2248	182
2249	186
2250	189
2252	192
2250	198
2251	202
2249	207
2247	212
2247	217
2248	220
2249	224
2251	227
2256	228
2259	230
2262	233
2263	236
2264	240
2266	243
2268	246
2270	249
2271	252
2274	254
2279	256
2279	260
2281	263
2284	266
2285	269
2285	273
2283	278
2286	281
2289	284
2289	288
2291	291
2291	294
2292	298
2292	302
2293	306
2294	310
2295	313
2295	317
2296	321
2296	325
2296	329
2297	333
2297	337
2297	341
2297	344
2299	347
2301	350
2301	355
2301	359
2302	362
2304	365
2307	367
2305	372
2307	376
2309	379
2308	383
2307	388
2308	391
2310	394
2312	397
2313	401
2315	403
2313	408
2314	412
2316	415
2316	419
2318	422
2319	425
2318	430
2315	435
2318	438
2321	440
2323	443
2323	447
2324	451
2324	454
2325	458
2325	462
2325	466
2323	471
2322	475
2323	478
2323	482
2322	487
2323	490
2325	493
2325	497
2325	501
2324	505
2327	508
2326	512
2325	516
2324	521
2324	525
2326	527
2328	531
2328	535
2328	538
2330	541
2331	544
2333	547
2333	551
2334	555
2333	559
2334	562
2335	565
2336	569
2335	573
2336	576
2339	579
2339	583
2342	585
2342	589
2340	594
2339	598
2342	600
2340	605
2342	608
2345	610
2346	614
2346	617
2346	621
2347	624
2348	628
2349	631
2348	635
2351	638
2352	641
2353	645
2353	648
2353	652
2354	655
2355	658
2358	661
2358	665
2358	668
2359	672
2359	675
2359	679
2359	683
2359	686
2359	690
2359	694
2359	698
2360	701
2362	704
2364	706
2364	710
2365	714
2366	717
2368	720
2368	723
2369	727
2370	730
2371	733
2374	736
2373	740
2374	743
2374	747
2374	750
2374	754
2374	758
2374	761
2376	764
2377	767
2378	771
2379	774
2379	778
2379	781
2379	785
2381	788
2380	792
2379	796
2379	799
2379	803
2381	806
2383	809
2385	812
2383	816
2381	820
2381	824
2381	827
2381	831
2383	834
2384	837
2383	841
2382	845
2382	848
2383	852
2384	855
2385	858
2385	862
2386	865
2388	868
2391	871
2393	873
2392	877
2390	881
2392	884
2392	888
2392	891
2394	894
2398	896
2398	900
2398	904
2399	907
2398	911
2398	914
2397	918
2397	922
2398	925
2399	928
2399	932
2400	935
2401	938
2401	942
2401	945
2401	949
2402	952
2404	955
2406	958
2408	961
2409	964
2408	968
2408	971
2408	974
2408	978
2407	982
2407	985
2408	988
2409	992
2410	995
2412	998
2412	1001
2411	1005
2411	1009
2412	1012
2413	1015
2413	1018
2414	1021
2414	1025
2415	1028
2416	1031
2417	1035
2418	1038
2418	1041
2417	1045
2419	1048
2421	1051
2422	1054
2424	1057
2425	1060
2426	1063
2428	1066
2428	1070
2429	1073
2429	1077
2427	1080
2428	1084
2428	1087
2428	1091
2429	1094
2430	1097
2430	1100
2429	1104
2429	1108
2430	1111
2430	1114
2431	1117
2432	1121
2432	1124
2430	1128
2431	1131
2432	1134
2432	1138
2430	1141
2428	1145
2429	1149
2429	1152
2430	1155
2430	1159
2433	1161
2431	1165
2432	1168
2432	1172
2431	1175
2432	1178
2432	1182
2434	1185
2435	1188
2436	1191
2436	1195
2438	1198
2439	1201
2437	1205
2437	1208
2436	1211
2437	1215
2437	1218
2438	1221
2442	1224
2444	1227
2440	1231
2440	1235
2439	1238
2440	1241
2441	1244
2443	1247
2445	1251
2443	1254
2441	1258
2441	1261
2442	1264
2442	1268
2443	1271
2444	1274
2442	1278
2442	1281
2446	1284
2445	1288
2444	1291
2444	1294
2444	1298
2445	1301
2443	1304
2445	1308
2446	1311
2448	1314
2447	1317
2447	1321
2446	1324
2447	1327
2449	1330
2448	1334
2449	1337
2450	1340
2450	1344
2449	1347
2451	1350
2450	1354
2450	1357
2449	1360
2450	1364
2449	1367
2451	1370
2452	1373
2452	1377
2455	1380
2456	1383
2456	1386
2457	1390
2456	1393
2457	1396
2457	1400
2458	1403
2460	1406
2459	1409
2459	1413
2461	1416
2462	1419
2463	1422
2461	1426
2461	1429
2462	1432
2460	1436
2459	1439
2460	1443
2461	1446
2463	1449
2464	1452
2463	1456
2462	1459
2464	1462
2465	1465
2463	1469
2462	1472
2465	1475
2468	1478
2468	1482
2469	1485
2470	1488
2470	1492
2469	1495
2469	1498
2470	1502
2470	1505
2471	1508
2472	1511
2473	1515
2472	1518
2472	1521
2472	1525
2473	1528
2476	1531
2476	1534
2474	1538
2474	1541
2475	1544
2478	1548
2478	1551
2478	1554
2477	1558
2476	1561
2477	1564
2478	1568
2479	1571
2477	1574
2477	1578
2478	1581
2478	1584
2478	1587
2480	1591
2481	1594
2481	1597
2480	1601
2480	1604
2479	1607
2479	1611
2480	1614
2481	1617
2482	1621
2482	1624
2483	1627
2484	1630
2484	1634
2484	1637
2485	1640
2485	1644
2484	1647
2484	1650
2484	1654
