2435	1652
2436	1656
2436	1659
2436	1662
2436	1665
2436	1669
2439	1675
2439	1678
2439	1682
2439	1685
2439	1688
2439	1692
2439	1695
2439	1698
2440	1701
2440	1705
2440	1708
2440	1711
2441	1714
2441	1718
2441	1721
2442	1724
2442	1728
2441	1731
2442	1734
2442	1737
2442	1741
2443	1744
2443	1747
2442	1751
2442	1754
2442	1757
2442	1760
2442	1764
2443	1767
2444	1770
2444	1774
2444	1777
2444	1780
2443	1783
2443	1787
2445	1790
2447	1793
2448	1797
2448	1800
2448	1803
2447	1807
2448	1810
2449	1813
2451	1817
2452	1820
2453	1823
2453	1827
2453	1830
2453	1833
2454	1837
2455	1840
2455	1843
2455	1847
2456	1850
2457	1853
2458	1857
2457	1860
2457	1863
2458	1867
2459	1870
2458	1873
2458	1877
2458	1880
2459	1883
2459	1887
2459	1890
2459	1893
2459	1897
2459	1900
2460	1903
2460	1907
2459	1910
2460	1913
2462	1917
2462	1920
2463	1924
2463	1927
2464	1930
2463	1934
2463	1937
2464	1940
2464	1944
2465	1947
2465	1950
2466	1954
2466	1957
2465	1961
2465	1964
2467	1967
2468	1971
2468	1974
2469	1978
2469	1981
2470	1985
2470	1988
2470	1991
2471	1995
2470	1998
2471	2001
2470	2005
2471	2008
2470	2012
2470	2015
2471	2018
2471	2022
2472	2025
2472	2029
2472	2032
2471	2035
2472	2039
2472	2042
2473	2046
2472	2049
2473	2052
2473	2056
2473	2059
2473	2063
2475	2066
2475	2070
2475	2073
2475	2077
2475	2080
2475	2083
2477	2087
2476	2090
2476	2094
2476	2097
2477	2101
2477	2104
2477	2107
2477	2111
2477	2114
2478	2118
2481	2122
2481	2125
2482	2129
2482	2132
2483	2136
2482	2139
2483	2143
2484	2146
2486	2150
2489	2154
2489	2158
2488	2161
2490	2165
2490	2168
2490	2172
2491	2175
2492	2179
2493	2183
2494	2186
2494	2190
2493	2193
2493	2196
2493	2200
2493	2204
2494	2207
2494	2211
2494	2214
2494	2218
2494	2221
2495	2225
2497	2229
2497	2232
2497	2236
2497	2239
2496	2243
2497	2246
2497	2250
2497	2253
2497	2257
2498	2260
2498	2264
2499	2268
2499	2271
2499	2275
2500	2279
2500	2282
2501	2286
2501	2290
2501	2293
2502	2297
2503	2301
2503	2304
2502	2307
2502	2311
2502	2315
2503	2318
2503	2322
2503	2325
2503	2329
2504	2333
2505	2337
2505	2340
2505	2344
2505	2348
2506	2351
2506	2355
2506	2358
2506	2362
2507	2366
2507	2370
2507	2373
2507	2377
2507	2380
2508	2384
2508	2388
2509	2392
2509	2395
2509	2399
2509	2403
2509	2406
2509	2410
2509	2414
2510	2418
2510	2421
2510	2425
2510	2428
2510	2432
2510	2436
2507	2439
2508	2442
2510	2447
2512	2451
2512	2455
2511	2458
2512	2462
2513	2466
2514	2470
2515	2474
2515	2477
2514	2481
2514	2485
2515	2489
2515	2492
2514	2496
2515	2500
2516	2504
2517	2508
2515	2511
2514	2514
2515	2518
2515	2522
2515	2526
2515	2529
2516	2533
2515	2537
2515	2541
2516	2545
2516	2548
2516	2552
2516	2556
2516	2560
2517	2564
2518	2568
2517	2571
2517	2575
2516	2579
2515	2582
2518	2587
2517	2590
2517	2594
2516	2598
2516	2601
2514	2605
2515	2609
2520	2614
2519	2618
2519	2622
2519	2625
2518	2629
2518	2633
2518	2636
2518	2640
2517	2644
2518	2648
2518	2652
2518	2656
2518	2659
2517	2663
2517	2667
2520	2672
2520	2676
2520	2680
2519	2683
2519	2687
2520	2691
2520	2695
2520	2699
2520	2703
2519	2706
2518	2710
2517	2714
2517	2717
2516	2721
2518	2726
2522	2731
2521	2735
2521	2739
2521	2742
2520	2746
2521	2750
2521	2755
2521	2759
2522	2763
2522	2767
2523	2771
2523	2775
2525	2780
2525	2784
2524	2788
2524	2792
2523	2795
2525	2800
2525	2804
2524	2807
2524	2812
2524	2816
2525	2820
2525	2824
2524	2828
2524	2832
2524	2836
2524	2840
2526	2845
2525	2849
2524	2852
2525	2857
2522	2860
2524	2864
2525	2869
2526	2873
2524	2877
2525	2881
2525	2885
2525	2890
2524	2893
2524	2897
2526	2902
2525	2906
2526	2911
2527	2915
2527	2919
2526	2923
2526	2927
2525	2931
2525	2935
2527	2940
2527	2944
2528	2949
2527	2953
2526	2957
2525	2960
2523	2963
2523	2968
2527	2974
2527	2978
2528	2983
2527	2987
2525	2990
2525	2994
2525	2999
2525	3003
2525	3007
2525	3011
2523	3014
2522	3018
2523	3023
2524	3028
2524	3032
2526	3037
2526	3042
2526	3046
2526	3050
2526	3055
2527	3059
2526	3064
2526	3068
2526	3072
2526	3077
2527	3081
2527	3086
2524	3089
2522	3092
2519	3095
2520	3099
2520	3104
2520	3109
2520	3113
2519	3117
2517	3120
2516	3124
2516	3128
2516	3133
2516	3137
2517	3142
2517	3147
2517	3151
2514	3154
2482	3140
2463	3133
2457	3135
2456	3138
2455	3142
2452	3145
2449	3147
2446	3150
2449	3156
2511	3206
2512	3211
2511	3215
2509	3219
2511	3224
2510	3228
2510	3233
2510	3237
2508	3241
2507	3245
2508	3250
2507	3254
2506	3258
2504	3262
2504	3266
2506	3272
2507	3277
2507	3282
2507	3286
2507	3291
2504	3294
2502	3297
2504	3303
2505	3309
2503	3312
2502	3316
2502	3321
2503	3326
2501	3330
2500	3334
2499	3338
2500	3343
2500	3348
2499	3352
2499	3357
2499	3362
2497	3366
2498	3370
2499	3376
2497	3380
2495	3383
2495	3388
2495	3393
2493	3396
2491	3400
2489	3403
2487	3407
2485	3411
2484	3414
2486	3421
2487	3426
2486	3431
2486	3436
2485	3440
2483	3444
2481	3447
2480	3451
2479	3455
2479	3460
2478	3465
2477	3469
2475	3473
2474	3476
2473	3481
2475	3487
2473	3491
2473	3495
2472	3500
2472	3505
2470	3509
2469	3513
2467	3517
2466	3521
2465	3525
2465	3530
2465	3535
2463	3539
2461	3542
2458	3546
2462	3553
2462	3559
2461	3563
2460	3567
2459	3572
2457	3576
2456	3580
2455	3584
2454	3589
2452	3592
2450	3596
2450	3601
2449	3606
2448	3610
2446	3614
2446	3619
2445	3623
2443	3627
2442	3632
2440	3636
2438	3639
2438	3644
2437	3649
2435	3652
2434	3657
2433	3661
2431	3665
2429	3669
2427	3672
2428	3679
2427	3683
2425	3687
2423	3691
2411	3687
2388	3674
2383	3674
2380	3678
2381	3683
2381	3689
2378	3692
2378	3697
2394	3716
2407	3732
2410	3740
2411	3746
2409	3750
2407	3754
2405	3758
2404	3763
2402	3767
2400	3770
2400	3776
2400	3781
2398	3785
2396	3789
2394	3792
2392	3796
2391	3801
2389	3805
2389	3811
2387	3815
2385	3819
2384	3823
2382	3827
2381	3832
2379	3836
2378	3841
2376	3845
2375	3849
2373	3853
2370	3857
2368	3861
2368	3866
2366	3870
2365	3875
2364	3879
2361	3883
2361	3888
2359	3892
2356	3896
2354	3899
2351	3903
2349	3907
2349	3912
2346	3916
2344	3920
2342	3924
2340	3927
2339	3933
2337	3936
2335	3940
2332	3944
2331	3949
2329	3952
2330	3960
2329	3965
2081	3734
2079	3737
2077	3740
2075	3744
2075	3749
2073	3753
2074	3765
2071	3767
2068	3769
2066	3774
2067	3780
2309	4024
2306	4027
2302	4030
2301	4034
2298	4038
2297	4043
2294	4046
2291	4049
2288	4052
2286	4056
2285	4061
2283	4066
2281	4070
2278	4074
2277	4078
2274	4082
2272	4086
2269	4089
2267	4093
2265	4098
2263	4102
2261	4106
2258	4110
2257	4114
2255	4119
2255	4125
2252	4128
2249	4132
2247	4136
2246	4141
2243	4145
2241	4149
2239	4153
2237	4157
2234	4161
2232	4166
2230	4170
2228	4174
2225	4178
2223	4181
2221	4186
2218	4189
2216	4194
2214	4198
2211	4201
2208	4205
2205	4208
2202	4211
2200	4215
2199	4221
2197	4226
2195	4230
2194	4235
2192	4240
2190	4244
2187	4248
2184	4251
2181	4255
2178	4258
2176	4262
2174	4267
2171	4270
2169	4275
2167	4279
2164	4283
2162	4287
2160	4292
2159	4298
2157	4303
2156	4308
2153	4312
2150	4315
2148	4320
2145	4323
2143	4328
2141	4332
2139	4337
2137	4341
2134	4345
2132	4349
2127	4351
2124	4354
2121	4358
2118	4361
2113	4362
2109	4365
2106	4368
2104	4373
2101	4376
2099	4381
2096	4384
2093	4387
2091	4392
2088	4396
2086	4400
2085	4406
2083	4411
2080	4415
2077	4419
2075	4423
2072	4427
2070	4432
2066	4434
2063	4437
2060	4442
2058	4446
2055	4450
2053	4454
2050	4458
2048	4463
2045	4467
2043	4471
2040	4476
2039	4481
2036	4485
2034	4490
2031	4494
2029	4498
2026	4503
2024	4508
2022	4513
2020	4517
2017	4522
2014	4525
2012	4529
2010	4535
2007	4539
2005	4544
2003	4548
2000	4553
1999	4559
1997	4565
1996	4570
1993	4575
1991	4580
1988	4584
1986	4589
1984	4594
1982	4599
1979	4603
1976	4607
1972	4610
1969	4614
1966	4618
1964	4622
1960	4626
1958	4630
1955	4634
1952	4638
1949	4642
1946	4646
1943	4650
1939	4652
1934	4653
1930	4656
1927	4659
1923	4663
1921	4667
1917	4670
1913	4672
1910	4676
1909	4683
1906	4687
1902	4689
1897	4691
1893	4694
1889	4696
1886	4700
1883	4704
1880	4708
1876	4710
1873	4715
1870	4718
1867	4722
1864	4726
1860	4729
1857	4732
1854	4737
1850	4740
1847	4743
1844	4747
1841	4752
1838	4756
1834	4759
1830	4762
1827	4765
1824	4769
1820	4772
1819	4779
1816	4783
1813	4788
1812	4795
1810	4802
1808	4807
1805	4811
1802	4815
1799	4820
1797	4825
1794	4829
1790	4833
1786	4836
1783	4839
1779	4842
1777	4849
1774	4853
1771	4857
1767	4861
1764	4864
1761	4868
1757	4871
1753	4874
1749	4876
1745	4879
1741	4883
1737	4885
1733	4888
1730	4891
1726	4896
1725	4903
1722	4908
1720	4913
1716	4917
1713	4921
1709	4924
1706	4928
1701	4930
1699	4935
1696	4940
1693	4945
1690	4951
1687	4954
1683	4958
1680	4961
1676	4964
1672	4968
1669	4972
1665	4975
1661	4978
1658	4983
1655	4988
1652	4992
1648	4995
1644	4999
1640	5000
1635	5002
1631	5004
1627	5007
1623	5011
1620	5016
1618	5023
1614	5025
1609	5026
1604	5028
1600	5031
1596	5034
1592	5036
1588	5039
1584	5041
1579	5043
1575	5045
1571	5048
1567	5052
1564	5056
1560	5059
1556	5063
1552	5065
1548	5068
1544	5072
1542	5079
1539	5084
1535	5086
1530	5089
1526	5092
1522	5095
1518	5097
1514	5100
1509	5100
1505	5103
1500	5106
1496	5109
1492	5112
1488	5114
1484	5117
1480	5121
1477	5126
1473	5129
1468	5130
1463	5131
1458	5133
1454	5136
1450	5138
1446	5141
1444	5150
1440	5152
1436	5155
1432	5157
1427	5159
1422	5161
1419	5165
1414	5168
1410	5171
1407	5176
1403	5179
1398	5180
1394	5182
1389	5185
1385	5188
1383	5196
1380	5201
1376	5204
1371	5206
1366	5207
1362	5209
1358	5212
1353	5214
1348	5216
1344	5218
1339	5220
1336	5224
1332	5228
1327	5230
1323	5233
1320	5240
1317	5244
1313	5248
1309	5252
1305	5256
1302	5261
1298	5265
1294	5269
1290	5272
1286	5276
1282	5280
1278	5283
1273	5284
1269	5287
1264	5290
1260	5293
1255	5295
1251	5298
1247	5301
1243	5305
1240	5311
1235	5314
1231	5317
1227	5320
1223	5323
1218	5326
1214	5329
1210	5333
1205	5335
1201	5339
1198	5343
1193	5347
1189	5349
1184	5352
1180	5355
1176	5358
1172	5362
1167	5365
1163	5368
1158	5370
1154	5374
1150	5377
1146	5380
1141	5382
1137	5387
1133	5390
1128	5392
1123	5392
1117	5392
1113	5395
1109	5399
1105	5402
1100	5405
1095	5405
1090	5407
1085	5408
1080	5408
1075	5409
1071	5413
1066	5416
1062	5420
1057	5421
1052	5423
1048	5425
1043	5427
1038	5429
1033	5431
1029	5434
1024	5436
1020	5440
1016	5445
1012	5448
1007	5449
1001	5450
996	5450
991	5451
986	5452
982	5454
977	5456
972	5458
967	5460
962	5462
957	5462
952	5463
947	5466
943	5469
938	5471
934	5474
930	5480
925	5483
920	5482
915	5483
910	5486
906	5488
901	5490
896	5491
890	5491
885	5490
879	5488
874	5490
869	5491
864	5491
859	5491
854	5493
850	5499
845	5502
840	5502
836	5504
831	5506
826	5506
821	5508
815	5507
810	5508
805	5509
800	5512
796	5515
791	5517
786	5519
782	5521
777	5524
772	5525
766	5524
761	5523
755	5521
750	5519
744	5518
739	5519
734	5522
730	5525
725	5527
720	5528
715	5530
710	5533
707	5542
702	5544
697	5546
693	5549
688	5551
683	5553
678	5553
672	5553
668	5555
663	5557
658	5559
653	5559
648	5561
643	5563
638	5563
633	5566
628	5570
624	5574
619	5577
614	5578
609	5579
604	5582
599	5583
594	5585
589	5585
584	5584
578	5582
573	5582
568	5583
562	5583
558	5587
553	5591
548	5593
543	5594
538	5597
534	5600
529	5604
524	5605
519	5607
514	5606
508	5605
503	5606
498	5607
493	5608
488	5610
483	5611
478	5612
473	5615
468	5617
463	5620
458	5618
452	5617
447	5617
442	5617
437	5617
431	5616
426	5615
421	5615
415	5615
410	5616
406	5619
400	5621
395	5622
390	5621
385	5622
380	5623
375	5626
370	5627
365	5628
360	5629
354	5629
349	5631
344	5633
339	5635
334	5635
329	5638
324	5639
319	5641
314	5641
309	5642
303	5641
298	5640
293	5637
287	5635
282	5633
277	5633
271	5632
266	5632
261	5633
256	5633
251	5634
246	5635
241	5637
235	5638
230	5639
225	5640
220	5641
215	5642
210	5643
205	5643
199	5642
194	5642
189	5641
183	5637
178	5640
127	5014
123	5015
119	5014
114	5011
109	5008
105	5008
101	5009
96	5008
92	5000
87	4993
83	4991
78	4983
74	4982
69	4983
65	4989
61	4990
57	4990
52	4992
48	4998
44	5007
40	5007
35	5007
31	5006
27	5008
22	5011
18	5012
14	5005
17	5625
12	5621
7	5620
2	5620
-3	5621
-9	5623
-14	5622
-19	5620
-24	5617
-29	5617
-34	5619
-39	5620
-45	5620
-50	5614
-55	5611
-60	5610
-65	5610
-70	5610
-75	5611
-81	5610
-86	5609
-91	5609
-96	5609
-101	5609
-106	5608
-111	5607
-116	5604
-122	5601
-127	5597
-132	5597
-137	5598
-142	5599
-147	5600
-152	5598
-157	5595
-162	5592
-167	5589
-172	5587
-178	5587
-183	5587
-188	5587
-193	5588
-198	5587
-203	5586
-208	5585
-213	5583
-218	5582
-223	5582
-228	5581
-234	5582
-239	5582
-244	5581
-249	5581
-254	5581
-259	5580
-264	5580
-269	5578
-274	5578
-279	5577
-284	5575
-289	5574
-294	5574
-300	5574
-305	5572
-310	5571
-315	5571
-320	5570
-325	5571
-330	5570
-335	5568
-340	5568
-345	5568
-350	5567
-355	5566
-360	5567
-366	5567
-371	5569
-376	5570
-381	5569
-386	5567
-391	5567
-396	5568
-401	5567
-406	5567
-411	5565
-416	5564
-421	5562
-426	5555
-431	5553
-436	5553
-441	5556
-446	5557
-451	5553
-456	5551
-461	5550
-466	5549
-471	5548
-476	5547
-481	5545
-486	5546
-491	5545
-496	5546
-501	5545
-506	5543
-511	5543
-518	5554
-523	5554
-532	5541
-537	5541
-542	5540
-547	5539
-552	5539
-557	5538
-562	5538
-567	5536
-572	5535
-577	5535
-582	5536
-587	5534
-592	5534
-597	5534
-603	5534
-607	5532
-612	5531
-617	5529
-622	5527
-627	5524
-632	5523
-637	5522
-642	5519
-646	5518
-651	5515
-656	5512
-661	5510
-665	5509
-670	5508
-675	5507
-680	5505
-685	5502
-690	5501
-695	5500
-700	5498
-704	5495
-709	5493
-713	5488
-718	5486
-723	5485
-728	5484
-733	5483
-738	5482
-743	5481
-748	5480
-753	5480
-758	5480
-763	5481
-769	5483
-774	5482
-779	5481
-784	5480
-789	5481
-794	5479
-799	5477
-804	5477
-809	5478
-814	5477
-819	5476
-824	5475
-829	5474
-834	5472
-839	5472
-844	5470
-848	5468
-853	5467
-859	5468
-864	5468
-869	5469
-874	5468
-879	5466
-884	5465
-889	5464
-894	5462
-899	5463
-904	5463
-909	5462
-914	5461
-920	5462
-924	5460
-929	5459
-934	5458
-938	5453
-942	5448
-947	5446
-952	5443
-956	5441
-961	5439
-965	5436
-970	5433
-974	5428
-978	5424
-983	5422
-988	5421
-993	5421
-998	5419
-1003	5419
-1008	5419
-1014	5422
-1019	5419
-1023	5416
-1027	5413
-1032	5411
-1037	5408
-1041	5406
-1046	5404
-1051	5403
-1056	5401
-1060	5400
-1065	5399
-1070	5397
-1075	5396
-1080	5395
-1085	5395
-1090	5394
-1095	5394
-1100	5391
-1104	5386
-1108	5382
-1112	5379
-1117	5377
-1121	5374
-1126	5372
-1130	5368
-1134	5366
-1140	5366
-1145	5366
-1150	5365
-1155	5365
-1160	5365
-1165	5363
-1170	5362
-1175	5360
-1179	5359
-1184	5358
-1190	5359
-1195	5358
-1200	5359
-1206	5360
-1211	5358
-1216	5358
-1221	5358
-1227	5359
-1232	5358
-1237	5357
-1241	5355
-1247	5354
-1251	5351
-1255	5347
-1260	5346
-1265	5346
-1270	5345
-1275	5344
-1280	5344
-1286	5345
-1291	5345
-1296	5344
-1301	5343
-1306	5342
-1311	5340
-1316	5339
-1320	5335
-1324	5332
-1329	5329
-1333	5327
-1338	5325
-1343	5323
-1348	5322
-1352	5321
-1357	5319
-1362	5318
-1367	5316
-1371	5314
-1375	5310
-1380	5308
-1385	5307
-1389	5302
-1392	5298
-1396	5293
-1400	5290
-1404	5287
-1409	5285
-1414	5283
-1418	5279
-1422	5275
-1427	5275
-1431	5272
-1436	5272
-1441	5271
-1448	5274
-1454	5274
-1459	5275
-1464	5275
-1470	5274
-1475	5273
-1480	5272
-1484	5270
-1489	5267
-1494	5267
-1500	5267
-1504	5265
-1509	5264
-1515	5264
-1519	5261
-1524	5259
-1528	5258
-1533	5257
-1538	5256
-1543	5254
-1548	5252
-1553	5252
-1558	5250
-1563	5248
-1567	5246
-1572	5245
-1577	5244
-1582	5243
-1587	5241
-1591	5238
-1596	5236
-1600	5233
-1605	5231
-1610	5230
-1614	5227
-1618	5224
-1623	5222
-1627	5219
-1631	5216
-1636	5214
-1641	5212
-1645	5209
-1649	5207
-1653	5202
-1657	5198
-1660	5193
-1664	5190
-1668	5186
-1670	5179
-1673	5173
-1676	5168
-1681	5166
-1686	5165
-1690	5162
-1694	5158
-1698	5155
-1703	5155
-1708	5154
-1713	5152
-1718	5151
-1723	5149
-1727	5147
-1732	5145
-1737	5144
-1741	5141
-1746	5139
-1751	5138
-1756	5137
-1761	5136
-1766	5134
-1771	5133
-1775	5130
-1780	5129
-1786	5128
-1793	5132
-1799	5132
-1805	5132
-1809	5131
-1814	5128
-1817	5124
-1822	5122
-1827	5121
-1832	5119
-1837	5117
-1841	5116
-1846	5113
-1851	5112
-1854	5108
-1858	5104
-1862	5101
-1866	5098
-1870	5095
-1875	5092
-1879	5090
-1884	5088
-1888	5085
-1893	5084
-1898	5081
-1901	5077
-1905	5074
-1910	5072
-1914	5070
-1919	5068
-1924	5066
-1929	5065
-1934	5064
-1938	5061
-1942	5058
-1946	5055
-1951	5053
-1957	5052
-1961	5049
-1965	5047
-1970	5046
-1975	5044
-1981	5043
-1986	5042
-1990	5040
-1994	5037
-1998	5033
-2003	5032
-2009	5032
-2014	5031
-2019	5029
-2024	5026
-2028	5024
-2032	5021
-2037	5020
-2042	5018
-2046	5015
-2051	5013
-2055	5010
-2058	5006
-2062	5002
-2068	5001
-2072	4999
-2076	4995
-2079	4990
-2082	4986
-2086	4982
-2089	4979
-2093	4975
-2097	4972
-2100	4967
-2104	4964
-2107	4959
-2110	4955
-2114	4952
-2118	4949
-2125	4950
-2131	4949
-2133	4944
-2137	4940
-2140	4936
-2143	4932
-2147	4927
-2150	4924
-2154	4920
-2158	4917
-2162	4914
-2166	4911
-2171	4909
-2176	4908
-2178	4902
-2182	4899
-2187	4896
-2190	4893
-2195	4890
-2199	4888
-2203	4885
-2208	4882
-2212	4880
-2216	4877
-2220	4874
-2224	4871
-2229	4869
-2234	4867
-2239	4865
-2243	4862
-2247	4859
-2252	4857
-2255	4854
-2259	4851
-2263	4848
-2268	4845
-2272	4842
-2276	4840
-2282	4839
-2285	4835
-2289	4832
-2293	4829
-2298	4826
-2302	4824
-2307	4822
-2310	4818
-2313	4813
-2318	4811
-2323	4810
-2328	4808
-2331	4804
-2334	4800
-2340	4798
-2344	4795
-2348	4792
-2352	4789
-2357	4787
-2361	4785
-2366	4783
-2371	4781
-2375	4778
-2378	4774
-2381	4770
-2385	4766
-2389	4763
-2394	4761
-2399	4760
-2404	4758
-2408	4755
-2412	4752
-2416	4749
-2420	4746
-2425	4743
-2429	4740
-2432	4736
-2439	4736
-2445	4736
-2452	4737
-2457	4735
-2459	4730
-2462	4725
-2465	4721
-2469	4718
-2473	4714
-2477	4712
-2481	4709
-2485	4706
-2489	4702
-2493	4699
-2497	4696
-2501	4693
-2504	4689
-2508	4686
-2512	4682
-2515	4678
-2518	4673
-2521	4669
-2524	4665
-2527	4661
-2533	4659
-2538	4658
-2543	4656
-2547	4653
-2551	4650
-2554	4646
-2558	4643
-2563	4640
-2567	4638
-2571	4634
-2574	4631
-2578	4627
-2581	4622
-2585	4619
-2589	4617
-2593	4613
-2596	4609
-2600	4606
-2604	4603
-2606	4598
-2611	4595
-2615	4592
-2619	4589
-2624	4587
-2627	4583
-2630	4579
-2634	4576
-2637	4572
-2640	4567
-2643	4563
-2647	4559
-2650	4555
-2653	4551
-2656	4547
-2660	4544
-2665	4542
-2669	4539
-2673	4536
-2677	4533
-2680	4529
-2684	4525
-2688	4522
-2691	4518
-2695	4514
-2697	4509
-2700	4505
-2701	4499
-2704	4495
-2707	4490
-2710	4487
-2713	4482
-2715	4477
-2718	4473
-2720	4468
-2723	4463
-2725	4459
-2729	4455
-2732	4451
-2736	4448
-2739	4443
-2741	4438
-2744	4434
-2747	4430
-2749	4425
-2751	4420
-2754	4416
-2757	4412
-2761	4409
-2764	4405
-2767	4401
-2770	4397
-2774	4393
-2777	4389
-2779	4384
-2780	4378
-2783	4374
-2786	4370
-2789	4366
-2793	4363
-2797	4360
-2800	4355
-2802	4351
-2805	4347
-2809	4343
-2811	4339
-2814	4335
-2816	4330
-2819	4325
-2822	4321
-2825	4318
-2828	4313
-2831	4309
-2834	4305
-2837	4301
-2839	4297
-2842	4292
-2846	4289
-2849	4285
-2853	4282
-2856	4278
-2858	4273
-2862	4270
-2867	4267
-2873	4266
-2880	4266
-2886	4265
-2889	4261
-2892	4256
-2893	4251
-2893	4244
-2895	4239
-2898	4235
-2902	4232
-2900	4224
-2901	4218
-2901	4211
-2902	4206
-2903	4199
-2903	4193
-2904	4187
-2906	4182
-2908	4178
-2911	4173
-2913	4169
-2914	4163
-2916	4158
-2919	4155
-2922	4150
-2925	4146
-2926	4141
-2928	4136
-2930	4131
-2932	4127
-2935	4122
-2937	4118
-2940	4114
-2942	4109
-2944	4105
-2947	4100
-2949	4096
-2952	4092
-2955	4088
-2957	4083
-2960	4079
-2963	4076
-2966	4072
-2969	4067
-2972	4064
-2973	4059
-2976	4054
-2979	4050
-2982	4047
-2985	4043
-2987	4038
-2990	4034
-2992	4029
-2995	4025
-2997	4020
-2997	4015
-3000	4011
-3005	4008
-3008	4004
-3009	3999
-3011	3994
-3013	3990
-3017	3986
-3022	3984
-3028	3982
-3032	3980
-3035	3976
-3040	3973
-3044	3970
-3045	3965
-3044	3958
-3045	3952
-3044	3946
-3043	3939
-3044	3933
-3044	3927
-3044	3921
-3044	3915
-3045	3910
-3046	3905
-3047	3899
-3049	3894
-3049	3889
-3049	3882
-3048	3876
-3048	3869
-3047	3863
-3048	3857
-3048	3852
-3048	3845
-3049	3840
-3051	3836
-3053	3831
-3053	3826
-3054	3820
-3056	3816
-3059	3812
-3057	3805
-3058	3800
-3061	3796
-3064	3792
-3066	3787
-3067	3782
-3067	3777
-3068	3772
-3066	3764
-3065	3758
-3065	3752
-3065	3746
-3066	3741
-3067	3736
-3067	3730
-3069	3726
-3071	3721
-3070	3715
-3070	3710
-3070	3703
-3070	3698
-3072	3693
-3072	3688
-3070	3681
-3072	3677
-3075	3673
-3076	3668
-3078	3664
-3078	3658
-3072	3649
-3073	3644
-3076	3640
-3078	3635
-3079	3631
-3079	3625
-3079	3620
-3079	3614
-3079	3608
-3080	3603
-3084	3600
-3086	3596
-3085	3590
-3084	3584
-3086	3579
-3082	3572
-3082	3566
-3082	3561
-3084	3556
-3085	3551
-3084	3546
-3084	3540
-3085	3535
-3086	3530
-3084	3523
-3084	3518
-3083	3512
-3082	3506
-3083	3501
-3084	3496
-3082	3490
-3083	3485
-3082	3479
-3081	3473
-3083	3469
-3085	3465
-3087	3461
-3089	3457
-3089	3452
-3088	3446
-3088	3440
-3089	3436
-3090	3431
-3088	3424
-3087	3418
-3088	3414
-3090	3410
-3090	3405
-3091	3400
-3091	3395
-3093	3391
-3094	3386
-3092	3379
-3089	3373
-3090	3368
-3090	3363
-3091	3358
-3091	3353
-3093	3349
-3093	3344
-3091	3337
-3090	3332
-3089	3326
-3088	3321
-3090	3316
-3091	3312
-3092	3307
-3091	3302
-3089	3296
-3089	3290
-3089	3285
-3090	3281
-3092	3277
-3091	3271
-3089	3265
-3088	3260
-3089	3255
-3090	3251
-3091	3246
-3091	3241
-3090	3236
-3089	3230
-3087	3224
-3086	3219
-3086	3214
-3085	3208
-3084	3203
-3086	3199
-3086	3194
-3085	3188
-3082	3182
-3084	3178
-3085	3173
-3084	3168
-3083	3163
-3083	3158
-3082	3153
-3082	3147
-3083	3143
-3084	3139
-3083	3133
-3082	3128
-3080	3123
-3079	3117
-3081	3113
-3078	3107
-3076	3101
-3077	3097
-3077	3092
-3076	3087
-3077	3082
-3078	3078
-3078	3073
-3078	3068
-3078	3064
-3077	3059
-3077	3054
-3076	3049
-3075	3043
-3076	3039
-3074	3033
-3074	3029
-3075	3024
-3077	3020
-3076	3015
-3075	3010
-3074	3005
-3075	3001
-3075	2996
-3072	2990
-3071	2985
-3071	2980
-3070	2975
-3070	2971
-3070	2966
-3068	2960
-3068	2956
-3068	2951
-3068	2947
-3068	2942
-3068	2937
-3065	2931
-3064	2927
-3068	2923
-3067	2918
-3066	2913
-3066	2909
-3066	2904
-3066	2900
-3065	2895
-3062	2889
-3061	2884
-3060	2879
-3058	2874
-3058	2869
-3058	2865
-3060	2861
-3058	2856
-3057	2851
-3058	2847
-3057	2842
-3057	2837
-3057	2833
-3056	2828
-3057	2824
-3053	2818
-3053	2813
-3052	2808
-3052	2804
-3051	2799
-3052	2795
-3052	2791
-3052	2786
-3050	2781
-3050	2777
-3050	2772
-3051	2768
-3050	2763
-3050	2759
-3049	2754
-3048	2749
-3046	2744
-3044	2739
-3045	2735
-3044	2730
-3045	2726
-3043	2721
-3043	2717
-3044	2713
-3044	2709
-3044	2704
-3044	2700
-3044	2695
-3045	2691
-3045	2687
-3047	2683
-3042	2677
-3040	2672
-3038	2667
-3037	2663
-3038	2659
-3036	2654
-3036	2650
-3037	2645
-3035	2641
-3034	2636
-3033	2631
-3028	2626
-3028	2621
-3029	2617
-3029	2613
-3029	2609
-3029	2604
-3028	2600
-3029	2596
-3028	2591
-3026	2587
-3025	2582
-3025	2578
-3026	2574
-3025	2569
-3026	2565
-3025	2561
-3025	2557
-3024	2552
-3023	2548
-3020	2543
-3019	2538
-3019	2534
-3018	2529
-3018	2525
-3015	2520
-3014	2516
-3013	2511
-3012	2507
-3010	2502
-3009	2498
-3008	2493
-3007	2489
-3006	2485
-3004	2480
-3004	2476
-3001	2471
-3001	2467
-3001	2463
-3001	2458
-3000	2454
-2998	2449
-2994	2444
-2995	2441
-2995	2436
-2994	2432
-2993	2428
-2992	2423
-2992	2419
-2990	2415
-2985	2410
-2985	2405
-2985	2401
-2986	2398
-2982	2393
-2982	2388
-2983	2385
-2983	2381
-2980	2376
-2977	2371
-2975	2367
-2975	2363
-2976	2359
-2976	2355
-2975	2350
-2974	2346
-2973	2342
-2972	2338
-2970	2333
-2969	2329
-2969	2325
-2968	2321
-2968	2317
-2967	2313
-2965	2308
-2964	2304
-2964	2300
-2964	2296
-2963	2292
-2961	2288
-2957	2283
-2957	2279
-2957	2275
-2954	2270
-2954	2267
-2952	2262
-2953	2258
-2953	2255
-2952	2250
-2950	2246
-2948	2242
-2946	2238
-2947	2234
-2945	2229
-2945	2225
-2943	2221
-2942	2217
-2942	2213
-2942	2209
-2939	2205
-2938	2201
-2938	2197
-2934	2192
-2934	2189
-2935	2185
-2933	2181
-2932	2177
-2930	2172
-2929	2168
-2929	2164
-2926	2160
-2924	2156
-2925	2152
-2925	2148
-2923	2144
-2921	2140
-2919	2136
-2918	2132
-2920	2128
-2918	2124
-2918	2120
-2917	2117
-2916	2113
-2915	2108
-2913	2104
-2909	2100
-2907	2096
-2909	2092
-2907	2088
-2907	2085
-2905	2081
-2903	2076
-2901	2072
-2900	2068
-2901	2065
-2902	2061
-2902	2057
-2900	2053
-2896	2049
-2893	2045
-2892	2041
-2894	2037
-2892	2034
-2892	2030
-2891	2026
-2890	2022
-2888	2018
-2887	2014
-2885	2010
-2885	2006
-2885	2003
-2884	1999
-2883	1995
-2882	1991
-2881	1987
-2879	1983
-2879	1980
-2877	1976
-2877	1972
-2876	1968
-2874	1964
-2870	1960
-2869	1956
-2870	1953
-2870	1949
-2872	1945
-2870	1942
-2868	1938
-2866	1934
-2865	1930
-2865	1926
-2864	1922
-2862	1919
-2861	1915
-2863	1911
-2861	1907
-2860	1904
-2859	1900
-2859	1896
-2857	1892
-2855	1889
-2856	1885
-2855	1881
-2852	1877
-2850	1874
-2852	1870
-2850	1866
-2850	1863
-2847	1859
-2847	1855
-2846	1851
-2845	1848
-2845	1844
-2845	1840
-2845	1837
-2845	1833
-2843	1829
-2842	1826
-2840	1822
-2839	1818
-2837	1814
-2837	1811
-2838	1807
-2837	1803
-2837	1800
-2836	1796
-2834	1792
-2832	1789
-2831	1785
-2831	1781
-2831	1778
-2830	1774
-2827	1770
-2825	1767
-2826	1763
-2826	1760
-2825	1756
-2824	1752
-2824	1749
-2823	1745
-2822	1741
-2820	1738
-2818	1734
-2817	1730
-2818	1727
-2817	1723
-2817	1720
-2815	1716
-2812	1712
-2812	1709
-2813	1705
-2809	1702
-2809	1698
-2809	1694
-2808	1691
-2808	1687
-2808	1684
-2809	1680
-2808	1676
-2807	1673
-2806	1669
-2805	1666
-2804	1662
-2803	1658
-2801	1655
-2801	1651
-2800	1648
-2799	1644
-2798	1641
-2795	1637
-2794	1633
-2792	1630
-2791	1626
-2791	1623
-2790	1619
-2789	1616
-2788	1612
-2787	1609
-2785	1605
-2782	1602
-2781	1598
-2781	1595
-2780	1591
-2780	1587
-2780	1584
-2779	1580
-2776	1577
-2773	1573
-2773	1570
-2774	1566
-2775	1563
-2774	1559
-2772	1556
-2769	1552
-2769	1549
-2769	1545
-2767	1542
-2766	1538
-2765	1535
-2764	1531
-2763	1528
-2762	1524
-2760	1521
-2758	1517
-2758	1514
-2757	1510
-2754	1507
-2754	1504
-2754	1500
-2754	1497
-2754	1493
-2750	1490
-2749	1486
-2749	1483
-2749	1479
-2747	1476
-2746	1472
-2748	1469
-2747	1465
-2745	1462
-2745	1458
-2746	1455
-2743	1451
-2741	1448
-2740	1445
-2739	1441
-2739	1438
-2738	1434
-2737	1431
-2734	1427
-2734	1424
-2733	1421
-2730	1417
-2729	1414
-2729	1410
-2729	1407
-2728	1403
-2726	1400
-2725	1397
-2724	1393
-2724	1390
-2721	1387
-2718	1383
-2719	1380
-2718	1376
-2717	1373
-2716	1369
-2714	1366
-2714	1363
-2713	1359
-2711	1356
-2710	1353
-2709	1349
-2710	1346
-2708	1342
-2708	1339
-2706	1336
-2703	1332
-2703	1329
-2702	1325
-2700	1322
-2699	1319
-2699	1315
-2697	1312
-2697	1309
-2695	1305
-2694	1302
-2693	1299
-2691	1295
-2689	1292
-2688	1289
-2686	1286
-2687	1282
-2686	1278
-2685	1275
-2684	1272
-2684	1268
-2683	1265
-2682	1262
-2680	1258
-2678	1255
-2678	1252
-2678	1248
-2677	1245
-2676	1241
-2675	1238
-2674	1235
-2671	1232
-2672	1228
-2671	1225
-2669	1222
-2668	1218
-2667	1215
-2667	1211
-2665	1208
-2664	1205
-2662	1202
-2661	1198
-2662	1195
-2660	1191
-2658	1188
-2659	1185
-2657	1181
-2656	1178
-2655	1175
-2654	1171
-2652	1168
-2652	1165
-2650	1162
-2649	1158
-2649	1155
-2648	1152
-2646	1148
-2646	1145
-2645	1142
-2643	1138
-2642	1135
-2639	1132
-2637	1129
-2637	1126
-2637	1122
-2636	1119
-2635	1115
-2634	1112
-2633	1109
-2632	1106
-2631	1102
-2630	1099
-2628	1096
-2627	1093
-2626	1089
-2624	1086
-2621	1083
-2620	1080
-2620	1076
-2619	1073
-2618	1070
-2619	1066
-2618	1063
-2617	1059
-2615	1056
-2613	1053
-2614	1050
-2612	1047
-2610	1044
-2609	1040
-2607	1037
-2606	1034
-2607	1030
-2606	1027
-2605	1024
-2604	1020
-2602	1017
-2601	1014
-2599	1011
-2598	1007
-2598	1004
-2596	1001
-2594	998
-2592	995
-2592	991
-2592	988
-2591	984
-2589	981
-2589	978
-2587	975
-2587	971
-2586	968
-2585	965
-2584	962
-2583	958
-2582	955
-2580	952
-2579	949
-2578	945
-2577	942
-2576	939
-2574	936
-2573	932
-2572	929
-2571	926
-2570	923
-2568	920
-2567	916
-2566	913
-2566	910
-2565	906
-2563	903
-2562	900
-2561	897
-2561	893
-2560	890
-2559	887
-2557	884
-2556	880
-2555	877
-2554	874
-2553	871
-2552	867
-2550	864
-2549	861
-2547	858
-2547	854
-2546	851
-2544	848
-2543	845
-2542	842
-2541	838
-2540	835
-2539	832
-2537	829
-2537	825
-2536	822
-2535	819
-2533	816
-2533	812
-2532	809
-2530	806
-2529	802
-2528	799
-2527	796
-2526	793
-2526	789
-2523	786
-2522	783
-2521	780
-2520	777
-2519	773
-2518	770
-2517	767
-2516	763
-2515	760
-2513	757
-2511	754
-2511	751
-2511	747
-2510	744
-2508	741
-2507	737
-2506	734
-2505	731
-2504	727
-2503	724
-2502	721
-2501	718
-2499	715
-2498	711
-2497	708
-2496	705
-2495	702
-2494	698
-2492	695
-2492	692
-2491	688
-2490	685
-2488	682
-2487	679
-2486	676
-2484	673
-2484	669
-2482	666
-2481	663
-2479	660
-2478	657
-2477	653
-2477	650
-2476	646
-2475	643
-2474	640
-2470	637
-2470	634
-2469	630
-2468	627
-2468	623
-2467	620
-2467	616
-2465	613
-2465	610
-2462	607
-2461	604
-2460	601
-2459	597
-2458	594
-2457	591
-2456	587
-2454	584
-2453	581
-2451	578
-2451	574
-2450	571
-2450	567
-2447	565
-2445	562
-2444	558
-2443	555
-2442	552
-2443	548
-2441	545
-2440	542
-2438	538
-2437	535
-2436	532
-2435	528
-2434	525
-2433	522
-2433	518
-2430	515
-2429	512
-2428	509
-2427	505
-2425	503
-2423	499
-2423	496
-2423	492
-2422	488
-2422	485
-2419	482
-2418	479
-2417	476
-2416	472
-2415	469
-2413	466
-2412	462
-2411	459
-2410	456
-2407	453
-2407	450
-2406	446
-2403	443
-2403	440
-2403	436
-2401	433
-2400	429
-2399	426
-2397	423
-2395	420
-2395	417
-2393	414
-2390	411
-2390	407
-2389	404
-2388	400
-2387	397
-2386	394
-2384	391
-2383	387
-2383	383
-2381	380
-2380	377
-2379	374
-2378	370
-2377	367
-2375	364
-2372	362
-2371	358
-2370	354
-2369	351
-2368	348
-2366	345
-2365	341
-2366	337
-2364	334
-2362	331
-2361	327
-2360	324
-2359	321
-2358	317
-2357	314
-2356	310
-2355	307
-2352	304
-2351	301
-2349	298
-2350	293
-2349	290
-2347	287
-2346	283
-2345	280
-2344	277
-2342	274
-2341	270
-2340	267
-2338	264
-2334	262
-2332	259
-2332	255
-2333	250
-2331	247
-2329	244
-2329	240
-2329	236
-2327	233
-2325	230
-2325	226
-2324	223
-2323	219
-2320	217
-2318	214
-2315	211
-2315	207
-2314	204
-2312	201
-2311	197
-2310	193
-2308	190
-2309	186
-2308	182
-2306	179
-2305	176
-2304	172
-2302	169
-2301	165
-2299	162
-2297	160
-2294	157
-2293	154
-2294	149
-2292	146
-2291	142
-2288	140
-2287	136
-2287	132
-2286	128
-2284	126
-2279	125
-2277	122
-2278	117
-2279	112
-2277	109
-2275	106
-2272	103
-2270	100
-2269	97
-2269	93
-2267	90
-2265	86
-2264	83
-2262	80
-2260	77
-2259	73
-2260	68
-2258	65
-2255	63
-2256	58
-2254	55
-2252	52
-2251	48
-2249	45
-2249	41
-2248	37
-2246	34
-2246	30
-2243	27
-2241	25
-2238	22
-2239	17
-2238	13
-2236	10
-2234	7
-2232	4
-2231	0
-2229	-3
-2228	-6
-2226	-9
-2223	-12
-2220	-14
-2220	-18
-2222	-25
-2222	-29
-2220	-32
-2217	-35
-2215	-38
-2214	-42
-2213	-46
-2212	-49
-2211	-53
-2210	-57
-2207	-59
-2206	-63
-2205	-67
-2204	-70
-2203	-74
-2201	-78
-2200	-81
-2198	-85
-2197	-88
-2195	-92
-2194	-95
-2192	-98
-2190	-101
-2187	-103
-2184	-106
-2183	-110
-2183	-114
-2182	-118
-2182	-123
-2181	-127
-2179	-131
-2177	-133
-2177	-138
-2177	-143
-2175	-146
-2173	-149
-2160	-143
-2147	-136
-2141	-136
-2137	-137
-2133	-138
-2158	-166
-2154	-167
-2149	-167
-2142	-166
-2140	-169
-2138	-173
-2137	-176
-2134	-179
-2131	-181
-2118	-174
-2104	-166
-2092	-160
-2081	-155
-2078	-156
-2074	-158
-2068	-157
-2058	-153
-2048	-149
-2041	-147
-2037	-148
-2036	-152
-2034	-155
-2029	-155
-2026	-157
-2027	-163
-2024	-165
-2021	-167
-2018	-169
-2015	-171
-2012	-173
-2009	-175
-2004	-175
-1982	-159
-1976	-158
-1974	-161
-1975	-166
-1982	-178
-1976	-177
-1961	-168
-1952	-164
-1948	-165
-1947	-168
-1947	-173
-1943	-174
-1939	-175
-1933	-174
-1927	-173
-1918	-169
-1911	-166
-1907	-167
-1904	-169
-1900	-170
-1897	-172
-1894	-174
-1891	-176
-1887	-177
-1881	-175
-1874	-173
-1867	-170
-1861	-169
-1854	-167
-1850	-168
-1846	-169
-1843	-170
-1842	-173
-1836	-173
-1833	-174
-1828	-174
-1824	-174
-1820	-175
-1817	-176
-1814	-179
-1809	-178
-1801	-175
-1787	-164
-1776	-157
-1768	-153
-1764	-153
-1761	-156
-1760	-159
-1766	-171
-1761	-170
-1759	-173
-1754	-172
-1749	-172
-1745	-172
-1741	-173
-1737	-173
-1735	-176
-1731	-176
-1728	-178
-1724	-178
-1718	-177
-1712	-175
-1706	-172
-1703	-174
-1699	-175
-1693	-173
-1684	-167
-1681	-169
-1676	-168
-1671	-168
-1669	-170
-1667	-172
-1664	-173
-1662	-176
-1662	-181
-1661	-185
-1658	-187
-1650	-182
-1643	-179
-1638	-178
-1634	-178
-1631	-179
-1629	-182
-1627	-184
-1623	-185
-1620	-186
-1614	-184
-1606	-179
-1596	-172
-1591	-170
-1587	-171
-1584	-172
-1577	-169
-1573	-168
-1570	-170
-1567	-172
-1564	-173
-1560	-173
-1560	-178
-1558	-180
-1554	-181
-1549	-179
-1543	-177
-1537	-174
-1535	-176
-1527	-171
-1514	-160
-1508	-156
-1503	-155
-1497	-153
-1492	-152
-1487	-151
-1483	-150
-1480	-150
-1478	-153
-1477	-156
-1475	-159
-1474	-163
-1474	-167
-1475	-175
-1472	-176
-1469	-176
-1464	-175
-1455	-168
-1449	-166
-1445	-165
-1442	-165
-1437	-165
-1434	-165
-1431	-167
-1429	-168
-1425	-169
-1420	-167
-1417	-167
-1414	-169
-1412	-171
-1410	-173
-1407	-174
-1400	-170
-1397	-171
-1392	-168
-1387	-168
-1384	-168
-1380	-168
-1376	-166
-1371	-166
-1368	-166
-1366	-168
-1364	-171
-1361	-171
-1358	-172
-1357	-176
-1355	-178
-1350	-177
-1347	-178
-1345	-179
-1342	-180
-1337	-179
-1332	-177
-1329	-177
-1326	-179
-1323	-179
-1320	-180
-1317	-181
-1314	-182
-1311	-182
-1307	-182
-1304	-182
-1295	-174
-1293	-176
-1290	-177
-1287	-177
-1283	-177
-1280	-178
-1277	-178
-1273	-178
-1270	-179
-1267	-179
-1264	-179
-1259	-177
-1256	-177
-1253	-179
-1250	-179
-1246	-178
-1243	-178
-1239	-178
-1236	-178
-1233	-179
-1229	-179
-1226	-179
-1222	-178
-1219	-179
-1216	-180
-1213	-180
-1210	-180
-1206	-180
-1203	-180
-1199	-180
-1195	-178
-1192	-179
-1189	-180
-1186	-179
-1182	-179
-1179	-179
-1175	-179
-1172	-179
-1170	-180
-1167	-180
-1162	-178
-1160	-180
-1156	-180
-1153	-179
-1148	-177
-1143	-174
-1141	-176
-1138	-177
-1135	-177
-1132	-177
-1129	-177
-1125	-177
-1122	-177
-1118	-176
-1115	-177
-1112	-177
-1109	-177
-1107	-178
-1104	-179
-1101	-179
-1098	-180
-1094	-179
-1091	-179
-1088	-179
-1085	-179
-1079	-175
-1073	-169
-1069	-168
-1067	-170
-1066	-173
-1064	-176
-1062	-178
-1060	-180
-1056	-177
-1051	-175
-1047	-174
-1045	-175
-1043	-176
-1041	-179
-1038	-180
-1036	-181
-1032	-181
-1029	-181
-1024	-177
-1020	-176
-1019	-180
-1016	-180
-1014	-180
-1011	-181
-1008	-181
-1005	-181
-1001	-180
-999	-181
-996	-181
-992	-181
-989	-179
-986	-180
-984	-183
-981	-183
-978	-182
-973	-179
-967	-171
-961	-167
-958	-166
-956	-168
-952	-167
-935	-138
-933	-139
-931	-140
-929	-143
-928	-147
-926	-150
-925	-152
-923	-155
-921	-157
-918	-158
-915	-156
-911	-155
-906	-149
-900	-143
-896	-141
-894	-142
-893	-146
-891	-148
-890	-152
-889	-157
-887	-160
-885	-162
-882	-161
-876	-155
-871	-149
-866	-145
-864	-145
-861	-145
-858	-144
-854	-144
-852	-145
-780	-2
-776	0
-774	0
-771	0
-769	0
-766	0
-763	0
-760	2
-757	4
-754	3
-753	1
-750	2
-747	3
-744	3
-741	4
-739	3
-737	2
-734	2
-732	2
-731	-1
-731	-10
-732	-17
-729	-18
-725	-12
-720	-7
-718	-7
-716	-11
-716	-17
-744	-126
-743	-130
-742	-135
-741	-139
-739	-141
-737	-143
-735	-143
-732	-144
-730	-145
-727	-146
-725	-148
-723	-147
-720	-148
-718	-150
-716	-151
-713	-152
-711	-153
-709	-154
-706	-154
-703	-154
-701	-155
-697	-150
-692	-145
-688	-142
-686	-143
-684	-145
-682	-146
-679	-147
-677	-148
-675	-149
-673	-152
-672	-156
-669	-157
-667	-158
-664	-157
-661	-155
-657	-153
-654	-152
-652	-152
-649	-150
-646	-149
-643	-149
-640	-149
-638	-150
-636	-151
-633	-152
-631	-154
-628	-154
-625	-152
-623	-153
-618	-146
-614	-140
-611	-139
-608	-139
-606	-141
-604	-142
-603	-146
-601	-150
-601	-159
-601	-168
-599	-169
-602	-189
-599	-189
-597	-189
-578	-133
-575	-133
-573	-133
-570	-132
-568	-133
-565	-134
-564	-136
-562	-142
-516	-5
-513	-5
-511	-4
-508	-5
-507	-7
-506	-12
-506	-21
-506	-31
-506	-40
-506	-50
-505	-57
-505	-68
-508	-87
-507	-95
-508	-106
-507	-114
-506	-120
-506	-128
-506	-141
-507	-153
-505	-158
-504	-162
-502	-164
-500	-168
-497	-168
-495	-169
-493	-170
-490	-171
-488	-171
-485	-171
-483	-172
-480	-172
-478	-173
-476	-173
-473	-173
-470	-174
-468	-172
-465	-173
-463	-172
-460	-172
-457	-171
-455	-173
-453	-173
-450	-173
-447	-172
-445	-172
-442	-172
-440	-172
-437	-170
-434	-171
-432	-172
-429	-171
-427	-172
-425	-173
-422	-173
-420	-173
-417	-171
-414	-172
-412	-172
-409	-172
-407	-172
-404	-173
-402	-173
-399	-173
-397	-173
-394	-171
-392	-171
-389	-171
-387	-172
-384	-172
-382	-173
-379	-172
-376	-170
-374	-171
-372	-171
-369	-172
-367	-172
-364	-172
-362	-171
-359	-170
-357	-171
-354	-172
-352	-172
-349	-172
-347	-171
-344	-171
-342	-172
-340	-175
-339	-185
-336	-186
-334	-186
-331	-186
-329	-185
-326	-184
-324	-185
-321	-184
-319	-184
-316	-185
-314	-184
-311	-184
-309	-185
-306	-185
-304	-184
-301	-185
-299	-184
-296	-185
-294	-185
-291	-185
-289	-184
-286	-184
-284	-185
-281	-184
-279	-184
-276	-185
-274	-185
-271	-180
-268	-176
-266	-176
-263	-175
-260	-174
-258	-175
-256	-175
-253	-174
-251	-174
-248	-173
-246	-173
-243	-172
-241	-172
-238	-173
-236	-172
-233	-171
-231	-170
-228	-171
-226	-170
-223	-170
-221	-171
-219	-172
-216	-175
-215	-185
-212	-185
-210	-184
-207	-184
-205	-184
-202	-183
-200	-184
-197	-185
-195	-184
-192	-183
-190	-184
-188	-185
-185	-185
-183	-184
-180	-184
-178	-184
-175	-184
-173	-184
-170	-186
-168	-186
-165	-186
-163	-186
-161	-186
-158	-186
-156	-187
-153	-186
-151	-186
-148	-185
-146	-184
-143	-184
-141	-185
-138	-186
-136	-187
-134	-187
-131	-187
-129	-186
-126	-186
-124	-186
-121	-185
-119	-186
-116	-186
-114	-186
-111	-186
-109	-186
-107	-186
-104	-187
-102	-186
-99	-185
-97	-185
-94	-184
-92	-184
-89	-185
-87	-185
-82	-185
-80	-185
-77	-186
-75	-186
-72	-185
-70	-185
-67	-186
-65	-186
-62	-186
-60	-186
-58	-186
-55	-186
-53	-187
-50	-186
-48	-185
-45	-185
-43	-185
-40	-186
-38	-187
-35	-187
-33	-186
-31	-186
-28	-186
-26	-185
-23	-185
-21	-185
-18	-184
-16	-183
-14	-183
-11	-183
-9	-184
-6	-184
-4	-185
-1	-185
1	-186
4	-186
6	-186
9	-187
11	-187
14	-185
16	-185
18	-185
21	-185
23	-186
26	-186
28	-186
31	-186
33	-185
36	-185
38	-186
41	-186
43	-186
45	-185
48	-185
50	-185
53	-185
55	-186
58	-186
60	-185
63	-185
65	-186
68	-186
70	-185
73	-186
75	-187
77	-186
80	-186
82	-186
85	-186
87	-186
90	-186
92	-186
95	-185
97	-185
100	-185
102	-186
105	-186
107	-186
109	-185
112	-185
114	-186
117	-187
120	-187
122	-187
124	-187
127	-186
129	-185
132	-185
134	-185
137	-186
139	-185
142	-184
144	-186
147	-185
149	-186
152	-186
154	-185
157	-185
159	-186
162	-186
164	-186
167	-186
169	-187
171	-186
174	-185
176	-186
179	-185
181	-185
184	-186
186	-186
189	-185
191	-185
194	-186
196	-186
199	-186
202	-187
204	-186
206	-186
209	-186
211	-185
214	-186
216	-185
219	-185
222	-188
224	-189
227	-187
229	-186
232	-186
234	-186
236	-185
239	-185
241	-185
244	-185
246	-185
249	-185
252	-186
254	-186
257	-185
259	-186
262	-185
264	-186
267	-186
269	-186
272	-186
274	-185
277	-186
279	-184
282	-185
284	-185
287	-186
289	-185
292	-185
294	-184
297	-184
299	-183
302	-185
305	-186
307	-186
310	-185
312	-184
315	-185
318	-186
320	-185
323	-186
325	-185
328	-185
330	-184
333	-186
335	-186
338	-185
339	-180
341	-176
343	-172
345	-171
348	-171
350	-172
353	-172
355	-172
358	-172
361	-173
363	-172
365	-172
368	-171
371	-172
373	-173
376	-172
379	-173
381	-173
384	-172
386	-173
389	-171
391	-172
394	-172
396	-171
399	-172
401	-171
404	-171
407	-172
409	-172
412	-173
415	-172
417	-172
420	-173
422	-172
425	-172
427	-172
430	-171
433	-171
435	-172
438	-171
440	-171
443	-172
446	-171
448	-172
451	-173
454	-173
456	-172
459	-172
461	-172
464	-172
467	-172
470	-173
472	-173
475	-172
477	-171
480	-172
483	-172
485	-171
488	-171
490	-172
493	-171
495	-170
497	-169
500	-168
502	-166
504	-164
505	-160
507	-157
508	-153
509	-145
509	-138
509	-129
510	-123
507	-108
508	-100
508	-93
508	-86
508	-77
508	-70
508	-62
508	-54
508	-47
508	-39
508	-31
508	-24
508	-15
508	-10
510	-7
512	-5
515	-8
596	-212
571	-134
574	-133
576	-133
579	-133
582	-134
585	-136
590	-140
605	-176
608	-177
610	-174
609	-165
608	-153
607	-145
609	-141
610	-137
612	-134
614	-134
617	-133
619	-132
621	-131
624	-131
627	-132
631	-136
636	-141
641	-147
646	-152
648	-151
650	-150
653	-150
656	-151
660	-152
663	-152
666	-153
669	-154
672	-154
675	-155
678	-156
680	-153
681	-149
682	-145
684	-143
686	-142
689	-142
692	-142
696	-145
701	-151
705	-154
708	-154
710	-152
713	-151
715	-150
717	-149
720	-149
723	-149
725	-148
727	-146
730	-145
733	-146
735	-145
738	-144
740	-142
742	-141
744	-139
746	-136
747	-131
747	-127
748	-122
749	-118
749	-113
749	-105
720	-18
721	-13
721	-9
723	-6
726	-7
729	-7
731	-6
733	-4
734	-2
736	1
738	1
741	1
744	-0
747	-0
750	0
752	0
755	0
758	1
760	2
763	1
766	0
769	0
771	2
775	-1
776	2
779	2
781	2
867	-144
871	-145
875	-148
880	-153
885	-157
890	-159
894	-161
895	-158
896	-153
896	-147
897	-144
899	-141
902	-142
905	-142
910	-145
917	-152
922	-156
925	-155
927	-154
930	-153
932	-152
936	-154
940	-155
943	-155
947	-157
956	-168
967	-180
973	-187
976	-187
979	-185
982	-185
985	-185
988	-185
991	-183
993	-183
996	-182
999	-181
1001	-179
1003	-176
1005	-175
1009	-176
1014	-178
1018	-180
1021	-180
1025	-181
1028	-180
1031	-180
1034	-179
1037	-179
1041	-181
1044	-180
1047	-179
1051	-180
1055	-181
1057	-179
1060	-179
1062	-176
1063	-173
1066	-173
1069	-172
1072	-170
1075	-170
1077	-169
1085	-175
1089	-176
1091	-175
1093	-173
1095	-171
1097	-169
1100	-167
1103	-166
1107	-167
1111	-168
1121	-180
1125	-181
1128	-179
1128	-174
1131	-174
1136	-175
1140	-176
1144	-178
1148	-179
1151	-177
1153	-176
1156	-175
1160	-176
1164	-177
1167	-176
1171	-176
1174	-176
1177	-174
1179	-172
1181	-170
1184	-170
1188	-170
1195	-175
1200	-178
1203	-177
1206	-176
1209	-175
1214	-177
1219	-179
1222	-179
1226	-179
1229	-179
1234	-179
1237	-179
1240	-178
1244	-178
1247	-178
1251	-178
1256	-180
1259	-180
1263	-180
1267	-179
1269	-178
1273	-178
1276	-177
1282	-180
1285	-180
1289	-179
1292	-179
1294	-176
1296	-173
1297	-171
1300	-170
1305	-170
1310	-173
1315	-174
1320	-176
1325	-178
1330	-179
1334	-180
1336	-177
1337	-174
1339	-171
1344	-172
1348	-173
1352	-173
1355	-172
1358	-171
1361	-170
1364	-169
1368	-168
1372	-169
1375	-168
1378	-167
1382	-166
1391	-173
1395	-173
1394	-167
1394	-162
1397	-161
1400	-160
1403	-158
1405	-156
1408	-155
1411	-153
1414	-152
1417	-152
1422	-152
1427	-154
1436	-160
1450	-172
1453	-171
1453	-166
1455	-164
1458	-162
1460	-160
1463	-158
1466	-157
1469	-156
1472	-155
1476	-154
1479	-154
1482	-153
1485	-151
1489	-150
1501	-160
1507	-162
1510	-161
1515	-162
1521	-164
1530	-169
1530	-165
1533	-163
1537	-163
1540	-161
1542	-159
1545	-157
1549	-157
1552	-156
1557	-157
1562	-158
1565	-156
1569	-156
1574	-156
1577	-155
1584	-158
1586	-155
1587	-152
1591	-151
1595	-151
1598	-150
1601	-147
1603	-145
1608	-145
1613	-146
1620	-149
1625	-150
1629	-149
1633	-149
1638	-149
1641	-148
1646	-148
1649	-147
1653	-146
1657	-146
1662	-147
1666	-146
1669	-144
1673	-143
1676	-142
1680	-142
1683	-139
1686	-138
1690	-137
1693	-135
1696	-134
1700	-134
1709	-138
1718	-143
1721	-141
1725	-139
1728	-138
1731	-137
1735	-136
1738	-134
1742	-133
1745	-132
1748	-130
1751	-128
1752	-125
1755	-123
1758	-121
1761	-120
1770	-123
1781	-130
1785	-129
1789	-128
1795	-129
1803	-132
1812	-136
1826	-145
1829	-143
1832	-141
1835	-139
1838	-137
1842	-136
1846	-135
1847	-131
1847	-127
1850	-125
1853	-123
1856	-121
1861	-121
1865	-120
1870	-120
1879	-123
1881	-121
1884	-119
1886	-116
1890	-115
1893	-113
1896	-111
1900	-109
1904	-109
1907	-107
1910	-105
1913	-103
1918	-103
1921	-101
1924	-99
1933	-102
1944	-107
1948	-106
1951	-104
1956	-104
1958	-101
1961	-99
1965	-98
1968	-95
1971	-93
1975	-92
1983	-94
1996	-101
2004	-103
2011	-105
2022	-110
2027	-109
2029	-106
2032	-104
2035	-101
2037	-99
2041	-97
2046	-97
2052	-97
2055	-95
2056	-91
2060	-90
2066	-90
2071	-89
2075	-88
2080	-88
2090	-90
2094	-90
2098	-88
2098	-83
2100	-80
2105	-80
2103	-73
2114	-77
2118	-76
2121	-74
2124	-71
2129	-71
2136	-71
2131	-63
2131	-58
2133	-55
2135	-52
2136	-48
2138	-45
2140	-42
2142	-39
2146	-37
2149	-35
2151	-32
2153	-29
2155	-25
2155	-21
2157	-18
2157	-14
2157	-9
2158	-5
2159	-1
2160	3
2161	6
2161	11
2160	17
2161	21
2162	24
2164	27
2165	31
2166	35
2167	39
2168	42
2164	49
2166	53
2167	56
2168	60
2169	64
2170	67
2172	70
2174	74
2174	78
2175	82
2177	85
2178	89
2179	92
2181	96
2182	99
2184	102
2184	106
2184	111
2184	115
2186	118
2188	121
2190	124
2190	128
2190	133
2192	136
2193	139
2193	144
2194	147
2197	149
2198	153
2197	158
2198	162
2200	165
2201	169
2201	173
2203	176
2205	179
2206	182
2207	186
2209	189
2209	193
2211	196
2212	200
2214	203
2214	207
2212	213
2214	216
2215	219
2217	222
2218	225
2220	229
2221	232
2222	235
2224	238
2228	240
2232	242
2234	244
2237	247
2240	249
2243	251
2246	254
2250	256
2251	259
2249	264
2250	268
2252	271
2252	275
2251	280
2253	283
2254	286
2254	290
2255	294
2256	297
2256	302
2257	305
2259	308
2259	312
2259	316
2260	320
2262	323
2262	327
2262	331
2264	334
2265	337
2265	342
2266	345
2267	349
2267	352
2267	356
2268	360
2267	365
2268	368
2269	371
2270	375
2271	378
2272	382
2272	386
2272	390
2272	394
2273	397
2274	401
2275	404
2276	408
2276	411
2277	415
2278	418
2279	422
2280	425
2281	429
2280	433
2282	436
2283	440
2282	444
2281	448
2282	452
2283	455
2284	458
2285	462
2286	465
2286	469
2285	474
2285	477
2285	481
2285	485
2287	488
2287	492
2289	495
2290	498
2292	501
2292	505
2291	509
2291	513
2291	517
2292	520
2293	524
2293	528
2292	532
2292	535
2294	539
2294	542
2294	546
2295	550
2295	553
2297	556
2297	560
2297	564
2298	567
2300	570
2299	574
2300	577
2300	581
2299	585
2300	589
2301	592
2303	595
2302	599
2302	603
2302	606
2304	609
2304	613
2306	616
2308	619
2308	622
2308	626
2308	630
2307	634
2307	638
2307	641
2308	645
2308	648
2309	651
2310	655
2310	658
2311	662
2314	664
2316	667
2316	671
2316	674
2317	677
2318	681
2316	685
2316	689
2316	693
2317	696
2318	699
2317	703
2317	707
2319	710
2320	713
2321	716
2322	719
2321	723
2321	727
2320	731
2320	735
2322	738
2323	741
2324	744
2324	747
2323	752
2321	756
2321	760
2322	763
2323	766
2323	769
2324	773
2325	776
2326	779
2328	782
2329	785
2327	790
2328	793
2330	795
2332	798
2332	802
2332	805
2333	809
2334	812
2334	815
2333	819
2333	823
2336	825
2339	828
2340	831
2341	834
2342	837
2343	840
2344	844
2345	847
2346	850
2347	853
2348	856
2349	860
2349	863
2350	866
2349	870
2349	874
2351	876
2352	880
2353	883
2353	886
2354	889
2354	893
2356	896
2356	899
2356	903
2357	906
2357	910
2357	913
2358	916
2358	920
2359	923
2360	926
2360	930
2360	933
2361	936
2361	940
2361	943
2362	946
2362	950
2363	953
2364	956
2364	960
2365	963
2365	966
2365	970
2365	973
2365	977
2366	980
2367	983
2365	987
2366	990
2367	993
2368	996
2368	1000
2369	1003
2369	1006
2369	1010
2370	1013
2370	1016
2371	1020
2372	1023
2371	1026
2372	1029
2373	1033
2373	1036
2373	1039
2373	1043
2374	1046
2374	1049
2375	1052
2375	1056
2376	1059
2376	1062
2376	1066
2376	1069
2376	1073
2376	1076
2376	1079
2377	1083
2377	1086
2376	1089
2376	1093
2376	1096
2377	1100
2377	1103
2376	1106
2377	1110
2378	1113
2379	1116
2379	1119
2381	1122
2383	1125
2384	1128
2383	1132
2382	1135
2384	1138
2383	1142
2384	1145
2386	1148
2387	1151
2388	1154
2390	1157
2390	1161
2389	1164
2390	1167
2390	1171
2390	1174
2390	1177
2391	1180
2391	1184
2390	1187
2390	1191
2389	1194
2390	1197
2391	1200
2391	1204
2392	1207
2394	1210
2394	1213
2395	1216
2395	1220
2395	1223
2396	1226
2396	1229
2397	1233
2396	1236
2396	1239
2397	1243
2397	1246
2398	1249
2397	1252
2399	1256
2400	1259
2401	1262
2402	1265
2400	1269
2401	1272
2401	1275
2401	1278
2399	1282
2402	1285
2402	1288
2403	1291
2403	1295
2405	1298
2404	1301
2406	1304
2405	1307
2405	1311
2405	1314
2407	1317
2406	1321
2407	1324
2407	1327
2408	1330
2407	1334
2408	1337
2408	1340
2409	1343
2410	1346
2410	1350
2409	1353
2409	1356
2409	1360
2409	1363
2411	1366
2411	1369
2411	1373
2410	1376
2412	1379
2412	1382
2411	1386
2412	1389
2413	1392
2413	1395
2413	1399
2413	1402
2412	1405
2413	1408
2412	1412
2414	1415
2415	1418
2415	1421
2416	1425
2416	1428
2416	1431
2417	1434
2416	1438
2415	1441
2416	1444
2416	1447
2415	1451
2415	1454
2417	1457
2417	1460
2417	1464
2418	1467
2418	1470
2419	1473
2420	1477
2421	1480
2421	1483
2421	1486
2422	1490
2422	1493
2422	1496
2423	1499
2425	1502
2425	1506
2426	1509
2426	1512
2426	1515
2427	1519
2427	1522
2427	1525
2428	1528
2429	1532
2429	1535
2428	1538
2428	1541
2428	1545
2428	1548
2429	1551
2429	1554
2430	1558
2429	1561
2429	1564
2430	1567
2430	1571
2431	1574
2431	1577
2430	1581
2431	1584
2432	1587
2432	1590
2432	1594
2432	1597
2432	1600
2432	1603
2433	1607
2433	1610
2433	1613
2433	1616
2433	1620
2435	1623
2436	1626
2436	1629
2436	1633
2435	1636
2435	1639
2435	1642
2435	1646
2435	1649
